file,wc,nodes,edges,re,pe,l1,l2,l3,lcc,lsc,atd,density,diameter,asp,cc
CDMS-10-4A-JURAN-CorrEtiq.txt,20.0,16.5,19.0,0.47435897435897434,0.0,0.0,0.0,0.0,16.5,12.628205128205128,2.3154772724342862,0.14633515470619543,7.589743589743589,3.2898600959121325,0.00800593281362512
CDMS-10-5A-HEPIHO-CorrEtiq.txt,20.0,17.55793991416309,19.0,0.2145922746781116,0.02145922746781116,0.0815450643776824,0.02145922746781116,0.12446351931330472,17.55793991416309,11.206008583690988,2.1805564417909786,0.1311963135745009,9.699570815450643,4.079966585948927,0.01626711641701543
CDMS-10-5A-KSRAGU-CorrEtiq.txt,20.0,15.2,19.0,0.26,0.36,0.38,0.36,0.94,15.2,12.06,2.5083172807584573,0.16848750269338506,6.98,3.1171743158801983,0.12511746749982045
CDMS-10-5A-SROPU-CorrEtiq.txt,20.0,16.414285714285715,19.0,0.18571428571428572,0.2571428571428571,0.4714285714285714,0.2571428571428571,0.0,16.414285714285715,12.471428571428572,2.3252470988395357,0.1444001446732539,8.042857142857143,3.497519509828223,0.0013650793650793651
CDMS-10-5A-SZURO-CorrEtiq.txt,20.0,18.52173913043478,19.0,0.0,0.0,0.043478260869565216,0.0,0.0,18.52173913043478,8.978260869565217,2.0552429667519183,0.11742682580278489,11.695652173913043,4.741688914314772,0.0
CDMS-10-5B-SRAJA-CorrEtiq.txt,20.0,15.84,19.0,1.0933333333333333,0.84,0.21333333333333335,0.5466666666666666,1.5066666666666666,15.84,10.76,2.4333939763939765,0.15002623302623302,8.506666666666666,3.6428883559967153,0.07558116092590883
CDMS-10-5C-DAAUSA-CorrEtiq.txt,20.0,15.620689655172415,19.0,0.4482758620689655,0.896551724137931,1.3793103448275863,0.896551724137931,0.0,15.620689655172415,9.655172413793103,2.4451664573875527,0.14694830186716598,8.655172413793103,3.6641096226288927,0.01496647509578544
CDMS-10-5C-ICAPA-CorrEtiq.txt,20.0,15.818181818181818,19.0,0.2727272727272727,0.0,2.0454545454545454,0.0,0.18181818181818182,15.818181818181818,8.636363636363637,2.425555571879101,0.148133973869268,9.136363636363637,3.811607510136922,0.027464202464202468
CDMS-10-5C-JFALGI-CorrEtiq.txt,20.0,16.46511627906977,19.0,0.3488372093023256,0.06976744186046512,0.0,0.046511627906976744,0.0,16.46511627906977,13.581395348837209,2.317998284585152,0.14775547070348713,7.255813953488372,3.2054184907180088,0.016185400516795866
CDMS-10-5C-MAORTO-CorrEtiq.txt,20.0,16.442857142857143,19.0,0.8857142857142857,1.4857142857142858,0.2714285714285714,0.5428571428571428,0.8857142857142857,16.442857142857143,9.557142857142857,2.358559115954074,0.1432754850191825,9.2,3.938975017316459,0.056904981020748376
CDMS-10-5C-NBEMO-CorrEtiq.txt,20.0,16.142857142857142,19.0,0.45714285714285713,1.1714285714285715,1.0857142857142856,0.7142857142857143,0.0,16.142857142857142,8.8,2.388263048809267,0.14094076767009098,10.085714285714285,4.100338340464391,0.0
CDMS-10-6B-ASCACO-CorrEtiq.txt,20.0,17.764705882352942,19.0,0.0,0.0,0.0,0.0,0.0,17.764705882352942,11.176470588235293,2.141099577085736,0.12797962322183776,9.058823529411764,3.781774216394504,0.0
CDMS-10-6B-JJMOBE-CorrEtiq.txt,20.0,17.0,19.0,0.19402985074626866,0.05970149253731343,0.0,0.05970149253731343,0.8955223880597015,17.0,12.701492537313433,2.249326546539014,0.14036807987642053,8.432835820895523,3.7372317384262304,0.08654894876690311
CDMS-11-4A-GACHSA-CorrEtiq.txt,20.0,17.198019801980198,19.0,0.297029702970297,0.0,0.504950495049505,0.0,0.26732673267326734,17.198019801980198,8.722772277227723,2.220026855626739,0.13241931999480355,10.792079207920793,4.368086409481284,0.026898094221186823
CDMS-11-5A-EAARCA-CorrEtiq.txt,20.0,17.03157894736842,19.0,0.14736842105263157,0.2631578947368421,0.0,0.2631578947368421,0.30526315789473685,17.03157894736842,11.368421052631579,2.250746719740528,0.13966492002014244,8.957894736842105,3.8155894240642487,0.02021137402329353
CDMS-11-5A-MGTHAR-CorrEtiq.txt,20.0,15.333333333333334,18.523809523809526,0.9523809523809523,0.0,1.9523809523809523,0.0,0.0,14.0,9.380952380952381,2.42592549840449,0.15269928484214199,7.142857142857143,3.19457095969701,0.06182090364913494
CDMS-11-6A-DFVEBE-CorrEtiq.txt,20.0,16.06122448979592,19.0,0.04081632653061224,0.42857142857142855,0.673469387755102,0.3877551020408163,0.0,16.06122448979592,13.244897959183673,2.3735608529125933,0.14908586145080743,7.0,3.206706711988825,0.0
CDMS-11-6A-NMREPR-CorrEtiq.txt,20.0,17.6,18.76,0.36,0.16,0.013333333333333334,0.16,0.0,17.493333333333332,7.373333333333333,2.151256392615526,0.12775980801677397,10.893333333333333,4.4705895621406455,0.0
CDMS-11-6B-ARAHE-CorrEtiq.txt,20.0,16.741935483870968,19.0,0.0,0.2903225806451613,0.0,0.2903225806451613,0.41935483870967744,16.741935483870968,12.129032258064516,2.274963103520978,0.1431037468750941,7.532258064516129,3.3814678021746336,0.04546608654780531
CDMS-11-6B-AVROTO-CorrEtiq.txt,20.0,17.948275862068964,18.836206896551722,0.23275862068965517,0.15517241379310345,0.16379310344827586,0.15517241379310345,0.6551724137931034,17.146551724137932,7.0,2.109320546125286,0.12192051502996842,11.629310344827585,4.6694859153603945,0.06513687358891933
CDMS-11-6B-EAFESA-CorrEtiq.txt,20.0,15.565217391304348,19.0,1.2608695652173914,0.0,1.2753623188405796,0.0,0.7391304347826086,15.565217391304348,9.55072463768116,2.4625532301363506,0.1531604466387075,8.81159420289855,3.7699648573857756,0.03663030206508467
CDMS-11-6B-EFRGR-CorrEtiq.txt,20.0,14.935185185185185,19.0,1.8148148148148149,0.7037037037037037,0.39814814814814814,0.3055555555555556,3.638888888888889,14.935185185185185,9.37962962962963,2.6249411989608067,0.16882312495057594,8.62962962962963,3.6489549515671804,0.10030571267710787
CDMS-11-6B-EROCO-CorrEtiq.txt,20.0,16.133333333333333,19.0,0.0,0.0,0.0,0.0,0.23333333333333334,16.133333333333333,13.233333333333333,2.3617538126361657,0.15698801742919388,6.6,2.938586990351696,0.0185
CDMS-11-6B-JACUPE-CorrEtiq.txt,20.0,15.423076923076923,19.0,0.375,0.47115384615384615,1.4230769230769231,0.47115384615384615,0.14423076923076922,15.423076923076923,10.846153846153847,2.5157354429130447,0.16006056537730745,7.471153846153846,3.3302275832215997,0.025093815105834336
CDMS-11-6B-JDCHBA-CorrEtiq.txt,20.0,14.379310344827585,18.79310344827586,2.0,0.3103448275862069,0.896551724137931,0.3103448275862069,2.1551724137931036,13.362068965517242,8.293103448275861,2.7023562813116566,0.17321679616304364,7.0344827586206895,3.136879612386712,0.09258687714696842
CDMS-11-6B-JFSAHE-CorrEtiq.txt,20.0,17.020833333333332,19.0,0.5416666666666666,0.5625,0.0,0.3854166666666667,0.3333333333333333,17.020833333333332,9.364583333333334,2.247057121459695,0.13472753319163924,10.020833333333334,4.171407506716137,0.03239086896332607
CDMS-11-6B-JLPENA-CorrEtiq.txt,20.0,17.15,18.7625,0.375,0.0,0.0,0.0,0.4875,16.375,8.3625,2.207301925156027,0.1359938023792513,9.825,4.077290657828583,0.043558663048552757
CDMS-11-6B-JMARME-CorrEtiq.txt,20.0,17.271428571428572,19.0,0.6714285714285714,1.3,0.6714285714285714,0.45714285714285713,0.0,17.271428571428572,6.714285714285714,2.2469837422148347,0.12829463253833004,12.157142857142857,4.856164065307143,0.0017063492063492064
CDMS-11-6B-JPSAMA-CorrEtiq.txt,20.0,16.75,19.0,0.35,0.75,0.6,0.4,0.85,16.75,11.25,2.283169934640523,0.1352952847805789,9.8,3.963894294559929,0.06822712418300654
CDMS-11-6B-LESTA-CorrEtiq.txt,20.0,15.363636363636363,19.0,1.0,0.0,0.8181818181818182,0.0,0.9090909090909091,15.363636363636363,10.181818181818182,2.485186055774291,0.16102280072868308,7.878787878787879,3.430589018824313,0.05853726611079552
CDMS-11-6B-MAGIMU-CorrEtiq.txt,20.0,16.76923076923077,19.0,0.019230769230769232,0.0,0.0,0.0,0.3269230769230769,16.76923076923077,11.384615384615385,2.2723227752639517,0.1447811175752352,8.096153846153847,3.526137340901273,0.06909984079101726
CDMS-11-6B-MEBRTA-CorrEtiq.txt,20.0,16.238095238095237,19.0,1.619047619047619,0.0,0.9047619047619048,0.0,0.0,16.238095238095237,10.80952380952381,2.3449891067538124,0.13633786848072563,8.857142857142858,3.8086156684896175,0.0
CDMS-11-6B-MMAMO-CorrEtiq.txt,20.0,17.145251396648046,19.0,0.4301675977653631,0.5307262569832403,0.4245810055865922,0.3128491620111732,0.09497206703910614,17.145251396648046,10.670391061452515,2.240875864742115,0.13220295212529332,9.759776536312849,4.106246519823409,0.009039220902513705
CDMS-11-6B-RSECA-CorrEtiq.txt,20.0,15.469696969696969,19.0,1.0606060606060606,1.8484848484848484,0.2878787878787879,1.3636363636363635,0.6818181818181818,15.469696969696969,9.318181818181818,2.477279528750117,0.14776144764534857,8.909090909090908,3.7961941108999935,0.054205614193359286
CDMS-11-6B-SCAPA-CorrEtiq.txt,20.0,18.863636363636363,17.363636363636363,0.0,0.0,0.0,0.0,0.0,14.227272727272727,5.181818181818182,1.8433811802232853,0.10348688119585953,9.545454545454545,3.929852157958688,0.0
CDMS-11-6B-VZAPE-CorrEtiq.txt,20.0,17.10144927536232,19.0,0.13043478260869565,0.2608695652173913,0.0,0.2608695652173913,0.34782608695652173,17.10144927536232,10.73913043478261,2.2407165913559774,0.13837144668346715,8.420289855072463,3.7083952626993413,0.017643266398594613
CDMS-11-6B-YLNIME-CorrEtiq.txt,20.0,18.303030303030305,19.0,0.09090909090909091,0.0,0.0,0.0,0.7424242424242424,18.303030303030305,6.651515151515151,2.088495246583482,0.12150319723849136,12.878787878787879,5.094714802454741,0.08371550751259213
CDMS-11-7C-ICARE-CorrEtiq.txt,20.0,17.785714285714285,19.0,0.0,0.0,0.30357142857142855,0.0,0.19642857142857142,17.785714285714285,10.964285714285714,2.143793767507003,0.1265687195931004,10.178571428571429,4.291322822988844,0.016302180594460005
CDMS-11-7C-IMOIB-CorrEtiq.txt,20.0,17.215384615384615,19.0,0.15384615384615385,0.4,0.0,0.27692307692307694,0.46153846153846156,17.215384615384615,11.015384615384615,2.212694821518351,0.13381347410759176,8.984615384615385,3.8579182874229314,0.057635945066285624
CDMS-11-7C-SALMA-CorrEtiq.txt,20.0,17.0,19.0,0.3620689655172414,0.6206896551724138,0.0,0.3275862068965517,0.6724137931034483,17.0,9.793103448275861,2.2470387005376864,0.1370259951902954,9.844827586206897,4.10638567377251,0.07193555678976571
CDMS-11-7C-SPGAVE-CorrEtiq.txt,20.0,18.640625,19.0,0.015625,0.0,0.0,0.0,0.0,18.640625,9.15625,2.0433389501633985,0.11631689133986928,12.28125,4.944345948357413,0.007667824074074074
CDMS-12-5A-SRIGO-CorrEtiq.txt,20.0,16.2,19.0,0.26666666666666666,1.6666666666666667,0.0,1.6666666666666667,0.6666666666666666,16.2,9.466666666666667,2.3646218487394957,0.14107364313246668,8.8,3.8443672340731165,0.03286507936507936
CDMS-12-6A-FAROPA-CorrEtiq.txt,20.0,17.017857142857142,19.0,0.30357142857142855,0.6964285714285714,0.0,0.6964285714285714,0.6071428571428571,17.017857142857142,10.642857142857142,2.243580765639589,0.133656335341154,9.553571428571429,4.080250367690936,0.05294652583255525
CDMS-12-6A-JGIGA-CorrEtiq.txt,20.0,17.076923076923077,19.0,0.38461538461538464,1.0,0.0,1.0,0.3076923076923077,17.076923076923077,10.076923076923077,2.229323780794369,0.12884615384615386,10.0,4.132679738562091,0.05966925231631114
CDMS-12-6A-JSOTGU-CorrEtiq.txt,20.0,15.42608695652174,19.0,1.2956521739130435,0.22608695652173913,0.8,0.16521739130434782,1.434782608695652,15.42608695652174,9.773913043478261,2.519014218234167,0.15953665178392598,8.565217391304348,3.6520811200734475,0.060807442344526744
CDMS-12-6A-SROAL-CorrEtiq.txt,20.0,15.6875,19.0,0.8839285714285714,0.026785714285714284,0.3392857142857143,0.026785714285714284,0.8392857142857143,15.6875,10.9375,2.451681167805117,0.1575876140083073,7.160714285714286,3.2201038777982056,0.06614174504508763
CDMS-12-6B-IJDAGA-CorrEtiq.txt,20.0,17.31304347826087,19.0,0.3565217391304348,0.46956521739130436,0.6173913043478261,0.3217391304347826,0.3652173913043478,17.31304347826087,9.773913043478261,2.210858401331547,0.12814604877332028,10.721739130434782,4.3580337590648535,0.022330349531116792
CDMS-12-6B-SCLAG-CorrEtiq.txt,20.0,16.0,19.0,1.0204081632653061,0.7448979591836735,0.5816326530612245,0.46938775510204084,0.3979591836734694,16.0,10.5,2.440372342743291,0.15096257529599286,9.010204081632653,3.8400393050642623,0.04050987339102585
CDMS-12-7C-ARAHE-CorrEtiq.txt,20.0,16.09090909090909,19.0,0.045454545454545456,0.13636363636363635,0.0,0.09090909090909091,0.0,16.09090909090909,13.090909090909092,2.369778669043375,0.15698794669382907,6.363636363636363,2.9325258891435366,0.0
CDMS-12-7C-CATRAR-CorrEtiq.txt,20.0,18.235294117647058,19.0,0.0,0.0,0.0,0.0,0.5,18.235294117647058,6.588235294117647,2.089465590157632,0.12194348327566322,12.647058823529411,4.977996823084239,0.060906904901623524
CDMS-12-7C-DLOLO-CorrEtiq.txt,20.0,16.92222222222222,19.0,0.4,0.7444444444444445,0.14444444444444443,0.6444444444444445,0.03333333333333333,16.92222222222222,10.533333333333333,2.2697630020669237,0.13557095982792577,9.922222222222222,4.137314656256865,0.015298500881834216
CDMS-12-7C-JSZAOR-CorrEtiq.txt,20.0,16.08695652173913,19.0,0.45652173913043476,1.1304347826086956,0.34782608695652173,0.7608695652173914,0.0,16.08695652173913,11.347826086956522,2.372927069378476,0.14519550852671056,7.391304347826087,3.287341363524228,0.0
CDMS-12-7C-MAROBE-CorrEtiq.txt,20.0,18.03846153846154,19.0,0.2692307692307692,0.5538461538461539,0.0,0.2923076923076923,0.015384615384615385,18.03846153846154,9.8,2.11965291244703,0.12136915121078017,11.476923076923077,4.650792763903028,0.001248533601474778
CDMS-12-7C-VMAPA-CorrEtiq.txt,20.0,15.6875,19.0,0.625,0.5,1.0,0.4375,1.9375,15.6875,7.375,2.478627204086763,0.1553554997633945,10.4375,4.2087067038353805,0.09867864774114775
CDMS-12-7C-VQURA-CorrEtiq.txt,20.0,17.84285714285714,19.0,0.07142857142857142,0.0,0.0,0.0,0.08571428571428572,17.84285714285714,11.942857142857143,2.1415509537148196,0.12825050533033724,9.042857142857143,3.909615398116062,0.006736111111111111
CDMS-13-6B-ASUMO-CorrEtiq.txt,20.0,15.045454545454545,19.0,0.8863636363636364,0.0,0.8636363636363636,0.0,0.5909090909090909,15.045454545454545,11.136363636363637,2.5522896629514276,0.16787399691811455,7.659090909090909,3.309118863162981,0.03852715911539441
CDMS-13-6B-JDTAHE-CorrEtiq.txt,20.0,15.137254901960784,19.0,1.0196078431372548,0.0,0.35294117647058826,0.0,1.0,15.137254901960784,10.745098039215685,2.5430117556415133,0.169595475650839,7.098039215686274,3.149940323037209,0.05725224095610485
CDMS-13-7C-MVEAR-CorrEtiq.txt,20.0,17.617977528089888,19.0,0.2247191011235955,0.20224719101123595,0.0,0.20224719101123595,0.4606741573033708,17.617977528089888,10.134831460674157,2.1692377700143726,0.1288355480784256,10.719101123595506,4.3904865721933595,0.03378794184734805
CDMS-13-7C-RAIZAC-CorrEtiq.txt,20.0,17.5,19.0,0.0,0.0,0.0,0.0,0.6,17.5,9.0,2.174509803921569,0.13218954248366013,10.6,4.153680770553835,0.0731372549019608
CDMS-13-7C-SSOSLO-CorrEtiq.txt,20.0,16.074074074074073,19.0,0.3950617283950617,0.0,0.2716049382716049,0.0,0.8765432098765432,16.074074074074073,12.074074074074074,2.3778276331108574,0.15354963764549823,7.567901234567901,3.3544795456044163,0.10080242388631143
CDMS-14-10A-IMORTO-CorrEtiq.txt,20.0,17.137931034482758,19.0,0.10344827586206896,0.0,0.6551724137931034,0.0,0.0,17.137931034482758,11.724137931034482,2.222447599729547,0.13271354518819023,8.137931034482758,3.659905341446924,0.0
CDMS-14-10A-JCVANI-CorrEtiq.txt,20.0,16.3125,19.0,0.78125,1.3854166666666667,0.28125,0.7083333333333334,0.34375,16.3125,10.8125,2.359988063067107,0.14213269199482434,8.604166666666666,3.806966494386676,0.048800985716580085
CDMS-14-5A-LSDUCO-CorrEtiq.txt,20.0,16.89830508474576,19.0,0.1864406779661017,0.0,0.8813559322033898,0.0,0.3220338983050847,16.89830508474576,10.677966101694915,2.2546277833167165,0.13436753232366394,9.11864406779661,3.878862618493725,0.04141269973149335
CDMS-14-6B-KDCAHE-CorrEtiq.txt,20.0,16.50943396226415,19.0,0.2641509433962264,0.24528301886792453,0.3584905660377358,0.24528301886792453,0.6415094339622641,16.50943396226415,11.584905660377359,2.3092516251783732,0.1425336994981834,8.132075471698114,3.518246887531016,0.08186318552578263
CDMS-15-10A-AMALOS-CorrEtiq.txt,20.0,16.332631578947368,19.0,0.7726315789473684,0.4568421052631579,0.24,0.3157894736842105,0.4126315789473684,16.332631578947368,9.890526315789474,2.350961677813071,0.14407262523654896,9.016842105263159,3.825813770680644,0.044165707460151
CDMS-15-10A-JJMACH-CorrEtiq.txt,20.0,18.056818181818183,19.0,0.2159090909090909,0.3068181818181818,0.0,0.21022727272727273,0.29545454545454547,18.056818181818183,9.170454545454545,2.122036807147101,0.12298919905344054,11.835227272727273,4.810801939933132,0.030838826609192318
CDMS-15-10A-MAALCA-CorrEtiq.txt,20.0,18.7,19.0,0.0,0.0,0.0,0.0,0.0,18.7,11.3,2.0344444444444445,0.11522875816993464,11.4,4.6082215342277255,0.0
CDMS-15-10A-MAALRI-CorrEtiq.txt,20.0,17.073170731707318,19.0,0.36585365853658536,0.3048780487804878,0.4634146341463415,0.3048780487804878,0.4146341463414634,17.073170731707318,7.914634146341464,2.2415012753068706,0.13232727622499577,10.914634146341463,4.457491019514352,0.03570161804559222
CDMS-15-10A-SGOMO-CorrEtiq.txt,20.0,18.46031746031746,19.0,0.0,0.0,0.30158730158730157,0.0,0.0,18.46031746031746,9.444444444444445,2.062537607635647,0.11661534009315226,11.825396825396826,4.801661015283306,0.0
CDMS-15-10A-SHEGA-CorrEtiq.txt,20.0,17.141414141414142,19.0,0.31313131313131315,0.31313131313131315,0.0,0.25252525252525254,0.43434343434343436,17.141414141414142,9.525252525252526,2.233305039187392,0.13589941286019716,10.181818181818182,4.250722524045537,0.05385374520178442
CDMS-15-11B-JEMOLO-CorrEtiq.txt,20.0,16.70954356846473,19.0,0.946058091286307,0.27800829875518673,0.1991701244813278,0.1991701244813278,0.43983402489626555,16.70954356846473,8.535269709543568,2.2980207009923874,0.13701991181115827,10.489626556016598,4.314390960801363,0.01571002882480793
CDMS-15-11B-VSAHO-CorrEtiq.txt,20.0,16.923076923076923,19.0,0.5769230769230769,0.0,0.4230769230769231,0.0,1.6538461538461537,16.923076923076923,10.26923076923077,2.2723416289592757,0.1372010342598578,10.115384615384615,4.212419009439133,0.11895137542196367
CDMS-16-10A-SGALO-CorrEtiq.txt,20.0,16.375,19.0,0.6607142857142857,0.0,0.0,0.0,0.32142857142857145,16.375,11.982142857142858,2.3335984393757507,0.14788546828988006,7.910714285714286,3.5276325459333533,0.03240896358543417
CDMS-16-11B-NGABE-CorrEtiq.txt,20.0,17.40625,19.0,0.3333333333333333,0.0,0.19791666666666666,0.0,0.6979166666666666,17.40625,10.458333333333334,2.1925279139433553,0.13064344890002785,9.875,4.191876430762363,0.07260326934745633
CDMS-18-7C-VVECA-CorrEtiq.txt,20.0,16.459016393442624,18.770491803278688,0.29508196721311475,0.9836065573770492,0.0,0.8852459016393442,0.0,16.459016393442624,11.868852459016393,2.2869633099141295,0.13930755572510634,7.983606557377049,3.458118186324551,0.0
CDMS-8-4A-DBEVA-CorrEtiq.txt,20.0,17.84,19.0,0.54,0.0,0.38,0.0,0.26,17.84,8.68,2.148062091503268,0.12256437662784413,12.16,4.836606123151015,0.012598039215686275
CDMS-8-4A-DJAVDA-CorrEtiq.txt,20.0,16.1,19.0,0.7,0.0,1.3,0.0,0.0,16.1,10.65,2.384264256984845,0.14523216979099332,8.05,3.48976567550097,0.0
CDMS-8-4A-DOSTR-CorrEtiq.txt,20.0,16.81578947368421,19.0,0.3684210526315789,0.0,0.03508771929824561,0.0,0.41228070175438597,16.81578947368421,12.219298245614034,2.2906282643511746,0.14540943232893697,8.385964912280702,3.620566425424255,0.031364751141122214
CDMS-8-4A-LGOPA-CorrEtiq.txt,20.0,16.67721518987342,19.0,0.46835443037974683,0.569620253164557,0.24050632911392406,0.4620253164556962,0.6455696202531646,16.67721518987342,10.791139240506329,2.2934215036225463,0.1385765770460288,9.082278481012658,3.9341195206451705,0.04507815890069108
CDMS-8-4C-JDBUTU-CorrEtiq.txt,20.0,16.48148148148148,19.0,0.0,0.6666666666666666,0.0,0.6666666666666666,0.6296296296296297,16.48148148148148,12.0,2.315026627935125,0.1449519313898399,7.2592592592592595,3.240329718632092,0.07215565238441056
CDMS-9-4A-ACDUTR-CorrEtiq.txt,20.0,16.17891373801917,18.99361022364217,0.8242811501597445,0.5878594249201278,0.24281150159744408,0.38977635782747605,0.2268370607028754,16.17891373801917,10.322683706070288,2.3764763760535232,0.14654854583909274,8.68370607028754,3.730655499957125,0.020587309310998468
CDMS-9-4A-CARGA-CorrEtiq.txt,20.0,16.07936507936508,19.0,0.6349206349206349,0.4444444444444444,0.30158730158730157,0.4126984126984127,0.19047619047619047,16.07936507936508,11.873015873015873,2.386625476401387,0.1486343540265109,8.015873015873016,3.487913554985647,0.022820794984660532
CDMS-9-4A-CRAAG-CorrEtiq.txt,20.0,17.066666666666666,19.0,0.15,0.016666666666666666,0.0,0.016666666666666666,0.2833333333333333,17.066666666666666,13.1,2.2482901493930907,0.14130464578993993,8.233333333333333,3.6374662066806027,0.04677166005291005
CDMS-9-4A-EROHI-CorrEtiq.txt,20.0,16.504065040650406,19.0,0.3902439024390244,0.2764227642276423,0.6178861788617886,0.2764227642276423,0.5772357723577236,16.504065040650406,10.422764227642276,2.3148355005959025,0.141284060007159,8.829268292682928,3.7621241780892163,0.061266034227126884
CDMS-9-4A-ILOSE-CorrEtiq.txt,20.0,17.34285714285714,18.84285714285714,0.5142857142857142,0.2571428571428571,0.0,0.2571428571428571,0.014285714285714285,16.428571428571427,12.17142857142857,2.1900061954606405,0.1295519314338421,8.485714285714286,3.708805786822152,0.009215686274509804
CDMS-9-4A-TGAFR-CorrEtiq.txt,20.0,15.127272727272727,19.0,1.0727272727272728,1.3272727272727274,0.0,0.6909090909090909,0.2,15.127272727272727,12.345454545454546,2.5289937513466927,0.16309239779828016,6.418181818181818,2.9595598845598845,0.0125053900348018
CDMS-9-4C-SCAMO-CorrEtiq.txt,20.0,17.30909090909091,18.78181818181818,0.0,0.0,0.0,0.0,0.32727272727272727,16.0,10.545454545454545,2.196184132345123,0.13792641139390366,8.763636363636364,3.654974490593686,0.028691919191919192
CDMS-9-5A-ABERO-CorrEtiq.txt,20.0,17.25,19.0,0.0,0.0,1.0,0.0,0.0,17.25,10.166666666666666,2.2055419389978215,0.128921568627451,8.583333333333334,3.7362200435729847,0.0
CDMS-9-5A-PAGACO-CorrEtiq.txt,20.0,15.719424460431656,19.0,0.4892086330935252,0.45323741007194246,0.4028776978417266,0.33093525179856115,0.841726618705036,15.719424460431656,11.517985611510792,2.4445790232713636,0.157832465574631,7.546762589928058,3.3553674288233393,0.08278033340249953
CDMS-9-5A-VVAAR-CorrEtiq.txt,20.0,15.5,19.0,0.0,1.0,2.0,1.0,0.8571428571428571,15.5,4.785714285714286,2.4568277310924365,0.14333733493397358,11.285714285714286,4.586184473789515,0.09672619047619047
CDMS-9-5C-JDMADE-CorrEtiq.txt,20.0,15.208333333333334,19.0,0.4583333333333333,0.6666666666666666,0.7083333333333334,0.6666666666666666,0.125,15.208333333333334,10.833333333333334,2.5112004417151477,0.1609111272714214,5.916666666666667,2.8201186885010414,0.011965811965811967
CDMS-9-5C-LVIZAC-CorrEtiq.txt,20.0,16.048192771084338,19.0,0.5542168674698795,0.21686746987951808,0.4578313253012048,0.21686746987951808,0.9397590361445783,16.048192771084338,11.891566265060241,2.394886116324812,0.15084338057406804,7.686746987951807,3.407723668463532,0.054699806243164555
CDMS-9-5C-MLOGO-CorrEtiq.txt,20.0,15.846153846153847,19.0,0.5,1.5288461538461537,0.3942307692307692,1.1538461538461537,0.6923076923076923,15.846153846153847,9.51923076923077,2.4214972700125417,0.14738622363056753,9.057692307692308,3.828353682880058,0.07368117625025893
CDMS-9-5C-SCAAG-CorrEtiq.txt,20.0,17.09090909090909,19.0,0.0,0.0,0.41818181818181815,0.0,0.2,17.09090909090909,12.818181818181818,2.237563449622273,0.138233694410165,8.6,3.6979240195648866,0.033916305916305914
CDMS-XX-10A-VGILO-CorrEtiq.txt,20.0,16.776470588235295,19.0,0.5647058823529412,0.21176470588235294,0.6705882352941176,0.21176470588235294,0.3058823529411765,16.776470588235295,8.964705882352941,2.2800483330587134,0.1343720927284941,10.458823529411765,4.2898936210190985,0.022947080793101555
CDMS-XX-5C-MJSARU-CorrEtiq.txt,20.0,17.666666666666668,19.0,0.0,0.0,0.0,0.0,0.05555555555555555,17.666666666666668,13.444444444444445,2.1540259622367466,0.1296477850399419,8.11111111111111,3.5693890226655967,0.007352941176470588
CDMS-XX-5C-MPCAQU-CorrEtiq.txt,20.0,16.653061224489797,19.0,0.10204081632653061,0.30612244897959184,0.0,0.30612244897959184,0.14285714285714285,16.653061224489797,13.591836734693878,2.2906962785114047,0.14415480477905449,7.6938775510204085,3.4407025466828336,0.014494408874660974
CDMS-XX-6A-MAGICA-CorrEtiq.txt,20.0,17.29787234042553,19.0,0.5638297872340425,0.19148936170212766,0.0,0.19148936170212766,0.24468085106382978,17.29787234042553,9.97872340425532,2.2098809600217613,0.13075658523092815,9.787234042553191,4.111827827004692,0.027788931766560054
CDMS-XX-6B-SPUCA-CorrEtiq.txt,20.0,17.28525641025641,19.0,0.46153846153846156,0.11538461538461539,0.0,0.11538461538461539,0.41346153846153844,17.28525641025641,9.756410256410257,2.2235448469328563,0.1347848839580502,10.471153846153847,4.3021476240643,0.03843671457576306
CSO-10-4A-ICAPA-CorrEtiq.txt,20.0,14.431818181818182,18.727272727272727,0.5,0.5227272727272727,1.5454545454545454,0.5227272727272727,0.7045454545454546,14.295454545454545,10.636363636363637,2.6075258075258074,0.17218217388671933,6.636363636363637,2.974694434353525,0.09481966446252162
CSO-10-4A-KCOMO-CorrEtiq.txt,20.0,15.56043956043956,19.0,0.5384615384615384,0.3956043956043956,0.7362637362637363,0.2087912087912088,0.5604395604395604,15.56043956043956,11.0,2.4636830274516117,0.1579197754052311,7.934065934065934,3.419262675484395,0.05873916233159931
CSO-10-4A-LRAVI-CorrEtiq.txt,20.0,15.74074074074074,19.0,0.0,0.9629629629629629,0.0,0.9629629629629629,0.48148148148148145,15.74074074074074,13.407407407407407,2.4203366531797905,0.1567917195368176,6.37037037037037,2.904998324115971,0.03337962962962963
CSO-10-4A-LSCAVA-CorrEtiq.txt,20.0,17.838709677419356,19.0,0.16129032258064516,0.27419354838709675,0.0,0.27419354838709675,0.27419354838709675,17.838709677419356,9.064516129032258,2.1396320893948975,0.12501054185114907,11.370967741935484,4.623787132283587,0.03476289850971515
CSO-10-5A-ACAVA-CorrEtiq.txt,20.0,18.064935064935064,19.0,0.2857142857142857,0.0,0.0,0.0,0.0,18.064935064935064,11.2987012987013,2.126230259003368,0.12519625565844053,10.844155844155845,4.538876810692379,0.007292112649255506
CSO-10-5A-ARACA-CorrEtiq.txt,20.0,16.423076923076923,19.0,0.07692307692307693,0.0,0.0,0.0,0.5,16.423076923076923,10.038461538461538,2.328505267984906,0.15224704280134144,8.557692307692308,3.6013304504299386,0.050708112386966625
CSO-10-5A-DABRZA-CorrEtiq.txt,20.0,16.033898305084747,19.0,0.4915254237288136,0.3050847457627119,0.5932203389830508,0.3050847457627119,1.576271186440678,16.033898305084747,7.11864406779661,2.417472684621239,0.15320302827780394,9.64406779661017,4.004078847373962,0.12782814375536208
CSO-10-5A-GZAMA-CorrEtiq.txt,20.0,15.830645161290322,19.0,1.0241935483870968,1.2903225806451613,0.3064516129032258,0.7580645161290323,0.6774193548387096,15.830645161290322,10.330645161290322,2.429151172462368,0.1483519958852027,8.612903225806452,3.741786962053116,0.07291156337268266
CSO-10-5A-IPECA-CorrEtiq.txt,20.0,16.5,19.0,0.4090909090909091,0.2727272727272727,1.1363636363636365,0.2727272727272727,0.8181818181818182,16.5,8.863636363636363,2.3303217207628975,0.13995669363316424,9.636363636363637,4.13383063015416,0.08675868657486305
CSO-10-5A-JANORO-CorrEtiq.txt,20.0,15.923076923076923,19.0,0.25,0.34615384615384615,0.36538461538461536,0.34615384615384615,0.9807692307692307,15.923076923076923,11.115384615384615,2.4012229004027645,0.15429860800335915,7.576923076923077,3.284596910756413,0.08914521512089385
CSO-10-5A-JBUVE-CorrEtiq.txt,20.0,17.013698630136986,19.0,0.3698630136986301,0.7945205479452054,0.2602739726027397,0.5616438356164384,0.3287671232876712,17.013698630136986,8.698630136986301,2.251340764616349,0.13393633829402946,11.082191780821917,4.470926157052583,0.02710235920852359
CSO-10-5A-JJSEMO-CorrEtiq.txt,20.0,16.390243902439025,19.0,0.2926829268292683,0.43902439024390244,0.0,0.43902439024390244,0.2926829268292683,16.390243902439025,11.75609756097561,2.325348432055749,0.14603165844198843,8.195121951219512,3.4980400915838508,0.03830014119468926
CSO-10-5A-JLCARI-CorrEtiq.txt,20.0,16.076923076923077,19.0,0.34615384615384615,0.0,1.3846153846153846,0.0,1.1923076923076923,16.076923076923077,8.615384615384615,2.3764328808446455,0.1444650937297996,9.23076923076923,3.842813150901386,0.1573543776484953
CSO-10-5A-MAARAN-CorrEtiq.txt,20.0,15.107142857142858,18.107142857142858,0.9285714285714286,0.0,1.8214285714285714,0.0,1.25,13.035714285714286,7.964285714285714,2.4198314582243152,0.15555170786263223,6.607142857142857,3.1016269444840874,0.18075871053549625
CSO-10-5A-MAOSMO-CorrEtiq.txt,20.0,16.676470588235293,19.0,0.11764705882352941,0.5294117647058824,0.2647058823529412,0.5294117647058824,0.0,16.676470588235293,10.352941176470589,2.290308672488603,0.14148462552441793,9.205882352941176,3.820280083137486,0.012296001734026944
CSO-10-5A-RVMOIB-CorrEtiq.txt,20.0,17.272727272727273,19.0,0.18181818181818182,0.0,0.0,0.0,0.5606060606060606,17.272727272727273,11.075757575757576,2.2148339133633255,0.13653000050058875,9.424242424242424,3.9666737602496123,0.04325338809987933
CSO-10-5A-SVHEES-CorrEtiq.txt,20.0,16.305084745762713,19.0,0.22033898305084745,0.4067796610169492,0.3389830508474576,0.4067796610169492,0.9322033898305084,16.305084745762713,11.0,2.348986374210701,0.14728168972934674,8.542372881355933,3.698077432441446,0.09329900564646515
CSO-11-5A-MDVOSPE-CorrEtiq.txt,20.0,16.875,19.0,0.84375,0.90625,0.0,0.46875,0.21875,16.875,8.375,2.2600337009803924,0.13393367763772177,10.84375,4.398986052754435,0.026805555555555558
CSO-11-5A-MTAGA-CorrEtiq.txt,20.0,14.785714285714286,19.0,1.0714285714285714,0.07142857142857142,0.8809523809523809,0.047619047619047616,0.047619047619047616,14.785714285714286,12.547619047619047,2.5815419757646647,0.16776982354713446,6.380952380952381,2.916246148809174,0.0040575396825396825
CSO-11-6A-CAPAMU-CorrEtiq.txt,20.0,16.357142857142858,19.0,0.8877551020408163,0.9183673469387755,0.4387755102040816,0.5714285714285714,0.12244897959183673,16.357142857142858,8.938775510204081,2.35514999872743,0.14308715993890062,9.846938775510203,4.082643871734508,0.021603535742191208
CSO-11-6A-DSCACH-CorrEtiq.txt,20.0,17.173076923076923,19.0,0.4230769230769231,0.0,0.038461538461538464,0.0,0.0,17.173076923076923,12.25,2.223658245349422,0.13527122387416507,8.76923076923077,3.770886515874906,0.0
CSO-11-6A-EROMO-CorrEtiq.txt,20.0,18.54054054054054,19.0,0.0,0.0,0.0,0.0,0.1891891891891892,18.54054054054054,10.216216216216216,2.0580595301183537,0.11840664193605371,11.702702702702704,4.784690960310155,0.023204822469528354
CSO-11-6A-FSOVRE-CorrEtiq.txt,20.0,16.424242424242426,19.0,0.0,0.5454545454545454,0.0,0.5454545454545454,0.3939393939393939,16.424242424242426,13.151515151515152,2.316765696177461,0.14609399315281668,6.7272727272727275,3.0576443708796646,0.04956550802139038
CSO-11-6B-ANREVA-CorrEtiq.txt,20.0,17.542857142857144,19.0,0.17142857142857143,0.5428571428571428,0.0,0.5428571428571428,0.0,17.542857142857144,10.571428571428571,2.1775210084033616,0.12772438800081437,10.4,4.343759363394481,0.0
CSO-11-6B-DISEMO-CorrEtiq.txt,20.0,12.411764705882353,18.941176470588236,2.6470588235294117,3.0294117647058822,2.3823529411764706,1.5294117647058822,2.2941176470588234,12.323529411764707,7.823529411764706,3.084255940138293,0.20194184900067252,6.176470588235294,2.861095114036291,0.33817318924461787
CSO-11-6B-LHFDLACH-CorrEtiq.txt,20.0,17.69158878504673,19.0,0.5327102803738317,0.16822429906542055,0.0,0.16822429906542055,0.0,17.69158878504673,8.532710280373832,2.1827484240760766,0.12858985282019916,11.485981308411215,4.692310113299089,0.004006766857234147
CSO-11-6B-RJGIHE-CorrEtiq.txt,20.0,17.0,19.0,0.25,0.0,0.25,0.0,0.0,17.0,8.0625,2.2473651960784315,0.1381171218487395,9.4375,4.112367084991892,0.0
CSO-11-6B-SFLVA-CorrEtiq.txt,20.0,15.794117647058824,19.0,1.161764705882353,1.5294117647058822,0.6764705882352942,0.5588235294117647,0.75,15.794117647058824,8.323529411764707,2.4460000855545836,0.1485926559023445,9.705882352941176,4.096249241359422,0.10693846398539306
CSO-11-6B-VCOMA-CorrEtiq.txt,20.0,16.939393939393938,19.0,0.2878787878787879,0.5454545454545454,0.0,0.5454545454545454,0.5909090909090909,16.939393939393938,10.712121212121213,2.256967433438022,0.1370246927135472,9.409090909090908,3.9786809538357524,0.04664820473644003
CSO-12-6A-DGISE-CorrEtiq.txt,20.0,16.528089887640448,19.0,0.5393258426966292,0.0,1.0224719101123596,0.0,0.3258426966292135,16.528089887640448,11.303370786516854,2.3122469327690744,0.13882872653526984,8.573033707865168,3.7643798919740754,0.03452026878166997
CSO-12-6A-FJOVRE-CorrEtiq.txt,20.0,15.606741573033707,19.0,0.6404494382022472,1.0449438202247192,0.6404494382022472,0.5617977528089888,0.34831460674157305,15.606741573033707,11.247191011235955,2.4618263611984696,0.15422082777632923,8.089887640449438,3.5513546079466,0.013160060912869899
CSO-12-6B-GQULO-CorrEtiq.txt,20.0,15.4,18.885714285714286,0.8285714285714286,0.2857142857142857,1.7142857142857142,0.2857142857142857,1.0285714285714285,15.114285714285714,9.142857142857142,2.483172397163994,0.15450113378684807,8.971428571428572,3.834769702752896,0.09236433804290947
CSO-12-6B-LJHEFE-CorrEtiq.txt,20.0,15.042553191489361,18.595744680851062,0.3404255319148936,0.3829787234042553,1.0,0.3829787234042553,1.0,14.97872340425532,10.297872340425531,2.4902832600579785,0.1652971559104225,7.191489361702128,3.2004154793891963,0.08245271867612293
CSO-12-6B-VPAMA-CorrEtiq.txt,20.0,16.166666666666668,19.0,1.3333333333333333,0.0,0.0,0.0,0.0,16.166666666666668,9.5,2.3579248366013075,0.14514472455648927,9.5,3.8171918767507003,0.0
CSO-12-7A-DALRE-CorrEtiq.txt,20.0,14.970588235294118,19.0,1.088235294117647,2.3529411764705883,0.38235294117647056,1.2941176470588236,0.5,14.970588235294118,9.970588235294118,2.5978295013329618,0.16067881560961148,7.823529411764706,3.3418205764772875,0.05014618403922655
CSO-12-7A-ESALA-CorrEtiq.txt,20.0,16.8,19.0,0.0,0.9454545454545454,0.0,0.9454545454545454,0.0,16.8,11.036363636363637,2.2724955436720142,0.13788852702165397,9.181818181818182,3.8452550493881765,0.0
CSO-12-7A-IMERO-CorrEtiq.txt,20.0,16.43859649122807,19.0,0.5701754385964912,0.15789473684210525,0.16666666666666666,0.15789473684210525,0.20175438596491227,16.43859649122807,10.807017543859649,2.333616327772675,0.1457251726601572,9.078947368421053,3.8173985213092267,0.03295150814585528
CSO-12-7A-JHEZA-CorrEtiq.txt,20.0,15.966666666666667,19.0,0.8666666666666667,0.35,0.15,0.18333333333333332,1.7833333333333334,15.966666666666667,11.516666666666667,2.397283002944768,0.151114881850176,7.95,3.4628061181737655,0.09495947303422794
CSO-12-7A-LSARAR-CorrEtiq.txt,20.0,17.0752688172043,19.0,0.26881720430107525,0.0,0.0,0.0,0.3225806451612903,17.0752688172043,13.408602150537634,2.2391868216820776,0.13888188029554255,8.182795698924732,3.6340065159899377,0.029187066733880874
CSO-12-7A-SCAHO-CorrEtiq.txt,20.0,16.6984126984127,19.0,0.15873015873015872,0.0,0.6031746031746031,0.0,0.7142857142857143,16.6984126984127,10.587301587301587,2.2925733256265466,0.1417875697287462,9.11111111111111,3.7871065400219166,0.06299961254343006
CSO-12-7B-DVAGRO-CorrEtiq.txt,20.0,16.692307692307693,19.0,0.6,0.47692307692307695,0.015384615384615385,0.47692307692307695,0.26153846153846155,16.692307692307693,9.215384615384615,2.3058116895673457,0.14030756322611526,9.215384615384615,3.9036598592326146,0.03604951546693628
CSO-12-7B-SMUGU-CorrEtiq.txt,20.0,16.895522388059703,19.0,0.6268656716417911,0.0,0.04477611940298507,0.0,0.3880597014925373,16.895522388059703,11.716417910447761,2.260427902504285,0.13794885730794423,8.970149253731343,3.85074372408137,0.049132972906366
CSO-12-7B-SSARA-CorrEtiq.txt,20.0,18.129411764705882,19.0,0.4,0.0,0.0,0.0,0.788235294117647,18.129411764705882,9.411764705882353,2.109938485198001,0.12189075630252101,11.870588235294118,4.836649336721273,0.03803315189164761
CSO-12-7B-VHOMA-CorrEtiq.txt,20.0,17.535714285714285,19.0,0.3392857142857143,0.5,0.0,0.5,0.25,17.535714285714285,8.696428571428571,2.1886637988528745,0.1282489598403464,10.946428571428571,4.5027641387189155,0.0257093253968254
CSO-12-8A-YTOME-CorrEtiq.txt,20.0,16.78409090909091,18.863636363636363,0.056818181818181816,0.18181818181818182,0.022727272727272728,0.18181818181818182,0.6818181818181818,16.78409090909091,11.636363636363637,2.2578505644682116,0.1423433388506918,8.965909090909092,3.8589053823283703,0.08087284252483556
CSO-13-6A-ANASA-CorrEtiq.txt,20.0,17.705263157894738,18.8,0.10526315789473684,0.18947368421052632,0.2,0.18947368421052632,0.30526315789473685,16.726315789473684,10.852631578947369,2.1324586750674417,0.1251640970330884,9.789473684210526,4.086916527247308,0.028494679466123166
CSO-13-6B-JETAVE-CorrEtiq.txt,20.0,16.372093023255815,18.77906976744186,0.3372093023255814,0.5348837209302325,0.0,0.5348837209302325,0.5930232558139535,16.302325581395348,11.174418604651162,2.3100804633123375,0.14502414859802001,8.372093023255815,3.646755385297577,0.07635304474602403
CSO-13-6B-LFMIES-CorrEtiq.txt,20.0,15.409090909090908,18.772727272727273,0.5,0.0,0.6363636363636364,0.0,0.8636363636363636,15.409090909090908,10.954545454545455,2.4567377883554355,0.16243413449295804,7.818181818181818,3.260642625348508,0.1380541973976848
CSO-13-6B-LJMAHU-CorrEtiq.txt,20.0,16.545454545454547,19.0,0.5454545454545454,0.8787878787878788,0.0,0.5,0.5454545454545454,16.545454545454547,10.424242424242424,2.323996564437741,0.14358927106605127,9.287878787878787,3.88050223913227,0.05593196790500712
CSO-13-7A-CAPAMU-CorrEtiq.txt,20.0,17.77777777777778,19.0,0.0,0.3333333333333333,0.0,0.3333333333333333,1.0,17.77777777777778,4.777777777777778,2.138707334785766,0.12527233115468409,13.777777777777779,5.272058823529412,0.08127572016460904
CSO-13-7A-CDDITR-CorrEtiq.txt,20.0,16.912280701754387,19.0,0.10526315789473684,0.7719298245614035,0.0,0.7017543859649122,0.24561403508771928,16.912280701754387,11.24561403508772,2.2553520238504756,0.13653065412068183,8.87719298245614,3.7741992149275836,0.026110346672782173
CSO-13-7A-JJATFL-CorrEtiq.txt,20.0,16.325,19.0,1.2,2.025,0.0,0.9,0.15,16.325,7.475,2.340140056022409,0.13675357322416146,10.75,4.380280875170581,0.021214994331065763
CSO-13-7A-KRAMA-CorrEtiq.txt,20.0,15.0,19.0,2.0,0.0,2.0,0.0,2.0,15.0,6.0,2.533333333333333,0.1523809523809524,9.25,3.8285714285714287,0.09555555555555556
CSO-13-7A-RXCHLU-CorrEtiq.txt,20.0,16.188034188034187,19.0,1.1623931623931625,0.5811965811965812,0.0,0.4358974358974359,0.9743589743589743,16.188034188034187,10.316239316239317,2.392845214112182,0.14708598897889996,8.854700854700855,3.7885223312229743,0.03736809996048306
CSO-13-7A-YAMEZA-CorrEtiq.txt,20.0,15.338983050847459,18.677966101694917,1.2542372881355932,0.3050847457627119,0.3220338983050847,0.3050847457627119,1.5593220338983051,15.23728813559322,8.59322033898305,2.5114695285590494,0.1642991375989749,7.966101694915254,3.467821941953495,0.06460958129844328
CSO-13-8A-KIGAGU-CorrEtiq.txt,20.0,17.236842105263158,19.0,0.5350877192982456,0.15789473684210525,0.16666666666666666,0.15789473684210525,0.32456140350877194,17.236842105263158,9.37719298245614,2.2239696463380674,0.1322786762028248,10.464912280701755,4.316456606673732,0.03840707271417852
CSO-13-8A-MBUAN-CorrEtiq.txt,20.0,18.007874015748033,19.0,0.5984251968503937,0.031496062992125984,0.5984251968503937,0.031496062992125984,0.0,18.007874015748033,8.181102362204724,2.1177358344912767,0.11869875592176365,12.31496062992126,4.937582444222336,0.0
CSO-13-8A-MGAAN-CorrEtiq.txt,20.0,17.351724137931033,19.0,0.13793103448275862,0.0,0.1310344827586207,0.0,0.3103448275862069,17.351724137931033,10.310344827586206,2.2028062719340613,0.1342966611932129,9.841379310344827,4.113090553918994,0.04724421262757977
CSO-13-8A-MGAHE-CorrEtiq.txt,20.0,15.941176470588236,19.0,0.0,2.7058823529411766,0.11764705882352941,2.7058823529411766,0.0,15.941176470588236,8.823529411764707,2.398153182841764,0.13779634184387415,9.529411764705882,3.9082393011185586,0.0
CSO-13-8A-MJAGA-CorrEtiq.txt,20.0,17.50793650793651,18.984126984126984,0.06349206349206349,0.0,0.5079365079365079,0.0,0.0,17.49206349206349,10.777777777777779,2.173692810457516,0.1283983768946175,9.19047619047619,3.945495605649667,0.0
CSO-13-8A-VHODU-CorrEtiq.txt,20.0,15.076923076923077,19.0,0.5384615384615384,0.6923076923076923,0.8461538461538461,0.38461538461538464,1.7692307692307692,15.076923076923077,7.0,2.582072753792211,0.17184614028505432,8.23076923076923,3.431062087736296,0.2480023703044065
CSO-13-8B-FCJISA-CorrEtiq.txt,20.0,16.294117647058822,19.0,0.38235294117647056,0.0,0.0,0.0,0.38235294117647056,16.294117647058822,11.5,2.3439013840830447,0.15142802218926787,8.382352941176471,3.519222110928995,0.039936974789915966
CSO-13-8B-JEMABE-CorrEtiq.txt,20.0,16.166666666666668,19.0,0.5,0.0,0.25,0.0,0.0,16.166666666666668,13.833333333333334,2.365834111422347,0.15110907610907612,7.416666666666667,3.277044428882664,0.04816633597883598
CSO-13-9B-DMLLLU-CorrEtiq.txt,20.0,18.615384615384617,18.384615384615383,0.0,0.0,0.23076923076923078,0.0,0.0,17.846153846153847,3.923076923076923,1.976158344579397,0.11082003651663094,13.0,5.087782049391956,0.0
CSO-14-7A-MVEBE-CorrEtiq.txt,20.0,16.76595744680851,19.0,0.3191489361702128,0.0,0.40425531914893614,0.0,0.3617021276595745,16.76595744680851,11.872340425531915,2.2863956930289846,0.1418834364078419,9.319148936170214,3.9422619479927956,0.06005448278602221
CSO-14-7B-EALHU-CorrEtiq.txt,20.0,17.05,19.0,0.5,1.1,0.0,0.75,0.0,17.05,8.3,2.23218954248366,0.12996732026143792,11.95,4.507614379084967,0.0
CSO-14-7B-EVEGO-CorrEtiq.txt,20.0,16.39047619047619,19.0,0.5523809523809524,0.18095238095238095,0.1619047619047619,0.18095238095238095,0.580952380952381,16.39047619047619,11.333333333333334,2.3400335689831486,0.14685557983877312,8.523809523809524,3.6989668201963646,0.04114770723104056
CSO-14-8A-MCIDOS-CorrEtiq.txt,20.0,17.4,19.0,0.0,0.16,0.0,0.16,0.34,17.4,9.72,2.190516339869281,0.1332091503267974,10.44,4.231715858273134,0.050142973856209146
CSO-14-8A-SZARA-CorrEtiq.txt,20.0,17.008403361344538,19.0,0.6638655462184874,0.4957983193277311,0.31932773109243695,0.35294117647058826,0.0,17.008403361344538,10.46218487394958,2.265011313726094,0.1332764463901129,9.957983193277311,4.1845291496552,0.0
CSO-14-8B-JLLORA-CorrEtiq.txt,20.0,14.944444444444445,19.0,0.8611111111111112,0.8888888888888888,1.1666666666666667,0.5277777777777778,0.9444444444444444,14.944444444444445,10.055555555555555,2.602922322775264,0.16829630064924184,7.972222222222222,3.469371197305924,0.11939194837479152
CSO-14-9A-AEDCAGO-CorrEtiq.txt,20.0,18.164383561643834,18.73972602739726,0.1506849315068493,0.2328767123287671,0.0,0.2328767123287671,0.7397260273972602,17.28767123287671,6.712328767123288,2.0689567223188243,0.11850104377247174,12.315068493150685,4.895633291811035,0.08802868182877938
CSO-14-9A-HASACA-CorrEtiq.txt,20.0,16.65714285714286,19.0,0.4785714285714286,0.12857142857142856,0.0,0.12857142857142856,0.6071428571428571,16.65714285714286,12.128571428571428,2.3217397215296374,0.14775112725742975,8.121428571428572,3.559492301091704,0.04173400322792185
CSO-14-9A-JSMAAL-CorrEtiq.txt,20.0,17.558441558441558,19.0,0.2987012987012987,0.0,0.4935064935064935,0.0,0.44155844155844154,17.558441558441558,8.883116883116884,2.185199534359198,0.12860454695925727,11.415584415584416,4.646730639256071,0.016636907288167795
CSO-14-9A-MARJA-CorrEtiq.txt,20.0,17.812244897959182,18.844897959183672,0.17142857142857143,0.17142857142857143,0.04897959183673469,0.1673469387755102,0.42448979591836733,17.42448979591837,9.289795918367346,2.126730426506442,0.12503653630335881,10.689795918367347,4.402460898585559,0.041846996703934214
CSO-14-9A-SORZU-CorrEtiq.txt,20.0,16.76551724137931,18.868965517241378,0.5310344827586206,0.43448275862068964,0.3586206896551724,0.31724137931034485,0.4,16.637931034482758,8.244827586206897,2.271434550971489,0.13684928501625418,10.341379310344827,4.228421593589737,0.024243773636775667
CSO-14-9B-ERAGA-CorrEtiq.txt,20.0,15.737704918032787,19.0,0.5655737704918032,0.4262295081967213,0.12295081967213115,0.319672131147541,0.45081967213114754,15.737704918032787,12.770491803278688,2.444467728243042,0.1592403257302004,6.737704918032787,3.1111101833872477,0.03228719682492585
CSO-14-9B-MFEGA-CorrEtiq.txt,20.0,15.971428571428572,19.0,0.8,1.542857142857143,0.5142857142857142,0.9428571428571428,0.0,15.971428571428572,8.685714285714285,2.439129959676178,0.1468191472393153,9.514285714285714,3.9912614701137477,0.0
CSO-15-10A-LJRAGU-CorrEtiq.txt,20.0,17.243243243243242,19.0,0.11711711711711711,0.16216216216216217,0.0,0.16216216216216217,0.36936936936936937,17.243243243243242,11.0,2.22158503040856,0.13690024866495454,9.72972972972973,4.022808415532874,0.04011540952717423
CSO-15-10A-MAARLO-CorrEtiq.txt,20.0,16.763157894736842,18.789473684210527,0.2894736842105263,0.34210526315789475,0.3157894736842105,0.34210526315789475,0.0,16.36842105263158,12.5,2.2619518252645188,0.13869639765843123,8.473684210526315,3.735896214796736,0.012654231733179101
CSO-15-10A-SFEGA-CorrEtiq.txt,20.0,17.491803278688526,19.0,0.0,0.0,0.18032786885245902,0.0,0.0,17.491803278688526,12.573770491803279,2.1756669881067183,0.13100825029465338,8.229508196721312,3.6313361755401043,0.0
CSO-15-10B-MEBUAR-CorrEtiq.txt,20.0,17.44047619047619,19.0,0.3333333333333333,0.19047619047619047,0.0,0.19047619047619047,0.30952380952380953,17.44047619047619,11.547619047619047,2.1881883308879106,0.13019746360082496,9.25,3.988651020462166,0.02530308882812384
CSO-15-10B-YVBUAN-CorrEtiq.txt,20.0,17.9010989010989,19.0,0.12087912087912088,0.3956043956043956,0.0,0.3956043956043956,0.08791208791208792,17.9010989010989,9.54945054945055,2.136062630180277,0.1242657251834607,11.197802197802197,4.588435536157783,0.011860769949005243
CSO-15-10C-ALBAHO-CorrEtiq.txt,20.0,17.323076923076922,19.0,0.16923076923076924,0.6461538461538462,0.07692307692307693,0.6461538461538462,0.6153846153846154,17.323076923076922,9.353846153846154,2.2040824534942183,0.12951674056937215,10.584615384615384,4.38841014678476,0.06699220713926596
CSO-15-10C-SSCAMO-CorrEtiq.txt,20.0,16.777196652719667,19.0,0.854602510460251,0.4445606694560669,0.4989539748953975,0.23117154811715482,0.6652719665271967,16.777196652719667,8.395397489539748,2.3049404445678747,0.13655386871355432,10.528242677824268,4.338759508064582,0.040412138755715095
CSO-15-11C-JETALO-CorrEtiq.txt,20.0,16.757062146892654,19.0,0.8587570621468926,0.2033898305084746,0.13559322033898305,0.2033898305084746,0.8757062146892656,16.757062146892654,10.457627118644067,2.2964403594264016,0.13776537287320725,9.525423728813559,4.040548354721624,0.03498572683900472
CSO-15-7B-JCRAGA-CorrEtiq.txt,20.0,19.833333333333332,19.0,0.0,0.0,0.0,0.0,0.0,19.833333333333332,4.0,1.9166666666666667,0.10185185185185186,17.333333333333332,6.666666666666667,0.0
CSO-15-8A-VBMABR-CorrEtiq.txt,20.0,17.177419354838708,19.0,0.4838709677419355,0.5806451612903226,0.1935483870967742,0.5806451612903226,0.0,17.177419354838708,10.016129032258064,2.2318943706514864,0.12997856754473153,10.129032258064516,4.21434706310368,0.0
CSO-15-8B-KEPOGO-CorrEtiq.txt,20.0,18.16216216216216,19.0,0.0945945945945946,0.0,0.0,0.0,0.10810810810810811,18.16216216216216,9.432432432432432,2.0991035152799857,0.12252914679385267,11.54054054054054,4.642481568255562,0.01412625861155273
CSO-15-9B-ALRIHE-CorrEtiq.txt,20.0,17.366412213740457,19.0,0.2748091603053435,0.549618320610687,0.0,0.4198473282442748,0.2824427480916031,17.366412213740457,10.244274809160306,2.1976986977997304,0.1300375620986308,9.648854961832061,4.059000423525511,0.03982123303318917
CSO-15-9B-AMSAGO-CorrEtiq.txt,20.0,19.055555555555557,19.0,0.0,0.0,0.16666666666666666,0.0,0.0,19.055555555555557,5.0,1.996296296296296,0.10973129992737835,14.666666666666666,5.708366777510225,0.0
CSO-15-9B-JCAPA-CorrEtiq.txt,20.0,17.168141592920353,19.0,0.6017699115044248,0.07964601769911504,0.0,0.07964601769911504,0.40707964601769914,17.168141592920353,10.601769911504425,2.2287143766060997,0.13394524816961048,9.734513274336283,4.093169221756991,0.04590908684024249
CSO-15-9B-KSBEJA-CorrEtiq.txt,20.0,16.983606557377048,18.9672131147541,0.5409836065573771,0.13114754098360656,0.09836065573770492,0.13114754098360656,0.0,16.934426229508198,11.40983606557377,2.2470347155255546,0.13596569775451164,8.672131147540984,3.685889567216015,0.0
CSO-15-9B-RMCHLU-CorrEtiq.txt,20.0,18.384615384615383,18.96923076923077,0.0,0.27692307692307694,0.0,0.27692307692307694,0.0,18.384615384615383,8.338461538461539,2.069720965309201,0.11800521288137387,12.107692307692307,4.839349580587971,0.0
CSO-15-9B-SJAGRO-CorrEtiq.txt,20.0,18.226190476190474,19.0,0.21428571428571427,0.0,0.0,0.0,0.0,18.226190476190474,9.369047619047619,2.096350762527233,0.12154222800231204,11.607142857142858,4.711861250348092,0.0
CSO-16-10A-JEGAHE-CorrEtiq.txt,20.0,17.0,18.806122448979593,0.3673469387755102,0.0,0.0,0.0,0.8061224489795918,16.836734693877553,9.040816326530612,2.2214302387621716,0.13716629508946435,9.581632653061224,3.978394370086573,0.09963042234437634
CSO-16-10A-MSACO-CorrEtiq.txt,20.0,17.954545454545453,19.0,0.0,0.0,0.4318181818181818,0.0,0.13636363636363635,17.954545454545453,9.590909090909092,2.124468954248366,0.1232033961910123,10.931818181818182,4.5015786737342465,0.014000297088532383
CSO-16-10A-SARI-CorrEtiq.txt,20.0,17.974358974358974,18.76923076923077,0.0,1.1025641025641026,0.0,1.1025641025641026,0.0,17.94871794871795,7.051282051282051,2.1039787439942237,0.11692186823170389,12.128205128205128,4.8237258168432255,0.0
CSO-16-10A-SMOUT-CorrEtiq.txt,20.0,17.06153846153846,18.923076923076923,0.2923076923076923,0.5846153846153846,0.046153846153846156,0.5846153846153846,0.15384615384615385,16.83076923076923,10.938461538461539,2.235834590246355,0.13362314156431804,9.169230769230769,3.9374884158999426,0.02649606167253226
CSO-16-10A-YKMUJO-CorrEtiq.txt,20.0,17.86046511627907,19.0,0.0,0.0,0.0,0.0,0.16279069767441862,17.86046511627907,10.627906976744185,2.137327101383189,0.12804757561939503,10.348837209302326,4.2674582603339175,0.019264262552566247
CSO-16-10B-JESUGU-CorrEtiq.txt,20.0,17.959183673469386,19.0,0.0,0.16326530612244897,0.0,0.16326530612244897,0.5510204081632653,17.959183673469386,10.918367346938776,2.1210417500333465,0.12463318660797652,10.26530612244898,4.291914836109882,0.05999566493263972
CSO-16-10B-LTVIFA-CorrEtiq.txt,20.0,20.0,19.0,0.0,0.0,0.0,0.0,0.0,20.0,1.0,1.9,0.1,19.0,7.0,0.0
CSO-16-10B-VVILI-CorrEtiq.txt,20.0,19.4,19.0,0.0,0.6,0.0,0.6,0.0,19.4,1.6,1.962222222222222,0.10327485380116959,18.0,6.752734778121775,0.0
CSO-16-10C-MAVAVE-CorrEtiq.txt,20.0,17.59036144578313,19.0,0.1686746987951807,0.03614457831325301,0.2289156626506024,0.024096385542168676,0.3373493975903614,17.59036144578313,9.975903614457831,2.183682521510303,0.13118894453054622,10.421686746987952,4.260068071421535,0.0312098521830728
CSO-16-11A-JAVABO-CorrEtiq.txt,20.0,16.539473684210527,19.0,0.34210526315789475,0.23684210526315788,0.5,0.23684210526315788,0.05263157894736842,16.539473684210527,12.947368421052632,2.304738562091503,0.14212584156469604,7.4868421052631575,3.3314140129736107,0.004244281045751634
CSO-16-11A-JDMUVA-CorrEtiq.txt,20.0,16.931818181818183,19.0,0.32954545454545453,0.26136363636363635,0.2159090909090909,0.26136363636363635,0.5795454545454546,16.931818181818183,11.25,2.2620119871958106,0.13713164522955545,9.079545454545455,3.836137915017559,0.040412594962227315
CSO-16-11A-VZAOR-CorrEtiq.txt,20.0,16.70909090909091,19.0,0.6363636363636364,0.05454545454545454,0.0,0.05454545454545454,0.07272727272727272,16.70909090909091,11.327272727272728,2.2887810881928528,0.1414022578728461,8.672727272727272,3.749133668189396,0.025819539937186997
CSO-16-11B-KRORE-CorrEtiq.txt,20.0,16.83783783783784,19.0,0.0,0.2702702702702703,0.1891891891891892,0.2702702702702703,0.5135135135135135,16.83783783783784,11.675675675675675,2.271121962298433,0.14101695425224836,8.054054054054054,3.4934610562319546,0.05575869987634693
CSO-16-11B-LLOZA-CorrEtiq.txt,20.0,17.697986577181208,18.87248322147651,0.11409395973154363,0.18791946308724833,0.2550335570469799,0.18791946308724833,0.3691275167785235,17.65771812080537,8.946308724832214,2.1408620495177937,0.1252291860417237,10.738255033557047,4.436769505961955,0.03536645999896878
CSO-16-11B-YAROMO-CorrEtiq.txt,20.0,17.227642276422763,19.0,0.5365853658536586,0.18699186991869918,0.15447154471544716,0.18699186991869918,0.13821138211382114,17.227642276422763,10.21951219512195,2.2393125021532483,0.13398755638995766,9.91869918699187,4.21004121968405,0.017531338475579458
CSO-16-9A-JALEMO-CorrEtiq.txt,20.0,16.64814814814815,19.0,1.3148148148148149,0.16666666666666666,0.2962962962962963,0.16666666666666666,0.5555555555555556,16.64814814814815,10.222222222222221,2.3609451490170446,0.1405760784845752,10.444444444444445,4.328445277950782,0.043034747900517305
CSO-16-9A-JPROSO-CorrEtiq.txt,20.0,18.0,19.0,0.176,0.288,0.0,0.152,0.272,18.0,9.208,2.1191098039215683,0.12318804855275443,11.464,4.639216934493096,0.03456545694301112
CSO-16-9A-JSMAGU-CorrEtiq.txt,20.0,16.12,19.0,0.17333333333333334,0.0,0.06666666666666667,0.0,0.5733333333333334,16.12,12.84,2.373939883645766,0.15716196222078574,6.866666666666666,3.1796657153189662,0.042702014652014654
CSO-16-9B-SJPAJI-CorrEtiq.txt,20.0,16.11111111111111,19.0,0.0,0.9629629629629629,0.8888888888888888,0.9629629629629629,0.0,16.11111111111111,8.851851851851851,2.363501573468894,0.14163813673617595,10.037037037037036,4.070781893004115,0.0
CSO-17-10A-YVGOCA-CorrEtiq.txt,20.0,17.262135922330096,19.0,0.36893203883495146,0.10679611650485436,0.18446601941747573,0.10679611650485436,0.10679611650485436,17.262135922330096,10.106796116504855,2.2147684316445027,0.13275305221862077,10.262135922330097,4.217203253561425,0.019827558855257315
CSO-17-10B-EHECO-CorrEtiq.txt,20.0,17.924050632911392,19.0,0.0379746835443038,0.0,0.0,0.0,0.12658227848101267,17.924050632911392,10.012658227848101,2.1304604120129067,0.1269046437140257,10.835443037974683,4.433834648671816,0.034275633600838365
CSO-17-10B-YCQUVE-CorrEtiq.txt,20.0,16.957142857142856,18.87142857142857,1.0,0.2571428571428571,0.9428571428571428,0.2571428571428571,0.9857142857142858,16.357142857142858,7.4714285714285715,2.260418245570833,0.13046898111471308,10.628571428571428,4.340183085379901,0.021896096533851633
CSO-17-11A-DJAPA-CorrEtiq.txt,20.0,16.771428571428572,19.0,0.6857142857142857,0.0,0.0,0.0,1.3714285714285714,16.771428571428572,10.228571428571428,2.2750513538748836,0.13999799919967987,9.228571428571428,3.848535519470946,0.09774427548797297
CSO-17-11A-JDAMO-CorrEtiq.txt,20.0,16.428571428571427,19.0,0.5584415584415584,0.3116883116883117,0.0,0.23376623376623376,0.12987012987012986,16.428571428571427,13.103896103896103,2.328462597160076,0.14597939408863778,7.415584415584416,3.3878634425184626,0.012772184631428327
CSO-17-11A-NPAHE-CorrEtiq.txt,20.0,18.11578947368421,19.0,0.0,0.0,0.12631578947368421,0.0,0.0,18.11578947368421,10.778947368421052,2.1034313725490197,0.12277813988014412,10.810526315789474,4.402988521354987,0.006667813324160074
CSO-17-11A-RLPAIG-CorrEtiq.txt,20.0,18.333333333333332,19.0,0.0,0.24,0.04,0.24,0.22666666666666666,18.333333333333332,9.746666666666666,2.0799869281045753,0.11887581699346406,11.933333333333334,4.824472766884532,0.024930818331231126
CSO-17-11A-SPUVA-CorrEtiq.txt,20.0,18.533333333333335,19.0,0.0,0.26666666666666666,0.0,0.26666666666666666,0.0,18.533333333333335,10.466666666666667,2.058300653594771,0.11642701525054466,12.533333333333333,5.181074418071322,0.0
CSO-17-11B-CDBEBU-CorrEtiq.txt,20.0,16.73076923076923,18.615384615384617,0.0,0.6923076923076923,0.7307692307692307,0.6923076923076923,0.0,16.153846153846153,9.576923076923077,2.228852438411262,0.13122800402212167,8.653846153846153,3.8331132354322404,0.0
CSO-17-11C-JDAAG-CorrEtiq.txt,20.0,18.263157894736842,19.0,0.05263157894736842,0.3157894736842105,0.0,0.3157894736842105,0.17543859649122806,18.263157894736842,10.052631578947368,2.0851823185414515,0.11889812249923054,11.87719298245614,4.816876535163157,0.022058509204440982
CSO-17-11C-MAPAMA-CorrEtiq.txt,20.0,17.422535211267604,19.0,0.0,0.0,0.2676056338028169,0.0,0.39436619718309857,17.422535211267604,7.985915492957746,2.2048550225435064,0.13585626377672774,11.070422535211268,4.460506927676509,0.043629004318839926
CSO-17-11C-MCAAG-CorrEtiq.txt,20.0,18.414285714285715,19.0,0.11428571428571428,0.2571428571428571,0.2714285714285714,0.2571428571428571,0.15714285714285714,18.414285714285715,8.271428571428572,2.072614379084967,0.1155640326305961,12.8,5.148413435549658,0.019229446164430685
CSO-17-11C-SARJA-CorrEtiq.txt,20.0,17.88372093023256,19.0,0.046511627906976744,0.8372093023255814,0.0,0.8372093023255814,0.0,17.88372093023256,10.674418604651162,2.1364645082839337,0.12123257299655887,10.093023255813954,4.31843022398678,0.0
CSO-18-11A-ADBAHO-CorrEtiq.txt,20.0,17.790123456790123,19.0,0.1111111111111111,0.0,0.0,0.0,0.0,17.790123456790123,11.222222222222221,2.143343016218833,0.12772532881465343,9.493827160493828,4.017613508474648,0.0
CSO-18-9B-MAMOLO-CorrEtiq.txt,20.0,16.59119496855346,19.0,0.49056603773584906,0.9245283018867925,0.4779874213836478,0.6477987421383647,0.23270440251572327,16.59119496855346,8.955974842767295,2.30902287378425,0.13670412856112957,9.924528301886792,4.124995177556659,0.014056361538326023
CSO-8-3A-AIPRBR-CorrEtiq.txt,20.0,16.387096774193548,19.0,0.7204301075268817,0.3870967741935484,0.0,0.3870967741935484,0.6021505376344086,16.387096774193548,10.24731182795699,2.3365260082527635,0.14453271796725306,8.473118279569892,3.6506071553459947,0.03318249701314217
CSO-8-3A-DAPAVA-CorrEtiq.txt,20.0,16.619718309859156,19.0,0.49295774647887325,0.2535211267605634,0.0,0.2535211267605634,0.14084507042253522,16.619718309859156,11.267605633802816,2.305216922449731,0.14356635033934123,8.19718309859155,3.5786901970687346,0.01102226101708289
CSO-8-3A-KVPECO-CorrEtiq.txt,20.0,17.545454545454547,19.0,0.18181818181818182,0.0,0.0,0.0,0.45454545454545453,17.545454545454547,12.363636363636363,2.172756981580511,0.13073380867498516,8.363636363636363,3.788324420677362,0.03520499108734403
CSO-8-4A-ARAGR-CorrEtiq.txt,20.0,17.115384615384617,19.0,0.34615384615384615,1.0769230769230769,0.36538461538461536,0.75,0.8653846153846154,17.115384615384617,6.288461538461538,2.2494943687534183,0.1319608986776765,12.903846153846153,5.048016233686929,0.10621163044441971
CSO-8-4A-JRAAR-CorrEtiq.txt,20.0,15.866666666666667,19.0,0.0,0.5333333333333333,1.0,0.5333333333333333,0.4666666666666667,15.866666666666667,12.4,2.396111111111111,0.14825396825396825,6.866666666666666,3.023015873015873,0.05348214285714285
CSO-9-2A-EXMOCO-CorrEtiq.txt,20.0,15.416666666666666,18.47222222222222,0.6944444444444444,0.0,0.8611111111111112,0.0,0.3888888888888889,15.416666666666666,8.944444444444445,2.413970239092788,0.15487098685628098,7.833333333333333,3.3859221252603606,0.04418109123991477
CSO-9-4A-AGAPE-CorrEtiq.txt,20.0,14.208333333333334,19.0,0.875,0.0,0.041666666666666664,0.0,1.0,14.208333333333334,11.666666666666666,2.7382116453807632,0.20452932824256354,4.833333333333333,2.4356199016125486,0.2162725333431741
CSO-9-4A-DKVIMO-CorrEtiq.txt,20.0,15.851063829787234,19.0,1.1063829787234043,0.0,0.0,0.0,0.3617021276595745,15.851063829787234,12.659574468085106,2.415381253428813,0.15437065715538809,6.829787234042553,3.1293059395061897,0.049453116216481144
CSO-9-4A-DSMOMU-CorrEtiq.txt,20.0,16.99014778325123,19.0,0.4482758620689655,0.08866995073891626,0.0,0.08866995073891626,0.43842364532019706,16.99014778325123,10.35960591133005,2.2499125910311073,0.13782043321307302,9.133004926108374,3.8605714401727003,0.051560019479228905
CSO-9-4A-DVGATO-CorrEtiq.txt,20.0,16.413793103448278,19.0,0.6379310344827587,1.0862068965517242,0.05172413793103448,0.646551724137931,0.08620689655172414,16.413793103448278,10.267241379310345,2.336908879378454,0.1425384590291978,8.879310344827585,3.809565641720414,0.012437936823712687
CSO-9-4A-EGCAMO-CorrEtiq.txt,20.0,17.17391304347826,18.58695652173913,0.1956521739130435,0.391304347826087,0.0,0.391304347826087,0.5652173913043478,16.17391304347826,8.826086956521738,2.180661932965406,0.13220092003239128,9.456521739130435,3.8245204676420186,0.059342495916984414
CSO-9-4A-FAGIGA-CorrEtiq.txt,20.0,17.46153846153846,19.0,0.15384615384615385,0.0,0.0,0.0,0.4423076923076923,17.46153846153846,12.384615384615385,2.189797906342024,0.13361907386228652,9.153846153846153,3.972665025991711,0.047940896444047705
CSO-9-4A-GSBRCO-CorrEtiq.txt,20.0,16.71014492753623,19.0,0.2318840579710145,0.2608695652173913,0.028985507246376812,0.2608695652173913,0.21739130434782608,16.71014492753623,12.579710144927537,2.2864352021001637,0.1429950649899499,8.246376811594203,3.591594936200536,0.028619438918884785
CSO-9-4A-KEMOCO-CorrEtiq.txt,20.0,14.409090909090908,19.0,1.1818181818181819,0.09090909090909091,1.8181818181818181,0.09090909090909091,1.2727272727272727,14.409090909090908,11.818181818181818,2.6620088245088245,0.17677625404898134,6.0,2.726476175339812,0.11647978014049443
CSO-9-4A-LCOMO-CorrEtiq.txt,20.0,17.104166666666668,19.0,0.3611111111111111,0.5,0.0,0.5,0.4166666666666667,17.104166666666668,10.125,2.235042211328976,0.1335676217368039,9.770833333333334,4.093665306034695,0.03624960014870146
CSO-9-4A-MLORO-CorrEtiq.txt,20.0,16.15714285714286,19.0,0.4714285714285714,0.7714285714285715,0.5428571428571428,0.65,0.38571428571428573,16.15714285714286,9.507142857142858,2.3659078631452584,0.1447276515194472,9.278571428571428,3.9071434471224387,0.06183031625348552
CSO-9-4A-MPAME-CorrEtiq.txt,20.0,16.0,19.0,1.0,0.0,2.0,0.0,1.0,16.0,9.0,2.375,0.14166666666666666,7.75,3.3916666666666666,0.12916666666666668
CSO-9-4A-NSARPA-CorrEtiq.txt,20.0,16.537037037037038,19.0,0.3888888888888889,0.0,0.0,0.0,0.16666666666666666,16.537037037037038,12.481481481481481,2.3052741466957154,0.14620681605975724,7.851851851851852,3.4490510954219245,0.013547214153150973
CSO-9-4A-SLOCA-CorrEtiq.txt,20.0,15.342465753424657,19.0,0.4794520547945205,1.8493150684931507,0.8082191780821918,1.6164383561643836,0.1643835616438356,15.342465753424657,10.712328767123287,2.501680967434392,0.1497795382162828,7.684931506849315,3.4370042080759244,0.014919819525983908
CSO-9-4A-YVDITR-CorrEtiq.txt,20.0,15.734177215189874,19.0,0.5063291139240507,0.5189873417721519,0.24050632911392406,0.46835443037974683,1.1139240506329113,15.734177215189874,11.594936708860759,2.446494621866923,0.16020732804053725,7.556962025316456,3.420384317014995,0.08708917614432984
