file,wc,nodes,edges,re,pe,l1,l2,l3,lcc,lsc,atd,density,diameter,asp,cc
CDMS-10-4A-JURAN,5.0,13.714285714285714,13.285714285714286,0.14285714285714285,0.0,0.0,0.0,0.0,6.571428571428571,1.0,1.938386893218826,0.15352119868926592,2.7142857142857144,1.6943310657596373,0.5654761904761905
CDMS-10-5A-HEPIHO,5.0,27.857142857142858,27.571428571428573,2.857142857142857,0.0,0.0,0.0,0.0,7.857142857142857,1.0,1.9611091553948694,0.06585880822334024,3.0,1.818552875695733,0.42244897959183675
CDMS-10-5A-KSRAGU,5.0,10.0,9.333333333333334,2.0,0.0,0.0,0.0,0.0,3.6666666666666665,1.0,1.8666666666666665,0.16296296296296298,1.6666666666666667,1.2,0.7777777777777778
CDMS-10-5A-SZURO,5.0,19.0,14.0,2.5,0.0,0.0,0.0,0.0,4.0,1.0,1.473684210526316,0.06725146198830409,2.0,1.35,0.7333333333333334
CDMS-10-5B-SRAJA,5.0,24.4,38.2,5.0,0.0,0.8,0.0,0.0,16.8,1.0,3.128194588020675,0.11350174463217941,5.4,2.444048065797292,0.5571198250255267
CDMS-10-5C-DAAUSA,5.0,29.5,29.5,2.0,0.0,0.0,0.0,0.0,12.5,1.0,1.9965437788018434,0.0653268475849121,6.0,2.881618381618382,0.295021645021645
CDMS-10-5C-ICAPA,5.0,14.0,11.0,1.0,0.0,0.0,0.0,0.0,4.0,1.0,1.5714285714285714,0.10989010989010989,2.5,1.5166666666666666,0.23333333333333334
CDMS-10-5C-JFALGI,5.0,16.333333333333332,12.333333333333334,0.6666666666666666,0.0,0.0,0.0,0.0,4.333333333333333,1.0,1.5137254901960784,0.09374416433239963,3.0,1.6777777777777778,0.15555555555555556
CDMS-10-5C-MAORTO,5.0,16.4,15.0,0.0,0.0,0.0,0.0,0.0,6.4,1.0,1.8364576599870717,0.12354234001292826,2.4,1.5811111111111111,0.6705820105820106
CDMS-10-5C-NBEMO,5.0,15.5,14.25,1.25,0.0,0.0,0.0,0.0,3.0,1.0,1.8465277777777778,0.11750430941607412,1.0,1.0,1.0
CDMS-10-6B-ASCACO,5.0,15.5,10.5,1.0,0.0,0.0,0.0,0.0,3.5,1.0,1.3361344537815125,0.082579185520362,2.0,1.25,0.26666666666666666
CDMS-10-6B-JJMOBE,5.0,32.0,28.0,0.0,0.0,0.0,0.0,0.0,13.0,1.0,1.75,0.056451612903225805,5.0,2.8076923076923075,0.4487179487179487
CDMS-11-4A-GACHSA,5.0,11.916666666666666,11.166666666666666,0.8333333333333334,0.0,0.0,0.0,0.0,5.083333333333333,1.0,1.8867965367965367,0.16407758907758907,2.5,1.53234126984127,0.6101355820105819
CDMS-11-5A-EAARCA,5.0,18.0,16.0,0.0,0.0,0.0,0.0,0.0,6.428571428571429,1.0,1.7706587898317223,0.10490476892511391,3.0,1.6756235827664399,0.5852418745275888
CDMS-11-5A-MGTHAR,5.0,14.0,22.5,4.5,0.0,0.0,0.0,0.0,9.0,1.0,3.2142857142857144,0.1978021978021978,3.0,1.8888888888888888,0.837037037037037
CDMS-11-6A-DFVEBE,5.0,19.0,23.0,3.0,0.0,0.0,0.0,0.0,9.0,1.0,2.4210526315789473,0.11695906432748537,3.0,1.8055555555555556,0.7195767195767195
CDMS-11-6A-NMREPR,5.0,21.0,14.5,0.0,0.0,0.0,0.0,0.0,5.5,1.0,1.3798627002288328,0.06963224926611654,3.0,1.8333333333333335,0.0
CDMS-11-6B-ARAHE,5.0,26.666666666666668,27.333333333333332,3.0,0.0,0.0,0.0,0.0,10.0,1.0,2.048888888888889,0.07145593869731802,3.6666666666666665,1.9924242424242424,0.4421115921115921
CDMS-11-6B-AVROTO,5.0,13.75,10.5,0.0,0.0,0.0,0.0,0.0,5.5,1.0,1.5243506493506493,0.1218031968031968,2.75,1.6833333333333333,0.4166666666666667
CDMS-11-6B-EAFESA,5.0,23.0,26.5,1.0,0.0,0.0,0.0,0.0,12.0,1.0,2.3038461538461537,0.10360323886639676,4.0,2.197202797202797,0.5811355311355311
CDMS-11-6B-EFRGR,5.0,27.0,20.0,0.0,0.0,0.0,0.0,0.0,4.0,1.0,1.4814814814814814,0.05698005698005698,2.0,1.3333333333333333,0.5833333333333334
CDMS-11-6B-EROCO,5.0,18.5,17.5,1.0,0.0,0.0,0.0,0.0,7.0,1.0,1.8976608187134503,0.10268317853457172,4.0,2.0,0.16833333333333333
CDMS-11-6B-JACUPE,5.0,21.666666666666668,22.666666666666668,1.6666666666666667,0.0,0.6666666666666666,0.0,0.0,6.333333333333333,1.0,2.018199233716475,0.0974285584480487,2.6666666666666665,1.612698412698413,0.46666666666666673
CDMS-11-6B-JDCHBA,5.0,15.8,16.2,1.8,0.0,0.0,0.0,0.0,6.4,1.0,1.9321637426900584,0.11885842056120695,3.4,1.725128205128205,0.2646153846153846
CDMS-11-6B-JFSAHE,5.0,11.857142857142858,8.571428571428571,0.0,0.0,0.0,0.0,0.0,4.142857142857143,1.0,1.4455068740783028,0.13444650587507728,2.0,1.4142857142857144,0.49523809523809526
CDMS-11-6B-JLPENA,5.0,14.8,12.0,2.2,0.0,0.0,0.0,0.0,4.4,1.0,1.63210407239819,0.09804460245636717,2.4,1.44,0.4833333333333334
CDMS-11-6B-JMARME,5.0,27.0,25.4,0.8,0.0,0.0,0.0,0.0,5.2,1.0,1.865856595511768,0.07009782044264803,2.2,1.4666666666666666,0.58
CDMS-11-6B-JPSAMA,5.0,18.5,14.5,1.0,0.0,0.0,0.0,0.0,4.0,1.0,1.5647058823529412,0.08359133126934984,2.0,1.3333333333333333,0.5833333333333334
CDMS-11-6B-LESTA,5.0,22.0,22.5,2.0,0.0,0.0,0.0,0.0,8.0,1.0,2.0351966873706004,0.08831168831168831,2.5,1.7857142857142856,0.3017857142857143
CDMS-11-6B-MAGIMU,5.0,17.5,20.5,2.0,0.0,0.0,0.0,0.0,7.0,1.0,2.34640522875817,0.12867647058823528,3.0,1.7555555555555555,0.8222222222222222
CDMS-11-6B-MMAMO,5.0,14.428571428571429,12.428571428571429,0.0,0.0,0.0,0.0,0.0,7.428571428571429,1.0,1.7654472856336212,0.1564657219936723,3.2857142857142856,1.9086167800453515,0.3059712773998488
CDMS-11-6B-RSECA,5.0,16.333333333333332,10.333333333333334,0.0,0.0,0.0,0.0,0.0,3.3333333333333335,1.0,1.2647058823529411,0.08251633986928104,1.6666666666666667,1.2222222222222223,0.6666666666666666
CDMS-11-6B-SCAPA,5.0,21.0,16.0,1.0,0.0,0.0,0.0,0.0,3.0,1.0,1.5238095238095237,0.07142857142857142,1.0,1.0,1.0
CDMS-11-6B-VZAPE,5.0,24.0,31.0,3.0,0.0,0.0,0.0,0.0,14.0,1.0,2.5833333333333335,0.10144927536231885,5.0,2.3846153846153846,0.653968253968254
CDMS-11-6B-YLNIME,5.0,22.666666666666668,17.0,0.3333333333333333,0.0,0.0,0.0,0.0,5.0,1.0,1.4860869565217392,0.06742713172919122,3.0,1.711111111111111,0.2037037037037037
CDMS-11-7C-ICARE,5.0,16.666666666666668,12.0,1.0,0.0,0.0,0.0,0.0,3.3333333333333335,1.0,1.3842203548085903,0.08179696120872591,1.6666666666666667,1.1666666666666667,0.5111111111111111
CDMS-11-7C-IMOIB,5.0,19.142857142857142,15.857142857142858,0.5714285714285714,0.0,0.0,0.0,0.0,6.428571428571429,1.0,1.6514253548309274,0.08864505929963692,3.142857142857143,1.7789115646258504,0.39013605442176874
CDMS-11-7C-SALMA,5.0,17.0,13.0,0.0,0.0,0.0,0.0,0.0,7.0,1.0,1.5294117647058822,0.09558823529411764,4.0,1.9523809523809523,0.35714285714285715
CDMS-11-7C-SPGAVE,5.0,26.333333333333332,24.666666666666668,0.3333333333333333,0.0,0.3333333333333333,0.0,0.0,7.666666666666667,1.0,1.8760439560439561,0.07227513227513227,3.3333333333333335,1.8317460317460317,0.4480952380952381
CDMS-12-6A-JSOTGU,5.0,24.666666666666668,20.0,3.3333333333333335,0.0,0.0,0.0,0.0,5.0,1.0,1.619184455391352,0.057966254967754226,4.0,2.0,0.0
CDMS-12-6A-SROAL,5.0,19.333333333333332,18.0,1.6666666666666667,0.0,0.0,0.0,0.0,5.333333333333333,1.0,1.8513931888544892,0.09241352043209627,3.3333333333333335,1.7396825396825397,0.11904761904761905
CDMS-12-6B-IJDAGA,5.0,25.5,31.25,2.75,0.0,0.0,0.0,0.0,10.5,1.0,2.4176767676767676,0.09031648012157757,4.0,2.039244089244089,0.3928184910327768
CDMS-12-6B-SCLAG,5.0,23.5,25.5,8.0,0.0,0.0,0.0,0.0,6.5,1.0,2.1684782608695654,0.06604084321475626,3.0,1.7785714285714285,0.4916666666666667
CDMS-12-7C-ARAHE,5.0,17.0,14.0,0.6666666666666666,0.0,0.0,0.0,0.0,9.0,1.0,1.6783625730994152,0.10346126754795486,4.0,2.238095238095238,0.18888888888888888
CDMS-12-7C-DLOLO,5.0,19.6,15.8,2.0,0.0,0.0,0.0,0.0,5.6,1.0,1.626357069143447,0.07687896211116026,3.0,1.7504761904761907,0.20428571428571426
CDMS-12-7C-MAROBE,5.0,25.0,27.0,2.0,0.0,0.0,0.0,0.0,9.0,1.0,2.16,0.08333333333333333,3.0,1.8333333333333333,0.6322751322751323
CDMS-12-7C-VMAPA,5.0,24.0,25.0,0.0,0.0,0.0,0.0,0.0,9.0,1.0,2.0833333333333335,0.09057971014492754,3.0,1.8611111111111112,0.5777777777777778
CDMS-12-7C-VQURA,5.0,7.5,4.75,0.0,0.0,0.0,0.0,0.0,3.0,1.0,1.2916666666666667,0.20833333333333331,1.5,1.1666666666666665,0.2916666666666667
CDMS-13-6B-JDTAHE,5.0,9.333333333333334,7.666666666666667,1.0,0.0,0.0,0.0,0.0,3.0,1.0,1.6222222222222225,0.17037037037037037,1.0,1.0,1.0
CDMS-13-7C-MVEAR,5.0,12.6,12.0,2.0,0.0,0.0,0.0,0.0,4.6,1.0,1.9213186813186816,0.14173160173160174,2.0,1.3866666666666665,0.6933333333333332
CDMS-13-7C-RAIZAC,5.0,11.4,9.6,0.0,0.0,0.0,0.0,0.0,4.0,1.0,1.6767965367965367,0.16354534354534356,2.0,1.3333333333333333,0.5833333333333334
CDMS-13-7C-SSOSLO,5.0,15.0,17.0,2.0,0.0,0.0,0.0,0.0,6.0,1.0,2.2666666666666666,0.14285714285714285,3.0,1.6,0.7777777777777778
CDMS-14-10A-IMORTO,5.0,16.5,18.5,1.0,0.0,0.0,0.0,0.0,12.5,1.0,2.2536764705882355,0.13799019607843138,5.0,2.436063936063936,0.3799938157081014
CDMS-14-10A-JCVANI,5.0,20.666666666666668,15.0,1.0,0.0,0.0,0.0,0.0,4.0,1.0,1.4522670312143997,0.06920837447153237,2.0,1.3333333333333333,0.5833333333333334
CDMS-14-5A-LSDUCO,5.0,17.5,15.5,1.5,0.0,0.0,0.0,0.0,5.5,1.0,1.7598684210526314,0.09554093567251462,3.0,1.7380952380952381,0.14285714285714285
CDMS-14-6B-KDCAHE,5.0,15.5,12.5,0.0,0.0,0.0,0.0,0.0,4.0,1.0,1.6083333333333334,0.11071428571428571,2.0,1.3333333333333333,0.5833333333333334
CDMS-15-10A-AMALOS,5.0,11.03448275862069,10.172413793103448,0.896551724137931,0.0,0.0,0.0,0.0,5.379310344827586,1.0,1.8578513440582405,0.1831292552387887,2.6551724137931036,1.5973537956296577,0.39128773525325244
CDMS-15-10A-JJMACH,5.0,28.833333333333332,25.0,0.8333333333333334,0.0,0.0,0.0,0.0,7.666666666666667,1.0,1.7458135551535625,0.061662261954253055,3.5,1.9935286935286936,0.25958485958485955
CDMS-15-10A-MAALRI,5.0,25.0,23.0,4.0,0.0,1.0,0.0,0.0,5.0,1.0,1.84,0.06,3.0,1.5,0.5333333333333333
CDMS-15-10A-SGOMO,5.0,15.0,13.0,0.0,0.0,0.0,0.0,0.0,6.0,1.0,1.7333333333333334,0.12380952380952381,3.0,1.7547619047619047,0.5333333333333333
CDMS-15-10A-SHEGA,5.0,20.333333333333332,11.666666666666666,0.0,0.0,0.0,0.0,0.0,3.0,1.0,1.13890608875129,0.060167985322784084,1.6666666666666667,1.222222222222222,0.3333333333333333
CDMS-15-11B-JEMOLO,5.0,12.736842105263158,9.947368421052632,1.0526315789473684,0.0,0.2631578947368421,0.0,0.0,3.8947368421052633,1.0,1.516129484550537,0.14127554808995252,2.1578947368421053,1.4204678362573098,0.1915204678362573
CDMS-15-11B-VSAHO,5.0,22.5,23.0,0.5,0.0,0.0,0.0,0.0,13.0,1.0,2.0474308300395254,0.09326181065311501,5.5,2.4599567099567103,0.5051020408163265
CDMS-16-10A-SGALO,5.0,25.0,22.0,1.0,0.0,0.0,0.0,0.0,9.0,1.0,1.76,0.07,5.333333333333333,2.5523809523809526,0.47777777777777786
CDMS-16-11B-NGABE,5.0,9.222222222222221,7.666666666666667,0.5555555555555556,0.0,0.0,0.0,0.0,4.333333333333333,1.0,1.6419753086419753,0.1873015873015873,2.5555555555555554,1.4412698412698413,0.3054673721340388
CDMS-18-7C-VVECA,5.0,11.0,11.333333333333334,0.0,0.0,0.0,0.0,0.0,5.333333333333333,1.0,2.074074074074074,0.2138047138047138,2.3333333333333335,1.511111111111111,0.6333333333333333
CDMS-8-4A-DBEVA,5.0,15.0,9.0,0.0,0.0,0.0,0.0,0.0,4.0,1.0,1.2,0.08571428571428572,2.0,1.5,0.0
CDMS-8-4A-DJAVDA,5.0,15.666666666666666,12.333333333333334,0.3333333333333333,0.0,0.0,0.0,0.0,4.666666666666667,1.0,1.572829131652661,0.10516232133879193,2.3333333333333335,1.4222222222222223,0.648148148148148
CDMS-8-4A-DOSTR,5.0,21.5,25.5,0.0,0.0,0.0,0.0,0.0,14.0,1.0,2.3662280701754383,0.11686371726417492,4.0,2.2329545454545454,0.500297619047619
CDMS-8-4A-LGOPA,5.0,22.666666666666668,27.833333333333332,3.1666666666666665,0.0,0.0,0.0,0.0,14.166666666666666,1.0,2.439980881691408,0.10438726880374477,4.166666666666667,2.2158730158730156,0.5674573524696074
CDMS-8-4C-JDBUTU,5.0,17.0,14.6,0.0,0.0,0.0,0.0,0.0,6.2,1.0,1.7084967320261437,0.1065032679738562,3.4,1.7619047619047616,0.3580952380952381
CDMS-9-4A-ACDUTR,5.0,17.555555555555557,16.77777777777778,1.8888888888888888,0.0,0.0,0.0,0.0,6.333333333333333,1.0,1.9617426891835739,0.11681811845808794,2.7222222222222223,1.7635938135938136,0.3789241622574956
CDMS-9-4A-CARGA,5.0,21.0,20.5,0.0,0.0,0.0,0.0,0.0,10.5,1.0,1.903529411764706,0.09647058823529411,3.5,1.9238095238095236,0.6786507936507937
CDMS-9-4A-CRAAG,5.0,25.0,36.0,9.0,0.0,0.0,0.0,0.0,11.0,1.0,2.88,0.09,3.0,1.9090909090909092,0.7233766233766233
CDMS-9-4A-EROHI,5.0,23.75,24.5,1.75,0.0,0.0,0.0,0.0,6.75,1.0,2.0532142857142857,0.08428571428571428,3.5,1.7555555555555555,0.6907407407407408
CDMS-9-4A-ILOSE,5.0,34.0,27.5,2.0,0.0,0.0,0.0,0.0,12.5,1.0,1.6164502164502164,0.04552298192004074,4.0,2.312937062937063,0.11019536019536019
CDMS-9-4C-SCAMO,5.0,19.333333333333332,15.666666666666666,0.3333333333333333,0.0,0.0,0.0,0.0,7.333333333333333,1.0,1.617543859649123,0.0861598440545809,4.0,2.16031746031746,0.3436507936507936
CDMS-9-5A-PAGACO,5.0,12.125,12.875,0.875,0.0,0.0,0.0,0.0,8.375,1.0,2.1869686234817816,0.20972483291562238,2.5,1.7528769841269842,0.5296957671957672
CDMS-9-5A-VVAAR,5.0,18.0,16.0,3.0,0.0,0.0,0.0,0.0,6.0,1.0,1.7777777777777777,0.08496732026143791,3.0,1.8,0.7777777777777778
CDMS-9-5C-JDMADE,5.0,24.333333333333332,25.0,1.3333333333333333,0.0,0.0,0.0,0.0,12.666666666666666,1.0,2.0533333333333332,0.08372183372183373,4.0,2.428771228771229,0.27685964828821974
CDMS-9-5C-LVIZAC,5.0,15.0,12.375,1.125,0.0,0.0,0.0,0.0,4.875,1.0,1.6727474323062559,0.112978932831874,2.125,1.4541666666666666,0.6013888888888889
CDMS-9-5C-MLOGO,5.0,17.833333333333332,15.833333333333334,2.0,0.0,0.0,0.0,0.0,5.0,1.0,1.6967101525925055,0.08995179656944363,2.1666666666666665,1.5333333333333334,0.35000000000000003
CDMS-9-5C-SCAAG,5.0,20.0,21.0,1.0,0.0,0.0,0.0,0.0,6.0,1.0,2.1,0.10526315789473684,3.0,1.6666666666666667,0.4166666666666667
CDMS-XX-10A-VGILO,5.0,10.0,6.333333333333333,0.0,0.0,0.0,0.0,0.0,4.666666666666667,1.0,1.2686868686868686,0.14242424242424243,2.0,1.5666666666666667,0.0
CDMS-XX-5C-MPCAQU,5.0,17.0,13.666666666666666,0.3333333333333333,0.0,0.0,0.0,0.0,4.666666666666667,1.0,1.5951840385276916,0.0979724638393369,2.3333333333333335,1.4666666666666668,0.47222222222222227
CDMS-XX-6A-MAGICA,5.0,21.0,20.5,2.0,0.0,0.0,0.0,0.0,7.5,1.0,1.9382151029748282,0.08828560201557914,4.0,2.0777777777777775,0.4814814814814815
CDMS-XX-6B-SPUCA,5.0,15.428571428571429,18.5,1.6428571428571428,0.0,0.0,0.0,0.0,10.428571428571429,1.0,2.4875807898917146,0.1686794840300407,5.214285714285714,2.461745793888651,0.44931272431272434
CSO-10-4A-ICAPA,5.0,18.0,17.8,2.2,0.0,0.0,0.0,0.0,9.2,1.0,1.9733333333333334,0.10225170770062411,3.2,1.9226984126984128,0.44023809523809526
CSO-10-4A-KCOMO,5.0,12.142857142857142,9.571428571428571,0.0,0.0,0.0,0.0,0.0,4.714285714285714,1.0,1.5297746371275784,0.17192604314453055,2.0,1.4217687074829932,0.5214285714285715
CSO-10-4A-LRAVI,5.0,20.0,23.0,2.0,0.0,0.0,0.0,0.0,8.0,1.0,2.3,0.11052631578947368,4.0,1.8928571428571428,0.6083333333333333
CSO-10-4A-LSCAVA,5.0,16.5,12.0,0.0,0.0,0.0,0.0,0.0,3.5,1.0,1.4512485336014747,0.09538275049110963,2.0,1.3333333333333333,0.4305555555555556
CSO-10-5A-ACAVA,5.0,22.0,19.333333333333332,1.0,0.0,0.0,0.0,0.0,6.333333333333333,1.0,1.757936507936508,0.07971014492753624,3.0,1.773015873015873,0.5555555555555555
CSO-10-5A-ARACA,5.0,13.333333333333334,10.333333333333334,0.6666666666666666,0.0,0.0,0.0,0.0,4.666666666666667,1.0,1.4095238095238096,0.1294582610372084,2.0,1.396825396825397,0.3666666666666667
CSO-10-5A-DABRZA,5.0,17.333333333333332,14.333333333333334,1.0,0.0,0.0,0.0,0.0,5.0,1.0,1.6379084967320263,0.09343333824757973,2.3333333333333335,1.4666666666666668,0.7148148148148149
CSO-10-5A-GZAMA,5.0,19.0,15.75,0.75,0.0,0.0,0.0,0.0,4.75,1.0,1.6323099415204678,0.08810649910057636,2.0,1.431547619047619,0.5010416666666667
CSO-10-5A-JANORO,5.0,14.5,11.5,0.0,0.0,0.0,0.0,0.0,5.0,1.0,1.595959595959596,0.12756981580510993,2.5,1.6,0.16666666666666666
CSO-10-5A-JJSEMO,5.0,17.0,16.0,0.5,0.0,0.0,0.0,0.0,4.0,1.0,1.875598086124402,0.12147793726741095,1.75,1.125,0.875
CSO-10-5A-JLCARI,5.0,19.333333333333332,18.0,0.6666666666666666,0.0,0.0,0.0,0.0,4.666666666666667,1.0,1.8518518518518519,0.0971677559912854,2.3333333333333335,1.4222222222222223,0.6481481481481483
CSO-10-5A-MAARAN,5.0,24.0,24.0,2.0,0.0,0.0,0.0,0.0,6.0,1.0,2.0,0.07971014492753623,4.0,1.9333333333333333,0.27777777777777773
CSO-10-5A-MAOSMO,5.0,12.0,11.5,0.0,0.0,0.0,0.0,0.0,7.0,1.0,1.9,0.17692307692307693,4.0,1.9690476190476192,0.3597222222222222
CSO-10-5A-SVHEES,5.0,20.0,13.5,1.0,0.0,0.0,0.0,0.0,5.0,1.0,1.3458646616541352,0.0654970760233918,3.0,1.8,0.0
CSO-11-5A-MDVOSPE,5.0,20.5,18.0,0.0,0.0,0.0,0.0,0.0,6.0,1.0,1.758454106280193,0.09181327339895115,3.0,1.8,0.3611111111111111
CSO-11-5A-MTAGA,5.0,13.666666666666666,13.0,0.6666666666666666,0.0,0.0,0.0,0.0,4.666666666666667,1.0,1.885714285714286,0.1415917415917416,2.6666666666666665,1.5777777777777777,0.5055555555555555
CSO-11-6A-CAPAMU,5.0,25.666666666666668,20.333333333333332,0.3333333333333333,0.0,0.0,0.0,0.0,7.333333333333333,1.0,1.585057471264368,0.06547210939225458,4.666666666666667,2.288624338624339,0.2583774250440917
CSO-11-6A-DSCACH,5.0,18.25,16.5,0.0,0.0,0.0,0.0,0.0,5.25,1.0,1.8133406432748538,0.10625,2.25,1.45,0.8444444444444443
CSO-11-6A-EROMO,5.0,16.0,12.0,0.0,0.0,0.0,0.0,0.0,4.0,1.0,1.5,0.1,2.0,1.3333333333333333,0.5833333333333334
CSO-11-6A-FSOVRE,5.0,18.0,14.0,0.0,0.0,0.0,0.0,0.0,5.0,1.0,1.5555555555555556,0.0915032679738562,2.0,1.4,0.8666666666666666
CSO-11-6B-DISEMO,5.0,17.5,19.5,5.5,0.0,0.0,0.0,0.0,7.5,1.0,2.2287581699346406,0.09722222222222221,4.0,2.261904761904762,0.3125
CSO-11-6B-LHFDLACH,5.0,21.666666666666668,21.333333333333332,0.0,0.0,0.0,0.0,0.0,7.0,1.0,1.9623188405797098,0.09494553247413658,3.3333333333333335,1.838095238095238,0.4890211640211641
CSO-11-6B-RJGIHE,5.0,17.0,12.0,1.5,0.0,0.0,0.0,0.0,3.0,1.0,1.411764705882353,0.07720588235294118,2.0,1.3333333333333333,0.0
CSO-11-6B-SFLVA,5.0,18.75,15.25,1.75,0.0,0.0,0.0,0.0,5.5,1.0,1.623142414860681,0.08074690402476781,2.25,1.5416666666666667,0.6833333333333333
CSO-11-6B-VCOMA,5.0,29.0,23.0,0.0,0.0,0.0,0.0,0.0,4.0,1.0,1.5862068965517242,0.05665024630541872,2.0,1.3333333333333333,0.5833333333333334
CSO-12-6A-DGISE,5.0,27.0,18.5,0.0,0.0,0.0,0.0,0.0,4.5,1.0,1.3641379310344828,0.05252873563218391,3.0,1.6666666666666665,0.2916666666666667
CSO-12-6A-FJOVRE,5.0,18.666666666666668,17.333333333333332,0.6666666666666666,0.0,0.0,0.0,0.0,6.666666666666667,1.0,1.7952380952380953,0.09835778256830889,3.0,1.642857142857143,0.6598765432098765
CSO-12-6B-GQULO,5.0,27.0,24.0,2.0,0.0,0.0,0.0,0.0,8.0,1.0,1.7747252747252746,0.06251526251526252,4.0,2.1785714285714284,0.20833333333333331
CSO-12-6B-LJHEFE,5.0,22.4,22.2,2.4,0.0,0.0,0.0,0.0,7.2,1.0,1.9628205128205127,0.08255964098419341,3.0,1.746984126984127,0.47111111111111115
CSO-12-6B-VPAMA,5.0,14.0,14.0,1.0,0.0,0.0,0.0,0.0,4.0,1.0,2.0,0.14285714285714285,2.0,1.1666666666666667,0.8333333333333333
CSO-12-7A-ESALA,5.0,15.5,14.25,1.75,0.0,0.0,0.0,0.0,5.75,1.0,1.8559265811587793,0.11899859471453898,3.0,1.7166666666666668,0.6615079365079365
CSO-12-7A-IMERO,5.0,20.666666666666668,13.333333333333334,0.6666666666666666,0.0,0.0,0.0,0.0,5.333333333333333,1.0,1.3034547152194211,0.06498802419518533,3.0,1.6888888888888889,0.15476190476190477
CSO-12-7A-JHEZA,5.0,22.5,23.0,1.0,0.0,0.0,0.0,0.0,10.0,1.0,2.0454545454545454,0.09109730848861283,4.0,2.2222222222222223,0.5866666666666667
CSO-12-7A-LSARAR,5.0,13.6,11.8,0.0,0.0,0.0,0.0,0.0,8.2,1.0,1.7268143621084797,0.1395492742551566,4.4,2.177777777777778,0.17616666666666667
CSO-12-7A-SCAHO,5.0,17.25,13.75,1.0,0.0,0.0,0.0,0.0,6.25,1.0,1.6006944444444444,0.09199346405228759,2.5,1.6180555555555556,0.591005291005291
CSO-12-7B-DVAGRO,5.0,16.666666666666668,21.0,0.6666666666666666,0.0,0.0,0.0,0.0,7.666666666666667,1.0,2.527777777777778,0.1568627450980392,3.0,1.7619047619047619,0.7511904761904762
CSO-12-7B-SMUGU,5.0,16.5,16.166666666666668,1.1666666666666667,0.0,0.0,0.0,0.0,6.0,1.0,1.9779626762985896,0.1187495439430424,3.6666666666666665,1.888888888888889,0.3783068783068783
CSO-12-7B-SSARA,5.0,16.833333333333332,17.833333333333332,4.166666666666667,0.0,0.3333333333333333,0.0,0.0,5.833333333333333,1.0,2.138028895768834,0.10182666633905024,3.5,1.8111111111111111,0.2996031746031746
CSO-12-8A-YTOME,5.0,16.5,15.75,0.0,0.0,0.0,0.0,0.0,8.0,1.0,1.9824561403508771,0.13926103136629453,4.25,2.032828282828283,0.3013888888888889
CSO-13-6A-ANASA,5.0,17.77777777777778,16.22222222222222,0.2222222222222222,0.0,0.0,0.0,0.0,6.333333333333333,1.0,1.84886156441884,0.11409684131562356,3.111111111111111,1.7083694083694083,0.6297899631232965
CSO-13-6B-JETAVE,5.0,13.714285714285714,12.0,0.0,0.0,0.0,0.0,0.0,6.0,1.0,1.8195488721804511,0.17410192147034254,2.857142857142857,1.6738095238095239,0.6729780801209372
CSO-13-6B-LFMIES,5.0,17.0,23.0,3.0,0.0,0.0,0.0,0.0,10.0,1.0,2.7058823529411766,0.14705882352941177,4.0,2.066666666666667,0.43
CSO-13-6B-LJMAHU,5.0,17.0,14.5,0.5,0.0,0.0,0.0,0.0,6.5,1.0,1.6446886446886446,0.10293040293040293,2.5,1.5555555555555554,0.6263227513227514
CSO-13-7A-CAPAMU,5.0,12.0,9.0,0.0,0.0,0.0,0.0,0.0,3.0,1.0,1.4825174825174825,0.13414918414918414,1.0,1.0,1.0
CSO-13-7A-CDDITR,5.0,17.0,16.0,1.0,0.0,0.0,0.0,0.0,7.0,1.0,1.8823529411764706,0.11029411764705882,2.5,1.6952380952380954,0.6958333333333333
CSO-13-7A-JJATFL,5.0,17.8,13.2,0.0,0.0,0.0,0.0,0.0,3.4,1.0,1.493734335839599,0.09118270790097416,2.0,1.3333333333333335,0.4
CSO-13-7A-RXCHLU,5.0,21.333333333333332,23.0,4.0,0.0,0.0,0.0,0.0,7.666666666666667,1.0,2.1379932043547605,0.08657898589248703,2.6666666666666665,1.7351851851851852,0.4840388007054674
CSO-13-7A-YAMEZA,5.0,29.0,27.0,0.0,0.0,0.0,0.0,0.0,12.0,1.0,1.8620689655172413,0.0665024630541872,4.0,2.3181818181818183,0.3444444444444444
CSO-13-8A-KIGAGU,5.0,14.333333333333334,13.333333333333334,1.3333333333333333,0.0,0.0,0.0,0.0,4.666666666666667,1.0,1.8653846153846156,0.12707570207570207,2.6666666666666665,1.6333333333333335,0.3111111111111111
CSO-13-8A-MBUAN,5.0,20.333333333333332,14.5,0.0,0.0,0.0,0.0,0.0,5.833333333333333,1.0,1.4469261581330546,0.08497616801479575,2.6666666666666665,1.6952380952380952,0.14444444444444443
CSO-13-8A-MGAAN,5.0,18.1,14.9,0.4,0.0,0.0,0.0,0.0,6.0,1.0,1.6266351402220967,0.09585636522135378,2.8,1.6588888888888889,0.42481481481481487
CSO-13-8A-MGAHE,5.0,15.0,12.0,0.0,0.0,0.0,0.0,0.0,4.333333333333333,1.0,1.6050420168067225,0.11611182934712345,2.3333333333333335,1.3444444444444443,0.7111111111111111
CSO-13-8A-MJAGA,5.0,23.0,22.0,2.5,0.0,0.0,0.0,0.0,4.5,1.0,1.9166666666666665,0.07735742518351214,2.0,1.3666666666666667,0.725
CSO-13-8B-FCJISA,5.0,7.0,4.0,0.0,0.0,0.0,0.0,0.0,2.3333333333333335,1.0,1.111111111111111,0.18888888888888888,1.0,1.0,0.3333333333333333
CSO-13-8B-JEMABE,5.0,13.0,12.0,0.0,0.0,0.0,0.0,0.0,6.0,1.0,1.8461538461538463,0.15384615384615385,3.0,1.6666666666666667,0.611111111111111
CSO-13-9B-DMLLLU,5.0,13.0,11.0,1.0,0.0,0.0,0.0,0.0,3.0,1.0,1.6923076923076923,0.1282051282051282,1.0,1.0,1.0
CSO-14-7B-EVEGO,5.0,19.8,23.6,4.4,0.0,0.0,0.0,0.0,9.6,1.0,2.3687248812568504,0.10341371331141151,3.6,1.8857142857142857,0.53504329004329
CSO-14-8A-MCIDOS,5.0,20.0,23.5,6.5,0.0,1.0,0.0,0.0,4.5,1.0,2.35,0.08421052631578947,2.0,1.3666666666666667,0.5916666666666667
CSO-14-8A-SZARA,5.0,15.285714285714286,14.714285714285714,1.1428571428571428,0.0,0.0,0.0,0.0,5.571428571428571,1.0,1.9195011337868482,0.12391854177568463,2.4285714285714284,1.5126984126984127,0.5682539682539682
CSO-14-8B-JLLORA,5.0,12.333333333333334,11.0,1.5,0.0,0.0,0.0,0.0,3.8333333333333335,1.0,1.8681758056758058,0.15167240167240167,1.8333333333333333,1.138888888888889,0.861111111111111
CSO-14-9A-AEDCAGO,5.0,13.571428571428571,10.714285714285714,0.2857142857142857,0.0,0.0,0.0,0.0,5.142857142857143,1.0,1.5589648446791304,0.1226808905380334,3.0,1.6462585034013606,0.42142857142857143
CSO-14-9A-HASACA,5.0,23.75,19.25,1.25,0.0,0.5,0.0,0.0,6.75,1.0,1.6179621228346865,0.06572071107303491,3.25,1.9208333333333334,0.057407407407407414
CSO-14-9A-JSMAAL,5.0,25.0,23.0,3.0,0.0,0.0,0.0,0.0,9.0,1.0,1.84,0.06666666666666667,3.0,1.8333333333333333,0.6084656084656085
CSO-14-9A-MARJA,5.0,13.529411764705882,10.823529411764707,0.35294117647058826,0.0,0.0,0.0,0.0,5.235294117647059,1.0,1.6344082388200034,0.13366492519196946,2.8823529411764706,1.6350140056022409,0.38963585434173664
CSO-14-9A-SORZU,5.0,10.4,9.24,0.68,0.0,0.0,0.0,0.0,4.12,1.0,1.7670389610389612,0.18585703185703184,1.88,1.3653333333333333,0.45733333333333337
CSO-14-9B-ERAGA,5.0,12.333333333333334,12.166666666666666,4.0,0.0,0.0,0.0,0.0,4.0,1.0,1.764542483660131,0.11639433551198257,2.0,1.4000000000000001,0.18055555555555555
CSO-14-9B-MFEGA,5.0,19.5,19.0,3.0,0.0,0.0,0.0,0.0,5.0,1.0,1.9545454545454546,0.09043162719633308,3.0,1.5,0.5333333333333333
CSO-15-10A-LJRAGU,5.0,14.5,12.5,0.5,0.0,0.0,0.0,0.0,7.0,1.0,1.7647058823529411,0.13112745098039214,5.0,2.288095238095238,0.24305555555555552
CSO-15-10A-MAARLO,5.0,15.75,15.75,1.5,0.0,0.0,0.0,0.0,4.25,1.0,2.0330532212885153,0.12601271277741866,1.75,1.2833333333333332,0.6958333333333333
CSO-15-10A-SFEGA,5.0,14.75,9.5,0.5,0.0,0.0,0.0,0.0,2.75,1.0,1.2319347319347318,0.10876639700169112,1.25,1.0833333333333333,0.5
CSO-15-10B-MEBUAR,5.0,25.0,29.0,5.0,0.0,0.0,0.0,0.0,11.0,1.0,2.32,0.08,5.0,2.4727272727272727,0.12727272727272726
CSO-15-10B-YVBUAN,5.0,15.0,9.666666666666666,0.0,0.0,0.0,0.0,0.0,3.8333333333333335,1.0,1.2941553544494722,0.09366515837104072,1.6666666666666667,1.2333333333333334,0.6768518518518518
CSO-15-10C-ALBAHO,5.0,18.0,12.0,0.0,0.0,0.0,0.0,0.0,3.0,1.0,1.3333333333333333,0.0784313725490196,1.0,1.0,1.0
CSO-15-10C-SSCAMO,5.0,13.865384615384615,12.76923076923077,1.2307692307692308,0.0,0.28846153846153844,0.0,0.0,6.173076923076923,1.0,1.806314467538012,0.14991623928658626,2.8076923076923075,1.6772049531664917,0.3691309136020674
CSO-15-11C-JETALO,5.0,15.5,14.833333333333334,2.5,0.0,0.0,0.0,0.0,5.833333333333333,1.0,2.035375735375735,0.12263000157736999,2.5,1.5494708994708997,0.5750881834215168
CSO-15-7B-JCRAGA,5.0,13.0,11.0,0.0,0.0,0.0,0.0,0.0,3.0,1.0,1.6923076923076923,0.14102564102564102,1.0,1.0,1.0
CSO-15-8B-KEPOGO,5.0,15.0,14.0,2.0,0.0,0.0,0.0,0.0,5.0,1.0,1.8666666666666667,0.11428571428571428,3.0,1.6,0.3333333333333333
CSO-15-9B-ALRIHE,5.0,20.25,17.25,1.0,0.0,0.0,0.0,0.0,9.25,1.0,1.710966810966811,0.0846252216995251,4.0,2.125793650793651,0.2743181818181818
CSO-15-9B-JCAPA,5.0,11.272727272727273,8.545454545454545,0.7272727272727273,0.0,0.0,0.0,0.0,3.8181818181818183,1.0,1.5159406250315342,0.1384413566231748,2.0,1.3454545454545455,0.5484848484848485
CSO-15-9B-KSBEJA,5.0,9.0,8.166666666666666,0.6666666666666666,0.0,0.0,0.0,0.0,4.333333333333333,1.0,1.838864838864839,0.21708754208754208,1.6666666666666667,1.2777777777777777,0.7101851851851851
CSO-15-9B-RMCHLU,5.0,18.0,13.333333333333334,1.3333333333333333,0.0,0.0,0.0,0.0,4.333333333333333,1.0,1.4864121087031303,0.07917669991973397,2.6666666666666665,1.5,0.37222222222222223
CSO-15-9B-SJAGRO,5.0,24.0,20.5,0.0,0.0,0.0,0.0,0.0,7.5,1.0,1.7083333333333335,0.07427536231884058,4.0,1.9702380952380951,0.3913690476190476
CSO-16-10A-JEGAHE,5.0,24.5,19.5,1.0,0.0,0.0,0.0,0.0,4.0,1.0,1.5875420875420874,0.06454656454656454,2.0,1.4166666666666665,0.2916666666666667
CSO-16-10A-MSACO,5.0,18.0,14.0,0.0,0.0,0.0,0.0,0.0,4.0,1.0,1.537293624250146,0.09572890877238703,2.1666666666666665,1.3333333333333333,0.5194444444444445
CSO-16-10A-SMOUT,5.0,16.25,14.5,0.0,0.0,0.0,0.0,0.0,3.5,1.0,1.779029304029304,0.12048049989226459,1.25,1.1,0.9
CSO-16-10B-JESUGU,5.0,19.333333333333332,13.666666666666666,0.0,0.0,0.0,0.0,0.0,3.0,1.0,1.4118629908103593,0.07724376300227694,1.0,1.0,1.0
CSO-16-10B-LTVIFA,5.0,10.2,7.6,0.0,0.0,0.0,0.0,0.0,3.4,1.0,1.4811111111111113,0.16470418470418471,1.4,1.2,0.6
CSO-16-10B-VVILI,5.0,11.75,10.0,0.0,0.0,0.0,0.0,0.0,3.75,1.0,1.6997835497835498,0.16074481074481076,1.5,1.2083333333333333,0.7541666666666667
CSO-16-10C-MAVAVE,5.0,10.0,6.5,0.0,0.0,0.0,0.0,0.0,3.0,1.0,1.291919191919192,0.15976430976430975,1.5,1.1666666666666667,0.5
CSO-16-11A-JAVABO,5.0,15.0,12.5,0.0,0.0,0.0,0.0,0.0,6.5,1.0,1.6666666666666667,0.11904761904761904,4.5,2.2857142857142856,0.0
CSO-16-11A-JDMUVA,5.0,22.0,17.666666666666668,0.0,0.0,0.0,0.0,0.0,8.666666666666666,1.0,1.5828571428571427,0.0750375939849624,2.6666666666666665,1.7174603174603176,0.6546601546601547
CSO-16-11A-VZAOR,5.0,11.125,11.5,3.125,0.0,0.0,0.0,0.0,4.125,1.0,2.0678571428571426,0.15983738483738483,2.25,1.3333333333333333,0.5333333333333333
CSO-16-11B-KRORE,5.0,23.8,23.6,1.0,0.0,0.0,0.0,0.0,12.4,1.0,1.987346711259755,0.08391669200364851,5.6,2.5927627927627928,0.3438095238095238
CSO-16-11B-LLOZA,5.0,20.25,20.0,0.0,0.0,0.0,0.0,0.0,11.0,1.0,1.9777196223316913,0.11037561576354679,3.5,2.0468253968253967,0.4880555555555555
CSO-16-11B-YAROMO,5.0,9.428571428571429,8.285714285714286,0.2857142857142857,0.0,0.0,0.0,0.0,5.142857142857143,1.0,1.7259869099154812,0.21610492681921253,2.7857142857142856,1.6083333333333332,0.4274518140589569
CSO-16-9A-JALEMO,5.0,10.333333333333334,9.0,0.6666666666666666,0.0,0.0,0.0,0.0,4.0,1.0,1.7454545454545454,0.17441077441077443,2.0,1.3333333333333333,0.5833333333333334
CSO-16-9A-JPROSO,5.0,20.0,15.0,0.0,0.0,0.0,0.0,0.0,6.2,1.0,1.506864918707024,0.08210240155441394,2.8,1.8438095238095236,0.3
CSO-16-9A-JSMAGU,5.0,16.6,15.4,1.2,0.0,0.0,0.0,0.0,5.2,1.0,1.8294968189705032,0.11152617592246075,2.8,1.5571428571428572,0.4844444444444445
CSO-17-10A-YVGOCA,5.0,28.0,22.0,2.0,0.0,0.0,0.0,0.0,8.0,1.0,1.5714285714285714,0.05291005291005291,4.0,2.0714285714285716,0.2625
CSO-17-10B-EHECO,5.0,13.25,11.25,0.75,0.0,0.0,0.0,0.0,6.0,1.0,1.7130467571644044,0.13473621966269025,4.0,2.0833333333333335,0.0
CSO-17-11A-JDAMO,5.0,13.25,9.75,0.25,0.0,0.0,0.0,0.0,4.125,1.0,1.4673992673992675,0.11635031635031635,2.375,1.5166666666666666,0.24166666666666667
CSO-17-11A-NPAHE,5.0,21.0,16.0,1.0,0.0,0.0,0.0,0.0,4.5,1.0,1.5227272727272727,0.07147413989519252,2.0,1.55,0.0
CSO-17-11A-RLPAIG,5.0,12.0,13.25,1.25,0.0,0.0,0.0,0.0,7.25,1.0,2.123360177404295,0.17473096756184991,3.375,1.7645833333333334,0.4127645502645503
CSO-17-11A-SPUVA,5.0,10.5,6.5,0.5,0.0,0.0,0.0,0.0,2.5,1.0,1.2272727272727273,0.11919191919191918,1.0,1.0,0.5
CSO-17-11B-CDBEBU,5.0,9.666666666666666,7.333333333333333,0.0,0.0,0.0,0.0,0.0,4.333333333333333,1.0,1.5095238095238095,0.18407888407888406,1.6666666666666667,1.3333333333333333,0.6222222222222222
CSO-17-11C-JDAAG,5.0,15.0,12.0,0.0,0.0,0.0,0.0,0.0,3.0,1.0,1.6,0.11428571428571428,1.0,1.0,1.0
CSO-17-11C-MAPAMA,5.0,17.333333333333332,13.333333333333334,0.3333333333333333,0.0,0.0,0.0,0.0,4.0,1.0,1.5359477124183005,0.09177559912854032,2.0,1.3333333333333333,0.5833333333333334
CSO-17-11C-MCAAG,5.0,17.8,9.6,0.0,0.0,0.0,0.0,0.0,2.8,1.0,1.0777485380116958,0.06468008255933952,1.8,1.2666666666666666,0.0
CSO-17-11C-SARJA,5.0,19.0,14.333333333333334,0.0,0.0,0.0,0.0,0.0,4.666666666666667,1.0,1.5351966873706004,0.09135220233618402,2.6666666666666665,1.388888888888889,0.6333333333333333
CSO-18-11A-ADBAHO,5.0,25.333333333333332,17.0,0.0,0.0,0.0,0.0,0.0,4.666666666666667,1.0,1.3418803418803418,0.05522110739502043,2.6666666666666665,1.711111111111111,0.0
CSO-18-11B-YLLRE,5.0,17.0,13.0,0.0,0.0,0.0,0.0,0.0,5.0,1.0,1.5294117647058822,0.09558823529411764,2.0,1.2999999999999998,0.6333333333333333
CSO-18-9B-MAMOLO,5.0,18.88888888888889,15.11111111111111,1.2222222222222223,0.0,0.0,0.0,0.0,5.777777777777778,1.0,1.6229992963368922,0.08618863546063259,2.3333333333333335,1.5753086419753088,0.2833333333333333
CSO-8-3A-AIPRBR,5.0,21.5,28.75,7.0,0.0,0.0,0.0,0.0,8.0,1.0,2.7107478291688816,0.10336329763574345,4.0,2.0357142857142856,0.471875
CSO-8-3A-DAPAVA,5.0,14.4,17.6,1.6,0.0,0.0,0.0,0.0,6.0,1.0,2.5107826384142173,0.19944672286777548,2.0,1.4561904761904763,0.7571428571428571
CSO-8-4A-ARAGR,5.0,10.0,15.0,3.0,0.0,0.0,0.0,0.0,6.0,1.0,3.0,0.26666666666666666,2.0,1.3333333333333333,0.6666666666666666
CSO-8-4A-JRAAR,5.0,17.0,20.0,2.0,0.0,0.0,0.0,0.0,8.0,1.0,2.3529411764705883,0.1323529411764706,3.0,1.7857142857142858,0.6916666666666667
CSO-9-2A-EXMOCO,5.0,17.4,20.6,4.4,0.0,0.0,0.0,0.0,7.2,1.0,2.364439284485724,0.11350361197110423,2.0,1.5647619047619048,0.8626984126984126
CSO-9-4A-AGAPE,5.0,15.0,16.0,1.0,0.0,0.0,0.0,0.0,9.0,1.0,2.1333333333333333,0.14285714285714285,4.0,2.0277777777777777,0.6259259259259259
CSO-9-4A-DKVIMO,5.0,13.0,16.0,3.0,0.0,1.0,0.0,0.0,7.0,1.0,2.4615384615384617,0.15384615384615385,3.0,1.7619047619047619,0.5047619047619047
CSO-9-4A-DSMOMU,5.0,10.08695652173913,9.173913043478262,0.6086956521739131,0.0,0.43478260869565216,0.0,0.0,4.739130434782608,1.0,1.775294512251034,0.1988395662308706,2.217391304347826,1.4585450781102955,0.5595245937637242
CSO-9-4A-DVGATO,5.0,20.5,27.5,6.0,0.0,0.0,0.0,0.0,10.5,1.0,2.7034313725490198,0.11146632566069906,3.5,1.9368686868686869,0.6527777777777778
CSO-9-4A-EGCAMO,5.0,9.285714285714286,7.285714285714286,0.0,0.0,0.0,0.0,0.0,3.142857142857143,1.0,1.5423148280291137,0.19578041006612437,1.1428571428571428,1.0476190476190477,0.9404761904761906
CSO-9-4A-FAGIGA,5.0,16.333333333333332,16.0,0.0,0.0,0.0,0.0,0.0,8.0,1.0,1.962962962962963,0.12910052910052908,4.0,2.007936507936508,0.3747574955908289
CSO-9-4A-KEMOCO,5.0,16.2,11.8,0.8,0.0,0.0,0.0,0.0,5.0,1.0,1.4584033613445377,0.09064641241111829,2.4,1.5533333333333332,0.3144444444444444
CSO-9-4A-LCOMO,5.0,19.7,20.7,1.1,0.0,0.0,0.0,0.0,10.0,1.0,2.102301587301587,0.10722873359870264,4.0,2.105895770895771,0.4751716828145399
CSO-9-4A-MLORO,5.0,10.916666666666666,9.583333333333334,0.0,0.0,0.0,0.0,0.0,5.833333333333333,1.0,1.7069823694823694,0.17577977577977577,2.0833333333333335,1.5153439153439152,0.5908840388007054
CSO-9-4A-MPAME,5.0,13.5,11.0,0.0,0.0,0.0,0.0,0.0,3.5,1.0,1.6318681318681318,0.13095238095238096,1.5,1.1666666666666665,0.7916666666666667
CSO-9-4A-NSARPA,5.0,17.75,20.75,1.75,0.0,0.0,0.0,0.0,7.5,1.0,2.3447303921568627,0.12804867561059513,4.0,2.129166666666667,0.3935185185185185
CSO-9-4A-YVDITR,5.0,15.0,13.5,1.0,0.0,0.0,0.0,0.0,6.5,1.0,1.8035714285714286,0.1201007326007326,3.5,1.9142857142857144,0.4642857142857143
