file,wc,nodes,edges,re,pe,l1,l2,l3,lcc,lsc,atd,density,diameter,asp,cc
CDMS-10-4A-JURAN,4.0,5.5,2.8333333333333335,0.0,0.0,0.0,0.0,0.0,2.1666666666666665,1.0,1.0238095238095237,0.24285714285714285,1.1666666666666667,1.0555555555555556,0.0
CDMS-10-5A-HEPIHO,4.0,5.333333333333333,3.1666666666666665,0.0,0.0,0.0,0.0,0.0,2.8333333333333335,1.0,1.192063492063492,0.3246031746031746,1.8333333333333333,1.2777777777777777,0.0
CDMS-10-5A-KSRAGU,4.0,2.0,1.0,0.0,0.0,0.0,0.0,0.0,2.0,1.0,1.0,1.0,1.0,1.0,0.0
CDMS-10-5A-SZURO,4.0,2.0,2.0,1.0,0.0,0.0,0.0,0.0,2.0,1.0,2.0,1.0,1.0,1.0,0.0
CDMS-10-5B-SRAJA,4.0,9.2,8.8,0.4,0.0,0.6,0.0,0.0,7.2,1.0,1.791111111111111,0.21525252525252525,4.8,2.2252380952380952,0.0
CDMS-10-5C-DAAUSA,4.0,6.0,4.0,0.0,0.0,0.0,0.0,0.0,3.0,1.0,1.3333333333333333,0.26666666666666666,2.0,1.3333333333333333,0.0
CDMS-10-5C-ICAPA,4.0,2.0,1.0,0.0,0.0,0.0,0.0,0.0,2.0,1.0,1.0,1.0,1.0,1.0,0.0
CDMS-10-5C-JFALGI,4.0,2.0,1.0,0.0,0.0,0.0,0.0,0.0,2.0,1.0,1.0,1.0,1.0,1.0,0.0
CDMS-10-5C-MAORTO,4.0,4.5,2.75,0.0,0.0,0.0,0.0,0.0,3.0,1.0,1.2333333333333334,0.39166666666666666,2.0,1.3333333333333333,0.0
CDMS-10-5C-NBEMO,4.0,5.0,2.5,0.0,0.0,0.0,0.0,0.0,2.0,1.0,1.0,0.26666666666666666,1.0,1.0,0.0
CDMS-10-6B-ASCACO,4.0,3.0,2.0,0.0,0.0,0.0,0.0,0.0,3.0,1.0,1.3333333333333333,0.6666666666666666,2.0,1.3333333333333333,0.0
CDMS-11-4A-GACHSA,4.0,3.375,1.75,0.0,0.0,0.0,0.0,0.0,2.125,1.0,1.0416666666666667,0.5416666666666666,1.125,1.0416666666666667,0.0
CDMS-11-5A-EAARCA,4.0,5.142857142857143,3.0,0.0,0.0,0.0,0.0,0.0,2.857142857142857,1.0,1.1918367346938774,0.3557823129251701,1.8571428571428572,1.2857142857142858,0.0
CDMS-11-5A-MGTHAR,4.0,10.0,8.0,2.0,0.0,0.0,0.0,0.0,4.0,1.0,1.6,0.13333333333333333,2.0,1.5,0.0
CDMS-11-6A-NMREPR,4.0,4.0,2.0,0.0,0.0,0.0,0.0,0.0,2.0,1.0,1.0,0.3333333333333333,1.0,1.0,0.0
CDMS-11-6B-AVROTO,4.0,2.0,1.0,0.0,0.0,0.0,0.0,0.0,2.0,1.0,1.0,1.0,1.0,1.0,0.0
CDMS-11-6B-EAFESA,4.0,11.0,8.0,1.0,0.0,0.0,0.0,0.0,4.0,1.0,1.4545454545454546,0.12727272727272726,3.0,1.6666666666666667,0.0
CDMS-11-6B-EFRGR,4.0,3.0,1.5,0.0,0.0,0.0,0.0,0.0,2.0,1.0,1.0,0.6666666666666666,1.0,1.0,0.0
CDMS-11-6B-EROCO,4.0,6.0,3.0,0.0,0.0,0.0,0.0,0.0,2.0,1.0,1.0,0.2,1.0,1.0,0.0
CDMS-11-6B-JACUPE,4.0,10.0,8.0,0.0,0.0,1.0,0.0,0.0,4.0,1.0,1.6,0.15555555555555556,2.0,1.3333333333333333,0.5833333333333334
CDMS-11-6B-JDCHBA,4.0,6.333333333333333,5.666666666666667,0.3333333333333333,0.0,0.0,0.0,0.0,4.333333333333333,1.0,1.777777777777778,0.31746031746031744,2.3333333333333335,1.4222222222222223,0.0
CDMS-11-6B-JFSAHE,4.0,3.3333333333333335,1.6666666666666667,0.0,0.0,0.0,0.0,0.0,2.0,1.0,1.0,0.5555555555555555,1.0,1.0,0.0
CDMS-11-6B-JLPENA,4.0,2.0,1.0,0.0,0.0,0.0,0.0,0.0,2.0,1.0,1.0,1.0,1.0,1.0,0.0
CDMS-11-6B-JMARME,4.0,12.0,6.0,0.0,0.0,0.0,0.0,0.0,2.0,1.0,1.0,0.09090909090909091,1.0,1.0,0.0
CDMS-11-6B-JPSAMA,4.0,4.0,2.0,0.0,0.0,0.0,0.0,0.0,2.0,1.0,1.0,0.3333333333333333,1.0,1.0,0.0
CDMS-11-6B-LESTA,4.0,9.0,6.0,1.0,0.0,0.0,0.0,0.0,3.0,1.0,1.3333333333333333,0.1388888888888889,2.0,1.3333333333333333,0.0
CDMS-11-6B-MAGIMU,4.0,7.666666666666667,5.0,0.6666666666666666,0.0,0.0,0.0,0.0,3.0,1.0,1.3055555555555556,0.18280423280423283,2.0,1.3333333333333333,0.0
CDMS-11-6B-MMAMO,4.0,3.3333333333333335,2.0,0.0,0.0,0.0,0.0,0.0,2.6666666666666665,1.0,1.222222222222222,0.5555555555555555,1.6666666666666667,1.222222222222222,0.0
CDMS-11-6B-RSECA,4.0,2.0,1.0,0.0,0.0,0.0,0.0,0.0,2.0,1.0,1.0,1.0,1.0,1.0,0.0
CDMS-11-6B-VZAPE,4.0,8.0,6.0,0.0,0.0,0.0,0.0,0.0,4.0,1.0,1.5,0.21428571428571427,2.0,1.3333333333333333,0.5833333333333334
CDMS-11-6B-YLNIME,4.0,2.0,1.0,0.0,0.0,0.0,0.0,0.0,2.0,1.0,1.0,1.0,1.0,1.0,0.0
CDMS-11-7C-ICARE,4.0,4.5,3.0,0.5,0.0,0.0,0.0,0.0,2.5,1.0,1.2142857142857144,0.5952380952380952,1.5,1.1666666666666665,0.0
CDMS-11-7C-IMOIB,4.0,4.666666666666667,2.3333333333333335,0.0,0.0,0.0,0.0,0.0,2.0,1.0,1.0,0.2888888888888889,1.0,1.0,0.0
CDMS-11-7C-SALMA,4.0,3.0,2.0,0.0,0.0,0.0,0.0,0.0,3.0,1.0,1.3333333333333333,0.6666666666666666,2.0,1.3333333333333333,0.0
CDMS-11-7C-SPGAVE,4.0,8.0,5.5,0.0,0.0,0.5,0.0,0.0,4.0,1.0,1.3492063492063493,0.17857142857142855,3.0,1.6666666666666665,0.0
CDMS-12-6A-SROAL,4.0,4.0,2.0,0.0,0.0,0.0,0.0,0.0,2.0,1.0,1.0,0.3333333333333333,1.0,1.0,0.0
CDMS-12-6B-IJDAGA,4.0,6.333333333333333,4.666666666666667,1.0,0.0,0.0,0.0,0.0,3.0,1.0,1.4857142857142858,0.22698412698412698,2.0,1.3333333333333333,0.0
CDMS-12-6B-SCLAG,4.0,4.0,2.0,0.0,0.0,0.0,0.0,0.0,2.0,1.0,1.0,0.3333333333333333,1.0,1.0,0.0
CDMS-12-7C-CATRAR,4.0,6.0,3.0,0.0,0.0,0.0,0.0,0.0,2.0,1.0,1.0,0.2,1.0,1.0,0.0
CDMS-12-7C-DLOLO,4.0,3.0,4.0,2.0,0.0,0.0,0.0,0.0,3.0,1.0,2.6666666666666665,0.6666666666666666,2.0,1.3333333333333333,0.0
CDMS-12-7C-MAROBE,4.0,7.0,5.0,0.0,0.0,0.0,0.0,0.0,4.0,1.0,1.4285714285714286,0.23809523809523808,2.0,1.5,0.0
CDMS-12-7C-VMAPA,4.0,8.0,5.0,0.0,0.0,0.0,0.0,0.0,3.0,1.0,1.2,0.17777777777777778,1.5,1.1666666666666665,0.0
CDMS-12-7C-VQURA,4.0,2.0,1.0,0.0,0.0,0.0,0.0,0.0,2.0,1.0,1.0,1.0,1.0,1.0,0.0
CDMS-13-6B-ASUMO,4.0,8.0,4.0,0.0,0.0,0.0,0.0,0.0,2.0,1.0,1.0,0.14285714285714285,1.0,1.0,0.0
CDMS-13-6B-JDTAHE,4.0,2.6666666666666665,1.6666666666666667,0.3333333333333333,0.0,0.0,0.0,0.0,2.0,1.0,1.1666666666666667,0.7777777777777777,1.0,1.0,0.0
CDMS-13-7C-MVEAR,4.0,2.6666666666666665,2.6666666666666665,1.0,0.0,0.0,0.0,0.0,2.6666666666666665,1.0,2.0,0.7777777777777777,1.6666666666666667,1.222222222222222,0.0
CDMS-13-7C-RAIZAC,4.0,4.666666666666667,2.3333333333333335,0.0,0.0,0.0,0.0,0.0,2.0,1.0,1.0,0.2888888888888889,1.0,1.0,0.0
CDMS-13-7C-SSOSLO,4.0,5.0,3.0,0.0,0.0,0.0,0.0,0.0,3.0,1.0,1.2,0.3,2.0,1.3333333333333333,0.0
CDMS-14-10A-IMORTO,4.0,3.0,2.0,0.0,0.0,0.0,0.0,0.0,3.0,1.0,1.25,0.75,2.0,1.3333333333333335,0.0
CDMS-14-10A-JCVANI,4.0,4.0,2.0,0.0,0.0,0.0,0.0,0.0,2.0,1.0,1.0,0.3333333333333333,1.0,1.0,0.0
CDMS-14-5A-LSDUCO,4.0,6.0,3.0,0.0,0.0,0.0,0.0,0.0,2.0,1.0,1.0,0.2,1.0,1.0,0.0
CDMS-14-6B-KDCAHE,4.0,3.0,1.5,0.0,0.0,0.0,0.0,0.0,2.0,1.0,1.0,0.6666666666666666,1.0,1.0,0.0
CDMS-15-10A-AMALOS,4.0,3.5,1.95,0.0,0.0,0.0,0.0,0.0,2.4,1.0,1.1038095238095238,0.6145238095238095,1.4,1.1333333333333333,0.0
CDMS-15-10A-JJMACH,4.0,6.8,3.4,0.0,0.0,0.0,0.0,0.0,2.0,1.0,1.0,0.3193650793650794,1.0,1.0,0.0
CDMS-15-10A-MAALRI,4.0,5.0,3.0,0.0,0.0,0.0,0.0,0.0,3.0,1.0,1.2,0.3,2.0,1.3333333333333333,0.0
CDMS-15-10A-SGOMO,4.0,4.5,2.5,0.0,0.0,0.0,0.0,0.0,2.5,1.0,1.1,0.31666666666666665,1.5,1.1666666666666665,0.0
CDMS-15-11B-JEMOLO,4.0,2.888888888888889,1.6666666666666667,0.0,0.0,0.4444444444444444,0.0,0.0,1.6666666666666667,1.0,1.3555555555555554,0.34074074074074073,1.0,1.0,0.0
CDMS-15-11B-VSAHO,4.0,7.0,6.0,0.0,0.0,0.0,0.0,0.0,7.0,1.0,1.7142857142857142,0.2857142857142857,4.0,2.0952380952380953,0.0
CDMS-16-10A-SGALO,4.0,2.0,1.0,0.0,0.0,0.0,0.0,0.0,2.0,1.0,1.0,1.0,1.0,1.0,0.0
CDMS-16-11B-NGABE,4.0,3.0,2.0,0.0,0.0,0.0,0.0,0.0,3.0,1.0,1.3,0.7,2.0,1.3333333333333333,0.0
CDMS-18-7C-VVECA,4.0,4.25,2.5,0.0,0.0,0.0,0.0,0.0,2.75,1.0,1.15,0.475,1.75,1.25,0.0
CDMS-8-4A-DJAVDA,4.0,3.2,1.6,0.0,0.0,0.0,0.0,0.0,2.0,1.0,1.0,0.6,1.0,1.0,0.0
CDMS-8-4A-DOSTR,4.0,8.0,7.0,0.0,0.0,0.0,0.0,0.0,8.0,1.0,1.75,0.25,5.0,2.4285714285714284,0.0
CDMS-8-4A-LGOPA,4.0,7.0,6.0,1.0,0.0,0.0,0.0,0.0,5.0,1.0,1.7037037037037035,0.24259259259259258,2.3333333333333335,1.634920634920635,0.0
CDMS-8-4C-JDBUTU,4.0,5.0,3.25,0.0,0.0,0.0,0.0,0.0,3.0,1.0,1.2999999999999998,0.375,2.0,1.3333333333333333,0.0
CDMS-9-4A-ACDUTR,4.0,3.3333333333333335,1.7333333333333334,0.0,0.0,0.0,0.0,0.0,2.1333333333333333,1.0,1.0444444444444445,0.6622222222222223,1.1333333333333333,1.0444444444444445,0.0
CDMS-9-4A-CRAAG,4.0,11.0,10.0,3.0,0.0,0.0,0.0,0.0,5.0,1.0,1.8181818181818181,0.12727272727272726,3.0,1.8,0.0
CDMS-9-4A-EROHI,4.0,8.5,5.25,0.0,0.0,0.0,0.0,0.0,4.0,1.0,1.2375,0.16726190476190478,3.0,1.6666666666666667,0.0
CDMS-9-4A-ILOSE,4.0,2.0,1.0,0.0,0.0,0.0,0.0,0.0,2.0,1.0,1.0,1.0,1.0,1.0,0.0
CDMS-9-4C-SCAMO,4.0,6.0,3.0,0.0,0.0,0.0,0.0,0.0,2.0,1.0,1.0,0.2,1.0,1.0,0.0
CDMS-9-5A-PAGACO,4.0,3.5,2.0,0.0,0.0,0.0,0.0,0.0,2.5,1.0,1.1166666666666667,0.6125,1.5,1.1666666666666665,0.0
CDMS-9-5A-VVAAR,4.0,4.0,3.0,1.0,0.0,0.0,0.0,0.0,2.0,1.0,1.5,0.3333333333333333,1.0,1.0,0.0
CDMS-9-5C-JDMADE,4.0,7.0,5.0,0.0,0.0,0.0,0.0,0.0,4.0,1.0,1.4285714285714286,0.23809523809523808,3.0,1.6666666666666667,0.0
CDMS-9-5C-LVIZAC,4.0,2.0,1.0,0.0,0.0,0.0,0.0,0.0,2.0,1.0,1.0,1.0,1.0,1.0,0.0
CDMS-9-5C-MLOGO,4.0,6.0,4.5,1.25,0.0,0.0,0.0,0.0,2.5,1.0,1.4404761904761905,0.22857142857142856,1.5,1.1666666666666665,0.0
CDMS-9-5C-SCAAG,4.0,6.5,4.0,0.0,0.0,0.0,0.0,0.0,3.0,1.0,1.1666666666666665,0.25,2.0,1.3333333333333335,0.0
CDMS-XX-5C-MPCAQU,4.0,6.0,3.0,0.0,0.0,0.0,0.0,0.0,2.0,1.0,1.0,0.23809523809523808,1.0,1.0,0.0
CDMS-XX-6A-MAGICA,4.0,4.0,3.0,1.0,0.0,0.0,0.0,0.0,2.0,1.0,1.5,0.3333333333333333,1.0,1.0,0.0
CDMS-XX-6B-SPUCA,4.0,3.8181818181818183,3.272727272727273,0.45454545454545453,0.0,0.0,0.0,0.0,3.8181818181818183,1.0,1.6363636363636365,0.5909090909090909,2.8181818181818183,1.6060606060606062,0.0
CSO-10-4A-ICAPA,4.0,2.75,2.5,0.75,0.0,0.0,0.0,0.0,2.75,1.0,1.75,0.75,1.75,1.25,0.0
CSO-10-4A-KCOMO,4.0,3.25,1.75,0.0,0.0,0.0,0.0,0.0,2.25,1.0,1.0833333333333333,0.5833333333333333,1.25,1.0833333333333333,0.0
CSO-10-4A-LRAVI,4.0,6.0,4.0,0.5,0.0,0.0,0.0,0.0,3.0,1.0,1.3142857142857143,0.24523809523809523,2.0,1.3333333333333333,0.0
CSO-10-4A-LSCAVA,4.0,2.8,1.4,0.0,0.0,0.0,0.0,0.0,2.0,1.0,1.0,0.7333333333333333,1.0,1.0,0.0
CSO-10-5A-ACAVA,4.0,5.5,3.0,0.0,0.0,0.0,0.0,0.0,2.5,1.0,1.1333333333333333,0.3273809523809524,1.5,1.1666666666666665,0.0
CSO-10-5A-ARACA,4.0,5.0,3.0,0.0,0.0,0.0,0.0,0.0,3.0,1.0,1.2,0.3,2.0,1.3333333333333333,0.0
CSO-10-5A-DABRZA,4.0,5.0,3.0,0.0,0.0,0.0,0.0,0.0,3.0,1.0,1.2,0.3,2.0,1.3333333333333333,0.0
CSO-10-5A-GZAMA,4.0,5.0,3.0,0.3333333333333333,0.0,0.0,0.0,0.0,2.3333333333333335,1.0,1.142857142857143,0.2857142857142857,1.3333333333333333,1.111111111111111,0.0
CSO-10-5A-JANORO,4.0,3.0,1.5,0.0,0.0,0.0,0.0,0.0,2.0,1.0,1.0,0.6666666666666666,1.0,1.0,0.0
CSO-10-5A-JJSEMO,4.0,5.75,3.5,0.0,0.0,0.0,0.0,0.0,2.75,1.0,1.175,0.41428571428571426,1.75,1.25,0.0
CSO-10-5A-JLCARI,4.0,6.333333333333333,3.3333333333333335,0.0,0.0,0.0,0.0,0.0,2.3333333333333335,1.0,1.037037037037037,0.2240740740740741,1.3333333333333333,1.111111111111111,0.0
CSO-10-5A-MAARAN,4.0,8.5,4.5,0.0,0.0,0.0,0.0,0.0,2.5,1.0,1.0555555555555556,0.14087301587301587,1.5,1.1666666666666665,0.0
CSO-10-5A-RVMOIB,4.0,4.0,2.0,0.0,0.0,0.0,0.0,0.0,2.0,1.0,1.0,0.3333333333333333,1.0,1.0,0.0
CSO-10-5A-SVHEES,4.0,2.0,1.0,0.0,0.0,0.0,0.0,0.0,2.0,1.0,1.0,1.0,1.0,1.0,0.0
CSO-11-5A-MDVOSPE,4.0,5.333333333333333,2.6666666666666665,0.0,0.0,0.0,0.0,0.0,2.0,1.0,1.0,0.24444444444444446,1.0,1.0,0.0
CSO-11-5A-MTAGA,4.0,4.5,2.5,0.0,0.0,0.0,0.0,0.0,2.5,1.0,1.0833333333333333,0.31666666666666665,1.25,1.125,0.0
CSO-11-6A-CAPAMU,4.0,4.0,2.0,0.0,0.0,0.0,0.0,0.0,2.0,1.0,1.0,0.3333333333333333,1.0,1.0,0.0
CSO-11-6A-DSCACH,4.0,6.25,3.5,0.0,0.0,0.0,0.0,0.0,2.75,1.0,1.1071428571428572,0.22619047619047616,1.75,1.25,0.0
CSO-11-6A-EROMO,4.0,4.0,2.0,0.0,0.0,0.0,0.0,0.0,2.0,1.0,1.0,0.3333333333333333,1.0,1.0,0.0
CSO-11-6A-FSOVRE,4.0,5.0,2.5,0.0,0.0,0.0,0.0,0.0,2.0,1.0,1.0,0.26666666666666666,1.0,1.0,0.0
CSO-11-6B-DISEMO,4.0,4.0,2.0,0.0,0.0,0.0,0.0,0.0,2.0,1.0,1.0,0.3333333333333333,1.0,1.0,0.0
CSO-11-6B-LHFDLACH,4.0,7.5,4.75,0.0,0.0,0.0,0.0,0.0,3.5,1.0,1.2619047619047619,0.19642857142857142,2.5,1.5,0.0
CSO-11-6B-RJGIHE,4.0,2.0,1.0,0.0,0.0,0.0,0.0,0.0,2.0,1.0,1.0,1.0,1.0,1.0,0.0
CSO-11-6B-SFLVA,4.0,4.0,2.5,0.0,0.0,0.0,0.0,0.0,3.0,1.0,1.2666666666666666,0.4833333333333333,2.0,1.3333333333333333,0.0
CSO-11-6B-VCOMA,4.0,9.0,4.5,0.0,0.0,0.0,0.0,0.0,2.0,1.0,1.0,0.12698412698412698,1.0,1.0,0.0
CSO-12-6A-DGISE,4.0,2.0,1.0,0.0,0.0,0.0,0.0,0.0,2.0,1.0,1.0,1.0,1.0,1.0,0.0
CSO-12-6A-FJOVRE,4.0,6.0,3.6666666666666665,0.0,0.0,0.0,0.0,0.0,3.3333333333333335,1.0,1.1666666666666667,0.4523809523809524,2.3333333333333335,1.4444444444444446,0.0
CSO-12-6B-GQULO,4.0,6.0,3.0,0.0,0.0,0.0,0.0,0.0,2.0,1.0,1.0,0.2,1.0,1.0,0.0
CSO-12-6B-LJHEFE,4.0,7.333333333333333,4.666666666666667,0.6666666666666666,0.0,0.0,0.0,0.0,2.6666666666666665,1.0,1.2857142857142858,0.17460317460317457,1.6666666666666667,1.222222222222222,0.0
CSO-12-6B-VPAMA,4.0,6.0,3.5,0.0,0.0,0.0,0.0,0.0,3.0,1.0,1.1714285714285713,0.24523809523809523,2.0,1.3333333333333333,0.0
CSO-12-7A-ESALA,4.0,3.4,2.0,0.0,0.0,0.0,0.0,0.0,2.6,1.0,1.1466666666666667,0.6533333333333333,1.6,1.2,0.0
CSO-12-7A-IMERO,4.0,2.0,1.0,0.0,0.0,0.0,0.0,0.0,2.0,1.0,1.0,1.0,1.0,1.0,0.0
CSO-12-7A-JHEZA,4.0,7.0,5.0,0.0,0.0,0.0,0.0,0.0,5.0,1.0,1.4285714285714286,0.23809523809523808,4.0,2.0,0.0
CSO-12-7A-LSARAR,4.0,3.5,2.25,0.0,0.0,0.0,0.0,0.0,3.0,1.0,1.2999999999999998,0.575,2.0,1.3333333333333333,0.0
CSO-12-7A-SCAHO,4.0,3.0,2.0,0.0,0.0,0.0,0.0,0.0,3.0,1.0,1.2777777777777777,0.7222222222222222,2.0,1.3333333333333333,0.0
CSO-12-7B-DVAGRO,4.0,7.666666666666667,5.666666666666667,0.0,0.0,0.0,0.0,0.0,4.666666666666667,1.0,1.462962962962963,0.22513227513227516,2.6666666666666665,1.6888888888888889,0.0
CSO-12-7B-SMUGU,4.0,4.8,2.8,0.2,0.0,0.0,0.0,0.0,2.4,1.0,1.2571428571428571,0.4095238095238095,1.4,1.1333333333333333,0.0
CSO-12-7B-SSARA,4.0,3.5,2.75,1.0,0.0,0.0,0.0,0.0,2.0,1.0,1.5,0.5,1.0,1.0,0.0
CSO-12-8A-YTOME,4.0,4.0,2.3333333333333335,0.0,0.0,0.0,0.0,0.0,2.6666666666666665,1.0,1.111111111111111,0.5333333333333333,1.6666666666666667,1.2222222222222223,0.0
CSO-13-6A-ANASA,4.0,5.6,3.2,0.0,0.0,0.0,0.0,0.0,2.8,1.0,1.1666666666666665,0.2733333333333333,1.8,1.2666666666666668,0.0
CSO-13-6B-JETAVE,4.0,4.142857142857143,2.142857142857143,0.0,0.0,0.0,0.0,0.0,2.142857142857143,1.0,1.0476190476190477,0.43809523809523804,1.1428571428571428,1.0476190476190477,0.0
CSO-13-6B-LFMIES,4.0,7.0,6.0,1.0,0.0,0.0,0.0,0.0,5.0,1.0,1.7142857142857142,0.23809523809523808,4.0,2.0,0.0
CSO-13-6B-LJMAHU,4.0,3.0,2.5,0.5,0.0,0.0,0.0,0.0,3.0,1.0,1.5,0.75,2.0,1.3333333333333335,0.0
CSO-13-7A-CAPAMU,4.0,2.6666666666666665,1.3333333333333333,0.0,0.0,0.0,0.0,0.0,2.0,1.0,1.0,0.7777777777777778,1.0,1.0,0.0
CSO-13-7A-CDDITR,4.0,5.0,2.6666666666666665,0.0,0.0,0.0,0.0,0.0,2.3333333333333335,1.0,1.0666666666666667,0.27777777777777773,1.3333333333333333,1.111111111111111,0.0
CSO-13-7A-JJATFL,4.0,5.0,2.5,0.0,0.0,0.0,0.0,0.0,2.0,1.0,1.0,0.26666666666666666,1.0,1.0,0.0
CSO-13-7A-RXCHLU,4.0,5.333333333333333,3.3333333333333335,0.3333333333333333,0.0,0.0,0.0,0.0,2.6666666666666665,1.0,1.1666666666666667,0.28174603174603174,1.6666666666666667,1.2222222222222223,0.0
CSO-13-7A-YAMEZA,4.0,8.0,5.0,0.0,0.0,0.0,0.0,0.0,4.0,1.0,1.25,0.17857142857142858,3.0,1.6666666666666667,0.0
CSO-13-8A-KIGAGU,4.0,3.0,1.5,0.0,0.0,0.0,0.0,0.0,2.0,1.0,1.0,0.6666666666666666,1.0,1.0,0.0
CSO-13-8A-MBUAN,4.0,2.0,1.0,0.0,0.0,0.0,0.0,0.0,2.0,1.0,1.0,1.0,1.0,1.0,0.0
CSO-13-8A-MGAAN,4.0,3.5714285714285716,2.0,0.0,0.0,0.0,0.0,0.0,2.4285714285714284,1.0,1.1047619047619048,0.5619047619047619,1.4285714285714286,1.1428571428571428,0.0
CSO-13-8A-MGAHE,4.0,2.6666666666666665,1.3333333333333333,0.0,0.0,0.0,0.0,0.0,2.0,1.0,1.0,0.7777777777777777,1.0,1.0,0.0
CSO-13-8A-MJAGA,4.0,7.666666666666667,4.333333333333333,0.3333333333333333,0.0,0.0,0.0,0.0,2.3333333333333335,1.0,1.130952380952381,0.15873015873015872,1.3333333333333333,1.111111111111111,0.0
CSO-13-8A-VHODU,4.0,4.0,3.0,1.0,0.0,0.0,0.0,0.0,2.0,1.0,1.5,0.3333333333333333,1.0,1.0,0.0
CSO-13-8B-FCJISA,4.0,2.0,1.0,0.0,0.0,0.0,0.0,0.0,2.0,1.0,1.0,1.0,1.0,1.0,0.0
CSO-13-8B-JEMABE,4.0,3.5,2.0,0.0,0.0,0.0,0.0,0.0,2.5,1.0,1.1,0.65,1.5,1.1666666666666665,0.0
CSO-13-9B-DMLLLU,4.0,4.0,2.0,0.0,0.0,0.0,0.0,0.0,2.0,1.0,1.0,0.3333333333333333,1.0,1.0,0.0
CSO-14-7A-MVEBE,4.0,2.0,1.0,0.0,0.0,0.0,0.0,0.0,2.0,1.0,1.0,1.0,1.0,1.0,0.0
CSO-14-7B-EVEGO,4.0,5.25,5.75,2.25,0.0,0.0,0.0,0.0,3.75,1.0,2.216666666666667,0.3333333333333333,2.0,1.4583333333333333,0.0
CSO-14-8A-MCIDOS,4.0,6.0,5.0,1.0,0.0,1.0,0.0,0.0,2.0,1.0,1.6666666666666667,0.2,1.0,1.0,0.0
CSO-14-8A-SZARA,4.0,4.0,3.0,0.14285714285714285,0.0,0.0,0.0,0.0,3.7142857142857144,1.0,1.3571428571428572,0.6333333333333334,2.7142857142857144,1.5714285714285714,0.0
CSO-14-8B-JLLORA,4.0,2.75,1.75,0.0,0.0,0.0,0.0,0.0,2.75,1.0,1.25,0.75,1.75,1.25,0.0
CSO-14-9A-AEDCAGO,4.0,2.6666666666666665,1.5,0.0,0.0,0.0,0.0,0.0,2.3333333333333335,1.0,1.0555555555555556,0.8777777777777778,1.3333333333333333,1.1111111111111112,0.0
CSO-14-9A-HASACA,4.0,1.5,1.5,0.0,0.0,1.0,0.0,0.0,1.5,1.0,2.0,0.5,1.0,1.0,0.0
CSO-14-9A-MARJA,4.0,2.9,1.6,0.0,0.0,0.0,0.0,0.0,2.3,1.0,1.0733333333333333,0.76,1.3,1.1,0.0
CSO-14-9A-SORZU,4.0,3.1578947368421053,1.8421052631578947,0.15789473684210525,0.0,0.0,0.0,0.0,2.210526315789474,1.0,1.1220551378446115,0.7200501253132832,1.2105263157894737,1.0701754385964912,0.0
CSO-14-9B-ERAGA,4.0,3.3333333333333335,4.666666666666667,3.0,0.0,0.0,0.0,0.0,2.0,1.0,3.0,0.5555555555555555,1.0,1.0,0.0
CSO-14-9B-MFEGA,4.0,5.0,4.0,1.0,0.0,0.0,0.0,0.0,3.0,1.0,1.6,0.3,2.0,1.3333333333333333,0.0
CSO-15-10A-LJRAGU,4.0,3.0,1.5,0.0,0.0,0.0,0.0,0.0,2.0,1.0,1.0,0.6666666666666666,1.0,1.0,0.0
CSO-15-10A-MAARLO,4.0,6.5,3.5,0.0,0.0,0.0,0.0,0.0,2.5,1.0,1.0714285714285714,0.19523809523809524,1.5,1.1666666666666665,0.0
CSO-15-10A-SFEGA,4.0,2.6666666666666665,1.3333333333333333,0.0,0.0,0.0,0.0,0.0,2.0,1.0,1.0,0.7777777777777777,1.0,1.0,0.0
CSO-15-10B-MEBUAR,4.0,5.0,2.5,0.0,0.0,0.0,0.0,0.0,2.0,1.0,1.0,0.26666666666666666,1.0,1.0,0.0
CSO-15-10B-YVBUAN,4.0,2.0,1.0,0.0,0.0,0.0,0.0,0.0,2.0,1.0,1.0,1.0,1.0,1.0,0.0
CSO-15-10C-ALBAHO,4.0,3.0,1.5,0.0,0.0,0.0,0.0,0.0,2.0,1.0,1.0,0.6666666666666666,1.0,1.0,0.0
CSO-15-10C-SSCAMO,4.0,3.41025641025641,2.41025641025641,0.2564102564102564,0.0,0.3076923076923077,0.0,0.0,2.58974358974359,1.0,1.4047619047619047,0.6003663003663003,1.5128205128205128,1.1837606837606838,0.0
CSO-15-11C-JETALO,4.0,2.5,1.5,0.0,0.0,0.0,0.0,0.0,2.5,1.0,1.1666666666666665,0.8333333333333333,1.5,1.1666666666666665,0.0
CSO-15-7B-JCRAGA,4.0,4.666666666666667,2.3333333333333335,0.0,0.0,0.0,0.0,0.0,2.0,1.0,1.0,0.2888888888888889,1.0,1.0,0.0
CSO-15-8A-VBMABR,4.0,4.0,2.0,0.0,0.0,0.0,0.0,0.0,2.0,1.0,1.0,0.3333333333333333,1.0,1.0,0.0
CSO-15-8B-KEPOGO,4.0,4.0,2.0,0.0,0.0,0.0,0.0,0.0,2.0,1.0,1.0,0.3333333333333333,1.0,1.0,0.0
CSO-15-9B-ALRIHE,4.0,3.0,2.0,0.0,0.0,0.0,0.0,0.0,3.0,1.0,1.2777777777777777,0.7222222222222222,1.6666666666666667,1.2777777777777777,0.0
CSO-15-9B-AMSAGO,4.0,5.0,3.0,0.0,0.0,0.0,0.0,0.0,3.0,1.0,1.2,0.3,2.0,1.3333333333333333,0.0
CSO-15-9B-JCAPA,4.0,2.3333333333333335,1.1666666666666667,0.0,0.0,0.0,0.0,0.0,2.0,1.0,1.0,0.8888888888888888,1.0,1.0,0.0
CSO-15-9B-KSBEJA,4.0,2.4285714285714284,1.4285714285714286,0.0,0.0,0.0,0.0,0.0,2.4285714285714284,1.0,1.1428571428571428,0.8571428571428571,1.4285714285714286,1.1428571428571428,0.0
CSO-15-9B-RMCHLU,4.0,2.0,1.0,0.0,0.0,0.0,0.0,0.0,2.0,1.0,1.0,1.0,1.0,1.0,0.0
CSO-15-9B-SJAGRO,4.0,7.0,3.5,0.0,0.0,0.0,0.0,0.0,2.0,1.0,1.0,0.17142857142857143,1.0,1.0,0.0
CSO-16-10A-JEGAHE,4.0,5.0,2.5,0.0,0.0,0.0,0.0,0.0,2.0,1.0,1.0,0.26666666666666666,1.0,1.0,0.0
CSO-16-10A-MSACO,4.0,4.4,2.4,0.0,0.0,0.0,0.0,0.0,2.4,1.0,1.1333333333333333,0.5352380952380952,1.4,1.1333333333333333,0.0
CSO-16-10A-SMOUT,4.0,6.0,3.0,0.0,0.0,0.0,0.0,0.0,2.0,1.0,1.0,0.2,1.0,1.0,0.0
CSO-16-10B-JESUGU,4.0,4.0,2.0,0.0,0.0,0.0,0.0,0.0,2.0,1.0,1.0,0.4666666666666667,1.0,1.0,0.0
CSO-16-10B-LTVIFA,4.0,4.0,2.0,0.0,0.0,0.0,0.0,0.0,2.0,1.0,1.0,0.3333333333333333,1.0,1.0,0.0
CSO-16-10B-VVILI,4.0,4.666666666666667,2.3333333333333335,0.0,0.0,0.0,0.0,0.0,2.0,1.0,1.0,0.2888888888888889,1.0,1.0,0.0
CSO-16-10C-MAVAVE,4.0,2.0,1.0,0.0,0.0,0.0,0.0,0.0,2.0,1.0,1.0,1.0,1.0,1.0,0.0
CSO-16-11A-JAVABO,4.0,4.0,2.0,0.0,0.0,0.0,0.0,0.0,2.0,1.0,1.0,0.3333333333333333,1.0,1.0,0.0
CSO-16-11A-JDMUVA,4.0,3.0,2.0,0.0,0.0,0.0,0.0,0.0,3.0,1.0,1.3333333333333333,0.6666666666666666,2.0,1.3333333333333333,0.0
CSO-16-11A-VZAOR,4.0,2.8,1.8,0.0,0.0,0.0,0.0,0.0,2.8,1.0,1.2666666666666666,0.7333333333333333,1.8,1.2666666666666666,0.0
CSO-16-11B-KRORE,4.0,5.0,3.0,0.0,0.0,0.0,0.0,0.0,2.6666666666666665,1.0,1.1587301587301588,0.4857142857142857,1.6666666666666667,1.222222222222222,0.0
CSO-16-11B-LLOZA,4.0,7.0,5.0,0.0,0.0,0.0,0.0,0.0,5.0,1.0,1.4285714285714286,0.23809523809523808,3.0,1.8,0.0
CSO-16-11B-YAROMO,4.0,4.0,2.0,0.0,0.0,0.0,0.0,0.0,2.0,1.0,1.0,0.44000000000000006,1.0,1.0,0.0
CSO-16-9A-JALEMO,4.0,2.0,1.0,0.0,0.0,0.0,0.0,0.0,2.0,1.0,1.0,1.0,1.0,1.0,0.0
CSO-16-9A-JPROSO,4.0,2.5,1.25,0.0,0.0,0.0,0.0,0.0,2.0,1.0,1.0,0.8333333333333333,1.0,1.0,0.0
CSO-16-9A-JSMAGU,4.0,5.666666666666667,3.3333333333333335,0.0,0.0,0.0,0.0,0.0,3.0,1.0,1.180952380952381,0.2634920634920635,2.0,1.3333333333333333,0.0
CSO-16-9B-SJPAJI,4.0,2.0,1.0,0.0,0.0,0.0,0.0,0.0,2.0,1.0,1.0,1.0,1.0,1.0,0.0
CSO-17-10A-YVGOCA,4.0,2.0,1.0,0.0,0.0,0.0,0.0,0.0,2.0,1.0,1.0,1.0,1.0,1.0,0.0
CSO-17-10B-EHECO,4.0,3.0,1.5,0.0,0.0,0.0,0.0,0.0,2.0,1.0,1.0,0.6666666666666666,1.0,1.0,0.0
CSO-17-11A-JDAMO,4.0,2.6666666666666665,1.3333333333333333,0.0,0.0,0.0,0.0,0.0,2.0,1.0,1.0,0.7777777777777777,1.0,1.0,0.0
CSO-17-11A-NPAHE,4.0,3.0,2.0,0.0,0.0,0.0,0.0,0.0,3.0,1.0,1.3333333333333333,0.6666666666666666,2.0,1.3333333333333333,0.0
CSO-17-11A-RLPAIG,4.0,5.75,4.5,0.0,0.0,0.0,0.0,0.0,5.25,1.0,1.55,0.32499999999999996,3.5,1.8833333333333333,0.0
CSO-17-11A-SPUVA,4.0,2.0,1.0,0.0,0.0,0.0,0.0,0.0,2.0,1.0,1.0,1.0,1.0,1.0,0.0
CSO-17-11B-CDBEBU,4.0,2.0,1.0,0.0,0.0,0.0,0.0,0.0,2.0,1.0,1.0,1.0,1.0,1.0,0.0
CSO-17-11C-JDAAG,4.0,4.0,2.0,0.0,0.0,0.0,0.0,0.0,2.0,1.0,1.0,0.3333333333333333,1.0,1.0,0.0
CSO-17-11C-MAPAMA,4.0,2.0,1.0,0.0,0.0,0.0,0.0,0.0,2.0,1.0,1.0,1.0,1.0,1.0,0.0
CSO-17-11C-SARJA,4.0,5.0,3.0,0.0,0.0,0.0,0.0,0.0,3.0,1.0,1.2,0.3,2.0,1.3333333333333333,0.0
CSO-18-11A-ADBAHO,4.0,4.0,2.0,0.0,0.0,0.0,0.0,0.0,2.0,1.0,1.0,0.3333333333333333,1.0,1.0,0.0
CSO-18-9B-MAMOLO,4.0,2.3333333333333335,1.3333333333333333,0.0,0.0,0.0,0.0,0.0,2.3333333333333335,1.0,1.111111111111111,0.8888888888888888,1.3333333333333333,1.111111111111111,0.0
CSO-8-3A-AIPRBR,4.0,8.2,6.0,1.6,0.0,0.0,0.0,0.0,2.6,1.0,1.463131313131313,0.1726118326118326,1.6,1.2,0.0
CSO-8-3A-DAPAVA,4.0,5.25,4.0,1.0,0.0,0.0,0.0,0.0,2.5,1.0,1.525,0.2863095238095238,1.5,1.1666666666666665,0.0
CSO-8-4A-ARAGR,4.0,3.5,4.0,1.0,0.0,0.0,0.0,0.0,3.5,1.0,2.2,0.75,2.0,1.3,0.0
CSO-8-4A-JRAAR,4.0,8.0,6.0,1.0,0.0,0.0,0.0,0.0,4.0,1.0,1.5,0.17857142857142858,2.0,1.5,0.0
CSO-9-2A-EXMOCO,4.0,4.833333333333333,4.5,1.3333333333333333,0.0,0.0,0.0,0.0,3.5,1.0,1.8611111111111114,0.43412698412698414,1.6666666666666667,1.3499999999999999,0.0
CSO-9-4A-AGAPE,4.0,6.0,4.0,0.0,0.0,0.0,0.0,0.0,4.0,1.0,1.3333333333333333,0.26666666666666666,3.0,1.6666666666666667,0.0
CSO-9-4A-DKVIMO,4.0,3.0,4.0,1.0,0.0,1.0,0.0,0.0,3.0,1.0,2.6666666666666665,0.6666666666666666,2.0,1.3333333333333333,0.0
CSO-9-4A-DSMOMU,4.0,2.5789473684210527,1.736842105263158,0.0,0.0,0.42105263157894735,0.0,0.0,2.210526315789474,1.0,1.3508771929824561,0.6842105263157895,1.2777777777777777,1.0925925925925926,0.0
CSO-9-4A-DVGATO,4.0,7.0,8.0,3.0,0.0,0.0,0.0,0.0,4.5,1.0,2.2857142857142856,0.23809523809523808,3.5,1.8333333333333335,0.0
CSO-9-4A-EGCAMO,4.0,2.0,1.0,0.0,0.0,0.0,0.0,0.0,2.0,1.0,1.0,1.0,1.0,1.0,0.0
CSO-9-4A-FAGIGA,4.0,5.75,3.5,0.0,0.0,0.0,0.0,0.0,3.25,1.0,1.1928571428571428,0.2654761904761905,2.0,1.3666666666666667,0.0
CSO-9-4A-KEMOCO,4.0,2.5,1.5,0.0,0.0,0.0,0.0,0.0,2.5,1.0,1.1666666666666665,0.8333333333333333,1.5,1.1666666666666665,0.0
CSO-9-4A-LCOMO,4.0,4.75,3.0,0.0,0.0,0.0,0.0,0.0,3.25,1.0,1.207142857142857,0.4595238095238095,2.25,1.4166666666666665,0.0
CSO-9-4A-MLORO,4.0,4.0,2.111111111111111,0.0,0.0,0.0,0.0,0.0,2.2222222222222223,1.0,1.0592592592592593,0.6121693121693121,1.2222222222222223,1.074074074074074,0.0
CSO-9-4A-MPAME,4.0,4.0,2.0,0.0,0.0,0.0,0.0,0.0,2.0,1.0,1.0,0.3333333333333333,1.0,1.0,0.0
CSO-9-4A-NSARPA,4.0,6.0,4.0,1.0,0.0,0.0,0.0,0.0,2.0,1.0,1.375,0.23809523809523808,1.0,1.0,0.0
CSO-9-4A-YVDITR,4.0,2.5,1.5,0.0,0.0,0.0,0.0,0.0,2.5,1.0,1.1666666666666665,0.8333333333333333,1.5,1.1666666666666665,0.0
