file,wc,nodes,edges,re,pe,l1,l2,l3,lcc,lsc,atd,density,diameter,asp,cc
CDMS-10-4A-JURAN-CorrEtiq.txt,50.0,34.0,49.0,2.0,0.0,0.0,0.0,0.0,34.0,32.0,2.8823529411764706,0.08067226890756303,7.0,3.2481060606060606,0.035130718954248366
CDMS-10-5A-HEPIHO-CorrEtiq.txt,50.0,37.0,49.0,1.0,0.0,0.0,0.0,1.0,37.0,34.0,2.6486486486486487,0.07057057057057058,9.0,3.885885885885886,0.030626780626780627
CDMS-10-5A-KSRAGU-CorrEtiq.txt,50.0,30.0,49.0,1.0,1.0,1.0,1.0,4.0,30.0,29.0,3.2666666666666666,0.10344827586206896,6.0,2.8860215053763443,0.16819624819624818
CDMS-10-5A-SROPU-CorrEtiq.txt,50.0,33.5,49.0,3.0,1.0,1.0,1.0,0.0,33.5,30.0,2.92602495543672,0.08077094474153299,7.0,3.5124777183600715,0.0
CDMS-10-5A-SZURO-CorrEtiq.txt,50.0,41.0,49.0,0.0,0.0,0.0,0.0,1.0,41.0,39.0,2.3902439024390243,0.05975609756097561,10.0,4.5876887340301975,0.027778745644599305
CDMS-10-5B-SRAJA-CorrEtiq.txt,50.0,32.0,49.0,5.0,1.0,0.0,1.0,3.0,32.0,30.0,3.0625,0.0846774193548387,7.0,3.287298387096774,0.0749554367201426
CDMS-10-5C-DAAUSA-CorrEtiq.txt,50.0,31.5,49.0,2.0,2.0,0.0,2.0,1.0,31.5,30.0,3.1118951612903225,0.09462365591397849,7.0,3.0387096774193547,0.041929083461341526
CDMS-10-5C-ICAPA-CorrEtiq.txt,50.0,37.0,49.0,1.0,1.0,0.0,1.0,0.0,37.0,35.0,2.6486486486486487,0.07057057057057058,7.0,3.630867709815078,0.0
CDMS-10-5C-JFALGI-CorrEtiq.txt,50.0,35.0,49.0,1.0,0.0,0.0,0.0,0.0,35.0,33.0,2.8,0.08199643493761141,7.0,3.284126984126984,0.032189542483660134
CDMS-10-5C-MAORTO-CorrEtiq.txt,50.0,34.0,49.0,4.0,6.0,1.0,2.0,2.5,34.0,32.0,2.8823529411764706,0.0766488413547237,9.0,3.837000203307129,0.06701680672268907
CDMS-10-5C-NBEMO-CorrEtiq.txt,50.0,32.0,49.0,3.0,3.0,3.0,2.0,0.0,32.0,30.5,3.0625,0.08266129032258064,7.0,3.462701612903226,0.0
CDMS-10-6B-ASCACO-CorrEtiq.txt,50.0,39.0,49.0,0.0,0.0,0.0,0.0,1.0,39.0,36.0,2.5128205128205128,0.06612685560053981,9.0,3.980431848852901,0.030484330484330486
CDMS-10-6B-JJMOBE-CorrEtiq.txt,50.0,35.0,49.0,2.0,0.0,0.0,0.0,3.0,35.0,33.0,2.8,0.08067226890756303,8.0,3.464094728800611,0.10259103641456582
CDMS-11-4A-GACHSA-CorrEtiq.txt,50.0,35.0,49.0,2.0,0.0,1.0,0.0,1.0,35.0,33.0,2.8,0.07563025210084033,9.0,3.9238095238095236,0.03603603603603604
CDMS-11-5A-EAARCA-CorrEtiq.txt,50.0,35.0,49.0,1.0,1.0,0.0,1.0,1.0,35.0,33.0,2.8,0.07899159663865546,8.0,3.4948051948051946,0.03780454774502394
CDMS-11-5A-MGTHAR-CorrEtiq.txt,50.0,31.0,49.0,2.0,0.0,0.0,0.0,4.0,31.0,28.0,3.161290322580645,0.1010752688172043,6.0,2.8236559139784947,0.15756179304566403
CDMS-11-6A-DFVEBE-CorrEtiq.txt,50.0,33.0,49.0,1.0,1.0,2.0,1.0,0.0,33.0,31.0,2.9696969696969697,0.08522727272727272,6.0,3.129032258064516,0.0
CDMS-11-6A-NMREPR-CorrEtiq.txt,50.0,37.0,49.0,2.0,0.0,0.0,0.0,0.0,37.0,32.0,2.6486486486486487,0.07057057057057058,10.0,4.063063063063063,0.0
CDMS-11-6B-ARAHE-CorrEtiq.txt,50.0,33.0,49.0,1.0,1.0,0.0,1.0,2.0,33.0,32.0,2.9696969696969697,0.08712121212121213,6.0,3.0852272727272725,0.0629625183406696
CDMS-11-6B-AVROTO-CorrEtiq.txt,50.0,40.0,49.0,1.0,0.0,1.0,0.0,2.0,40.0,34.0,2.45,0.06072874493927125,12.0,5.076923076923077,0.0935672514619883
CDMS-11-6B-EAFESA-CorrEtiq.txt,50.0,36.0,49.0,4.0,0.0,4.0,0.0,1.0,36.0,33.0,2.7222222222222223,0.06825396825396825,11.0,4.752252252252252,0.03422619047619048
CDMS-11-6B-EFRGR-CorrEtiq.txt,50.0,29.0,49.0,6.0,3.0,2.0,1.0,18.0,29.0,26.0,3.3793103448275863,0.09721766101076446,7.0,3.2770114942528736,0.1470899470899471
CDMS-11-6B-EROCO-CorrEtiq.txt,50.0,32.0,49.0,1.0,0.0,0.0,0.0,3.0,32.0,28.0,3.0625,0.0967741935483871,6.0,2.881048387096774,0.09926271645021645
CDMS-11-6B-JACUPE-CorrEtiq.txt,50.0,31.0,49.0,2.0,1.0,2.0,1.0,2.0,31.0,30.0,3.161290322580645,0.09274193548387097,6.0,3.1363575268817208,0.06607142857142857
CDMS-11-6B-JDCHBA-CorrEtiq.txt,50.0,31.0,49.0,8.0,1.0,1.0,1.0,6.0,31.0,26.0,3.161290322580645,0.08817204301075268,8.0,3.531182795698925,0.08079877112135178
CDMS-11-6B-JFSAHE-CorrEtiq.txt,50.0,38.0,49.0,2.0,2.0,0.0,1.0,2.0,38.0,33.5,2.5789473684210527,0.06401137980085349,10.0,4.4507247849353115,0.057017543859649134
CDMS-11-6B-JLPENA-CorrEtiq.txt,50.0,36.0,48.0,2.0,0.0,0.0,0.0,2.0,36.0,31.0,2.7222222222222223,0.07301587301587302,8.0,3.645378151260504,0.06126126126126126
CDMS-11-6B-JMARME-CorrEtiq.txt,50.0,40.0,49.0,0.0,0.0,2.0,0.0,0.0,40.0,36.0,2.45,0.06025641025641026,10.0,4.455067155067155,0.0
CDMS-11-6B-JPSAMA-CorrEtiq.txt,50.0,32.0,49.0,5.0,2.0,1.0,1.0,1.0,32.0,31.0,3.0625,0.08266129032258064,9.0,3.8155852883675463,0.04648137480798771
CDMS-11-6B-LESTA-CorrEtiq.txt,50.0,30.0,49.0,3.0,0.0,0.0,0.0,6.0,30.0,28.0,3.2666666666666666,0.10574712643678161,6.0,2.899014778325123,0.2441053391053391
CDMS-11-6B-MAGIMU-CorrEtiq.txt,50.0,35.0,49.0,1.0,0.0,0.0,0.0,1.0,35.0,34.0,2.8,0.08067226890756303,7.0,3.2656226126814363,0.06849547057880391
CDMS-11-6B-MEBRTA-CorrEtiq.txt,50.0,32.0,49.0,5.0,6.0,1.0,2.0,3.0,32.0,30.0,3.0625,0.08669354838709678,7.0,3.288306451612903,0.17825396825396825
CDMS-11-6B-MMAMO-CorrEtiq.txt,50.0,37.0,49.0,1.0,0.0,1.0,0.0,0.0,37.0,35.0,2.6486486486486487,0.06906906906906907,9.0,4.059379217273954,0.01764705882352941
CDMS-11-6B-RSECA-CorrEtiq.txt,50.0,33.0,49.0,4.0,5.0,1.0,4.0,2.0,33.0,30.0,2.9696969696969697,0.07862903225806452,9.0,3.8218413978494623,0.061279461279461274
CDMS-11-6B-SCAPA-CorrEtiq.txt,50.0,36.5,47.0,0.0,0.0,0.0,0.0,0.0,36.5,20.0,2.5758258258258255,0.0717932217932218,11.0,4.134384384384385,0.0
CDMS-11-6B-VZAPE-CorrEtiq.txt,50.0,34.0,49.0,1.0,0.0,0.0,0.0,2.0,34.0,32.0,2.8823529411764706,0.0855614973262032,7.0,3.1363636363636362,0.0775132275132275
CDMS-11-6B-YLNIME-CorrEtiq.txt,50.0,39.0,49.0,2.0,0.0,0.0,0.0,2.0,39.0,32.0,2.5128205128205128,0.06342780026990553,13.0,4.870445344129555,0.0837253193960511
CDMS-11-7C-ICARE-CorrEtiq.txt,50.0,38.5,49.0,0.0,0.0,1.0,0.0,2.0,38.5,36.0,2.545883940620783,0.06720283036072511,9.0,4.108272239851187,0.06321981321981322
CDMS-11-7C-IMOIB-CorrEtiq.txt,50.0,34.0,49.0,1.0,2.0,0.0,1.0,2.0,34.0,32.0,2.8823529411764706,0.08377896613190731,7.0,3.1811056998557,0.09444444444444446
CDMS-11-7C-SALMA-CorrEtiq.txt,50.0,35.0,49.0,2.0,2.0,0.0,1.0,3.0,35.0,33.5,2.8,0.07647058823529412,8.0,3.790552584670232,0.08221971971971972
CDMS-11-7C-SPGAVE-CorrEtiq.txt,50.0,40.0,49.0,1.0,0.0,0.0,0.0,0.0,40.0,37.0,2.45,0.06153846153846154,10.0,4.3076923076923075,0.0
CDMS-12-5A-SRIGO-CorrEtiq.txt,50.0,36.0,49.0,1.0,0.0,0.0,0.0,1.0,36.0,34.0,2.7222222222222223,0.0761904761904762,7.0,3.380952380952381,0.06016313932980599
CDMS-12-6A-FAROPA-CorrEtiq.txt,50.0,36.0,49.0,1.0,2.0,0.0,2.0,2.0,36.0,34.0,2.7222222222222223,0.07301587301587302,9.0,3.8405123168281063,0.045436507936507935
CDMS-12-6A-JGIGA-CorrEtiq.txt,50.0,39.0,49.0,0.0,0.0,0.0,0.0,3.0,39.0,35.0,2.5128205128205128,0.06612685560053981,10.0,4.23974358974359,0.11147741147741147
CDMS-12-6A-JSOTGU-CorrEtiq.txt,50.0,31.0,49.0,6.0,0.0,1.0,0.0,6.0,31.0,28.5,3.161290322580645,0.08602150537634409,9.0,3.657364664441973,0.06954022988505747
CDMS-12-6A-SROAL-CorrEtiq.txt,50.0,31.0,49.0,4.5,1.0,0.0,1.0,0.0,31.0,29.0,3.161290322580645,0.0967741935483871,6.0,2.902763417884386,0.02892857142857143
CDMS-12-6B-IJDAGA-CorrEtiq.txt,50.0,37.0,49.0,1.0,1.0,1.0,1.0,2.0,37.0,34.0,2.6486486486486487,0.07132132132132132,8.0,3.767756832462715,0.04141604010025063
CDMS-12-6B-SCLAG-CorrEtiq.txt,50.0,35.0,49.0,3.0,0.0,1.0,0.0,2.0,35.0,31.0,2.8,0.07647058823529412,8.0,3.6736462268720333,0.03865985801469672
CDMS-12-7C-ARAHE-CorrEtiq.txt,50.0,30.0,49.0,6.0,0.0,0.0,0.0,3.0,30.0,29.0,3.2666666666666666,0.09655172413793103,7.0,3.197701149425287,0.1165079365079365
CDMS-12-7C-CATRAR-CorrEtiq.txt,50.0,37.0,49.0,0.0,0.0,0.0,0.0,1.0,37.0,36.0,2.6486486486486487,0.07357357357357357,7.5,3.6891891891891895,0.03513513513513514
CDMS-12-7C-DLOLO-CorrEtiq.txt,50.0,36.0,49.0,1.0,2.0,0.0,2.0,0.0,36.0,33.0,2.7222222222222223,0.0746031746031746,7.0,3.475268817204301,0.006734693877551021
CDMS-12-7C-JSZAOR-CorrEtiq.txt,50.0,37.0,49.0,2.0,3.0,1.0,2.0,0.0,37.0,30.0,2.6486486486486487,0.06606606606606606,9.0,3.906906906906907,0.0
CDMS-12-7C-MAROBE-CorrEtiq.txt,50.0,40.0,49.0,1.0,2.0,0.0,1.0,0.0,40.0,37.0,2.45,0.06072874493927125,10.0,4.452564102564103,0.0
CDMS-12-7C-VMAPA-CorrEtiq.txt,50.0,34.0,49.0,0.0,1.0,0.0,1.0,2.0,34.0,33.0,2.8823529411764706,0.08377896613190731,8.0,3.40672268907563,0.09625850340136055
CDMS-12-7C-VQURA-CorrEtiq.txt,50.0,36.0,49.0,3.0,2.0,0.0,2.0,0.0,36.0,34.0,2.7222222222222223,0.06945516945516945,8.0,3.824509803921569,0.0
CDMS-13-6B-ASUMO-CorrEtiq.txt,50.0,30.0,49.0,3.0,0.0,2.0,0.0,2.0,30.0,29.0,3.2666666666666666,0.09885057471264368,7.0,3.1908045977011494,0.04587301587301587
CDMS-13-6B-JDTAHE-CorrEtiq.txt,50.0,32.0,49.0,3.0,0.0,1.0,0.0,2.0,32.0,31.0,3.0625,0.09274193548387097,8.0,3.418390804597701,0.026041666666666664
CDMS-13-7C-MVEAR-CorrEtiq.txt,50.0,35.0,49.0,2.0,1.0,0.0,1.0,2.0,35.0,33.0,2.8,0.0773109243697479,8.0,3.507563025210084,0.04810924369747899
CDMS-13-7C-RAIZAC-CorrEtiq.txt,50.0,34.0,49.0,2.0,3.0,0.0,2.0,0.0,34.0,32.0,2.8823529411764706,0.08021390374331551,7.0,3.2923351158645278,0.0
CDMS-13-7C-SSOSLO-CorrEtiq.txt,50.0,33.0,49.0,1.0,0.0,1.0,0.0,3.0,33.0,31.0,2.9696969696969697,0.08901515151515152,7.0,3.170884315906563,0.14619295634920634
CDMS-14-10A-IMORTO-CorrEtiq.txt,50.0,35.0,49.0,3.0,4.0,1.0,2.0,0.0,35.0,33.0,2.8,0.07226890756302522,8.0,3.8776671408250354,0.030423280423280425
CDMS-14-10A-JCVANI-CorrEtiq.txt,50.0,34.0,49.0,2.0,1.0,0.5,1.0,1.0,34.0,31.5,2.8823529411764706,0.08266129032258064,7.0,3.4110595962522936,0.03854166666666667
CDMS-14-5A-LSDUCO-CorrEtiq.txt,50.0,34.0,49.0,3.0,2.0,1.0,1.0,3.0,34.0,32.0,2.8823529411764706,0.07932263814616755,7.0,3.4385026737967914,0.10817700817700818
CDMS-14-6B-KDCAHE-CorrEtiq.txt,50.0,35.0,49.0,3.0,1.0,1.0,1.0,2.0,35.0,34.0,2.8,0.07394957983193277,8.0,3.82174688057041,0.1119047619047619
CDMS-15-10A-AMALOS-CorrEtiq.txt,50.0,34.0,49.0,3.0,0.0,1.0,0.0,1.0,34.0,32.0,2.8823529411764706,0.0784313725490196,8.0,3.7763440860215054,0.060185185185185196
CDMS-15-10A-JJMACH-CorrEtiq.txt,50.0,37.5,49.0,1.0,0.0,0.0,0.0,2.0,37.5,35.0,2.6137980085348507,0.0701359253990833,8.5,4.044279096910676,0.0649122807017544
CDMS-15-10A-MAALRI-CorrEtiq.txt,50.0,37.0,49.0,1.0,1.0,2.0,1.0,2.0,37.0,34.0,2.6486486486486487,0.06756756756756757,9.0,4.458036984352773,0.06296296296296296
CDMS-15-10A-SGOMO-CorrEtiq.txt,50.0,42.0,49.0,0.0,0.0,1.0,0.0,0.0,42.0,37.0,2.3333333333333335,0.05574912891986063,12.0,5.164634146341464,0.0
CDMS-15-10A-SHEGA-CorrEtiq.txt,50.0,36.0,49.0,1.0,1.0,0.0,1.0,1.0,36.0,34.0,2.7222222222222223,0.0746031746031746,8.0,3.7355871914695444,0.03981481481481482
CDMS-15-11B-JEMOLO-CorrEtiq.txt,50.0,35.0,49.0,3.0,0.0,0.0,0.0,0.0,35.0,32.0,2.8,0.0761904761904762,8.0,3.9,0.010544217687074831
CDMS-15-11B-VSAHO-CorrEtiq.txt,50.0,34.0,49.0,1.0,1.0,0.0,1.0,2.0,34.0,33.0,2.8823529411764706,0.08377896613190731,6.0,3.233511586452763,0.020274170274170274
CDMS-16-10A-SGALO-CorrEtiq.txt,50.0,31.0,49.0,5.0,0.0,0.0,0.0,1.5,31.0,28.0,3.161290322580645,0.09462365591397849,7.0,3.2086021505376343,0.07459150326797385
CDMS-16-11B-NGABE-CorrEtiq.txt,50.0,38.0,49.0,1.0,0.0,1.0,0.0,2.0,38.0,33.0,2.5789473684210527,0.06863442389758179,9.0,4.061166429587482,0.06565656565656566
CDMS-18-7C-VVECA-CorrEtiq.txt,50.0,34.0,49.0,2.0,2.0,0.0,2.0,3.0,34.0,31.5,2.8823529411764706,0.08021390374331551,8.0,3.3344474153297683,0.031629318394024275
CDMS-8-4A-DBEVA-CorrEtiq.txt,50.0,39.0,49.0,3.0,0.0,1.0,0.0,0.0,39.0,35.0,2.5128205128205128,0.06072874493927125,10.0,4.3343606764659395,0.0
CDMS-8-4A-DJAVDA-CorrEtiq.txt,50.0,33.5,49.0,3.0,1.0,0.0,1.0,6.0,33.5,31.5,2.92602495543672,0.08450311942959002,7.0,3.2960402342755284,0.027016710887678628
CDMS-8-4A-DOSTR-CorrEtiq.txt,50.0,33.0,49.0,3.0,0.0,0.0,0.0,5.0,33.0,32.0,2.9696969696969697,0.08333333333333333,7.0,3.2632575757575757,0.07352941176470588
CDMS-8-4A-LGOPA-CorrEtiq.txt,50.0,35.0,49.0,3.0,2.0,0.0,2.0,1.0,35.0,31.0,2.8,0.0773109243697479,8.0,3.528735632183908,0.03757440476190477
CDMS-8-4C-JDBUTU-CorrEtiq.txt,50.0,30.0,49.0,2.0,2.0,2.0,2.0,2.0,30.0,30.0,3.2666666666666666,0.0967741935483871,6.0,3.0320197044334973,0.11752136752136752
CDMS-9-4A-ACDUTR-CorrEtiq.txt,50.0,34.0,49.0,4.0,1.0,0.0,1.0,1.0,34.0,31.0,2.8823529411764706,0.08021390374331551,8.0,3.5761904761904764,0.03132716049382716
CDMS-9-4A-CARGA-CorrEtiq.txt,50.0,33.0,49.0,3.0,1.0,1.0,1.0,2.0,33.0,32.0,2.9696969696969697,0.08522727272727272,7.0,3.399193548387097,0.0551948051948052
CDMS-9-4A-CRAAG-CorrEtiq.txt,50.0,35.0,49.0,0.0,0.0,0.0,0.0,2.0,35.0,33.0,2.8,0.08235294117647059,6.0,3.3011363636363638,0.07662337662337662
CDMS-9-4A-EROHI-CorrEtiq.txt,50.0,34.0,49.0,2.0,1.5,0.0,1.5,2.0,34.0,32.0,2.8823529411764706,0.08377896613190731,7.0,3.3172618020815365,0.03432857991681521
CDMS-9-4A-ILOSE-CorrEtiq.txt,50.0,34.0,49.0,4.0,1.0,0.0,1.0,0.0,34.0,31.0,2.823529411764706,0.07787114845938375,9.0,3.629400623885918,0.03435374149659864
CDMS-9-4A-TGAFR-CorrEtiq.txt,50.0,30.0,49.0,5.0,5.0,0.0,2.0,1.0,30.0,28.0,3.2666666666666666,0.09655172413793103,5.0,2.717241379310345,0.041815242946708464
CDMS-9-4C-SCAMO-CorrEtiq.txt,50.0,38.0,49.0,0.0,0.0,0.0,0.0,1.0,38.0,30.0,2.5789473684210527,0.06970128022759602,11.0,3.945945945945946,0.029429429429429426
CDMS-9-5A-ABERO-CorrEtiq.txt,50.0,34.5,49.0,1.0,2.0,1.0,1.0,1.0,34.5,33.0,2.841176470588235,0.0787624140565317,7.5,3.563865546218487,0.03186274509803922
CDMS-9-5A-PAGACO-CorrEtiq.txt,50.0,32.0,49.0,2.0,1.0,0.0,1.0,3.0,32.0,30.0,3.0625,0.09274193548387097,7.0,3.157258064516129,0.05052083333333333
CDMS-9-5A-VVAAR-CorrEtiq.txt,50.0,39.0,49.0,1.0,2.0,1.0,1.0,1.0,39.0,36.0,2.5128205128205128,0.0620782726045884,9.0,4.5465587044534415,0.055555555555555566
CDMS-9-5C-JDMADE-CorrEtiq.txt,50.0,31.0,49.0,1.0,1.0,1.0,1.0,2.0,31.0,29.0,3.161290322580645,0.0989247311827957,6.0,3.021505376344086,0.11222718253968253
CDMS-9-5C-LVIZAC-CorrEtiq.txt,50.0,32.0,49.0,2.0,1.0,1.0,1.0,1.0,32.0,31.0,3.0625,0.08712121212121213,6.0,3.0483870967741935,0.09804538895447987
CDMS-9-5C-MLOGO-CorrEtiq.txt,50.0,34.0,49.0,2.0,4.0,2.0,3.0,3.0,34.0,31.0,2.8823529411764706,0.0748663101604278,9.0,3.701314616755793,0.10007002801120449
CDMS-9-5C-SCAAG-CorrEtiq.txt,50.0,35.0,49.0,0.0,0.0,1.0,0.0,0.0,35.0,33.0,2.8,0.08067226890756303,7.0,3.3693181818181817,0.043265306122448985
CDMS-XX-10A-VGILO-CorrEtiq.txt,50.0,35.0,49.0,3.0,0.5,2.0,0.5,2.0,35.0,31.0,2.8,0.07226890756302522,9.5,4.0891223155929035,0.041666666666666664
CDMS-XX-5C-MJSARU-CorrEtiq.txt,50.0,34.0,49.0,0.0,1.0,0.0,1.0,2.0,34.0,33.0,2.8823529411764706,0.0855614973262032,7.0,3.285204991087344,0.020611577964519137
CDMS-XX-5C-MPCAQU-CorrEtiq.txt,50.0,31.0,49.0,3.0,1.0,0.0,1.0,2.0,31.0,31.0,3.161290322580645,0.09274193548387097,7.0,3.1763440860215053,0.06493506493506493
CDMS-XX-6A-MAGICA-CorrEtiq.txt,50.0,36.0,49.0,4.0,1.0,0.0,1.0,1.0,36.0,33.0,2.7222222222222223,0.07226890756302522,9.0,4.044444444444444,0.03425925925925926
CDMS-XX-6B-SPUCA-CorrEtiq.txt,50.0,37.0,49.0,2.0,0.0,0.0,0.0,1.0,37.0,34.0,2.6486486486486487,0.06906906906906907,10.0,4.12918192918193,0.0543859649122807
CSO-10-4A-ICAPA-CorrEtiq.txt,50.0,34.0,49.0,2.0,0.0,0.0,0.0,3.0,34.0,32.0,2.8823529411764706,0.08199643493761141,7.0,3.269162210338681,0.11221303948576676
CSO-10-4A-KCOMO-CorrEtiq.txt,50.0,33.0,49.0,2.0,2.0,2.0,1.0,1.0,33.0,32.0,2.9696969696969697,0.08377896613190731,8.0,3.155241935483871,0.056954156954156954
CSO-10-4A-LSCAVA-CorrEtiq.txt,50.0,37.0,49.0,1.0,1.0,0.0,1.0,1.0,37.0,33.5,2.6486486486486487,0.07057057057057058,9.0,3.84009009009009,0.03732303732303732
CSO-10-5A-ACAVA-CorrEtiq.txt,50.0,36.0,49.0,3.0,0.0,0.0,0.0,0.0,36.0,34.0,2.7222222222222223,0.07301587301587302,9.0,4.195797315534158,0.011732804232804234
CSO-10-5A-ARACA-CorrEtiq.txt,50.0,34.5,49.0,1.5,1.0,0.0,1.0,3.5,34.5,26.0,2.841176470588235,0.08049401578813344,10.0,4.237349649114355,0.05509914676581343
CSO-10-5A-DABRZA-CorrEtiq.txt,50.0,35.0,49.0,1.0,1.0,1.0,1.0,2.0,35.0,34.0,2.8,0.0766488413547237,11.0,4.2042042042042045,0.08545688545688546
CSO-10-5A-GZAMA-CorrEtiq.txt,50.0,33.0,49.0,4.0,3.0,0.0,2.0,1.0,33.0,31.0,2.9696969696969697,0.08377896613190731,7.0,3.5258467023172906,0.11213517665130569
CSO-10-5A-IPECA-CorrEtiq.txt,50.0,35.0,49.0,2.0,0.0,0.0,0.0,0.0,35.0,34.0,2.8,0.08133435192258723,6.0,3.1541889483065955,0.0
CSO-10-5A-JANORO-CorrEtiq.txt,50.0,32.0,49.0,1.0,2.0,1.0,2.0,3.0,32.0,30.0,3.0625,0.09274193548387097,7.0,3.252016129032258,0.11469534050179211
CSO-10-5A-JBUVE-CorrEtiq.txt,50.0,37.0,49.0,1.0,2.0,0.0,2.0,3.0,37.0,34.0,2.6486486486486487,0.07057057057057058,9.0,3.9474474474474475,0.06428571428571428
CSO-10-5A-JJSEMO-CorrEtiq.txt,50.0,34.0,49.0,1.0,1.0,0.0,1.0,2.0,34.0,32.0,2.8823529411764706,0.08377896613190731,6.0,3.1546218487394957,0.09684237331296155
CSO-10-5A-JLCARI-CorrEtiq.txt,50.0,36.0,49.0,1.0,3.0,1.0,2.0,1.0,36.0,32.0,2.7222222222222223,0.07142857142857142,10.0,4.017171717171717,0.03009259259259259
CSO-10-5A-MAARAN-CorrEtiq.txt,50.0,33.0,48.0,3.0,1.0,0.0,1.0,0.0,33.0,31.0,2.909090909090909,0.08333333333333333,7.0,3.2670454545454546,0.0
CSO-10-5A-MAOSMO-CorrEtiq.txt,50.0,38.0,49.0,1.0,1.0,2.0,1.0,0.0,38.0,25.0,2.5789473684210527,0.06543385490753911,14.0,4.928876244665719,0.031432748538011694
CSO-10-5A-RVMOIB-CorrEtiq.txt,50.0,38.0,49.0,1.0,0.0,0.0,0.0,1.0,38.0,36.0,2.5789473684210527,0.06970128022759602,10.0,4.267425320056899,0.030701754385964914
CSO-10-5A-SVHEES-CorrEtiq.txt,50.0,33.0,49.0,2.0,1.0,1.0,1.0,4.0,33.0,30.0,2.9696969696969697,0.0907258064516129,7.0,3.0786290322580645,0.10033670033670035
CSO-11-5A-MDVOSPE-CorrEtiq.txt,50.0,37.0,49.0,3.0,0.0,0.0,0.0,0.0,37.0,34.0,2.6486486486486487,0.07057057057057058,9.0,3.8978978978978978,0.0
CSO-11-5A-MTAGA-CorrEtiq.txt,50.0,30.0,49.0,4.0,0.0,2.0,0.0,0.0,30.0,29.0,3.2666666666666666,0.09885057471264368,6.0,2.779310344827586,0.0
CSO-11-6A-CAPAMU-CorrEtiq.txt,50.0,36.0,49.0,2.0,3.0,0.0,2.0,1.0,36.0,33.0,2.7222222222222223,0.07184873949579831,9.0,3.872642390289449,0.03508771929824562
CSO-11-6A-DSCACH-CorrEtiq.txt,50.0,35.0,49.0,2.0,0.0,0.0,0.0,0.0,35.0,31.0,2.8,0.0773109243697479,8.0,3.53109243697479,0.0067346938775510205
CSO-11-6A-EROMO-CorrEtiq.txt,50.0,41.0,49.0,0.0,0.0,0.0,0.0,1.0,41.0,37.5,2.3902439024390243,0.05975609756097561,10.0,4.353048780487805,0.04932249322493225
CSO-11-6A-FSOVRE-CorrEtiq.txt,50.0,37.0,49.0,0.0,1.0,0.0,1.0,1.0,37.0,33.0,2.6486486486486487,0.07207207207207207,7.5,3.3528528528528527,0.06422331422331422
CSO-11-6B-ANREVA-CorrEtiq.txt,50.0,37.0,49.0,1.0,2.0,0.0,2.0,0.0,37.0,35.0,2.6486486486486487,0.06906906906906907,8.0,3.9924924924924925,0.0066924066924066924
CSO-11-6B-DISEMO-CorrEtiq.txt,50.0,32.0,49.0,6.0,5.0,1.0,3.0,2.0,32.0,29.0,3.0625,0.0846774193548387,9.0,3.640151515151515,0.038530465949820784
CSO-11-6B-LHFDLACH-CorrEtiq.txt,50.0,37.0,49.0,3.0,1.0,0.0,1.0,0.0,37.0,35.0,2.6486486486486487,0.06970128022759602,9.0,3.980952380952381,0.0095004095004095
CSO-11-6B-RJGIHE-CorrEtiq.txt,50.0,33.0,49.0,4.0,1.0,1.0,1.0,0.0,33.0,32.0,2.9696969696969697,0.08143939393939394,7.0,3.3806818181818183,0.03732638888888889
CSO-11-6B-SFLVA-CorrEtiq.txt,50.0,32.0,49.0,5.0,6.0,1.0,2.0,3.0,32.0,30.0,3.0625,0.0846774193548387,8.0,3.520497311827957,0.18486050986050986
CSO-11-6B-VCOMA-CorrEtiq.txt,50.0,34.0,49.0,2.0,2.0,0.0,2.0,2.0,34.0,32.0,2.8823529411764706,0.08021390374331551,9.0,3.554367201426025,0.03396825396825397
CSO-12-6A-DGISE-CorrEtiq.txt,50.0,33.0,49.0,5.0,0.0,3.0,0.0,1.0,33.0,30.0,2.9696969696969697,0.08021390374331551,7.0,3.4759358288770055,0.03737373737373738
CSO-12-6A-FJOVRE-CorrEtiq.txt,50.0,30.0,49.0,3.0,3.0,2.0,1.0,0.0,30.0,29.0,3.2666666666666666,0.09885057471264368,6.0,2.960591133004926,0.0
CSO-12-6B-LJHEFE-CorrEtiq.txt,50.0,31.0,48.0,3.0,1.0,0.0,1.0,4.0,31.0,30.0,3.096774193548387,0.09260752688172043,7.0,3.5118394536497983,0.14795386904761904
CSO-12-6B-VPAMA-CorrEtiq.txt,50.0,28.0,49.0,6.5,3.0,2.0,2.0,0.0,28.0,27.0,3.5,0.10449735449735449,6.0,2.927146927146927,0.0
CSO-12-7A-DALRE-CorrEtiq.txt,50.0,35.5,49.0,3.0,6.0,1.0,3.0,1.0,35.5,30.0,2.761111111111111,0.06862745098039216,12.0,4.440756302521008,0.03365299823633157
CSO-12-7A-ESALA-CorrEtiq.txt,50.0,36.0,49.0,1.0,2.0,0.0,2.0,0.0,36.0,33.0,2.7222222222222223,0.07301587301587302,9.0,3.906906906906907,0.0
CSO-12-7A-IMERO-CorrEtiq.txt,50.0,33.0,49.0,3.0,1.0,0.0,1.0,0.0,33.0,31.0,2.9696969696969697,0.08377896613190731,8.0,3.5044347651083894,0.04838709677419355
CSO-12-7A-JHEZA-CorrEtiq.txt,50.0,35.0,49.0,2.0,0.0,0.0,0.0,6.0,35.0,32.0,2.8,0.07899159663865546,9.0,3.7031746031746033,0.10006435006435006
CSO-12-7A-LSARAR-CorrEtiq.txt,50.0,33.0,49.0,2.0,0.0,0.0,0.0,2.0,33.0,31.0,2.9696969696969697,0.08901515151515152,7.0,3.1429924242424243,0.0664021164021164
CSO-12-7A-SCAHO-CorrEtiq.txt,50.0,36.0,49.0,1.0,0.0,2.0,0.0,1.0,36.0,33.0,2.7222222222222223,0.0746031746031746,8.0,3.546031746031746,0.049956709956709956
CSO-12-7B-DVAGRO-CorrEtiq.txt,50.0,36.0,49.0,2.5,1.0,0.0,1.0,1.0,36.0,34.0,2.7222222222222223,0.0734827264239029,10.0,4.036786786786786,0.0600925925925926
CSO-12-7B-SMUGU-CorrEtiq.txt,50.0,34.0,49.0,2.0,0.0,0.0,0.0,1.0,34.0,32.0,2.8823529411764706,0.08199643493761141,7.0,3.4571428571428573,0.0574074074074074
CSO-12-7B-SSARA-CorrEtiq.txt,50.0,38.0,49.0,2.0,0.0,0.0,0.0,2.0,38.0,36.0,2.5789473684210527,0.06543385490753911,9.0,4.214714714714715,0.043859649122807015
CSO-12-7B-VHOMA-CorrEtiq.txt,50.0,40.0,49.0,1.0,1.0,0.0,1.0,0.0,40.0,36.0,2.45,0.06025641025641026,13.0,5.385490753911807,0.0
CSO-12-8A-YTOME-CorrEtiq.txt,50.0,35.0,49.0,1.0,0.0,0.0,0.0,3.0,35.0,33.0,2.742857142857143,0.0761904761904762,8.0,3.6025525525525524,0.09065678581807614
CSO-13-6A-ANASA-CorrEtiq.txt,50.0,35.0,48.0,1.0,0.0,1.0,0.0,1.0,35.0,32.0,2.742857142857143,0.07641965877259996,8.0,3.5735930735930737,0.0546000546000546
CSO-13-6B-JETAVE-CorrEtiq.txt,50.0,33.0,49.0,4.5,1.0,0.0,1.0,1.0,33.0,29.5,2.909090909090909,0.08171791443850268,8.0,3.5808439504834193,0.09470521541950114
CSO-13-6B-LFMIES-CorrEtiq.txt,50.0,34.0,49.0,0.0,0.0,0.0,0.0,1.0,34.0,32.0,2.8823529411764706,0.0873440285204991,6.0,3.0677361853832443,0.14133986928104575
CSO-13-6B-LJMAHU-CorrEtiq.txt,50.0,33.0,49.0,3.0,3.0,0.0,1.0,3.0,33.0,31.5,2.9696969696969697,0.08333333333333333,8.0,3.4072526737967914,0.08647951375224103
CSO-13-7A-CDDITR-CorrEtiq.txt,50.0,35.0,49.0,0.0,2.0,0.0,2.0,1.0,35.0,34.0,2.8,0.0773109243697479,7.0,3.3634920634920635,0.029872134038800704
CSO-13-7A-JJATFL-CorrEtiq.txt,50.0,37.0,49.0,3.0,5.0,0.0,2.0,2.0,37.0,26.5,2.6486486486486487,0.06606606606606606,11.0,4.987145792408951,0.06499356499356498
CSO-13-7A-RXCHLU-CorrEtiq.txt,50.0,35.0,49.0,6.0,2.0,0.0,1.0,4.5,35.0,32.0,2.8,0.07308377896613191,8.0,3.9234234234234235,0.017281105990783408
CSO-13-7A-YAMEZA-CorrEtiq.txt,50.0,35.0,49.0,4.0,1.0,0.0,1.0,0.0,35.0,30.0,2.8,0.07524828113063406,9.0,3.694295900178253,0.017283950617283952
CSO-13-8A-KIGAGU-CorrEtiq.txt,50.0,35.0,49.0,3.0,0.0,0.0,0.0,1.0,35.0,33.0,2.8,0.07563025210084033,9.0,3.819327731092437,0.06952380952380953
CSO-13-8A-MBUAN-CorrEtiq.txt,50.0,38.0,49.0,3.0,0.0,2.0,0.0,0.0,38.0,35.0,2.5789473684210527,0.06257066783382573,11.0,4.715377320640479,0.0
CSO-13-8A-MGAAN-CorrEtiq.txt,50.0,37.0,49.0,2.0,0.0,0.0,0.0,0.0,37.0,35.0,2.6486486486486487,0.06906906906906907,9.0,3.8755334281650073,0.040071321321321324
CSO-13-8A-MGAHE-CorrEtiq.txt,50.0,33.0,49.0,5.0,0.0,1.0,0.0,3.0,33.0,26.0,2.9696969696969697,0.08238636363636363,10.0,3.976325757575758,0.022549019607843137
CSO-13-8A-MJAGA-CorrEtiq.txt,50.0,36.0,49.0,1.0,0.0,1.0,0.0,2.0,36.0,33.0,2.7222222222222223,0.0746031746031746,8.0,3.6907563025210086,0.03678678678678679
CSO-13-8A-VHODU-CorrEtiq.txt,50.0,33.0,49.0,1.0,3.0,0.0,2.0,2.0,33.0,32.0,2.9696969696969697,0.08712121212121213,7.0,3.493951612903226,0.1015625
CSO-13-8B-FCJISA-CorrEtiq.txt,50.0,35.0,49.0,1.0,0.0,0.0,0.0,5.0,35.0,34.0,2.8,0.08067226890756303,6.0,3.2857142857142856,0.12993197278911564
CSO-13-8B-JEMABE-CorrEtiq.txt,50.0,32.0,49.0,2.0,2.0,1.0,2.0,3.0,32.0,31.0,3.0625,0.08870967741935484,7.0,3.342809139784946,0.08072916666666667
CSO-13-9B-DMLLLU-CorrEtiq.txt,50.0,34.0,48.0,2.0,0.0,0.0,0.0,0.0,34.0,31.0,2.823529411764706,0.08199643493761141,6.0,2.971479500891266,0.011274509803921568
CSO-14-7A-MVEBE-CorrEtiq.txt,50.0,35.0,49.0,1.0,0.0,1.0,0.0,1.0,35.0,31.5,2.8,0.0773109243697479,8.0,3.810084033613445,0.05353535353535353
CSO-14-7B-EVEGO-CorrEtiq.txt,50.0,33.0,49.0,3.0,0.0,0.0,0.0,3.0,33.0,31.0,2.9696969696969697,0.08901515151515152,7.0,3.2083333333333335,0.060037878787878786
CSO-14-8A-MCIDOS-CorrEtiq.txt,50.0,36.0,49.0,1.5,0.0,0.0,0.0,1.5,36.0,34.0,2.7222222222222223,0.07301587301587302,7.0,3.5865079365079366,0.06219135802469136
CSO-14-8A-SZARA-CorrEtiq.txt,50.0,36.0,49.0,3.0,0.0,1.0,0.0,0.0,36.0,34.0,2.7222222222222223,0.06984126984126984,10.0,4.322822822822823,0.0
CSO-14-8B-JLLORA-CorrEtiq.txt,50.0,31.0,49.0,3.0,1.0,0.0,1.0,2.5,31.0,29.0,3.161290322580645,0.09451242120875046,6.0,2.986185383244207,0.07100178627956405
CSO-14-9A-AEDCAGO-CorrEtiq.txt,50.0,39.0,49.0,0.0,0.0,0.0,0.0,1.0,39.0,35.0,2.4615384615384617,0.0620782726045884,11.0,4.572590011614402,0.0492063492063492
CSO-14-9A-HASACA-CorrEtiq.txt,50.0,35.0,49.0,3.0,0.0,0.0,0.0,2.0,35.0,33.0,2.8,0.0784313725490196,7.0,3.382575757575758,0.08716931216931217
CSO-14-9A-JSMAAL-CorrEtiq.txt,50.0,37.0,49.0,2.0,0.0,2.0,0.0,2.0,37.0,35.0,2.6486486486486487,0.06906906906906907,10.0,4.527738264580369,0.03333333333333334
CSO-14-9A-MARJA-CorrEtiq.txt,50.0,38.0,49.0,2.0,0.0,0.0,0.0,2.0,38.0,35.0,2.5405405405405403,0.06612685560053981,9.0,4.26890756302521,0.05382395382395382
CSO-14-9A-SORZU-CorrEtiq.txt,50.0,36.0,49.0,1.0,1.0,0.0,1.0,1.0,36.0,33.0,2.6666666666666665,0.07142857142857142,9.0,4.13063063063063,0.03469387755102041
CSO-14-9B-ERAGA-CorrEtiq.txt,50.0,31.0,49.0,3.0,2.0,0.0,1.0,4.0,31.0,30.0,3.161290322580645,0.09462365591397849,6.0,3.0418204818584327,0.08005401234567901
CSO-14-9B-MFEGA-CorrEtiq.txt,50.0,37.0,49.0,1.0,0.0,0.0,0.0,2.0,37.0,35.0,2.6486486486486487,0.07142857142857142,10.0,4.219298245614035,0.034188034188034185
CSO-15-10A-LJRAGU-CorrEtiq.txt,50.0,35.0,49.0,1.0,1.0,0.0,1.0,2.0,35.0,33.0,2.8,0.07777777777777778,8.0,3.573109243697479,0.07904761904761906
CSO-15-10A-MAARLO-CorrEtiq.txt,50.0,31.0,47.0,3.0,1.0,2.0,1.0,0.0,31.0,29.0,3.032258064516129,0.08817204301075268,7.0,3.372043010752688,0.013541666666666667
CSO-15-10A-SFEGA-CorrEtiq.txt,50.0,37.0,49.0,0.0,0.0,0.0,0.0,0.0,37.0,34.0,2.6486486486486487,0.07357357357357357,7.0,3.3781512605042017,0.0
CSO-15-10B-MEBUAR-CorrEtiq.txt,50.0,35.0,49.0,3.0,0.0,0.0,0.0,2.0,35.0,33.0,2.8,0.0761904761904762,7.5,3.641690009337068,0.04250700280112045
CSO-15-10B-YVBUAN-CorrEtiq.txt,50.0,38.0,49.0,0.0,2.0,0.0,2.0,0.0,38.0,36.0,2.5789473684210527,0.06685633001422475,10.0,4.387387387387387,0.0
CSO-15-10C-ALBAHO-CorrEtiq.txt,50.0,36.0,49.0,1.0,2.0,0.0,2.0,2.0,36.0,35.0,2.7222222222222223,0.07301587301587302,9.0,3.8603603603603602,0.06929824561403508
CSO-15-10C-SSCAMO-CorrEtiq.txt,50.0,37.0,49.0,3.0,0.0,1.0,0.0,1.0,37.0,33.0,2.6486486486486487,0.06827880512091039,10.0,4.328571428571428,0.04806201550387596
CSO-15-11C-JETALO-CorrEtiq.txt,50.0,36.0,49.0,4.0,1.0,0.0,1.0,1.0,36.0,33.0,2.7222222222222223,0.0705794029323441,10.0,4.104435638646165,0.03671373555840821
CSO-15-8A-VBMABR-CorrEtiq.txt,50.0,35.0,49.0,3.0,2.0,0.0,2.0,0.0,35.0,33.0,2.8,0.0773109243697479,7.0,3.612511671335201,0.0
CSO-15-8B-KEPOGO-CorrEtiq.txt,50.0,40.0,49.0,0.0,0.0,0.0,0.0,0.0,40.0,37.0,2.45,0.06153846153846154,8.5,4.1859130706691685,0.0
CSO-15-9B-ALRIHE-CorrEtiq.txt,50.0,35.0,49.0,1.0,1.0,0.0,1.0,0.0,35.0,33.0,2.8,0.07563025210084033,8.0,3.820168067226891,0.03508771929824562
CSO-15-9B-AMSAGO-CorrEtiq.txt,50.0,38.0,49.0,3.0,3.0,1.0,2.0,1.0,38.0,34.0,2.5789473684210527,0.06401137980085349,11.0,4.722222222222222,0.033796296296296297
CSO-15-9B-JCAPA-CorrEtiq.txt,50.0,36.0,49.0,3.0,0.0,0.0,0.0,1.0,36.0,34.0,2.7222222222222223,0.07301587301587302,9.0,3.9474474474474475,0.0324561403508772
CSO-15-9B-KSBEJA-CorrEtiq.txt,50.0,34.0,49.0,4.0,0.0,0.0,0.0,0.0,34.0,32.0,2.8823529411764706,0.08021390374331551,9.0,3.5757575757575757,0.0
CSO-15-9B-RMCHLU-CorrEtiq.txt,50.0,38.0,49.0,2.0,1.0,0.0,1.0,0.0,38.0,34.0,2.5789473684210527,0.06685633001422475,10.0,4.271255060728745,0.04054054054054054
CSO-15-9B-SJAGRO-CorrEtiq.txt,50.0,38.0,49.0,1.0,0.0,0.0,0.0,0.0,38.0,35.0,2.5789473684210527,0.06827880512091039,10.0,4.453307254623044,0.0
CSO-16-10A-JEGAHE-CorrEtiq.txt,50.0,35.0,49.0,3.0,0.0,0.0,0.0,4.0,35.0,33.0,2.8,0.07591036414565827,9.0,4.0741532976827095,0.12813852813852813
CSO-16-10A-MSACO-CorrEtiq.txt,50.0,35.0,49.0,0.0,0.0,0.0,0.0,1.0,35.0,33.0,2.8,0.08235294117647059,7.0,3.2666666666666666,0.040952380952380955
CSO-16-10A-SARI-CorrEtiq.txt,50.0,37.0,48.0,2.0,4.0,0.0,4.0,0.0,37.0,33.0,2.5945945945945947,0.06156156156156156,10.0,4.310391363022942,0.0
CSO-16-10A-SMOUT-CorrEtiq.txt,50.0,36.0,49.0,1.0,1.0,0.0,1.0,0.0,36.0,34.0,2.7222222222222223,0.07301587301587302,10.0,3.958730158730159,0.0324561403508772
CSO-16-10A-YKMUJO-CorrEtiq.txt,50.0,36.0,49.0,1.0,0.0,0.0,0.0,1.0,36.0,34.0,2.7222222222222223,0.0761904761904762,9.0,3.715873015873016,0.03040123456790124
CSO-16-10B-JESUGU-CorrEtiq.txt,50.0,38.0,49.0,0.0,0.0,0.0,0.0,2.0,38.0,35.0,2.5789473684210527,0.06970128022759602,8.0,3.7280701754385968,0.08835263835263835
CSO-16-10B-VVILI-CorrEtiq.txt,50.0,41.0,49.0,0.0,1.0,0.0,1.0,2.0,41.0,39.0,2.3902439024390243,0.05853658536585366,10.0,4.728048780487805,0.07804878048780488
CSO-16-10C-MAVAVE-CorrEtiq.txt,50.0,41.0,49.0,1.0,0.0,1.0,0.0,0.0,41.0,36.0,2.3902439024390243,0.05853658536585366,10.0,4.709756097560976,0.03252032520325203
CSO-16-11A-JAVABO-CorrEtiq.txt,50.0,33.0,49.0,2.0,0.0,2.0,0.0,1.0,33.0,31.0,2.9696969696969697,0.08712121212121213,6.0,3.0407196969696972,0.034452823162500576
CSO-16-11A-JDMUVA-CorrEtiq.txt,50.0,35.0,49.0,1.0,3.0,0.0,3.0,1.0,35.0,33.0,2.8,0.07563025210084033,8.0,3.5376533189033186,0.04349206349206349
CSO-16-11A-VZAOR-CorrEtiq.txt,50.0,30.0,49.0,7.0,1.0,0.0,1.0,0.0,30.0,29.0,3.2666666666666666,0.09425287356321839,7.0,3.328735632183908,0.05444444444444444
CSO-16-11B-KRORE-CorrEtiq.txt,50.0,32.0,49.0,3.0,0.0,0.0,0.0,2.0,32.0,30.0,3.0625,0.09247311827956989,6.0,2.939516129032258,0.076930596285435
CSO-16-11B-LLOZA-CorrEtiq.txt,50.0,39.0,49.0,1.0,1.0,1.0,1.0,1.0,39.0,35.0,2.5128205128205128,0.06342780026990553,9.5,4.245614035087719,0.03418803418803419
CSO-16-11B-YAROMO-CorrEtiq.txt,50.0,40.0,49.0,1.0,1.0,1.0,1.0,1.0,40.0,34.0,2.45,0.06153846153846154,10.0,4.465587044534413,0.032520325203252036
CSO-16-9A-JALEMO-CorrEtiq.txt,50.0,35.0,49.0,4.0,0.0,1.0,0.0,1.0,35.0,32.5,2.8,0.07394957983193277,8.0,3.8408346134152587,0.04375
CSO-16-9A-JPROSO-CorrEtiq.txt,50.0,39.0,49.0,1.0,1.0,0.0,1.0,1.0,39.0,36.0,2.5128205128205128,0.06342780026990553,10.0,4.522098515519568,0.03583654257595208
CSO-16-9A-JSMAGU-CorrEtiq.txt,50.0,33.0,49.0,1.0,0.0,0.0,0.0,5.0,33.0,31.0,2.9696969696969697,0.09090909090909091,6.0,2.9213709677419355,0.14014823560278108
CSO-16-9B-SJPAJI-CorrEtiq.txt,50.0,37.5,49.0,1.0,0.0,1.0,0.0,0.0,37.5,35.0,2.6137980085348507,0.06942468784574049,8.0,3.6812075233127866,0.009738309738309737
CSO-17-10A-YVGOCA-CorrEtiq.txt,50.0,37.0,49.0,2.0,0.0,1.0,0.0,0.0,37.0,34.0,2.6486486486486487,0.06906906906906907,8.0,3.9144144144144146,0.03020050125313283
CSO-17-10B-EHECO-CorrEtiq.txt,50.0,38.0,49.0,2.0,0.0,0.0,0.0,0.0,38.0,35.0,2.5789473684210527,0.06827880512091039,8.0,3.7425320056899003,0.02826617826617827
CSO-17-10B-YCQUVE.txt,50.0,39.0,49.0,2.0,1.0,3.0,1.0,0.0,39.0,32.0,2.4615384615384617,0.05917678812415654,11.0,4.87948717948718,0.0
CSO-17-11A-DJAPA-CorrEtiq.txt,50.0,31.0,49.0,6.0,0.0,0.0,0.0,3.0,31.0,29.5,3.161290322580645,0.09247311827956989,6.0,3.09247311827957,0.15069124423963134
CSO-17-11A-JDAMO-CorrEtiq.txt,50.0,29.0,49.0,6.0,2.0,0.0,1.0,0.0,29.0,27.0,3.3793103448275863,0.10098522167487685,6.0,2.9806451612903224,0.01954732510288066
CSO-17-11A-NPAHE-CorrEtiq.txt,50.0,39.0,49.0,0.0,0.0,0.0,0.0,0.0,39.0,37.0,2.5128205128205128,0.06612685560053981,10.0,4.144871794871795,0.01574074074074074
CSO-17-11A-RLPAIG-CorrEtiq.txt,50.0,39.0,49.0,1.0,1.0,0.0,1.0,1.0,39.0,38.0,2.5128205128205128,0.06342780026990553,10.0,4.641114982578397,0.01452991452991453
CSO-17-11A-SPUVA-CorrEtiq.txt,50.0,34.0,49.0,4.0,0.0,0.0,0.0,4.0,34.0,34.0,2.8823529411764706,0.0773109243697479,7.0,3.430252100840336,0.06952380952380953
CSO-17-11B-CDBEBU-CorrEtiq.txt,50.0,38.0,48.0,0.0,1.0,1.0,1.0,0.0,38.0,35.5,2.526315789473684,0.06543385490753911,11.0,4.628022759601707,0.0
CSO-17-11C-JDAAG-CorrEtiq.txt,50.0,40.0,49.0,0.0,1.0,0.0,1.0,0.0,40.0,38.0,2.45,0.06153846153846154,11.0,4.577001250781739,0.0
CSO-17-11C-MAPAMA-CorrEtiq.txt,50.0,37.0,49.0,0.0,0.0,1.0,0.0,2.0,37.0,35.0,2.6486486486486487,0.07207207207207207,9.0,4.2807807807807805,0.08205128205128205
CSO-17-11C-MCAAG-CorrEtiq.txt,50.0,41.5,49.0,1.0,1.0,1.0,1.0,0.0,41.5,36.5,2.361788617886179,0.054732868757259,11.0,5.233143482533727,0.0
CSO-17-11C-SARJA-CorrEtiq.txt,50.0,39.0,49.0,1.0,2.0,0.0,2.0,0.0,39.0,35.0,2.5128205128205128,0.0620782726045884,9.0,4.129554655870446,0.0
CSO-18-11A-ADBAHO-CorrEtiq.txt,50.0,38.0,49.0,1.0,0.0,0.0,0.0,0.0,38.0,36.0,2.5789473684210527,0.06827880512091039,9.0,3.768253968253968,0.013888888888888886
CSO-18-9B-MAMOLO-CorrEtiq.txt,50.0,35.0,49.0,2.0,2.0,2.0,2.0,1.0,35.0,32.0,2.8,0.07058823529411765,9.0,3.8857142857142857,0.011904761904761904
CSO-8-3A-AIPRBR-CorrEtiq.txt,50.0,34.0,49.0,3.0,1.0,0.0,1.0,1.0,34.0,32.5,2.8823529411764706,0.0748663101604278,8.5,3.7784059078176724,0.030694980694980695
CSO-8-3A-DAPAVA-CorrEtiq.txt,50.0,35.0,49.0,3.0,1.0,0.0,1.0,2.0,35.0,32.0,2.8,0.07563025210084033,8.0,3.6966966966966965,0.008631772268135905
CSO-8-3A-KVPECO-CorrEtiq.txt,50.0,34.5,49.0,1.5,0.0,0.0,0.0,2.0,34.5,34.0,2.841176470588235,0.08133435192258723,9.0,3.6685510567863506,0.10473389355742296
CSO-8-4A-ARAGR-CorrEtiq.txt,50.0,39.0,49.0,1.0,3.0,1.0,2.0,3.0,39.0,32.0,2.5128205128205128,0.06072874493927125,13.0,5.198717948717949,0.11282051282051284
CSO-8-4A-JRAAR-CorrEtiq.txt,50.0,35.0,49.0,1.0,2.0,0.0,2.0,1.0,35.0,33.0,2.8,0.0773109243697479,8.0,3.46890756302521,0.03469387755102041
CSO-9-2A-EXMOCO-CorrEtiq.txt,50.0,33.0,48.0,3.0,0.0,0.0,0.0,1.0,33.0,30.0,2.909090909090909,0.08450311942959002,7.0,3.3160801564027373,0.10490196078431371
CSO-9-4A-AGAPE-CorrEtiq.txt,50.0,35.0,49.0,1.0,0.0,1.0,0.0,0.0,35.0,31.0,2.8,0.07899159663865546,8.0,3.4705882352941178,0.015869218500797446
CSO-9-4A-DKVIMO-CorrEtiq.txt,50.0,34.0,49.0,5.0,0.0,0.0,0.0,1.0,34.0,31.0,2.8823529411764706,0.08021390374331551,7.0,3.3493761140819966,0.03986928104575164
CSO-9-4A-DSMOMU-CorrEtiq.txt,50.0,35.0,49.0,2.0,0.0,0.0,0.0,2.0,35.0,33.0,2.8,0.07591036414565827,8.0,3.6546546546546548,0.06398809523809523
CSO-9-4A-DVGATO-CorrEtiq.txt,50.0,34.0,49.0,4.0,3.0,0.0,2.0,0.0,34.0,31.0,2.8823529411764706,0.07954545454545454,9.0,3.9037433155080214,0.035364145658263305
CSO-9-4A-EGCAMO-CorrEtiq.txt,50.0,38.0,48.0,1.0,1.0,0.0,1.0,2.0,38.0,24.0,2.526315789473684,0.06543385490753911,13.0,4.477003319108582,0.08427318295739349
CSO-9-4A-FAGIGA-CorrEtiq.txt,50.0,35.0,49.0,3.0,0.0,0.0,0.0,2.0,35.0,33.5,2.8,0.0773109243697479,7.0,3.5941176470588236,0.039285714285714285
CSO-9-4A-GSBRCO-CorrEtiq.txt,50.0,34.0,49.0,2.0,1.0,0.0,1.0,1.0,34.0,32.0,2.8823529411764706,0.08082664884135472,7.0,3.2941176470588234,0.04051995798319328
CSO-9-4A-KEMOCO-CorrEtiq.txt,50.0,34.0,49.0,2.0,1.0,0.0,1.0,1.0,34.0,33.0,2.8823529411764706,0.08110516934046347,8.0,3.4322638146167557,0.04411764705882353
CSO-9-4A-LCOMO-CorrEtiq.txt,50.0,35.0,49.0,2.0,2.0,0.0,2.0,3.0,35.0,32.0,2.8,0.0773109243697479,8.0,3.684993315508021,0.07441077441077441
CSO-9-4A-MLORO-CorrEtiq.txt,50.0,35.0,49.0,3.0,1.0,1.0,1.0,1.0,35.0,32.0,2.8,0.07226890756302522,10.0,4.235553539597657,0.06741780045351474
CSO-9-4A-NSARPA-CorrEtiq.txt,50.0,33.5,49.0,4.0,0.0,0.0,0.0,0.0,33.5,32.0,2.92602495543672,0.08266488413547238,8.0,3.5026992615227908,0.011834733893557423
CSO-9-4A-SLOCA-CorrEtiq.txt,50.0,32.0,49.0,3.0,5.0,2.0,4.0,0.0,32.0,30.0,3.0625,0.0842741935483871,8.0,3.2409579667644186,0.0
CSO-9-4A-YVDITR-CorrEtiq.txt,50.0,30.0,49.0,3.0,1.0,0.0,1.0,3.0,30.0,28.0,3.2666666666666666,0.10574712643678161,6.0,2.92183908045977,0.10997311827956989
