file,wc,nodes,edges,re,pe,l1,l2,l3,lcc,lsc,atd,density,diameter,asp,cc
CDMS-10-4A-JURAN,2.0,7.0,6.0,0.0,0.0,0.0,0.0,0.0,4.0,1.0,0.8571428571428571,0.3333333333333333,2.0,1.3333333333333333,0.5833333333333334
CDMS-10-5A-HEPIHO,2.0,13.5,10.0,0.0,0.0,0.0,0.0,0.0,4.0,1.0,0.7774725274725275,0.12196969696969696,2.0,1.1666666666666667,0.8333333333333333
CDMS-10-5A-KSRAGU,2.0,5.0,4.0,0.0,0.0,0.0,0.0,0.0,3.0,1.0,0.8,0.4,1.0,1.0,1.0
CDMS-10-5A-SROPU,2.0,13.5,11.5,0.0,0.0,0.0,0.0,0.0,4.5,1.0,0.8611111111111112,0.16013071895424835,2.0,1.3666666666666667,0.725
CDMS-10-5A-SZURO,2.0,11.0,7.0,2.0,0.0,0.0,0.0,0.0,3.0,1.0,0.8181818181818182,0.12727272727272726,1.0,1.0,1.0
CDMS-10-5B-SRAJA,2.0,10.0,8.0,0.0,0.0,0.0,0.0,0.0,4.0,1.0,1.0,0.17777777777777778,2.0,1.1666666666666667,0.8333333333333333
CDMS-10-5C-DAAUSA,2.0,6.0,6.0,0.0,0.0,0.0,0.0,0.0,4.0,1.0,1.0,0.4,2.0,1.1666666666666667,0.8333333333333333
CDMS-10-5C-ICAPA,2.0,5.0,3.5,0.5,0.0,0.0,0.0,0.0,3.0,1.0,0.7571428571428571,0.31666666666666665,1.5,1.1666666666666665,0.0
CDMS-10-5C-JFALGI,2.0,7.0,5.0,0.0,0.0,0.0,0.0,0.0,3.0,1.0,0.75,0.23809523809523808,2.0,1.3333333333333333,0.0
CDMS-10-5C-MAORTO,2.0,9.0,8.0,0.0,0.0,0.0,0.0,0.0,4.0,1.0,0.8888888888888888,0.2222222222222222,2.0,1.1666666666666667,0.8333333333333333
CDMS-10-5C-NBEMO,2.0,6.5,5.5,0.0,0.0,0.0,0.0,0.0,3.0,1.0,0.8375,0.325,1.0,1.0,1.0
CDMS-10-6B-ASCACO,2.0,8.0,4.0,0.0,0.0,0.0,0.0,0.0,2.0,1.0,0.5,0.17777777777777778,1.0,1.0,0.0
CDMS-10-6B-JJMOBE,2.0,13.5,11.0,0.0,0.0,0.0,0.0,0.0,7.0,1.0,0.8416666666666666,0.14134199134199132,3.0,1.9277777777777778,0.18333333333333332
CDMS-11-4A-GACHSA,2.0,6.0,4.5,0.0,0.0,0.0,0.0,0.0,3.0,1.0,0.8,0.3333333333333333,1.0,1.0,0.7916666666666667
CDMS-11-5A-EAARCA,2.0,7.0,7.0,0.0,0.0,0.0,0.0,0.0,3.0,1.0,0.8,0.2,1.0,1.0,0.8666666666666666
CDMS-11-5A-MGTHAR,2.0,9.0,9.0,3.0,0.0,0.0,0.0,0.0,5.0,1.0,1.5,0.26666666666666666,2.0,1.4,0.8857142857142858
CDMS-11-6A-DFVEBE,2.0,12.5,13.0,1.5,0.0,0.0,0.0,0.0,6.0,1.0,1.172077922077922,0.186013986013986,2.5,1.5666666666666669,0.7388888888888889
CDMS-11-6A-NMREPR,2.0,12.0,8.0,0.0,0.0,0.0,0.0,0.0,3.0,1.0,0.6666666666666666,0.12121212121212122,1.0,1.0,1.0
CDMS-11-6B-ARAHE,2.0,13.5,10.0,0.0,0.0,0.0,0.0,0.0,4.5,1.0,0.7250000000000001,0.11493506493506495,2.5,1.5333333333333332,0.125
CDMS-11-6B-AVROTO,2.0,8.0,5.5,0.0,0.0,0.0,0.0,0.0,3.0,1.0,0.6515151515151515,0.20238095238095238,1.0,1.0,0.5
CDMS-11-6B-EAFESA,2.0,11.0,11.0,0.0,0.0,0.0,0.0,0.0,4.0,1.0,1.0,0.25,2.0,1.1666666666666667,0.8333333333333333
CDMS-11-6B-EFRGR,2.0,11.5,7.5,0.0,0.0,0.0,0.0,0.0,3.0,1.0,0.5735294117647058,0.12727272727272726,1.5,1.1666666666666665,0.2916666666666667
CDMS-11-6B-EROCO,2.0,9.0,7.0,0.5,0.0,0.0,0.0,0.0,3.0,1.0,0.8333333333333333,0.19444444444444442,1.0,1.0,1.0
CDMS-11-6B-JACUPE,2.0,15.0,17.0,1.0,0.0,1.0,0.0,0.0,6.0,1.0,1.15,0.1523809523809524,2.0,1.6,0.7000000000000001
CDMS-11-6B-JDCHBA,2.0,7.0,6.0,2.0,0.0,0.0,0.0,0.0,5.0,1.0,1.2142857142857142,0.2857142857142857,2.0,1.2,0.27777777777777773
CDMS-11-6B-JFSAHE,2.0,5.0,3.0,0.0,0.0,0.0,0.0,0.0,3.0,1.0,0.6,0.3,1.0,1.0,0.0
CDMS-11-6B-JLPENA,2.0,6.0,4.0,0.0,0.0,0.0,0.0,0.0,2.0,1.0,0.6666666666666666,0.23809523809523808,1.0,1.0,0.0
CDMS-11-6B-JMARME,2.0,11.0,9.0,1.0,0.0,0.0,0.0,0.0,4.0,1.0,0.9090909090909091,0.16666666666666666,2.0,1.3333333333333333,0.5833333333333334
CDMS-11-6B-JPSAMA,2.0,8.0,7.0,1.0,0.0,0.0,0.0,0.0,4.0,1.0,0.9,0.23809523809523808,2.0,1.3333333333333333,0.5833333333333334
CDMS-11-6B-LESTA,2.0,10.0,9.0,1.0,0.0,0.0,0.0,0.0,3.0,1.0,1.0,0.1794871794871795,1.0,1.0,1.0
CDMS-11-6B-MAGIMU,2.0,6.0,6.0,0.0,0.0,0.0,0.0,0.0,3.0,1.0,1.0,0.4,1.0,1.0,1.0
CDMS-11-6B-MEBRTA,2.0,12.0,13.0,1.0,0.0,0.0,0.0,0.0,7.0,1.0,1.21875,0.24523809523809526,2.5,1.592857142857143,0.7250000000000001
CDMS-11-6B-MMAMO,2.0,7.0,8.0,0.0,0.0,0.0,0.0,0.0,3.0,1.0,0.7692307692307693,0.32142857142857145,2.0,1.3333333333333333,0.0
CDMS-11-6B-RSECA,2.0,9.0,6.0,0.0,0.0,0.0,0.0,0.0,3.0,1.0,0.6666666666666666,0.16666666666666666,1.0,1.0,1.0
CDMS-11-6B-SCAPA,2.0,6.0,4.5,0.0,0.0,0.0,0.0,0.0,2.5,1.0,0.6875,0.29166666666666663,1.0,1.0,0.5
CDMS-11-6B-VZAPE,2.0,10.0,7.0,0.0,0.0,0.0,0.0,0.0,4.0,1.0,0.7,0.17142857142857143,2.0,1.3333333333333333,0.5833333333333334
CDMS-11-6B-YLNIME,2.0,13.0,9.0,0.0,0.0,0.0,0.0,0.0,3.0,1.0,0.6923076923076923,0.11538461538461539,2.0,1.3333333333333333,0.0
CDMS-11-7C-ICARE,2.0,7.5,4.5,0.0,0.0,0.0,0.0,0.0,2.5,1.0,0.5833333333333333,0.18333333333333335,1.0,1.0,0.41666666666666663
CDMS-11-7C-IMOIB,2.0,7.0,5.0,0.0,0.0,0.0,0.0,0.0,3.0,1.0,0.75,0.23809523809523808,1.0,1.0,1.0
CDMS-11-7C-SALMA,2.0,8.0,6.0,0.0,0.0,0.0,0.0,0.0,4.0,1.0,1.0,0.2857142857142857,2.0,1.1666666666666667,0.4444444444444444
CDMS-11-7C-SPGAVE,2.0,9.5,9.0,0.0,0.0,0.0,0.0,0.0,4.0,1.0,1.0416666666666665,0.2738095238095238,2.0,1.25,0.8333333333333333
CDMS-12-5A-SRIGO,2.0,9.0,6.5,0.0,0.0,0.0,0.0,0.0,3.5,1.0,0.6846153846153846,0.2141025641025641,2.0,1.25,0.41666666666666663
CDMS-12-6A-JGIGA,2.0,12.0,9.5,0.5,0.0,0.0,0.0,0.0,5.5,1.0,0.8391608391608392,0.14592074592074591,3.0,1.6666666666666665,0.39880952380952384
CDMS-12-6A-JSOTGU,2.0,9.0,5.0,0.0,0.0,0.0,0.0,0.0,3.0,1.0,0.6,0.1388888888888889,2.0,1.3333333333333333,0.0
CDMS-12-6A-SROAL,2.0,8.0,6.0,0.0,0.0,0.0,0.0,0.0,3.0,1.0,0.7333333333333333,0.21428571428571427,1.0,1.0,1.0
CDMS-12-6B-IJDAGA,2.0,9.0,6.0,0.0,0.0,0.0,0.0,0.0,4.0,1.0,0.9375,0.16666666666666666,2.0,1.3333333333333333,0.5333333333333333
CDMS-12-6B-SCLAG,2.0,11.0,7.5,1.0,0.0,0.0,0.0,0.0,3.0,1.0,0.75,0.1409090909090909,1.0,1.0,1.0
CDMS-12-7C-ARAHE,2.0,9.0,5.5,0.0,0.0,0.0,0.0,0.0,3.5,1.0,0.6125,0.1527777777777778,2.0,1.4166666666666665,0.0
CDMS-12-7C-CATRAR,2.0,8.0,7.0,0.0,0.0,0.0,0.0,0.0,3.0,1.0,0.8333333333333334,0.25,1.0,1.0,1.0
CDMS-12-7C-DLOLO,2.0,8.0,6.0,0.0,0.0,0.0,0.0,0.0,3.0,1.0,0.6,0.2857142857142857,2.0,1.3333333333333333,0.0
CDMS-12-7C-JSZAOR,2.0,9.0,6.0,0.0,0.0,0.0,0.0,0.0,3.0,1.0,0.6666666666666666,0.16666666666666666,1.0,1.0,1.0
CDMS-12-7C-MAROBE,2.0,11.0,11.0,0.0,0.0,0.0,0.0,0.0,5.0,1.0,1.0,0.2,3.0,1.7,0.5333333333333333
CDMS-12-7C-VMAPA,2.0,11.5,10.0,0.0,0.0,0.0,0.0,0.0,5.0,1.0,0.8321678321678322,0.19545454545454544,2.0,1.3333333333333333,0.625
CDMS-12-7C-VQURA,2.0,4.0,2.0,0.0,0.0,0.0,0.0,0.0,2.0,1.0,0.5,0.4,1.0,1.0,0.0
CDMS-13-6B-ASUMO,2.0,9.0,9.0,0.0,0.0,0.0,0.0,0.0,3.0,1.0,0.9090909090909091,0.23809523809523808,1.0,1.0,1.0
CDMS-13-6B-JDTAHE,2.0,5.0,4.0,0.0,0.0,0.0,0.0,0.0,3.0,1.0,0.7571428571428571,0.4,1.0,1.0,1.0
CDMS-13-7C-MVEAR,2.0,6.0,3.5,0.0,0.0,0.0,0.0,0.0,3.0,1.0,0.7083333333333333,0.24444444444444444,1.0,1.0,0.4333333333333333
CDMS-13-7C-RAIZAC,2.0,5.0,4.0,0.0,0.0,0.0,0.0,0.0,3.0,1.0,0.8333333333333334,0.4,1.0,1.0,1.0
CDMS-13-7C-SSOSLO,2.0,7.0,7.0,0.0,0.0,0.0,0.0,0.0,4.0,1.0,0.9090909090909091,0.3333333333333333,2.0,1.3333333333333333,0.5833333333333334
CDMS-14-10A-IMORTO,2.0,7.5,5.5,0.0,0.0,0.0,0.0,0.0,4.5,1.0,0.7424242424242424,0.27575757575757576,3.0,1.6333333333333333,0.13888888888888887
CDMS-14-10A-JCVANI,2.0,8.0,6.0,0.0,0.0,0.0,0.0,0.0,3.0,1.0,0.6666666666666666,0.16666666666666666,1.0,1.0,0.5833333333333334
CDMS-14-5A-LSDUCO,2.0,9.0,6.0,1.0,0.0,0.0,0.0,0.0,3.0,1.0,0.7777777777777778,0.16666666666666666,1.0,1.0,0.8333333333333333
CDMS-14-6B-KDCAHE,2.0,7.0,4.5,0.0,0.0,0.0,0.0,0.0,2.5,1.0,0.625,0.23214285714285715,1.0,1.0,0.2916666666666667
CDMS-15-10A-AMALOS,2.0,5.0,4.0,0.0,0.0,0.0,0.0,0.0,3.0,1.0,0.8,0.38095238095238093,1.0,1.0,0.0
CDMS-15-10A-JJMACH,2.0,8.0,7.0,0.0,0.0,0.0,0.0,0.0,3.0,1.0,0.7142857142857143,0.23809523809523808,2.0,1.3333333333333333,0.0
CDMS-15-10A-MAALRI,2.0,13.0,10.0,1.0,0.0,0.0,0.0,0.0,4.0,1.0,0.9090909090909091,0.14102564102564102,2.0,1.1666666666666667,0.8333333333333333
CDMS-15-10A-SGOMO,2.0,5.5,5.5,0.0,0.0,0.0,0.0,0.0,4.0,1.0,1.0,0.45,2.0,1.35,0.7333333333333334
CDMS-15-10A-SHEGA,2.0,15.0,9.0,0.0,0.0,0.0,0.0,0.0,3.0,1.0,0.6026785714285714,0.08695054945054945,1.5,1.1666666666666665,0.5
CDMS-15-11B-JEMOLO,2.0,4.0,3.0,1.0,0.0,0.0,0.0,0.0,2.0,1.0,0.8888888888888888,0.3333333333333333,1.0,1.0,0.0
CDMS-15-11B-VSAHO,2.0,15.0,16.0,0.0,0.0,0.0,0.0,0.0,9.0,1.0,1.0666666666666667,0.1523809523809524,4.0,1.9166666666666667,0.762962962962963
CDMS-16-10A-SGALO,2.0,9.0,8.0,0.0,0.0,0.0,0.0,0.0,5.0,1.0,0.6666666666666666,0.14285714285714285,3.0,1.7,0.3888888888888889
CDMS-16-11B-NGABE,2.0,4.0,2.0,0.0,0.0,0.0,0.0,0.0,2.0,1.0,0.75,0.3333333333333333,1.0,1.0,0.0
CDMS-17-10A-ASSAMO,2.0,3.5,2.0,0.0,0.0,0.0,0.0,0.0,2.5,1.0,0.55,0.65,1.5,1.1666666666666665,0.0
CDMS-18-7C-VVECA,2.0,4.5,3.0,0.0,0.0,0.0,0.0,0.0,2.5,1.0,0.65,0.3666666666666667,1.0,1.0,0.4333333333333333
CDMS-8-4A-DBEVA,2.0,7.0,4.0,0.0,0.0,0.0,0.0,0.0,3.0,1.0,0.5714285714285714,0.19047619047619047,2.0,1.3333333333333333,0.0
CDMS-8-4A-DJAVDA,2.0,5.0,4.0,0.0,0.0,0.0,0.0,0.0,3.0,1.0,0.8,0.4,1.0,1.0,1.0
CDMS-8-4A-DOSTR,2.0,15.0,16.0,0.0,0.0,0.0,0.0,0.0,9.0,1.0,1.1428571428571428,0.17142857142857143,4.0,1.8611111111111112,0.5714285714285714
CDMS-8-4A-LGOPA,2.0,14.0,14.0,1.0,0.0,0.0,0.0,0.0,8.0,1.0,1.0714285714285714,0.15384615384615385,3.0,1.8214285714285714,0.48333333333333334
CDMS-8-4C-JDBUTU,2.0,8.0,7.0,0.0,0.0,0.0,0.0,0.0,4.0,1.0,0.875,0.24404761904761904,2.0,1.1666666666666667,0.8333333333333333
CDMS-9-4A-ACDUTR,2.0,6.0,5.0,0.0,0.0,0.0,0.0,0.0,3.0,1.0,0.8333333333333334,0.26666666666666666,2.0,1.3333333333333333,0.17500000000000002
CDMS-9-4A-CARGA,2.0,15.0,15.0,0.0,0.0,0.0,0.0,0.0,8.0,1.0,0.9821428571428572,0.1382783882783883,3.5,1.7272727272727275,0.6805555555555556
CDMS-9-4A-CRAAG,2.0,9.0,10.0,5.0,0.0,0.0,0.0,0.0,6.0,1.0,1.6666666666666667,0.2777777777777778,2.0,1.5333333333333334,0.7000000000000001
CDMS-9-4A-EROHI,2.0,13.0,9.5,0.0,0.0,0.0,0.0,0.0,4.0,1.0,0.717948717948718,0.1474358974358974,2.0,1.3333333333333333,0.7777777777777778
CDMS-9-4A-ILOSE,2.0,13.0,9.0,1.0,0.0,0.0,0.0,0.0,4.0,1.0,0.6923076923076923,0.10256410256410256,2.0,1.3333333333333333,0.0
CDMS-9-4A-TGAFR,2.0,14.5,11.0,1.0,0.0,0.0,0.0,0.0,4.0,1.0,0.8293269230769231,0.1141025641025641,2.0,1.3333333333333333,0.5833333333333334
CDMS-9-4C-SCAMO,2.0,7.0,5.0,0.0,0.0,0.0,0.0,0.0,3.0,1.0,0.7142857142857143,0.23809523809523808,1.0,1.0,1.0
CDMS-9-5A-ABERO,2.0,15.0,12.0,0.0,0.0,0.0,0.0,0.0,4.0,1.0,0.8,0.11428571428571428,2.0,1.1666666666666667,0.8333333333333333
CDMS-9-5A-PAGACO,2.0,6.5,6.0,0.0,0.0,0.0,0.0,0.0,3.5,1.0,0.8571428571428571,0.3333333333333333,2.0,1.3333333333333333,0.6416666666666667
CDMS-9-5A-VVAAR,2.0,7.0,5.0,3.0,0.0,0.0,0.0,0.0,3.0,1.0,0.9090909090909091,0.23809523809523808,1.0,1.0,1.0
CDMS-9-5C-JDMADE,2.0,10.0,7.0,1.0,0.0,0.0,0.0,0.0,4.0,1.0,1.0,0.15555555555555556,2.0,1.3333333333333333,0.5833333333333334
CDMS-9-5C-LVIZAC,2.0,8.0,5.0,0.0,0.0,0.0,0.0,0.0,2.0,1.0,0.6,0.2,1.0,1.0,0.0
CDMS-9-5C-MLOGO,2.0,9.5,7.0,1.0,0.0,0.0,0.0,0.0,3.5,1.0,0.9090909090909092,0.18181818181818182,1.5,1.1666666666666665,0.6416666666666667
CDMS-9-5C-SCAAG,2.0,9.5,7.0,0.0,0.0,0.0,0.0,0.0,3.0,1.0,0.7333333333333334,0.23333333333333334,1.0,1.0,0.8833333333333333
CDMS-XX-10A-VGILO,2.0,5.0,3.0,0.0,0.0,0.0,0.0,0.0,3.0,1.0,0.6,0.3,2.0,1.3333333333333333,0.0
CDMS-XX-5C-MJSARU,2.0,15.0,16.0,0.0,0.0,0.0,0.0,0.0,6.0,1.0,1.0666666666666667,0.1523809523809524,3.0,1.6,0.5555555555555556
CDMS-XX-5C-MPCAQU,2.0,8.0,6.0,0.0,0.0,0.0,0.0,0.0,3.0,1.0,0.7417582417582418,0.20238095238095238,1.0,1.0,1.0
CDMS-XX-6A-MAGICA,2.0,11.0,7.0,1.0,0.0,0.0,0.0,0.0,3.0,1.0,0.7272727272727273,0.12727272727272726,2.0,1.3333333333333333,0.3333333333333333
CDMS-XX-6B-SPUCA,2.0,6.5,6.5,0.0,0.0,0.0,0.0,0.0,4.0,1.0,1.0,0.31666666666666665,2.0,1.3333333333333333,0.6666666666666666
CSO-10-4A-ICAPA,2.0,8.5,5.5,0.5,0.0,0.0,0.0,0.0,3.5,1.0,0.7013888888888888,0.17857142857142855,2.0,1.3333333333333333,0.16666666666666666
CSO-10-4A-KCOMO,2.0,8.0,6.5,0.0,0.0,0.0,0.0,0.0,3.5,1.0,0.7846153846153847,0.24848484848484848,1.5,1.1666666666666665,0.2916666666666667
CSO-10-4A-LRAVI,2.0,8.0,6.5,0.0,0.0,0.0,0.0,0.0,4.0,1.0,0.8125,0.22619047619047616,2.0,1.25,0.7083333333333333
CSO-10-4A-LSCAVA,2.0,7.0,5.0,0.0,0.0,0.0,0.0,0.0,3.0,1.0,0.7142857142857143,0.23809523809523808,1.0,1.0,0.0
CSO-10-5A-ACAVA,2.0,9.0,7.0,0.0,0.0,0.0,0.0,0.0,4.0,1.0,0.8174603174603174,0.18055555555555555,2.0,1.3333333333333333,0.5833333333333334
CSO-10-5A-ARACA,2.0,10.0,7.0,1.0,0.0,0.0,0.0,0.0,4.0,1.0,0.8,0.15555555555555556,2.0,1.3333333333333333,0.5166666666666667
CSO-10-5A-DABRZA,2.0,10.0,7.0,1.0,0.0,0.0,0.0,0.0,3.0,1.0,0.8,0.15555555555555556,2.0,1.3333333333333333,0.7000000000000001
CSO-10-5A-GZAMA,2.0,9.0,8.0,0.0,0.0,0.0,0.0,0.0,3.0,1.0,0.7272727272727273,0.23809523809523808,1.0,1.0,1.0
CSO-10-5A-IPECA,2.0,27.0,29.0,0.0,0.0,0.0,0.0,0.0,10.0,1.0,1.0740740740740742,0.08262108262108261,4.0,2.2,0.5533333333333333
CSO-10-5A-JANORO,2.0,7.5,5.5,0.0,0.0,0.0,0.0,0.0,3.5,1.0,0.7222222222222222,0.24722222222222223,2.0,1.3333333333333333,0.5833333333333334
CSO-10-5A-JBUVE,2.0,12.5,8.5,0.0,0.0,0.0,0.0,0.0,5.0,1.0,0.6794871794871795,0.1182983682983683,3.5,1.9,0.0
CSO-10-5A-JJSEMO,2.0,5.5,5.5,0.0,0.0,0.0,0.0,0.0,3.5,1.0,0.8392857142857143,0.3571428571428571,1.5,1.0833333333333335,0.8333333333333333
CSO-10-5A-JLCARI,2.0,8.0,6.0,0.0,0.0,0.0,0.0,0.0,4.0,1.0,0.8888888888888888,0.2222222222222222,2.0,1.1666666666666667,0.5833333333333334
CSO-10-5A-MAARAN,2.0,12.0,10.0,0.5,0.0,0.0,0.0,0.0,4.5,1.0,0.8785714285714286,0.1603174603174603,2.5,1.5166666666666666,0.525
CSO-10-5A-MAOSMO,2.0,7.5,5.5,0.0,0.0,0.0,0.0,0.0,3.5,1.0,0.7,0.23888888888888887,2.0,1.3333333333333333,0.2916666666666667
CSO-10-5A-RVMOIB,2.0,14.0,9.0,0.0,0.0,0.0,0.0,0.0,4.0,1.0,0.6666666666666666,0.0989010989010989,2.0,1.3333333333333333,0.5833333333333334
CSO-10-5A-SVHEES,2.0,10.0,6.5,0.5,0.0,0.0,0.0,0.0,3.5,1.0,0.6666666666666666,0.14696969696969697,2.0,1.3333333333333335,0.0
CSO-11-5A-MDVOSPE,2.0,8.0,6.0,0.0,0.0,0.0,0.0,0.0,5.0,1.0,0.8333333333333334,0.21428571428571427,2.0,1.5,0.4666666666666667
CSO-11-5A-MTAGA,2.0,5.5,4.0,0.0,0.0,0.0,0.0,0.0,3.0,1.0,0.9285714285714286,0.35,2.0,1.3166666666666667,0.6916666666666667
CSO-11-6A-CAPAMU,2.0,12.0,7.0,1.0,0.0,0.0,0.0,0.0,3.0,1.0,0.7619047619047619,0.10606060606060606,2.0,1.3333333333333333,0.2592592592592593
CSO-11-6A-DSCACH,2.0,7.0,5.5,0.0,0.0,0.0,0.0,0.0,3.0,1.0,0.7444444444444445,0.26111111111111107,1.5,1.1666666666666665,0.2916666666666667
CSO-11-6A-EROMO,2.0,6.0,5.0,0.0,0.0,0.0,0.0,0.0,3.0,1.0,0.6666666666666666,0.3333333333333333,1.0,1.0,1.0
CSO-11-6A-FSOVRE,2.0,8.0,5.5,0.0,0.0,0.0,0.0,0.0,3.0,1.0,0.775,0.19642857142857142,1.0,1.0,1.0
CSO-11-6B-ANREVA,2.0,11.0,9.0,1.0,0.0,0.0,0.0,0.0,4.0,1.0,0.9090909090909091,0.16363636363636364,2.0,1.3333333333333333,0.5833333333333334
CSO-11-6B-DISEMO,2.0,8.5,5.5,3.0,0.0,0.0,0.0,0.0,3.5,1.0,0.9930555555555556,0.2222222222222222,2.0,1.3333333333333335,0.19444444444444445
CSO-11-6B-LHFDLACH,2.0,8.5,9.0,0.0,0.0,0.0,0.0,0.0,4.5,1.0,0.9375,0.25,2.0,1.3666666666666667,0.5916666666666667
CSO-11-6B-RJGIHE,2.0,7.0,4.0,1.0,0.0,0.0,0.0,0.0,3.0,1.0,0.7142857142857143,0.19047619047619047,2.0,1.3333333333333333,0.0
CSO-11-6B-SFLVA,2.0,9.5,6.5,0.5,0.0,0.0,0.0,0.0,3.5,1.0,0.7388888888888889,0.16515151515151516,1.5,1.1666666666666665,0.9333333333333333
CSO-11-6B-VCOMA,2.0,13.0,9.5,0.0,0.0,0.0,0.0,0.0,3.0,1.0,0.7321428571428572,0.1396103896103896,1.0,1.0,1.0
CSO-12-6A-DGISE,2.0,15.0,9.0,0.0,0.0,0.0,0.0,0.0,4.0,1.0,0.5625,0.10476190476190476,2.0,1.3333333333333333,0.0
CSO-12-6A-FJOVRE,2.0,7.0,4.0,0.0,0.0,0.0,0.0,0.0,3.0,1.0,0.6857142857142857,0.19139194139194138,2.0,1.3333333333333333,0.24166666666666667
CSO-12-6B-GQULO,2.0,13.0,10.0,0.5,0.0,0.0,0.0,0.0,4.5,1.0,0.8090909090909091,0.12777777777777777,2.5,1.6333333333333333,0.3055555555555556
CSO-12-6B-LJHEFE,2.0,12.0,9.0,0.0,0.0,0.0,0.0,0.0,5.0,1.0,1.0,0.14285714285714285,2.0,1.4,0.5833333333333334
CSO-12-6B-VPAMA,2.0,5.5,5.5,0.0,0.0,0.0,0.0,0.0,3.0,1.0,0.9375,0.4,1.0,1.0,1.0
CSO-12-7A-DALRE,2.0,12.0,6.0,0.0,0.0,0.0,0.0,0.0,2.0,1.0,0.5,0.09090909090909091,1.0,1.0,0.0
CSO-12-7A-ESALA,2.0,6.0,6.0,1.0,0.0,0.0,0.0,0.0,3.0,1.0,0.8181818181818182,0.4,1.0,1.0,0.8666666666666666
CSO-12-7A-IMERO,2.0,10.5,6.0,0.0,0.0,0.0,0.0,0.0,2.0,1.0,0.5,0.1505050505050505,1.0,1.0,0.0
CSO-12-7A-JHEZA,2.0,11.0,10.5,0.0,0.0,0.0,0.0,0.0,5.5,1.0,0.90625,0.19093406593406592,3.0,1.6333333333333333,0.6555555555555554
CSO-12-7A-LSARAR,2.0,7.0,5.0,0.0,0.0,0.0,0.0,0.0,3.0,1.0,0.75,0.3333333333333333,2.0,1.3333333333333333,0.0
CSO-12-7A-SCAHO,2.0,7.0,5.0,0.0,0.0,0.0,0.0,0.0,4.0,1.0,0.875,0.23809523809523808,2.0,1.3333333333333333,0.5833333333333334
CSO-12-7B-DVAGRO,2.0,7.0,8.0,0.0,0.0,0.0,0.0,0.0,4.0,1.0,1.1428571428571428,0.38095238095238093,2.0,1.1666666666666667,0.8333333333333333
CSO-12-7B-SMUGU,2.0,7.0,5.0,0.0,0.0,0.0,0.0,0.0,3.0,1.0,0.8888888888888888,0.23809523809523808,1.0,1.0,0.8333333333333333
CSO-12-7B-SSARA,2.0,8.0,6.0,1.0,0.0,0.0,0.0,0.0,3.0,1.0,0.8333333333333333,0.19047619047619047,1.0,1.0,0.7333333333333334
CSO-12-7B-VHOMA,2.0,7.0,5.5,0.0,0.0,0.0,0.0,0.0,4.0,1.0,0.7916666666666667,0.2738095238095238,2.0,1.3333333333333333,0.5833333333333334
CSO-12-8A-YTOME,2.0,8.0,6.0,0.0,0.0,0.0,0.0,0.0,3.0,1.0,0.6666666666666666,0.16666666666666666,1.0,1.0,0.5714285714285714
CSO-13-6A-ANASA,2.0,8.0,7.0,0.0,0.0,0.0,0.0,0.0,4.0,1.0,0.8333333333333334,0.25,2.0,1.3333333333333333,0.5833333333333334
CSO-13-6B-JETAVE,2.0,6.5,4.5,0.0,0.0,0.0,0.0,0.0,3.0,1.0,0.8375,0.34285714285714286,1.0,1.0,1.0
CSO-13-6B-LFMIES,2.0,9.0,9.0,1.0,0.0,0.0,0.0,0.0,4.5,1.0,1.0444444444444443,0.2777777777777778,2.5,1.4166666666666665,0.5583333333333333
CSO-13-6B-LJMAHU,2.0,5.0,3.0,0.0,0.0,0.0,0.0,0.0,3.0,1.0,0.6,0.3,1.0,1.0,0.0
CSO-13-7A-CAPAMU,2.0,5.0,4.0,0.0,0.0,0.0,0.0,0.0,3.0,1.0,0.7142857142857143,0.4,1.0,1.0,1.0
CSO-13-7A-CDDITR,2.0,7.0,6.0,0.0,0.0,0.0,0.0,0.0,3.0,1.0,0.875,0.25,1.0,1.0,1.0
CSO-13-7A-JJATFL,2.0,6.0,4.5,0.0,0.0,0.0,0.0,0.0,3.0,1.0,0.7076923076923077,0.30000000000000004,1.0,1.0,1.0
CSO-13-7A-KRAMA,2.0,12.5,14.0,0.5,0.0,0.0,0.0,0.0,5.0,1.0,1.1538461538461537,0.19347319347319347,2.0,1.3095238095238095,0.8904761904761904
CSO-13-7A-RXCHLU,2.0,9.0,6.0,2.0,0.0,0.0,0.0,0.0,3.0,1.0,0.9230769230769231,0.16666666666666666,1.0,1.0,1.0
CSO-13-7A-YAMEZA,2.0,13.0,12.0,0.0,0.0,0.0,0.0,0.0,7.0,1.0,0.9230769230769231,0.15384615384615385,3.0,1.7142857142857142,0.3444444444444444
CSO-13-7A-YBOSO,2.0,7.0,4.5,0.0,0.0,0.0,0.0,0.0,2.5,1.0,0.6,0.24444444444444444,1.0,1.0,0.5
CSO-13-8A-KIGAGU,2.0,7.0,5.5,0.0,0.0,0.0,0.0,0.0,3.0,1.0,0.7571428571428571,0.22619047619047616,1.5,1.1666666666666665,0.5833333333333334
CSO-13-8A-MBUAN,2.0,9.0,7.0,0.0,0.0,0.0,0.0,0.0,4.0,1.0,0.625,0.17857142857142858,2.0,1.5,0.0
CSO-13-8A-MGAAN,2.0,7.0,5.0,0.0,0.0,0.0,0.0,0.0,3.0,1.0,0.7142857142857143,0.2,2.0,1.3333333333333333,0.5833333333333334
CSO-13-8A-MGAHE,2.0,5.0,4.0,0.0,0.0,0.0,0.0,0.0,3.0,1.0,0.6666666666666666,0.4,1.0,1.0,0.4666666666666667
CSO-13-8A-MJAGA,2.0,8.0,7.0,0.0,0.0,0.0,0.0,0.0,3.0,1.0,0.875,0.25,1.0,1.0,1.0
CSO-13-8A-VHODU,2.0,10.0,7.0,0.0,0.0,0.0,0.0,0.0,4.0,1.0,0.7,0.15555555555555556,2.0,1.3333333333333333,0.5833333333333334
CSO-13-8B-FCJISA,2.0,4.0,2.0,0.0,0.0,0.0,0.0,0.0,2.0,1.0,0.5,0.4,1.0,1.0,0.0
CSO-13-8B-JEMABE,2.0,5.0,4.0,0.0,0.0,0.0,0.0,0.0,3.0,1.0,0.8,0.4,1.0,1.0,0.8055555555555556
CSO-13-9B-DMLLLU,2.0,5.0,4.0,0.0,0.0,0.0,0.0,0.0,3.0,1.0,0.8,0.4,1.0,1.0,1.0
CSO-14-7A-MVEBE,2.0,7.0,4.0,0.0,0.0,0.0,0.0,0.0,3.0,1.0,0.5714285714285714,0.19047619047619047,2.0,1.3333333333333333,0.0
CSO-14-7B-EALHU,2.0,9.0,9.0,0.0,0.0,0.0,0.0,0.0,5.0,1.0,1.025974025974026,0.2813852813852814,2.0,1.3,0.4
CSO-14-7B-EVEGO,2.0,10.0,9.0,1.0,0.0,0.0,0.0,0.0,5.0,1.0,0.9615384615384616,0.2181818181818182,3.0,1.6904761904761905,0.48769841269841263
CSO-14-8A-MCIDOS,2.0,9.0,6.0,2.0,0.0,0.0,0.0,0.0,3.0,1.0,0.8888888888888888,0.16666666666666666,1.0,1.0,1.0
CSO-14-8A-SZARA,2.0,8.5,6.0,0.0,0.0,0.0,0.0,0.0,3.0,1.0,0.75,0.28293650793650793,1.0,1.0,0.8055555555555556
CSO-14-8B-JLLORA,2.0,6.0,4.0,1.0,0.0,0.0,0.0,0.0,3.0,1.0,0.8571428571428571,0.3,1.0,1.0,0.0
CSO-14-9A-AEDCAGO,2.0,5.0,4.0,0.0,0.0,0.0,0.0,0.0,3.0,1.0,0.5714285714285714,0.3333333333333333,1.0,1.0,0.0
CSO-14-9A-HASACA,2.0,10.0,7.0,0.0,0.0,0.0,0.0,0.0,4.0,1.0,0.6666666666666666,0.1388888888888889,3.0,1.6666666666666667,0.0
CSO-14-9A-JSMAAL,2.0,10.5,8.5,1.5,0.0,0.0,0.0,0.0,5.0,1.0,0.95,0.1686868686868687,2.0,1.380952380952381,0.7523809523809524
CSO-14-9A-MARJA,2.0,6.0,4.0,0.0,0.0,0.0,0.0,0.0,3.0,1.0,0.6,0.3,1.0,1.0,0.0
CSO-14-9A-SORZU,2.0,5.0,3.5,0.0,0.0,0.0,0.0,0.0,3.0,1.0,0.8,0.3333333333333333,1.0,1.0,0.2916666666666667
CSO-14-9B-ERAGA,2.0,4.5,3.0,0.0,0.0,0.0,0.0,0.0,2.5,1.0,0.65,0.3333333333333333,1.0,1.0,0.18055555555555555
CSO-14-9B-MFEGA,2.0,8.5,6.5,1.5,0.0,0.0,0.0,0.0,3.5,1.0,0.9242424242424243,0.17424242424242425,1.5,1.0833333333333335,0.6833333333333333
CSO-15-10A-LJRAGU,2.0,8.0,5.0,0.0,0.0,0.0,0.0,0.0,3.0,1.0,0.625,0.25,2.0,1.3333333333333333,0.0
CSO-15-10A-MAARLO,2.0,7.0,6.5,0.0,0.0,0.0,0.0,0.0,3.0,1.0,0.9375,0.25,1.0,1.0,1.0
CSO-15-10A-SFEGA,2.0,11.0,7.0,0.0,0.0,0.0,0.0,0.0,3.0,1.0,0.6363636363636364,0.12727272727272726,1.0,1.0,1.0
CSO-15-10B-MEBUAR,2.0,13.0,11.0,0.0,0.0,0.0,0.0,0.0,5.0,1.0,0.8125,0.15416666666666667,3.0,1.6333333333333333,0.45833333333333337
CSO-15-10B-YVBUAN,2.0,8.0,4.0,0.0,0.0,0.0,0.0,0.0,2.0,1.0,0.5,0.19047619047619047,1.0,1.0,0.0
CSO-15-10C-ALBAHO,2.0,7.0,5.0,0.0,0.0,0.0,0.0,0.0,3.0,1.0,0.6515151515151515,0.25,1.0,1.0,1.0
CSO-15-10C-SSCAMO,2.0,6.0,4.0,0.0,0.0,0.0,0.0,0.0,3.0,1.0,0.6666666666666666,0.3273809523809524,1.0,1.0,0.0
CSO-15-11C-JETALO,2.0,7.0,6.0,0.0,0.0,0.0,0.0,0.0,3.0,1.0,0.7272727272727273,0.2,1.0,1.0,0.5333333333333333
CSO-15-7B-JCRAGA,2.0,5.0,4.0,0.0,0.0,0.0,0.0,0.0,3.0,1.0,0.8,0.4,1.0,1.0,1.0
CSO-15-8A-VBMABR,2.0,5.0,4.0,0.0,0.0,0.0,0.0,0.0,3.0,1.0,0.8,0.4,1.0,1.0,1.0
CSO-15-8B-KEPOGO,2.0,7.0,5.0,1.0,0.0,0.0,0.0,0.0,4.0,1.0,0.8888888888888888,0.23809523809523808,2.0,1.3333333333333333,0.5833333333333334
CSO-15-9B-ALRIHE,2.0,8.0,7.0,0.0,0.0,0.0,0.0,0.0,5.0,1.0,0.7692307692307693,0.23809523809523808,2.0,1.4,0.8666666666666666
CSO-15-9B-AMSAGO,2.0,8.0,6.0,0.0,0.0,0.0,0.0,0.0,3.0,1.0,0.8,0.2857142857142857,1.0,1.0,1.0
CSO-15-9B-JCAPA,2.0,4.5,3.0,0.0,0.0,0.0,0.0,0.0,2.5,1.0,0.7142857142857143,0.3333333333333333,1.0,1.0,0.23333333333333334
CSO-15-9B-KSBEJA,2.0,4.0,3.5,0.0,0.0,0.0,0.0,0.0,3.0,1.0,0.8,0.5333333333333333,1.0,1.0,0.7083333333333333
CSO-15-9B-RMCHLU,2.0,8.0,5.0,0.0,0.0,0.0,0.0,0.0,4.0,1.0,0.5833333333333334,0.17857142857142858,2.0,1.3333333333333333,0.0
CSO-15-9B-SJAGRO,2.0,11.5,8.5,0.0,0.0,0.0,0.0,0.0,5.0,1.0,0.8181818181818181,0.15454545454545454,2.0,1.4047619047619047,0.75
CSO-16-10A-JEGAHE,2.0,10.5,7.5,0.5,0.0,0.0,0.0,0.0,3.5,1.0,0.8117647058823529,0.14520202020202022,2.0,1.3333333333333333,0.2916666666666667
CSO-16-10A-MSACO,2.0,7.5,6.0,0.0,0.0,0.0,0.0,0.0,3.0,1.0,0.7980769230769231,0.23214285714285715,2.0,1.1666666666666667,0.2916666666666667
CSO-16-10A-SARI,2.0,9.5,8.0,0.0,0.0,0.0,0.0,0.0,4.0,1.0,0.8333333333333333,0.19444444444444442,1.5,1.2,0.9333333333333333
CSO-16-10A-SMOUT,2.0,5.5,5.0,0.0,0.0,0.0,0.0,0.0,3.0,1.0,0.8,0.4,1.0,1.0,1.0
CSO-16-10A-YKMUJO,2.0,5.5,6.0,0.0,0.0,0.0,0.0,0.0,4.0,1.0,1.0625,0.6607142857142857,1.5,1.2,0.9333333333333333
CSO-16-10B-JESUGU,2.0,8.0,5.5,0.0,0.0,0.0,0.0,0.0,3.0,1.0,0.6904761904761905,0.18888888888888888,1.0,1.0,1.0
CSO-16-10B-LTVIFA,2.0,6.0,3.0,0.0,0.0,0.0,0.0,0.0,3.0,1.0,0.7142857142857143,0.4,1.0,1.0,1.0
CSO-16-10B-VVILI,2.0,5.0,4.0,0.0,0.0,0.0,0.0,0.0,3.0,1.0,0.8,0.4,1.0,1.0,1.0
CSO-16-10C-MAVAVE,2.0,3.0,2.0,0.0,0.0,0.0,0.0,0.0,2.0,1.0,0.5,0.6666666666666666,1.0,1.0,0.0
CSO-16-11A-JAVABO,2.0,7.0,5.0,0.0,0.0,0.0,0.0,0.0,5.0,1.0,0.75,0.23809523809523808,4.0,2.0,0.0
CSO-16-11A-JDMUVA,2.0,8.0,4.0,0.0,0.0,0.0,0.0,0.0,2.0,1.0,0.5,0.14285714285714285,1.0,1.0,0.0
CSO-16-11A-VZAOR,2.0,5.0,3.0,0.5,0.0,0.0,0.0,0.0,2.0,1.0,0.875,0.3333333333333333,1.0,1.0,0.0
CSO-16-11B-KRORE,2.0,5.0,4.0,0.0,0.0,0.0,0.0,0.0,3.0,1.0,0.9473684210526315,0.4,1.0,1.0,0.4166666666666667
CSO-16-11B-LLOZA,2.0,12.5,11.5,0.0,0.0,0.0,0.0,0.0,7.0,1.0,1.0115384615384615,0.182983682983683,3.0,1.7722222222222221,0.5083333333333333
CSO-16-11B-YAROMO,2.0,5.0,3.0,0.0,0.0,0.0,0.0,0.0,3.0,1.0,0.6,0.3333333333333333,1.0,1.0,0.0
CSO-16-9A-JALEMO,2.0,4.0,4.0,0.0,0.0,0.0,0.0,0.0,3.0,1.0,0.8333333333333334,0.3333333333333333,1.0,1.0,0.5833333333333334
CSO-16-9A-JPROSO,2.0,8.0,5.0,0.0,0.0,0.0,0.0,0.0,4.0,1.0,0.6363636363636364,0.16363636363636364,2.0,1.5,0.0
CSO-16-9A-JSMAGU,2.0,8.0,6.0,0.0,0.0,0.0,0.0,0.0,4.0,1.0,0.8333333333333334,0.2857142857142857,2.0,1.3333333333333333,0.5333333333333333
CSO-16-9B-SJPAJI,2.0,14.0,9.0,0.0,0.0,0.0,0.0,0.0,3.0,1.0,0.6666666666666666,0.0989010989010989,2.0,1.3333333333333333,0.0
CSO-17-10A-YVGOCA,2.0,13.0,7.5,1.0,0.0,0.0,0.0,0.0,3.5,1.0,0.6515151515151515,0.09740259740259741,2.0,1.3333333333333333,0.0
CSO-17-10B-EHECO,2.0,10.0,7.0,0.0,0.0,0.0,0.0,0.0,4.0,1.0,0.7090909090909091,0.17272727272727273,3.0,1.6666666666666665,0.0
CSO-17-10B-YCQUVE,2.0,12.5,7.0,0.0,0.0,0.0,0.0,0.0,2.5,1.0,0.5441176470588236,0.10819327731092437,1.0,1.0,0.5
CSO-17-11A-DJAPA,2.0,6.0,4.0,0.0,0.0,0.0,0.0,0.0,4.0,1.0,0.6666666666666666,0.26666666666666666,3.0,1.6666666666666667,0.0
CSO-17-11A-JDAMO,2.0,6.0,4.0,0.0,0.0,0.0,0.0,0.0,3.0,1.0,0.6904761904761905,0.3,1.0,1.0,0.0
CSO-17-11A-NPAHE,2.0,8.0,5.5,0.0,0.0,0.0,0.0,0.0,4.0,1.0,0.6515151515151515,0.18888888888888888,2.0,1.3333333333333335,0.0
CSO-17-11A-RLPAIG,2.0,6.0,5.5,0.0,0.0,0.0,0.0,0.0,4.0,1.0,0.9,0.3333333333333333,2.5,1.4166666666666665,0.6481481481481481
CSO-17-11A-SPUVA,2.0,4.0,3.0,0.0,0.0,0.0,0.0,0.0,2.0,1.0,0.5,0.3333333333333333,1.0,1.0,0.0
CSO-17-11B-CDBEBU,2.0,4.0,3.0,0.0,0.0,0.0,0.0,0.0,2.5,1.0,0.65,0.5333333333333333,1.0,1.0,0.2916666666666667
CSO-17-11C-JDAAG,2.0,6.0,4.5,0.0,0.0,0.0,0.0,0.0,3.0,1.0,0.7571428571428571,0.29166666666666663,1.0,1.0,1.0
CSO-17-11C-MAPAMA,2.0,7.0,4.0,0.0,0.0,0.0,0.0,0.0,3.0,1.0,0.75,0.19047619047619047,2.0,1.3333333333333333,0.5833333333333334
CSO-17-11C-MCAAG,2.0,6.0,3.0,0.0,0.0,0.0,0.0,0.0,2.0,1.0,0.5,0.2,1.0,1.0,0.0
CSO-17-11C-SARJA,2.0,7.5,4.0,0.0,0.0,0.0,0.0,0.0,2.0,1.0,0.5,0.2,1.0,1.0,0.0
CSO-18-11A-ADBAHO,2.0,12.5,8.0,0.0,0.0,0.0,0.0,0.0,3.0,1.0,0.6396103896103896,0.11308691308691307,1.5,1.1666666666666665,0.5
CSO-18-11B-YLLRE,2.0,7.5,5.5,0.0,0.0,0.0,0.0,0.0,3.5,1.0,0.6944444444444444,0.2111111111111111,1.5,1.2,0.3
CSO-18-9B-MAMOLO,2.0,7.0,5.0,0.0,0.0,0.0,0.0,0.0,3.0,1.0,0.7142857142857143,0.2,2.0,1.3333333333333333,0.4333333333333333
CSO-8-3A-AIPRBR,2.0,7.0,7.0,0.0,0.0,0.0,0.0,0.0,4.0,1.0,0.8,0.3333333333333333,2.0,1.3333333333333333,0.44166666666666665
CSO-8-3A-DAPAVA,2.0,7.5,7.0,1.0,0.0,0.0,0.0,0.0,3.5,1.0,1.1666666666666665,0.2976190476190476,2.0,1.25,0.7083333333333333
CSO-8-3A-KVPECO,2.0,10.0,7.0,0.0,0.0,0.0,0.0,0.0,4.0,1.0,0.7,0.15555555555555556,2.0,1.3333333333333333,0.5833333333333334
CSO-8-4A-ARAGR,2.0,4.0,3.5,1.0,0.0,0.0,0.0,0.0,3.0,1.0,1.2428571428571429,0.7142857142857143,1.0,1.0,0.8333333333333333
CSO-8-4A-JRAAR,2.0,8.0,9.0,2.0,0.0,0.0,0.0,0.0,5.0,1.0,1.2222222222222223,0.2857142857142857,2.0,1.4,0.8666666666666666
CSO-9-2A-EXMOCO,2.0,6.5,4.5,0.0,0.0,0.0,0.0,0.0,3.0,1.0,0.7946428571428572,0.24404761904761904,1.0,1.0,0.8761904761904762
CSO-9-4A-AGAPE,2.0,7.0,5.0,0.0,0.0,0.0,0.0,0.0,3.0,1.0,0.7142857142857143,0.3333333333333333,1.0,1.0,0.6259259259259259
CSO-9-4A-DKVIMO,2.0,7.0,6.0,2.0,0.0,1.0,0.0,0.0,4.0,1.0,1.1666666666666667,0.2857142857142857,2.0,1.5,0.5833333333333334
CSO-9-4A-DSMOMU,2.0,5.0,4.0,0.0,0.0,0.0,0.0,0.0,3.0,1.0,0.8166666666666667,0.4,1.0,1.0,0.5833333333333334
CSO-9-4A-DVGATO,2.0,8.5,8.5,3.0,0.0,0.0,0.0,0.0,5.0,1.0,1.327777777777778,0.2777777777777778,2.0,1.4,0.8222222222222222
CSO-9-4A-EGCAMO,2.0,4.0,3.0,0.0,0.0,0.0,0.0,0.0,3.0,1.0,0.75,0.4,1.0,1.0,0.5833333333333334
CSO-9-4A-FAGIGA,2.0,6.5,5.5,0.0,0.0,0.0,0.0,0.0,4.0,1.0,0.9,0.319047619047619,1.5,1.2,0.9333333333333333
CSO-9-4A-GSBRCO,2.0,11.5,8.0,0.0,0.0,0.0,0.0,0.0,3.0,1.0,0.6931818181818181,0.1318181818181818,1.0,1.0,1.0
CSO-9-4A-KEMOCO,2.0,7.0,4.0,0.0,0.0,0.0,0.0,0.0,3.0,1.0,0.6666666666666666,0.19047619047619047,2.0,1.3333333333333333,0.0
CSO-9-4A-LCOMO,2.0,8.5,6.5,0.0,0.0,0.0,0.0,0.0,3.5,1.0,0.7708333333333333,0.2,1.5,1.0833333333333335,0.611111111111111
CSO-9-4A-MLORO,2.0,5.0,4.0,0.0,0.0,0.0,0.0,0.0,3.0,1.0,0.7571428571428571,0.3666666666666667,1.0,1.0,0.8666666666666666
CSO-9-4A-MPAME,2.0,5.0,4.0,0.0,0.0,0.0,0.0,0.0,3.0,1.0,0.8,0.4,1.0,1.0,1.0
CSO-9-4A-NSARPA,2.0,7.0,6.0,1.0,0.0,0.0,0.0,0.0,3.0,1.0,1.0125,0.29166666666666663,1.0,1.0,1.0
CSO-9-4A-SLOCA,2.0,9.0,6.0,0.0,0.0,0.0,0.0,0.0,3.0,1.0,0.6666666666666666,0.16666666666666666,1.0,1.0,1.0
CSO-9-4A-YVDITR,2.0,6.0,4.0,0.0,0.0,0.0,0.0,0.0,3.0,1.0,0.6571428571428571,0.275,1.5,1.1666666666666665,0.25
