file,wc,nodes,edges,re,pe,l1,l2,l3,lcc,lsc,atd,density,diameter,asp,cc
CDMS-10-4A-JURAN-CorrEtiq.txt,40.0,29.0,39.0,2.0,0.0,0.0,0.0,0.0,29.0,26.0,2.689655172413793,0.09113300492610837,8.0,3.346236559139785,0.04047619047619047
CDMS-10-5A-HEPIHO-CorrEtiq.txt,40.0,31.0,39.0,1.0,0.0,0.0,0.0,0.0,31.0,28.0,2.5161290322580645,0.07956989247311828,9.0,3.8866263440860216,0.0
CDMS-10-5A-KSRAGU-CorrEtiq.txt,40.0,26.0,39.0,4.0,1.0,3.0,1.0,1.0,26.0,24.0,3.0,0.10541310541310542,6.5,3.195384615384615,0.13025030525030523
CDMS-10-5A-SROPU-CorrEtiq.txt,40.0,27.0,39.0,2.0,1.0,1.0,1.0,0.0,27.0,25.0,2.888888888888889,0.09971509971509972,7.0,3.2671794871794875,0.0
CDMS-10-5A-SZURO-CorrEtiq.txt,40.0,33.0,39.0,0.0,0.0,1.0,0.0,0.0,33.0,30.0,2.3636363636363638,0.07102272727272727,10.0,4.737076648841355,0.0
CDMS-10-5B-SRAJA-CorrEtiq.txt,40.0,27.0,39.0,3.0,0.0,0.0,0.0,2.0,27.0,25.0,2.888888888888889,0.09971509971509972,7.0,3.2487533156498674,0.08649698960043788
CDMS-10-5C-DAAUSA-CorrEtiq.txt,40.0,27.0,39.0,2.0,1.5,0.0,1.5,2.0,27.0,25.0,2.888888888888889,0.10256410256410256,7.0,3.198215233042819,0.04880952380952381
CDMS-10-5C-ICAPA-CorrEtiq.txt,40.0,31.0,39.0,0.0,1.0,0.0,1.0,1.0,31.0,28.0,2.5161290322580645,0.08172043010752689,9.0,3.838709677419355,0.035416666666666666
CDMS-10-5C-JFALGI-CorrEtiq.txt,40.0,30.0,39.0,3.0,0.0,0.0,0.0,0.0,30.0,26.0,2.6,0.08387096774193549,9.0,3.756989247311828,0.04375
CDMS-10-5C-MAORTO-CorrEtiq.txt,40.0,31.0,39.0,1.0,0.0,0.0,0.0,1.0,31.0,27.0,2.5161290322580645,0.08172043010752689,9.0,4.09504017882813,0.03979591836734694
CDMS-10-5C-NBEMO-CorrEtiq.txt,40.0,28.0,39.0,1.0,3.0,2.0,2.0,0.0,28.0,26.0,2.7857142857142856,0.08994708994708994,9.0,3.780626780626781,0.0
CDMS-10-6B-ASCACO-CorrEtiq.txt,40.0,32.0,39.0,0.0,0.0,0.0,0.0,1.0,32.0,28.0,2.4375,0.07862903225806452,9.0,3.879032258064516,0.03757440476190476
CDMS-10-6B-JJMOBE-CorrEtiq.txt,40.0,30.0,39.0,1.0,0.0,0.0,0.0,2.0,30.0,28.0,2.6,0.0896551724137931,8.0,3.612945600932253,0.08440065681444993
CDMS-11-4A-GACHSA-CorrEtiq.txt,40.0,29.0,39.0,2.0,1.0,1.0,1.0,1.0,29.0,26.0,2.689655172413793,0.08866995073891626,9.0,3.694581280788177,0.04444444444444444
CDMS-11-5A-EAARCA-CorrEtiq.txt,40.0,29.0,39.0,1.0,1.0,0.0,1.0,1.0,29.0,27.0,2.689655172413793,0.08866995073891626,8.0,3.5123973727422007,0.008608771651040839
CDMS-11-5A-MGTHAR-CorrEtiq.txt,40.0,26.0,39.0,1.0,0.0,0.0,0.0,1.0,26.0,24.0,2.923076923076923,0.11,6.0,2.9433333333333334,0.05761316872427984
CDMS-11-6A-DFVEBE-CorrEtiq.txt,40.0,27.0,39.0,1.0,1.0,1.0,1.0,0.0,27.0,24.0,2.888888888888889,0.09971509971509972,7.0,3.173789173789174,0.0
CDMS-11-6A-NMREPR-CorrEtiq.txt,40.0,33.0,39.0,1.0,0.0,0.0,0.0,0.0,33.0,26.0,2.303030303030303,0.06818181818181818,12.0,5.134469696969697,0.0
CDMS-11-6B-ARAHE-CorrEtiq.txt,40.0,29.0,39.0,1.0,0.0,1.0,0.0,1.0,29.0,27.0,2.689655172413793,0.09359605911330049,7.0,3.3817733990147785,0.043678160919540236
CDMS-11-6B-AVROTO-CorrEtiq.txt,40.0,33.0,39.0,1.0,0.0,0.0,0.0,1.0,33.0,27.0,2.3636363636363638,0.07196969696969698,11.0,4.775401069518717,0.06770833333333334
CDMS-11-6B-EAFESA-CorrEtiq.txt,40.0,29.0,39.0,3.0,0.0,1.0,0.0,1.0,29.0,24.0,2.689655172413793,0.08866995073891626,10.0,4.159934318555008,0.04339981006647674
CDMS-11-6B-EFRGR-CorrEtiq.txt,40.0,25.0,39.0,4.0,2.0,2.0,1.0,7.0,25.0,23.0,3.12,0.10884615384615384,8.0,3.493846153846154,0.12400744416873449
CDMS-11-6B-EROCO-CorrEtiq.txt,40.0,27.0,39.0,0.0,0.0,0.0,0.0,2.0,27.0,25.0,2.888888888888889,0.1111111111111111,5.0,2.740740740740741,0.08065843621399178
CDMS-11-6B-JACUPE-CorrEtiq.txt,40.0,27.0,39.0,1.0,1.0,2.0,1.0,1.0,27.0,25.0,2.888888888888889,0.10052910052910052,7.0,3.230769230769231,0.06790890269151138
CDMS-11-6B-JDCHBA-CorrEtiq.txt,40.0,27.0,39.0,4.0,1.0,1.0,1.0,2.0,27.0,22.0,2.888888888888889,0.09116809116809117,9.0,3.7834757834757835,0.06686507936507936
CDMS-11-6B-JFSAHE-CorrEtiq.txt,40.0,31.0,39.0,2.0,1.0,0.0,1.0,0.0,31.0,26.0,2.5161290322580645,0.07741935483870968,10.0,4.3353578892372,0.03721340388007054
CDMS-11-6B-JLPENA-CorrEtiq.txt,40.0,30.0,39.0,1.0,0.0,0.0,0.0,1.0,30.0,26.0,2.533333333333333,0.08275862068965517,9.0,3.9290322580645163,0.04040404040404041
CDMS-11-6B-JMARME-CorrEtiq.txt,40.0,34.0,39.0,0.0,0.0,0.0,0.0,0.0,34.0,28.0,2.2941176470588234,0.06951871657754011,11.0,4.848484848484849,0.05174840591507258
CDMS-11-6B-JPSAMA-CorrEtiq.txt,40.0,29.0,39.0,3.0,2.0,1.0,1.0,3.0,29.0,25.0,2.689655172413793,0.08620689655172414,10.0,4.176638176638177,0.04958949096880132
CDMS-11-6B-LESTA-CorrEtiq.txt,40.0,28.0,39.0,1.0,0.0,0.0,0.0,1.0,28.0,25.0,2.7857142857142856,0.10317460317460317,7.0,3.2820197044334973,0.10563492063492065
CDMS-11-6B-MAGIMU-CorrEtiq.txt,40.0,30.0,39.0,0.0,0.0,0.0,0.0,1.0,30.0,28.0,2.6,0.0896551724137931,7.0,3.3597701149425285,0.07555555555555556
CDMS-11-6B-MEBRTA-CorrEtiq.txt,40.0,28.0,39.0,3.0,0.0,1.0,0.0,3.0,28.0,26.0,2.7857142857142856,0.08735632183908046,8.0,3.810837438423645,0.1583950617283951
CDMS-11-6B-MMAMO-CorrEtiq.txt,40.0,31.0,39.0,1.0,0.0,1.0,0.0,0.0,31.0,28.0,2.5161290322580645,0.07956989247311828,9.0,4.06040971449759,0.0
CDMS-11-6B-RSECA-CorrEtiq.txt,40.0,28.0,39.0,1.0,3.5,0.0,3.0,1.0,28.0,26.0,2.7857142857142856,0.08781033781033781,9.0,3.8624596774193547,0.0641025641025641
CDMS-11-6B-SCAPA-CorrEtiq.txt,40.0,29.0,39.0,1.0,0.0,0.0,0.0,0.0,29.0,24.5,2.689655172413793,0.09113300492610837,8.0,3.51559934318555,0.0
CDMS-11-6B-VZAPE-CorrEtiq.txt,40.0,29.0,39.0,2.0,0.0,0.0,0.0,1.0,29.0,27.0,2.689655172413793,0.09259259259259259,7.0,3.3846153846153846,0.048
CDMS-11-6B-YLNIME-CorrEtiq.txt,40.0,32.0,39.0,1.0,0.0,0.0,0.0,1.0,32.0,29.0,2.4375,0.07459677419354839,10.0,4.354166666666667,0.04827586206896552
CDMS-11-7C-ICARE-CorrEtiq.txt,40.0,32.0,39.0,0.0,0.0,0.0,0.0,1.0,32.0,29.0,2.4375,0.07862903225806452,9.0,4.165322580645161,0.07077922077922079
CDMS-11-7C-IMOIB-CorrEtiq.txt,40.0,30.0,39.0,1.0,1.0,0.0,1.0,2.0,30.0,27.0,2.6,0.08505747126436781,8.0,3.6699507389162562,0.06989247311827958
CDMS-11-7C-SALMA-CorrEtiq.txt,40.0,30.0,39.0,1.0,2.0,0.0,1.0,2.0,30.0,27.0,2.6,0.08505747126436781,9.0,3.995402298850575,0.09166666666666667
CDMS-11-7C-SPGAVE-CorrEtiq.txt,40.0,32.0,39.0,1.0,0.0,0.0,0.0,0.0,32.0,27.0,2.4375,0.07862903225806452,9.0,3.9780913978494628,0.03655913978494624
CDMS-12-5A-SRIGO-CorrEtiq.txt,40.0,30.0,39.0,1.0,0.0,0.0,0.0,1.0,30.0,27.0,2.6,0.08735632183908046,7.0,3.420689655172414,0.04301075268817204
CDMS-12-6A-FAROPA-CorrEtiq.txt,40.0,30.0,39.0,1.0,1.0,0.0,1.0,1.0,30.0,28.0,2.6,0.08275862068965517,8.0,3.7988505747126435,0.04027777777777777
CDMS-12-6A-JGIGA-CorrEtiq.txt,40.0,30.0,39.0,0.0,0.0,1.0,0.0,2.0,30.0,27.0,2.6,0.08735632183908046,8.0,3.625615763546798,0.05104761904761904
CDMS-12-6A-JSOTGU-CorrEtiq.txt,40.0,28.0,39.0,3.0,0.0,2.0,0.0,1.0,28.0,24.0,2.7857142857142856,0.08994708994708994,8.0,3.812807881773399,0.04047619047619048
CDMS-12-6A-SROAL-CorrEtiq.txt,40.0,27.0,39.0,2.0,0.0,0.0,0.0,0.0,27.0,25.0,2.888888888888889,0.10103378103378102,6.0,3.073268921095008,0.024047619047619047
CDMS-12-6B-IJDAGA-CorrEtiq.txt,40.0,31.0,39.0,0.0,1.0,1.0,1.0,0.0,31.0,28.0,2.5161290322580645,0.07741935483870968,10.0,4.409274193548387,0.013793103448275864
CDMS-12-6B-SCLAG-CorrEtiq.txt,40.0,29.0,39.0,2.0,2.0,1.0,1.0,1.0,29.0,26.0,2.689655172413793,0.08866995073891626,8.0,3.6919540229885057,0.046913580246913576
CDMS-12-7C-ARAHE-CorrEtiq.txt,40.0,26.0,39.0,4.0,0.0,0.0,0.0,3.0,26.0,25.0,3.0,0.10256410256410256,7.0,3.3618233618233617,0.13827160493827162
CDMS-12-7C-CATRAR-CorrEtiq.txt,40.0,32.0,39.0,0.0,0.0,0.0,0.0,1.0,32.0,29.0,2.4375,0.07862903225806452,8.0,4.048655913978495,0.06770833333333334
CDMS-12-7C-DLOLO-CorrEtiq.txt,40.0,30.0,39.0,1.0,2.0,0.0,2.0,0.0,30.0,27.0,2.6,0.08275862068965517,8.0,3.6942528735632183,0.0
CDMS-12-7C-JSZAOR-CorrEtiq.txt,40.0,29.0,39.0,2.0,3.0,1.0,2.0,0.0,29.0,24.0,2.689655172413793,0.08374384236453201,8.0,3.5763546798029555,0.0
CDMS-12-7C-MAROBE-CorrEtiq.txt,40.0,33.0,39.0,1.0,0.0,0.0,0.0,0.0,33.0,27.5,2.3636363636363638,0.07007575757575757,11.0,4.628411247196826,0.0
CDMS-12-7C-VMAPA-CorrEtiq.txt,40.0,30.0,39.0,0.0,1.0,0.0,1.0,0.0,30.0,27.0,2.6,0.0896551724137931,7.0,3.493167010964564,0.0
CDMS-12-7C-VQURA-CorrEtiq.txt,40.0,31.0,39.0,1.0,2.0,0.0,2.0,0.0,31.0,26.0,2.5161290322580645,0.07862903225806452,8.0,3.878939562476826,0.0
CDMS-13-6B-ASUMO-CorrEtiq.txt,40.0,24.0,39.0,2.0,0.0,2.0,0.0,1.0,24.0,23.0,3.25,0.12318840579710146,7.0,2.9746376811594204,0.047817460317460314
CDMS-13-6B-JDTAHE-CorrEtiq.txt,40.0,27.0,39.0,1.0,0.0,1.0,0.0,2.0,27.0,24.0,2.888888888888889,0.10541310541310542,8.0,3.3076923076923075,0.03205128205128205
CDMS-13-7C-MVEAR-CorrEtiq.txt,40.0,31.0,39.0,1.0,0.0,0.0,0.0,1.0,31.0,27.0,2.5161290322580645,0.08172043010752689,8.5,3.8033529318290165,0.04777777777777778
CDMS-13-7C-RAIZAC-CorrEtiq.txt,40.0,28.0,39.0,2.0,3.0,0.0,2.0,0.0,28.0,26.0,2.7857142857142856,0.09788359788359788,7.0,3.2339901477832513,0.0
CDMS-13-7C-SSOSLO-CorrEtiq.txt,40.0,28.0,39.0,1.0,0.0,0.5,0.0,3.0,28.0,26.0,2.7857142857142856,0.09788359788359788,7.0,3.287117735393598,0.12438423645320197
CDMS-14-10A-IMORTO-CorrEtiq.txt,40.0,31.0,39.0,2.0,2.0,1.0,1.0,0.0,31.0,27.0,2.5161290322580645,0.07816091954022988,10.0,4.125,0.01379310344827586
CDMS-14-10A-JCVANI-CorrEtiq.txt,40.0,29.0,39.0,1.0,1.0,0.0,1.0,1.0,29.0,27.0,2.689655172413793,0.08866995073891626,8.0,3.7167487684729066,0.04743589743589744
CDMS-14-5A-LSDUCO-CorrEtiq.txt,40.0,29.0,39.0,2.0,3.0,0.0,1.0,2.0,29.0,26.0,2.689655172413793,0.08374384236453201,9.0,3.728991060025543,0.04285714285714286
CDMS-14-6B-KDCAHE-CorrEtiq.txt,40.0,29.0,39.0,2.0,0.0,1.0,0.0,1.0,29.0,26.0,2.689655172413793,0.08866995073891626,8.0,3.692118226600985,0.07312925170068027
CDMS-15-10A-AMALOS-CorrEtiq.txt,40.0,29.0,39.0,2.0,0.0,0.0,0.0,1.0,29.0,26.0,2.689655172413793,0.08831908831908832,9.0,3.8153846153846156,0.05308641975308642
CDMS-15-10A-JJMACH-CorrEtiq.txt,40.0,32.0,39.0,0.0,0.0,0.0,0.0,1.0,32.0,29.0,2.4375,0.07661290322580645,10.0,4.321969696969697,0.03978494623655914
CDMS-15-10A-MAALCA-CorrEtiq.txt,40.0,32.0,39.0,0.0,0.0,0.0,0.0,0.0,32.0,27.0,2.4375,0.07661290322580645,9.0,4.139112903225806,0.0
CDMS-15-10A-MAALRI-CorrEtiq.txt,40.0,30.0,39.0,1.0,1.0,0.0,1.0,0.0,30.0,25.0,2.533333333333333,0.0832512315270936,10.0,4.0170026881720435,0.04946236559139785
CDMS-15-10A-SGOMO-CorrEtiq.txt,40.0,34.0,39.0,0.0,0.0,1.0,0.0,0.0,34.0,29.0,2.2941176470588234,0.0677361853832442,11.0,4.857397504456328,0.0
CDMS-15-10A-SHEGA-CorrEtiq.txt,40.0,30.0,39.0,1.0,1.0,0.0,1.0,1.0,30.0,28.0,2.6,0.08620689655172414,9.0,3.806896551724138,0.04655577956989247
CDMS-15-11B-JEMOLO-CorrEtiq.txt,40.0,30.0,39.0,2.0,0.0,0.0,0.0,0.0,30.0,26.0,2.6,0.08387096774193549,10.0,4.220689655172414,0.020987654320987655
CDMS-15-11B-VSAHO-CorrEtiq.txt,40.0,29.0,39.0,1.0,1.0,0.0,1.0,1.0,29.0,26.0,2.689655172413793,0.09359605911330049,7.0,3.357142857142857,0.017241379310344827
CDMS-16-10A-SGALO-CorrEtiq.txt,40.0,29.0,39.0,2.0,0.0,0.0,0.0,1.0,29.0,26.0,2.689655172413793,0.0896551724137931,8.0,3.693349753694581,0.03704637096774194
CDMS-16-11B-NGABE-CorrEtiq.txt,40.0,31.0,39.0,1.0,0.0,0.0,0.0,1.0,31.0,27.0,2.5161290322580645,0.08275862068965517,9.0,3.942528735632184,0.0773809523809524
CDMS-17-10A-ASSAMO-CorrEtiq.txt,40.0,31.5,39.0,1.0,1.0,1.0,1.0,0.0,31.5,26.0,2.476814516129032,0.07500000000000001,11.0,4.434610215053763,0.0
CDMS-18-7C-VVECA-CorrEtiq.txt,40.0,29.0,39.0,2.0,1.0,0.0,1.0,2.0,29.0,27.0,2.689655172413793,0.09113300492610837,8.0,3.374338624338624,0.0375615763546798
CDMS-8-4A-DBEVA-CorrEtiq.txt,40.0,33.0,39.0,2.0,0.0,1.0,0.0,0.0,33.0,29.0,2.3636363636363638,0.06818181818181818,13.0,5.388257575757576,0.0
CDMS-8-4A-DJAVDA-CorrEtiq.txt,40.0,30.0,39.0,1.0,1.0,0.0,1.0,0.0,30.0,28.0,2.6,0.08735632183908046,8.0,3.5924969542878333,0.0
CDMS-8-4A-DOSTR-CorrEtiq.txt,40.0,29.0,39.0,2.0,0.0,0.0,0.0,1.0,29.0,27.0,2.689655172413793,0.08994708994708994,8.0,3.532995803685459,0.0503968253968254
CDMS-8-4A-LGOPA-CorrEtiq.txt,40.0,29.5,39.0,2.0,1.0,0.0,1.0,2.0,29.5,26.0,2.6448275862068966,0.08505747126436781,9.0,3.8557673208326713,0.04479166666666667
CDMS-8-4C-JDBUTU-CorrEtiq.txt,40.0,24.0,39.0,2.0,2.0,2.0,1.0,1.0,24.0,23.0,3.1666666666666665,0.11594202898550725,6.0,3.0484330484330484,0.10203373015873017
CDMS-9-4A-ACDUTR-CorrEtiq.txt,40.0,28.0,39.0,2.0,1.0,0.0,1.0,0.0,28.0,25.0,2.7857142857142856,0.09259259259259259,8.0,3.5675596816976127,0.016754971219256933
CDMS-9-4A-CARGA-CorrEtiq.txt,40.0,27.0,39.0,3.0,2.0,1.0,2.0,0.0,27.0,25.0,2.888888888888889,0.09113300492610837,9.0,3.8275862068965516,0.01149425287356322
CDMS-9-4A-CRAAG-CorrEtiq.txt,40.0,29.0,39.0,0.0,0.0,0.0,0.0,2.0,29.0,27.0,2.689655172413793,0.0896551724137931,7.0,3.446953405017921,0.0707482993197279
CDMS-9-4A-EROHI-CorrEtiq.txt,40.0,29.0,39.0,1.0,1.0,0.0,1.0,2.0,29.0,26.0,2.689655172413793,0.09113300492610837,8.0,3.4563218390804598,0.04386446886446886
CDMS-9-4A-ILOSE-CorrEtiq.txt,40.0,30.0,39.0,2.0,0.0,0.0,0.0,0.0,30.0,27.0,2.6,0.08505747126436781,9.0,3.7710093445980544,0.03854166666666667
CDMS-9-4A-TGAFR-CorrEtiq.txt,40.0,26.0,39.0,3.0,4.0,0.0,2.0,0.0,26.0,23.0,3.0,0.10717948717948719,6.0,2.9288461538461537,0.009854497354497354
CDMS-9-4C-SCAMO-CorrEtiq.txt,40.0,33.0,39.0,0.0,0.0,0.0,0.0,1.0,31.0,24.0,2.303030303030303,0.07007575757575757,10.0,4.280099255583126,0.044704433497536944
CDMS-9-5A-ABERO-CorrEtiq.txt,40.0,29.0,39.0,1.0,2.0,0.0,1.0,0.0,29.0,27.5,2.689655172413793,0.08866995073891626,8.0,3.8367998540412334,0.0
CDMS-9-5A-PAGACO-CorrEtiq.txt,40.0,27.0,39.0,1.0,0.0,0.0,0.0,3.0,27.0,25.0,2.888888888888889,0.10256410256410256,7.0,3.11004884004884,0.060596707818930035
CDMS-9-5A-VVAAR-CorrEtiq.txt,40.0,33.0,39.0,1.0,2.0,1.0,1.0,1.0,33.0,28.0,2.3636363636363638,0.06818181818181818,11.0,5.135416666666666,0.06565656565656566
CDMS-9-5C-JDMADE-CorrEtiq.txt,40.0,27.0,39.0,0.0,1.0,1.0,1.0,1.0,27.0,25.0,2.888888888888889,0.10541310541310542,7.0,3.1893569393569394,0.08585164835164835
CDMS-9-5C-LVIZAC-CorrEtiq.txt,40.0,28.0,39.0,1.0,1.0,1.0,1.0,1.0,28.0,26.0,2.7857142857142856,0.09788359788359788,7.0,3.355101679929266,0.07517636684303351
CDMS-9-5C-MLOGO-CorrEtiq.txt,40.0,28.0,39.0,2.0,3.0,0.0,2.0,2.0,28.0,24.0,2.7857142857142856,0.08866995073891626,9.0,3.541871921182266,0.08677248677248678
CDMS-9-5C-SCAAG-CorrEtiq.txt,40.0,30.0,39.0,0.0,0.0,1.0,0.0,0.0,30.0,27.0,2.6,0.08735632183908046,7.0,3.4827586206896552,0.0
CDMS-XX-10A-VGILO-CorrEtiq.txt,40.0,29.0,39.0,2.0,0.0,1.0,0.0,0.0,29.0,24.0,2.689655172413793,0.08374384236453201,10.0,4.052873563218391,0.0
CDMS-XX-5C-MJSARU-CorrEtiq.txt,40.0,31.0,39.0,0.0,0.0,0.0,0.0,0.0,31.0,28.0,2.5161290322580645,0.08387096774193549,8.0,3.569076751946607,0.0
CDMS-XX-5C-MPCAQU-CorrEtiq.txt,40.0,28.0,39.0,2.0,0.0,0.0,0.0,1.0,28.0,25.0,2.7857142857142856,0.09788359788359788,8.0,3.5714285714285716,0.04047619047619048
CDMS-XX-6A-MAGICA-CorrEtiq.txt,40.0,31.0,39.0,1.0,0.0,0.0,0.0,1.0,31.0,28.0,2.5161290322580645,0.0812807881773399,9.0,3.9858870967741935,0.03854166666666667
CDMS-XX-6B-SPUCA-CorrEtiq.txt,40.0,32.0,39.0,1.0,0.0,0.0,0.0,1.0,32.0,28.0,2.4375,0.07862903225806452,10.0,4.295244307400379,0.03854166666666667
CSO-10-4A-ICAPA-CorrEtiq.txt,40.0,29.0,39.0,1.0,0.0,0.0,0.0,2.0,29.0,26.0,2.655172413793103,0.09113300492610837,7.0,3.3828680897646413,0.09226190476190477
CSO-10-4A-KCOMO-CorrEtiq.txt,40.0,29.0,39.0,1.0,2.0,1.0,1.0,1.0,29.0,25.0,2.689655172413793,0.08620689655172414,9.0,3.9195402298850577,0.04388327721661055
CSO-10-4A-LRAVI-CorrEtiq.txt,40.0,27.0,39.0,0.0,2.0,0.0,2.0,3.0,27.0,26.0,2.888888888888889,0.10541310541310542,5.5,2.7464387464387467,0.10112233445566779
CSO-10-4A-LSCAVA-CorrEtiq.txt,40.0,31.0,39.0,1.0,1.0,0.0,1.0,1.0,31.0,28.0,2.5161290322580645,0.08172043010752689,9.0,3.967816091954023,0.06363636363636364
CSO-10-5A-ACAVA-CorrEtiq.txt,40.0,30.5,39.0,2.0,0.0,0.0,0.0,0.0,30.5,28.0,2.5580645161290323,0.08069382647385984,9.0,4.195075757575758,0.0
CSO-10-5A-ARACA-CorrEtiq.txt,40.0,30.5,39.0,0.0,1.0,0.0,1.0,1.0,30.5,25.0,2.5580645161290323,0.0832512315270936,8.0,3.7515758249907307,0.05053763440860215
CSO-10-5A-DABRZA-CorrEtiq.txt,40.0,27.0,39.0,2.0,0.0,1.0,0.0,2.0,27.0,25.0,2.888888888888889,0.09686609686609686,9.0,3.7015384615384614,0.04404761904761905
CSO-10-5A-GZAMA-CorrEtiq.txt,40.0,28.0,39.0,3.0,2.0,0.0,1.0,1.0,28.0,26.0,2.7857142857142856,0.08866995073891626,9.0,3.844452978323946,0.06007936507936508
CSO-10-5A-IPECA-CorrEtiq.txt,40.0,30.0,39.0,0.0,0.0,0.0,0.0,0.0,30.0,28.0,2.6,0.0896551724137931,6.0,3.268965517241379,0.0
CSO-10-5A-JANORO-CorrEtiq.txt,40.0,27.0,39.0,1.0,2.0,1.0,2.0,2.0,27.0,25.0,2.888888888888889,0.09971509971509972,7.0,3.3261538461538462,0.11860670194003528
CSO-10-5A-JBUVE-CorrEtiq.txt,40.0,31.0,39.0,1.0,2.0,1.0,2.0,1.0,31.0,28.0,2.5161290322580645,0.08109010011123471,9.0,3.983908045977012,0.041666666666666664
CSO-10-5A-JJSEMO-CorrEtiq.txt,40.0,29.0,39.0,1.0,1.0,0.0,1.0,1.0,29.0,27.0,2.689655172413793,0.09113300492610837,7.0,3.3497536945812807,0.08317460317460318
CSO-10-5A-JLCARI-CorrEtiq.txt,40.0,28.0,39.0,2.0,3.0,1.0,2.0,1.0,28.0,25.0,2.7857142857142856,0.0873015873015873,9.0,3.8891625615763545,0.04320987654320988
CSO-10-5A-MAARAN-CorrEtiq.txt,40.0,28.0,38.0,2.0,1.0,0.0,1.0,0.0,28.0,26.0,2.740740740740741,0.09259259259259259,7.0,3.367724867724868,0.0
CSO-10-5A-MAOSMO-CorrEtiq.txt,40.0,31.0,39.0,1.0,1.0,2.0,1.0,0.0,31.0,25.0,2.5161290322580645,0.07741935483870968,12.0,4.939516129032258,0.0
CSO-10-5A-RVMOIB-CorrEtiq.txt,40.0,30.0,39.0,1.0,0.0,0.0,0.0,1.0,30.0,27.0,2.6,0.08045977011494253,11.0,4.462068965517242,0.03627450980392157
CSO-10-5A-SVHEES-CorrEtiq.txt,40.0,28.0,39.0,0.0,0.0,1.0,0.0,2.0,28.0,26.0,2.7857142857142856,0.09879934879934879,7.0,3.2078228285124837,0.08562610229276897
CSO-11-5A-MDVOSPE-CorrEtiq.txt,40.0,30.0,39.0,2.0,0.0,0.0,0.0,0.0,30.0,27.0,2.6,0.08275862068965517,8.5,3.85761957730812,0.0
CSO-11-5A-MTAGA-CorrEtiq.txt,40.0,24.0,39.0,4.0,0.0,2.0,0.0,0.0,24.0,23.0,3.25,0.11956521739130435,6.0,2.7971014492753623,0.0
CSO-11-6A-CAPAMU-CorrEtiq.txt,40.0,28.0,39.0,2.0,1.0,1.0,1.0,1.0,28.0,25.0,2.7857142857142856,0.08866995073891626,8.0,3.6178441609476093,0.03978494623655914
CSO-11-6A-DSCACH-CorrEtiq.txt,40.0,30.0,39.0,1.0,0.0,0.0,0.0,0.0,30.0,26.0,2.6,0.08275862068965517,9.0,4.059770114942529,0.0
CSO-11-6A-EROMO-CorrEtiq.txt,40.0,33.0,39.0,0.0,0.0,0.0,0.0,1.0,33.0,29.0,2.3636363636363638,0.07386363636363637,9.0,4.236686720142602,0.05201838800036143
CSO-11-6A-FSOVRE-CorrEtiq.txt,40.0,30.0,39.0,0.0,1.0,0.0,1.0,1.0,30.0,27.0,2.6,0.08735632183908046,7.0,3.220689655172414,0.06734006734006734
CSO-11-6B-ANREVA-CorrEtiq.txt,40.0,32.0,39.0,1.0,1.0,0.0,1.0,0.0,32.0,28.0,2.4375,0.07459677419354839,11.0,4.913306451612903,0.0
CSO-11-6B-DISEMO-CorrEtiq.txt,40.0,26.5,39.0,4.0,2.0,1.0,1.0,0.0,26.5,24.0,2.905982905982906,0.09230769230769231,10.0,3.844017094017094,0.0441358024691358
CSO-11-6B-LHFDLACH-CorrEtiq.txt,40.0,31.0,39.0,1.0,0.0,0.0,0.0,0.0,31.0,28.0,2.5161290322580645,0.07862903225806452,9.0,4.054435483870968,0.0
CSO-11-6B-RJGIHE-CorrEtiq.txt,40.0,28.5,39.0,2.5,1.0,1.0,1.0,0.0,28.5,26.0,2.737684729064039,0.09063127166575442,9.0,3.5632183908045976,0.0
CSO-11-6B-SFLVA-CorrEtiq.txt,40.0,29.0,39.0,2.0,1.0,0.0,1.0,2.0,29.0,26.0,2.689655172413793,0.08866995073891626,8.0,3.7103789314134143,0.07541218637992832
CSO-11-6B-VCOMA-CorrEtiq.txt,40.0,29.0,39.0,1.0,1.0,0.0,1.0,2.0,29.0,26.0,2.689655172413793,0.08990147783251232,7.5,3.4926382047071702,0.04041950113378685
CSO-12-6A-DGISE-CorrEtiq.txt,40.0,28.0,39.0,2.0,0.0,2.0,0.0,1.0,28.0,25.0,2.7857142857142856,0.09259259259259259,8.0,3.6022988505747127,0.04497354497354497
CSO-12-6A-FJOVRE-CorrEtiq.txt,40.0,26.0,39.0,1.0,2.0,2.0,1.0,0.0,26.0,24.0,3.0,0.1076923076923077,6.0,3.0533333333333332,0.0
CSO-12-6B-LJHEFE-CorrEtiq.txt,40.0,28.0,39.0,2.0,0.0,0.0,0.0,3.5,28.0,25.0,2.7857142857142856,0.09441707717569786,8.0,3.660645867542419,0.09540229885057473
CSO-12-6B-VPAMA-CorrEtiq.txt,40.0,23.0,39.0,4.0,3.0,1.0,2.0,0.0,23.0,22.0,3.391304347826087,0.12648221343873517,6.0,2.9106907585168456,0.0
CSO-12-7A-DALRE-CorrEtiq.txt,40.0,29.0,39.0,2.0,4.0,1.0,2.0,1.0,29.0,26.0,2.689655172413793,0.08275862068965517,11.0,4.014245014245014,0.04118773946360153
CSO-12-7A-ESALA-CorrEtiq.txt,40.0,31.0,39.0,0.0,2.0,0.0,2.0,0.0,31.0,27.0,2.5161290322580645,0.07956989247311828,9.0,3.9806451612903224,0.0
CSO-12-7A-IMERO-CorrEtiq.txt,40.0,28.0,39.0,1.0,0.0,0.0,0.0,0.0,28.0,25.0,2.7857142857142856,0.09401709401709402,9.0,3.7762452107279696,0.047619047619047616
CSO-12-7A-JHEZA-CorrEtiq.txt,40.0,29.0,39.0,2.0,0.0,0.0,0.0,4.0,29.0,25.5,2.689655172413793,0.08990147783251232,9.0,3.645320197044335,0.06247619047619048
CSO-12-7A-LSARAR-CorrEtiq.txt,40.0,28.0,39.0,2.0,0.0,0.0,0.0,2.0,28.0,26.0,2.7857142857142856,0.10052910052910052,7.0,3.1719576719576716,0.050562549413124123
CSO-12-7A-SCAHO-CorrEtiq.txt,40.0,31.0,39.0,0.0,0.0,0.0,0.0,1.0,31.0,28.0,2.5161290322580645,0.08172043010752689,8.0,3.7281105990783407,0.040757575757575756
CSO-12-7B-DVAGRO-CorrEtiq.txt,40.0,30.0,39.0,1.0,1.0,0.0,1.0,1.0,30.0,25.0,2.6,0.08275862068965517,10.0,4.303427419354839,0.06770833333333334
CSO-12-7B-SMUGU-CorrEtiq.txt,40.0,29.0,39.0,2.0,0.0,0.0,0.0,1.0,29.0,26.0,2.689655172413793,0.09259259259259259,8.0,3.613711001642036,0.06785714285714285
CSO-12-7B-SSARA-CorrEtiq.txt,40.0,31.0,39.0,2.0,0.0,0.0,0.0,2.0,31.0,27.0,2.5161290322580645,0.07741935483870968,10.0,4.191532258064516,0.0505050505050505
CSO-12-7B-VHOMA-CorrEtiq.txt,40.0,32.0,39.0,1.0,1.0,0.0,1.0,0.0,32.0,27.0,2.4375,0.07661290322580645,10.0,4.560919540229885,0.0
CSO-12-8A-YTOME-CorrEtiq.txt,40.0,29.0,39.0,1.0,0.0,0.0,0.0,2.0,29.0,26.0,2.689655172413793,0.09359605911330049,7.0,3.3919363395225464,0.10917338709677421
CSO-13-6A-ANASA-CorrEtiq.txt,40.0,30.0,39.0,1.0,0.0,1.0,0.0,1.0,30.0,27.0,2.6,0.08275862068965517,8.0,3.8086021505376344,0.06336805555555555
CSO-13-6B-JETAVE-CorrEtiq.txt,40.0,29.0,39.0,1.0,1.0,0.0,1.0,1.0,29.0,25.0,2.689655172413793,0.08866995073891626,9.0,3.8866995073891624,0.04871794871794872
CSO-13-6B-LFMIES-CorrEtiq.txt,40.0,28.0,39.0,0.0,0.0,0.0,0.0,1.0,28.0,25.0,2.7857142857142856,0.10317460317460317,6.0,3.1083743842364533,0.1371252204585538
CSO-13-6B-LJMAHU-CorrEtiq.txt,40.0,28.0,39.0,3.0,3.0,0.0,1.0,1.5,28.0,25.0,2.7857142857142856,0.09788359788359788,7.0,3.3086080586080584,0.08419667747624737
CSO-13-7A-CAPAMU-CorrEtiq.txt,40.0,30.0,39.0,1.0,1.0,0.0,1.0,0.0,30.0,27.5,2.6,0.08505747126436781,8.0,3.493431855500821,0.04009578544061303
CSO-13-7A-CDDITR-CorrEtiq.txt,40.0,30.0,39.0,0.0,2.0,0.0,2.0,0.0,30.0,28.0,2.6,0.08735632183908046,8.0,3.4873563218390804,0.0
CSO-13-7A-JJATFL-CorrEtiq.txt,40.0,29.0,39.0,3.0,3.0,0.0,1.0,3.0,29.0,21.0,2.689655172413793,0.08374384236453201,12.0,4.5754985754985755,0.1297979797979798
CSO-13-7A-KRAMA-CorrEtiq.txt,40.0,27.0,39.0,3.0,0.0,0.0,0.0,2.0,27.0,24.0,2.888888888888889,0.10256410256410256,7.0,3.2891737891737893,0.07760141093474428
CSO-13-7A-RXCHLU-CorrEtiq.txt,40.0,29.0,39.0,3.0,2.0,0.0,1.0,2.0,29.0,25.0,2.689655172413793,0.08374384236453201,9.0,3.9894611436950145,0.035833333333333335
CSO-13-7A-YAMEZA-CorrEtiq.txt,40.0,29.0,39.0,3.0,1.0,0.0,1.0,0.0,29.0,25.0,2.689655172413793,0.09115054804709977,8.0,3.6164021164021163,0.024819624819624818
CSO-13-7A-YBOSO-CorrEtiq.txt,40.0,31.0,39.0,1.0,0.0,0.0,0.0,0.0,31.0,30.0,2.5161290322580645,0.08172043010752689,9.0,3.829885057471264,0.0
CSO-13-8A-KIGAGU-CorrEtiq.txt,40.0,30.0,39.0,2.0,0.0,0.0,0.0,1.0,30.0,27.0,2.6,0.08505747126436781,9.0,3.8588709677419355,0.0769620811287478
CSO-13-8A-MBUAN-CorrEtiq.txt,40.0,32.0,39.0,2.0,0.0,2.0,0.0,0.0,32.0,28.0,2.4375,0.07258064516129033,11.0,4.848924731182795,0.0
CSO-13-8A-MGAAN-CorrEtiq.txt,40.0,31.0,39.0,1.0,0.0,0.0,0.0,0.0,31.0,28.0,2.5161290322580645,0.08172043010752689,8.0,3.7225806451612904,0.03854166666666667
CSO-13-8A-MGAHE-CorrEtiq.txt,40.0,28.0,39.0,2.5,0.0,1.0,0.0,2.0,28.0,24.0,2.7857142857142856,0.09359605911330049,8.0,3.733110863922877,0.02895238095238095
CSO-13-8A-MJAGA-CorrEtiq.txt,40.0,28.0,39.0,1.0,0.0,1.0,0.0,0.0,28.0,26.0,2.7857142857142856,0.09359605911330049,7.0,3.2354497354497354,0.048412698412698414
CSO-13-8A-VHODU-CorrEtiq.txt,40.0,28.0,38.0,2.0,3.0,0.0,2.0,1.0,28.0,23.0,2.7142857142857144,0.09359605911330049,8.0,3.5586206896551724,0.1010204081632653
CSO-13-8B-FCJISA-CorrEtiq.txt,40.0,29.0,39.0,1.0,0.0,0.0,0.0,4.0,29.0,26.0,2.689655172413793,0.09359605911330049,7.0,3.147783251231527,0.11001642036124795
CSO-13-8B-JEMABE-CorrEtiq.txt,40.0,28.0,39.0,2.0,1.0,1.0,1.0,2.0,28.0,25.0,2.7857142857142856,0.09788359788359788,8.0,3.5343915343915344,0.08659611992945326
CSO-13-9B-DMLLLU-CorrEtiq.txt,40.0,28.0,38.0,1.0,0.0,0.0,0.0,0.0,28.0,26.0,2.7142857142857144,0.09259259259259259,7.0,3.1031746031746033,0.0
CSO-14-7A-MVEBE-CorrEtiq.txt,40.0,29.0,39.0,1.0,0.0,1.0,0.0,1.0,29.0,27.0,2.689655172413793,0.09113300492610837,7.0,3.5307881773399012,0.06728395061728396
CSO-14-7B-EVEGO-CorrEtiq.txt,40.0,28.0,39.0,1.0,0.0,0.0,0.0,2.0,28.0,26.0,2.7857142857142856,0.09523809523809523,8.0,3.306878306878307,0.040229885057471264
CSO-14-8A-MCIDOS-CorrEtiq.txt,40.0,31.0,39.0,0.0,1.0,0.0,1.0,1.0,31.0,28.0,2.5161290322580645,0.08172043010752689,9.0,3.8850806451612905,0.04111111111111111
CSO-14-8A-SZARA-CorrEtiq.txt,40.0,30.0,39.0,2.0,0.0,1.0,0.0,0.0,30.0,26.0,2.6,0.08275862068965517,10.0,4.42465651135006,0.0
CSO-14-8B-JLLORA-CorrEtiq.txt,40.0,27.0,39.0,1.0,1.0,0.0,1.0,1.0,27.0,24.0,2.888888888888889,0.10461538461538461,6.0,2.9633333333333334,0.05833333333333333
CSO-14-9A-AEDCAGO-CorrEtiq.txt,40.0,32.0,39.0,0.0,0.0,0.0,0.0,1.0,32.0,26.0,2.40625,0.07661290322580645,10.0,4.219699844747283,0.05904761904761904
CSO-14-9A-HASACA-CorrEtiq.txt,40.0,30.0,39.0,1.0,0.0,0.0,0.0,1.0,30.0,28.0,2.6,0.08505747126436781,7.0,3.564516129032258,0.06785714285714285
CSO-14-9A-JSMAAL-CorrEtiq.txt,40.0,32.0,39.0,0.0,0.0,1.0,0.0,0.0,32.0,29.0,2.4375,0.07386363636363637,11.0,4.609625668449198,0.01913265306122449
CSO-14-9A-MARJA-CorrEtiq.txt,40.0,31.0,39.0,1.0,0.0,0.0,0.0,1.0,31.0,28.0,2.444556451612903,0.07661290322580645,10.0,4.285190615835777,0.03958333333333334
CSO-14-9A-SORZU-CorrEtiq.txt,40.0,30.0,39.0,1.0,1.0,0.0,1.0,1.0,30.0,26.0,2.6,0.08172043010752689,10.0,4.195402298850575,0.03978494623655914
CSO-14-9B-ERAGA-CorrEtiq.txt,40.0,27.0,39.0,2.0,0.0,0.0,0.0,1.0,27.0,25.0,2.888888888888889,0.10256410256410256,6.0,3.076821326821327,0.033562610229276896
CSO-14-9B-MFEGA-CorrEtiq.txt,40.0,30.0,39.0,1.0,0.0,0.0,0.0,1.0,30.0,27.0,2.6,0.08505747126436781,10.0,4.073891625615763,0.043678160919540236
CSO-15-10A-LJRAGU-CorrEtiq.txt,40.0,30.0,39.0,0.0,0.0,0.0,0.0,1.0,30.0,27.0,2.6,0.0896551724137931,8.0,3.6436781609195403,0.040079365079365076
CSO-15-10A-MAARLO-CorrEtiq.txt,40.0,27.0,37.0,1.0,1.0,1.0,1.0,0.0,27.0,24.0,2.740740740740741,0.09686609686609686,8.0,3.4757834757834756,0.0
CSO-15-10A-SFEGA-CorrEtiq.txt,40.0,31.0,39.0,0.0,0.0,0.0,0.0,0.0,31.0,28.5,2.5161290322580645,0.08387096774193549,8.0,3.527734519836856,0.0
CSO-15-10B-MEBUAR-CorrEtiq.txt,40.0,29.0,39.0,1.0,0.0,0.0,0.0,2.0,29.0,27.0,2.689655172413793,0.0896551724137931,8.0,3.5190582128290693,0.04150908416759362
CSO-15-10B-YVBUAN-CorrEtiq.txt,40.0,31.0,39.0,0.0,0.0,0.0,0.0,0.0,31.0,27.0,2.466666666666667,0.07956989247311828,10.0,4.055913978494623,0.0
CSO-15-10C-ALBAHO-CorrEtiq.txt,40.0,31.0,39.0,1.0,1.0,0.0,1.0,1.0,31.0,29.0,2.5161290322580645,0.07849462365591398,9.0,4.032258064516129,0.06583861367127497
CSO-15-10C-SSCAMO-CorrEtiq.txt,40.0,31.0,39.0,2.0,0.0,1.0,0.0,1.0,31.0,25.0,2.5161290322580645,0.07862903225806452,10.0,4.438502673796791,0.043010752688172046
CSO-15-11C-JETALO-CorrEtiq.txt,40.0,30.0,39.0,1.0,1.0,0.0,1.0,1.0,30.0,25.0,2.6,0.08374384236453201,9.0,4.0073891625615765,0.045120327700972865
CSO-15-7B-JCRAGA-CorrEtiq.txt,40.0,33.0,39.0,0.0,0.0,0.0,0.0,0.0,33.0,30.0,2.3636363636363638,0.07386363636363637,9.0,4.099431818181818,0.0
CSO-15-8A-VBMABR-CorrEtiq.txt,40.0,30.0,39.0,2.0,1.0,0.0,1.0,0.0,30.0,26.5,2.6,0.08275862068965517,8.0,3.6514778325123154,0.0
CSO-15-8B-KEPOGO-CorrEtiq.txt,40.0,33.0,39.0,0.0,0.0,0.0,0.0,0.0,33.0,29.0,2.3636363636363638,0.07386363636363637,9.5,4.201704545454545,0.0
CSO-15-9B-ALRIHE-CorrEtiq.txt,40.0,31.0,39.0,1.0,1.0,0.0,1.0,0.0,31.0,27.0,2.5161290322580645,0.08172043010752689,9.0,3.9907860585836117,0.029058565955117677
CSO-15-9B-AMSAGO-CorrEtiq.txt,40.0,31.0,39.0,2.0,3.0,1.0,2.0,0.0,31.0,27.0,2.5161290322580645,0.07311827956989247,12.0,5.058467741935484,0.0
CSO-15-9B-JCAPA-CorrEtiq.txt,40.0,30.0,39.0,2.0,0.0,0.0,0.0,1.0,30.0,27.0,2.533333333333333,0.08172043010752689,10.0,4.290322580645161,0.03763440860215054
CSO-15-9B-KSBEJA-CorrEtiq.txt,40.0,29.0,39.0,1.0,0.0,0.0,0.0,0.0,29.0,26.0,2.655172413793103,0.08620689655172414,9.0,3.778494623655914,0.0
CSO-15-9B-RMCHLU-CorrEtiq.txt,40.0,32.0,39.0,0.0,1.0,0.0,1.0,0.0,32.0,28.0,2.375,0.07661290322580645,10.0,4.496212121212121,0.0
CSO-15-9B-SJAGRO-CorrEtiq.txt,40.0,33.0,39.0,1.0,0.0,0.0,0.0,0.0,33.0,29.0,2.3636363636363638,0.07386363636363637,10.0,4.5606060606060606,0.0
CSO-16-10A-JEGAHE-CorrEtiq.txt,40.0,30.0,39.0,2.0,0.0,0.0,0.0,2.0,30.0,26.0,2.533333333333333,0.08275862068965517,9.0,4.1080459770114945,0.12183908045977011
CSO-16-10A-MSACO-CorrEtiq.txt,40.0,30.0,39.0,0.0,0.0,0.0,0.0,0.0,30.0,28.0,2.6,0.0896551724137931,8.0,3.541935483870968,0.03754789272030651
CSO-16-10A-SARI-CorrEtiq.txt,40.0,34.0,39.0,0.0,3.0,0.0,3.0,0.0,34.0,29.0,2.2941176470588234,0.06628787878787878,11.0,4.804435483870968,0.0
CSO-16-10A-SMOUT-CorrEtiq.txt,40.0,31.0,39.0,1.0,1.0,0.0,1.0,0.0,31.0,25.0,2.4838709677419355,0.07741935483870968,11.0,4.220430107526882,0.0
CSO-16-10A-YKMUJO-CorrEtiq.txt,40.0,31.0,39.0,0.0,0.0,0.0,0.0,1.0,31.0,29.0,2.5161290322580645,0.08172043010752689,9.0,3.905981182795699,0.0359375
CSO-16-10B-JESUGU-CorrEtiq.txt,40.0,32.0,39.0,0.0,0.0,0.0,0.0,2.0,32.0,29.0,2.4375,0.07862903225806452,9.0,3.965725806451613,0.1054531490015361
CSO-16-10B-LTVIFA-CorrEtiq.txt,40.0,34.0,39.0,0.0,1.0,0.0,1.0,0.0,34.0,26.0,2.2941176470588234,0.06951871657754011,12.0,4.96969696969697,0.0
CSO-16-10B-VVILI-CorrEtiq.txt,40.0,33.0,39.0,0.0,1.0,0.0,1.0,2.0,33.0,20.0,2.3636363636363638,0.07196969696969698,12.0,4.7430657380254155,0.09999999999999999
CSO-16-10C-MAVAVE-CorrEtiq.txt,40.0,33.0,39.0,1.0,0.0,1.0,0.0,0.0,33.0,29.0,2.3636363636363638,0.07196969696969698,10.0,4.212121212121212,0.03809523809523809
CSO-16-11A-JAVABO-CorrEtiq.txt,40.0,28.0,39.0,1.0,0.0,1.0,0.0,1.0,28.0,26.0,2.7857142857142856,0.09788359788359788,7.0,3.17989417989418,0.03937074829931973
CSO-16-11A-JDMUVA-CorrEtiq.txt,40.0,31.0,39.0,0.0,0.0,0.0,0.0,1.0,31.0,27.0,2.5161290322580645,0.08172043010752689,8.0,3.661693548387097,0.017857142857142856
CSO-16-11A-VZAOR-CorrEtiq.txt,40.0,30.0,39.0,2.0,1.0,0.0,1.0,1.0,30.0,26.0,2.6,0.08620689655172414,9.0,3.9762328513162775,0.04166666666666667
CSO-16-11B-KRORE-CorrEtiq.txt,40.0,27.0,39.0,2.0,0.0,0.0,0.0,2.0,27.0,25.0,2.888888888888889,0.10052910052910052,7.0,3.213504273504274,0.043154761904761904
CSO-16-11B-LLOZA-CorrEtiq.txt,40.0,32.0,39.0,1.0,1.0,1.0,1.0,1.0,32.0,27.0,2.4375,0.07526881720430108,10.0,4.209005376344086,0.04301075268817204
CSO-16-11B-YAROMO-CorrEtiq.txt,40.0,32.0,39.0,1.0,0.0,0.0,0.0,1.0,32.0,26.0,2.4375,0.07661290322580645,10.0,4.431451612903226,0.03737373737373738
CSO-16-9A-JALEMO-CorrEtiq.txt,40.0,30.0,39.0,3.0,0.0,0.0,0.0,1.0,30.0,27.0,2.6,0.08275862068965517,8.0,3.966502463054187,0.04973316912972085
CSO-16-9A-JPROSO-CorrEtiq.txt,40.0,33.0,39.0,0.0,0.0,0.0,0.0,0.0,33.0,29.0,2.3636363636363638,0.07322214076246335,10.0,4.563630254154448,0.0
CSO-16-9A-JSMAGU-CorrEtiq.txt,40.0,28.5,39.0,1.0,0.0,0.0,0.0,1.0,28.5,26.0,2.737684729064039,0.0970625798212005,7.0,3.1920726144864076,0.0700766283524904
CSO-16-9B-SJPAJI-CorrEtiq.txt,40.0,31.0,39.0,1.0,0.0,1.0,0.0,0.0,31.0,28.0,2.5161290322580645,0.08172043010752689,8.0,3.7348790322580645,0.008159722222222221
CSO-17-10A-YVGOCA-CorrEtiq.txt,40.0,31.0,39.0,1.0,0.0,0.0,0.0,0.0,31.0,28.0,2.5161290322580645,0.07956989247311828,9.0,3.8649193548387095,0.03854166666666667
CSO-17-10B-EHECO-CorrEtiq.txt,40.0,32.0,39.0,1.0,0.0,0.0,0.0,0.0,32.0,29.0,2.4375,0.07862903225806452,9.0,3.9494623655913976,0.03825396825396825
CSO-17-10B-YCQUVE.txt,40.0,31.0,39.0,2.0,1.0,2.0,1.0,2.0,30.0,25.0,2.5161290322580645,0.07526881720430108,11.0,4.560846560846561,0.01551459293394777
CSO-17-11A-DJAPA-CorrEtiq.txt,40.0,27.0,39.0,3.0,0.0,0.0,0.0,2.0,27.0,25.0,2.888888888888889,0.10256410256410256,7.0,3.256666666666667,0.10935960591133007
CSO-17-11A-JDAMO-CorrEtiq.txt,40.0,28.0,39.0,2.0,0.0,0.0,0.0,0.0,28.0,24.0,2.7857142857142856,0.09686609686609686,8.0,3.316923076923077,0.028571428571428567
CSO-17-11A-NPAHE-CorrEtiq.txt,40.0,32.0,39.0,0.0,0.0,0.0,0.0,0.0,32.0,29.0,2.4375,0.07386363636363637,11.0,4.435960591133005,0.0
CSO-17-11A-RLPAIG-CorrEtiq.txt,40.0,30.0,39.0,1.0,1.0,1.0,1.0,0.0,30.0,26.0,2.6,0.0815006091424334,10.0,4.353659967571257,0.0
CSO-17-11A-SPUVA-CorrEtiq.txt,40.0,30.0,39.0,1.0,0.0,0.0,0.0,0.0,30.0,28.0,2.6,0.08735632183908046,7.0,3.4413793103448276,0.040079365079365076
CSO-17-11B-CDBEBU-CorrEtiq.txt,40.0,33.0,38.0,0.0,1.0,1.0,1.0,0.0,33.0,22.0,2.303030303030303,0.06818181818181818,12.0,4.747983870967742,0.0
CSO-17-11C-JDAAG-CorrEtiq.txt,40.0,33.0,39.0,0.0,1.0,0.0,1.0,0.0,33.0,29.0,2.3636363636363638,0.07196969696969698,12.0,4.788770053475936,0.0
CSO-17-11C-MAPAMA-CorrEtiq.txt,40.0,32.0,39.0,0.0,0.0,1.0,0.0,1.0,32.0,27.0,2.4375,0.07661290322580645,10.0,4.627956989247312,0.06262626262626261
CSO-17-11C-MCAAG-CorrEtiq.txt,40.0,34.0,39.0,1.0,0.0,0.0,0.0,0.0,34.0,30.0,2.2941176470588234,0.0659536541889483,12.0,5.322638146167558,0.0
CSO-17-11C-SARJA-CorrEtiq.txt,40.0,31.0,39.0,1.0,2.0,0.0,2.0,0.0,31.0,27.0,2.5161290322580645,0.07741935483870968,9.0,3.975806451612903,0.0
CSO-18-11A-ADBAHO-CorrEtiq.txt,40.0,32.0,39.0,1.0,0.0,0.0,0.0,0.0,32.0,28.5,2.4375,0.07661290322580645,10.0,3.942083796811272,0.0
CSO-18-11B-YLLRE-CorrEtiq.txt,40.0,32.5,39.0,0.0,0.0,0.0,0.0,0.0,32.5,27.5,2.4005681818181817,0.07523826979472141,8.0,3.687225073313783,0.0
CSO-18-9B-MAMOLO-CorrEtiq.txt,40.0,29.0,39.0,1.0,2.0,1.0,1.0,0.0,29.0,26.0,2.689655172413793,0.08374384236453201,9.0,3.8891129032258065,0.0
CSO-8-3A-AIPRBR-CorrEtiq.txt,40.0,29.0,39.0,2.0,1.0,0.0,1.0,0.0,29.0,26.0,2.689655172413793,0.0893085203430031,8.0,3.7817460317460316,0.0
CSO-8-3A-DAPAVA-CorrEtiq.txt,40.0,28.0,39.0,2.0,0.0,0.0,0.0,0.0,28.0,26.0,2.7857142857142856,0.09523809523809523,7.0,3.238095238095238,0.009465020576131687
CSO-8-3A-KVPECO-CorrEtiq.txt,40.0,31.0,39.0,0.0,0.0,0.0,0.0,1.0,31.0,29.0,2.5161290322580645,0.08172043010752689,9.0,3.9075268817204303,0.07296466973886329
CSO-8-4A-ARAGR-CorrEtiq.txt,40.0,33.0,39.0,1.0,2.0,1.0,1.0,1.0,33.0,28.0,2.3636363636363638,0.06818181818181818,13.0,5.356060606060606,0.06372549019607844
CSO-8-4A-JRAAR-CorrEtiq.txt,40.0,30.0,39.0,0.0,2.0,0.0,2.0,0.0,30.0,29.0,2.6,0.08505747126436781,8.0,3.7057471264367816,0.0
CSO-9-2A-EXMOCO-CorrEtiq.txt,40.0,28.0,38.0,2.0,0.0,0.0,0.0,1.0,28.0,26.0,2.7142857142857144,0.09523809523809523,7.0,3.3333333333333335,0.09404761904761905
CSO-9-4A-AGAPE-CorrEtiq.txt,40.0,29.0,39.0,1.0,0.0,1.0,0.0,0.0,29.0,27.0,2.689655172413793,0.09236453201970443,7.0,3.3917989417989416,0.012301587301587303
CSO-9-4A-DKVIMO-CorrEtiq.txt,40.0,28.0,39.0,4.0,0.0,0.0,0.0,1.0,28.0,25.0,2.7857142857142856,0.09309432585294654,7.0,3.291005291005291,0.06982758620689655
CSO-9-4A-DSMOMU-CorrEtiq.txt,40.0,30.0,39.0,1.0,0.0,0.0,0.0,1.0,30.0,27.0,2.6,0.08505747126436781,8.0,3.7923387096774195,0.06398809523809523
CSO-9-4A-DVGATO-CorrEtiq.txt,40.0,29.0,39.0,2.0,2.0,0.0,1.0,0.0,29.0,25.0,2.689655172413793,0.08866995073891626,9.0,3.8005698005698005,0.011827956989247313
CSO-9-4A-EGCAMO-CorrEtiq.txt,40.0,31.0,39.0,1.0,0.0,1.0,0.0,1.0,31.0,25.0,2.5161290322580645,0.07741935483870968,10.0,4.253763440860215,0.03701996927803379
CSO-9-4A-FAGIGA-CorrEtiq.txt,40.0,30.0,39.0,2.0,0.0,0.0,0.0,1.0,30.0,28.0,2.6,0.08735632183908046,8.0,3.6816091954022987,0.03888888888888889
CSO-9-4A-GSBRCO-CorrEtiq.txt,40.0,28.0,39.0,2.0,1.0,0.0,1.0,0.0,28.0,27.0,2.7857142857142856,0.09523809523809523,7.0,3.303164077302008,0.0
CSO-9-4A-KEMOCO-CorrEtiq.txt,40.0,30.0,39.0,1.0,1.0,0.0,1.0,0.0,30.0,28.0,2.6,0.08505747126436781,8.0,3.7692992213570635,0.0
CSO-9-4A-LCOMO-CorrEtiq.txt,40.0,29.0,39.0,2.0,0.0,0.0,0.0,1.0,29.0,26.0,2.689655172413793,0.0873015873015873,9.0,3.9285714285714284,0.052350427350427345
CSO-9-4A-MLORO-CorrEtiq.txt,40.0,29.0,39.0,2.0,1.0,1.0,1.0,1.0,29.0,24.0,2.689655172413793,0.08620689655172414,9.0,4.075862068965518,0.07
CSO-9-4A-MPAME-CorrEtiq.txt,40.0,28.0,39.0,0.5,1.0,1.0,1.0,1.0,28.0,23.0,2.7857142857142856,0.09472934472934472,9.0,3.52828301966233,0.07291666666666666
CSO-9-4A-NSARPA-CorrEtiq.txt,40.0,29.0,39.0,2.0,0.0,0.0,0.0,1.0,29.0,27.0,2.689655172413793,0.08735632183908046,8.0,3.6804597701149424,0.06372549019607844
CSO-9-4A-SLOCA-CorrEtiq.txt,40.0,27.0,39.0,1.0,3.0,2.0,3.0,0.0,27.0,25.0,2.888888888888889,0.09259259259259259,8.0,3.4301994301994303,0.0
CSO-9-4A-YVDITR-CorrEtiq.txt,40.0,25.0,39.0,2.0,1.0,0.0,1.0,1.0,25.0,24.0,3.12,0.11666666666666667,7.0,3.026666666666667,0.047158218125960064
