file,wc,nodes,edges,re,pe,l1,l2,l3,lcc,lsc,atd,density,diameter,asp,cc
CDMS-10-4A-JURAN,3.0,4.0,2.0,0.0,0.0,0.0,0.0,0.0,2.0,1.0,0.5,0.16666666666666666,1.0,1.0,0.0
CDMS-10-5A-HEPIHO,3.0,5.0,3.0,0.0,0.0,0.0,0.0,0.0,3.0,1.0,0.6,0.15,2.0,1.3333333333333333,0.0
CDMS-10-5A-KSRAGU,3.0,2.0,1.0,0.0,0.0,0.0,0.0,0.0,2.0,1.0,0.5,0.5,1.0,1.0,0.0
CDMS-10-5A-SROPU,3.0,5.0,3.0,0.0,0.0,0.0,0.0,0.0,3.0,1.0,0.6,0.15,2.0,1.3333333333333333,0.0
CDMS-10-5A-SZURO,3.0,2.0,2.0,1.0,0.0,0.0,0.0,0.0,2.0,1.0,1.0,1.0,1.0,1.0,0.0
CDMS-10-5B-SRAJA,3.0,8.5,7.0,0.0,0.0,0.5,0.0,0.0,5.5,1.0,0.8263888888888888,0.11805555555555555,3.5,1.7916666666666665,0.0
CDMS-10-5C-DAAUSA,3.0,4.5,3.0,0.0,0.0,0.0,0.0,0.0,3.0,1.0,0.6666666666666666,0.23333333333333334,2.0,1.3333333333333333,0.0
CDMS-10-5C-ICAPA,3.0,2.0,1.0,0.0,0.0,0.0,0.0,0.0,2.0,1.0,0.5,0.5,1.0,1.0,0.0
CDMS-10-5C-JFALGI,3.0,2.0,1.0,0.0,0.0,0.0,0.0,0.0,2.0,1.0,0.5,0.5,1.0,1.0,0.0
CDMS-10-5C-MAORTO,3.0,3.0,2.0,0.0,0.0,0.0,0.0,0.0,3.0,1.0,0.6,0.3333333333333333,2.0,1.3333333333333333,0.0
CDMS-10-5C-NBEMO,3.0,4.0,2.0,0.0,0.0,0.0,0.0,0.0,2.0,1.0,0.5,0.16666666666666666,1.0,1.0,0.0
CDMS-10-6B-ASCACO,3.0,3.0,2.0,0.0,0.0,0.0,0.0,0.0,3.0,1.0,0.6666666666666666,0.3333333333333333,2.0,1.3333333333333333,0.0
CDMS-10-6B-JJMOBE,3.0,4.0,3.0,0.0,0.0,0.0,0.0,0.0,4.0,1.0,0.75,0.25,3.0,1.6666666666666667,0.0
CDMS-11-4A-GACHSA,3.0,2.0,1.0,0.0,0.0,0.0,0.0,0.0,2.0,1.0,0.5,0.5,1.0,1.0,0.0
CDMS-11-5A-EAARCA,3.0,3.5,2.0,0.0,0.0,0.0,0.0,0.0,2.5,1.0,0.5833333333333333,0.25,1.5,1.1666666666666665,0.0
CDMS-11-5A-MGTHAR,3.0,8.0,7.0,2.0,0.0,0.0,0.0,0.0,4.0,1.0,0.9,0.14444444444444446,2.0,1.5,0.0
CDMS-11-6A-DFVEBE,3.0,9.0,7.0,1.0,0.0,0.0,0.0,0.0,5.0,1.0,0.7777777777777778,0.09722222222222222,3.0,1.8,0.0
CDMS-11-6A-NMREPR,3.0,2.0,1.0,0.0,0.0,0.0,0.0,0.0,2.0,1.0,0.5,0.5,1.0,1.0,0.0
CDMS-11-6B-ARAHE,3.0,4.0,2.0,0.0,0.0,0.0,0.0,0.0,2.0,1.0,0.5,0.16666666666666666,1.0,1.0,0.0
CDMS-11-6B-AVROTO,3.0,2.0,1.0,0.0,0.0,0.0,0.0,0.0,2.0,1.0,0.5,0.5,1.0,1.0,0.0
CDMS-11-6B-EAFESA,3.0,8.5,5.5,0.5,0.0,0.0,0.0,0.0,3.0,1.0,0.6571428571428571,0.09285714285714286,2.0,1.3333333333333333,0.0
CDMS-11-6B-EFRGR,3.0,3.0,1.5,0.0,0.0,0.0,0.0,0.0,2.0,1.0,0.5,0.3333333333333333,1.0,1.0,0.0
CDMS-11-6B-EROCO,3.0,6.0,3.0,0.0,0.0,0.0,0.0,0.0,2.0,1.0,0.5,0.1,1.0,1.0,0.0
CDMS-11-6B-JACUPE,3.0,8.0,7.0,0.0,0.0,1.0,0.0,0.0,4.0,1.0,0.875,0.125,2.0,1.3333333333333333,0.5833333333333334
CDMS-11-6B-JDCHBA,3.0,5.5,5.0,0.0,0.0,0.0,0.0,0.0,4.0,1.0,0.8333333333333334,0.23333333333333334,2.0,1.3333333333333333,0.0
CDMS-11-6B-JFSAHE,3.0,4.0,2.0,0.0,0.0,0.0,0.0,0.0,2.0,1.0,0.5,0.16666666666666666,1.0,1.0,0.0
CDMS-11-6B-JLPENA,3.0,2.0,1.0,0.0,0.0,0.0,0.0,0.0,2.0,1.0,0.5,0.5,1.0,1.0,0.0
CDMS-11-6B-JMARME,3.0,8.0,4.0,0.0,0.0,0.0,0.0,0.0,2.0,1.0,0.5,0.07777777777777778,1.0,1.0,0.0
CDMS-11-6B-JPSAMA,3.0,3.0,1.5,0.0,0.0,0.0,0.0,0.0,2.0,1.0,0.5,0.3333333333333333,1.0,1.0,0.0
CDMS-11-6B-LESTA,3.0,7.5,4.5,0.5,0.0,0.0,0.0,0.0,2.5,1.0,0.5833333333333333,0.09166666666666667,1.5,1.1666666666666665,0.0
CDMS-11-6B-MAGIMU,3.0,6.0,3.5,0.5,0.0,0.0,0.0,0.0,2.0,1.0,0.6458333333333333,0.11666666666666667,1.0,1.0,0.0
CDMS-11-6B-MEBRTA,3.0,6.0,5.0,0.0,0.0,0.0,0.0,0.0,6.0,1.0,0.8333333333333334,0.16666666666666666,5.0,2.3333333333333335,0.0
CDMS-11-6B-MMAMO,3.0,3.0,2.0,0.0,0.0,0.0,0.0,0.0,3.0,1.0,0.6666666666666666,0.3333333333333333,2.0,1.3333333333333333,0.0
CDMS-11-6B-RSECA,3.0,2.0,1.0,0.0,0.0,0.0,0.0,0.0,2.0,1.0,0.5,0.5,1.0,1.0,0.0
CDMS-11-6B-SCAPA,3.0,4.0,2.0,0.0,0.0,0.0,0.0,0.0,2.0,1.0,0.5,0.16666666666666666,1.0,1.0,0.0
CDMS-11-6B-VZAPE,3.0,5.0,3.5,0.0,0.0,0.0,0.0,0.0,3.0,1.0,0.625,0.30357142857142855,1.5,1.1666666666666665,0.2916666666666667
CDMS-11-6B-YLNIME,3.0,2.0,1.0,0.0,0.0,0.0,0.0,0.0,2.0,1.0,0.5,0.5,1.0,1.0,0.0
CDMS-11-7C-ICARE,3.0,4.5,3.0,0.5,0.0,0.0,0.0,0.0,2.5,1.0,0.6071428571428572,0.30952380952380953,1.5,1.1666666666666665,0.0
CDMS-11-7C-IMOIB,3.0,4.0,2.0,0.0,0.0,0.0,0.0,0.0,2.0,1.0,0.5,0.16666666666666666,1.0,1.0,0.0
CDMS-11-7C-SALMA,3.0,3.0,2.0,0.0,0.0,0.0,0.0,0.0,3.0,1.0,0.6666666666666666,0.3333333333333333,2.0,1.3333333333333333,0.0
CDMS-11-7C-SPGAVE,3.0,7.0,4.0,0.0,0.0,0.0,0.0,0.0,3.0,1.0,0.6,0.14285714285714285,2.0,1.3333333333333333,0.0
CDMS-12-5A-SRIGO,3.0,3.0,2.0,0.0,0.0,0.0,0.0,0.0,3.0,1.0,0.6666666666666666,0.3333333333333333,2.0,1.3333333333333333,0.0
CDMS-12-6A-JGIGA,3.0,4.0,2.0,0.0,0.0,0.0,0.0,0.0,2.0,1.0,0.5,0.16666666666666666,1.0,1.0,0.0
CDMS-12-6A-SROAL,3.0,3.0,1.5,0.0,0.0,0.0,0.0,0.0,2.0,1.0,0.5,0.3333333333333333,1.0,1.0,0.0
CDMS-12-6B-IJDAGA,3.0,5.0,4.0,1.0,0.0,0.0,0.0,0.0,3.0,1.0,0.7571428571428571,0.2,2.0,1.3333333333333333,0.0
CDMS-12-6B-SCLAG,3.0,4.0,2.0,0.0,0.0,0.0,0.0,0.0,2.0,1.0,0.5,0.16666666666666666,1.0,1.0,0.0
CDMS-12-7C-CATRAR,3.0,5.0,2.5,0.0,0.0,0.0,0.0,0.0,2.0,1.0,0.5,0.13333333333333333,1.0,1.0,0.0
CDMS-12-7C-DLOLO,3.0,3.0,4.0,2.0,0.0,0.0,0.0,0.0,3.0,1.0,1.3333333333333333,0.6666666666666666,2.0,1.3333333333333333,0.0
CDMS-12-7C-JSZAOR,3.0,2.0,1.0,0.0,0.0,0.0,0.0,0.0,2.0,1.0,0.5,0.5,1.0,1.0,0.0
CDMS-12-7C-MAROBE,3.0,6.0,4.0,0.0,0.0,0.0,0.0,0.0,3.0,1.0,0.6666666666666666,0.13333333333333333,2.0,1.3333333333333333,0.0
CDMS-12-7C-VMAPA,3.0,6.0,3.0,0.0,0.0,0.0,0.0,0.0,2.0,1.0,0.5,0.10714285714285714,1.0,1.0,0.0
CDMS-12-7C-VQURA,3.0,2.0,1.0,0.0,0.0,0.0,0.0,0.0,2.0,1.0,0.5,0.5,1.0,1.0,0.0
CDMS-13-6B-ASUMO,3.0,7.0,3.5,0.0,0.0,0.0,0.0,0.0,2.0,1.0,0.5,0.08571428571428572,1.0,1.0,0.0
CDMS-13-6B-JDTAHE,3.0,2.0,1.0,0.0,0.0,0.0,0.0,0.0,2.0,1.0,0.5,0.5,1.0,1.0,0.0
CDMS-13-7C-MVEAR,3.0,3.0,3.0,1.0,0.0,0.0,0.0,0.0,3.0,1.0,1.0,0.5,2.0,1.3333333333333333,0.0
CDMS-13-7C-RAIZAC,3.0,4.0,2.0,0.0,0.0,0.0,0.0,0.0,2.0,1.0,0.5,0.16666666666666666,1.0,1.0,0.0
CDMS-13-7C-SSOSLO,3.0,4.5,2.5,0.0,0.0,0.0,0.0,0.0,2.5,1.0,0.55,0.15833333333333333,1.5,1.1666666666666665,0.0
CDMS-14-10A-IMORTO,3.0,3.0,2.0,0.0,0.0,0.0,0.0,0.0,3.0,1.0,0.625,0.375,2.0,1.3333333333333335,0.0
CDMS-14-10A-JCVANI,3.0,3.0,1.5,0.0,0.0,0.0,0.0,0.0,2.0,1.0,0.5,0.3333333333333333,1.0,1.0,0.0
CDMS-14-5A-LSDUCO,3.0,4.0,2.0,0.0,0.0,0.0,0.0,0.0,2.0,1.0,0.5,0.3,1.0,1.0,0.0
CDMS-14-6B-KDCAHE,3.0,3.0,1.5,0.0,0.0,0.0,0.0,0.0,2.0,1.0,0.5,0.3333333333333333,1.0,1.0,0.0
CDMS-15-10A-AMALOS,3.0,3.0,2.0,0.0,0.0,0.0,0.0,0.0,2.0,1.0,0.5,0.3333333333333333,1.0,1.0,0.0
CDMS-15-10A-JJMACH,3.0,5.0,2.5,0.0,0.0,0.0,0.0,0.0,2.0,1.0,0.5,0.13333333333333333,1.0,1.0,0.0
CDMS-15-10A-MAALRI,3.0,5.0,3.0,0.0,0.0,0.0,0.0,0.0,3.0,1.0,0.6,0.15,2.0,1.3333333333333333,0.0
CDMS-15-10A-SGOMO,3.0,4.0,2.0,0.0,0.0,0.0,0.0,0.0,2.0,1.0,0.5,0.16666666666666666,1.0,1.0,0.0
CDMS-15-10A-SHEGA,3.0,2.0,1.0,0.0,0.0,0.0,0.0,0.0,2.0,1.0,0.5,0.5,1.0,1.0,0.0
CDMS-15-11B-JEMOLO,3.0,2.0,1.0,0.0,0.0,0.0,0.0,0.0,2.0,1.0,0.5,0.16666666666666666,1.0,1.0,0.0
CDMS-15-11B-VSAHO,3.0,6.5,5.5,0.0,0.0,0.0,0.0,0.0,6.5,1.0,0.8452380952380952,0.15476190476190477,4.0,2.080952380952381,0.0
CDMS-16-10A-SGALO,3.0,2.0,1.0,0.0,0.0,0.0,0.0,0.0,2.0,1.0,0.5,0.5,1.0,1.0,0.0
CDMS-16-11B-NGABE,3.0,3.0,2.0,0.0,0.0,0.0,0.0,0.0,3.0,1.0,0.6666666666666666,0.3333333333333333,2.0,1.3333333333333333,0.0
CDMS-18-7C-VVECA,3.0,4.5,2.5,0.0,0.0,0.0,0.0,0.0,2.5,1.0,0.55,0.15833333333333333,1.5,1.1666666666666665,0.0
CDMS-8-4A-DJAVDA,3.0,2.0,1.0,0.0,0.0,0.0,0.0,0.0,2.0,1.0,0.5,0.5,1.0,1.0,0.0
CDMS-8-4A-DOSTR,3.0,7.0,6.0,0.0,0.0,0.0,0.0,0.0,7.0,1.0,0.8541666666666667,0.14583333333333331,4.5,2.2476190476190476,0.0
CDMS-8-4A-LGOPA,3.0,6.0,5.0,1.0,0.0,0.0,0.0,0.0,4.0,1.0,0.8333333333333334,0.16666666666666666,2.0,1.5,0.0
CDMS-8-4C-JDBUTU,3.0,3.0,2.0,0.0,0.0,0.0,0.0,0.0,3.0,1.0,0.6666666666666666,0.3333333333333333,2.0,1.3333333333333333,0.0
CDMS-9-4A-ACDUTR,3.0,2.0,1.0,0.0,0.0,0.0,0.0,0.0,2.0,1.0,0.5,0.5,1.0,1.0,0.0
CDMS-9-4A-CARGA,3.0,7.0,6.0,0.0,0.0,0.0,0.0,0.0,7.0,1.0,0.8571428571428571,0.14285714285714285,4.0,2.1904761904761907,0.0
CDMS-9-4A-CRAAG,3.0,8.0,7.5,2.5,0.0,0.0,0.0,0.0,4.0,1.0,0.95,0.15000000000000002,2.5,1.5833333333333335,0.0
CDMS-9-4A-EROHI,3.0,6.0,4.0,0.0,0.0,0.0,0.0,0.0,4.0,1.0,0.625,0.13333333333333333,3.0,1.6666666666666667,0.0
CDMS-9-4A-ILOSE,3.0,2.0,1.0,0.0,0.0,0.0,0.0,0.0,2.0,1.0,0.5,0.5,1.0,1.0,0.0
CDMS-9-4A-TGAFR,3.0,4.0,2.0,0.0,0.0,0.0,0.0,0.0,2.0,1.0,0.5,0.16666666666666666,1.0,1.0,0.0
CDMS-9-4C-SCAMO,3.0,4.0,2.0,0.0,0.0,0.0,0.0,0.0,2.0,1.0,0.5,0.16666666666666666,1.0,1.0,0.0
CDMS-9-5A-PAGACO,3.0,2.5,1.5,0.0,0.0,0.0,0.0,0.0,2.0,1.0,0.5,0.41666666666666663,1.0,1.0,0.0
CDMS-9-5A-VVAAR,3.0,3.0,2.5,1.0,0.0,0.0,0.0,0.0,2.0,1.0,0.875,0.625,1.0,1.0,0.0
CDMS-9-5C-JDMADE,3.0,4.5,3.0,0.0,0.0,0.0,0.0,0.0,3.0,1.0,0.6071428571428572,0.30952380952380953,2.0,1.3333333333333335,0.0
CDMS-9-5C-LVIZAC,3.0,2.0,1.0,0.0,0.0,0.0,0.0,0.0,2.0,1.0,0.5,0.5,1.0,1.0,0.0
CDMS-9-5C-MLOGO,3.0,5.0,4.0,1.5,0.0,0.0,0.0,0.0,2.0,1.0,0.7619047619047619,0.15476190476190477,1.0,1.0,0.0
CDMS-9-5C-SCAAG,3.0,4.0,2.0,0.0,0.0,0.0,0.0,0.0,2.0,1.0,0.5,0.16666666666666666,1.0,1.0,0.0
CDMS-XX-5C-MPCAQU,3.0,4.0,2.0,0.0,0.0,0.0,0.0,0.0,2.0,1.0,0.5,0.16666666666666666,1.0,1.0,0.0
CDMS-XX-6A-MAGICA,3.0,3.0,2.0,0.5,0.0,0.0,0.0,0.0,2.0,1.0,0.625,0.375,1.0,1.0,0.0
CDMS-XX-6B-SPUCA,3.0,4.0,3.0,0.0,0.0,0.0,0.0,0.0,4.0,1.0,0.75,0.3333333333333333,3.0,1.6666666666666667,0.0
CSO-10-4A-ICAPA,3.0,2.5,2.5,1.0,0.0,0.0,0.0,0.0,2.5,1.0,1.0,0.5,1.5,1.1666666666666665,0.0
CSO-10-4A-KCOMO,3.0,3.5,2.0,0.0,0.0,0.0,0.0,0.0,2.0,1.0,0.5,0.25,1.0,1.0,0.0
CSO-10-4A-LRAVI,3.0,5.0,3.0,0.0,0.0,0.0,0.0,0.0,3.0,1.0,0.6,0.15,2.0,1.3333333333333333,0.0
CSO-10-4A-LSCAVA,3.0,2.0,1.0,0.0,0.0,0.0,0.0,0.0,2.0,1.0,0.5,0.5,1.0,1.0,0.0
CSO-10-5A-ACAVA,3.0,4.0,2.0,0.0,0.0,0.0,0.0,0.0,2.0,1.0,0.5,0.16666666666666666,1.0,1.0,0.0
CSO-10-5A-ARACA,3.0,3.5,2.0,0.0,0.0,0.0,0.0,0.0,2.5,1.0,0.55,0.325,1.5,1.1666666666666665,0.0
CSO-10-5A-DABRZA,3.0,3.5,2.0,0.0,0.0,0.0,0.0,0.0,2.5,1.0,0.55,0.325,1.5,1.1666666666666665,0.0
CSO-10-5A-GZAMA,3.0,4.0,2.0,0.0,0.0,0.0,0.0,0.0,2.0,1.0,0.5,0.18333333333333335,1.0,1.0,0.0
CSO-10-5A-JANORO,3.0,2.0,1.0,0.0,0.0,0.0,0.0,0.0,2.0,1.0,0.5,0.5,1.0,1.0,0.0
CSO-10-5A-JBUVE,3.0,2.0,1.0,0.0,0.0,0.0,0.0,0.0,2.0,1.0,0.5,0.5,1.0,1.0,0.0
CSO-10-5A-JJSEMO,3.0,5.5,3.5,0.0,0.0,0.0,0.0,0.0,3.0,1.0,0.6125,0.14166666666666666,2.0,1.3333333333333333,0.0
CSO-10-5A-JLCARI,3.0,5.0,2.5,0.0,0.0,0.0,0.0,0.0,2.0,1.0,0.5,0.13333333333333333,1.0,1.0,0.0
CSO-10-5A-MAARAN,3.0,7.0,4.0,0.0,0.0,0.0,0.0,0.0,2.0,1.0,0.5,0.09523809523809523,1.0,1.0,0.0
CSO-10-5A-MAOSMO,3.0,2.0,1.0,0.0,0.0,0.0,0.0,0.0,2.0,1.0,0.5,0.5,1.0,1.0,0.0
CSO-10-5A-RVMOIB,3.0,3.0,1.5,0.0,0.0,0.0,0.0,0.0,2.0,1.0,0.5,0.3333333333333333,1.0,1.0,0.0
CSO-10-5A-SVHEES,3.0,2.0,1.0,0.0,0.0,0.0,0.0,0.0,2.0,1.0,0.5,0.5,1.0,1.0,0.0
CSO-11-5A-MDVOSPE,3.0,4.0,2.0,0.0,0.0,0.0,0.0,0.0,2.0,1.0,0.5,0.16666666666666666,1.0,1.0,0.0
CSO-11-5A-MTAGA,3.0,4.0,2.0,0.0,0.0,0.0,0.0,0.0,2.0,1.0,0.5,0.25,1.0,1.0,0.0
CSO-11-6A-CAPAMU,3.0,2.0,1.0,0.0,0.0,0.0,0.0,0.0,2.0,1.0,0.5,0.5,1.0,1.0,0.0
CSO-11-6A-DSCACH,3.0,5.5,3.0,0.0,0.0,0.0,0.0,0.0,2.5,1.0,0.5357142857142857,0.13095238095238093,1.5,1.1666666666666665,0.0
CSO-11-6A-EROMO,3.0,2.0,1.0,0.0,0.0,0.0,0.0,0.0,2.0,1.0,0.5,0.5,1.0,1.0,0.0
CSO-11-6A-FSOVRE,3.0,4.0,2.0,0.0,0.0,0.0,0.0,0.0,2.0,1.0,0.5,0.16666666666666666,1.0,1.0,0.0
CSO-11-6B-ANREVA,3.0,4.0,2.0,0.0,0.0,0.0,0.0,0.0,2.0,1.0,0.5,0.16666666666666666,1.0,1.0,0.0
CSO-11-6B-DISEMO,3.0,4.0,2.0,0.0,0.0,0.0,0.0,0.0,2.0,1.0,0.5,0.16666666666666666,1.0,1.0,0.0
CSO-11-6B-LHFDLACH,3.0,5.0,3.0,0.0,0.0,0.0,0.0,0.0,3.0,1.0,0.6,0.15,2.0,1.3333333333333333,0.0
CSO-11-6B-RJGIHE,3.0,2.0,1.0,0.0,0.0,0.0,0.0,0.0,2.0,1.0,0.5,0.5,1.0,1.0,0.0
CSO-11-6B-SFLVA,3.0,3.0,2.0,0.0,0.0,0.0,0.0,0.0,3.0,1.0,0.6666666666666666,0.3333333333333333,2.0,1.3333333333333333,0.0
CSO-11-6B-VCOMA,3.0,8.0,4.0,0.0,0.0,0.0,0.0,0.0,2.0,1.0,0.5,0.07142857142857142,1.0,1.0,0.0
CSO-12-6A-DGISE,3.0,2.0,1.0,0.0,0.0,0.0,0.0,0.0,2.0,1.0,0.5,0.5,1.0,1.0,0.0
CSO-12-6A-FJOVRE,3.0,8.0,5.0,0.0,0.0,0.0,0.0,0.0,4.0,1.0,0.625,0.08928571428571429,3.0,1.6666666666666667,0.0
CSO-12-6B-GQULO,3.0,6.0,3.0,0.0,0.0,0.0,0.0,0.0,2.0,1.0,0.5,0.1,1.0,1.0,0.0
CSO-12-6B-LJHEFE,3.0,6.5,3.5,0.0,0.0,0.0,0.0,0.0,2.5,1.0,0.5357142857142857,0.10952380952380952,1.5,1.1666666666666665,0.0
CSO-12-6B-VPAMA,3.0,5.0,3.0,0.0,0.0,0.0,0.0,0.0,3.0,1.0,0.6,0.15,2.0,1.3333333333333333,0.0
CSO-12-7A-ESALA,3.0,3.0,2.0,0.0,0.0,0.0,0.0,0.0,2.0,1.0,0.5,0.3333333333333333,1.0,1.0,0.0
CSO-12-7A-IMERO,3.0,2.0,1.0,0.0,0.0,0.0,0.0,0.0,2.0,1.0,0.5,0.5,1.0,1.0,0.0
CSO-12-7A-JHEZA,3.0,5.0,3.0,0.0,0.0,0.0,0.0,0.0,3.0,1.0,0.6,0.15,2.0,1.3333333333333333,0.0
CSO-12-7A-LSARAR,3.0,3.0,2.0,0.0,0.0,0.0,0.0,0.0,3.0,1.0,0.6666666666666666,0.3333333333333333,2.0,1.3333333333333333,0.0
CSO-12-7A-SCAHO,3.0,2.0,1.0,0.0,0.0,0.0,0.0,0.0,2.0,1.0,0.5,0.5,1.0,1.0,0.0
CSO-12-7B-DVAGRO,3.0,6.5,4.5,0.0,0.0,0.0,0.0,0.0,3.5,1.0,0.6904761904761905,0.1261904761904762,2.0,1.4166666666666665,0.0
CSO-12-7B-SMUGU,3.0,3.0,2.0,0.0,0.0,0.0,0.0,0.0,2.0,1.0,0.5357142857142857,0.3333333333333333,1.0,1.0,0.0
CSO-12-7B-SSARA,3.0,2.0,2.0,1.0,0.0,0.0,0.0,0.0,2.0,1.0,0.75,0.5,1.0,1.0,0.0
CSO-12-7B-VHOMA,3.0,3.0,2.0,0.0,0.0,0.0,0.0,0.0,3.0,1.0,0.6666666666666666,0.3333333333333333,2.0,1.3333333333333333,0.0
CSO-12-8A-YTOME,3.0,3.0,1.5,0.0,0.0,0.0,0.0,0.0,2.0,1.0,0.5,0.375,1.0,1.0,0.0
CSO-13-6A-ANASA,3.0,4.5,3.0,0.0,0.0,0.0,0.0,0.0,2.0,1.0,0.5,0.15833333333333333,1.0,1.0,0.0
CSO-13-6B-JETAVE,3.0,2.0,1.0,0.0,0.0,0.0,0.0,0.0,2.0,1.0,0.5,0.5,1.0,1.0,0.0
CSO-13-6B-LFMIES,3.0,5.0,5.0,1.0,0.0,0.0,0.0,0.0,5.0,1.0,0.8571428571428571,0.15,4.0,2.0,0.0
CSO-13-6B-LJMAHU,3.0,3.0,2.5,0.5,0.0,0.0,0.0,0.0,3.0,1.0,0.75,0.41666666666666663,2.0,1.3333333333333335,0.0
CSO-13-7A-CAPAMU,3.0,2.0,1.0,0.0,0.0,0.0,0.0,0.0,2.0,1.0,0.5,0.5,1.0,1.0,0.0
CSO-13-7A-CDDITR,3.0,4.0,2.0,0.0,0.0,0.0,0.0,0.0,2.0,1.0,0.5,0.16666666666666666,1.0,1.0,0.0
CSO-13-7A-JJATFL,3.0,4.0,2.0,0.0,0.0,0.0,0.0,0.0,2.0,1.0,0.5,0.16666666666666666,1.0,1.0,0.0
CSO-13-7A-KRAMA,3.0,13.0,8.0,0.0,0.0,0.0,0.0,0.0,5.0,1.0,0.6153846153846154,0.05128205128205128,3.0,1.8,0.0
CSO-13-7A-RXCHLU,3.0,4.0,2.0,0.0,0.0,0.0,0.0,0.0,2.0,1.0,0.5,0.16666666666666666,1.0,1.0,0.0
CSO-13-7A-YAMEZA,3.0,6.0,4.0,0.0,0.0,0.0,0.0,0.0,4.0,1.0,0.6875,0.16964285714285715,3.0,1.6666666666666667,0.0
CSO-13-7A-YBOSO,3.0,2.0,1.0,0.0,0.0,0.0,0.0,0.0,2.0,1.0,0.5,0.5,1.0,1.0,0.0
CSO-13-8A-KIGAGU,3.0,3.0,1.5,0.0,0.0,0.0,0.0,0.0,2.0,1.0,0.5,0.3333333333333333,1.0,1.0,0.0
CSO-13-8A-MBUAN,3.0,2.0,1.0,0.0,0.0,0.0,0.0,0.0,2.0,1.0,0.5,0.5,1.0,1.0,0.0
CSO-13-8A-MGAAN,3.0,2.0,1.0,0.0,0.0,0.0,0.0,0.0,2.0,1.0,0.5,0.5,1.0,1.0,0.0
CSO-13-8A-MGAHE,3.0,2.0,1.0,0.0,0.0,0.0,0.0,0.0,2.0,1.0,0.5,0.5,1.0,1.0,0.0
CSO-13-8A-MJAGA,3.0,6.0,3.0,0.0,0.0,0.0,0.0,0.0,2.0,1.0,0.55,0.11666666666666667,1.0,1.0,0.0
CSO-13-8A-VHODU,3.0,3.0,2.0,0.5,0.0,0.0,0.0,0.0,2.0,1.0,0.625,0.375,1.0,1.0,0.0
CSO-13-8B-FCJISA,3.0,2.0,1.0,0.0,0.0,0.0,0.0,0.0,2.0,1.0,0.5,0.5,1.0,1.0,0.0
CSO-13-8B-JEMABE,3.0,2.0,1.0,0.0,0.0,0.0,0.0,0.0,2.0,1.0,0.5,0.5,1.0,1.0,0.0
CSO-13-9B-DMLLLU,3.0,3.0,1.5,0.0,0.0,0.0,0.0,0.0,2.0,1.0,0.5,0.3333333333333333,1.0,1.0,0.0
CSO-14-7A-MVEBE,3.0,2.0,1.0,0.0,0.0,0.0,0.0,0.0,2.0,1.0,0.5,0.5,1.0,1.0,0.0
CSO-14-7B-EALHU,3.0,3.0,2.0,0.0,0.0,0.0,0.0,0.0,3.0,1.0,0.6666666666666666,0.3333333333333333,2.0,1.3333333333333333,0.0
CSO-14-7B-EVEGO,3.0,4.0,5.0,2.0,0.0,0.0,0.0,0.0,4.0,1.0,1.1666666666666667,0.3333333333333333,2.0,1.5,0.0
CSO-14-8A-MCIDOS,3.0,4.0,3.5,1.0,0.0,0.5,0.0,0.0,2.0,1.0,0.875,0.29166666666666663,1.0,1.0,0.0
CSO-14-8A-SZARA,3.0,4.0,3.0,0.0,0.0,0.0,0.0,0.0,4.0,1.0,0.6666666666666666,0.25,3.0,1.6666666666666667,0.0
CSO-14-8B-JLLORA,3.0,3.0,2.0,0.0,0.0,0.0,0.0,0.0,3.0,1.0,0.6666666666666666,0.3333333333333333,2.0,1.3333333333333333,0.0
CSO-14-9A-AEDCAGO,3.0,2.0,1.0,0.0,0.0,0.0,0.0,0.0,2.0,1.0,0.5,0.5,1.0,1.0,0.0
CSO-14-9A-HASACA,3.0,1.5,1.5,0.0,0.0,1.0,0.0,0.0,1.5,1.0,1.0,0.5,1.0,1.0,0.0
CSO-14-9A-JSMAAL,3.0,4.0,4.0,1.0,0.0,0.0,0.0,0.0,4.0,1.0,1.0,0.3333333333333333,2.0,1.5,0.0
CSO-14-9A-MARJA,3.0,2.0,1.0,0.0,0.0,0.0,0.0,0.0,2.0,1.0,0.5,0.5,1.0,1.0,0.0
CSO-14-9A-SORZU,3.0,2.0,1.0,0.0,0.0,0.0,0.0,0.0,2.0,1.0,0.5,0.5,1.0,1.0,0.0
CSO-14-9B-ERAGA,3.0,4.0,5.0,3.0,0.0,0.0,0.0,0.0,2.0,1.0,1.25,0.4166666666666667,1.0,1.0,0.0
CSO-14-9B-MFEGA,3.0,3.0,3.0,1.0,0.0,0.0,0.0,0.0,3.0,1.0,0.8,0.5,2.0,1.3333333333333333,0.0
CSO-15-10A-LJRAGU,3.0,3.0,1.5,0.0,0.0,0.0,0.0,0.0,2.0,1.0,0.5,0.3333333333333333,1.0,1.0,0.0
CSO-15-10A-MAARLO,3.0,5.0,3.0,0.0,0.0,0.0,0.0,0.0,2.0,1.0,0.5,0.15,1.0,1.0,0.0
CSO-15-10A-SFEGA,3.0,2.0,1.0,0.0,0.0,0.0,0.0,0.0,2.0,1.0,0.5,0.5,1.0,1.0,0.0
CSO-15-10B-MEBUAR,3.0,4.0,2.0,0.0,0.0,0.0,0.0,0.0,2.0,1.0,0.5,0.16666666666666666,1.0,1.0,0.0
CSO-15-10B-YVBUAN,3.0,2.0,1.0,0.0,0.0,0.0,0.0,0.0,2.0,1.0,0.5,0.5,1.0,1.0,0.0
CSO-15-10C-ALBAHO,3.0,2.0,1.0,0.0,0.0,0.0,0.0,0.0,2.0,1.0,0.5,0.5,1.0,1.0,0.0
CSO-15-10C-SSCAMO,3.0,3.0,2.0,0.0,0.0,0.0,0.0,0.0,2.0,1.0,0.6666666666666666,0.3333333333333333,1.0,1.0,0.0
CSO-15-11C-JETALO,3.0,2.5,1.5,0.0,0.0,0.0,0.0,0.0,2.5,1.0,0.5833333333333333,0.41666666666666663,1.5,1.1666666666666665,0.0
CSO-15-7B-JCRAGA,3.0,4.0,2.0,0.0,0.0,0.0,0.0,0.0,2.0,1.0,0.5,0.16666666666666666,1.0,1.0,0.0
CSO-15-8A-VBMABR,3.0,3.0,1.5,0.0,0.0,0.0,0.0,0.0,2.0,1.0,0.5,0.3333333333333333,1.0,1.0,0.0
CSO-15-8B-KEPOGO,3.0,3.0,1.5,0.0,0.0,0.0,0.0,0.0,2.0,1.0,0.5,0.3333333333333333,1.0,1.0,0.0
CSO-15-9B-ALRIHE,3.0,2.5,1.5,0.0,0.0,0.0,0.0,0.0,2.5,1.0,0.5833333333333333,0.41666666666666663,1.5,1.1666666666666665,0.0
CSO-15-9B-AMSAGO,3.0,3.5,2.0,0.0,0.0,0.0,0.0,0.0,2.5,1.0,0.55,0.325,1.5,1.1666666666666665,0.0
CSO-15-9B-JCAPA,3.0,2.0,1.0,0.0,0.0,0.0,0.0,0.0,2.0,1.0,0.5,0.5,1.0,1.0,0.0
CSO-15-9B-KSBEJA,3.0,2.0,1.0,0.0,0.0,0.0,0.0,0.0,2.0,1.0,0.5,0.5,1.0,1.0,0.0
CSO-15-9B-RMCHLU,3.0,2.0,1.0,0.0,0.0,0.0,0.0,0.0,2.0,1.0,0.5,0.5,1.0,1.0,0.0
CSO-15-9B-SJAGRO,3.0,6.0,3.0,0.0,0.0,0.0,0.0,0.0,2.0,1.0,0.5,0.1,1.0,1.0,0.0
CSO-16-10A-JEGAHE,3.0,4.0,2.0,0.0,0.0,0.0,0.0,0.0,2.0,1.0,0.5,0.16666666666666666,1.0,1.0,0.0
CSO-16-10A-MSACO,3.0,3.0,2.0,0.0,0.0,0.0,0.0,0.0,2.0,1.0,0.5,0.3333333333333333,1.0,1.0,0.0
CSO-16-10A-SARI,3.0,5.0,3.0,0.0,0.0,0.0,0.0,0.0,3.0,1.0,0.6,0.15,2.0,1.3333333333333333,0.0
CSO-16-10A-SMOUT,3.0,4.0,2.0,0.0,0.0,0.0,0.0,0.0,2.0,1.0,0.5,0.16666666666666666,1.0,1.0,0.0
CSO-16-10A-YKMUJO,3.0,5.0,3.0,0.0,0.0,0.0,0.0,0.0,3.0,1.0,0.6,0.15,2.0,1.3333333333333333,0.0
CSO-16-10B-JESUGU,3.0,4.0,2.0,0.0,0.0,0.0,0.0,0.0,2.0,1.0,0.5,0.16666666666666666,1.0,1.0,0.0
CSO-16-10B-LTVIFA,3.0,3.0,1.5,0.0,0.0,0.0,0.0,0.0,2.0,1.0,0.5,0.3333333333333333,1.0,1.0,0.0
CSO-16-10B-VVILI,3.0,4.0,2.0,0.0,0.0,0.0,0.0,0.0,2.0,1.0,0.5,0.16666666666666666,1.0,1.0,0.0
CSO-16-10C-MAVAVE,3.0,2.0,1.0,0.0,0.0,0.0,0.0,0.0,2.0,1.0,0.5,0.5,1.0,1.0,0.0
CSO-16-11A-JAVABO,3.0,2.0,1.0,0.0,0.0,0.0,0.0,0.0,2.0,1.0,0.5,0.5,1.0,1.0,0.0
CSO-16-11A-JDMUVA,3.0,3.0,2.0,0.0,0.0,0.0,0.0,0.0,3.0,1.0,0.6666666666666666,0.3333333333333333,2.0,1.3333333333333333,0.0
CSO-16-11A-VZAOR,3.0,3.0,2.0,0.0,0.0,0.0,0.0,0.0,3.0,1.0,0.6666666666666666,0.3333333333333333,2.0,1.3333333333333333,0.0
CSO-16-11B-KRORE,3.0,3.5,2.0,0.0,0.0,0.0,0.0,0.0,2.5,1.0,0.5357142857142857,0.325,1.5,1.1666666666666665,0.0
CSO-16-11B-LLOZA,3.0,6.0,4.0,0.0,0.0,0.0,0.0,0.0,4.0,1.0,0.6666666666666666,0.13333333333333333,3.0,1.6666666666666667,0.0
CSO-16-11B-YAROMO,3.0,4.0,2.0,0.0,0.0,0.0,0.0,0.0,2.0,1.0,0.5,0.16666666666666666,1.0,1.0,0.0
CSO-16-9A-JALEMO,3.0,2.0,1.0,0.0,0.0,0.0,0.0,0.0,2.0,1.0,0.5,0.5,1.0,1.0,0.0
CSO-16-9A-JPROSO,3.0,2.0,1.0,0.0,0.0,0.0,0.0,0.0,2.0,1.0,0.5,0.5,1.0,1.0,0.0
CSO-16-9A-JSMAGU,3.0,4.5,2.5,0.0,0.0,0.0,0.0,0.0,3.0,1.0,0.6,0.15833333333333333,2.0,1.3333333333333333,0.0
CSO-16-9B-SJPAJI,3.0,2.0,1.0,0.0,0.0,0.0,0.0,0.0,2.0,1.0,0.5,0.5,1.0,1.0,0.0
CSO-17-10A-YVGOCA,3.0,2.0,1.0,0.0,0.0,0.0,0.0,0.0,2.0,1.0,0.5,0.5,1.0,1.0,0.0
CSO-17-10B-EHECO,3.0,3.0,1.5,0.0,0.0,0.0,0.0,0.0,2.0,1.0,0.5,0.3333333333333333,1.0,1.0,0.0
CSO-17-10B-YCQUVE,3.0,2.0,1.0,0.0,0.0,0.0,0.0,0.0,2.0,1.0,0.5,0.5,1.0,1.0,0.0
CSO-17-11A-JDAMO,3.0,2.0,1.0,0.0,0.0,0.0,0.0,0.0,2.0,1.0,0.5,0.5,1.0,1.0,0.0
CSO-17-11A-NPAHE,3.0,3.0,2.0,0.0,0.0,0.0,0.0,0.0,3.0,1.0,0.6666666666666666,0.3333333333333333,2.0,1.3333333333333333,0.0
CSO-17-11A-RLPAIG,3.0,4.0,3.0,0.0,0.0,0.0,0.0,0.0,4.0,1.0,0.75,0.25,3.0,1.6666666666666667,0.0
CSO-17-11A-SPUVA,3.0,2.0,1.0,0.0,0.0,0.0,0.0,0.0,2.0,1.0,0.5,0.5,1.0,1.0,0.0
CSO-17-11B-CDBEBU,3.0,2.0,1.0,0.0,0.0,0.0,0.0,0.0,2.0,1.0,0.5,0.5,1.0,1.0,0.0
CSO-17-11C-JDAAG,3.0,2.0,1.0,0.0,0.0,0.0,0.0,0.0,2.0,1.0,0.5,0.5,1.0,1.0,0.0
CSO-17-11C-MAPAMA,3.0,2.0,1.0,0.0,0.0,0.0,0.0,0.0,2.0,1.0,0.5,0.5,1.0,1.0,0.0
CSO-17-11C-SARJA,3.0,5.0,3.0,0.0,0.0,0.0,0.0,0.0,3.0,1.0,0.6,0.15,2.0,1.3333333333333333,0.0
CSO-18-11A-ADBAHO,3.0,4.0,2.0,0.0,0.0,0.0,0.0,0.0,2.0,1.0,0.5,0.16666666666666666,1.0,1.0,0.0
CSO-18-11B-YLLRE,3.0,3.0,2.0,0.0,0.0,0.0,0.0,0.0,3.0,1.0,0.6666666666666666,0.3333333333333333,2.0,1.3333333333333333,0.0
CSO-18-9B-MAMOLO,3.0,2.0,1.0,0.0,0.0,0.0,0.0,0.0,2.0,1.0,0.5,0.5,1.0,1.0,0.0
CSO-8-3A-AIPRBR,3.0,8.0,5.0,1.0,0.0,0.0,0.0,0.0,2.0,1.0,0.75,0.09722222222222222,1.0,1.0,0.0
CSO-8-3A-DAPAVA,3.0,4.5,3.0,1.0,0.0,0.0,0.0,0.0,2.0,1.0,0.75,0.225,1.0,1.0,0.0
CSO-8-4A-ARAGR,3.0,2.0,2.0,1.0,0.0,0.0,0.0,0.0,2.0,1.0,1.0,1.0,1.0,1.0,0.0
CSO-8-4A-JRAAR,3.0,6.5,5.0,1.0,0.0,0.0,0.0,0.0,3.5,1.0,0.7738095238095238,0.14285714285714285,2.0,1.4166666666666665,0.0
CSO-9-2A-EXMOCO,3.0,4.0,3.5,1.0,0.0,0.0,0.0,0.0,3.0,1.0,0.9166666666666667,0.30833333333333335,1.5,1.25,0.0
CSO-9-4A-AGAPE,3.0,4.0,2.5,0.0,0.0,0.0,0.0,0.0,3.0,1.0,0.5833333333333333,0.31666666666666665,2.0,1.3333333333333335,0.0
CSO-9-4A-DKVIMO,3.0,3.0,4.0,1.0,0.0,1.0,0.0,0.0,3.0,1.0,1.3333333333333333,0.6666666666666666,2.0,1.3333333333333333,0.0
CSO-9-4A-DSMOMU,3.0,2.0,1.0,0.0,0.0,0.0,0.0,0.0,2.0,1.0,0.5,0.5,1.0,1.0,0.0
CSO-9-4A-DVGATO,3.0,6.0,7.0,3.0,0.0,0.0,0.0,0.0,4.0,1.0,1.1666666666666667,0.23333333333333334,3.0,1.6666666666666667,0.0
CSO-9-4A-EGCAMO,3.0,2.0,1.0,0.0,0.0,0.0,0.0,0.0,2.0,1.0,0.5,0.5,1.0,1.0,0.0
CSO-9-4A-FAGIGA,3.0,5.0,3.0,0.0,0.0,0.0,0.0,0.0,3.0,1.0,0.6,0.16666666666666666,2.0,1.3333333333333333,0.0
CSO-9-4A-GSBRCO,3.0,4.0,2.0,0.0,0.0,0.0,0.0,0.0,2.0,1.0,0.5,0.16666666666666666,1.0,1.0,0.0
CSO-9-4A-KEMOCO,3.0,2.5,1.5,0.0,0.0,0.0,0.0,0.0,2.5,1.0,0.5833333333333333,0.41666666666666663,1.5,1.1666666666666665,0.0
CSO-9-4A-LCOMO,3.0,5.0,3.0,0.0,0.0,0.0,0.0,0.0,3.0,1.0,0.6,0.15,2.0,1.3333333333333333,0.0
CSO-9-4A-MLORO,3.0,3.0,2.0,0.0,0.0,0.0,0.0,0.0,2.0,1.0,0.5,0.3333333333333333,1.0,1.0,0.0
CSO-9-4A-MPAME,3.0,2.0,1.0,0.0,0.0,0.0,0.0,0.0,2.0,1.0,0.5,0.5,1.0,1.0,0.0
CSO-9-4A-NSARPA,3.0,4.0,3.0,1.0,0.0,0.0,0.0,0.0,2.0,1.0,0.75,0.25,1.0,1.0,0.0
CSO-9-4A-YVDITR,3.0,2.5,1.5,0.0,0.0,0.0,0.0,0.0,2.5,1.0,0.5833333333333333,0.41666666666666663,1.5,1.1666666666666665,0.0
