file,wc,nodes,edges,re,pe,l1,l2,l3,lcc,lsc,atd,density,diameter,asp,cc
CDMS-10-4A-JURAN,2.0,7.0,4.0,0.0,0.0,0.0,0.0,0.0,4.0,1.0,0.6666666666666666,0.23809523809523808,3.0,1.6666666666666667,0.0
CDMS-10-5A-HEPIHO,2.0,13.5,8.0,0.0,0.0,0.0,0.0,0.0,4.0,1.0,0.6153846153846154,0.10073260073260074,2.0,1.5,0.0
CDMS-10-5A-KSRAGU,2.0,5.0,3.0,0.0,0.0,0.0,0.0,0.0,3.0,1.0,0.6,0.3,2.0,1.3333333333333333,0.0
CDMS-10-5A-SROPU,2.0,13.5,9.5,0.0,0.0,0.0,0.0,0.0,4.5,1.0,0.6944444444444444,0.12581699346405228,3.5,1.8333333333333335,0.0
CDMS-10-5A-SZURO,2.0,11.0,6.0,1.0,0.0,0.0,0.0,0.0,3.0,1.0,0.6363636363636364,0.10909090909090909,2.0,1.3333333333333333,0.0
CDMS-10-5B-SRAJA,2.0,10.0,6.0,0.0,0.0,0.0,0.0,0.0,4.0,1.0,0.6666666666666666,0.13333333333333333,2.0,1.5,0.0
CDMS-10-5C-DAAUSA,2.0,6.0,4.0,0.0,0.0,0.0,0.0,0.0,4.0,1.0,0.75,0.26666666666666666,2.0,1.5,0.0
CDMS-10-5C-ICAPA,2.0,5.0,3.0,0.5,0.0,0.0,0.0,0.0,3.0,1.0,0.6571428571428571,0.3,2.0,1.3333333333333333,0.0
CDMS-10-5C-JFALGI,2.0,7.0,5.0,0.0,0.0,0.0,0.0,0.0,3.0,1.0,0.6,0.23809523809523808,2.0,1.3333333333333333,0.0
CDMS-10-5C-MAORTO,2.0,9.0,6.0,0.0,0.0,0.0,0.0,0.0,4.0,1.0,0.6666666666666666,0.16666666666666666,2.0,1.5,0.0
CDMS-10-5C-NBEMO,2.0,6.5,4.0,0.0,0.0,0.0,0.0,0.0,3.0,1.0,0.6125,0.23928571428571427,2.0,1.3333333333333333,0.0
CDMS-10-6B-ASCACO,2.0,8.0,4.0,0.0,0.0,0.0,0.0,0.0,2.0,1.0,0.5,0.14285714285714285,1.0,1.0,0.0
CDMS-10-6B-JJMOBE,2.0,13.5,9.5,0.0,0.0,0.0,0.0,0.0,7.0,1.0,0.7166666666666667,0.11861471861471862,4.0,2.238888888888889,0.0
CDMS-11-4A-GACHSA,2.0,6.0,4.0,0.0,0.0,0.0,0.0,0.0,3.0,1.0,0.6125,0.2833333333333333,2.0,1.3333333333333333,0.0
CDMS-11-5A-EAARCA,2.0,7.0,5.0,0.0,0.0,0.0,0.0,0.0,3.0,1.0,0.6,0.19047619047619047,2.0,1.3333333333333333,0.0
CDMS-11-5A-MGTHAR,2.0,9.0,6.0,2.0,0.0,0.0,0.0,0.0,5.0,1.0,1.0,0.17777777777777778,4.0,2.0,0.0
CDMS-11-6A-DFVEBE,2.0,12.5,9.0,1.0,0.0,0.0,0.0,0.0,6.0,1.0,0.801948051948052,0.12767232767232767,4.0,2.1,0.0
CDMS-11-6A-NMREPR,2.0,12.0,7.0,0.0,0.0,0.0,0.0,0.0,3.0,1.0,0.5833333333333334,0.10606060606060606,2.0,1.3333333333333333,0.0
CDMS-11-6B-ARAHE,2.0,13.5,9.0,0.0,0.0,0.0,0.0,0.0,4.5,1.0,0.6583333333333333,0.10541125541125541,3.0,1.7333333333333334,0.0
CDMS-11-6B-AVROTO,2.0,8.0,4.5,0.0,0.0,0.0,0.0,0.0,3.0,1.0,0.5634920634920635,0.16468253968253968,2.0,1.3333333333333333,0.0
CDMS-11-6B-EAFESA,2.0,11.0,8.0,0.0,0.0,0.0,0.0,0.0,4.0,1.0,0.6923076923076923,0.16666666666666666,2.0,1.5,0.0
CDMS-11-6B-EFRGR,2.0,11.5,6.5,0.0,0.0,0.0,0.0,0.0,3.0,1.0,0.5441176470588236,0.10909090909090909,2.0,1.3333333333333335,0.0
CDMS-11-6B-EROCO,2.0,9.0,5.5,0.5,0.0,0.0,0.0,0.0,3.0,1.0,0.6666666666666666,0.1527777777777778,2.0,1.3333333333333333,0.0
CDMS-11-6B-JACUPE,2.0,15.0,11.0,1.0,0.0,0.0,0.0,0.0,6.0,1.0,0.8,0.10476190476190476,4.0,2.1333333333333333,0.0
CDMS-11-6B-JDCHBA,2.0,7.0,5.0,2.0,0.0,0.0,0.0,0.0,5.0,1.0,0.8571428571428571,0.23809523809523808,2.0,1.6,0.0
CDMS-11-6B-JFSAHE,2.0,5.0,3.0,0.0,0.0,0.0,0.0,0.0,3.0,1.0,0.6,0.3,2.0,1.3333333333333333,0.0
CDMS-11-6B-JLPENA,2.0,6.0,4.0,0.0,0.0,0.0,0.0,0.0,2.0,1.0,0.6,0.2,1.0,1.0,0.0
CDMS-11-6B-JMARME,2.0,11.0,7.0,1.0,0.0,0.0,0.0,0.0,4.0,1.0,0.7,0.12727272727272726,3.0,1.6666666666666667,0.0
CDMS-11-6B-JPSAMA,2.0,8.0,6.0,1.0,0.0,0.0,0.0,0.0,4.0,1.0,0.8,0.19047619047619047,2.0,1.5,0.0
CDMS-11-6B-LESTA,2.0,10.0,6.0,1.0,0.0,0.0,0.0,0.0,3.0,1.0,0.7,0.13333333333333333,2.0,1.3333333333333333,0.0
CDMS-11-6B-MAGIMU,2.0,6.0,4.0,0.0,0.0,0.0,0.0,0.0,3.0,1.0,0.7272727272727273,0.26666666666666666,2.0,1.3333333333333333,0.0
CDMS-11-6B-MEBRTA,2.0,12.0,8.5,1.0,0.0,0.0,0.0,0.0,7.0,1.0,0.8125,0.15297619047619046,3.0,1.9404761904761907,0.0
CDMS-11-6B-MMAMO,2.0,7.0,6.0,0.0,0.0,0.0,0.0,0.0,3.0,1.0,0.6153846153846154,0.25,2.0,1.3333333333333333,0.0
CDMS-11-6B-RSECA,2.0,9.0,5.0,0.0,0.0,0.0,0.0,0.0,3.0,1.0,0.5555555555555556,0.1388888888888889,2.0,1.3333333333333333,0.0
CDMS-11-6B-SCAPA,2.0,6.0,3.5,0.0,0.0,0.0,0.0,0.0,2.5,1.0,0.5625,0.25595238095238093,1.5,1.1666666666666665,0.0
CDMS-11-6B-VZAPE,2.0,10.0,6.0,0.0,0.0,0.0,0.0,0.0,4.0,1.0,0.6,0.13333333333333333,3.0,1.6666666666666667,0.0
CDMS-11-6B-YLNIME,2.0,13.0,8.0,0.0,0.0,0.0,0.0,0.0,3.0,1.0,0.6153846153846154,0.10909090909090909,2.0,1.3333333333333333,0.0
CDMS-11-7C-ICARE,2.0,7.5,4.0,0.0,0.0,0.0,0.0,0.0,2.5,1.0,0.5277777777777778,0.16944444444444445,1.5,1.1666666666666665,0.0
CDMS-11-7C-IMOIB,2.0,7.0,4.0,0.0,0.0,0.0,0.0,0.0,3.0,1.0,0.625,0.19047619047619047,2.0,1.3333333333333333,0.0
CDMS-11-7C-SALMA,2.0,8.0,4.0,0.0,0.0,0.0,0.0,0.0,4.0,1.0,0.6666666666666666,0.21428571428571427,2.0,1.5,0.0
CDMS-11-7C-SPGAVE,2.0,9.5,6.5,0.0,0.0,0.0,0.0,0.0,4.0,1.0,0.6904761904761905,0.17965367965367965,2.0,1.5,0.0
CDMS-12-5A-SRIGO,2.0,9.0,5.5,0.0,0.0,0.0,0.0,0.0,3.5,1.0,0.6076923076923078,0.2012820512820513,2.0,1.4166666666666665,0.0
CDMS-12-6A-JGIGA,2.0,12.0,8.0,0.5,0.0,0.0,0.0,0.0,5.5,1.0,0.7097902097902098,0.12132867132867133,4.0,2.0238095238095237,0.0
CDMS-12-6A-JSOTGU,2.0,9.0,5.0,0.0,0.0,0.0,0.0,0.0,3.0,1.0,0.6,0.1388888888888889,2.0,1.3333333333333333,0.0
CDMS-12-6A-SROAL,2.0,8.0,5.0,0.0,0.0,0.0,0.0,0.0,3.0,1.0,0.6363636363636364,0.17857142857142858,2.0,1.3333333333333333,0.0
CDMS-12-6B-IJDAGA,2.0,9.0,5.0,0.0,0.0,0.0,0.0,0.0,4.0,1.0,0.6875,0.1388888888888889,2.0,1.3333333333333333,0.0
CDMS-12-6B-SCLAG,2.0,11.0,6.5,1.0,0.0,0.0,0.0,0.0,3.0,1.0,0.6666666666666666,0.11818181818181817,2.0,1.3333333333333333,0.0
CDMS-12-7C-ARAHE,2.0,9.0,5.5,0.0,0.0,0.0,0.0,0.0,3.5,1.0,0.6125,0.1527777777777778,2.0,1.4166666666666665,0.0
CDMS-12-7C-CATRAR,2.0,8.0,5.0,0.0,0.0,0.0,0.0,0.0,3.0,1.0,0.625,0.17857142857142858,2.0,1.3333333333333333,0.0
CDMS-12-7C-DLOLO,2.0,8.0,5.0,0.0,0.0,0.0,0.0,0.0,3.0,1.0,0.6,0.21428571428571427,2.0,1.3333333333333333,0.0
CDMS-12-7C-JSZAOR,2.0,9.0,5.0,0.0,0.0,0.0,0.0,0.0,3.0,1.0,0.5555555555555556,0.1388888888888889,2.0,1.3333333333333333,0.0
CDMS-12-7C-MAROBE,2.0,11.0,8.0,0.0,0.0,0.0,0.0,0.0,5.0,1.0,0.7272727272727273,0.14545454545454545,4.0,2.0,0.0
CDMS-12-7C-VMAPA,2.0,11.5,8.0,0.0,0.0,0.0,0.0,0.0,5.0,1.0,0.6643356643356644,0.1393939393939394,2.0,1.5833333333333335,0.0
CDMS-12-7C-VQURA,2.0,4.0,2.0,0.0,0.0,0.0,0.0,0.0,2.0,1.0,0.5,0.3333333333333333,1.0,1.0,0.0
CDMS-13-6B-ASUMO,2.0,9.0,6.0,0.0,0.0,0.0,0.0,0.0,3.0,1.0,0.6363636363636364,0.16666666666666666,2.0,1.3333333333333333,0.0
CDMS-13-6B-JDTAHE,2.0,5.0,3.0,0.0,0.0,0.0,0.0,0.0,3.0,1.0,0.5857142857142856,0.3,2.0,1.3333333333333333,0.0
CDMS-13-7C-MVEAR,2.0,6.0,3.5,0.0,0.0,0.0,0.0,0.0,3.0,1.0,0.6458333333333333,0.23333333333333334,2.0,1.3333333333333333,0.0
CDMS-13-7C-RAIZAC,2.0,5.0,3.0,0.0,0.0,0.0,0.0,0.0,3.0,1.0,0.6666666666666666,0.3,2.0,1.3333333333333333,0.0
CDMS-13-7C-SSOSLO,2.0,7.0,5.0,0.0,0.0,0.0,0.0,0.0,4.0,1.0,0.7142857142857143,0.23809523809523808,2.0,1.5,0.0
CDMS-14-10A-IMORTO,2.0,7.5,5.0,0.0,0.0,0.0,0.0,0.0,4.5,1.0,0.696969696969697,0.24848484848484848,3.5,1.8333333333333335,0.0
CDMS-14-10A-JCVANI,2.0,8.0,5.0,0.0,0.0,0.0,0.0,0.0,3.0,1.0,0.5555555555555556,0.14285714285714285,2.0,1.3333333333333333,0.0
CDMS-14-5A-LSDUCO,2.0,9.0,5.0,1.0,0.0,0.0,0.0,0.0,3.0,1.0,0.6666666666666666,0.14285714285714285,2.0,1.3333333333333333,0.0
CDMS-14-6B-KDCAHE,2.0,7.0,4.0,0.0,0.0,0.0,0.0,0.0,2.5,1.0,0.5625,0.18928571428571428,1.5,1.1666666666666665,0.0
CDMS-15-10A-AMALOS,2.0,5.0,3.0,0.0,0.0,0.0,0.0,0.0,3.0,1.0,0.6,0.3,2.0,1.3333333333333333,0.0
CDMS-15-10A-JJMACH,2.0,8.0,5.0,0.0,0.0,0.0,0.0,0.0,3.0,1.0,0.6470588235294118,0.17857142857142858,2.0,1.3333333333333333,0.0
CDMS-15-10A-MAALRI,2.0,13.0,8.0,1.0,0.0,0.0,0.0,0.0,4.0,1.0,0.6363636363636364,0.10256410256410256,2.0,1.5,0.0
CDMS-15-10A-SGOMO,2.0,5.5,4.0,0.0,0.0,0.0,0.0,0.0,4.0,1.0,0.7333333333333334,0.33333333333333337,3.0,1.6666666666666665,0.0
CDMS-15-10A-SHEGA,2.0,15.0,8.5,0.0,0.0,0.0,0.0,0.0,3.0,1.0,0.5669642857142857,0.08145604395604396,2.0,1.3333333333333333,0.0
CDMS-15-11B-JEMOLO,2.0,4.0,2.0,1.0,0.0,0.0,0.0,0.0,2.0,1.0,0.6666666666666666,0.3333333333333333,1.0,1.0,0.0
CDMS-15-11B-VSAHO,2.0,15.0,11.0,0.0,0.0,0.0,0.0,0.0,9.0,1.0,0.7333333333333333,0.10833333333333334,4.0,2.5,0.0
CDMS-16-10A-SGALO,2.0,9.0,7.0,0.0,0.0,0.0,0.0,0.0,5.0,1.0,0.6,0.14285714285714285,4.0,2.0,0.0
CDMS-16-11B-NGABE,2.0,4.0,2.0,0.0,0.0,0.0,0.0,0.0,2.0,1.0,0.6,0.3333333333333333,1.0,1.0,0.0
CDMS-17-10A-ASSAMO,2.0,3.5,2.0,0.0,0.0,0.0,0.0,0.0,2.5,1.0,0.55,0.65,1.5,1.1666666666666665,0.0
CDMS-18-7C-VVECA,2.0,4.5,2.5,0.0,0.0,0.0,0.0,0.0,2.5,1.0,0.55,0.31666666666666665,1.5,1.1666666666666665,0.0
CDMS-8-4A-DBEVA,2.0,7.0,4.0,0.0,0.0,0.0,0.0,0.0,3.0,1.0,0.5714285714285714,0.19047619047619047,2.0,1.3333333333333333,0.0
CDMS-8-4A-DJAVDA,2.0,5.0,3.0,0.0,0.0,0.0,0.0,0.0,3.0,1.0,0.6,0.3,2.0,1.3333333333333333,0.0
CDMS-8-4A-DOSTR,2.0,15.0,12.0,0.0,0.0,0.0,0.0,0.0,9.0,1.0,0.8571428571428571,0.12380952380952381,4.0,2.2857142857142856,0.0
CDMS-8-4A-LGOPA,2.0,14.0,11.0,1.0,0.0,0.0,0.0,0.0,8.0,1.0,0.8235294117647058,0.12087912087912088,4.0,2.25,0.0
CDMS-8-4C-JDBUTU,2.0,8.0,5.0,0.0,0.0,0.0,0.0,0.0,4.0,1.0,0.625,0.17857142857142858,2.0,1.5,0.0
CDMS-9-4A-ACDUTR,2.0,6.0,4.0,0.0,0.0,0.0,0.0,0.0,3.0,1.0,0.7032967032967032,0.26666666666666666,2.0,1.3333333333333333,0.0
CDMS-9-4A-CARGA,2.0,15.0,11.0,0.0,0.0,0.0,0.0,0.0,8.0,1.0,0.7232142857142857,0.10228937728937729,4.5,2.333333333333333,0.0
CDMS-9-4A-CRAAG,2.0,9.0,7.0,3.0,0.0,0.0,0.0,0.0,6.0,1.0,1.1111111111111112,0.19444444444444445,4.0,2.066666666666667,0.0
CDMS-9-4A-EROHI,2.0,13.0,8.0,0.0,0.0,0.0,0.0,0.0,4.0,1.0,0.5934065934065934,0.10897435897435898,2.0,1.5,0.0
CDMS-9-4A-ILOSE,2.0,13.0,8.0,1.0,0.0,0.0,0.0,0.0,4.0,1.0,0.6666666666666666,0.10256410256410256,2.0,1.5,0.0
CDMS-9-4A-TGAFR,2.0,14.5,9.0,1.0,0.0,0.0,0.0,0.0,4.0,1.0,0.6899038461538461,0.09294871794871795,3.0,1.6666666666666667,0.0
CDMS-9-4C-SCAMO,2.0,7.0,4.0,0.0,0.0,0.0,0.0,0.0,3.0,1.0,0.5714285714285714,0.19047619047619047,2.0,1.3333333333333333,0.0
CDMS-9-5A-ABERO,2.0,15.0,9.0,0.0,0.0,0.0,0.0,0.0,4.0,1.0,0.6,0.08571428571428572,2.0,1.5,0.0
CDMS-9-5A-PAGACO,2.0,6.5,5.0,0.0,0.0,0.0,0.0,0.0,3.5,1.0,0.7142857142857143,0.30952380952380953,2.0,1.5,0.0
CDMS-9-5A-VVAAR,2.0,7.0,4.0,2.0,0.0,0.0,0.0,0.0,3.0,1.0,0.7272727272727273,0.19047619047619047,2.0,1.3333333333333333,0.0
CDMS-9-5C-JDMADE,2.0,10.0,6.0,1.0,0.0,0.0,0.0,0.0,4.0,1.0,0.8333333333333334,0.13333333333333333,3.0,1.6666666666666667,0.0
CDMS-9-5C-LVIZAC,2.0,8.0,5.0,0.0,0.0,0.0,0.0,0.0,2.0,1.0,0.6,0.17857142857142858,1.0,1.0,0.0
CDMS-9-5C-MLOGO,2.0,9.5,5.5,0.5,0.0,0.0,0.0,0.0,3.5,1.0,0.6904761904761905,0.14415584415584415,2.0,1.4166666666666665,0.0
CDMS-9-5C-SCAAG,2.0,9.5,5.5,0.0,0.0,0.0,0.0,0.0,3.0,1.0,0.5777777777777777,0.15833333333333333,2.0,1.3333333333333333,0.0
CDMS-XX-10A-VGILO,2.0,5.0,3.0,0.0,0.0,0.0,0.0,0.0,3.0,1.0,0.6,0.3,2.0,1.3333333333333333,0.0
CDMS-XX-5C-MJSARU,2.0,15.0,11.0,0.0,0.0,0.0,0.0,0.0,6.0,1.0,0.7333333333333333,0.10476190476190476,3.0,1.8666666666666667,0.0
CDMS-XX-5C-MPCAQU,2.0,8.0,4.5,0.0,0.0,0.0,0.0,0.0,3.0,1.0,0.5934065934065934,0.16468253968253968,2.0,1.3333333333333333,0.0
CDMS-XX-6A-MAGICA,2.0,11.0,6.0,1.0,0.0,0.0,0.0,0.0,3.0,1.0,0.6363636363636364,0.10909090909090909,2.0,1.3333333333333333,0.0
CDMS-XX-6B-SPUCA,2.0,6.5,4.5,0.0,0.0,0.0,0.0,0.0,4.0,1.0,0.6904761904761905,0.26904761904761904,2.0,1.4666666666666668,0.0
CSO-10-4A-ICAPA,2.0,8.5,5.0,0.5,0.0,0.0,0.0,0.0,3.5,1.0,0.6458333333333333,0.15476190476190477,2.5,1.5,0.0
CSO-10-4A-KCOMO,2.0,8.0,5.0,0.0,0.0,0.0,0.0,0.0,3.5,1.0,0.6181818181818182,0.21363636363636362,2.0,1.4666666666666668,0.0
CSO-10-4A-LRAVI,2.0,8.0,5.0,0.0,0.0,0.0,0.0,0.0,4.0,1.0,0.625,0.17857142857142858,2.5,1.5833333333333335,0.0
CSO-10-4A-LSCAVA,2.0,7.0,4.0,0.0,0.0,0.0,0.0,0.0,3.0,1.0,0.5714285714285714,0.19047619047619047,2.0,1.3333333333333333,0.0
CSO-10-5A-ACAVA,2.0,9.0,5.5,0.0,0.0,0.0,0.0,0.0,4.0,1.0,0.6458333333333333,0.1527777777777778,3.0,1.6666666666666667,0.0
CSO-10-5A-ARACA,2.0,10.0,6.0,1.0,0.0,0.0,0.0,0.0,4.0,1.0,0.7,0.13333333333333333,3.0,1.6666666666666667,0.0
CSO-10-5A-DABRZA,2.0,10.0,6.0,1.0,0.0,0.0,0.0,0.0,3.0,1.0,0.7,0.13333333333333333,2.0,1.3333333333333333,0.0
CSO-10-5A-GZAMA,2.0,9.0,7.0,0.0,0.0,0.0,0.0,0.0,3.0,1.0,0.6153846153846154,0.19047619047619047,2.0,1.3333333333333333,0.0
CSO-10-5A-IPECA,2.0,27.0,20.0,0.0,0.0,0.0,0.0,0.0,10.0,1.0,0.7407407407407407,0.05698005698005698,4.0,2.5555555555555554,0.0
CSO-10-5A-JANORO,2.0,7.5,4.5,0.0,0.0,0.0,0.0,0.0,3.5,1.0,0.6333333333333333,0.21666666666666667,2.5,1.5,0.0
CSO-10-5A-JBUVE,2.0,12.5,8.0,0.0,0.0,0.0,0.0,0.0,5.0,1.0,0.641025641025641,0.11188811188811189,3.5,1.9,0.0
CSO-10-5A-JJSEMO,2.0,5.5,3.5,0.0,0.0,0.0,0.0,0.0,3.5,1.0,0.6130952380952381,0.2857142857142857,2.0,1.4166666666666665,0.0
CSO-10-5A-JLCARI,2.0,8.0,5.0,0.0,0.0,0.0,0.0,0.0,4.0,1.0,0.6666666666666666,0.17857142857142858,2.0,1.5,0.0
CSO-10-5A-MAARAN,2.0,12.0,8.0,0.5,0.0,0.0,0.0,0.0,4.5,1.0,0.7142857142857143,0.12161172161172161,3.5,1.8333333333333335,0.0
CSO-10-5A-MAOSMO,2.0,7.5,5.0,0.0,0.0,0.0,0.0,0.0,3.5,1.0,0.6499999999999999,0.22777777777777777,2.5,1.5,0.0
CSO-10-5A-RVMOIB,2.0,14.0,8.0,0.0,0.0,0.0,0.0,0.0,4.0,1.0,0.6111111111111112,0.08791208791208792,3.0,1.6666666666666667,0.0
CSO-10-5A-SVHEES,2.0,10.0,6.0,0.5,0.0,0.0,0.0,0.0,3.5,1.0,0.6111111111111112,0.13308080808080808,2.5,1.5,0.0
CSO-11-5A-MDVOSPE,2.0,8.0,5.0,0.0,0.0,0.0,0.0,0.0,5.0,1.0,0.6666666666666666,0.17857142857142858,3.0,1.8,0.0
CSO-11-5A-MTAGA,2.0,5.5,3.5,0.0,0.0,0.0,0.0,0.0,3.0,1.0,0.6666666666666666,0.2833333333333333,2.0,1.3333333333333333,0.0
CSO-11-6A-CAPAMU,2.0,12.0,7.0,1.0,0.0,0.0,0.0,0.0,3.0,1.0,0.7142857142857143,0.10606060606060606,2.0,1.3333333333333333,0.0
CSO-11-6A-DSCACH,2.0,7.0,4.5,0.0,0.0,0.0,0.0,0.0,3.0,1.0,0.6333333333333333,0.23333333333333334,2.0,1.3333333333333333,0.0
CSO-11-6A-EROMO,2.0,6.0,4.0,0.0,0.0,0.0,0.0,0.0,3.0,1.0,0.5555555555555556,0.26666666666666666,2.0,1.3333333333333333,0.0
CSO-11-6A-FSOVRE,2.0,8.0,4.5,0.0,0.0,0.0,0.0,0.0,3.0,1.0,0.5916666666666667,0.1607142857142857,2.0,1.3333333333333333,0.0
CSO-11-6B-ANREVA,2.0,11.0,7.0,1.0,0.0,0.0,0.0,0.0,4.0,1.0,0.7272727272727273,0.12727272727272726,3.0,1.6666666666666667,0.0
CSO-11-6B-DISEMO,2.0,8.5,5.0,3.0,0.0,0.0,0.0,0.0,3.5,1.0,0.9375,0.18055555555555555,2.5,1.5,0.0
CSO-11-6B-LHFDLACH,2.0,8.5,6.0,0.0,0.0,0.0,0.0,0.0,4.5,1.0,0.6547619047619048,0.17261904761904762,2.5,1.65,0.0
CSO-11-6B-RJGIHE,2.0,7.0,4.0,1.0,0.0,0.0,0.0,0.0,3.0,1.0,0.7142857142857143,0.19047619047619047,2.0,1.3333333333333333,0.0
CSO-11-6B-SFLVA,2.0,9.5,5.5,0.5,0.0,0.0,0.0,0.0,3.5,1.0,0.6333333333333333,0.13611111111111113,2.5,1.5,0.0
CSO-11-6B-VCOMA,2.0,13.0,7.5,0.0,0.0,0.0,0.0,0.0,3.0,1.0,0.5773809523809523,0.10248085248085248,2.0,1.3333333333333333,0.0
CSO-12-6A-DGISE,2.0,15.0,9.0,0.0,0.0,0.0,0.0,0.0,4.0,1.0,0.5625,0.09523809523809523,2.0,1.5,0.0
CSO-12-6A-FJOVRE,2.0,7.0,4.0,0.0,0.0,0.0,0.0,0.0,3.0,1.0,0.5857142857142856,0.19047619047619047,2.0,1.3333333333333333,0.0
CSO-12-6B-GQULO,2.0,13.0,8.5,0.5,0.0,0.0,0.0,0.0,4.5,1.0,0.6770833333333333,0.11125541125541125,3.0,1.7333333333333334,0.0
CSO-12-6B-LJHEFE,2.0,12.0,7.0,0.0,0.0,0.0,0.0,0.0,5.0,1.0,0.7777777777777778,0.10989010989010989,3.0,1.6666666666666667,0.0
CSO-12-6B-VPAMA,2.0,5.5,3.5,0.0,0.0,0.0,0.0,0.0,3.0,1.0,0.6458333333333333,0.2833333333333333,2.0,1.3333333333333333,0.0
CSO-12-7A-DALRE,2.0,12.0,6.0,0.0,0.0,0.0,0.0,0.0,2.0,1.0,0.5,0.09090909090909091,1.0,1.0,0.0
CSO-12-7A-ESALA,2.0,6.0,4.0,1.0,0.0,0.0,0.0,0.0,3.0,1.0,0.6666666666666666,0.26666666666666666,2.0,1.3333333333333333,0.0
CSO-12-7A-IMERO,2.0,10.5,6.0,0.0,0.0,0.0,0.0,0.0,2.0,1.0,0.5,0.1303030303030303,1.0,1.0,0.0
CSO-12-7A-JHEZA,2.0,11.0,8.0,0.0,0.0,0.0,0.0,0.0,5.5,1.0,0.7321428571428572,0.14423076923076922,4.0,2.0666666666666664,0.0
CSO-12-7A-LSARAR,2.0,7.0,4.0,0.0,0.0,0.0,0.0,0.0,3.0,1.0,0.6666666666666666,0.23809523809523808,2.0,1.3333333333333333,0.0
CSO-12-7A-SCAHO,2.0,7.0,4.0,0.0,0.0,0.0,0.0,0.0,4.0,1.0,0.75,0.19047619047619047,3.0,1.6666666666666667,0.0
CSO-12-7B-DVAGRO,2.0,7.0,5.0,0.0,0.0,0.0,0.0,0.0,4.0,1.0,0.7692307692307693,0.23809523809523808,2.0,1.5,0.0
CSO-12-7B-SMUGU,2.0,7.0,4.0,0.0,0.0,0.0,0.0,0.0,3.0,1.0,0.6666666666666666,0.19047619047619047,2.0,1.3333333333333333,0.0
CSO-12-7B-SSARA,2.0,8.0,5.0,0.5,0.0,0.0,0.0,0.0,3.0,1.0,0.6527777777777778,0.1607142857142857,2.0,1.3333333333333333,0.0
CSO-12-7B-VHOMA,2.0,7.0,4.5,0.0,0.0,0.0,0.0,0.0,4.0,1.0,0.6458333333333333,0.2226190476190476,3.0,1.6666666666666667,0.0
CSO-12-8A-YTOME,2.0,8.0,5.0,0.0,0.0,0.0,0.0,0.0,3.0,1.0,0.5833333333333334,0.14285714285714285,2.0,1.3333333333333333,0.0
CSO-13-6A-ANASA,2.0,8.0,5.0,0.0,0.0,0.0,0.0,0.0,4.0,1.0,0.6666666666666666,0.17857142857142858,2.0,1.5,0.0
CSO-13-6B-JETAVE,2.0,6.5,4.0,0.0,0.0,0.0,0.0,0.0,3.0,1.0,0.6125,0.2571428571428571,2.0,1.3333333333333333,0.0
CSO-13-6B-LFMIES,2.0,9.0,6.5,0.5,0.0,0.0,0.0,0.0,4.5,1.0,0.7333333333333334,0.19444444444444442,3.0,1.7333333333333334,0.0
CSO-13-6B-LJMAHU,2.0,5.0,3.0,0.0,0.0,0.0,0.0,0.0,3.0,1.0,0.6,0.3,2.0,1.3333333333333333,0.0
CSO-13-7A-CAPAMU,2.0,5.0,3.0,0.0,0.0,0.0,0.0,0.0,3.0,1.0,0.5714285714285714,0.3,2.0,1.3333333333333333,0.0
CSO-13-7A-CDDITR,2.0,7.0,5.0,0.0,0.0,0.0,0.0,0.0,3.0,1.0,0.625,0.19047619047619047,2.0,1.3333333333333333,0.0
CSO-13-7A-JJATFL,2.0,6.0,3.5,0.0,0.0,0.0,0.0,0.0,3.0,1.0,0.5692307692307692,0.23333333333333334,2.0,1.3333333333333333,0.0
CSO-13-7A-KRAMA,2.0,12.5,9.0,0.5,0.0,0.0,0.0,0.0,5.0,1.0,0.7564102564102564,0.1247086247086247,3.0,1.7619047619047619,0.0
CSO-13-7A-RXCHLU,2.0,9.0,5.0,1.0,0.0,0.0,0.0,0.0,3.0,1.0,0.75,0.1388888888888889,2.0,1.3333333333333333,0.0
CSO-13-7A-YAMEZA,2.0,13.0,9.0,0.0,0.0,0.0,0.0,0.0,7.0,1.0,0.6923076923076923,0.11538461538461539,4.0,2.1904761904761907,0.0
CSO-13-7A-YBOSO,2.0,7.0,4.0,0.0,0.0,0.0,0.0,0.0,2.5,1.0,0.55,0.23333333333333334,1.5,1.1666666666666665,0.0
CSO-13-8A-KIGAGU,2.0,7.0,4.5,0.0,0.0,0.0,0.0,0.0,3.0,1.0,0.6,0.19523809523809524,2.0,1.3333333333333333,0.0
CSO-13-8A-MBUAN,2.0,9.0,7.0,0.0,0.0,0.0,0.0,0.0,4.0,1.0,0.625,0.17857142857142858,3.0,1.6666666666666667,0.0
CSO-13-8A-MGAAN,2.0,7.0,4.0,0.0,0.0,0.0,0.0,0.0,3.0,1.0,0.6,0.19047619047619047,2.0,1.3333333333333333,0.0
CSO-13-8A-MGAHE,2.0,5.0,3.0,0.0,0.0,0.0,0.0,0.0,3.0,1.0,0.5555555555555556,0.3,2.0,1.3333333333333333,0.0
CSO-13-8A-MJAGA,2.0,8.0,5.0,0.0,0.0,0.0,0.0,0.0,3.0,1.0,0.625,0.17857142857142858,2.0,1.3333333333333333,0.0
CSO-13-8A-VHODU,2.0,10.0,6.0,0.0,0.0,0.0,0.0,0.0,4.0,1.0,0.6,0.13333333333333333,2.0,1.5,0.0
CSO-13-8B-FCJISA,2.0,4.0,2.0,0.0,0.0,0.0,0.0,0.0,2.0,1.0,0.5,0.3333333333333333,1.0,1.0,0.0
CSO-13-8B-JEMABE,2.0,5.0,3.0,0.0,0.0,0.0,0.0,0.0,3.0,1.0,0.6,0.3,2.0,1.3333333333333333,0.0
CSO-13-9B-DMLLLU,2.0,5.0,3.0,0.0,0.0,0.0,0.0,0.0,3.0,1.0,0.6,0.3,2.0,1.3333333333333333,0.0
CSO-14-7A-MVEBE,2.0,7.0,4.0,0.0,0.0,0.0,0.0,0.0,3.0,1.0,0.5714285714285714,0.19047619047619047,2.0,1.3333333333333333,0.0
CSO-14-7B-EALHU,2.0,9.0,7.0,0.0,0.0,0.0,0.0,0.0,5.0,1.0,0.7922077922077921,0.21558441558441557,3.0,1.6,0.0
CSO-14-7B-EVEGO,2.0,10.0,7.0,1.0,0.0,0.0,0.0,0.0,5.0,1.0,0.7735042735042735,0.17424242424242425,3.5,1.8666666666666667,0.0
CSO-14-8A-MCIDOS,2.0,9.0,5.0,1.0,0.0,0.0,0.0,0.0,3.0,1.0,0.6666666666666666,0.1388888888888889,2.0,1.3333333333333333,0.0
CSO-14-8A-SZARA,2.0,8.5,5.0,0.0,0.0,0.0,0.0,0.0,3.0,1.0,0.725,0.19603174603174603,2.0,1.3333333333333333,0.0
CSO-14-8B-JLLORA,2.0,6.0,4.0,1.0,0.0,0.0,0.0,0.0,3.0,1.0,0.7142857142857143,0.26666666666666666,2.0,1.3333333333333333,0.0
CSO-14-9A-AEDCAGO,2.0,5.0,3.0,0.0,0.0,0.0,0.0,0.0,3.0,1.0,0.5714285714285714,0.3,2.0,1.3333333333333333,0.0
CSO-14-9A-HASACA,2.0,10.0,6.0,0.0,0.0,0.0,0.0,0.0,4.0,1.0,0.6666666666666666,0.1388888888888889,3.0,1.6666666666666667,0.0
CSO-14-9A-JSMAAL,2.0,10.5,7.0,1.0,0.0,0.0,0.0,0.0,5.0,1.0,0.759090909090909,0.1393939393939394,3.5,1.8571428571428572,0.0
CSO-14-9A-MARJA,2.0,6.0,3.0,0.0,0.0,0.0,0.0,0.0,3.0,1.0,0.6,0.26666666666666666,2.0,1.3333333333333333,0.0
CSO-14-9A-SORZU,2.0,5.0,3.0,0.0,0.0,0.0,0.0,0.0,3.0,1.0,0.6666666666666666,0.3,2.0,1.3333333333333333,0.0
CSO-14-9B-ERAGA,2.0,4.5,2.5,0.0,0.0,0.0,0.0,0.0,2.5,1.0,0.55,0.31666666666666665,1.5,1.1666666666666665,0.0
CSO-14-9B-MFEGA,2.0,8.5,5.0,1.0,0.0,0.0,0.0,0.0,3.5,1.0,0.6868686868686869,0.14087301587301587,2.0,1.4166666666666665,0.0
CSO-15-10A-LJRAGU,2.0,8.0,5.0,0.0,0.0,0.0,0.0,0.0,3.0,1.0,0.625,0.21428571428571427,2.0,1.3333333333333333,0.0
CSO-15-10A-MAARLO,2.0,7.0,4.5,0.0,0.0,0.0,0.0,0.0,3.0,1.0,0.6696428571428572,0.19047619047619047,2.0,1.3333333333333333,0.0
CSO-15-10A-SFEGA,2.0,11.0,6.0,0.0,0.0,0.0,0.0,0.0,3.0,1.0,0.5454545454545454,0.10909090909090909,2.0,1.3333333333333333,0.0
CSO-15-10B-MEBUAR,2.0,13.0,9.5,0.0,0.0,0.0,0.0,0.0,5.0,1.0,0.75,0.12777777777777777,3.5,1.9761904761904763,0.0
CSO-15-10B-YVBUAN,2.0,8.0,4.0,0.0,0.0,0.0,0.0,0.0,2.0,1.0,0.5,0.1607142857142857,1.0,1.0,0.0
CSO-15-10C-ALBAHO,2.0,7.0,4.0,0.0,0.0,0.0,0.0,0.0,3.0,1.0,0.5505050505050505,0.21944444444444444,2.0,1.3333333333333333,0.0
CSO-15-10C-SSCAMO,2.0,6.0,4.0,0.0,0.0,0.0,0.0,0.0,3.0,1.0,0.6,0.2583333333333333,2.0,1.3333333333333333,0.0
CSO-15-11C-JETALO,2.0,7.0,5.0,0.0,0.0,0.0,0.0,0.0,3.0,1.0,0.625,0.2,2.0,1.3333333333333333,0.0
CSO-15-7B-JCRAGA,2.0,5.0,3.0,0.0,0.0,0.0,0.0,0.0,3.0,1.0,0.6,0.3,2.0,1.3333333333333333,0.0
CSO-15-8A-VBMABR,2.0,5.0,3.0,0.0,0.0,0.0,0.0,0.0,3.0,1.0,0.6,0.3,2.0,1.3333333333333333,0.0
CSO-15-8B-KEPOGO,2.0,7.0,4.0,1.0,0.0,0.0,0.0,0.0,4.0,1.0,0.7777777777777778,0.19047619047619047,3.0,1.6666666666666667,0.0
CSO-15-9B-ALRIHE,2.0,8.0,6.0,0.0,0.0,0.0,0.0,0.0,5.0,1.0,0.6666666666666666,0.19047619047619047,3.0,1.8,0.0
CSO-15-9B-AMSAGO,2.0,8.0,5.0,0.0,0.0,0.0,0.0,0.0,3.0,1.0,0.6,0.21428571428571427,2.0,1.3333333333333333,0.0
CSO-15-9B-JCAPA,2.0,4.5,2.5,0.0,0.0,0.0,0.0,0.0,2.5,1.0,0.5714285714285714,0.31666666666666665,1.5,1.1666666666666665,0.0
CSO-15-9B-KSBEJA,2.0,4.0,3.0,0.0,0.0,0.0,0.0,0.0,3.0,1.0,0.6333333333333333,0.41666666666666663,2.0,1.3333333333333333,0.0
CSO-15-9B-RMCHLU,2.0,8.0,5.0,0.0,0.0,0.0,0.0,0.0,4.0,1.0,0.5833333333333334,0.17857142857142858,2.0,1.5,0.0
CSO-15-9B-SJAGRO,2.0,11.5,7.0,0.0,0.0,0.0,0.0,0.0,5.0,1.0,0.6477272727272727,0.12272727272727271,2.5,1.6666666666666665,0.0
CSO-16-10A-JEGAHE,2.0,10.5,6.5,0.5,0.0,0.0,0.0,0.0,3.5,1.0,0.6529411764705882,0.13005050505050506,2.0,1.4166666666666665,0.0
CSO-16-10A-MSACO,2.0,7.5,4.5,0.0,0.0,0.0,0.0,0.0,3.0,1.0,0.6201923076923077,0.18452380952380953,2.0,1.3333333333333333,0.0
CSO-16-10A-SARI,2.0,9.5,6.0,0.0,0.0,0.0,0.0,0.0,4.0,1.0,0.6277777777777778,0.14722222222222223,3.0,1.6666666666666665,0.0
CSO-16-10A-SMOUT,2.0,5.5,3.5,0.0,0.0,0.0,0.0,0.0,3.0,1.0,0.6,0.2833333333333333,2.0,1.3333333333333333,0.0
CSO-16-10A-YKMUJO,2.0,5.5,4.0,0.0,0.0,0.0,0.0,0.0,4.0,1.0,0.7083333333333333,0.44047619047619047,3.0,1.6666666666666665,0.0
CSO-16-10B-JESUGU,2.0,8.0,4.5,0.0,0.0,0.0,0.0,0.0,3.0,1.0,0.5634920634920635,0.16468253968253968,2.0,1.3333333333333333,0.0
CSO-16-10B-LTVIFA,2.0,6.0,3.0,0.0,0.0,0.0,0.0,0.0,3.0,1.0,0.5714285714285714,0.26666666666666666,2.0,1.3333333333333333,0.0
CSO-16-10B-VVILI,2.0,5.0,3.0,0.0,0.0,0.0,0.0,0.0,3.0,1.0,0.6,0.3,2.0,1.3333333333333333,0.0
CSO-16-10C-MAVAVE,2.0,3.0,2.0,0.0,0.0,0.0,0.0,0.0,2.0,1.0,0.5,0.6666666666666666,1.0,1.0,0.0
CSO-16-11A-JAVABO,2.0,7.0,5.0,0.0,0.0,0.0,0.0,0.0,5.0,1.0,0.6666666666666666,0.23809523809523808,4.0,2.0,0.0
CSO-16-11A-JDMUVA,2.0,8.0,4.0,0.0,0.0,0.0,0.0,0.0,2.0,1.0,0.5,0.14285714285714285,1.0,1.0,0.0
CSO-16-11A-VZAOR,2.0,5.0,2.5,0.5,0.0,0.0,0.0,0.0,2.0,1.0,0.7083333333333333,0.3,1.0,1.0,0.0
CSO-16-11B-KRORE,2.0,5.0,3.0,0.0,0.0,0.0,0.0,0.0,3.0,1.0,0.6666666666666666,0.3,2.0,1.3333333333333333,0.0
CSO-16-11B-LLOZA,2.0,12.5,9.0,0.0,0.0,0.0,0.0,0.0,7.0,1.0,0.7628205128205128,0.13344988344988346,4.0,2.1666666666666665,0.0
CSO-16-11B-YAROMO,2.0,5.0,3.0,0.0,0.0,0.0,0.0,0.0,3.0,1.0,0.6,0.3,2.0,1.3333333333333333,0.0
CSO-16-9A-JALEMO,2.0,4.0,3.0,0.0,0.0,0.0,0.0,0.0,3.0,1.0,0.75,0.3333333333333333,2.0,1.3333333333333333,0.0
CSO-16-9A-JPROSO,2.0,8.0,5.0,0.0,0.0,0.0,0.0,0.0,4.0,1.0,0.625,0.14545454545454545,2.0,1.5,0.0
CSO-16-9A-JSMAGU,2.0,8.0,5.0,0.0,0.0,0.0,0.0,0.0,4.0,1.0,0.6666666666666666,0.21428571428571427,2.0,1.5,0.0
CSO-16-9B-SJPAJI,2.0,14.0,8.0,0.0,0.0,0.0,0.0,0.0,3.0,1.0,0.5714285714285714,0.0989010989010989,2.0,1.3333333333333333,0.0
CSO-17-10A-YVGOCA,2.0,13.0,7.5,1.0,0.0,0.0,0.0,0.0,3.5,1.0,0.6515151515151515,0.09740259740259741,2.5,1.5,0.0
CSO-17-10B-EHECO,2.0,10.0,6.5,0.0,0.0,0.0,0.0,0.0,4.0,1.0,0.6636363636363636,0.14545454545454545,3.0,1.6666666666666665,0.0
CSO-17-10B-YCQUVE,2.0,12.5,6.5,0.0,0.0,0.0,0.0,0.0,2.5,1.0,0.5147058823529411,0.10451680672268907,1.5,1.1666666666666665,0.0
CSO-17-11A-DJAPA,2.0,6.0,4.0,0.0,0.0,0.0,0.0,0.0,4.0,1.0,0.6666666666666666,0.26666666666666666,3.0,1.6666666666666667,0.0
CSO-17-11A-JDAMO,2.0,6.0,4.0,0.0,0.0,0.0,0.0,0.0,3.0,1.0,0.5857142857142856,0.26666666666666666,2.0,1.3333333333333333,0.0
CSO-17-11A-NPAHE,2.0,8.0,5.0,0.0,0.0,0.0,0.0,0.0,4.0,1.0,0.6515151515151515,0.16666666666666669,2.0,1.5,0.0
CSO-17-11A-RLPAIG,2.0,6.0,4.5,0.0,0.0,0.0,0.0,0.0,4.0,1.0,0.6904761904761905,0.2833333333333333,2.5,1.5666666666666667,0.0
CSO-17-11A-SPUVA,2.0,4.0,2.0,0.0,0.0,0.0,0.0,0.0,2.0,1.0,0.5,0.3333333333333333,1.0,1.0,0.0
CSO-17-11B-CDBEBU,2.0,4.0,2.5,0.0,0.0,0.0,0.0,0.0,2.5,1.0,0.55,0.41666666666666663,1.5,1.1666666666666665,0.0
CSO-17-11C-JDAAG,2.0,6.0,3.5,0.0,0.0,0.0,0.0,0.0,3.0,1.0,0.5857142857142856,0.24523809523809523,2.0,1.3333333333333333,0.0
CSO-17-11C-MAPAMA,2.0,7.0,4.0,0.0,0.0,0.0,0.0,0.0,3.0,1.0,0.6666666666666666,0.19047619047619047,2.0,1.3333333333333333,0.0
CSO-17-11C-MCAAG,2.0,6.0,3.0,0.0,0.0,0.0,0.0,0.0,2.0,1.0,0.5,0.2,1.0,1.0,0.0
CSO-17-11C-SARJA,2.0,7.5,4.0,0.0,0.0,0.0,0.0,0.0,2.0,1.0,0.5,0.18333333333333335,1.0,1.0,0.0
CSO-18-11A-ADBAHO,2.0,12.5,7.0,0.0,0.0,0.0,0.0,0.0,3.0,1.0,0.5714285714285714,0.0985014985014985,2.0,1.3333333333333333,0.0
CSO-18-11B-YLLRE,2.0,7.5,4.5,0.0,0.0,0.0,0.0,0.0,3.5,1.0,0.5833333333333333,0.18333333333333335,2.0,1.4,0.0
CSO-18-9B-MAMOLO,2.0,7.0,4.0,0.0,0.0,0.0,0.0,0.0,3.0,1.0,0.6666666666666666,0.19047619047619047,2.0,1.3333333333333333,0.0
CSO-8-3A-AIPRBR,2.0,7.0,5.0,0.0,0.0,0.0,0.0,0.0,4.0,1.0,0.75,0.23809523809523808,2.0,1.5,0.0
CSO-8-3A-DAPAVA,2.0,7.5,5.5,0.5,0.0,0.0,0.0,0.0,3.5,1.0,0.7803030303030303,0.2226190476190476,2.0,1.3333333333333333,0.0
CSO-8-3A-KVPECO,2.0,10.0,6.0,0.0,0.0,0.0,0.0,0.0,4.0,1.0,0.6,0.13333333333333333,3.0,1.6666666666666667,0.0
CSO-8-4A-ARAGR,2.0,4.0,2.5,0.5,0.0,0.0,0.0,0.0,3.0,1.0,0.7571428571428571,0.4833333333333333,2.0,1.3333333333333333,0.0
CSO-8-4A-JRAAR,2.0,8.0,6.0,1.0,0.0,0.0,0.0,0.0,5.0,1.0,0.7777777777777778,0.21428571428571427,4.0,2.0,0.0
CSO-9-2A-EXMOCO,2.0,6.5,3.5,0.0,0.0,0.0,0.0,0.0,3.0,1.0,0.5982142857142857,0.19523809523809524,2.0,1.3333333333333333,0.0
CSO-9-4A-AGAPE,2.0,7.0,4.0,0.0,0.0,0.0,0.0,0.0,3.0,1.0,0.5714285714285714,0.2222222222222222,2.0,1.3333333333333333,0.0
CSO-9-4A-DKVIMO,2.0,7.0,5.0,1.0,0.0,0.0,0.0,0.0,4.0,1.0,0.8571428571428571,0.23809523809523808,3.0,1.6666666666666667,0.0
CSO-9-4A-DSMOMU,2.0,5.0,3.0,0.0,0.0,0.0,0.0,0.0,3.0,1.0,0.6666666666666666,0.3,2.0,1.3333333333333333,0.0
CSO-9-4A-DVGATO,2.0,8.5,6.0,1.5,0.0,0.0,0.0,0.0,5.0,1.0,0.8888888888888888,0.19682539682539682,2.5,1.6333333333333333,0.0
CSO-9-4A-EGCAMO,2.0,4.0,2.0,0.0,0.0,0.0,0.0,0.0,3.0,1.0,0.6,0.3333333333333333,2.0,1.3333333333333333,0.0
CSO-9-4A-FAGIGA,2.0,6.5,4.0,0.0,0.0,0.0,0.0,0.0,4.0,1.0,0.6636363636363636,0.24523809523809523,3.0,1.6666666666666665,0.0
CSO-9-4A-GSBRCO,2.0,11.5,6.5,0.0,0.0,0.0,0.0,0.0,3.0,1.0,0.5643939393939394,0.10757575757575757,2.0,1.3333333333333333,0.0
CSO-9-4A-KEMOCO,2.0,7.0,4.0,0.0,0.0,0.0,0.0,0.0,3.0,1.0,0.6666666666666666,0.19047619047619047,2.0,1.3333333333333333,0.0
CSO-9-4A-LCOMO,2.0,8.5,5.0,0.0,0.0,0.0,0.0,0.0,3.5,1.0,0.5902777777777778,0.162012987012987,2.0,1.4166666666666665,0.0
CSO-9-4A-MLORO,2.0,5.0,3.0,0.0,0.0,0.0,0.0,0.0,3.0,1.0,0.5857142857142856,0.3,2.0,1.3333333333333333,0.0
CSO-9-4A-MPAME,2.0,5.0,3.0,0.0,0.0,0.0,0.0,0.0,3.0,1.0,0.6,0.3,2.0,1.3333333333333333,0.0
CSO-9-4A-NSARPA,2.0,7.0,4.5,0.5,0.0,0.0,0.0,0.0,3.0,1.0,0.725,0.2226190476190476,2.0,1.3333333333333333,0.0
CSO-9-4A-SLOCA,2.0,9.0,5.0,0.0,0.0,0.0,0.0,0.0,3.0,1.0,0.5555555555555556,0.1388888888888889,2.0,1.3333333333333333,0.0
CSO-9-4A-YVDITR,2.0,6.0,3.5,0.0,0.0,0.0,0.0,0.0,3.0,1.0,0.5857142857142856,0.24722222222222223,2.0,1.3333333333333333,0.0
