file,window,wc,nodes,edges,re,pe,l1,l2,l3,lcc,lsc,atd,density,diameter,asp,cc
CDMS-10-4A-JURAN,0,4,10,8,0,0,0,0,0,3,1,0.8,0.08888888888888889,1.0,1.0,1.0
CDMS-10-4A-JURAN,1,4,13,11,0,0,0,0,0,3,1,0.8461538461538461,0.07051282051282051,1.0,1.0,1.0
CDMS-10-4A-JURAN,2,4,16,15,0,0,0,0,0,6,1,0.9375,0.0625,2.0,1.5333333333333334,0.7000000000000001
CDMS-10-4A-JURAN,3,4,11,11,0,0,0,0,0,4,1,1.0,0.1,2.0,1.3333333333333333,0.5833333333333334
CDMS-10-4A-JURAN,4,4,12,13,0,0,0,0,0,8,1,1.0833333333333333,0.09848484848484848,4.0,2.0357142857142856,0.3541666666666667
CDMS-10-4A-JURAN,5,4,10,10,0,0,0,0,0,8,1,1.0,0.1111111111111111,4.0,2.0357142857142856,0.3541666666666667
CDMS-10-5A-HEPIHO,0,4,24,19,0,0,0,0,0,6,1,0.7916666666666666,0.034420289855072464,4.0,1.8666666666666667,0.4444444444444444
CDMS-10-5A-HEPIHO,1,4,22,20,1,0,0,0,0,6,1,0.9090909090909091,0.04329004329004329,4.0,1.8666666666666667,0.4444444444444444
CDMS-10-5A-HEPIHO,2,4,21,16,1,0,0,0,0,6,1,0.7619047619047619,0.0380952380952381,3.0,1.6666666666666667,0.611111111111111
CDMS-10-5A-HEPIHO,3,4,22,17,1,0,0,0,0,6,1,0.7727272727272727,0.0367965367965368,2.0,1.6,0.35000000000000003
CDMS-10-5A-HEPIHO,4,4,24,21,1,0,0,0,0,6,1,0.875,0.03804347826086957,2.0,1.6,0.35000000000000003
CDMS-10-5A-HEPIHO,5,4,23,22,2,0,0,0,0,5,1,0.9565217391304348,0.043478260869565216,2.0,1.5,0.4333333333333333
CDMS-10-5A-KSRAGU,0,4,10,7,0,0,0,0,0,3,1,0.7,0.07777777777777778,1.0,1.0,1.0
CDMS-10-5A-SZURO,0,4,17,12,2,0,0,0,0,3,1,0.7058823529411765,0.04411764705882353,1.0,1.0,1.0
CDMS-10-5B-SRAJA,0,4,13,10,0,0,0,0,0,3,1,0.7692307692307693,0.0641025641025641,2.0,1.3333333333333333,0.0
CDMS-10-5B-SRAJA,1,4,22,26,1,0,0,0,0,12,1,1.1818181818181819,0.05627705627705628,4.0,2.121212121212121,0.684126984126984
CDMS-10-5B-SRAJA,2,4,24,40,4,0,1,0,0,19,1,1.6666666666666667,0.07246376811594203,6.0,2.5964912280701755,0.5391812865497075
CDMS-10-5B-SRAJA,3,4,25,38,4,0,1,0,0,18,1,1.52,0.06333333333333334,6.0,2.6209150326797386,0.5135802469135802
CDMS-10-5B-SRAJA,4,4,20,38,8,0,1,0,0,16,1,1.9,0.1,5.0,2.2916666666666665,0.5024305555555555
CDMS-10-5C-DAAUSA,0,4,18,20,2,0,0,0,0,8,1,1.1111111111111112,0.06535947712418301,4.0,2.142857142857143,0.3333333333333333
CDMS-10-5C-ICAPA,0,4,11,7,1,0,0,0,0,3,1,0.6363636363636364,0.06363636363636363,2.0,1.3333333333333333,0.0
CDMS-10-5C-ICAPA,1,4,10,8,1,0,0,0,0,3,1,0.8,0.08888888888888889,2.0,1.3333333333333333,0.0
CDMS-10-5C-JFALGI,0,4,12,9,0,0,0,0,0,5,1,0.75,0.06818181818181818,3.0,1.7,0.4666666666666667
CDMS-10-5C-JFALGI,1,4,15,10,0,0,0,0,0,3,1,0.6666666666666666,0.047619047619047616,1.0,1.0,1.0
CDMS-10-5C-JFALGI,2,4,15,12,1,0,0,0,0,4,1,0.8,0.05714285714285714,3.0,1.6666666666666667,0.0
CDMS-10-5C-MAORTO,0,4,11,9,0,0,0,0,0,4,1,0.8181818181818182,0.08181818181818182,2.0,1.1666666666666667,0.8333333333333333
CDMS-10-5C-MAORTO,1,4,13,12,0,0,0,0,0,5,1,0.9230769230769231,0.07692307692307693,3.0,1.5,0.5333333333333333
CDMS-10-5C-MAORTO,2,4,9,10,0,0,0,0,0,6,1,1.1111111111111112,0.1388888888888889,2.0,1.5333333333333334,0.7000000000000001
CDMS-10-5C-MAORTO,3,4,13,12,0,0,0,0,0,6,1,0.9230769230769231,0.07692307692307693,2.0,1.5333333333333334,0.7000000000000001
CDMS-10-5C-NBEMO,0,4,10,8,0,0,0,0,0,3,1,0.8,0.08888888888888889,1.0,1.0,1.0
CDMS-10-5C-NBEMO,1,4,13,12,1,0,0,0,0,3,1,0.9230769230769231,0.07692307692307693,1.0,1.0,1.0
CDMS-10-6B-ASCACO,0,4,17,12,0,0,0,0,0,5,1,0.7058823529411765,0.04411764705882353,3.0,1.5,0.5333333333333333
CDMS-11-4A-GACHSA,0,4,12,10,1,0,0,0,0,3,1,0.8333333333333334,0.07575757575757576,1.0,1.0,1.0
CDMS-11-4A-GACHSA,1,4,11,9,0,0,0,0,0,5,1,0.8181818181818182,0.08181818181818182,2.0,1.4,0.8666666666666666
CDMS-11-4A-GACHSA,2,4,12,10,1,0,0,0,0,3,1,0.8333333333333334,0.07575757575757576,1.0,1.0,1.0
CDMS-11-4A-GACHSA,3,4,10,8,0,0,0,0,0,3,1,0.8,0.08888888888888889,1.0,1.0,1.0
CDMS-11-4A-GACHSA,4,4,10,9,1,0,0,0,0,3,1,0.9,0.1,1.0,1.0,1.0
CDMS-11-4A-GACHSA,5,4,9,9,1,0,0,0,0,4,1,1.0,0.125,2.0,1.3333333333333333,0.5833333333333334
CDMS-11-4A-GACHSA,6,4,9,9,1,0,0,0,0,7,1,1.0,0.125,4.0,2.0,0.21428571428571427
CDMS-11-4A-GACHSA,7,4,9,9,1,0,0,0,0,7,1,1.0,0.125,4.0,2.0,0.21428571428571427
CDMS-11-5A-EAARCA,0,4,14,11,0,0,0,0,0,5,1,0.7857142857142857,0.06043956043956044,2.0,1.4,0.8666666666666666
CDMS-11-5A-EAARCA,1,4,13,12,0,0,0,0,0,5,1,0.9230769230769231,0.07692307692307693,2.0,1.4,0.8666666666666666
CDMS-11-5A-EAARCA,2,4,16,16,0,0,0,0,0,7,1,1.0,0.06666666666666667,4.0,1.9047619047619047,0.42857142857142855
CDMS-11-5A-EAARCA,3,4,15,13,0,0,0,0,0,4,1,0.8666666666666667,0.06190476190476191,2.0,1.3333333333333333,0.5833333333333334
CDMS-11-5A-EAARCA,4,4,17,13,0,0,0,0,0,3,1,0.7647058823529411,0.04779411764705882,1.0,1.0,1.0
CDMS-11-5A-EAARCA,5,4,18,16,0,0,0,0,0,7,1,0.8888888888888888,0.05228758169934641,3.0,1.7619047619047619,0.619047619047619
CDMS-11-5A-EAARCA,6,4,13,10,0,0,0,0,0,5,1,0.7692307692307693,0.0641025641025641,3.0,1.5,0.5333333333333333
CDMS-11-5A-MGTHAR,0,4,14,23,5,0,0,0,0,9,1,1.6428571428571428,0.12637362637362637,3.0,1.8888888888888888,0.837037037037037
CDMS-11-6A-NMREPR,0,4,23,16,0,0,0,0,0,5,1,0.6956521739130435,0.03162055335968379,3.0,1.8,0.0
CDMS-11-6B-AVROTO,0,4,9,6,0,0,0,0,0,3,1,0.6666666666666666,0.08333333333333333,1.0,1.0,1.0
CDMS-11-6B-AVROTO,1,4,9,7,0,0,0,0,0,4,1,0.7777777777777778,0.09722222222222222,2.0,1.3333333333333333,0.5833333333333334
CDMS-11-6B-AVROTO,2,4,11,7,0,0,0,0,0,4,1,0.6363636363636364,0.06363636363636363,3.0,1.6666666666666667,0.0
CDMS-11-6B-EAFESA,0,4,23,27,2,0,0,0,0,13,1,1.173913043478261,0.0533596837944664,4.0,2.230769230769231,0.6146520146520147
CDMS-11-6B-EFRGR,0,4,21,15,0,0,0,0,0,4,1,0.7142857142857143,0.03571428571428571,2.0,1.3333333333333333,0.5833333333333334
CDMS-11-6B-EFRGR,1,4,20,13,0,0,0,0,0,4,1,0.65,0.034210526315789476,2.0,1.3333333333333333,0.5833333333333334
CDMS-11-6B-EROCO,0,4,17,15,1,0,0,0,0,4,1,0.8823529411764706,0.05514705882352941,3.0,1.6666666666666667,0.0
CDMS-11-6B-EROCO,1,4,17,15,1,0,0,0,0,4,1,0.8823529411764706,0.05514705882352941,3.0,1.6666666666666667,0.0
CDMS-11-6B-JACUPE,0,4,29,31,2,0,1,0,0,7,1,1.0689655172413792,0.038177339901477834,3.0,1.619047619047619,0.7000000000000001
CDMS-11-6B-JDCHBA,0,4,18,26,5,0,0,0,0,13,1,1.4444444444444444,0.08496732026143791,6.0,2.6923076923076925,0.3230769230769231
CDMS-11-6B-JDCHBA,1,4,15,18,2,0,0,0,0,5,1,1.2,0.08571428571428572,3.0,1.8,0.0
CDMS-11-6B-JDCHBA,2,4,17,19,2,0,0,0,0,6,1,1.1176470588235294,0.06985294117647059,3.0,1.4666666666666666,0.5
CDMS-11-6B-JFSAHE,0,4,12,9,0,0,0,0,0,3,1,0.75,0.06818181818181818,1.0,1.0,1.0
CDMS-11-6B-JFSAHE,1,4,10,8,0,0,0,0,0,3,1,0.8,0.08888888888888889,1.0,1.0,1.0
CDMS-11-6B-JFSAHE,2,4,8,6,0,0,0,0,0,3,1,0.75,0.10714285714285714,1.0,1.0,1.0
CDMS-11-6B-JFSAHE,3,4,9,5,0,0,0,0,0,3,1,0.5555555555555556,0.06944444444444445,2.0,1.3333333333333333,0.0
CDMS-11-6B-JFSAHE,4,4,11,7,0,0,0,0,0,3,1,0.6363636363636364,0.06363636363636363,2.0,1.3333333333333333,0.0
CDMS-11-6B-JFSAHE,5,4,9,7,0,0,0,0,0,6,1,0.7777777777777778,0.09722222222222222,3.0,1.9333333333333333,0.0
CDMS-11-6B-JFSAHE,6,4,9,6,0,0,0,0,0,4,1,0.6666666666666666,0.08333333333333333,2.0,1.5,0.0
CDMS-11-6B-JLPENA,0,4,13,8,0,0,0,0,0,3,1,0.6153846153846154,0.05128205128205128,1.0,1.0,1.0
CDMS-11-6B-JLPENA,1,4,12,7,1,0,0,0,0,2,1,0.5833333333333334,0.05303030303030303,1.0,1.0,0.0
CDMS-11-6B-JLPENA,2,4,13,11,2,0,0,0,0,5,1,0.8461538461538461,0.07051282051282051,3.0,1.6,0.3333333333333333
CDMS-11-6B-JLPENA,3,4,14,11,2,0,0,0,0,4,1,0.7857142857142857,0.06043956043956044,2.0,1.3333333333333333,0.5833333333333334
CDMS-11-6B-JLPENA,4,4,12,11,3,0,0,0,0,4,1,0.9166666666666666,0.08333333333333333,2.0,1.3333333333333333,0.5833333333333334
CDMS-11-6B-JMARME,0,4,23,23,1,0,0,0,0,4,1,1.0,0.045454545454545456,2.0,1.3333333333333333,0.5833333333333334
CDMS-11-6B-JPSAMA,0,4,16,14,1,0,0,0,0,4,1,0.875,0.058333333333333334,2.0,1.3333333333333333,0.5833333333333334
CDMS-11-6B-LESTA,0,4,21,24,3,0,0,0,0,8,1,1.1428571428571428,0.05714285714285714,2.0,1.6785714285714286,0.34523809523809523
CDMS-11-6B-MAGIMU,0,4,10,12,0,0,0,0,0,7,1,1.2,0.13333333333333333,3.0,1.7619047619047619,0.8095238095238095
CDMS-11-6B-MAGIMU,1,4,16,18,2,0,0,0,0,5,1,1.125,0.075,2.0,1.4,0.8666666666666666
CDMS-11-6B-MAGIMU,2,4,16,17,2,0,0,0,0,5,1,1.0625,0.07083333333333333,2.0,1.5,0.4333333333333333
CDMS-11-6B-MMAMO,0,4,21,16,0,0,0,0,0,6,1,0.7619047619047619,0.0380952380952381,3.0,1.9333333333333333,0.0
CDMS-11-6B-MMAMO,1,4,15,11,0,0,0,0,0,3,1,0.7333333333333333,0.05238095238095238,1.0,1.0,1.0
CDMS-11-6B-MMAMO,2,4,14,13,0,0,0,0,0,9,1,0.9285714285714286,0.07142857142857142,4.0,2.111111111111111,0.3851851851851852
CDMS-11-6B-MMAMO,3,4,8,9,0,0,0,0,0,8,1,1.125,0.16071428571428573,3.0,1.8214285714285714,0.43333333333333335
CDMS-11-6B-MMAMO,4,4,8,9,0,0,0,0,0,8,1,1.125,0.16071428571428573,3.0,1.8214285714285714,0.43333333333333335
CDMS-11-6B-MMAMO,5,4,9,9,0,0,0,0,0,7,1,1.0,0.125,3.0,1.7619047619047619,0.5047619047619047
CDMS-11-6B-RSECA,0,4,15,10,0,0,0,0,0,4,1,0.6666666666666666,0.047619047619047616,3.0,1.6666666666666667,0.0
CDMS-11-6B-VZAPE,0,4,21,22,1,0,0,0,0,7,1,1.0476190476190477,0.05238095238095238,2.0,1.4761904761904763,0.8571428571428571
CDMS-11-6B-YLNIME,0,4,22,16,0,0,0,0,0,5,1,0.7272727272727273,0.03463203463203463,4.0,2.0,0.0
CDMS-11-7C-ICARE,0,4,19,18,2,0,0,0,0,5,1,0.9473684210526315,0.05263157894736842,3.0,1.5,0.5333333333333333
CDMS-11-7C-ICARE,1,4,15,9,0,0,0,0,0,3,1,0.6,0.04285714285714286,1.0,1.0,1.0
CDMS-11-7C-IMOIB,0,4,13,10,0,0,0,0,0,3,1,0.7692307692307693,0.0641025641025641,1.0,1.0,1.0
CDMS-11-7C-IMOIB,1,4,14,11,0,0,0,0,0,4,1,0.7857142857142857,0.06043956043956044,2.0,1.3333333333333333,0.5833333333333334
CDMS-11-7C-IMOIB,2,4,17,14,0,0,0,0,0,4,1,0.8235294117647058,0.051470588235294115,2.0,1.3333333333333333,0.5833333333333334
CDMS-11-7C-SALMA,0,4,16,12,0,0,0,0,0,6,1,0.75,0.05,4.0,1.8666666666666667,0.4444444444444444
CDMS-11-7C-SPGAVE,0,4,18,21,1,0,1,0,0,8,1,1.1666666666666667,0.06862745098039216,4.0,1.9642857142857142,0.75
CDMS-11-7C-SPGAVE,1,4,17,16,0,0,0,0,0,6,1,0.9411764705882353,0.058823529411764705,3.0,1.6666666666666667,0.4166666666666667
CDMS-12-6A-JSOTGU,0,4,18,14,2,0,0,0,0,5,1,0.7777777777777778,0.0457516339869281,4.0,2.0,0.0
CDMS-12-6A-SROAL,0,4,14,11,0,0,0,0,0,4,1,0.7857142857142857,0.06043956043956044,2.0,1.5,0.0
CDMS-12-6A-SROAL,1,4,17,15,1,0,0,0,0,5,1,0.8823529411764706,0.05514705882352941,3.0,1.6,0.0
CDMS-12-6A-SROAL,2,4,17,16,2,0,0,0,0,4,1,0.9411764705882353,0.058823529411764705,3.0,1.6666666666666667,0.0
CDMS-12-6B-IJDAGA,0,4,17,20,2,0,0,0,0,11,1,1.1764705882352942,0.07352941176470588,5.0,2.3454545454545452,0.4696969696969697
CDMS-12-6B-IJDAGA,1,4,21,21,2,0,0,0,0,6,1,1.0,0.05,3.0,1.6666666666666667,0.4166666666666667
CDMS-12-6B-IJDAGA,2,4,22,22,2,0,0,0,0,6,1,1.0,0.047619047619047616,3.0,1.6666666666666667,0.38888888888888884
CDMS-12-6B-SCLAG,0,4,18,14,2,0,0,0,0,3,1,0.7777777777777778,0.0457516339869281,1.0,1.0,1.0
CDMS-12-6B-SCLAG,1,4,21,22,7,0,0,0,0,5,1,1.0476190476190477,0.05238095238095238,3.0,1.7,0.4666666666666667
CDMS-12-7C-ARAHE,0,4,15,10,0,0,0,0,0,5,1,0.6666666666666666,0.047619047619047616,2.0,1.6,0.0
CDMS-12-7C-ARAHE,1,4,18,12,0,0,0,0,0,6,1,0.6666666666666666,0.0392156862745098,2.0,1.6666666666666667,0.0
CDMS-12-7C-CATRAR,0,4,16,13,0,0,0,0,0,4,1,0.8125,0.05416666666666667,2.0,1.3333333333333333,0.5833333333333334
CDMS-12-7C-DLOLO,0,4,11,15,5,0,0,0,0,6,1,1.3636363636363635,0.13636363636363635,3.0,1.6666666666666667,0.611111111111111
CDMS-12-7C-DLOLO,1,4,14,17,5,0,0,0,0,6,1,1.2142857142857142,0.09340659340659341,2.0,1.5333333333333334,0.7000000000000001
CDMS-12-7C-DLOLO,2,4,19,12,0,0,0,0,0,4,1,0.631578947368421,0.03508771929824561,3.0,1.6666666666666667,0.0
CDMS-12-7C-DLOLO,3,4,18,11,0,0,0,0,0,4,1,0.6111111111111112,0.03594771241830065,3.0,1.6666666666666667,0.0
CDMS-12-7C-DLOLO,4,4,18,11,0,0,0,0,0,4,1,0.6111111111111112,0.03594771241830065,3.0,1.6666666666666667,0.0
CDMS-12-7C-MAROBE,0,4,19,20,1,0,0,0,0,8,1,1.0526315789473684,0.05847953216374269,3.0,1.8214285714285714,0.6083333333333333
CDMS-12-7C-VMAPA,0,4,22,24,0,0,0,0,0,9,1,1.0909090909090908,0.05194805194805195,3.0,1.8611111111111112,0.5777777777777778
CDMS-12-7C-VMAPA,1,4,20,16,0,0,0,0,0,6,1,0.8,0.042105263157894736,2.0,1.6,0.35000000000000003
CDMS-12-7C-VQURA,0,4,8,4,0,0,0,0,0,2,1,0.5,0.07142857142857142,1.0,1.0,0.0
CDMS-12-7C-VQURA,1,4,6,3,0,0,0,0,0,2,1,0.5,0.1,1.0,1.0,0.0
CDMS-12-7C-VQURA,2,4,6,3,0,0,0,0,0,2,1,0.5,0.1,1.0,1.0,0.0
CDMS-12-7C-VQURA,3,4,6,5,0,0,0,0,0,4,1,0.8333333333333334,0.16666666666666666,2.0,1.3333333333333333,0.5833333333333334
CDMS-12-7C-VQURA,4,4,5,4,0,0,0,0,0,3,1,0.8,0.2,1.0,1.0,1.0
CDMS-13-6B-ASUMO,0,4,17,15,0,0,0,0,0,3,1,0.8823529411764706,0.05514705882352941,2.0,1.3333333333333333,0.0
CDMS-13-6B-JDTAHE,0,4,10,11,3,0,0,0,0,3,1,1.1,0.12222222222222222,1.0,1.0,1.0
CDMS-13-6B-JDTAHE,1,4,7,5,0,0,0,0,0,3,1,0.7142857142857143,0.11904761904761904,1.0,1.0,1.0
CDMS-13-6B-JDTAHE,2,4,7,5,0,0,0,0,0,3,1,0.7142857142857143,0.11904761904761904,1.0,1.0,1.0
CDMS-13-7C-MVEAR,0,4,10,6,0,0,0,0,0,3,1,0.6,0.06666666666666667,2.0,1.3333333333333333,0.0
CDMS-13-7C-MVEAR,1,4,9,8,2,0,0,0,0,3,1,0.8888888888888888,0.1111111111111111,1.0,1.0,1.0
CDMS-13-7C-MVEAR,2,4,13,12,2,0,0,0,0,5,1,0.9230769230769231,0.07692307692307693,2.0,1.4,0.8666666666666666
CDMS-13-7C-MVEAR,3,4,10,11,2,0,0,0,0,5,1,1.1,0.12222222222222222,2.0,1.4,0.8666666666666666
CDMS-13-7C-RAIZAC,0,4,11,9,0,0,0,0,0,4,1,0.8181818181818182,0.08181818181818182,2.0,1.3333333333333333,0.5833333333333334
CDMS-13-7C-RAIZAC,1,4,11,10,0,0,0,0,0,3,1,0.9090909090909091,0.09090909090909091,1.0,1.0,1.0
CDMS-13-7C-RAIZAC,2,4,9,8,0,0,0,0,0,4,1,0.8888888888888888,0.1111111111111111,2.0,1.3333333333333333,0.5833333333333334
CDMS-13-7C-SSOSLO,0,4,13,14,2,0,0,0,0,4,1,1.0769230769230769,0.08974358974358974,2.0,1.1666666666666667,0.8333333333333333
CDMS-14-10A-IMORTO,0,4,15,11,0,0,0,0,0,6,1,0.7333333333333333,0.05238095238095238,4.0,1.9333333333333333,0.27777777777777773
CDMS-14-10A-IMORTO,1,4,13,14,0,0,0,0,0,11,1,1.0769230769230769,0.08974358974358974,5.0,2.4545454545454546,0.3212121212121212
CDMS-14-10A-JCVANI,0,4,15,12,1,0,0,0,0,4,1,0.8,0.05714285714285714,2.0,1.3333333333333333,0.5833333333333334
CDMS-14-10A-JCVANI,1,4,17,13,1,0,0,0,0,4,1,0.7647058823529411,0.04779411764705882,2.0,1.3333333333333333,0.5833333333333334
CDMS-14-10A-JCVANI,2,4,19,13,0,0,0,0,0,4,1,0.6842105263157895,0.038011695906432746,2.0,1.3333333333333333,0.5833333333333334
CDMS-14-5A-LSDUCO,0,4,16,16,1,0,0,0,0,6,1,1.0,0.06666666666666667,3.0,1.6,0.4444444444444444
CDMS-14-6B-KDCAHE,0,4,13,10,0,0,0,0,0,4,1,0.7692307692307693,0.0641025641025641,2.0,1.3333333333333333,0.5833333333333334
CDMS-14-6B-KDCAHE,1,4,12,8,0,0,0,0,0,4,1,0.6666666666666666,0.06060606060606061,2.0,1.3333333333333333,0.5833333333333334
CDMS-15-10A-AMALOS,0,4,8,8,2,0,0,0,0,4,1,1.0,0.14285714285714285,2.0,1.3333333333333333,0.5833333333333334
CDMS-15-10A-AMALOS,1,4,6,4,1,0,0,0,0,2,1,0.6666666666666666,0.13333333333333333,1.0,1.0,0.0
CDMS-15-10A-AMALOS,2,4,6,4,1,0,0,0,0,2,1,0.6666666666666666,0.13333333333333333,1.0,1.0,0.0
CDMS-15-10A-AMALOS,3,4,4,4,1,0,0,0,0,4,1,1.0,0.3333333333333333,3.0,1.6666666666666667,0.0
CDMS-15-10A-AMALOS,4,4,4,4,1,0,0,0,0,4,1,1.0,0.3333333333333333,3.0,1.6666666666666667,0.0
CDMS-15-10A-AMALOS,5,4,7,5,1,0,0,0,0,3,1,0.7142857142857143,0.11904761904761904,2.0,1.3333333333333333,0.0
CDMS-15-10A-AMALOS,6,4,10,6,1,0,0,0,0,2,1,0.6,0.06666666666666667,1.0,1.0,0.0
CDMS-15-10A-AMALOS,7,4,11,6,0,0,0,0,0,3,1,0.5454545454545454,0.05454545454545454,2.0,1.3333333333333333,0.0
CDMS-15-10A-AMALOS,8,4,11,8,0,0,0,0,0,5,1,0.7272727272727273,0.07272727272727272,3.0,1.7,0.4666666666666667
CDMS-15-10A-AMALOS,9,4,10,9,1,0,0,0,0,4,1,0.9,0.1,2.0,1.1666666666666667,0.8333333333333333
CDMS-15-10A-AMALOS,10,4,7,8,1,0,0,0,0,5,1,1.1428571428571428,0.19047619047619047,3.0,1.5,0.5333333333333333
CDMS-15-10A-AMALOS,11,4,7,8,1,0,0,0,0,5,1,1.1428571428571428,0.19047619047619047,3.0,1.5,0.5333333333333333
CDMS-15-10A-AMALOS,12,4,8,7,1,0,0,0,0,3,1,0.875,0.125,1.0,1.0,1.0
CDMS-15-10A-AMALOS,13,4,7,5,1,0,0,0,0,3,1,0.7142857142857143,0.11904761904761904,2.0,1.3333333333333333,0.0
CDMS-15-10A-AMALOS,14,4,8,5,0,0,0,0,0,3,1,0.625,0.08928571428571429,2.0,1.3333333333333333,0.0
CDMS-15-10A-AMALOS,15,4,8,7,0,0,0,0,0,5,1,0.875,0.125,2.0,1.5,0.4333333333333333
CDMS-15-10A-AMALOS,16,4,7,8,0,0,0,0,0,7,1,1.1428571428571428,0.19047619047619047,2.0,1.619047619047619,0.5904761904761905
CDMS-15-10A-AMALOS,17,4,7,9,1,0,0,0,0,7,1,1.2857142857142858,0.21428571428571427,2.0,1.619047619047619,0.5904761904761905
CDMS-15-10A-AMALOS,18,4,9,11,1,0,0,0,0,6,1,1.2222222222222223,0.1527777777777778,2.0,1.5333333333333334,0.7000000000000001
CDMS-15-10A-AMALOS,19,4,9,9,1,0,0,0,0,4,1,1.0,0.125,2.0,1.3333333333333333,0.5833333333333334
CDMS-15-10A-AMALOS,20,4,13,9,1,0,0,0,0,3,1,0.6923076923076923,0.057692307692307696,1.0,1.0,1.0
CDMS-15-10A-AMALOS,21,4,13,8,0,0,0,0,0,3,1,0.6153846153846154,0.05128205128205128,1.0,1.0,1.0
CDMS-15-10A-AMALOS,22,4,11,8,0,0,0,0,0,5,1,0.7272727272727273,0.07272727272727272,3.0,1.6,0.3333333333333333
CDMS-15-10A-AMALOS,23,4,12,12,1,0,0,0,0,8,1,1.0,0.09090909090909091,4.0,2.0714285714285716,0.29166666666666663
CDMS-15-10A-AMALOS,24,4,11,12,0,0,0,0,0,8,1,1.0909090909090908,0.10909090909090909,4.0,2.0714285714285716,0.29166666666666663
CDMS-15-10A-AMALOS,25,4,12,12,0,0,0,0,0,7,1,1.0,0.09090909090909091,4.0,1.9047619047619047,0.42857142857142855
CDMS-15-10A-AMALOS,26,4,15,16,1,0,0,0,0,5,1,1.0666666666666667,0.0761904761904762,2.0,1.4,0.8666666666666666
CDMS-15-10A-AMALOS,27,4,13,12,0,0,0,0,0,5,1,0.9230769230769231,0.07692307692307693,2.0,1.4,0.8666666666666666
CDMS-15-10A-AMALOS,28,4,12,10,0,0,0,0,0,4,1,0.8333333333333334,0.07575757575757576,2.0,1.3333333333333333,0.5833333333333334
CDMS-15-10A-JJMACH,0,4,21,14,1,0,0,0,0,4,1,0.6666666666666666,0.03333333333333333,3.0,1.6666666666666667,0.0
CDMS-15-10A-JJMACH,1,4,26,20,1,0,0,0,0,5,1,0.7692307692307693,0.03076923076923077,3.0,1.8,0.0
CDMS-15-10A-JJMACH,2,4,31,26,1,0,0,0,0,7,1,0.8387096774193549,0.02795698924731183,3.0,1.8571428571428572,0.3
CDMS-15-10A-JJMACH,3,4,26,22,1,0,0,0,0,7,1,0.8461538461538461,0.033846153846153845,3.0,1.8571428571428572,0.3
CDMS-15-10A-JJMACH,4,4,18,16,0,0,0,0,0,4,1,0.8888888888888888,0.05228758169934641,2.0,1.3333333333333333,0.5833333333333334
CDMS-15-10A-MAALRI,0,4,25,20,2,0,0,0,0,5,1,0.8,0.03333333333333333,3.0,1.5,0.5333333333333333
CDMS-15-10A-SGOMO,0,4,10,11,0,0,0,0,0,7,1,1.1,0.12222222222222222,3.0,1.8095238095238095,0.6
CDMS-15-10A-SGOMO,1,4,13,11,0,0,0,0,0,5,1,0.8461538461538461,0.07051282051282051,3.0,1.7,0.4666666666666667
CDMS-15-11B-JEMOLO,0,4,13,10,1,0,0,0,0,4,1,0.7692307692307693,0.0641025641025641,2.0,1.3333333333333333,0.5833333333333334
CDMS-15-11B-JEMOLO,1,4,21,16,2,0,0,0,0,4,1,0.7619047619047619,0.0380952380952381,2.0,1.5,0.0
CDMS-15-11B-JEMOLO,2,4,25,22,2,0,0,0,0,8,1,0.88,0.03666666666666667,5.0,2.2857142857142856,0.1875
CDMS-15-11B-JEMOLO,3,4,22,18,2,0,0,0,0,6,1,0.8181818181818182,0.03896103896103896,3.0,1.8,0.3611111111111111
CDMS-15-11B-JEMOLO,4,4,16,15,2,0,0,0,0,6,1,0.9375,0.0625,3.0,1.8,0.3611111111111111
CDMS-15-11B-JEMOLO,5,4,13,12,1,0,1,0,0,4,1,0.9230769230769231,0.07692307692307693,2.0,1.3333333333333333,0.5833333333333334
CDMS-15-11B-JEMOLO,6,4,6,5,1,0,1,0,0,2,1,0.8333333333333334,0.16666666666666666,1.0,1.0,0.0
CDMS-15-11B-JEMOLO,7,4,6,5,1,0,1,0,0,2,1,0.8333333333333334,0.16666666666666666,1.0,1.0,0.0
CDMS-15-11B-JEMOLO,8,4,6,6,2,0,1,0,0,2,1,1.0,0.2,1.0,1.0,0.0
CDMS-15-11B-VSAHO,0,4,20,23,1,0,0,0,0,14,1,1.15,0.060526315789473685,6.0,2.5714285714285716,0.49829931972789115
CDMS-16-10A-SGALO,0,4,21,14,0,0,0,0,0,6,1,0.6666666666666666,0.03333333333333333,4.0,2.066666666666667,0.3888888888888889
CDMS-16-11B-NGABE,0,4,7,5,0,0,0,0,0,3,1,0.7142857142857143,0.11904761904761904,1.0,1.0,1.0
CDMS-16-11B-NGABE,1,4,10,10,0,0,0,0,0,6,1,1.0,0.1111111111111111,3.0,1.6,0.7777777777777778
CDMS-16-11B-NGABE,2,4,7,7,0,0,0,0,0,5,1,1.0,0.16666666666666666,3.0,1.5,0.5333333333333333
CDMS-16-11B-NGABE,3,4,7,7,0,0,0,0,0,5,1,1.0,0.16666666666666666,3.0,1.5,0.5333333333333333
CDMS-16-11B-NGABE,4,4,9,8,0,0,0,0,0,5,1,0.8888888888888888,0.1111111111111111,3.0,1.5,0.5333333333333333
CDMS-16-11B-NGABE,5,4,6,4,1,0,0,0,0,2,1,0.6666666666666666,0.13333333333333333,1.0,1.0,0.0
CDMS-16-11B-NGABE,6,4,6,4,1,0,0,0,0,2,1,0.6666666666666666,0.13333333333333333,1.0,1.0,0.0
CDMS-16-11B-NGABE,7,4,8,5,1,0,0,0,0,2,1,0.625,0.08928571428571429,1.0,1.0,0.0
CDMS-18-7C-VVECA,0,4,8,6,0,0,0,0,0,4,1,0.75,0.10714285714285714,2.0,1.3333333333333333,0.5833333333333334
CDMS-18-7C-VVECA,1,4,9,10,0,0,0,0,0,5,1,1.1111111111111112,0.1388888888888889,2.0,1.4,0.8666666666666666
CDMS-18-7C-VVECA,2,4,9,10,0,0,0,0,0,5,1,1.1111111111111112,0.1388888888888889,2.0,1.4,0.8666666666666666
CDMS-18-7C-VVECA,3,4,11,11,0,0,0,0,0,5,1,1.0,0.1,2.0,1.4,0.8666666666666666
CDMS-8-4A-DBEVA,0,4,15,9,0,0,0,0,0,4,1,0.6,0.04285714285714286,2.0,1.5,0.0
CDMS-8-4A-DJAVDA,0,4,14,11,0,0,0,0,0,5,1,0.7857142857142857,0.06043956043956044,3.0,1.6,0.3333333333333333
CDMS-8-4A-DJAVDA,1,4,11,9,0,0,0,0,0,4,1,0.8181818181818182,0.08181818181818182,2.0,1.3333333333333333,0.5833333333333334
CDMS-8-4A-DJAVDA,2,4,9,6,0,0,0,0,0,3,1,0.6666666666666666,0.08333333333333333,1.0,1.0,1.0
CDMS-8-4A-DJAVDA,3,4,10,8,0,0,0,0,0,3,1,0.8,0.08888888888888889,1.0,1.0,1.0
CDMS-8-4A-DJAVDA,4,4,7,5,0,0,0,0,0,3,1,0.7142857142857143,0.11904761904761904,1.0,1.0,1.0
CDMS-8-4A-DOSTR,0,4,24,29,0,0,0,0,0,16,1,1.2083333333333333,0.05253623188405797,4.0,2.375,0.4505952380952381
CDMS-8-4A-LGOPA,0,4,21,22,2,0,0,0,0,12,1,1.0476190476190477,0.05238095238095238,5.0,2.4393939393939394,0.45634920634920634
CDMS-8-4A-LGOPA,1,4,23,24,2,0,0,0,0,13,1,1.0434782608695652,0.04743083003952569,4.0,2.1923076923076925,0.5851648351648351
CDMS-8-4A-LGOPA,2,4,27,34,5,0,0,0,0,17,1,1.2592592592592593,0.04843304843304843,4.0,2.2279411764705883,0.658288770053476
CDMS-8-4C-JDBUTU,0,4,16,15,0,0,0,0,0,6,1,0.9375,0.0625,2.0,1.5333333333333334,0.7000000000000001
CDMS-8-4C-JDBUTU,1,4,15,15,0,0,0,0,0,6,1,1.0,0.07142857142857142,3.0,1.6666666666666667,0.611111111111111
CDMS-8-4C-JDBUTU,2,4,14,12,0,0,0,0,0,7,1,0.8571428571428571,0.06593406593406594,4.0,1.9047619047619047,0.42857142857142855
CDMS-8-4C-JDBUTU,3,4,14,13,0,0,0,0,0,7,1,0.9285714285714286,0.07142857142857142,4.0,1.9047619047619047,0.42857142857142855
CDMS-9-4A-ACDUTR,0,4,19,15,0,0,0,0,0,5,1,0.7894736842105263,0.043859649122807015,3.0,1.7,0.4666666666666667
CDMS-9-4A-ACDUTR,1,4,19,17,1,0,0,0,0,6,1,0.8947368421052632,0.049707602339181284,3.0,1.8666666666666667,0.3888888888888889
CDMS-9-4A-ACDUTR,2,4,20,15,0,0,0,0,0,5,1,0.75,0.039473684210526314,3.0,1.7,0.4666666666666667
CDMS-9-4A-ACDUTR,3,4,18,15,1,0,0,0,0,6,1,0.8333333333333334,0.049019607843137254,3.0,1.8,0.3611111111111111
CDMS-9-4A-ACDUTR,4,4,18,15,1,0,0,0,0,5,1,0.8333333333333334,0.049019607843137254,3.0,1.7,0.4666666666666667
CDMS-9-4A-ACDUTR,5,4,18,17,2,0,0,0,0,4,1,0.9444444444444444,0.05555555555555555,2.0,1.3333333333333333,0.5833333333333334
CDMS-9-4A-ACDUTR,6,4,19,18,2,0,0,0,0,6,1,0.9473684210526315,0.05263157894736842,2.0,1.6,0.35000000000000003
CDMS-9-4A-ACDUTR,7,4,17,17,2,0,0,0,0,6,1,1.0,0.0625,2.0,1.6,0.35000000000000003
CDMS-9-4A-ACDUTR,8,4,12,13,3,0,0,0,0,6,1,1.0833333333333333,0.09848484848484848,2.0,1.6,0.35000000000000003
CDMS-9-4A-ACDUTR,9,4,10,10,3,0,0,0,0,4,1,1.0,0.1111111111111111,2.0,1.5,0.0
CDMS-9-4A-ACDUTR,10,4,12,12,3,0,0,0,0,4,1,1.0,0.09090909090909091,2.0,1.3333333333333333,0.5833333333333334
CDMS-9-4A-ACDUTR,11,4,10,10,2,0,0,0,0,4,1,1.0,0.1111111111111111,3.0,1.6666666666666667,0.0
CDMS-9-4A-ACDUTR,12,4,9,11,3,0,0,0,0,5,1,1.2222222222222223,0.1527777777777778,2.0,1.4,0.6
CDMS-9-4A-ACDUTR,13,4,10,10,1,0,0,0,0,6,1,1.0,0.1111111111111111,2.0,1.5333333333333334,0.4777777777777778
CDMS-9-4A-ACDUTR,14,4,8,7,0,0,0,0,0,6,1,0.875,0.125,2.0,1.6,0.35000000000000003
CDMS-9-4A-ACDUTR,15,4,8,7,0,0,0,0,0,6,1,0.875,0.125,2.0,1.6,0.35000000000000003
CDMS-9-4A-CRAAG,0,4,21,32,8,0,0,0,0,11,1,1.5238095238095237,0.0761904761904762,3.0,1.9090909090909092,0.7233766233766233
CDMS-9-4A-EROHI,0,4,22,23,2,0,0,0,0,9,1,1.0454545454545454,0.049783549783549784,5.0,2.2222222222222223,0.42962962962962964
CDMS-9-4A-EROHI,1,4,20,21,2,0,0,0,0,6,1,1.05,0.05526315789473684,3.0,1.6,0.7777777777777778
CDMS-9-4A-EROHI,2,4,24,24,1,0,0,0,0,6,1,1.0,0.043478260869565216,3.0,1.6,0.7777777777777778
CDMS-9-4A-EROHI,3,4,21,19,0,0,0,0,0,6,1,0.9047619047619048,0.04523809523809524,3.0,1.6,0.7777777777777778
CDMS-9-4A-ILOSE,0,4,23,18,1,0,0,0,0,7,1,0.782608695652174,0.03557312252964427,4.0,2.0,0.21428571428571427
CDMS-9-4C-SCAMO,0,4,17,14,0,0,0,0,0,5,1,0.8235294117647058,0.051470588235294115,3.0,1.7,0.4666666666666667
CDMS-9-5A-PAGACO,0,4,17,13,1,0,0,0,0,4,1,0.7647058823529411,0.04779411764705882,2.0,1.3333333333333333,0.5833333333333334
CDMS-9-5A-PAGACO,1,4,13,12,1,0,0,0,0,6,1,0.9230769230769231,0.07692307692307693,3.0,1.6666666666666667,0.611111111111111
CDMS-9-5A-PAGACO,2,4,12,13,1,0,0,0,0,8,1,1.0833333333333333,0.09848484848484848,3.0,1.8571428571428572,0.6916666666666667
CDMS-9-5A-PAGACO,3,4,13,13,1,0,0,0,0,7,1,1.0,0.08333333333333333,2.0,1.5714285714285714,0.6952380952380952
CDMS-9-5A-PAGACO,4,4,7,10,1,0,0,0,0,7,1,1.4285714285714286,0.23809523809523808,2.0,1.5714285714285714,0.6952380952380952
CDMS-9-5A-PAGACO,5,4,7,8,0,0,0,0,0,7,1,1.1428571428571428,0.19047619047619047,2.0,1.619047619047619,0.5904761904761905
CDMS-9-5A-PAGACO,6,4,8,8,0,0,0,0,0,8,1,1.0,0.14285714285714285,2.0,1.7142857142857142,0.25595238095238093
CDMS-9-5A-PAGACO,7,4,8,8,0,0,0,0,0,8,1,1.0,0.14285714285714285,2.0,1.7142857142857142,0.25595238095238093
CDMS-9-5A-VVAAR,0,4,18,15,3,0,0,0,0,3,1,0.8333333333333334,0.049019607843137254,1.0,1.0,1.0
CDMS-9-5C-JDMADE,0,4,23,26,2,0,0,0,0,14,1,1.1304347826086956,0.05138339920948617,4.0,2.4835164835164836,0.2687074829931973
CDMS-9-5C-LVIZAC,0,4,14,10,0,0,0,0,0,5,1,0.7142857142857143,0.054945054945054944,2.0,1.5,0.4333333333333333
CDMS-9-5C-LVIZAC,1,4,16,12,1,0,0,0,0,5,1,0.75,0.05,2.0,1.5,0.4333333333333333
CDMS-9-5C-LVIZAC,2,4,13,10,1,0,0,0,0,5,1,0.7692307692307693,0.0641025641025641,2.0,1.5,0.4333333333333333
CDMS-9-5C-MLOGO,0,4,17,20,4,0,0,0,0,6,1,1.1764705882352942,0.07352941176470588,2.0,1.5333333333333334,0.7000000000000001
CDMS-9-5C-MLOGO,1,4,20,22,4,0,0,0,0,6,1,1.1,0.05789473684210526,2.0,1.5333333333333334,0.7000000000000001
CDMS-9-5C-MLOGO,2,4,17,17,2,0,0,0,0,6,1,1.0,0.0625,2.0,1.5333333333333334,0.7000000000000001
CDMS-9-5C-MLOGO,3,4,17,13,0,0,0,0,0,5,1,0.7647058823529411,0.04779411764705882,3.0,1.8,0.0
CDMS-9-5C-SCAAG,0,4,18,20,1,0,0,0,0,6,1,1.1111111111111112,0.06535947712418301,3.0,1.6666666666666667,0.4166666666666667
CDMS-9-5C-SCAAG,1,4,14,10,0,0,0,0,0,3,1,0.7142857142857143,0.054945054945054944,1.0,1.0,1.0
CDMS-XX-10A-VGILO,0,4,8,5,0,0,0,0,0,4,1,0.625,0.08928571428571429,2.0,1.5,0.0
CDMS-XX-10A-VGILO,1,4,7,4,0,0,0,0,0,3,1,0.5714285714285714,0.09523809523809523,2.0,1.3333333333333333,0.0
CDMS-XX-10A-VGILO,2,4,7,5,0,0,0,0,0,5,1,0.7142857142857143,0.11904761904761904,2.0,1.6,0.0
CDMS-XX-5C-MPCAQU,0,4,17,16,1,0,0,0,0,4,1,0.9411764705882353,0.058823529411764705,2.0,1.3333333333333333,0.5833333333333334
CDMS-XX-5C-MPCAQU,1,4,15,11,0,0,0,0,0,4,1,0.7333333333333333,0.05238095238095238,2.0,1.3333333333333333,0.5833333333333334
CDMS-XX-6A-MAGICA,0,4,20,18,3,0,0,0,0,5,1,0.9,0.04736842105263158,3.0,1.6,0.3333333333333333
CDMS-XX-6B-SPUCA,0,4,5,4,0,0,0,0,0,3,1,0.8,0.2,1.0,1.0,1.0
CDMS-XX-6B-SPUCA,1,4,11,12,0,0,0,0,0,8,1,1.0909090909090908,0.10909090909090909,4.0,1.9642857142857142,0.5666666666666667
CDMS-XX-6B-SPUCA,2,4,12,16,2,0,0,0,0,9,1,1.3333333333333333,0.12121212121212122,5.0,2.138888888888889,0.3851851851851852
CDMS-XX-6B-SPUCA,3,4,16,18,2,0,0,0,0,9,1,1.125,0.075,5.0,2.138888888888889,0.3851851851851852
CDMS-XX-6B-SPUCA,4,4,16,17,1,0,0,0,0,12,1,1.0625,0.07083333333333333,7.0,2.9242424242424243,0.225
CDMS-XX-6B-SPUCA,5,4,12,9,0,0,0,0,0,5,1,0.75,0.06818181818181818,3.0,1.7,0.4666666666666667
CDMS-XX-6B-SPUCA,6,4,13,11,0,0,0,0,0,5,1,0.8461538461538461,0.07051282051282051,2.0,1.4,0.8666666666666666
CDMS-XX-6B-SPUCA,7,4,11,13,1,0,0,0,0,8,1,1.1818181818181819,0.11818181818181818,4.0,2.0,0.625
CDMS-XX-6B-SPUCA,8,4,11,16,1,0,0,0,0,11,1,1.4545454545454546,0.14545454545454545,5.0,2.4545454545454546,0.5151515151515151
CDMS-XX-6B-SPUCA,9,4,10,18,4,0,0,0,0,10,1,1.8,0.2,5.0,2.311111111111111,0.5833333333333333
CDMS-XX-6B-SPUCA,10,4,8,13,4,0,0,0,0,6,1,1.625,0.23214285714285715,3.0,1.6,0.5277777777777778
CSO-10-4A-ICAPA,0,4,14,12,1,0,0,0,0,7,1,0.8571428571428571,0.06593406593406594,4.0,2.0476190476190474,0.21428571428571427
CSO-10-4A-ICAPA,1,4,16,17,2,0,0,0,0,10,1,1.0625,0.07083333333333333,4.0,2.1333333333333333,0.34285714285714286
CSO-10-4A-ICAPA,2,4,16,16,2,0,0,0,0,8,1,1.0,0.06666666666666667,3.0,1.8214285714285714,0.43333333333333335
CSO-10-4A-ICAPA,3,4,17,16,2,0,0,0,0,8,1,0.9411764705882353,0.058823529411764705,3.0,1.8214285714285714,0.43333333333333335
CSO-10-4A-KCOMO,0,4,17,14,0,0,0,0,0,5,1,0.8235294117647058,0.051470588235294115,2.0,1.6,0.0
CSO-10-4A-KCOMO,1,4,15,12,0,0,0,0,0,4,1,0.8,0.05714285714285714,2.0,1.3333333333333333,0.5833333333333334
CSO-10-4A-KCOMO,2,4,5,4,0,0,0,0,0,3,1,0.8,0.2,1.0,1.0,1.0
CSO-10-4A-KCOMO,3,4,2,1,0,0,0,0,0,2,1,0.5,0.5,1.0,1.0,0.0
CSO-10-4A-KCOMO,4,4,4,2,0,0,0,0,0,2,1,0.5,0.16666666666666666,1.0,1.0,0.0
CSO-10-4A-KCOMO,5,4,11,9,0,0,0,0,0,5,1,0.8181818181818182,0.08181818181818182,2.0,1.4,0.8666666666666666
CSO-10-4A-LRAVI,0,4,17,18,2,0,0,0,0,5,1,1.0588235294117647,0.0661764705882353,3.0,1.5,0.5333333333333333
CSO-10-4A-LRAVI,1,4,14,13,0,0,0,0,0,5,1,0.9285714285714286,0.07142857142857142,3.0,1.5,0.5333333333333333
CSO-10-4A-LSCAVA,0,4,12,8,0,0,0,0,0,3,1,0.6666666666666666,0.06060606060606061,2.0,1.3333333333333333,0.0
CSO-10-4A-LSCAVA,1,4,13,10,0,0,0,0,0,3,1,0.7692307692307693,0.0641025641025641,1.0,1.0,1.0
CSO-10-4A-LSCAVA,2,4,12,8,0,0,0,0,0,3,1,0.6666666666666666,0.06060606060606061,2.0,1.3333333333333333,0.0
CSO-10-4A-LSCAVA,3,4,11,8,0,0,0,0,0,4,1,0.7272727272727273,0.07272727272727272,3.0,1.6666666666666667,0.0
CSO-10-4A-LSCAVA,4,4,15,11,0,0,0,0,0,3,1,0.7333333333333333,0.05238095238095238,1.0,1.0,1.0
CSO-10-5A-ACAVA,0,4,19,17,1,0,0,0,0,4,1,0.8947368421052632,0.049707602339181284,2.0,1.3333333333333333,0.5833333333333334
CSO-10-5A-ACAVA,1,4,18,16,1,0,0,0,0,5,1,0.8888888888888888,0.05228758169934641,3.0,1.7,0.4666666666666667
CSO-10-5A-ACAVA,2,4,19,17,1,0,0,0,0,7,1,0.8947368421052632,0.049707602339181284,3.0,1.8095238095238095,0.6
CSO-10-5A-ACAVA,3,4,15,12,0,0,0,0,0,7,1,0.8,0.05714285714285714,3.0,1.8095238095238095,0.6
CSO-10-5A-ARACA,0,4,20,18,1,0,0,0,0,8,1,0.9,0.04736842105263158,3.0,1.8571428571428572,0.5166666666666667
CSO-10-5A-DABRZA,0,4,18,17,1,0,0,0,0,6,1,0.9444444444444444,0.05555555555555555,2.0,1.5333333333333334,0.7000000000000001
CSO-10-5A-GZAMA,0,4,20,21,3,0,0,0,0,8,1,1.05,0.05526315789473684,3.0,1.8928571428571428,0.42083333333333334
CSO-10-5A-GZAMA,1,4,17,13,0,0,0,0,0,4,1,0.7647058823529411,0.04779411764705882,2.0,1.5,0.0
CSO-10-5A-GZAMA,2,4,17,13,0,0,0,0,0,3,1,0.7647058823529411,0.04779411764705882,1.0,1.0,1.0
CSO-10-5A-JANORO,0,4,17,13,0,0,0,0,0,4,1,0.7647058823529411,0.04779411764705882,2.0,1.5,0.0
CSO-10-5A-JANORO,1,4,10,8,0,0,0,0,0,4,1,0.8,0.08888888888888889,2.0,1.3333333333333333,0.5833333333333334
CSO-10-5A-JJSEMO,0,4,7,5,0,0,0,0,0,3,1,0.7142857142857143,0.11904761904761904,1.0,1.0,1.0
CSO-10-5A-JJSEMO,1,4,9,9,0,0,0,0,0,4,1,1.0,0.125,2.0,1.1666666666666667,0.8333333333333333
CSO-10-5A-JJSEMO,2,4,17,16,0,0,0,0,0,4,1,0.9411764705882353,0.058823529411764705,2.0,1.1666666666666667,0.8333333333333333
CSO-10-5A-JJSEMO,3,4,19,17,0,0,0,0,0,4,1,0.8947368421052632,0.049707602339181284,2.0,1.1666666666666667,0.8333333333333333
CSO-10-5A-JLCARI,0,4,15,11,0,0,0,0,0,4,1,0.7333333333333333,0.05238095238095238,2.0,1.3333333333333333,0.5833333333333334
CSO-10-5A-JLCARI,1,4,14,12,0,0,0,0,0,4,1,0.8571428571428571,0.06593406593406594,2.0,1.3333333333333333,0.5833333333333334
CSO-10-5A-JLCARI,2,4,18,17,0,0,0,0,0,4,1,0.9444444444444444,0.05555555555555555,2.0,1.3333333333333333,0.5833333333333334
CSO-10-5A-MAARAN,0,4,22,21,2,0,0,0,0,6,1,0.9545454545454546,0.045454545454545456,4.0,1.9333333333333333,0.27777777777777773
CSO-10-5A-MAARAN,1,4,23,22,1,0,0,0,0,5,1,0.9565217391304348,0.043478260869565216,3.0,1.7,0.4666666666666667
CSO-10-5A-RVMOIB,0,4,23,17,0,0,0,0,0,5,1,0.7391304347826086,0.03359683794466403,3.0,1.6,0.3333333333333333
CSO-10-5A-SVHEES,0,4,20,14,1,0,0,0,0,5,1,0.7,0.03684210526315789,3.0,1.8,0.0
CSO-10-5A-SVHEES,1,4,15,10,1,0,0,0,0,5,1,0.6666666666666666,0.047619047619047616,3.0,1.8,0.0
CSO-11-5A-MDVOSPE,0,4,14,11,0,0,0,0,0,5,1,0.7857142857142857,0.06043956043956044,2.0,1.5,0.4333333333333333
CSO-11-5A-MDVOSPE,1,4,18,16,0,0,0,0,0,6,1,0.8888888888888888,0.05228758169934641,3.0,1.8,0.3611111111111111
CSO-11-5A-MDVOSPE,2,4,16,15,0,0,0,0,0,6,1,0.9375,0.0625,3.0,1.8,0.3611111111111111
CSO-11-5A-MTAGA,0,4,13,12,2,0,0,0,0,3,1,0.9230769230769231,0.07692307692307693,2.0,1.3333333333333333,0.0
CSO-11-5A-MTAGA,1,4,9,8,0,0,0,0,0,4,1,0.8888888888888888,0.1111111111111111,2.0,1.3333333333333333,0.5833333333333334
CSO-11-5A-MTAGA,2,4,10,9,0,0,0,0,0,5,1,0.9,0.1,3.0,1.7,0.4666666666666667
CSO-11-5A-MTAGA,3,4,12,13,0,0,0,0,0,5,1,1.0833333333333333,0.09848484848484848,3.0,1.7,0.4666666666666667
CSO-11-6A-CAPAMU,0,4,23,20,2,0,0,0,0,9,1,0.8695652173913043,0.039525691699604744,5.0,2.6944444444444446,0.2592592592592593
CSO-11-6A-DSCACH,0,4,15,15,0,0,0,0,0,5,1,1.0,0.07142857142857142,2.0,1.4,0.8666666666666666
CSO-11-6A-DSCACH,1,4,17,16,0,0,0,0,0,5,1,0.9411764705882353,0.058823529411764705,2.0,1.4,0.8666666666666666
CSO-11-6A-DSCACH,2,4,18,16,0,0,0,0,0,5,1,0.8888888888888888,0.05228758169934641,2.0,1.4,0.8666666666666666
CSO-11-6A-DSCACH,3,4,13,10,0,0,0,0,0,3,1,0.7692307692307693,0.0641025641025641,1.0,1.0,1.0
CSO-11-6A-EROMO,0,4,15,11,0,0,0,0,0,3,1,0.7333333333333333,0.05238095238095238,1.0,1.0,1.0
CSO-11-6A-FSOVRE,0,4,16,11,0,0,0,0,0,3,1,0.6875,0.04583333333333333,1.0,1.0,1.0
CSO-11-6A-FSOVRE,1,4,16,13,0,0,0,0,0,5,1,0.8125,0.05416666666666667,2.0,1.4,0.8666666666666666
CSO-11-6B-DISEMO,0,4,16,19,6,0,0,0,0,7,1,1.1875,0.07916666666666666,4.0,2.238095238095238,0.33333333333333337
CSO-11-6B-DISEMO,1,4,13,14,3,0,0,0,0,6,1,1.0769230769230769,0.08974358974358974,4.0,2.066666666666667,0.3888888888888889
CSO-11-6B-LHFDLACH,0,4,14,14,0,0,0,0,0,5,1,1.0,0.07692307692307693,3.0,1.7,0.4666666666666667
CSO-11-6B-LHFDLACH,1,4,18,16,0,0,0,0,0,5,1,0.8888888888888888,0.05228758169934641,2.0,1.4,0.6
CSO-11-6B-LHFDLACH,2,4,21,21,0,0,0,0,0,7,1,1.0,0.05,3.0,1.7619047619047619,0.619047619047619
CSO-11-6B-LHFDLACH,3,4,17,18,0,0,0,0,0,8,1,1.0588235294117647,0.0661764705882353,4.0,2.0,0.4583333333333333
CSO-11-6B-RJGIHE,0,4,14,9,1,0,0,0,0,3,1,0.6428571428571429,0.04945054945054945,2.0,1.3333333333333333,0.0
CSO-11-6B-RJGIHE,1,4,14,9,1,0,0,0,0,3,1,0.6428571428571429,0.04945054945054945,2.0,1.3333333333333333,0.0
CSO-11-6B-RJGIHE,2,4,13,10,1,0,0,0,0,3,1,0.7692307692307693,0.0641025641025641,2.0,1.3333333333333333,0.0
CSO-11-6B-SFLVA,0,4,18,16,1,0,0,0,0,6,1,0.8888888888888888,0.05228758169934641,2.0,1.5333333333333334,0.7000000000000001
CSO-11-6B-SFLVA,1,4,17,14,1,0,0,0,0,6,1,0.8235294117647058,0.051470588235294115,2.0,1.5333333333333334,0.7000000000000001
CSO-11-6B-VCOMA,0,4,25,19,0,0,0,0,0,4,1,0.76,0.03166666666666667,2.0,1.3333333333333333,0.5833333333333334
CSO-11-6B-VCOMA,1,4,22,19,0,0,0,0,0,4,1,0.8636363636363636,0.04112554112554113,2.0,1.3333333333333333,0.5833333333333334
CSO-12-6A-DGISE,0,4,27,20,0,0,0,0,0,5,1,0.7407407407407407,0.02849002849002849,4.0,2.0,0.0
CSO-12-6A-DGISE,1,4,23,15,0,0,0,0,0,4,1,0.6521739130434783,0.029644268774703556,2.0,1.3333333333333333,0.5833333333333334
CSO-12-6A-DGISE,2,4,20,11,0,0,0,0,0,4,1,0.55,0.02894736842105263,3.0,1.6666666666666667,0.0
CSO-12-6A-FJOVRE,0,4,18,20,1,0,0,0,0,8,1,1.1111111111111112,0.06535947712418301,4.0,1.9285714285714286,0.48333333333333334
CSO-12-6A-FJOVRE,1,4,18,19,1,0,0,0,0,7,1,1.0555555555555556,0.06209150326797386,3.0,1.7142857142857142,0.6476190476190476
CSO-12-6A-FJOVRE,2,4,12,8,0,0,0,0,0,3,1,0.6666666666666666,0.06060606060606061,1.0,1.0,1.0
CSO-12-6A-FJOVRE,3,4,11,6,0,0,0,0,0,3,1,0.5454545454545454,0.05454545454545454,2.0,1.3333333333333333,0.0
CSO-12-6B-GQULO,0,4,24,20,1,0,0,0,0,8,1,0.8333333333333334,0.036231884057971016,4.0,2.1785714285714284,0.20833333333333331
CSO-12-6B-GQULO,1,4,24,21,2,0,0,0,0,8,1,0.875,0.03804347826086957,4.0,2.1785714285714284,0.20833333333333331
CSO-12-6B-LJHEFE,0,4,20,23,2,0,0,0,0,9,1,1.15,0.060526315789473685,4.0,1.9722222222222223,0.2444444444444444
CSO-12-6B-LJHEFE,1,4,20,23,2,0,0,0,0,9,1,1.15,0.060526315789473685,4.0,1.9722222222222223,0.2444444444444444
CSO-12-6B-LJHEFE,2,4,22,21,2,0,0,0,0,5,1,0.9545454545454546,0.045454545454545456,2.0,1.4,0.8666666666666666
CSO-12-6B-VPAMA,0,4,12,13,1,0,0,0,0,4,1,1.0833333333333333,0.09848484848484848,2.0,1.1666666666666667,0.8333333333333333
CSO-12-6B-VPAMA,1,4,9,10,1,0,0,0,0,4,1,1.1111111111111112,0.1388888888888889,2.0,1.1666666666666667,0.8333333333333333
CSO-12-7A-ESALA,0,4,17,13,2,0,0,0,0,4,1,0.7647058823529411,0.04779411764705882,3.0,1.6666666666666667,0.0
CSO-12-7A-ESALA,1,4,16,13,2,0,0,0,0,6,1,0.8125,0.05416666666666667,4.0,2.066666666666667,0.3888888888888889
CSO-12-7A-ESALA,2,4,11,10,1,0,0,0,0,5,1,0.9090909090909091,0.09090909090909091,2.0,1.4,0.8666666666666666
CSO-12-7A-ESALA,3,4,10,11,1,0,0,0,0,5,1,1.1,0.12222222222222222,2.0,1.4,0.8666666666666666
CSO-12-7A-ESALA,4,4,10,10,0,0,0,0,0,5,1,1.0,0.1111111111111111,2.0,1.4,0.8666666666666666
CSO-12-7A-IMERO,0,4,13,11,1,0,0,0,0,7,1,0.8461538461538461,0.07051282051282051,4.0,2.0,0.21428571428571427
CSO-12-7A-IMERO,1,4,16,12,1,0,0,0,0,6,1,0.75,0.05,3.0,1.7333333333333334,0.25
CSO-12-7A-IMERO,2,4,18,9,0,0,0,0,0,2,1,0.5,0.029411764705882353,1.0,1.0,0.0
CSO-12-7A-IMERO,3,4,17,9,0,0,0,0,0,3,1,0.5294117647058824,0.03308823529411765,2.0,1.3333333333333333,0.0
CSO-12-7A-JHEZA,0,4,21,22,1,0,0,0,0,10,1,1.0476190476190477,0.05238095238095238,4.0,2.2222222222222223,0.5866666666666667
CSO-12-7A-JHEZA,1,4,21,22,1,0,0,0,0,10,1,1.0476190476190477,0.05238095238095238,4.0,2.2222222222222223,0.5866666666666667
CSO-12-7A-LSARAR,0,4,12,12,0,0,0,0,0,7,1,1.0,0.09090909090909091,5.0,2.142857142857143,0.2857142857142857
CSO-12-7A-LSARAR,1,4,11,11,0,0,0,0,0,9,1,1.0,0.1,5.0,2.4166666666666665,0.2037037037037037
CSO-12-7A-LSARAR,2,4,10,10,0,0,0,0,0,8,1,1.0,0.1111111111111111,5.0,2.2142857142857144,0.22916666666666666
CSO-12-7A-LSARAR,3,4,14,12,0,0,0,0,0,8,1,0.8571428571428571,0.06593406593406594,4.0,2.0,0.30416666666666664
CSO-12-7A-LSARAR,4,4,11,7,0,0,0,0,0,5,1,0.6363636363636364,0.06363636363636363,3.0,1.8,0.0
CSO-12-7A-LSARAR,5,4,9,5,0,0,0,0,0,3,1,0.5555555555555556,0.06944444444444445,2.0,1.3333333333333333,0.0
CSO-12-7A-SCAHO,0,4,14,12,0,0,0,0,0,6,1,0.8571428571428571,0.06593406593406594,3.0,1.6,0.7777777777777778
CSO-12-7A-SCAHO,1,4,14,12,1,0,0,0,0,6,1,0.8571428571428571,0.06593406593406594,2.0,1.5333333333333334,0.7000000000000001
CSO-12-7A-SCAHO,2,4,14,10,1,0,0,0,0,4,1,0.7142857142857143,0.054945054945054944,2.0,1.3333333333333333,0.5833333333333334
CSO-12-7B-DVAGRO,0,4,8,11,1,0,0,0,0,4,1,1.375,0.19642857142857142,2.0,1.1666666666666667,0.8333333333333333
CSO-12-7B-DVAGRO,1,4,16,21,1,0,0,0,0,8,1,1.3125,0.0875,3.0,1.7857142857142858,0.7458333333333333
CSO-12-7B-DVAGRO,2,4,15,18,0,0,0,0,0,7,1,1.2,0.08571428571428572,3.0,1.7142857142857142,0.7619047619047619
CSO-12-7B-SMUGU,0,4,9,10,4,0,0,0,0,3,1,1.1111111111111112,0.1388888888888889,1.0,1.0,1.0
CSO-12-7B-SMUGU,1,4,12,11,1,0,0,0,0,4,1,0.9166666666666666,0.08333333333333333,3.0,1.6666666666666667,0.0
CSO-12-7B-SMUGU,2,4,13,12,1,0,0,0,0,5,1,0.9230769230769231,0.07692307692307693,3.0,1.8,0.0
CSO-12-7B-SMUGU,3,4,15,16,1,0,0,0,0,7,1,1.0666666666666667,0.0761904761904762,5.0,2.238095238095238,0.38095238095238093
CSO-12-7B-SMUGU,4,4,17,15,0,0,0,0,0,4,1,0.8823529411764706,0.05514705882352941,2.0,1.1666666666666667,0.8333333333333333
CSO-12-7B-SSARA,0,4,18,11,0,0,0,0,0,3,1,0.6111111111111112,0.03594771241830065,2.0,1.3333333333333333,0.0
CSO-12-7B-SSARA,1,4,15,14,2,0,0,0,0,6,1,0.9333333333333333,0.06666666666666667,4.0,1.9333333333333333,0.27777777777777773
CSO-12-7B-SSARA,2,4,13,14,3,0,0,0,0,6,1,1.0769230769230769,0.08974358974358974,4.0,1.9333333333333333,0.27777777777777773
CSO-12-7B-SSARA,3,4,13,16,5,0,0,0,0,6,1,1.2307692307692308,0.10256410256410256,3.0,1.8,0.3611111111111111
CSO-12-8A-YTOME,0,4,16,10,0,0,0,0,0,3,1,0.625,0.041666666666666664,2.0,1.3333333333333333,0.0
CSO-12-8A-YTOME,1,4,17,12,0,0,0,0,0,3,1,0.7058823529411765,0.04411764705882353,2.0,1.3333333333333333,0.0
CSO-12-8A-YTOME,2,4,15,15,0,0,0,0,0,8,1,1.0,0.07142857142857142,4.0,2.0,0.4583333333333333
CSO-13-6A-ANASA,0,4,13,14,0,0,0,0,0,7,1,1.0769230769230769,0.08974358974358974,3.0,1.7142857142857142,0.6476190476190476
CSO-13-6A-ANASA,1,4,12,12,0,0,0,0,0,8,1,1.0,0.09090909090909091,4.0,1.9285714285714286,0.48333333333333334
CSO-13-6A-ANASA,2,4,15,13,0,0,0,0,0,5,1,0.8666666666666667,0.06190476190476191,3.0,1.6,0.3333333333333333
CSO-13-6A-ANASA,3,4,18,15,0,0,0,0,0,4,1,0.8333333333333334,0.049019607843137254,2.0,1.3333333333333333,0.5833333333333334
CSO-13-6A-ANASA,4,4,17,14,0,0,0,0,0,4,1,0.8235294117647058,0.051470588235294115,2.0,1.3333333333333333,0.5833333333333334
CSO-13-6B-JETAVE,0,4,5,4,0,0,0,0,0,3,1,0.8,0.2,1.0,1.0,1.0
CSO-13-6B-JETAVE,1,4,5,6,0,0,0,0,0,5,1,1.2,0.3,2.0,1.4,0.8666666666666666
CSO-13-6B-JETAVE,2,4,8,7,0,0,0,0,0,3,1,0.875,0.125,1.0,1.0,1.0
CSO-13-6B-JETAVE,3,4,11,11,0,0,0,0,0,6,1,1.0,0.1,3.0,1.6666666666666667,0.611111111111111
CSO-13-6B-JETAVE,4,4,11,11,0,0,0,0,0,6,1,1.0,0.1,3.0,1.6666666666666667,0.611111111111111
CSO-13-6B-JETAVE,5,4,17,13,0,0,0,0,0,7,1,0.7647058823529411,0.04779411764705882,4.0,2.0,0.5238095238095238
CSO-13-6B-JETAVE,6,4,17,12,0,0,0,0,0,4,1,0.7058823529411765,0.04411764705882353,2.0,1.3333333333333333,0.5833333333333334
CSO-13-6B-LFMIES,0,4,15,20,3,0,0,0,0,10,1,1.3333333333333333,0.09523809523809523,4.0,2.066666666666667,0.43
CSO-13-6B-LFMIES,1,4,14,20,3,0,0,0,0,10,1,1.4285714285714286,0.10989010989010989,4.0,2.066666666666667,0.43
CSO-13-6B-LJMAHU,0,4,9,6,0,0,0,0,0,3,1,0.6666666666666666,0.08333333333333333,1.0,1.0,1.0
CSO-13-6B-LJMAHU,1,4,11,6,0,0,0,0,0,3,1,0.5454545454545454,0.05454545454545454,2.0,1.3333333333333333,0.0
CSO-13-6B-LJMAHU,2,4,18,18,2,0,0,0,0,7,1,1.0,0.058823529411764705,3.0,1.6666666666666667,0.7571428571428571
CSO-13-7A-CAPAMU,0,4,9,6,0,0,0,0,0,3,1,0.6666666666666666,0.08333333333333333,1.0,1.0,1.0
CSO-13-7A-CAPAMU,1,4,7,5,0,0,0,0,0,3,1,0.7142857142857143,0.11904761904761904,1.0,1.0,1.0
CSO-13-7A-CAPAMU,2,4,10,8,0,0,0,0,0,3,1,0.8,0.08888888888888889,1.0,1.0,1.0
CSO-13-7A-CDDITR,0,4,13,11,1,0,0,0,0,4,1,0.8461538461538461,0.07051282051282051,2.0,1.3333333333333333,0.5833333333333334
CSO-13-7A-CDDITR,1,4,15,14,1,0,0,0,0,6,1,0.9333333333333333,0.06666666666666667,2.0,1.5333333333333334,0.7000000000000001
CSO-13-7A-CDDITR,2,4,15,12,0,0,0,0,0,3,1,0.8,0.05714285714285714,1.0,1.0,1.0
CSO-13-7A-JJATFL,0,4,8,7,0,0,0,0,0,3,1,0.875,0.125,1.0,1.0,1.0
CSO-13-7A-JJATFL,1,4,13,11,0,0,0,0,0,3,1,0.8461538461538461,0.07051282051282051,1.0,1.0,1.0
CSO-13-7A-JJATFL,2,4,19,14,0,0,0,0,0,3,1,0.7368421052631579,0.04093567251461988,1.0,1.0,1.0
CSO-13-7A-JJATFL,3,4,16,11,0,0,0,0,0,3,1,0.6875,0.04583333333333333,1.0,1.0,1.0
CSO-13-7A-RXCHLU,0,4,16,15,3,0,0,0,0,3,1,0.9375,0.0625,2.0,1.3333333333333333,0.0
CSO-13-7A-RXCHLU,1,4,16,15,3,0,0,0,0,4,1,0.9375,0.0625,2.0,1.3333333333333333,0.5833333333333334
CSO-13-7A-RXCHLU,2,4,22,25,4,0,0,0,0,9,1,1.1363636363636365,0.05411255411255411,3.0,1.9166666666666667,0.4592592592592592
CSO-13-7A-YAMEZA,0,4,27,25,0,0,0,0,0,12,1,0.9259259259259259,0.03561253561253561,4.0,2.3181818181818183,0.3444444444444444
CSO-13-8A-KIGAGU,0,4,12,10,1,0,0,0,0,4,1,0.8333333333333334,0.07575757575757576,2.0,1.3333333333333333,0.5833333333333334
CSO-13-8A-KIGAGU,1,4,12,10,1,0,0,0,0,5,1,0.8333333333333334,0.07575757575757576,3.0,1.7,0.4666666666666667
CSO-13-8A-KIGAGU,2,4,12,11,1,0,0,0,0,4,1,0.9166666666666666,0.08333333333333333,2.0,1.3333333333333333,0.5833333333333334
CSO-13-8A-KIGAGU,3,4,13,12,1,0,0,0,0,4,1,0.9230769230769231,0.07692307692307693,2.0,1.5,0.0
CSO-13-8A-MBUAN,0,4,19,12,0,0,0,0,0,5,1,0.631578947368421,0.03508771929824561,3.0,1.8,0.0
CSO-13-8A-MBUAN,1,4,24,16,0,0,0,0,0,6,1,0.6666666666666666,0.028985507246376812,3.0,1.8,0.0
CSO-13-8A-MBUAN,2,4,22,14,0,0,0,0,0,6,1,0.6363636363636364,0.030303030303030304,3.0,1.7333333333333334,0.0
CSO-13-8A-MBUAN,3,4,16,13,0,0,0,0,0,6,1,0.8125,0.05416666666666667,3.0,1.7333333333333334,0.0
CSO-13-8A-MBUAN,4,4,16,12,0,0,0,0,0,5,1,0.75,0.05,2.0,1.5,0.4333333333333333
CSO-13-8A-MGAAN,0,4,10,7,0,0,0,0,0,3,1,0.7,0.07777777777777778,2.0,1.3333333333333333,0.0
CSO-13-8A-MGAAN,1,4,10,7,0,0,0,0,0,3,1,0.7,0.07777777777777778,2.0,1.3333333333333333,0.0
CSO-13-8A-MGAAN,2,4,15,12,0,0,0,0,0,5,1,0.8,0.05714285714285714,3.0,1.6,0.3333333333333333
CSO-13-8A-MGAAN,3,4,18,15,0,0,0,0,0,9,1,0.8333333333333334,0.049019607843137254,4.0,2.0277777777777777,0.3851851851851852
CSO-13-8A-MGAAN,4,4,19,16,0,0,0,0,0,8,1,0.8421052631578947,0.04678362573099415,3.0,1.8571428571428572,0.5166666666666667
CSO-13-8A-MGAAN,5,4,21,18,1,0,0,0,0,7,1,0.8571428571428571,0.04285714285714286,3.0,1.8095238095238095,0.6
CSO-13-8A-MGAAN,6,4,15,13,1,0,0,0,0,5,1,0.8666666666666667,0.06190476190476191,3.0,1.7,0.4666666666666667
CSO-13-8A-MGAHE,0,4,14,11,0,0,0,0,0,5,1,0.7857142857142857,0.06043956043956044,3.0,1.7,0.4666666666666667
CSO-13-8A-MGAHE,1,4,11,7,0,0,0,0,0,3,1,0.6363636363636364,0.06363636363636363,1.0,1.0,1.0
CSO-13-8A-MGAHE,2,4,7,5,0,0,0,0,0,3,1,0.7142857142857143,0.11904761904761904,1.0,1.0,1.0
CSO-13-8A-MJAGA,0,4,17,18,3,0,0,0,0,4,1,1.0588235294117647,0.0661764705882353,2.0,1.3333333333333333,0.5833333333333334
CSO-13-8A-MJAGA,1,4,20,17,1,0,0,0,0,3,1,0.85,0.04473684210526316,1.0,1.0,1.0
CSO-13-8A-MJAGA,2,4,17,15,0,0,0,0,0,5,1,0.8823529411764706,0.05514705882352941,2.0,1.4,0.8666666666666666
CSO-13-8A-VHODU,0,4,20,16,1,0,0,0,0,4,1,0.8,0.042105263157894736,2.0,1.3333333333333333,0.5833333333333334
CSO-13-8B-FCJISA,0,4,4,2,0,0,0,0,0,2,1,0.5,0.16666666666666666,1.0,1.0,0.0
CSO-13-8B-FCJISA,1,4,4,2,0,0,0,0,0,2,1,0.5,0.16666666666666666,1.0,1.0,0.0
CSO-13-8B-FCJISA,2,4,6,3,0,0,0,0,0,2,1,0.5,0.1,1.0,1.0,0.0
CSO-13-8B-FCJISA,3,4,9,6,0,0,0,0,0,3,1,0.6666666666666666,0.08333333333333333,1.0,1.0,1.0
CSO-13-8B-JEMABE,0,4,13,12,0,0,0,0,0,6,1,0.9230769230769231,0.07692307692307693,3.0,1.6666666666666667,0.611111111111111
CSO-13-8B-JEMABE,1,4,7,5,0,0,0,0,0,3,1,0.7142857142857143,0.11904761904761904,1.0,1.0,1.0
CSO-13-9B-DMLLLU,0,4,13,11,1,0,0,0,0,3,1,0.8461538461538461,0.07051282051282051,1.0,1.0,1.0
CSO-14-7A-MVEBE,0,4,18,12,0,0,0,0,0,5,1,0.6666666666666666,0.0392156862745098,2.0,1.6,0.0
CSO-14-7B-EVEGO,0,4,15,15,1,0,0,0,0,6,1,1.0,0.07142857142857142,3.0,1.8,0.3611111111111111
CSO-14-7B-EVEGO,1,4,19,25,5,0,0,0,0,11,1,1.3157894736842106,0.07309941520467836,4.0,2.0,0.46753246753246747
CSO-14-7B-EVEGO,2,4,21,26,5,0,0,0,0,11,1,1.2380952380952381,0.06190476190476191,4.0,2.0,0.46753246753246747
CSO-14-7B-EVEGO,3,4,15,19,4,0,0,0,0,8,1,1.2666666666666666,0.09047619047619047,3.0,1.7142857142857142,0.6583333333333333
CSO-14-8A-MCIDOS,0,4,18,21,5,0,1,0,0,4,1,1.1666666666666667,0.06862745098039216,2.0,1.3333333333333333,0.5833333333333334
CSO-14-8A-SZARA,0,4,11,15,1,0,0,0,0,8,1,1.3636363636363635,0.13636363636363635,3.0,1.7857142857142858,0.7166666666666667
CSO-14-8A-SZARA,1,4,14,20,2,0,0,0,0,9,1,1.4285714285714286,0.10989010989010989,3.0,1.8611111111111112,0.7111111111111111
CSO-14-8A-SZARA,2,4,16,16,0,0,0,0,0,6,1,1.0,0.06666666666666667,3.0,1.6,0.7777777777777778
CSO-14-8A-SZARA,3,4,14,13,0,0,0,0,0,6,1,0.9285714285714286,0.07142857142857142,3.0,1.6,0.7777777777777778
CSO-14-8A-SZARA,4,4,13,9,1,0,0,0,0,3,1,0.6923076923076923,0.057692307692307696,1.0,1.0,1.0
CSO-14-8A-SZARA,5,4,8,5,1,0,0,0,0,2,1,0.625,0.08928571428571429,1.0,1.0,0.0
CSO-14-8A-SZARA,6,4,12,9,1,0,0,0,0,3,1,0.75,0.06818181818181818,2.0,1.3333333333333333,0.0
CSO-14-8A-SZARA,7,4,13,9,1,0,0,0,0,3,1,0.6923076923076923,0.057692307692307696,1.0,1.0,1.0
CSO-14-8B-JLLORA,0,4,8,7,1,0,0,0,0,3,1,0.875,0.125,1.0,1.0,1.0
CSO-14-8B-JLLORA,1,4,5,6,3,0,0,0,0,3,1,1.2,0.3,2.0,1.3333333333333333,0.0
CSO-14-8B-JLLORA,2,4,7,8,1,0,0,0,0,4,1,1.1428571428571428,0.19047619047619047,2.0,1.1666666666666667,0.8333333333333333
CSO-14-8B-JLLORA,3,4,10,9,1,0,0,0,0,4,1,0.9,0.1,2.0,1.1666666666666667,0.8333333333333333
CSO-14-8B-JLLORA,4,4,14,11,1,0,0,0,0,4,1,0.7857142857142857,0.06043956043956044,2.0,1.1666666666666667,0.8333333333333333
CSO-14-9A-AEDCAGO,0,4,9,6,0,0,0,0,0,3,1,0.6666666666666666,0.08333333333333333,1.0,1.0,1.0
CSO-14-9A-AEDCAGO,1,4,11,8,0,0,0,0,0,5,1,0.7272727272727273,0.07272727272727272,3.0,1.7,0.4666666666666667
CSO-14-9A-AEDCAGO,2,4,11,8,0,0,0,0,0,5,1,0.7272727272727273,0.07272727272727272,3.0,1.7,0.4666666666666667
CSO-14-9A-AEDCAGO,3,4,9,7,0,0,0,0,0,5,1,0.7777777777777778,0.09722222222222222,3.0,1.7,0.4666666666666667
CSO-14-9A-AEDCAGO,4,4,11,6,0,0,0,0,0,3,1,0.5454545454545454,0.05454545454545454,2.0,1.3333333333333333,0.0
CSO-14-9A-AEDCAGO,5,4,11,7,0,0,0,0,0,3,1,0.6363636363636364,0.06363636363636363,1.0,1.0,1.0
CSO-14-9A-AEDCAGO,6,4,13,14,1,0,0,0,0,6,1,1.0769230769230769,0.08974358974358974,3.0,1.5333333333333334,0.5833333333333334
CSO-14-9A-HASACA,0,4,20,16,1,0,0,0,0,6,1,0.8,0.042105263157894736,3.0,1.9333333333333333,0.0
CSO-14-9A-HASACA,1,4,16,13,1,0,0,0,0,6,1,0.8125,0.05416666666666667,3.0,1.8666666666666667,0.0
CSO-14-9A-HASACA,2,4,21,15,1,0,0,0,0,6,1,0.7142857142857143,0.03571428571428571,3.0,1.8666666666666667,0.0
CSO-14-9A-HASACA,3,4,23,18,1,0,1,0,0,6,1,0.782608695652174,0.03557312252964427,3.0,1.8666666666666667,0.0
CSO-14-9A-HASACA,4,4,17,15,1,0,1,0,0,8,1,0.8823529411764706,0.05514705882352941,4.0,2.0714285714285716,0.2625
CSO-14-9A-MARJA,0,4,10,9,1,0,0,0,0,6,1,0.9,0.1,4.0,2.066666666666667,0.3888888888888889
CSO-14-9A-MARJA,1,4,10,9,1,0,0,0,0,6,1,0.9,0.1,3.0,1.8,0.3611111111111111
CSO-14-9A-MARJA,2,4,11,9,0,0,0,0,0,7,1,0.8181818181818182,0.08181818181818182,3.0,1.8571428571428572,0.3
CSO-14-9A-MARJA,3,4,18,11,0,0,0,0,0,5,1,0.6111111111111112,0.03594771241830065,3.0,1.8,0.0
CSO-14-9A-MARJA,4,4,14,9,0,0,0,0,0,4,1,0.6428571428571429,0.04945054945054945,3.0,1.6666666666666667,0.0
CSO-14-9A-MARJA,5,4,12,7,0,0,0,0,0,4,1,0.5833333333333334,0.05303030303030303,3.0,1.6666666666666667,0.0
CSO-14-9A-MARJA,6,4,14,8,0,0,0,0,0,4,1,0.5714285714285714,0.04395604395604396,3.0,1.6666666666666667,0.0
CSO-14-9A-MARJA,7,4,7,4,0,0,0,0,0,3,1,0.5714285714285714,0.09523809523809523,2.0,1.3333333333333333,0.0
CSO-14-9A-MARJA,8,4,9,6,0,0,0,0,0,3,1,0.6666666666666666,0.08333333333333333,1.0,1.0,1.0
CSO-14-9A-MARJA,9,4,12,10,1,0,0,0,0,4,1,0.8333333333333334,0.07575757575757576,2.0,1.1666666666666667,0.8333333333333333
CSO-14-9A-MARJA,10,4,11,11,1,0,0,0,0,4,1,1.0,0.1,2.0,1.1666666666666667,0.8333333333333333
CSO-14-9A-MARJA,11,4,11,11,1,0,0,0,0,4,1,1.0,0.1,2.0,1.1666666666666667,0.8333333333333333
CSO-14-9A-MARJA,12,4,12,9,0,0,0,0,0,3,1,0.75,0.06818181818181818,1.0,1.0,1.0
CSO-14-9A-MARJA,13,4,10,7,0,0,0,0,0,3,1,0.7,0.07777777777777778,1.0,1.0,1.0
CSO-14-9A-MARJA,14,4,10,7,0,0,0,0,0,3,1,0.7,0.07777777777777778,2.0,1.3333333333333333,0.0
CSO-14-9A-SORZU,0,4,14,13,2,0,0,0,0,3,1,0.9285714285714286,0.07142857142857142,2.0,1.3333333333333333,0.0
CSO-14-9A-SORZU,1,4,12,11,2,0,0,0,0,3,1,0.9166666666666666,0.08333333333333333,1.0,1.0,1.0
CSO-14-9A-SORZU,2,4,12,11,2,0,0,0,0,3,1,0.9166666666666666,0.08333333333333333,1.0,1.0,1.0
CSO-14-9A-SORZU,3,4,10,7,0,0,0,0,0,3,1,0.7,0.07777777777777778,1.0,1.0,1.0
CSO-14-9A-SORZU,4,4,7,4,0,0,0,0,0,3,1,0.5714285714285714,0.09523809523809523,2.0,1.3333333333333333,0.0
CSO-14-9A-SORZU,5,4,5,3,0,0,0,0,0,3,1,0.6,0.15,2.0,1.3333333333333333,0.0
CSO-14-9A-SORZU,6,4,7,5,0,0,0,0,0,3,1,0.7142857142857143,0.11904761904761904,1.0,1.0,1.0
CSO-14-9A-SORZU,7,4,5,6,0,0,0,0,0,5,1,1.2,0.3,2.0,1.4,0.8666666666666666
CSO-14-9A-SORZU,8,4,10,12,0,0,0,0,0,5,1,1.2,0.13333333333333333,2.0,1.4,0.8666666666666666
CSO-14-9A-SORZU,9,4,12,13,0,0,0,0,0,5,1,1.0833333333333333,0.09848484848484848,2.0,1.4,0.8666666666666666
CSO-14-9A-SORZU,10,4,11,11,0,0,0,0,0,5,1,1.0,0.1,2.0,1.4,0.6
CSO-14-9A-SORZU,11,4,10,9,0,0,0,0,0,5,1,0.9,0.1,2.0,1.4,0.6
CSO-14-9A-SORZU,12,4,6,4,0,0,0,0,0,4,1,0.6666666666666666,0.13333333333333333,2.0,1.5,0.0
CSO-14-9A-SORZU,13,4,8,6,0,0,0,0,0,3,1,0.75,0.10714285714285714,2.0,1.3333333333333333,0.0
CSO-14-9A-SORZU,14,4,8,6,0,0,0,0,0,3,1,0.75,0.10714285714285714,2.0,1.3333333333333333,0.0
CSO-14-9A-SORZU,15,4,7,6,0,0,0,0,0,4,1,0.8571428571428571,0.14285714285714285,2.0,1.5,0.0
CSO-14-9A-SORZU,16,4,6,5,0,0,0,0,0,3,1,0.8333333333333334,0.16666666666666666,1.0,1.0,1.0
CSO-14-9A-SORZU,17,4,5,4,1,0,0,0,0,3,1,0.8,0.2,2.0,1.3333333333333333,0.0
CSO-14-9A-SORZU,18,4,8,7,1,0,0,0,0,4,1,0.875,0.125,2.0,1.3333333333333333,0.5833333333333334
CSO-14-9A-SORZU,19,4,7,7,1,0,0,0,0,5,1,1.0,0.16666666666666666,2.0,1.5,0.4333333333333333
CSO-14-9A-SORZU,20,4,7,8,2,0,0,0,0,5,1,1.1428571428571428,0.19047619047619047,2.0,1.5,0.4333333333333333
CSO-14-9A-SORZU,21,4,10,8,1,0,0,0,0,4,1,0.8,0.08888888888888889,2.0,1.3333333333333333,0.5833333333333334
CSO-14-9A-SORZU,22,4,10,8,1,0,0,0,0,3,1,0.8,0.08888888888888889,2.0,1.3333333333333333,0.0
CSO-14-9B-ERAGA,0,4,15,20,8,0,0,0,0,6,1,1.3333333333333333,0.09523809523809523,3.0,1.8,0.3611111111111111
CSO-14-9B-ERAGA,1,4,15,20,8,0,0,0,0,6,1,1.3333333333333333,0.09523809523809523,3.0,1.8,0.3611111111111111
CSO-14-9B-ERAGA,2,4,14,17,7,0,0,0,0,6,1,1.2142857142857142,0.09340659340659341,3.0,1.8,0.3611111111111111
CSO-14-9B-ERAGA,3,4,8,4,0,0,0,0,0,2,1,0.5,0.07142857142857142,1.0,1.0,0.0
CSO-14-9B-MFEGA,0,4,16,16,3,0,0,0,0,5,1,1.0,0.06666666666666667,3.0,1.5,0.5333333333333333
CSO-14-9B-MFEGA,1,4,17,17,3,0,0,0,0,5,1,1.0,0.0625,3.0,1.5,0.5333333333333333
CSO-15-10A-LJRAGU,0,4,10,6,0,0,0,0,0,3,1,0.6,0.06666666666666667,2.0,1.3333333333333333,0.0
CSO-15-10A-LJRAGU,1,4,10,8,0,0,0,0,0,6,1,0.8,0.08888888888888889,4.0,1.9333333333333333,0.27777777777777773
CSO-15-10A-LJRAGU,2,4,12,12,1,0,0,0,0,6,1,1.0,0.09090909090909091,4.0,1.9333333333333333,0.27777777777777773
CSO-15-10A-MAARLO,0,4,11,15,3,0,0,0,0,5,1,1.3636363636363635,0.13636363636363635,2.0,1.4,0.6
CSO-15-10A-MAARLO,1,4,11,15,3,0,0,0,0,5,1,1.3636363636363635,0.13636363636363635,2.0,1.4,0.6
CSO-15-10A-MAARLO,2,4,14,12,0,0,0,0,0,4,1,0.8571428571428571,0.06593406593406594,2.0,1.3333333333333333,0.5833333333333334
CSO-15-10A-MAARLO,3,4,15,12,0,0,0,0,0,3,1,0.8,0.05714285714285714,1.0,1.0,1.0
CSO-15-10A-SFEGA,0,4,22,15,1,0,0,0,0,3,1,0.6818181818181818,0.032467532467532464,1.0,1.0,1.0
CSO-15-10A-SFEGA,1,4,17,11,1,0,0,0,0,3,1,0.6470588235294118,0.04044117647058824,1.0,1.0,1.0
CSO-15-10A-SFEGA,2,4,13,8,0,0,0,0,0,3,1,0.6153846153846154,0.05128205128205128,1.0,1.0,1.0
CSO-15-10B-MEBUAR,0,4,23,23,1,0,0,0,0,9,1,1.0,0.045454545454545456,4.0,2.361111111111111,0.23333333333333334
CSO-15-10B-MEBUAR,1,4,19,18,1,0,0,0,0,7,1,0.9473684210526315,0.05263157894736842,4.0,2.0952380952380953,0.23809523809523808
CSO-15-10B-YVBUAN,0,4,16,10,0,0,0,0,0,4,1,0.625,0.041666666666666664,2.0,1.3333333333333333,0.5833333333333334
CSO-15-10B-YVBUAN,1,4,12,6,0,0,0,0,0,2,1,0.5,0.045454545454545456,1.0,1.0,0.0
CSO-15-10B-YVBUAN,2,4,10,5,0,0,0,0,0,2,1,0.5,0.05555555555555555,1.0,1.0,0.0
CSO-15-10B-YVBUAN,3,4,13,8,0,0,0,0,0,3,1,0.6153846153846154,0.05128205128205128,1.0,1.0,1.0
CSO-15-10C-ALBAHO,0,4,13,8,0,0,0,0,0,3,1,0.6153846153846154,0.05128205128205128,1.0,1.0,1.0
CSO-15-10C-ALBAHO,1,4,16,11,0,0,0,0,0,3,1,0.6875,0.04583333333333333,1.0,1.0,1.0
CSO-15-10C-SSCAMO,0,4,20,19,0,0,0,0,0,9,1,0.95,0.05,4.0,2.0,0.3851851851851852
CSO-15-10C-SSCAMO,1,4,23,22,0,0,0,0,0,9,1,0.9565217391304348,0.043478260869565216,4.0,2.0,0.5407407407407407
CSO-15-10C-SSCAMO,2,4,21,20,0,0,0,0,0,9,1,0.9523809523809523,0.047619047619047616,4.0,2.0,0.5407407407407407
CSO-15-10C-SSCAMO,3,4,17,12,0,0,0,0,0,3,1,0.7058823529411765,0.04411764705882353,1.0,1.0,1.0
CSO-15-10C-SSCAMO,4,4,9,6,0,0,0,0,0,3,1,0.6666666666666666,0.08333333333333333,1.0,1.0,1.0
CSO-15-10C-SSCAMO,5,4,11,7,0,0,0,0,0,3,1,0.6363636363636364,0.06363636363636363,1.0,1.0,1.0
CSO-15-10C-SSCAMO,6,4,18,16,3,0,2,0,0,4,1,0.8888888888888888,0.05228758169934641,2.0,1.5,0.0
CSO-15-10C-SSCAMO,7,4,17,18,4,0,2,0,0,4,1,1.0588235294117647,0.0661764705882353,2.0,1.1666666666666667,0.8333333333333333
CSO-15-10C-SSCAMO,8,4,19,19,4,0,2,0,0,4,1,1.0,0.05555555555555555,2.0,1.1666666666666667,0.8333333333333333
CSO-15-10C-SSCAMO,9,4,13,13,3,0,2,0,0,4,1,1.0,0.08333333333333333,2.0,1.5,0.0
CSO-15-10C-SSCAMO,10,4,9,6,0,0,0,0,0,3,1,0.6666666666666666,0.08333333333333333,1.0,1.0,1.0
CSO-15-10C-SSCAMO,11,4,11,7,0,0,0,0,0,3,1,0.6363636363636364,0.06363636363636363,1.0,1.0,1.0
CSO-15-10C-SSCAMO,12,4,12,11,0,0,0,0,0,8,1,0.9166666666666666,0.08333333333333333,3.0,1.9642857142857142,0.5541666666666667
CSO-15-10C-SSCAMO,13,4,17,17,1,0,0,0,0,13,1,1.0,0.0625,4.0,2.371794871794872,0.27289377289377287
CSO-15-10C-SSCAMO,14,4,16,17,2,0,0,0,0,12,1,1.0625,0.07083333333333333,4.0,2.378787878787879,0.2972222222222222
CSO-15-10C-SSCAMO,15,4,17,15,1,0,0,0,0,11,1,0.8823529411764706,0.05514705882352941,4.0,2.327272727272727,0.12727272727272726
CSO-15-10C-SSCAMO,16,4,17,11,1,0,0,0,0,4,1,0.6470588235294118,0.04044117647058824,3.0,1.6666666666666667,0.0
CSO-15-10C-SSCAMO,17,4,11,6,0,0,0,0,0,3,1,0.5454545454545454,0.05454545454545454,2.0,1.3333333333333333,0.0
CSO-15-10C-SSCAMO,18,4,7,4,0,0,0,0,0,3,1,0.5714285714285714,0.09523809523809523,2.0,1.3333333333333333,0.0
CSO-15-10C-SSCAMO,19,4,4,3,0,0,0,0,0,4,1,0.75,0.25,3.0,1.6666666666666667,0.0
CSO-15-10C-SSCAMO,20,4,5,3,0,0,0,0,0,3,1,0.6,0.15,2.0,1.3333333333333333,0.0
CSO-15-10C-SSCAMO,21,4,6,3,0,0,0,0,0,2,1,0.5,0.1,1.0,1.0,0.0
CSO-15-10C-SSCAMO,22,4,12,14,2,0,1,0,0,8,1,1.1666666666666667,0.10606060606060606,3.0,1.8214285714285714,0.43333333333333335
CSO-15-10C-SSCAMO,23,4,11,14,2,0,1,0,0,9,1,1.2727272727272727,0.12727272727272726,3.0,1.8611111111111112,0.38095238095238093
CSO-15-10C-SSCAMO,24,4,9,13,2,0,1,0,0,9,1,1.4444444444444444,0.18055555555555555,3.0,1.8611111111111112,0.38095238095238093
CSO-15-10C-SSCAMO,25,4,10,13,2,0,1,0,0,8,1,1.3,0.14444444444444443,3.0,1.8214285714285714,0.43333333333333335
CSO-15-10C-SSCAMO,26,4,7,7,2,0,0,0,0,3,1,1.0,0.16666666666666666,1.0,1.0,1.0
CSO-15-10C-SSCAMO,27,4,10,13,3,0,0,0,0,6,1,1.3,0.14444444444444443,2.0,1.4666666666666666,0.8277777777777778
CSO-15-10C-SSCAMO,28,4,14,15,3,0,0,0,0,6,1,1.0714285714285714,0.08241758241758242,2.0,1.4666666666666666,0.8277777777777778
CSO-15-10C-SSCAMO,29,4,16,17,3,0,0,0,0,6,1,1.0625,0.07083333333333333,2.0,1.4666666666666666,0.8277777777777778
CSO-15-10C-SSCAMO,30,4,18,19,6,0,0,0,0,4,1,1.0555555555555556,0.06209150326797386,2.0,1.1666666666666667,0.8333333333333333
CSO-15-10C-SSCAMO,31,4,17,13,0,0,0,0,0,5,1,0.7647058823529411,0.04779411764705882,2.0,1.6,0.0
CSO-15-10C-SSCAMO,32,4,14,11,0,0,0,0,0,4,1,0.7857142857142857,0.06043956043956044,2.0,1.5,0.0
CSO-15-10C-SSCAMO,33,4,12,9,0,0,0,0,0,4,1,0.75,0.06818181818181818,2.0,1.1666666666666667,0.8333333333333333
CSO-15-10C-SSCAMO,34,4,5,3,0,0,0,0,0,3,1,0.6,0.15,2.0,1.3333333333333333,0.0
CSO-15-10C-SSCAMO,35,4,7,5,0,0,0,0,0,3,1,0.7142857142857143,0.11904761904761904,1.0,1.0,1.0
CSO-15-10C-SSCAMO,36,4,12,12,0,0,0,0,0,8,1,1.0,0.09090909090909091,4.0,1.9285714285714286,0.45416666666666666
CSO-15-10C-SSCAMO,37,4,10,11,0,0,0,0,0,8,1,1.1,0.12222222222222222,4.0,1.9285714285714286,0.45416666666666666
CSO-15-10C-SSCAMO,38,4,14,14,0,0,0,0,0,9,1,1.0,0.07692307692307693,4.0,2.111111111111111,0.4592592592592592
CSO-15-10C-SSCAMO,39,4,15,13,0,0,0,0,0,7,1,0.8666666666666667,0.06190476190476191,4.0,1.9523809523809523,0.35714285714285715
CSO-15-10C-SSCAMO,40,4,9,7,1,0,0,0,0,3,1,0.7777777777777778,0.09722222222222222,2.0,1.3333333333333333,0.0
CSO-15-10C-SSCAMO,41,4,9,7,1,0,0,0,0,3,1,0.7777777777777778,0.09722222222222222,2.0,1.3333333333333333,0.0
CSO-15-10C-SSCAMO,42,4,5,4,1,0,0,0,0,3,1,0.8,0.2,2.0,1.3333333333333333,0.0
CSO-15-10C-SSCAMO,43,4,4,2,0,0,0,0,0,2,1,0.5,0.16666666666666666,1.0,1.0,0.0
CSO-15-10C-SSCAMO,44,4,2,1,0,0,0,0,0,2,1,0.5,0.5,1.0,1.0,0.0
CSO-15-10C-SSCAMO,45,4,6,5,0,0,0,0,0,4,1,0.8333333333333334,0.16666666666666666,2.0,1.3333333333333333,0.5833333333333334
CSO-15-10C-SSCAMO,46,4,4,4,0,0,0,0,0,4,1,1.0,0.3333333333333333,2.0,1.3333333333333333,0.5833333333333334
CSO-15-10C-SSCAMO,47,4,9,9,0,0,0,0,0,5,1,1.0,0.125,3.0,1.7,0.4666666666666667
CSO-15-10C-SSCAMO,48,4,11,10,0,0,0,0,0,5,1,0.9090909090909091,0.09090909090909091,3.0,1.7,0.4666666666666667
CSO-15-10C-SSCAMO,49,4,7,6,0,0,0,0,0,5,1,0.8571428571428571,0.14285714285714285,3.0,1.7,0.4666666666666667
CSO-15-10C-SSCAMO,50,4,8,7,0,0,0,0,0,6,1,0.875,0.125,4.0,2.066666666666667,0.3888888888888889
CSO-15-10C-SSCAMO,51,4,12,6,0,0,0,0,0,2,1,0.5,0.045454545454545456,1.0,1.0,0.0
CSO-15-10C-SSCAMO,52,4,12,6,0,0,0,0,0,2,1,0.5,0.045454545454545456,1.0,1.0,0.0
CSO-15-11C-JETALO,0,4,19,14,0,0,0,0,0,5,1,0.7368421052631579,0.04093567251461988,2.0,1.4,0.8666666666666666
CSO-15-11C-JETALO,1,4,17,11,0,0,0,0,0,3,1,0.6470588235294118,0.04044117647058824,1.0,1.0,1.0
CSO-15-11C-JETALO,2,4,11,6,0,0,0,0,0,3,1,0.5454545454545454,0.05454545454545454,2.0,1.3333333333333333,0.0
CSO-15-11C-JETALO,3,4,13,9,0,0,0,0,0,4,1,0.6923076923076923,0.057692307692307696,2.0,1.3333333333333333,0.5833333333333334
CSO-15-11C-JETALO,4,4,11,15,5,0,0,0,0,7,1,1.3636363636363635,0.13636363636363635,3.0,1.8095238095238095,0.3095238095238095
CSO-15-7B-JCRAGA,0,4,10,8,0,0,0,0,0,3,1,0.8,0.08888888888888889,1.0,1.0,1.0
CSO-15-7B-JCRAGA,1,4,11,10,0,0,0,0,0,3,1,0.9090909090909091,0.09090909090909091,1.0,1.0,1.0
CSO-15-7B-JCRAGA,2,4,10,8,0,0,0,0,0,3,1,0.8,0.08888888888888889,1.0,1.0,1.0
CSO-15-8A-VBMABR,0,4,17,12,0,0,0,0,0,3,1,0.7058823529411765,0.04411764705882353,1.0,1.0,1.0
CSO-15-8B-KEPOGO,0,4,13,13,2,0,0,0,0,5,1,1.0,0.08333333333333333,3.0,1.6,0.3333333333333333
CSO-15-9B-ALRIHE,0,4,14,13,0,0,0,0,0,8,1,0.9285714285714286,0.07142857142857142,3.0,1.7857142857142858,0.6916666666666667
CSO-15-9B-ALRIHE,1,4,13,12,0,0,0,0,0,9,1,0.9230769230769231,0.07692307692307693,4.0,2.111111111111111,0.37407407407407406
CSO-15-9B-ALRIHE,2,4,16,14,1,0,0,0,0,8,1,0.875,0.058333333333333334,4.0,2.107142857142857,0.16666666666666666
CSO-15-9B-AMSAGO,0,4,17,14,0,0,0,0,0,5,1,0.8235294117647058,0.051470588235294115,2.0,1.4,0.6
CSO-15-9B-JCAPA,0,4,9,11,3,0,0,0,0,4,1,1.2222222222222223,0.1527777777777778,2.0,1.3333333333333333,0.5833333333333334
CSO-15-9B-JCAPA,1,4,10,9,2,0,0,0,0,4,1,0.9,0.1,2.0,1.3333333333333333,0.5833333333333334
CSO-15-9B-JCAPA,2,4,9,7,1,0,0,0,0,3,1,0.7777777777777778,0.09722222222222222,1.0,1.0,1.0
CSO-15-9B-JCAPA,3,4,7,6,1,0,0,0,0,3,1,0.8571428571428571,0.14285714285714285,1.0,1.0,1.0
CSO-15-9B-JCAPA,4,4,6,3,0,0,0,0,0,2,1,0.5,0.1,1.0,1.0,0.0
CSO-15-9B-JCAPA,5,4,6,3,0,0,0,0,0,2,1,0.5,0.1,1.0,1.0,0.0
CSO-15-9B-JCAPA,6,4,7,5,0,0,0,0,0,3,1,0.7142857142857143,0.11904761904761904,1.0,1.0,1.0
CSO-15-9B-JCAPA,7,4,13,9,0,0,0,0,0,5,1,0.6923076923076923,0.057692307692307696,3.0,1.7,0.4666666666666667
CSO-15-9B-KSBEJA,0,4,8,10,2,0,0,0,0,5,1,1.25,0.17857142857142858,2.0,1.4,0.6
CSO-15-9B-KSBEJA,1,4,7,8,1,0,0,0,0,5,1,1.1428571428571428,0.19047619047619047,2.0,1.4,0.6
CSO-15-9B-KSBEJA,2,4,5,7,1,0,0,0,0,5,1,1.4,0.35,2.0,1.4,0.6
CSO-15-9B-KSBEJA,3,4,8,6,0,0,0,0,0,4,1,0.75,0.10714285714285714,2.0,1.3333333333333333,0.5833333333333334
CSO-15-9B-KSBEJA,4,4,9,6,0,0,0,0,0,3,1,0.6666666666666666,0.08333333333333333,1.0,1.0,1.0
CSO-15-9B-KSBEJA,5,4,7,5,0,0,0,0,0,3,1,0.7142857142857143,0.11904761904761904,1.0,1.0,1.0
CSO-15-9B-KSBEJA,6,4,7,5,0,0,0,0,0,3,1,0.7142857142857143,0.11904761904761904,1.0,1.0,1.0
CSO-15-9B-RMCHLU,0,4,13,11,1,0,0,0,0,4,1,0.8461538461538461,0.07051282051282051,2.0,1.3333333333333333,0.5833333333333334
CSO-15-9B-RMCHLU,1,4,14,9,1,0,0,0,0,4,1,0.6428571428571429,0.04945054945054945,3.0,1.6666666666666667,0.0
CSO-15-9B-RMCHLU,2,4,17,10,0,0,0,0,0,4,1,0.5882352941176471,0.03676470588235294,3.0,1.6666666666666667,0.0
CSO-15-9B-SJAGRO,0,4,20,17,0,0,0,0,0,8,1,0.85,0.04473684210526316,4.0,2.0357142857142856,0.3541666666666667
CSO-15-9B-SJAGRO,1,4,22,19,0,0,0,0,0,7,1,0.8636363636363636,0.04112554112554113,4.0,1.9047619047619047,0.42857142857142855
CSO-16-10A-JEGAHE,0,4,22,18,1,0,0,0,0,4,1,0.8181818181818182,0.03896103896103896,2.0,1.5,0.0
CSO-16-10A-JEGAHE,1,4,20,16,1,0,0,0,0,4,1,0.8,0.042105263157894736,2.0,1.3333333333333333,0.5833333333333334
CSO-16-10A-MSACO,0,4,12,9,0,0,0,0,0,4,1,0.75,0.06818181818181818,2.0,1.1666666666666667,0.8333333333333333
CSO-16-10A-MSACO,1,4,10,8,0,0,0,0,0,4,1,0.8,0.08888888888888889,2.0,1.1666666666666667,0.8333333333333333
CSO-16-10A-MSACO,2,4,11,6,0,0,0,0,0,3,1,0.5454545454545454,0.05454545454545454,2.0,1.3333333333333333,0.0
CSO-16-10A-MSACO,3,4,12,8,0,0,0,0,0,3,1,0.6666666666666666,0.06060606060606061,2.0,1.3333333333333333,0.0
CSO-16-10A-MSACO,4,4,19,15,0,0,0,0,0,4,1,0.7894736842105263,0.043859649122807015,2.0,1.3333333333333333,0.5833333333333334
CSO-16-10A-MSACO,5,4,22,18,0,0,0,0,0,4,1,0.8181818181818182,0.03896103896103896,2.0,1.3333333333333333,0.5833333333333334
CSO-16-10A-SMOUT,0,4,15,12,0,0,0,0,0,3,1,0.8,0.05714285714285714,1.0,1.0,1.0
CSO-16-10A-SMOUT,1,4,11,10,0,0,0,0,0,3,1,0.9090909090909091,0.09090909090909091,1.0,1.0,1.0
CSO-16-10A-SMOUT,2,4,11,10,0,0,0,0,0,3,1,0.9090909090909091,0.09090909090909091,1.0,1.0,1.0
CSO-16-10A-SMOUT,3,4,11,10,0,0,0,0,0,3,1,0.9090909090909091,0.09090909090909091,1.0,1.0,1.0
CSO-16-10B-JESUGU,0,4,18,12,0,0,0,0,0,3,1,0.6666666666666666,0.0392156862745098,1.0,1.0,1.0
CSO-16-10B-JESUGU,1,4,17,13,0,0,0,0,0,3,1,0.7647058823529411,0.04779411764705882,1.0,1.0,1.0
CSO-16-10B-JESUGU,2,4,14,10,0,0,0,0,0,3,1,0.7142857142857143,0.054945054945054944,1.0,1.0,1.0
CSO-16-10B-JESUGU,3,4,13,8,0,0,0,0,0,3,1,0.6153846153846154,0.05128205128205128,1.0,1.0,1.0
CSO-16-10B-LTVIFA,0,4,12,9,0,0,0,0,0,3,1,0.75,0.06818181818181818,1.0,1.0,1.0
CSO-16-10B-LTVIFA,1,4,10,8,0,0,0,0,0,3,1,0.8,0.08888888888888889,1.0,1.0,1.0
CSO-16-10B-LTVIFA,2,4,8,7,0,0,0,0,0,3,1,0.875,0.125,1.0,1.0,1.0
CSO-16-10B-VVILI,0,4,8,7,0,0,0,0,0,3,1,0.875,0.125,1.0,1.0,1.0
CSO-16-10B-VVILI,1,4,8,7,0,0,0,0,0,3,1,0.875,0.125,1.0,1.0,1.0
CSO-16-10B-VVILI,2,4,11,10,0,0,0,0,0,3,1,0.9090909090909091,0.09090909090909091,1.0,1.0,1.0
CSO-16-10C-MAVAVE,0,4,5,3,0,0,0,0,0,3,1,0.6,0.15,2.0,1.3333333333333333,0.0
CSO-16-10C-MAVAVE,1,4,5,3,0,0,0,0,0,3,1,0.6,0.15,2.0,1.3333333333333333,0.0
CSO-16-10C-MAVAVE,2,4,8,6,0,0,0,0,0,3,1,0.75,0.10714285714285714,2.0,1.3333333333333333,0.0
CSO-16-10C-MAVAVE,3,4,11,7,0,0,0,0,0,3,1,0.6363636363636364,0.06363636363636363,1.0,1.0,1.0
CSO-16-10C-MAVAVE,4,4,9,6,0,0,0,0,0,3,1,0.6666666666666666,0.08333333333333333,1.0,1.0,1.0
CSO-16-10C-MAVAVE,5,4,11,7,0,0,0,0,0,3,1,0.6363636363636364,0.06363636363636363,1.0,1.0,1.0
CSO-16-10C-MAVAVE,6,4,6,3,0,0,0,0,0,2,1,0.5,0.1,1.0,1.0,0.0
CSO-16-11A-JAVABO,0,4,15,13,0,0,0,0,0,5,1,0.8666666666666667,0.06190476190476191,4.0,2.0,0.0
CSO-16-11A-JDMUVA,0,4,12,6,0,0,0,0,0,2,1,0.5,0.045454545454545456,1.0,1.0,0.0
CSO-16-11A-JDMUVA,1,4,16,12,0,0,0,0,0,6,1,0.75,0.05,2.0,1.5333333333333334,0.7000000000000001
CSO-16-11A-JDMUVA,2,4,18,13,0,0,0,0,0,6,1,0.7222222222222222,0.042483660130718956,2.0,1.5333333333333334,0.7000000000000001
CSO-16-11A-VZAOR,0,4,5,4,0,0,0,0,0,3,1,0.8,0.2,1.0,1.0,1.0
CSO-16-11A-VZAOR,1,4,4,2,0,0,0,0,0,2,1,0.5,0.16666666666666666,1.0,1.0,0.0
CSO-16-11A-VZAOR,2,4,10,9,1,0,0,0,0,4,1,0.9,0.1,2.0,1.1666666666666667,0.8333333333333333
CSO-16-11A-VZAOR,3,4,10,10,2,0,0,0,0,4,1,1.0,0.1111111111111111,2.0,1.1666666666666667,0.8333333333333333
CSO-16-11A-VZAOR,4,4,9,13,5,0,0,0,0,5,1,1.4444444444444444,0.18055555555555555,3.0,1.5,0.5333333333333333
CSO-16-11A-VZAOR,5,4,9,14,6,0,0,0,0,5,1,1.5555555555555556,0.19444444444444445,3.0,1.5,0.5333333333333333
CSO-16-11A-VZAOR,6,4,10,8,3,0,0,0,0,2,1,0.8,0.08888888888888889,1.0,1.0,0.0
CSO-16-11B-KRORE,0,4,5,4,0,0,0,0,0,3,1,0.8,0.2,1.0,1.0,1.0
CSO-16-11B-KRORE,1,4,22,22,1,0,0,0,0,10,1,1.0,0.047619047619047616,4.0,2.2222222222222223,0.26666666666666666
CSO-16-11B-KRORE,2,4,21,22,1,0,0,0,0,14,1,1.0476190476190477,0.05238095238095238,7.0,2.901098901098901,0.3095238095238095
CSO-16-11B-LLOZA,0,4,25,24,0,0,0,0,0,14,1,0.96,0.04,4.0,2.197802197802198,0.5202380952380953
CSO-16-11B-LLOZA,1,4,21,23,0,0,0,0,0,15,1,1.0952380952380953,0.05476190476190476,4.0,2.3047619047619046,0.44111111111111106
CSO-16-11B-YAROMO,0,4,12,9,1,0,0,0,0,3,1,0.75,0.06818181818181818,2.0,1.3333333333333333,0.0
CSO-16-11B-YAROMO,1,4,14,14,1,0,0,0,0,7,1,1.0,0.07692307692307693,4.0,1.9047619047619047,0.42857142857142855
CSO-16-11B-YAROMO,2,4,11,10,0,0,0,0,0,7,1,0.9090909090909091,0.09090909090909091,4.0,1.9047619047619047,0.42857142857142855
CSO-16-11B-YAROMO,3,4,11,10,0,0,0,0,0,7,1,0.9090909090909091,0.09090909090909091,4.0,1.9047619047619047,0.42857142857142855
CSO-16-11B-YAROMO,4,4,8,8,0,0,0,0,0,6,1,1.0,0.14285714285714285,3.0,1.6666666666666667,0.611111111111111
CSO-16-11B-YAROMO,5,4,6,3,0,0,0,0,0,2,1,0.5,0.1,1.0,1.0,0.0
CSO-16-11B-YAROMO,6,4,6,4,0,0,0,0,0,4,1,0.6666666666666666,0.13333333333333333,2.0,1.5,0.0
CSO-16-11B-YAROMO,7,4,6,4,0,0,0,0,0,4,1,0.6666666666666666,0.13333333333333333,3.0,1.6666666666666667,0.0
CSO-16-11B-YAROMO,8,4,6,4,0,0,0,0,0,4,1,0.6666666666666666,0.13333333333333333,3.0,1.6666666666666667,0.0
CSO-16-9A-JALEMO,0,4,9,8,1,0,0,0,0,4,1,0.8888888888888888,0.1111111111111111,2.0,1.3333333333333333,0.5833333333333334
CSO-16-9A-JPROSO,0,4,22,16,0,0,0,0,0,7,1,0.7272727272727273,0.03463203463203463,3.0,1.9523809523809523,0.33333333333333337
CSO-16-9A-JPROSO,1,4,19,13,0,0,0,0,0,6,1,0.6842105263157895,0.038011695906432746,3.0,1.8666666666666667,0.3888888888888889
CSO-16-9A-JPROSO,2,4,17,12,0,0,0,0,0,6,1,0.7058823529411765,0.04411764705882353,3.0,1.8666666666666667,0.3888888888888889
CSO-16-9A-JPROSO,3,4,16,13,0,0,0,0,0,6,1,0.8125,0.05416666666666667,3.0,1.8666666666666667,0.3888888888888889
CSO-16-9A-JPROSO,4,4,12,8,0,0,0,0,0,6,1,0.6666666666666666,0.06060606060606061,2.0,1.6666666666666667,0.0
CSO-16-9A-JSMAGU,0,4,16,16,2,0,0,0,0,7,1,1.0,0.06666666666666667,4.0,1.9523809523809523,0.3333333333333333
CSO-16-9A-JSMAGU,1,4,17,16,2,0,0,0,0,6,1,0.9411764705882353,0.058823529411764705,3.0,1.6666666666666667,0.38888888888888884
CSO-16-9A-JSMAGU,2,4,18,18,2,0,0,0,0,5,1,1.0,0.058823529411764705,3.0,1.5,0.5333333333333333
CSO-16-9B-SJPAJI,0,4,22,16,1,0,0,0,0,4,1,0.7272727272727273,0.03463203463203463,3.0,1.6666666666666667,0.0
CSO-17-10A-YVGOCA,0,4,20,17,2,0,0,0,0,8,1,0.85,0.04473684210526316,4.0,2.0714285714285716,0.2625
CSO-17-10A-YVGOCA,1,4,24,16,1,0,0,0,0,4,1,0.6666666666666666,0.028985507246376812,2.0,1.5,0.0
CSO-17-10B-EHECO,0,4,17,14,1,0,0,0,0,6,1,0.8235294117647058,0.051470588235294115,4.0,2.066666666666667,0.0
CSO-17-10B-EHECO,1,4,15,13,0,0,0,0,0,6,1,0.8666666666666667,0.06190476190476191,4.0,2.066666666666667,0.0
CSO-17-11A-JDAMO,0,4,11,9,0,0,0,0,0,6,1,0.8181818181818182,0.08181818181818182,3.0,1.9333333333333333,0.0
CSO-17-11A-JDAMO,1,4,10,8,0,0,0,0,0,5,1,0.8,0.08888888888888889,3.0,1.8,0.0
CSO-17-11A-JDAMO,2,4,12,10,0,0,0,0,0,5,1,0.8333333333333334,0.07575757575757576,3.0,1.7,0.4666666666666667
CSO-17-11A-JDAMO,3,4,12,10,0,0,0,0,0,5,1,0.8333333333333334,0.07575757575757576,3.0,1.7,0.4666666666666667
CSO-17-11A-JDAMO,4,4,12,8,0,0,0,0,0,3,1,0.6666666666666666,0.06060606060606061,2.0,1.3333333333333333,0.0
CSO-17-11A-JDAMO,5,4,11,7,0,0,0,0,0,3,1,0.6363636363636364,0.06363636363636363,1.0,1.0,1.0
CSO-17-11A-NPAHE,0,4,16,10,0,0,0,0,0,5,1,0.625,0.041666666666666664,2.0,1.6,0.0
CSO-17-11A-NPAHE,1,4,16,13,1,0,0,0,0,4,1,0.8125,0.05416666666666667,2.0,1.5,0.0
CSO-17-11A-RLPAIG,0,4,12,11,0,0,0,0,0,5,1,0.9166666666666666,0.08333333333333333,3.0,1.5,0.5333333333333333
CSO-17-11A-RLPAIG,1,4,14,16,0,0,0,0,0,10,1,1.1428571428571428,0.08791208791208792,4.0,1.9555555555555555,0.680952380952381
CSO-17-11A-RLPAIG,2,4,12,15,0,0,0,0,0,10,1,1.25,0.11363636363636363,4.0,1.9555555555555555,0.680952380952381
CSO-17-11A-RLPAIG,3,4,14,18,2,0,0,0,0,9,1,1.2857142857142858,0.0989010989010989,4.0,1.9166666666666667,0.762962962962963
CSO-17-11A-SPUVA,0,4,7,5,0,0,0,0,0,3,1,0.7142857142857143,0.11904761904761904,1.0,1.0,1.0
CSO-17-11A-SPUVA,1,4,10,5,0,0,0,0,0,2,1,0.5,0.05555555555555555,1.0,1.0,0.0
CSO-17-11B-CDBEBU,0,4,4,2,0,0,0,0,0,2,1,0.5,0.16666666666666666,1.0,1.0,0.0
CSO-17-11B-CDBEBU,1,4,7,5,0,0,0,0,0,3,1,0.7142857142857143,0.11904761904761904,1.0,1.0,1.0
CSO-17-11B-CDBEBU,2,4,8,6,0,0,0,0,0,4,1,0.75,0.10714285714285714,2.0,1.3333333333333333,0.5833333333333334
CSO-17-11C-JDAAG,0,4,12,9,0,0,0,0,0,3,1,0.75,0.06818181818181818,1.0,1.0,1.0
CSO-17-11C-JDAAG,1,4,12,9,0,0,0,0,0,3,1,0.75,0.06818181818181818,1.0,1.0,1.0
CSO-17-11C-MAPAMA,0,4,10,7,0,0,0,0,0,3,1,0.7,0.07777777777777778,1.0,1.0,1.0
CSO-17-11C-MAPAMA,1,4,14,10,0,0,0,0,0,4,1,0.7142857142857143,0.054945054945054944,2.0,1.3333333333333333,0.5833333333333334
CSO-17-11C-MAPAMA,2,4,17,12,0,0,0,0,0,4,1,0.7058823529411765,0.04411764705882353,2.0,1.3333333333333333,0.5833333333333334
CSO-17-11C-MCAAG,0,4,12,6,0,0,0,0,0,2,1,0.5,0.045454545454545456,1.0,1.0,0.0
CSO-17-11C-MCAAG,1,4,14,7,0,0,0,0,0,2,1,0.5,0.038461538461538464,1.0,1.0,0.0
CSO-17-11C-MCAAG,2,4,17,9,0,0,0,0,0,3,1,0.5294117647058824,0.03308823529411765,2.0,1.3333333333333333,0.0
CSO-17-11C-MCAAG,3,4,17,9,0,0,0,0,0,3,1,0.5294117647058824,0.03308823529411765,2.0,1.3333333333333333,0.0
CSO-17-11C-MCAAG,4,4,14,8,0,0,0,0,0,3,1,0.5714285714285714,0.04395604395604396,2.0,1.3333333333333333,0.0
CSO-17-11C-SARJA,0,4,19,14,0,0,0,0,0,4,1,0.7368421052631579,0.04093567251461988,2.0,1.1666666666666667,0.8333333333333333
CSO-17-11C-SARJA,1,4,19,14,0,0,0,0,0,4,1,0.7368421052631579,0.04093567251461988,2.0,1.1666666666666667,0.8333333333333333
CSO-17-11C-SARJA,2,4,14,12,0,0,0,0,0,5,1,0.8571428571428571,0.06593406593406594,3.0,1.5,0.5333333333333333
CSO-17-11C-SARJA,3,4,8,4,0,0,0,0,0,2,1,0.5,0.07142857142857142,1.0,1.0,0.0
CSO-18-11A-ADBAHO,0,4,24,17,0,0,0,0,0,6,1,0.7083333333333334,0.030797101449275364,4.0,2.1333333333333333,0.0
CSO-18-11A-ADBAHO,1,4,24,16,0,0,0,0,0,4,1,0.6666666666666666,0.028985507246376812,2.0,1.5,0.0
CSO-18-9B-MAMOLO,0,4,18,15,0,0,0,0,0,9,1,0.8333333333333334,0.049019607843137254,2.0,1.7222222222222223,0.45238095238095233
CSO-18-9B-MAMOLO,1,4,20,16,0,0,0,0,0,9,1,0.8,0.042105263157894736,2.0,1.7222222222222223,0.45238095238095233
CSO-18-9B-MAMOLO,2,4,18,13,0,0,0,0,0,6,1,0.7222222222222222,0.042483660130718956,2.0,1.6,0.35000000000000003
CSO-18-9B-MAMOLO,3,4,23,17,1,0,0,0,0,6,1,0.7391304347826086,0.03359683794466403,2.0,1.6,0.35000000000000003
CSO-18-9B-MAMOLO,4,4,13,8,1,0,0,0,0,3,1,0.6153846153846154,0.05128205128205128,2.0,1.3333333333333333,0.0
CSO-18-9B-MAMOLO,5,4,14,10,1,0,0,0,0,3,1,0.7142857142857143,0.054945054945054944,2.0,1.3333333333333333,0.0
CSO-18-9B-MAMOLO,6,4,14,10,1,0,0,0,0,3,1,0.7142857142857143,0.054945054945054944,2.0,1.3333333333333333,0.0
CSO-8-3A-AIPRBR,0,4,21,21,3,0,0,0,0,5,1,1.0,0.05,3.0,1.7,0.4666666666666667
CSO-8-3A-AIPRBR,1,4,22,29,7,0,0,0,0,8,1,1.3181818181818181,0.06277056277056277,4.0,2.0,0.44166666666666665
CSO-8-3A-AIPRBR,2,4,17,25,7,0,0,0,0,8,1,1.4705882352941178,0.09191176470588236,4.0,2.0,0.44166666666666665
CSO-8-3A-AIPRBR,3,4,18,26,7,0,0,0,0,8,1,1.4444444444444444,0.08496732026143791,4.0,2.0,0.44166666666666665
CSO-8-3A-AIPRBR,4,4,10,14,4,0,0,0,0,6,1,1.4,0.15555555555555556,3.0,1.8,0.3611111111111111
CSO-8-3A-DAPAVA,0,4,6,8,2,0,0,0,0,3,1,1.3333333333333333,0.26666666666666666,1.0,1.0,1.0
CSO-8-3A-DAPAVA,1,4,7,10,2,0,0,0,0,4,1,1.4285714285714286,0.23809523809523808,2.0,1.1666666666666667,0.8333333333333333
CSO-8-3A-DAPAVA,2,4,11,14,2,0,0,0,0,5,1,1.2727272727272727,0.12727272727272726,2.0,1.4,0.8666666666666666
CSO-8-3A-DAPAVA,3,4,16,21,2,0,0,0,0,7,1,1.3125,0.0875,2.0,1.5714285714285714,0.6952380952380952
CSO-8-4A-ARAGR,0,4,7,7,2,0,0,0,0,3,1,1.0,0.16666666666666666,1.0,1.0,1.0
CSO-8-4A-ARAGR,1,4,8,14,3,0,0,0,0,6,1,1.75,0.25,2.0,1.3333333333333333,0.6666666666666666
CSO-8-4A-JRAAR,0,4,15,19,2,0,0,0,0,8,1,1.2666666666666666,0.09047619047619047,3.0,1.7857142857142858,0.6916666666666667
CSO-9-2A-EXMOCO,0,4,10,8,0,0,0,0,0,3,1,0.8,0.08888888888888889,1.0,1.0,1.0
CSO-9-2A-EXMOCO,1,4,17,18,3,0,0,0,0,6,1,1.0588235294117647,0.0661764705882353,2.0,1.4666666666666666,0.8277777777777778
CSO-9-2A-EXMOCO,2,4,17,22,5,0,0,0,0,8,1,1.2941176470588236,0.08088235294117647,2.0,1.6071428571428572,0.8571428571428571
CSO-9-2A-EXMOCO,3,4,15,19,4,0,0,0,0,7,1,1.2666666666666666,0.09047619047619047,2.0,1.5714285714285714,0.8857142857142858
CSO-9-2A-EXMOCO,4,4,14,17,4,0,0,0,0,7,1,1.2142857142857142,0.09340659340659341,2.0,1.5714285714285714,0.8857142857142858
CSO-9-2A-EXMOCO,5,4,10,9,2,0,0,0,0,4,1,0.9,0.1,2.0,1.3333333333333333,0.5833333333333334
CSO-9-4A-AGAPE,0,4,13,15,1,0,0,0,0,9,1,1.1538461538461537,0.09615384615384616,4.0,2.0277777777777777,0.6259259259259259
CSO-9-4A-DKVIMO,0,4,12,15,3,0,1,0,0,6,1,1.25,0.11363636363636363,2.0,1.5333333333333334,0.7000000000000001
CSO-9-4A-DSMOMU,0,4,10,8,0,0,0,0,0,6,1,0.8,0.08888888888888889,4.0,2.066666666666667,0.3888888888888889
CSO-9-4A-DSMOMU,1,4,9,7,1,0,0,0,0,5,1,0.7777777777777778,0.09722222222222222,3.0,1.8,0.0
CSO-9-4A-DSMOMU,2,4,10,8,1,0,0,0,0,5,1,0.8,0.08888888888888889,3.0,1.8,0.0
CSO-9-4A-DSMOMU,3,4,12,10,1,0,0,0,0,4,1,0.8333333333333334,0.07575757575757576,3.0,1.6666666666666667,0.0
CSO-9-4A-DSMOMU,4,4,12,11,0,0,0,0,0,8,1,0.9166666666666666,0.08333333333333333,3.0,1.8928571428571428,0.42916666666666664
CSO-9-4A-DSMOMU,5,4,9,9,0,0,0,0,0,7,1,1.0,0.125,3.0,1.8095238095238095,0.5
CSO-9-4A-DSMOMU,6,4,8,8,0,0,0,0,0,6,1,1.0,0.14285714285714285,3.0,1.6666666666666667,0.611111111111111
CSO-9-4A-DSMOMU,7,4,9,8,0,0,0,0,0,4,1,0.8888888888888888,0.1111111111111111,2.0,1.3333333333333333,0.5833333333333334
CSO-9-4A-DSMOMU,8,4,5,4,0,0,0,0,0,3,1,0.8,0.2,1.0,1.0,1.0
CSO-9-4A-DSMOMU,9,4,5,4,0,0,0,0,0,3,1,0.8,0.2,1.0,1.0,1.0
CSO-9-4A-DSMOMU,10,4,8,7,0,0,0,0,0,3,1,0.875,0.125,1.0,1.0,1.0
CSO-9-4A-DSMOMU,11,4,7,5,0,0,0,0,0,3,1,0.7142857142857143,0.11904761904761904,1.0,1.0,1.0
CSO-9-4A-DSMOMU,12,4,7,9,1,0,1,0,0,5,1,1.2857142857142858,0.21428571428571427,2.0,1.4,0.8666666666666666
CSO-9-4A-DSMOMU,13,4,9,10,1,0,1,0,0,5,1,1.1111111111111112,0.1388888888888889,2.0,1.4,0.8666666666666666
CSO-9-4A-DSMOMU,14,4,9,8,1,0,1,0,0,3,1,0.8888888888888888,0.1111111111111111,1.0,1.0,1.0
CSO-9-4A-DSMOMU,15,4,10,11,2,0,2,0,0,3,1,1.1,0.12222222222222222,1.0,1.0,1.0
CSO-9-4A-DSMOMU,16,4,12,9,1,0,1,0,0,3,1,0.75,0.06818181818181818,2.0,1.3333333333333333,0.0
CSO-9-4A-DSMOMU,17,4,12,11,1,0,1,0,0,4,1,0.9166666666666666,0.08333333333333333,2.0,1.3333333333333333,0.5833333333333334
CSO-9-4A-DSMOMU,18,4,10,10,1,0,1,0,0,4,1,1.0,0.1111111111111111,2.0,1.3333333333333333,0.5833333333333334
CSO-9-4A-DSMOMU,19,4,9,7,0,0,0,0,0,4,1,0.7777777777777778,0.09722222222222222,2.0,1.3333333333333333,0.5833333333333334
CSO-9-4A-DSMOMU,20,4,5,4,0,0,0,0,0,3,1,0.8,0.2,1.0,1.0,1.0
CSO-9-4A-DVGATO,0,4,21,27,6,0,0,0,0,11,1,1.2857142857142858,0.06428571428571428,5.0,2.4,0.6545454545454545
CSO-9-4A-DVGATO,1,4,15,23,6,0,0,0,0,9,1,1.5333333333333334,0.10952380952380952,3.0,1.7222222222222223,0.6888888888888889
CSO-9-4A-EGCAMO,0,4,8,6,0,0,0,0,0,4,1,0.75,0.10714285714285714,2.0,1.3333333333333333,0.5833333333333334
CSO-9-4A-EGCAMO,1,4,5,4,0,0,0,0,0,3,1,0.8,0.2,1.0,1.0,1.0
CSO-9-4A-EGCAMO,2,4,4,2,0,0,0,0,0,2,1,0.5,0.16666666666666666,1.0,1.0,0.0
CSO-9-4A-EGCAMO,3,4,7,5,0,0,0,0,0,3,1,0.7142857142857143,0.11904761904761904,1.0,1.0,1.0
CSO-9-4A-FAGIGA,0,4,14,10,0,0,0,0,0,3,1,0.7142857142857143,0.054945054945054944,1.0,1.0,1.0
CSO-9-4A-FAGIGA,1,4,15,15,0,0,0,0,0,7,1,1.0,0.07142857142857142,4.0,1.9523809523809523,0.35714285714285715
CSO-9-4A-FAGIGA,2,4,12,12,0,0,0,0,0,7,1,1.0,0.09090909090909091,4.0,1.9523809523809523,0.35714285714285715
CSO-9-4A-FAGIGA,3,4,15,17,0,0,0,0,0,10,1,1.1333333333333333,0.08095238095238096,4.0,2.0,0.6476190476190476
CSO-9-4A-KEMOCO,0,4,12,10,1,0,0,0,0,5,1,0.8333333333333334,0.07575757575757576,2.0,1.5,0.4333333333333333
CSO-9-4A-KEMOCO,1,4,15,10,1,0,0,0,0,4,1,0.6666666666666666,0.047619047619047616,2.0,1.5,0.0
CSO-9-4A-KEMOCO,2,4,14,9,1,0,0,0,0,3,1,0.6428571428571429,0.04945054945054945,2.0,1.3333333333333333,0.0
CSO-9-4A-KEMOCO,3,4,13,8,1,0,0,0,0,3,1,0.6153846153846154,0.05128205128205128,2.0,1.3333333333333333,0.0
CSO-9-4A-KEMOCO,4,4,14,11,0,0,0,0,0,6,1,0.7857142857142857,0.06043956043956044,3.0,1.6666666666666667,0.611111111111111
CSO-9-4A-LCOMO,0,4,14,9,0,0,0,0,0,3,1,0.6428571428571429,0.04945054945054945,1.0,1.0,1.0
CSO-9-4A-LCOMO,1,4,18,16,1,0,0,0,0,6,1,0.8888888888888888,0.05228758169934641,3.0,1.6666666666666667,0.611111111111111
CSO-9-4A-LCOMO,2,4,15,14,1,0,0,0,0,6,1,0.9333333333333333,0.06666666666666667,3.0,1.6666666666666667,0.611111111111111
CSO-9-4A-LCOMO,3,4,17,19,1,0,0,0,0,9,1,1.1176470588235294,0.06985294117647059,4.0,2.0277777777777777,0.6518518518518518
CSO-9-4A-MLORO,0,4,10,7,0,0,0,0,0,3,1,0.7,0.07777777777777778,2.0,1.3333333333333333,0.0
CSO-9-4A-MLORO,1,4,10,7,0,0,0,0,0,3,1,0.7,0.07777777777777778,1.0,1.0,1.0
CSO-9-4A-MLORO,2,4,7,4,0,0,0,0,0,3,1,0.5714285714285714,0.09523809523809523,2.0,1.3333333333333333,0.0
CSO-9-4A-MLORO,3,4,7,4,0,0,0,0,0,3,1,0.5714285714285714,0.09523809523809523,2.0,1.3333333333333333,0.0
CSO-9-4A-MLORO,4,4,5,3,0,0,0,0,0,3,1,0.6,0.15,2.0,1.3333333333333333,0.0
CSO-9-4A-MLORO,5,4,6,5,0,0,0,0,0,4,1,0.8333333333333334,0.16666666666666666,2.0,1.3333333333333333,0.5833333333333334
CSO-9-4A-MLORO,6,4,10,7,0,0,0,0,0,4,1,0.7,0.07777777777777778,2.0,1.3333333333333333,0.5833333333333334
CSO-9-4A-MLORO,7,4,10,9,0,0,0,0,0,6,1,0.9,0.1,2.0,1.5333333333333334,0.7000000000000001
CSO-9-4A-MLORO,8,4,11,11,0,0,0,0,0,7,1,1.0,0.1,3.0,1.7619047619047619,0.8095238095238095
CSO-9-4A-MLORO,9,4,11,11,0,0,0,0,0,7,1,1.0,0.1,2.0,1.5714285714285714,0.8857142857142858
CSO-9-4A-MLORO,10,4,11,13,0,0,0,0,0,9,1,1.1818181818181819,0.11818181818181818,2.0,1.6666666666666667,0.9047619047619047
CSO-9-4A-MLORO,11,4,10,11,0,0,0,0,0,7,1,1.1,0.12222222222222222,2.0,1.5714285714285714,0.8857142857142858
CSO-9-4A-MPAME,0,4,10,8,0,0,0,0,0,3,1,0.8,0.08888888888888889,1.0,1.0,1.0
CSO-9-4A-MPAME,1,4,10,8,0,0,0,0,0,3,1,0.8,0.08888888888888889,1.0,1.0,1.0
CSO-9-4A-NSARPA,0,4,10,11,2,0,0,0,0,5,1,1.1,0.12222222222222222,3.0,1.7,0.4666666666666667
CSO-9-4A-NSARPA,1,4,14,18,3,0,0,0,0,6,1,1.2857142857142858,0.0989010989010989,3.0,1.8,0.3611111111111111
CSO-9-4A-YVDITR,0,4,12,8,0,0,0,0,0,3,1,0.6666666666666666,0.06060606060606061,2.0,1.3333333333333333,0.0
CSO-9-4A-YVDITR,1,4,13,12,1,0,0,0,0,6,1,0.9230769230769231,0.07692307692307693,3.0,1.7333333333333334,0.5
