file,z_wc,z_nodes,z_edges,z_re,z_pe,z_l1,z_l2,z_l3,z_lcc,z_lsc,z_atd,z_density,z_diameter,z_asp,z_cc
CDMS-10-4A-JURAN,0.0,1.2138354264098528,0.0,0.0,-0.5958779958202378,-1.016552655132558,-0.5958779958202378,-0.3251211507627757,-1.0062484147158237,-0.6495961675442776,-1.0716045927455236,-0.4591906975964465,-1.5826691595658924,-1.5417367733260128,2.7211732145671372
CDMS-10-5A-HEPIHO,0.0,2.4554837577370896,0.0,0.0,-0.520165766412379,-0.8741324483600196,-0.520165766412379,-0.29029721753431886,-2.1744663357166423,-0.5569772846719336,-1.9416859476463262,-1.437862199245875,-2.1528425638914337,-2.375298584496947,4.971402654427475
CDMS-10-5A-KSRAGU,0.0,1.6509986989445746,0.0,0.0,-0.4190981641995463,-1.1153150614470384,-0.4190981641995463,-0.15294382258037453,-0.5495936125927458,-0.4434889941024429,-1.2942536983312534,-0.6141710489105168,-1.1549133670973213,-1.1708844966175334,1.991245371140936
CDMS-10-5A-SROPU,0.0,1.8883512586337554,0.0,0.0,-0.5861529350384551,-1.008084493231898,-0.5861529350384551,-0.346995256493792,-2.2563414427925252,-0.609537096383993,-1.634177247407656,-1.0841816216838591,-2.1348365541359753,-2.3015078922267636,5.786299824980539
CDMS-10-5A-SZURO,0.0,2.6682661774882845,0.0,0.0,-0.3392028334424093,-0.7726811083568546,-0.3392028334424093,-0.15294382258037453,-1.7331221932636758,-0.35397351458950393,-1.8338589796132905,-1.3971179644776575,-1.9605963481182787,-2.047994394490976,3.598155446938712
CDMS-10-5B-SRAJA,0.0,1.5169537028689946,0.0,0.0,-0.6268063190808185,-0.7774974258390925,-0.6268063190808185,-0.42457147616631835,-1.8971860162721532,-0.7417107540507828,-1.3344931377295741,-0.7231966871591488,-1.6601535124266338,-1.9932693617839992,4.535539072890898
CDMS-10-5C-DAAUSA,0.0,1.126659431344491,0.0,0.0,-0.7392271471832421,-1.1490341789657468,-0.7392271471832421,-0.39034834733398993,-1.0246315713818426,-0.8000137239361583,-1.0293137538406192,0.021680765131587492,-1.1242225948869524,-1.740202909946209,2.8620393247647873
CDMS-10-5C-ICAPA,0.0,1.8785177796656218,0.0,0.0,-0.3282217946779825,-0.9283383171865616,-0.3282217946779825,-0.10131971209968163,-0.5693462774083033,-0.34689551838276506,-1.409132830416255,-0.9318047018216898,-0.7712291808824328,-0.7992096128312172,0.6531979405636537
CDMS-10-5C-JFALGI,0.0,1.9518789457178882,0.0,0.0,-0.4220742491313111,-0.9366488457785314,-0.4220742491313111,-0.16270542777251792,-0.933305409986788,-0.44229075744101953,-1.488990823706261,-0.9530407809061299,-1.0449173271149996,-1.1436925635093502,1.423302553109566
CDMS-10-5C-MAORTO,0.0,1.4153571862023553,0.0,0.0,-0.5923026762948723,-1.0359423874824987,-0.5923026762948723,-0.34375559188747745,-1.4006047611682235,-0.6324505615638655,-1.250139154352227,-0.5947027316432246,-1.7928086663791323,-1.9227015730479358,3.428864651353083
CDMS-10-5C-NBEMO,0.0,1.3739665369110092,0.0,0.0,-0.42965591242891976,-1.118204691601115,-0.42965591242891976,-0.22402060013430714,-1.101622166708442,-0.46329880651731126,-1.2263860817366237,-0.17353935683171226,-1.6517772264614865,-1.7601200329155902,2.9207910344487034
CDMS-10-6B-ASCACO,0.0,2.4902373119884014,0.0,0.0,-0.3794649839899544,-0.7617715026764121,-0.3794649839899544,-0.09145054352812242,-1.8283172664195295,-0.40018981983225027,-1.6460423459853069,-1.3650719354680572,-1.7189409706837904,-2.036062556457382,1.7941997803774206
CDMS-10-6B-JJMOBE,0.0,2.5487257664202283,0.0,0.0,-0.5930197021112269,-0.8807398711902505,-0.5930197021112269,-0.3766066918588953,-0.8337587178738992,-0.6556059878248454,-1.9264165359130336,-1.3409654879738395,-1.4091113870531424,-0.9821518040596496,0.711331855207185
CDMS-11-4A-GACHSA,0.0,1.5364003648769098,0.0,0.0,-0.48876195630333585,-1.018467161857792,-0.48876195630333585,-0.22573952182130425,-0.7154261021592949,-0.5213627059086869,-1.249772209117999,-0.639131896206007,-1.2687166321136392,-1.2526942540972537,2.0740799992004657
CDMS-11-5A-EAARCA,0.0,1.6264738762313895,0.0,0.0,-0.5272182879046049,-0.9049017555596711,-0.5272182879046049,-0.279997957973055,-1.546316365891079,-0.5784969475919247,-1.3247493113708662,-0.8538403796053973,-1.7306798390069043,-1.9701533059656613,3.6268007568653555
CDMS-11-5A-MGTHAR,0.0,1.0468396920789782,0.0,0.0,-0.8058567444332082,-1.1625854018748933,-0.8058567444332082,-0.5166118083776913,-2.1267864463768915,-0.9128097756749384,-0.96992370603061,-0.15120014637889465,-2.143569359678995,-2.116400161537689,4.3242792177614335
CDMS-11-6A-DFVEBE,0.0,1.2112814359772717,0.0,0.0,-0.7423074889580903,-1.0623270720121474,-0.7423074889580903,-0.5058094624028874,-2.408011637827954,-0.9192873178362311,-1.0790854613187297,-0.5430752045508132,-1.9148463500031228,-2.0708481237328096,5.050484987519407
CDMS-11-6A-NMREPR,0.0,2.640771352062924,0.0,0.0,-0.3625322648338813,-0.8029180062921691,-0.3625322648338813,-0.18290108705624483,-1.893240493259176,-0.405039814987866,-1.8594794268869872,-1.4564477531860354,-2.127909446723416,-2.2391480597912863,3.750234768132637
CDMS-11-6B-ARAHE,0.0,2.7329741812193418,0.0,0.0,-0.49895754931903435,-0.8461239472372042,-0.49895754931903435,-0.2748869439898045,-1.896576495088056,-0.5259838014931931,-2.1067457742845197,-1.5061287741979466,-1.6202176664821697,-1.7007200847402535,0.7543974671497048
CDMS-11-6B-AVROTO,0.0,2.125671243544023,0.0,0.0,-0.3858334251204901,-0.7910808036739478,-0.3858334251204901,-0.17154636385561225,-1.1929746784009678,-0.40859810928056794,-1.6145857530331411,-1.1589339455307295,-1.3481635242926229,-1.469416463335433,2.088177703220694
CDMS-11-6B-EAFESA,0.0,1.3395414001025994,0.0,0.0,-0.7814816229568646,-1.0839692290203018,-0.7814816229568646,-0.4432794568078477,-1.2415943692283777,-0.8660341851276631,-1.1987085343266843,-0.4281265853571556,-1.4917021546335822,-1.7767944166907368,4.046150641093933
CDMS-11-6B-EFRGR,0.0,2.767761201476783,0.0,0.0,-0.350777939811934,-0.8537553363879148,-0.350777939811934,-0.16046630009971719,-1.748497323361711,-0.3703100814889957,-2.018504280552441,-1.5747068048072932,-1.6671066182720389,-1.791354458561177,1.873780008836049
CDMS-11-6B-EROCO,0.0,2.0116827864226847,0.0,0.0,-0.4939179568401277,-0.9467804210349166,-0.4939179568401277,-0.23519084655376696,-1.7407153519841922,-0.521674492897268,-1.5936056033170936,-1.0421461387880404,-1.7809486566039827,-1.8952703135400717,3.8818488277356464
CDMS-11-6B-JACUPE,0.0,1.6856508048189476,0.0,0.0,-0.7231801971009161,-0.30854410649462377,-0.7231801971009161,-0.45710026091452377,-3.51213789854606,-0.7715186981030637,-1.512518293022385,-1.1453492124318276,-2.6200892243312244,-2.7862446153457174,5.178326605662013
CDMS-11-6B-JDCHBA,0.0,1.3208902398262399,0.0,0.0,-0.6134683259749265,-0.9892574239481787,-0.6134683259749265,-0.35292800351642173,-1.277382410695898,-0.6892997339058944,-1.1328237055701424,-0.4952696731729815,-0.868873419864015,-1.1960758141212438,1.3887580633166352
CDMS-11-6B-JFSAHE,0.0,1.6962984771511453,0.0,0.0,-0.36063322225533545,-0.9693572738504819,-0.36063322225533545,-0.11535654669283775,-0.5197327921282903,-0.37938310986549645,-1.3104223079671422,-0.5167152222219541,-0.8438457071201577,-0.9093896089104335,1.2301558928169378
CDMS-11-6B-JLPENA,0.0,2.0450034964944477,0.0,0.0,-0.34841735931682694,-0.8425189269037959,-0.34841735931682694,-0.12446870489563293,-1.0284794155780934,-0.3646551435598394,-1.4505777799169095,-0.8234147547943492,-1.4330408673942756,-1.4864074808229282,1.229248680367345
CDMS-11-6B-JMARME,0.0,1.7976471806084362,0.0,0.0,-0.5553935433409428,-1.0095996764265818,-0.5553935433409428,-0.33357318105747485,-2.886684554750827,-0.5886369986464423,-1.5605506118643733,-1.0363440631226635,-2.3308788041581954,-2.6223404807593074,4.320670719465208
CDMS-11-6B-JPSAMA,0.0,1.6635390572071505,0.0,0.0,-0.5371791959025111,-0.9387464492441597,-0.5371791959025111,-0.27060303638321076,-1.6430274634149187,-0.5782565223492898,-1.4333480065975561,-0.902392166147289,-1.7932502277282751,-2.021929030726253,3.391974781975163
CDMS-11-6B-LESTA,0.0,1.6768035042000669,0.0,0.0,-0.6277004128673074,-0.9279925119522096,-0.6277004128673074,-0.3712774439029893,-2.4782403642177484,-0.6711200451123455,-1.424708353378173,-0.7708666468958585,-2.5269070068898865,-2.5713210838132485,5.04225731004719
CDMS-11-6B-MAGIMU,0.0,1.1617514560987474,0.0,0.0,-0.6162055942658161,-1.1848529558277512,-0.6162055942658161,-0.3711989439967454,-1.886811829190042,-0.6743733925749359,-1.0436116033101432,-0.23509243352176207,-2.2504153324885117,-2.254939234012747,3.853002884108791
CDMS-11-6B-MEBRTA,0.0,1.2811551267110386,0.0,0.0,-0.8431983241771805,-1.269382954840867,-0.8431983241771805,-0.5994143404378498,-1.6526066529541046,-0.9893427851122023,-1.145406652542286,-0.41082223390970113,-1.8869469772207004,-1.8794280317746983,4.1718301402210445
CDMS-11-6B-MMAMO,0.0,1.5018010315471728,0.0,0.0,-0.4797432435753479,-1.0000893604372803,-0.4797432435753479,-0.2652858748531136,-0.2004601531185106,-0.5097491042635393,-1.2966605855571596,-0.3074650750915858,-0.8436505595260035,-0.8076152405382275,1.069116700164196
CDMS-11-6B-RSECA,0.0,2.420596324637072,0.0,0.0,-0.3898386679514229,-0.763443837936535,-0.3898386679514229,-0.15225657385062907,-1.7473397392821706,-0.41506230313511616,-1.741512980848644,-1.3437616427183696,-2.009382369097686,-2.156677075390572,4.2917453601649695
CDMS-11-6B-SCAPA,0.0,1.733608938882175,0.0,0.0,-0.43812757039113964,-0.9790169249111744,-0.43812757039113964,-0.16666666666666669,-1.4764500833169192,-0.46262390326594516,-1.3899649036200428,-0.8247122689903597,-1.6431543251716407,-1.750064519819996,2.1562168774137094
CDMS-11-6B-VZAPE,0.0,2.089491981272786,0.0,0.0,-0.5414760144047234,-0.8607750712766552,-0.5414760144047234,-0.293240185516442,-2.4959389682863047,-0.5816661689365646,-1.5635979762628243,-1.1006725904466517,-2.0314468860627275,-2.206244832277733,3.7661553898446907
CDMS-11-6B-YLNIME,0.0,2.8741368862046337,0.0,0.0,-0.46937044492881713,-0.8387019986713282,-0.46937044492881713,-0.222385596345833,-2.0292576810310377,-0.49103994212046825,-2.179732591092858,-1.675242207595815,-1.7296605909218046,-1.8847158942362328,1.9628250831885659
CDMS-11-7C-ICARE,0.0,2.2561043387186044,0.0,0.0,-0.43990605894478224,-0.7644703219558832,-0.43990605894478224,-0.18101252427774683,-1.9661429066932934,-0.4857742278929321,-1.582829353779196,-1.2643013178915568,-1.8398036949437815,-2.0387009161164755,2.4801604519568277
CDMS-11-7C-IMOIB,0.0,1.4863126408230838,0.0,0.0,-0.375846595492992,-0.9649360095030268,-0.375846595492992,-0.19960322301669034,-1.0743162906146784,-0.4082345976417744,-1.271169466157198,-0.49919732215443335,-1.5862427382886568,-1.668780792458565,3.171377915434035
CDMS-11-7C-SALMA,0.0,1.799377901241795,0.0,0.0,-0.5793924747414126,-1.0568360538510617,-0.5793924747414126,-0.2702208570801315,-1.0810222534151694,-0.6146567752118545,-1.2810817271679806,-0.6548251797151837,-0.9318065837695256,-1.351835041044712,1.2951167765261602
CDMS-11-7C-SPGAVE,0.0,1.2878953290919979,0.0,0.0,-0.7333914590730748,-0.7933850990303506,-0.7333914590730748,-0.4626795883561944,-2.2274328126986065,-0.7841543286465422,-1.156265964981925,-0.5132442000872772,-1.9048899416724947,-2.2853646768311364,3.518891257658318
CDMS-12-5A-SRIGO,0.0,2.304957796496835,0.0,0.0,-0.4572427255082877,-0.9916301113476504,-0.4572427255082877,-0.14744195615489714,-1.0633796731096055,-0.4736499794400696,-1.742324306371481,-1.2081570040235963,-0.9521241302400216,-1.2396749159101692,2.4595675868925193
CDMS-12-6A-JGIGA,0.0,2.146244204169351,0.0,0.0,-0.5198393859357141,-1.0219030430776597,-0.5198393859357141,-0.29488391230979427,-1.257800075829515,-0.5632782194822911,-1.7784109647851625,-1.2854038335127043,-1.1794235433975513,-1.3711171941053604,1.8036601933817218
CDMS-12-6A-JSOTGU,0.0,2.676861214530991,0.0,0.0,-0.38655761981392583,-0.8902333207139903,-0.38655761981392583,-0.10624008579510254,-0.8309357600505098,-0.40018264100822704,-1.966764229893725,-1.483250279292312,-0.4070598118648631,-0.5538116847437214,-0.25428736115332234
CDMS-12-6A-SROAL,0.0,1.9648064134946217,0.0,0.0,-0.4784121098177504,-0.9053042886289768,-0.4784121098177504,-0.22787392852002347,-1.8125399280358157,-0.5004923462791956,-1.5798940324561137,-1.0905335697982972,-2.2072412276678595,-2.2553226139876648,4.405860073521739
CDMS-12-6B-IJDAGA,0.0,1.9142259610158512,0.0,0.0,-0.5576169952508734,-0.9681093047627204,-0.5576169952508734,-0.3291407823619917,-1.8795519911487761,-0.6040342534259153,-1.593541825969755,-0.9838593816434695,-1.5451570604416882,-1.9556169375161776,3.149851677108267
CDMS-12-6B-SCLAG,0.0,2.413490559023822,0.0,0.0,-0.3854393850462875,-0.8559978940565043,-0.3854393850462875,-0.20131967725817318,-2.115459957433507,-0.41655708046461226,-1.759865697305149,-1.3354720153673767,-2.2395919419447288,-2.306113253004855,3.8645543626760754
CDMS-12-7C-ARAHE,0.0,2.581844667155959,0.0,0.0,-0.39196886168329736,-0.7620688061887171,-0.39196886168329736,-0.186807237058357,-1.0353828601951172,-0.4132552020384337,-1.9086381108541093,-1.488981818325851,-0.8084430474550356,-0.8617114825745813,-0.3152053366107631
CDMS-12-7C-CATRAR,0.0,1.5439142798771222,0.0,0.0,-0.5224540205171055,-1.0168654347677422,-0.5224540205171055,-0.3008562920758316,-1.8393224127020726,-0.5811808912035726,-1.3430522074672364,-0.7782830007727614,-2.0388953933300775,-2.2610123518603733,4.323864477408642
CDMS-12-7C-DLOLO,0.0,2.1393908775689967,0.0,0.0,-0.4608643776847451,-0.9086792067906656,-0.4608643776847451,-0.19819260861245372,-0.8760338985120374,-0.4825199177639556,-1.5984195612522745,-1.0746257750174608,-0.863727518086478,-0.9601821284242181,0.5434998935794261
CDMS-12-7C-JSZAOR,0.0,2.305992364824163,0.0,0.0,-0.42354655255943036,-0.8166921161895103,-0.42354655255943036,-0.25264557631995566,-1.5380098631139434,-0.4803844614152615,-1.7692740541226615,-1.271285584286734,-2.018889326767669,-2.1803309333178698,4.594470193295296
CDMS-12-7C-MAROBE,0.0,1.3076199191922757,0.0,0.0,-0.6466968481194029,-1.0540303455383206,-0.6466968481194029,-0.40651674077066624,-1.6416339690044797,-0.7380266616410687,-1.2032173328712954,-0.5555403013782353,-1.2776811573520057,-1.4927647855556199,2.8402376035381547
CDMS-12-7C-VMAPA,0.0,1.6405107919558017,0.0,0.0,-0.5963648707147466,-1.0091604975107726,-0.5963648707147466,-0.3827470122019452,-2.2647391574751308,-0.6733234085874836,-1.4142813995923613,-0.8586761366381978,-2.201483200650607,-2.2430113475056155,3.1569120822964116
CDMS-12-7C-VQURA,0.0,1.3335797762329162,0.0,0.0,-0.26692039024238934,-0.9602089394961719,-0.26692039024238934,-0.04713135934235472,-0.022254399226180888,-0.2724158000220052,-1.0969890293363542,-0.00736712131745538,-0.7966031366804642,-0.7974217719980342,0.8785003990436014
CDMS-13-6B-ASUMO,0.0,1.404790880349509,0.0,0.0,-0.5810527091427327,-0.9389971984776689,-0.5810527091427327,-0.3085996250319791,-2.4726174760900403,-0.6309413274887784,-1.2398817153002815,-0.6900672222577766,-2.4711690148154126,-2.6013603362043503,4.912088749899602
CDMS-13-6B-JDTAHE,0.0,1.3190633817450894,0.0,0.0,-0.36459727213232784,-1.0056578218666168,-0.36459727213232784,-0.1657389032432638,-0.50867068661836,-0.38590659607545985,-1.1622575250287448,-0.19888289154301292,-1.381842868348796,-1.4142700536593282,2.557326392485592
CDMS-13-7C-MVEAR,0.0,1.6061391880817617,0.0,0.0,-0.44624921584605487,-0.9288948715647182,-0.44624921584605487,-0.1423539000274257,-0.859712708188766,-0.46081340822333444,-1.2184607541106633,-0.5577656185708895,-1.340949681556463,-1.3756582852925325,1.8588300218023572
CDMS-13-7C-RAIZAC,0.0,1.1012842478114688,0.0,0.0,-0.53725696780678,-1.130160641984153,-0.53725696780678,-0.29041451695073534,-0.6745583730601787,-0.5878952467369727,-0.9825861616560623,-0.17364388348809284,-1.3947114857040412,-1.4233092870617963,2.4376768729755036
CDMS-13-7C-SSOSLO,0.0,1.3967273332381451,0.0,0.0,-0.5596812956144818,-1.094957260986555,-0.5596812956144818,-0.32562309467853595,-1.4563356457249501,-0.6121183409527937,-1.2060184000973662,-0.5975484572728976,-1.651004100871108,-1.7323990829961862,2.382230664218594
CDMS-14-10A-IMORTO,0.0,1.4052786239734256,0.0,0.0,-0.4465483404512001,-1.01702060216856,-0.4465483404512001,-0.18942038429177932,-0.0946826472884509,-0.4999515329386074,-1.1988919202676858,-0.561827547728195,0.10419320314178568,-0.11466652487233993,0.7550558154561378
CDMS-14-10A-JCVANI,0.0,2.3234651203312415,0.0,0.0,-0.3963683875916024,-0.86472077973033,-0.3963683875916024,-0.1503307267723363,-1.598297998320834,-0.42470832254220287,-1.6238206009425178,-1.2415913012033357,-1.6915291166594844,-1.812858440997204,1.943719927460935
CDMS-14-5A-LSDUCO,0.0,2.170712875292946,0.0,0.0,-0.5074793252409241,-0.8583451526829887,-0.5074793252409241,-0.2663937671066589,-2.4525330659958007,-0.5703893667833032,-1.530932790608855,-1.049200241369362,-2.038349982035587,-2.3820459492581207,3.104272458105184
CDMS-14-6B-KDCAHE,0.0,1.9476270653096563,0.0,0.0,-0.4108275574135266,-0.9138907210134781,-0.4108275574135266,-0.13436436964131623,-1.3425341619548807,-0.43077537551782447,-1.4430546936380435,-0.9663054113758317,-1.5057330442001784,-1.6054816975159056,1.7143152615018495
CDMS-15-10A-AMALOS,0.0,1.5188417120205189,0.0,0.0,-0.4352758826517263,-0.9886018135365294,-0.4352758826517263,-0.15826539137915796,-0.3697558939313524,-0.46173441075909766,-1.1587502766294238,-0.3906129305892593,-0.7860003436433808,-0.8591169101267285,0.9526416363117474
CDMS-15-10A-JJMACH,0.0,2.0788306713176783,0.0,0.0,-0.4848684152759755,-0.8884026944044824,-0.4848684152759755,-0.21005278672153624,-1.6502736653093872,-0.510933688866378,-1.6893188277612092,-1.1550036708236144,-1.4751986247417561,-1.5925294777341816,1.7923560735242248
CDMS-15-10A-MAALRI,0.0,3.0101824835339137,0.0,0.0,-0.5103417733486709,-0.9372601072767489,-0.5103417733486709,-0.29387215945103556,-2.406648533083496,-0.5586822271417298,-2.221486088851082,-1.5289017733955017,-2.071653179837618,-2.4687097372993585,3.401378512444328
CDMS-15-10A-SGOMO,0.0,1.1047689166214902,0.0,0.0,-0.6273140747828604,-1.2220536560266337,-0.6273140747828604,-0.29934131556112115,-0.36728937648357546,-0.664203997962022,-0.9662484337108572,-0.1220210395482015,-0.8438745549966773,-0.8673202680694475,2.4022163660603626
CDMS-15-10A-SHEGA,0.0,3.6516183171070855,0.0,0.0,-0.4378552822566241,-0.787837188609998,-0.4378552822566241,-0.225107372556266,-2.0416944936726944,-0.4541000287686233,-2.61164406908937,-1.954328564587927,-2.0595852300941866,-2.245583802420895,4.207132491312615
CDMS-15-11B-JEMOLO,0.0,1.6627555845565742,0.0,0.0,-0.30533273108216413,-0.6463784578989337,-0.30533273108216413,-0.1343556373598462,-0.6471198248945392,-0.31897268182501437,-1.3586515700319681,-0.4456289287052535,-0.9146170886044181,-0.9723763085924851,0.6152867797659048
CDMS-15-11B-VSAHO,0.0,1.5918970256780909,0.0,0.0,-0.6975399210824637,-0.9969807396385786,-0.6975399210824637,-0.45678739765450366,-1.5710543102833858,-0.8114602170083303,-1.417325894047061,-0.8677042331055874,-1.3926700197406008,-1.7633226563880722,4.865961415509209
CDMS-16-10A-SGALO,0.0,2.5247150850902274,0.0,0.0,-0.5000821498567819,-0.7827567543937732,-0.5000821498567819,-0.18316515780223383,-1.1631222743556284,-0.5203165896366057,-1.7808678192489429,-1.3785150497343732,-0.998966774392545,-1.077728314353963,1.7693268775259732
CDMS-16-11B-NGABE,0.0,1.3843894505189025,0.0,0.0,-0.35388368528221525,-0.9379679836446253,-0.35388368528221525,-0.1432869788167455,-0.41409679014649586,-0.3712723483926261,-1.1580335178947896,-0.298843596406021,-0.8726777948853105,-1.0231034571012314,1.2096080209753803
CDMS-17-10A-ASSAMO,0.0,1.5937831318593776,0.0,0.0,-0.15724272550828775,-1.013848311650337,-0.15724272550828775,0.0,0.4690752704653684,-0.15724272550828788,-1.250567130039177,-0.005376990642161905,0.028915746598312038,0.010689499540986138,-0.07142857142857144
CDMS-18-7C-VVECA,0.0,1.348270086013348,0.0,0.0,-0.419206364038236,-1.0460669058465013,-0.419206364038236,-0.19423009714799336,-0.7931866155159054,-0.452093661068747,-1.1270354930263211,-0.25982864600366473,-1.2413273742411237,-1.248237376173629,1.56107701701775
CDMS-8-4A-DBEVA,0.0,2.2810204189042156,0.0,0.0,-0.3000882619413536,-0.7403136955970252,-0.3000882619413536,-0.17586311452816475,-0.9125698871570392,-0.3346703493139671,-1.6726320234915981,-1.3852730657255747,-0.6519053989821776,-0.7517276992243653,-0.27108619898589476
CDMS-8-4A-DJAVDA,0.0,1.2884203445727,0.0,0.0,-0.4258102848096166,-1.0111101373423477,-0.4258102848096166,-0.21983096911553393,-0.4755743300286531,-0.4655212221777073,-1.1275873072064362,-0.33043752818843647,-1.1884895904692623,-1.2577846162772972,2.251197915232779
CDMS-8-4A-DOSTR,0.0,1.5494037746296663,0.0,0.0,-0.7779742800042427,-1.01069323689348,-0.7779742800042427,-0.5407515553339136,-1.6904983005247807,-0.8579437568617999,-1.4035388364419317,-0.8411307806611011,-1.1785810065462103,-1.7147817660057918,4.290918656325071
CDMS-8-4A-LGOPA,0.0,1.9338874088220053,0.0,0.0,-0.540913260735979,-0.9788880515545355,-0.540913260735979,-0.313868631342513,-1.2222688580046044,-0.6417545186194251,-1.4900786687122427,-1.0414005554664507,-1.4580384674010411,-1.4213930527788832,3.4505932626427773
CDMS-8-4C-JDBUTU,0.0,1.747943746244743,0.0,0.0,-0.5740208631635139,-1.00031788771065,-0.5740208631635139,-0.27526874160409415,-1.2614022937833387,-0.6084266360809719,-1.3671804358621265,-0.7994988715239475,-1.4990087330694104,-1.7891040749497995,2.8250699175737366
CDMS-9-4A-ACDUTR,0.0,1.6723452997646218,0.0,0.0,-0.4822905848399408,-0.9430817204005293,-0.4822905848399408,-0.24327010215244874,-0.8985830621962321,-0.5163093366363083,-1.370594577932918,-0.8213350331681636,-1.0068972182274432,-1.0129190664289962,1.0427812543443806
CDMS-9-4A-CARGA,0.0,1.8553307964463381,0.0,0.0,-0.7158610781444236,-0.9998907870073184,-0.7158610781444236,-0.5795291978802459,-1.8608282236467648,-0.913764088994345,-1.5523774973658926,-0.9930681479357943,-1.4626932610697343,-1.9977263499146902,5.215248130109861
CDMS-9-4A-CRAAG,0.0,1.2668936454150463,0.0,0.0,-0.8081889124115307,-1.1523014520711352,-0.8081889124115307,-0.5186237039408078,-1.581378227298987,-0.9070106346316642,-1.1462126192488036,-0.3832850219237554,-1.9500567348600637,-1.7378494112959986,3.588308284650267
CDMS-9-4A-EROHI,0.0,2.310795613970663,0.0,0.0,-0.5720435207168569,-0.8960752650432159,-0.5720435207168569,-0.30545510902528744,-2.1673060365584917,-0.5973784450794951,-1.8404798329802192,-1.2975612121153814,-1.979148363841074,-2.2128590611142736,4.8238936821120575
CDMS-9-4A-ILOSE,0.0,3.426676652781747,0.0,0.0,-0.4469063296295788,-0.769031653384954,-0.4469063296295788,-0.13974134630374294,-1.7908445855903954,-0.4679317187479322,-2.545028712039412,-2.0260618090964972,-1.864714980281643,-1.859666324701793,1.0366300710617855
CDMS-9-4A-TGAFR,0.0,2.4984644299171688,0.0,0.0,-0.5772477252183685,-0.932518220625502,-0.5772477252183685,-0.3752524965677021,-2.274576233277431,-0.6625524638444502,-2.0252023592414297,-1.4806381426807262,-2.098327431329826,-2.335509106079944,4.034833603924797
CDMS-9-4C-SCAMO,0.0,1.5669776865108151,0.0,0.0,-0.5368395146656145,-0.8217997481338059,-0.5368395146656145,-0.26493465406879907,-1.5710040743297853,-0.5739761265716878,-1.337737204140604,-0.8974546782903307,-1.7504685345622522,-1.9198553200189525,3.608676474180667
CDMS-9-5A-ABERO,0.0,2.3056176808149216,0.0,0.0,-0.6255432421712244,-0.8191674960786206,-0.6255432421712244,-0.28193917035448735,-2.5206837975528678,-0.6173003741882411,-1.9664433191954025,-1.4667206750008401,-2.221981356265898,-2.6823752218656116,6.703829248991917
CDMS-9-5A-PAGACO,0.0,1.3173423637962534,0.0,0.0,-0.5471968431813101,-1.0216091657497386,-0.5471968431813101,-0.2947874320856331,0.0842179347570626,-0.5854667971315434,-1.0988511044963238,-0.1469972228762718,-1.2683088621257157,-0.9817216589931533,1.7116442509124703
CDMS-9-5A-VVAAR,0.0,1.950444959747441,0.0,0.0,-0.4609072061832742,-0.7684293520993863,-0.4609072061832742,-0.21255467477814163,-1.552609251733146,-0.47633575079938023,-1.529456236319956,-1.0878253815452756,-2.0763188967994624,-2.1935172808844565,4.564695456387157
CDMS-9-5C-JDMADE,0.0,1.7448296773693226,0.0,0.0,-0.5148246457912223,-0.9882921737538269,-0.5148246457912223,-0.3441577089703301,-1.2540970171847492,-0.6003952920155248,-1.4643824418624938,-0.9214142349644519,-1.4829232604277902,-1.4209182012537307,2.8547223196464615
CDMS-9-5C-LVIZAC,0.0,2.4486697969226263,0.0,0.0,-0.388969458170686,-0.7790704610804388,-0.388969458170686,-0.13346788843962434,-1.3003195809688533,-0.39655263257275086,-1.6702089349194942,-1.2860889349899163,-1.528395595933482,-1.522278700681774,0.747028507709735
CDMS-9-5C-MLOGO,0.0,1.8963906088242213,0.0,0.0,-0.46271208471894903,-0.9486838400467928,-0.46271208471894903,-0.21988640049782174,-1.6002238901487074,-0.5087194022242665,-1.4598690955297648,-1.026409225954611,-1.8627853398403829,-1.8150628920349867,2.620282363021354
CDMS-9-5C-SCAAG,0.0,1.728881844856149,0.0,0.0,-0.5210749408478953,-0.9137283162323384,-0.5210749408478953,-0.31087699013400255,-2.5911249847303135,-0.6279275873445287,-1.4033574999445946,-0.8250440617045274,-2.058216549530917,-2.3510168724277447,3.9481276341248988
CDMS-XX-10A-VGILO,0.0,1.7757975212644836,0.0,0.0,-0.25900357554101056,-0.9527715817169348,-0.25900357554101056,0.0,0.12396164999695176,-0.2590035755410108,-1.3110305262636563,-0.4626874673278062,-0.00728354881107855,-0.02826359081547971,-0.08571428571428572
CDMS-XX-5C-MJSARU,0.0,1.6269784336399213,0.0,0.0,-0.7603476001106327,-1.080953942121928,-0.7603476001106327,-0.4656330736664176,-4.244189786784669,-0.7933957156952949,-1.4802235439713187,-0.8730616206710651,-2.1830903272309725,-2.8062902935629244,4.355522429452601
CDMS-XX-5C-MPCAQU,0.0,1.8050109478680003,0.0,0.0,-0.5527994690418709,-0.9244863003906943,-0.5527994690418709,-0.2887817315636615,-1.7840906647292318,-0.5885250710238074,-1.486704034245899,-0.9060041625234158,-2.1022777616889035,-2.2151378668610846,3.8127534977246844
CDMS-XX-6A-MAGICA,0.0,2.62105736250216,0.0,0.0,-0.4326420178125249,-0.8088678824107673,-0.4326420178125249,-0.2462040605773533,-1.7038676697959285,-0.46788222445404126,-1.9445415018073824,-1.4855577335542314,-1.5494016257242207,-1.7881247649273837,2.498449187528375
CDMS-XX-6B-SPUCA,0.0,1.153559212003945,0.0,0.0,-0.6141292768650021,-1.1136290658352508,-0.6141292768650021,-0.320314705673163,-0.25338876720809367,-0.6661800512850853,-0.9748928033900327,0.05604891968868194,-0.7714333409414239,-0.928828904571847,1.988836291822869
CSO-10-4A-ICAPA,0.0,2.239856225831255,0.0,0.0,-0.4243745247757013,-0.7955773275322077,-0.4243745247757013,-0.19385717312107775,-1.2476899981640523,-0.4472815194374309,-1.6040563149231983,-1.2448306383323535,-1.2638197572849075,-1.3951785555805503,1.4033852969630016
CSO-10-4A-KCOMO,0.0,1.7862234630736509,0.0,0.0,-0.3976914728701943,-0.9894960221212797,-0.3976914728701943,-0.18894483491778766,-0.9905072672376024,-0.4220040334777531,-1.4991068335148938,-0.7141494742574048,-1.426510348649247,-1.385010146940598,1.7588136733904516
CSO-10-4A-LRAVI,0.0,1.6225764798825644,0.0,0.0,-0.554325622859012,-0.9861745130350462,-0.554325622859012,-0.3010948121636299,-1.599009905919004,-0.5956354064711692,-1.380731639215192,-0.8259080523227523,-1.60915335418633,-2.0028588686290703,3.434528878551028
CSO-10-4A-LSCAVA,0.0,1.8085265869811316,0.0,0.0,-0.4029945069497321,-0.9015387300166221,-0.4029945069497321,-0.15634767798375887,-1.2138918855261558,-0.42686396025104284,-1.4216327362960492,-0.9115690941290914,-1.4426951270784918,-1.527234827780824,1.56010393378259
CSO-10-5A-ACAVA,0.0,1.8577266372428456,0.0,0.0,-0.5358550087329292,-0.9688419743070299,-0.5358550087329292,-0.30794440217287516,-1.4263193960877176,-0.584349190267629,-1.5331237273485767,-0.9923422012352704,-1.481451016949188,-1.6159184230512451,2.9630057076136995
CSO-10-5A-ARACA,0.0,2.17439112351582,0.0,0.0,-0.4960923134176429,-0.8099407616958699,-0.4960923134176429,-0.2509818150601278,-1.564747712115216,-0.5671733279948069,-1.5996290345020328,-1.2400318234456884,-1.6101669140555008,-1.6706751469482262,2.7697351400701167
CSO-10-5A-DABRZA,0.0,2.1202290526453744,0.0,0.0,-0.5359353223483676,-0.8500207851140263,-0.5359353223483676,-0.2757336184200181,-1.7578186624074579,-0.5649361008714698,-1.6484406911441731,-1.0149435994375502,-2.017680402553058,-2.011075103015164,3.66650675448992
CSO-10-5A-GZAMA,0.0,1.885568684682135,0.0,0.0,-0.5051003956845878,-0.9461963132789428,-0.5051003956845878,-0.23610979339470464,-1.2752712682713883,-0.5342844675386971,-1.510482349214959,-0.9821105104344593,-1.604924309165202,-1.67070606325296,3.403901495531568
CSO-10-5A-IPECA,0.0,2.038905404300985,0.0,0.0,-0.8660254037844386,-1.0533246020232907,-0.8660254037844386,-0.6224199682387501,-6.050580452280904,-1.038885575483905,-1.8607596455441278,-1.3502222328211735,-2.4855079488166263,-2.6353056037122937,8.939666105318668
CSO-10-5A-JANORO,0.0,1.875762899499968,0.0,0.0,-0.43956445607887235,-0.9239559730139217,-0.43956445607887235,-0.2169719106846993,-0.8110290660001596,-0.471806609324242,-1.4499295305066062,-0.9404585201803846,-1.0638697758186768,-1.1572751843330134,2.1129150108468053
CSO-10-5A-JBUVE,0.0,2.8827894967768275,0.0,0.0,-0.44009077775620503,-0.8627569915888893,-0.44009077775620503,-0.20860438672075504,-1.0147630252585655,-0.47864449106900964,-2.2140880282770343,-1.6889103380879207,-0.5538668071907198,-0.6047280693442216,-0.41916178485855354
CSO-10-5A-JJSEMO,0.0,1.3375330531765488,0.0,0.0,-0.509868620542054,-1.000512665648609,-0.509868620542054,-0.2408738361749386,-1.1125242080803335,-0.5474153259326843,-1.1292118024473476,-0.13675588226618007,-1.3736376738591536,-1.6576550938545747,2.561737641494835
CSO-10-5A-JLCARI,0.0,1.5623115841277682,0.0,0.0,-0.5485186845380146,-0.9704382248446448,-0.5485186845380146,-0.27768381507017253,-1.6707189903882302,-0.5828071485167621,-1.239839226538554,-0.642419261192243,-1.6873492931069944,-1.865757565764443,2.31738716604701
CSO-10-5A-MAARAN,0.0,1.849194247048925,0.0,0.0,-0.5705727646934378,-0.8890176851866093,-0.5705727646934378,-0.35266862872555943,-2.3141880127933954,-0.6650305885598292,-1.5762824214135316,-1.1475366261319613,-1.7165289484045905,-2.034444919139472,3.8453036890032255
CSO-10-5A-MAOSMO,0.0,2.0380636144329274,0.0,0.0,-0.3934167136572684,-0.9740245522996598,-0.3934167136572684,-0.13717581529218362,-1.0478317458108837,-0.42450396742071217,-1.5708763314306826,-1.074838026882718,-0.9184874492660362,-1.1156587507945381,1.8250439312687246
CSO-10-5A-RVMOIB,0.0,2.7342003952412455,0.0,0.0,-0.4461693964568571,-0.8870633358621328,-0.4461693964568571,-0.21422161161413575,-1.7487892767243363,-0.43625487295323256,-2.1063587453767965,-1.632894055728351,-1.8262316895716382,-2.0707892153274376,5.0392091769283995
CSO-10-5A-SVHEES,0.0,2.5684123898166584,0.0,0.0,-0.33555977613782195,-0.8106278019840273,-0.33555977613782195,-0.17786926101526981,-0.9139753713702268,-0.36712203152183714,-1.8645135765050287,-1.33919850509922,-0.9450216221350657,-0.9990520811088129,0.9701973728504091
CSO-11-5A-MDVOSPE,0.0,1.6298832033844106,0.0,0.0,-0.5408664535300829,-0.9284554315448398,-0.5408664535300829,-0.3025747639861278,-1.243837660881489,-0.5953058912191402,-1.3716464246952977,-0.8606000285068667,-1.3866742423404668,-1.442825402889463,2.517781619425358
CSO-11-5A-MTAGA,0.0,1.3928997455106524,0.0,0.0,-0.5034266801107442,-1.0514464895721025,-0.5034266801107442,-0.2518042219914859,-0.729234435351222,-0.5463236976749557,-1.1381134570549014,-0.41616872082210915,-1.0779990251674527,-1.1506922261387986,1.726955306678018
CSO-11-6A-CAPAMU,0.0,2.398756926531108,0.0,0.0,-0.5154453037754071,-1.0137693960225365,-0.5154453037754071,-0.18995880832111814,-0.5655591222410324,-0.5241797925149568,-1.7930608236154757,-0.7325177442020813,-1.0854623625081088,-1.0216105793410186,1.9462800797020192
CSO-11-6A-DSCACH,0.0,1.7246365581931535,0.0,0.0,-0.46739503276690586,-0.9218989801623221,-0.46739503276690586,-0.19645811967255603,-1.4294728253770905,-0.47523607718520133,-1.3724178046191335,-0.8620095494098692,-1.3268786932350578,-1.410141550966596,1.9769313369115364
CSO-11-6A-EROMO,0.0,1.4925818892932863,0.0,0.0,-0.298317024450154,-0.9250785801222254,-0.298317024450154,-0.18250982954324999,-0.6846409157188086,-0.3389341403297322,-1.2618646210372229,-0.28097551590252773,-1.3612103105342417,-1.4130866374974964,2.695890080050004
CSO-11-6A-FSOVRE,0.0,2.0860897711473885,0.0,0.0,-0.4787742238936249,-0.9873578697481151,-0.4787742238936249,-0.2160651029454147,-1.9661274891111877,-0.5174078162986844,-1.5384788135090526,-0.987804421419111,-2.2098316131551767,-2.2974735866821936,3.1131781540273424
CSO-11-6B-ANREVA,0.0,1.8899430202441803,0.0,0.0,-0.4396787718714283,-1.1080464279410855,-0.4396787718714283,-0.29488391230979427,-2.121194832785722,-0.4937419311010187,-1.5931115180861097,-1.1454436990821468,-1.8831913889340925,-2.0417628487604866,2.67980593435532
CSO-11-6B-DISEMO,0.0,1.8597307802429692,0.0,0.0,-0.5150086367516238,-0.9278726428063024,-0.5150086367516238,-0.2392407917067598,-1.166181895157968,-0.5428549504025884,-1.3758996703584343,-0.8197714757918303,-1.045207407296616,-1.107852350770441,0.9128381776313502
CSO-11-6B-LHFDLACH,0.0,1.3971732739307245,0.0,0.0,-0.656800464897013,-1.1461929768991583,-0.656800464897013,-0.3755581210612096,-1.6151485123265756,-0.732621362479926,-1.2159464197107577,-0.530619224098342,-1.4108831054457385,-1.6778309600657944,2.8498286494308775
CSO-11-6B-RJGIHE,0.0,2.1525654787441164,0.0,0.0,-0.3380392926711352,-0.7272434318193934,-0.3380392926711352,-0.14634269776328518,-1.1270766387966002,-0.3633174438627738,-1.53047008870744,-1.2711281120806195,-1.0755874380727284,-1.1613721455756147,0.620853072610368
CSO-11-6B-SFLVA,0.0,2.238467320023663,0.0,0.0,-0.429563969317138,-0.882910102579677,-0.429563969317138,-0.25107480254540926,-1.5043302433964196,-0.4762069627262632,-1.7585101008982822,-1.2717386334766285,-1.894289703386907,-2.0372176044345633,4.556071714782582
CSO-11-6B-VCOMA,0.0,2.209067251518694,0.0,0.0,-0.5364275861029543,-0.84819782794189,-0.5364275861029543,-0.3301113384996363,-2.706816494907664,-0.606547405410451,-1.7606093876714624,-1.3051153429052353,-2.7706029407705297,-2.913611375884411,6.0329718690446565
CSO-12-6A-DGISE,0.0,2.988506035337493,0.0,0.0,-0.41993814915344824,-0.7921283737025556,-0.41993814915344824,-0.1792543359684642,-1.5845364822755106,-0.4553912476355742,-2.127337438991336,-1.6360249446716366,-1.5431972235009637,-1.6041956566994942,0.7862574932971216
CSO-12-6A-FJOVRE,0.0,1.6212809469935208,0.0,0.0,-0.4844947460031756,-0.9240452578358611,-0.4844947460031756,-0.29654423894285087,-1.4068057932183404,-0.5344186615498363,-1.3068129517739866,-0.8229432431857311,-1.1162483194586696,-1.2748355257232642,1.6166401359073985
CSO-12-6B-GQULO,0.0,2.3306318691312358,0.0,0.0,-0.4929104406663941,-0.9114434923504416,-0.4929104406663941,-0.300413368180783,-1.8187769853728328,-0.5376358946987165,-1.8565894139327,-1.399485728144355,-1.6184638293196991,-1.6832999123027546,2.3423703182844355
CSO-12-6B-LJHEFE,0.0,1.9064401848549317,0.0,0.0,-0.5991303392927043,-0.9313489386215394,-0.5991303392927043,-0.39083690684966116,-1.6607694809957638,-0.6662503905942121,-1.5316542483257027,-0.9229809916867231,-1.3637486409232042,-1.6020843424210836,3.2951284004490304
CSO-12-6B-VPAMA,0.0,1.0449169025768417,0.0,0.0,-0.6573164697953972,-1.22448893830185,-0.6573164697953972,-0.3533589887742044,-1.1904807380780242,-0.7226017766638906,-0.9335755029744812,0.09550239185563077,-1.7329955703028315,-1.9669360470894302,2.9786161393354242
CSO-12-7A-DALRE,0.0,3.85291806171607,0.0,0.0,-0.27435163058436723,-0.7633700367119738,-0.27435163058436723,-0.20412414523193154,-2.008048322256247,-0.312736936126139,-2.5349155012601794,-1.865589454870515,-1.9234182463482061,-1.957153742130656,-0.3461879040595426
CSO-12-7A-ESALA,0.0,1.7331674456324417,0.0,0.0,-0.4869880380557467,-1.0499283072286467,-0.4869880380557467,-0.25796441378006363,-1.0122149049585307,-0.5269106415141208,-1.3268104869176762,-0.6155283296088435,-1.3335429882949512,-1.366006541764642,1.453157871420521
CSO-12-7A-IMERO,0.0,2.8771842512907337,0.0,0.0,-0.3360579070545964,-0.7799819264333322,-0.3360579070545964,-0.14778734438002697,-1.5706623591725475,-0.35755172517379097,-1.9589758891629652,-1.5153665260583402,-1.5254242764759127,-1.6464948754578155,0.854896941122075
CSO-12-7A-JHEZA,0.0,1.6144674876873595,0.0,0.0,-0.6978721931629887,-1.120586302163862,-0.6978721931629887,-0.43972763263246123,-2.0970663371027944,-0.7970025754945176,-1.3955477730227028,-0.7670370461962235,-1.5794567420931676,-1.8656389670264315,3.2669840826154486
CSO-12-7A-LSARAR,0.0,1.659076568747589,0.0,0.0,-0.5070881990186171,-0.9356433132148768,-0.5070881990186171,-0.2472526521844416,-0.527170788786293,-0.5387006139339016,-1.2302738485835794,-0.6928750276554644,-0.4151649140735989,-0.6443726646010158,0.693132824079706
CSO-12-7A-SCAHO,0.0,1.6319047916330445,0.0,0.0,-0.5795442947171722,-0.9699840764588267,-0.5795442947171722,-0.26813640265968086,-0.8159789803103171,-0.6003276380694283,-1.2093936438144,-0.5222729798740889,-1.2131655757709559,-1.3977007902047556,2.1957691545998133
CSO-12-7B-DVAGRO,0.0,0.7404278535312055,0.0,0.0,-0.8350578984670503,-1.1873585854927111,-0.8350578984670503,-0.4277155425671334,-1.5140744812175542,-0.88825189671503,-0.7090663401533308,0.5342367145149074,-1.6185553851167025,-2.032674467183631,3.1485625391135366
CSO-12-7B-SMUGU,0.0,1.426162135107291,0.0,0.0,-0.5312473999397179,-0.9773112692602555,-0.5312473999397179,-0.2315661403280132,-1.4444554731118282,-0.5640543460028212,-1.160812886377805,-0.49300286422359424,-1.6462973350581989,-1.870915025829,2.7516606075249554
CSO-12-7B-SSARA,0.0,2.087521811684925,0.0,0.0,-0.43835293734538455,-0.9043711283976692,-0.43835293734538455,-0.21119378565805616,-1.3074020146458352,-0.4779393313895941,-1.5259018482441207,-1.0137157243552255,-1.5375214453619142,-1.6315878830223465,2.294992007776285
CSO-12-7B-VHOMA,0.0,1.505496274412729,0.0,0.0,-0.46198707932314176,-0.9962234759838148,-0.46198707932314176,-0.24950402877086292,-0.6790479346933375,-0.5098931020483835,-1.237764303159957,-0.703287226072794,-1.1056056413776163,-1.2101478851395915,2.249436836253239
CSO-12-8A-YTOME,0.0,2.006991186501085,0.0,0.0,-0.531472661842298,-0.9685941514159241,-0.531472661842298,-0.3060059278281169,-1.130927565872291,-0.5991750796984346,-1.4530329368209909,-0.8282062668376866,-1.3349583580366216,-1.544105586293559,1.7234665028973921
CSO-13-6A-ANASA,0.0,1.5407063078124534,0.0,0.0,-0.6166021692702367,-1.0204794063658176,-0.6166021692702367,-0.34676669674086763,-1.5946458095278067,-0.6607481396374617,-1.2942838309914841,-0.6666683634138976,-1.4868601095754426,-1.7862687818624117,2.133917296163081
CSO-13-6B-JETAVE,0.0,1.5765357500682953,0.0,0.0,-0.5325259144504071,-1.0959100495707945,-0.5325259144504071,-0.22719630205190494,-0.8042225991485089,-0.5643130949706596,-1.2350343704114488,-0.2866486952453595,-1.5946208002769147,-1.674134110930407,2.7420130282709474
CSO-13-6B-LFMIES,0.0,1.1438522354164853,0.0,0.0,-0.703084425227439,-1.0198443251496694,-0.703084425227439,-0.4531584920428859,-0.8725918673555887,-0.7894904559514123,-1.0503034082764486,-0.2804542517632279,-1.0255261915943483,-1.263942983415125,2.162953229114173
CSO-13-6B-LJMAHU,0.0,1.909440859509506,0.0,0.0,-0.41906569762044577,-0.9245338120990066,-0.41906569762044577,-0.1556474067638027,-1.0578058964655332,-0.4652649559985635,-1.4012134741962101,-0.9526051938136606,-1.148232674235686,-1.2249749704681636,1.7221085105574638
CSO-13-7A-CAPAMU,0.0,1.2910130422522494,0.0,0.0,-0.3221188264401207,-1.0050610470366927,-0.3221188264401207,-0.15337464248716534,-0.508555512112699,-0.3416475697736795,-1.164106624539354,-0.0027679840909916155,-1.2377994460903434,-1.3053591827535127,2.296688539325962
CSO-13-7A-CDDITR,0.0,1.509367158043593,0.0,0.0,-0.5604202557882039,-0.9476667068499701,-0.5604202557882039,-0.30751132101005335,-1.4278801450048548,-0.6103343660648406,-1.265731919564119,-0.7185986421460576,-1.7345597623784552,-1.8604194358423272,3.247878986082995
CSO-13-7A-JJATFL,0.0,1.6562480787219116,0.0,0.0,-0.4202587897467665,-0.9650615409731161,-0.4202587897467665,-0.14647208100486236,-1.1146804263532089,-0.44048771234449374,-1.3063174218284248,-0.34743400479181985,-1.752407323024273,-1.8212416260706228,3.206522139879077
CSO-13-7A-KRAMA,0.0,1.2109877506558244,0.0,0.0,-0.8116285142794775,-1.0762813843887575,-0.8116285142794775,-0.5561032728244821,-4.064117171244866,-0.8833662364783023,-1.1288574464188805,-0.3876456480381051,-2.8046606380626344,-3.157458533681914,6.322362175668532
CSO-13-7A-RXCHLU,0.0,2.1541821579856277,0.0,0.0,-0.47742435966133207,-0.9263104625980418,-0.47742435966133207,-0.25259453796140574,-1.5474834524351746,-0.5213990359698972,-1.685497772701698,-1.1718658942452351,-1.6686719439878832,-1.849337700848156,4.115350448898323
CSO-13-7A-YAMEZA,0.0,1.936280525020548,0.0,0.0,-0.506672924638584,-0.9448108807450591,-0.506672924638584,-0.31369928103097106,-1.4529330677028938,-0.5941008781237385,-1.6139545068375707,-1.1464162398026652,-1.4705661416211644,-1.449377238985182,2.8017489826627706
CSO-13-7A-YBOSO,0.0,2.1738654182689627,0.0,0.0,-0.3420647882991093,-0.7882717004967679,-0.3420647882991093,-0.10206207261596577,-1.4244829887525952,-0.35148128664673356,-1.6550460869360455,-1.212039118907648,-1.7147898486916997,-1.8390134939595768,4.211811515028377
CSO-13-8A-KIGAGU,0.0,1.8546946472319117,0.0,0.0,-0.441490404448259,-0.8861897577100132,-0.441490404448259,-0.17236024095059277,-1.2526754849102508,-0.47418665485245315,-1.4113497718378298,-0.9715917058741367,-1.4192280426494903,-1.552163645625738,2.49698148708528
CSO-13-8A-MBUAN,0.0,2.5957640576503977,0.0,0.0,-0.42077020284961447,-0.8665281605365948,-0.42077020284961447,-0.24220092183334385,-0.7768392412299623,-0.4547583608416795,-1.9152376043002033,-1.3341501954562998,-0.8344252379627151,-0.8894358805857107,0.36871516523707104
CSO-13-8A-MGAAN,0.0,1.8789082145786304,0.0,0.0,-0.4373619376668938,-0.8509350887706733,-0.4373619376668938,-0.19743398814104507,-1.124960462632262,-0.4651001034411916,-1.4755139492284222,-1.03144725831105,-1.3330019422258528,-1.4135412069954618,2.2850044530281943
CSO-13-8A-MGAHE,0.0,1.487465842494227,0.0,0.0,-0.28875447465978277,-0.9559180379572597,-0.28875447465978277,-0.16048389285991296,-0.17389984405735592,-0.30886275847036676,-1.2767919470209996,-0.13688729081034962,-0.8537404549729446,-0.9005517821268636,1.856077757481747
CSO-13-8A-MJAGA,0.0,1.6482115868813838,0.0,0.0,-0.5912097970138823,-1.0397449265614336,-0.5912097970138823,-0.3390198559368099,-2.3302721530648096,-0.6503652030085607,-1.4091280899095533,-0.7908876233476017,-2.3533315350362214,-2.540072844057332,4.412782678682474
CSO-13-8A-VHODU,0.0,2.1476661839300504,0.0,0.0,-0.5240255208682955,-0.9115272577513789,-0.5240255208682955,-0.2611535173843536,-1.391022467847889,-0.5344174102167525,-1.6976054069427562,-1.0488262732832465,-1.5673098110973196,-1.935474502759712,4.071999055416227
CSO-13-8B-FCJISA,0.0,1.424956735255612,0.0,0.0,-0.1953391346861886,-0.9364563459118213,-0.1953391346861886,-0.04588314677411236,-0.03309176197289114,-0.20265638365705768,-1.191345271545502,-0.10313331576067779,-0.697615997865841,-0.6987620873104392,0.6116593256279951
CSO-13-8B-JEMABE,0.0,1.2661953397597092,0.0,0.0,-0.4143384161225425,-1.136577425392782,-0.4143384161225425,-0.21650518664713841,-0.245262135761033,-0.44878346761641796,-1.1285037862626184,-0.06430247308218634,-1.0422411802640927,-1.0897697445528076,2.10746248847101
CSO-13-9B-DMLLLU,0.0,1.414317341677025,0.0,0.0,-0.30369443088748665,-1.0791549322302387,-0.30369443088748665,-0.17476654872678535,-0.865680589025212,-0.3339108989154651,-1.2514063412577412,-0.19700973119211662,-1.4938170456052535,-1.5323923312749388,2.694042874631157
CSO-14-7A-MVEBE,0.0,2.2618089371908257,0.0,0.0,-0.31175297763708953,-0.7744185574359834,-0.31175297763708953,-0.20869261988023224,-1.2077262768085542,-0.35841251935727175,-1.6889058795354783,-1.3582796918598534,-1.1688190757907042,-1.265598369664185,1.6971617591903636
CSO-14-7B-EALHU,0.0,1.158028721749306,0.0,0.0,-0.7655837385017201,-1.123774626744717,-0.7655837385017201,-0.44315441058574523,-1.5048344846795803,-0.8144475821793682,-1.054001591830425,-0.3456160234518067,-1.8625405058828575,-2.0882502099675033,1.3283555348042118
CSO-14-7B-EVEGO,0.0,1.362505193293595,0.0,0.0,-0.5901874992375085,-1.0411690157515,-0.5901874992375085,-0.2681755206032915,-0.7998139149206013,-0.6475936260650426,-1.156102332537077,-0.3489893337597591,-1.1360313237529436,-1.1987642332476967,2.0271429073061245
CSO-14-8A-MCIDOS,0.0,1.8409047340833427,0.0,0.0,-0.5288845232449144,-0.6226090815953619,-0.5288845232449144,-0.28377859437617187,-1.7323481507467837,-0.5725111830734262,-1.5255235102255922,-1.0385044960829137,-1.9559387787280478,-2.08142896256962,3.665393929108914
CSO-14-8A-SZARA,0.0,1.6197084500336647,0.0,0.0,-0.5197475802135595,-0.9606198084206531,-0.5197475802135595,-0.2752698891750098,-1.1885876385046386,-0.5840638309419063,-1.2901228314419149,-0.6258536224253861,-1.3294576898654804,-1.6133350025895616,2.7388783068656593
CSO-14-8B-JLLORA,0.0,1.621256680804834,0.0,0.0,-0.3539011233917541,-0.9752032326280313,-0.3539011233917541,-0.13441868156546136,-0.5493821850046644,-0.36850721724289154,-1.2616869808708713,-0.3082344431242711,-0.9180938135428589,-1.1438223313524556,1.4091949282462684
CSO-14-9A-AEDCAGO,0.0,1.6501458055855514,0.0,0.0,-0.4410982894760102,-0.8997279876467812,-0.4410982894760102,-0.1585022082008384,-0.8213244183177812,-0.4624658835449684,-1.2666205534403046,-0.739291856015345,-0.9903548291974664,-1.082888728587912,1.1007130743691427
CSO-14-9A-HASACA,0.0,2.501045478695653,0.0,0.0,-0.44678956167872613,-0.500614126579506,-0.44678956167872613,-0.19112982360112768,-0.8568542278376796,-0.4800399514486006,-1.9048716917508985,-1.5181698262977874,-0.7726981409165337,-0.7901273951700618,-0.01055608849795396
CSO-14-9A-JSMAAL,0.0,1.9730020185869854,0.0,0.0,-0.48540743957376375,-0.9277812208333265,-0.48540743957376375,-0.2593047981242535,-1.4101116398916056,-0.5297835902051528,-1.6150690613516474,-1.1074320070111436,-1.8938897690479528,-2.0087010801606606,5.580179480647039
CSO-14-9A-MARJA,0.0,1.901322557735397,0.0,0.0,-0.3877132202736594,-0.9397715671277026,-0.3877132202736594,-0.15260845099531428,-0.8201335768058478,-0.41096342041043216,-1.4273202781957695,-0.8079877961624868,-0.9722668891647704,-1.0608945497058064,0.8889817068510546
CSO-14-9A-SORZU,0.0,1.3999665359246956,0.0,0.0,-0.4040548914363337,-0.9940138210239359,-0.4040548914363337,-0.15705103931340395,-0.37480152312311993,-0.4312711830319173,-1.148797095602186,-0.3144069929329828,-0.8893718866845419,-0.911121692023786,1.396798910459734
CSO-14-9B-ERAGA,0.0,1.656777976418397,0.0,0.0,-0.3307579729943376,-0.9491018353921801,-0.3307579729943376,-0.14090208824415015,-0.5468594613742306,-0.36000147440069713,-1.3567740959494643,-0.606251172702584,-0.9898265732663488,-0.94711306779975,1.0610553041209614
CSO-14-9B-MFEGA,0.0,1.9563951846031364,0.0,0.0,-0.5205998875662516,-0.9027460433089018,-0.5205998875662516,-0.2549251662979457,-1.6206964608176793,-0.568954623904842,-1.4263730250236177,-0.9710150416515122,-1.55333961740055,-1.9019151605739844,2.6655336502393956
CSO-15-10A-LJRAGU,0.0,1.494212173827944,0.0,0.0,-0.3198752447607146,-0.9880498315009444,-0.3198752447607146,-0.15813518544141036,-0.09006448994429021,-0.3394867601068755,-1.3130004559384096,-0.20195352203078998,-0.17518279269635012,-0.3719122523841255,0.3433294059327825
CSO-15-10A-MAARLO,0.0,1.3553701318566,0.0,0.0,-0.6197351822768223,-1.0100812464482047,-0.6197351822768223,-0.3218263145631243,-1.6362595241188018,-0.6580621590605575,-1.184885312589157,-0.5535872780805148,-1.8907600897086774,-2.1215461683370793,3.4597212686568066
CSO-15-10A-SFEGA,0.0,2.3372098432103736,0.0,0.0,-0.2758630356380077,-0.8345976744503142,-0.2758630356380077,-0.11186704985340896,-1.0624761221247476,-0.287951888188664,-1.7598608415324226,-0.9812567692995604,-1.5898562142341215,-1.6341424471261043,3.4457209421557335
CSO-15-10B-MEBUAR,0.0,2.0642791849987225,0.0,0.0,-0.5624097588572118,-0.9218418956482578,-0.5624097588572118,-0.3712767519935954,-1.9624990665425335,-0.6491721882054703,-1.7418488122124203,-1.2010593698074892,-1.6324909737332878,-1.8351111707116665,3.0103579676261405
CSO-15-10B-YVBUAN,0.0,2.19960211679935,0.0,0.0,-0.30531413600754836,-0.8333323088655172,-0.30531413600754836,-0.07612828692531454,-0.9916840895483806,-0.31992022192811703,-1.5209072160144388,-0.8869709595311729,-1.302286242059928,-1.388542787295812,1.180191177380096
CSO-15-10C-ALBAHO,0.0,2.081266585979301,0.0,0.0,-0.37478954358143596,-0.8923887289597509,-0.37478954358143596,-0.17786926101526981,-1.2110399853075495,-0.4036845874391405,-1.5830608278599279,-1.0343382042681721,-1.7157322881599033,-1.7863001662688751,3.2803571408179777
CSO-15-10C-SSCAMO,0.0,1.5636216411095774,0.0,0.0,-0.37694121788185275,-0.8704365374103494,-0.37694121788185275,-0.1888058643332951,-0.36174765097123784,-0.4098968450549845,-1.2912238560721934,-0.36627132655594935,-0.8316664875496653,-0.8808887382920637,1.2571563531545253
CSO-15-11C-JETALO,0.0,2.1002686711445375,0.0,0.0,-0.452282695437188,-0.8481461461278139,-0.452282695437188,-0.18062553528641198,-1.4702453237844353,-0.4789763062301298,-1.5018981904016078,-1.122243141070132,-1.5217834031120765,-1.6739756256115537,2.1682414056729313
CSO-15-7B-JCRAGA,0.0,1.2904652492392585,0.0,0.0,-0.5115378719649863,-1.1596784116184635,-0.5115378719649863,-0.26422724557504235,-1.0637932243695396,-0.5490439048773648,-1.1260932622572772,-0.3412657585509734,-1.893697055276371,-1.8969120827361952,3.0769437326983464
CSO-15-8A-VBMABR,0.0,1.8182851268621694,0.0,0.0,-0.4431215711081992,-1.053702268495852,-0.4431215711081992,-0.24439436610849694,-1.2294845180915652,-0.4887661760880881,-1.4581999928282354,-0.7852349658659783,-1.9976327249938297,-2.051739792710976,3.937791326635826
CSO-15-8B-KEPOGO,0.0,1.5133735348342452,0.0,0.0,-0.5119352892289105,-0.8585406067239738,-0.5119352892289105,-0.27312207055025767,-0.784600566492969,-0.5400004592920724,-1.2721723380684586,-0.8079209915649708,-1.1369966550805346,-1.3029034127719246,2.3033703961279355
CSO-15-9B-ALRIHE,0.0,1.7954331526645473,0.0,0.0,-0.5804867023432715,-0.9972429530871642,-0.5804867023432715,-0.2604239290677957,-0.7120140239458383,-0.6221481477233448,-1.4889051131740554,-0.664149477495192,-1.231490799589028,-1.333514671927913,2.5645752350248054
CSO-15-9B-AMSAGO,0.0,1.672588239692035,0.0,0.0,-0.5364985654195229,-1.0778611496703359,-0.5364985654195229,-0.2964168630126492,-1.1799855080065327,-0.5891758554118524,-1.3740605644953405,-0.6943033273737589,-1.75902850745982,-1.8180163575929118,3.3036334256508897
CSO-15-9B-JCAPA,0.0,1.529238086507395,0.0,0.0,-0.32807271643848784,-0.8959102554085238,-0.32807271643848784,-0.1187437912314034,-0.4934868889263358,-0.33851465315639895,-1.2632753612801746,-0.47626771745000906,-1.0610889791281908,-1.092573096131658,1.5969639849578248
CSO-15-9B-KSBEJA,0.0,1.1504501018010596,0.0,0.0,-0.4569246992860082,-1.0635161276675356,-0.4569246992860082,-0.15951764605477084,-0.0035625663394054097,-0.4892659601936973,-0.949221121659637,0.134632454274819,-0.778852475474316,-0.8995971990916299,1.5775787133436672
CSO-15-9B-RMCHLU,0.0,2.4497324758268153,0.0,0.0,-0.3615395940638188,-0.8251526778225617,-0.3615395940638188,-0.1504520272975602,-0.8270065774325073,-0.37848524730963945,-1.8044857233616831,-1.328034016856092,-0.6645669787860702,-0.8002479270472849,0.3716402184379188
CSO-15-9B-SJAGRO,0.0,2.149205516317463,0.0,0.0,-0.5389157427835335,-0.9174576509892262,-0.5389157427835335,-0.31150553801297387,-1.4004561286348018,-0.5861942242446669,-1.6935858850031456,-1.113398229404115,-1.6869230803447985,-1.7893101865946293,4.0880460151980635
CSO-16-10A-JEGAHE,0.0,2.189387012826547,0.0,0.0,-0.47348554960146494,-0.9318293517829197,-0.47348554960146494,-0.25293602275862836,-1.9018798239905976,-0.5129563569186507,-1.7118109622077047,-1.215612528321176,-1.8531400217943692,-1.9069371248568643,1.2895101937708036
CSO-16-10A-MSACO,0.0,1.788277222429911,0.0,0.0,-0.47260019442908624,-0.9435410325108107,-0.47260019442908624,-0.22773075868068016,-1.5432786270464003,-0.5111432035165071,-1.4421328317181465,-0.9087638773594013,-1.4008959318775764,-1.6417876922805346,2.0256062135293535
CSO-16-10A-SARI,0.0,1.765687678430517,0.0,0.0,-0.5582321590718776,-0.904231252613857,-0.5582321590718776,-0.3605834309928869,-1.8459421694835791,-0.6300646540172705,-1.4636181989062158,-0.8575186620219809,-2.1827099083682664,-2.3056406963551357,4.934274377222691
CSO-16-10A-SMOUT,0.0,1.318224131087142,0.0,0.0,-0.5384506819987778,-1.1252035177754611,-0.5384506819987778,-0.2949242361636636,-1.5650430416693315,-0.580834617395269,-1.1628649749729763,-0.40707930543369847,-2.1511088761249004,-2.217796049362734,3.720987437535456
CSO-16-10A-YKMUJO,0.0,0.6492219436555351,0.0,0.0,-0.7527863580417475,-1.312830070943226,-0.7527863580417475,-0.31649766907517757,-0.4185248466408623,-0.813503345935334,-0.5966737932251196,0.7146643211231166,-1.3806435200522227,-1.4019316280346676,3.123919744099964
CSO-16-10B-JESUGU,0.0,1.9846402257822338,0.0,0.0,-0.43681851669527955,-0.8517625564726004,-0.43681851669527955,-0.2021971103877953,-1.5954966981045222,-0.4742354127214017,-1.5333615459062304,-1.0687171552550494,-2.0038418665129725,-2.1497554881556327,3.8441771040774984
CSO-16-10B-LTVIFA,0.0,1.262008525454881,0.0,0.0,-0.4282476513140911,-0.9723932659038592,-0.4282476513140911,-0.14162024383016344,-0.6757616541198448,-0.43927397427635445,-1.0122794584748953,0.03620091689681244,-1.4191924033774623,-1.447871686776662,2.0425186973804674
CSO-16-10B-VVILI,0.0,1.0002763728195798,0.0,0.0,-0.45079636003773904,-1.146598138594208,-0.45079636003773904,-0.19256170833200187,-0.4122230188156083,-0.47404421972897265,-0.912664985477511,0.32293313476759133,-1.4341317106569715,-1.4350545592275987,2.4718663144754034
CSO-16-10C-MAVAVE,0.0,1.3745960241734494,0.0,0.0,-0.1946448611828555,-0.94051078184103,-0.1946448611828555,-0.05356236779894638,0.16632352029006414,-0.2050253227062085,-1.18517650981211,0.024751812990643267,-0.4684416519290076,-0.4870163245704734,0.8503074246039191
CSO-16-11A-JAVABO,0.0,1.7417540854245221,0.0,0.0,-0.48516861780136594,-0.9401285228874555,-0.48516861780136594,-0.24501707456008567,-0.627469893782202,-0.5243707877795211,-1.441426508591717,-0.8918887074996564,-0.36390318938131005,-0.4882630447287179,0.7177170326046239
CSO-16-11A-JDMUVA,0.0,2.359027983294852,0.0,0.0,-0.433158297060657,-0.796693295322469,-0.433158297060657,-0.14139313844237403,-1.3933454487517976,-0.4507207809987596,-1.6094201781248465,-1.259077360060664,-1.663530082324548,-1.668111959078453,1.7547150871147976
CSO-16-11A-VZAOR,0.0,1.6525897585327436,0.0,0.0,-0.38826505642259607,-0.9454599427299073,-0.38826505642259607,-0.10466380090652738,-0.6929413725081103,-0.39977249073473237,-1.2133069767320406,-0.3931030152277757,-1.1092878189688733,-1.2914621321625086,1.1053572936533371
CSO-16-11B-KRORE,0.0,1.4775007063290087,0.0,0.0,-0.49404971363276917,-1.1029611189973614,-0.49404971363276917,-0.26628384430963303,-0.3828542521292949,-0.5449358127615592,-1.3128703763736937,-0.20215670631996038,-1.208882240856565,-1.1983185478329133,2.5099256121704547
CSO-16-11B-LLOZA,0.0,1.7862048720766892,0.0,0.0,-0.6861330161833662,-0.978530056887975,-0.6861330161833662,-0.4331891324181968,-1.073574458323046,-0.7790512429023149,-1.5126417025402383,-0.8889663624654607,-1.4118269530264478,-1.460890432139963,3.0293931120722055
CSO-16-11B-YAROMO,0.0,1.4612304852465803,0.0,0.0,-0.34407645619090454,-0.9572229716288699,-0.34407645619090454,-0.12441008988113329,-0.17852323146043575,-0.3601841201817764,-1.1781057260251118,-0.2782647173523434,-0.5525942166672175,-0.5932557211259537,0.7240968550301888
CSO-16-9A-JALEMO,0.0,1.2318367303771351,0.0,0.0,-0.44135003237032916,-0.9790631408944765,-0.44135003237032916,-0.1965892748731962,-0.4535890802587612,-0.48762793896958295,-1.0173329291131112,-0.34619743429253763,-1.012706504007401,-1.0382587216489834,1.534089922017032
CSO-16-9A-JPROSO,0.0,2.3484336661291647,0.0,0.0,-0.39510251867563195,-0.8907593317647292,-0.39510251867563195,-0.16350446402048963,-0.8053363918227089,-0.4161380024896942,-1.7106978081091502,-1.2735071345469204,-1.1163785770291277,-0.9420182045915083,1.1298315047958645
CSO-16-9A-JSMAGU,0.0,1.7185779379060395,0.0,0.0,-0.5099048778892736,-1.0250234253670993,-0.5099048778892736,-0.2835032784669006,-1.0022665598340779,-0.561873301863903,-1.3805248681133733,-0.8200719571514737,-1.0366469347274563,-1.2471679678022125,2.1831491695277
CSO-16-9B-SJPAJI,0.0,2.78865249444863,0.0,0.0,-0.45352970796368886,-0.7674768419853791,-0.45352970796368886,-0.20145726845876175,-1.8583114842155435,-0.45324733505270604,-2.1121679645410287,-1.586652910828386,-1.651829916752695,-1.8573975060685852,1.307597381576081
CSO-17-10A-YVGOCA,0.0,3.2030177956152484,0.0,0.0,-0.403537048497672,-0.7690975705232029,-0.403537048497672,-0.1963165270397057,-1.5418917096310756,-0.4327475940679715,-2.278364931415148,-1.732085011959173,-1.3652607010947255,-1.5051384718483152,0.4153515821272493
CSO-17-10B-EHECO,0.0,2.089559916476814,0.0,0.0,-0.41126415660314863,-0.995311821050209,-0.41126415660314863,-0.19630811946363363,-0.9847777066352904,-0.44914201309949653,-1.6014406453511272,-1.1343599998812361,-0.3639710626577297,-0.5022858608624485,-0.4048265398069095
CSO-17-10B-YCQUVE,0.0,3.4743585587882837,0.0,0.0,-0.36041799879666214,-0.7148838396870872,-0.36041799879666214,-0.07142857142857144,-1.9912263363066929,-0.34788786003304184,-2.220951407880676,-1.9306500260575885,-2.0293364951000985,-2.1731054954587856,3.889974575787087
CSO-17-11A-DJAPA,0.0,1.7459554706770455,0.0,0.0,-0.4034732923929645,-0.891148371601353,-0.4034732923929645,-0.17586311452816475,0.2612983410540945,-0.4264014327112208,-1.3810687210594865,-0.931909515182854,0.6622661785325219,0.5449352844449682,-0.33834506919300483
CSO-17-11A-JDAMO,0.0,1.6279517107003203,0.0,0.0,-0.38391236316116417,-0.9240311235295477,-0.38391236316116417,-0.17329352701637124,-0.466534955241941,-0.41266446112735405,-1.2985475920785128,-0.6139529206874463,-0.829427555510407,-0.8373632428815175,1.2883846378096075
CSO-17-11A-NPAHE,0.0,2.217259825079658,0.0,0.0,-0.3854670610907069,-0.8231083495164084,-0.3854670610907069,-0.16990761974577345,-1.1182770937481072,-0.4122817284821533,-1.6322784269157071,-1.2167105785923957,-1.340652528366287,-1.349807197060562,1.197571589847561
CSO-17-11A-RLPAIG,0.0,1.185779223326637,0.0,0.0,-0.6726445710070165,-1.0888825406866725,-0.6726445710070165,-0.3505936562230438,-0.5450119130665839,-0.7202746498000719,-0.9926620967892511,-0.17005790269876123,-0.7179819775159926,-1.0099845277650106,1.8267318227467122
CSO-17-11A-SPUVA,0.0,1.9427821651886106,0.0,0.0,-0.4020775030941193,-0.9000969414785613,-0.4020775030941193,-0.08112030812768804,-0.6899615275010517,-0.4027047109617745,-1.3515621090917203,-0.48057657537929316,-1.391220969079387,-1.411296956243544,0.9857032239493223
CSO-17-11B-CDBEBU,0.0,1.2142404879205528,0.0,0.0,-0.33101252427774686,-1.0220650565188754,-0.33101252427774686,-0.13107491154508902,0.07804252524018221,-0.3586141557450475,-1.0442456357142615,0.016914806217159975,-0.6836659261078604,-0.7057158575599042,1.0418415868340891
CSO-17-11C-JDAAG,0.0,1.5976155999894532,0.0,0.0,-0.4658099271301398,-0.9628116921347961,-0.4658099271301398,-0.19171830310895668,-1.2911028279955503,-0.4902208562970883,-1.316963100416988,-0.749842652414642,-1.763098581623543,-1.8475482524525046,2.8708606741574525
CSO-17-11C-MAPAMA,0.0,1.500710985868653,0.0,0.0,-0.3708644748987947,-0.958212237628555,-0.3708644748987947,-0.17044597424324337,-0.6736889322014642,-0.40508852292097863,-1.2557646359428911,-0.26007266936440876,-1.1340703446571068,-1.2370155405462613,1.8776746444490784
CSO-17-11C-MCAAG,0.0,2.7552916971336034,0.0,0.0,-0.3109477651511656,-0.7023662045599958,-0.3109477651511656,-0.053181839532529245,-1.5336115864234832,-0.31364031976784545,-1.7604814378464317,-1.4737511349856784,-1.4730863416168867,-1.5249333302664723,-0.14125461814087234
CSO-17-11C-SARJA,0.0,2.158651761938992,0.0,0.0,-0.3756872538166937,-0.8322052755650194,-0.3756872538166937,-0.14408864545352476,-1.4603461881814663,-0.39070278650079754,-1.5620550971518938,-0.8702046108721246,-1.4623218298565084,-1.6565748146513044,1.4670769994753259
CSO-18-11A-ADBAHO,0.0,2.6925411563660755,0.0,0.0,-0.3931738276176822,-0.8112545603733812,-0.3931738276176822,-0.21065753577778415,-1.8481446263017933,-0.4010293670904414,-2.0303153846757147,-1.572492000151921,-1.9487066252907974,-2.013279047487341,3.3641474542674565
CSO-18-11B-YLLRE,0.0,1.9305847979359019,0.0,0.0,-0.4648526532811651,-0.8144703121313941,-0.4648526532811651,-0.18681617943926834,-1.236177664796837,-0.48074104511860316,-1.3840470499135056,-1.012021747959276,-1.503352202944619,-1.5072125769050029,1.082830891875022
CSO-18-9B-MAMOLO,0.0,1.8733724372501588,0.0,0.0,-0.4728242412063986,-0.8604813808192033,-0.4728242412063986,-0.21623555963792093,-0.8376186916364476,-0.5048155337822628,-1.4298723131276196,-0.8760878063360217,-1.3943875378768196,-1.3302063478188564,1.566275061545638
CSO-8-3A-AIPRBR,0.0,1.347757689725912,0.0,0.0,-0.49141717704754356,-1.0224683165064794,-0.49141717704754356,-0.26928541671990913,-1.1037217732309208,-0.5509382880398334,-1.177654622873287,-0.38139924978756234,-0.9018026381580492,-1.0264871369268251,1.5997956760623775
CSO-8-3A-DAPAVA,0.0,1.2016188589708632,0.0,0.0,-0.6856944033063829,-1.1343334126311513,-0.6856944033063829,-0.3822460315967642,-2.2258064686393833,-0.7438736070040048,-1.06173860534523,-0.2923278793570684,-1.8677530477484314,-2.143091262742162,2.1652775499116332
CSO-8-3A-KVPECO,0.0,2.451941530202146,0.0,0.0,-0.43148400027826295,-0.7902097499986017,-0.43148400027826295,-0.20412414523193154,-1.4727817477369074,-0.4503169969735112,-1.902380777261696,-1.3989396662508995,-1.6561887710781977,-1.9041252824614352,4.761602816433658
CSO-8-4A-ARAGR,0.0,0.8040789389379803,0.0,0.0,-0.5337002605500065,-1.1738308474279706,-0.5337002605500065,-0.27588405344054573,-0.23855606836696872,-0.5886488802492167,-0.7533416474692632,0.6698143790397527,-1.1854109282223153,-1.3255030842673097,2.0259806805460014
CSO-8-4A-JRAAR,0.0,1.1642654674765587,0.0,0.0,-0.7564210195524866,-1.2160434212789686,-0.7564210195524866,-0.448956704773098,-1.5782474499032701,-0.840368290505083,-1.045244993609468,-0.2586207680193333,-1.565541687585717,-1.697755646818706,3.339177236495438
CSO-9-2A-EXMOCO,0.0,1.5784368421735784,0.0,0.0,-0.42869606278545724,-0.9586644020771379,-0.42869606278545724,-0.1974042694875494,-1.1665066065510863,-0.4666899893887101,-1.2907134896705166,-0.589592791494155,-1.629763955827943,-1.645319036881952,2.8856153708194046
CSO-9-4A-AGAPE,0.0,1.4157916903226793,0.0,0.0,-0.6003403940852828,-0.8980242097811217,-0.6003403940852828,-0.293240185516442,-0.42490174544663684,-0.6583642692409488,-1.168880031583981,-0.470849172227529,-0.9913989209832293,-1.0518640334132288,2.180189802156339
CSO-9-4A-DKVIMO,0.0,1.079598029326274,0.0,0.0,-0.6905118393123795,-0.2925023937367361,-0.6905118393123795,-0.4007494708494162,-1.1019357154168234,-0.75013224671993,-0.9933730688620575,-0.605485804372473,-1.476191633744116,-1.2165290142771994,1.2664051778837127
CSO-9-4A-DSMOMU,0.0,1.2195604196433525,0.0,0.0,-0.4311197558615296,-0.8370508156288307,-0.4311197558615296,-0.1569508651347404,-0.19492353684587457,-0.4510878436544967,-1.0378922383469307,-0.059518043983908184,-0.8533247672538299,-0.8963066636209294,1.388654574693277
CSO-9-4A-DVGATO,0.0,1.2686999636109753,0.0,0.0,-0.6939600353908107,-1.1094728666836093,-0.6939600353908107,-0.4202819623753864,-1.1358450296188318,-0.7572016627512128,-1.1346717976421041,-0.3445600615006563,-1.5454196349088305,-1.673367596289615,3.7756592172884758
CSO-9-4A-EGCAMO,0.0,1.2765438133457234,0.0,0.0,-0.3631442433824132,-1.0365397204547597,-0.3631442433824132,-0.10680873212568291,-0.14288901120454028,-0.37699753840739125,-1.0645418418929193,0.03275476103637326,-1.028595222390265,-1.0603771122695622,1.7674374454684663
CSO-9-4A-FAGIGA,0.0,1.1470099476801299,0.0,0.0,-0.6278247404892726,-1.0763219612238482,-0.6278247404892726,-0.3263318532261489,-0.6130584803267792,-0.677666296022902,-1.0167958461951414,-0.21844064613013411,-0.94822443814633,-1.1731239670827829,2.7734215772284116
CSO-9-4A-GSBRCO,0.0,2.526244730435039,0.0,0.0,-0.4100414051605722,-0.8722397443350329,-0.4100414051605722,-0.2654635392241627,-2.34798786675949,-0.4555971455290341,-1.9053516725932167,-1.3704335793644344,-2.5277723462612762,-2.6001009387139034,5.325573878252268
CSO-9-4A-KEMOCO,0.0,1.9937048105572959,0.0,0.0,-0.39197671453876565,-0.8163659526459449,-0.39197671453876565,-0.18214898482136288,-0.8985232896422585,-0.42560834780044354,-1.4385988453978287,-1.0756635750756434,-0.9806075265777716,-1.02973581663854,0.485322702199335
CSO-9-4A-LCOMO,0.0,1.9637912519196503,0.0,0.0,-0.5265822618315578,-0.9240190688179388,-0.5265822618315578,-0.2304593039600821,-1.5889807277657109,-0.5741308734494495,-1.4375901789628494,-0.8907409869258373,-1.5423547836648819,-1.7789236358841976,2.326151772765995
CSO-9-4A-MLORO,0.0,1.3173380858340873,0.0,0.0,-0.4436215902382313,-0.983870697404158,-0.4436215902382313,-0.1991981974587631,-0.4284279679387632,-0.4773194379870909,-1.0646523401626062,-0.22407212334027302,-1.1675282742232156,-1.1628480715733345,1.7773440836305057
CSO-9-4A-MPAME,0.0,1.4006224151493742,0.0,0.0,-0.46688147364070604,-1.0715702723068008,-0.46688147364070604,-0.21557619003352202,-1.0933681089344558,-0.49547089235400676,-1.169088703540442,-0.469976064422911,-1.702327694483931,-1.7034812551972147,2.317031351802945
CSO-9-4A-NSARPA,0.0,1.433967167178011,0.0,0.0,-0.5364442640366835,-1.069172025235698,-0.5364442640366835,-0.3110471628140559,-1.8131672393178349,-0.5959124072810341,-1.2471107312419227,-0.6114848850283756,-2.1043663956891,-2.1398723177048087,2.5698354515042854
CSO-9-4A-SLOCA,0.0,2.305992364824163,0.0,0.0,-0.42354655255943036,-0.8166921161895103,-0.42354655255943036,-0.25264557631995566,-1.5380098631139434,-0.4803844614152615,-1.7692740541226615,-1.271285584286734,-2.018889326767669,-2.1803309333178698,4.594470193295296
CSO-9-4A-YVDITR,0.0,1.7058674113279073,0.0,0.0,-0.4427395689738661,-0.8963682798102391,-0.4427395689738661,-0.1528283560198404,-0.7127063148626117,-0.46267620659151815,-1.3301343495820968,-0.8175914826675672,-0.9307447410530134,-0.9690591114343743,1.4673095391867952
