file,z_wc,z_nodes,z_edges,z_re,z_pe,z_l1,z_l2,z_l3,z_lcc,z_lsc,z_atd,z_density,z_diameter,z_asp,z_cc
CDMS-10-4A-JURAN-CorrEtiq.txt,0.0,0.0,0.0,-0.17586311452816475,-0.689724440668803,-0.7000122733854361,-0.6989262981388241,-0.6867682958571297,0.0,0.3557126469908596,0.0,0.9801960588196079,-0.4586493222569854,-0.7935294196153448,-0.678617325061397
CDMS-10-5A-HEPIHO-CorrEtiq.txt,0.0,0.0,0.0,0.0,-0.48705678739484887,-0.46852128566581813,-0.48705678739484887,-0.4472135954999579,0.0,0.37111089170198064,0.0,0.6311687442672037,-0.4547106491794894,-0.6162917597012644,-0.4525696378552518
CDMS-10-5A-KSRAGU-CorrEtiq.txt,0.0,0.0,0.0,-0.3505624216312859,-0.7054072987492276,-0.6873481148531242,-0.7119361999848828,0.33851319099038946,0.0,0.38094421306996085,0.0,0.24917772101677327,-0.007315619246026035,-0.2018533819578756,0.5334115293047297
CDMS-10-5A-SROPU-CorrEtiq.txt,0.0,0.0,0.0,-0.20412414523193154,-0.6458558451690162,-0.38009401531053544,-0.6579385180273645,-0.7225703267223534,0.0,0.577903921760349,0.0,0.24823091701055544,-0.3271644482061939,-0.34021615057737586,-0.7672781364662653
CDMS-10-5A-SZURO-CorrEtiq.txt,0.0,0.0,0.0,0.0,-0.38009401531053544,-0.3848430929154974,-0.38009401531053544,-0.37791507234026617,0.0,0.0,0.0,0.5542436059745182,-0.48547668717929265,-0.522092786125232,-0.3928333930993269
CDMS-10-5B-SRAJA-CorrEtiq.txt,0.0,0.0,0.0,1.114964547845397,0.0,-0.8191674960786206,-0.36927447293799814,0.0,0.0,0.17124545056152127,0.0,-0.4697154765961289,0.12725169567260444,0.3398387755715015,-0.029618551212521733
CDMS-10-5C-DAAUSA-CorrEtiq.txt,0.0,0.0,0.0,-0.10050378152592122,0.3609974361905777,0.6611099775215866,0.3609974361905777,-0.9467916046467049,0.0,-0.7508616241034058,0.0,-0.9423064972256959,0.9591059435611977,0.7862686369992188,-0.843573272572976
CDMS-10-5C-ICAPA-CorrEtiq.txt,0.0,0.0,0.0,-0.20412414523193154,-0.7996444352695207,2.019991347999326,-0.812442068350436,-0.6899748489979833,0.0,-0.3285945862162186,0.0,-0.9072023028612137,0.9393945038861288,0.8457053677493536,-0.7091895385496012
CDMS-10-5C-JFALGI-CorrEtiq.txt,0.0,0.0,0.0,-0.17586311452816475,-0.6666666666666666,-0.7302967433402214,-0.6666666666666666,-0.6965260331469924,0.0,0.6908376495421934,0.0,0.9625200432329791,-0.5786913866044943,-0.8781064682083364,-0.6851827915526614
CDMS-10-5C-MAORTO-CorrEtiq.txt,0.0,0.0,0.0,0.0,-0.43805727617170653,-0.4935283936974244,-0.43805727617170653,-0.3079983977971696,0.0,-0.09538381735457388,0.0,0.4684458713465519,-0.2604511237353747,-0.10035902741227892,-0.45636893261366784
CDMS-10-5C-NBEMO-CorrEtiq.txt,0.0,0.0,0.0,0.0,-0.27435163058436723,1.2906223506019097,-0.27435163058436723,-0.6224199682387501,0.0,-0.7164373264620514,0.0,-1.7628178810417248,0.9280139893411149,0.8777702224627604,-0.6736635692628332
CDMS-10-6B-ASCACO-CorrEtiq.txt,0.0,0.0,0.0,-0.10050378152592122,-0.4936258837698759,-0.46852128566581813,-0.4936258837698759,-0.48705678739484887,0.0,0.08727507460438237,0.0,0.7198051755130682,-0.44514460290229746,-0.8790599976891623,-0.5110370449558667
CDMS-10-6B-JJMOBE-CorrEtiq.txt,0.0,0.0,0.0,-0.10050378152592122,-0.5544954504367372,-0.5696519211398117,-0.5544954504367372,1.1048475316153097,0.0,0.6892556229607354,0.0,0.739810232127806,-0.45244360320129756,-0.5031527602509706,0.8460143792289658
CDMS-11-4A-GACHSA-CorrEtiq.txt,0.0,0.0,0.0,-0.10050378152592122,-0.5696519211398117,1.0090262421252758,-0.5696519211398117,-0.4714045207910317,0.0,-0.5600470591856491,0.0,-0.5232045649263531,0.5281643011010199,0.4600843351620492,-0.4883081300271845
CDMS-11-5A-EAARCA-CorrEtiq.txt,0.0,0.0,0.0,-0.10050378152592122,-0.4396787718714283,-0.6152198555457548,-0.4396787718714283,-0.48705678739484887,0.0,0.44506523914214174,0.0,0.6081636405595383,-0.43415656128213265,-0.7547115763408199,-0.5006012198341268
CDMS-11-5A-MGTHAR-CorrEtiq.txt,0.0,0.0,0.0,0.6902013856519743,-1.1296796113408487,0.8988771049900601,-1.1326300276392207,-0.9955653883486891,0.0,0.1153338210093517,0.0,0.5620831476321787,0.3657071855521629,0.08837570675796831,-0.47850516744269606
CDMS-11-6A-DFVEBE-CorrEtiq.txt,0.0,0.0,0.0,-0.31448545101657555,-0.6410832172066031,0.29098899914036913,-0.6461623427559643,-0.7890151034521848,0.0,0.7191391137493091,0.0,0.08853669183266337,-0.4322041914901383,-0.49286251668004927,-0.8269988158641041
CDMS-11-6A-NMREPR-CorrEtiq.txt,0.0,0.0,0.0,0.0,-0.30151134457776363,-0.4981610824055757,-0.30151134457776363,-0.4874666782214325,0.0,0.0,0.0,0.0,-0.3029235065156156,-0.39700140177774135,-0.48801041141824353
CDMS-11-6B-ARAHE-CorrEtiq.txt,0.0,0.0,0.0,-0.2294157338705618,-0.6073516944008988,-0.7023570991300149,-0.6152198555457548,-0.520966853746357,0.0,0.6059073679363332,0.0,0.9920921752426226,-0.8623981316579402,-0.8548057370242359,-0.547785308982873
CDMS-11-6B-AVROTO-CorrEtiq.txt,0.0,0.0,0.0,0.0,-0.4843221048378526,-0.4540953593404309,-0.4843221048378526,0.0,0.0,-0.49205898923006947,0.0,0.0,0.2081203268248043,0.09543484054074938,0.0
CDMS-11-6B-EAFESA-CorrEtiq.txt,0.0,0.0,0.0,3.188596395604718,-0.8531145054348254,0.4302763440196707,-0.8485281374238569,-0.5793584501023474,0.0,-0.6033833170656424,0.0,-0.6585844937265722,0.8558559319443847,0.7857898410932971,-0.6686410211301163
CDMS-11-6B-EFRGR-CorrEtiq.txt,0.0,0.0,0.0,3.1695451544381665,-0.5596166528436648,-0.645171685686127,-0.6327938575439446,1.391304429942653,0.0,-0.055471877973466234,0.0,-0.7278705737780932,0.7783854743672772,0.6115112853035627,-0.27112234027166904
CDMS-11-6B-EROCO-CorrEtiq.txt,0.0,0.0,0.0,-0.30468468166318485,-0.7575768433921909,-0.7353525854976205,-0.7699027895844726,-0.7019303515639927,0.0,0.6476105166089184,0.0,1.2333173750515178,-0.8584176071457361,-1.077826325265315,-0.7246211248212664
CDMS-11-6B-JACUPE-CorrEtiq.txt,0.0,0.0,0.0,-0.16928292050022098,-0.6473183065757195,0.9506709610704802,-0.6473521089059986,-0.7480974704077259,0.0,0.046611112595136894,0.0,-0.5353728197573164,-0.22170713966665806,-0.028376267711075386,-0.703098174550169
CDMS-11-6B-JDCHBA-CorrEtiq.txt,0.0,0.0,0.0,3.3084364368196466,-1.0547592755800417,-0.01031640767650289,-1.069239914953312,0.6184829619850107,0.0,-0.7396358095405591,0.0,-1.054385824988922,0.4567687444730627,0.30342301269978533,-0.3257117298427036
CDMS-11-6B-JFSAHE-CorrEtiq.txt,0.0,0.0,0.0,0.0,-0.4316126622154293,-0.6043724810792441,-0.4316126622154293,-0.46852128566581813,0.0,-0.57715963238607,0.0,-0.15617590555503424,0.13459411275817734,-0.08187639812299803,-0.429474219696957
CDMS-11-6B-JLPENA-CorrEtiq.txt,0.0,0.0,0.0,0.0,-0.6043724810792441,-0.6317698239677798,-0.6112857749733267,-0.37791507234026617,0.0,-0.13869394994903939,0.0,0.7337993857053431,0.0,0.0,-0.33738398903048855
CDMS-11-6B-JMARME-CorrEtiq.txt,0.0,0.0,0.0,0.0,-0.25264557631995566,0.0,-0.25264557631995566,-0.5583405740294451,0.0,-0.20206403543597798,0.0,-0.2709321999946974,0.25211358550264984,0.21373199085735922,-0.5400486609106392
CDMS-11-6B-JPSAMA-CorrEtiq.txt,0.0,0.0,0.0,-0.10050378152592122,-0.402065581255289,-0.1741958343687454,-0.402065581255289,0.2665689504021673,0.0,-0.039626526777888534,0.0,-0.23481812262849533,0.6116989004262862,0.3954890244042888,-0.047720900900299595
CDMS-11-6B-LESTA-CorrEtiq.txt,0.0,0.0,0.0,1.689306053002671,-0.9083375102197144,-0.6311687442672026,-0.911322376865767,0.04317328917763459,0.0,-0.4760583530495229,0.0,-0.10448881981066671,0.14265566877322508,0.19153866989475504,-0.1493448572227616
CDMS-11-6B-MAGIMU-CorrEtiq.txt,0.0,0.0,0.0,-0.2294157338705618,-0.6741439973970683,-0.6611666714341691,-0.6759728244607578,-0.501259453814803,0.0,0.1919870906607798,0.0,1.0422600019442791,-0.3974435501169372,-0.6187709776505839,0.3659884454582857
CDMS-11-6B-MEBRTA-CorrEtiq.txt,0.0,0.0,0.0,2.0679037566136893,-0.8796372624671773,0.5100255019126594,-0.8955580336067785,-0.702802181054962,0.0,-0.3237629581862365,0.0,-0.9801960588196043,0.5850117752781153,0.7991777577889804,-0.7656953897610165
CDMS-11-6B-MMAMO-CorrEtiq.txt,0.0,0.0,0.0,0.0,-0.4472135954999579,0.0,-0.4472135954999579,-0.5155800469472481,0.0,0.13088399820073782,0.0,-0.3356433632826927,-0.32830539309874945,-0.2626208865484256,-0.5279085292151791
CDMS-11-6B-RSECA-CorrEtiq.txt,0.0,0.0,0.0,2.2968438147608112,1.689306053002671,-0.6824640938250515,1.0564214053751724,-0.35994450253793375,0.0,-0.8238398405224459,0.0,-1.6938451501737164,1.1566102965080263,1.1646005000341741,-0.3877246187582205
CDMS-11-6B-SCAPA-CorrEtiq.txt,0.0,0.0,0.0,0.0,-0.3424474289943298,-0.36041799879666214,-0.3424474289943298,-0.3239093921749544,0.0,0.0,0.0,0.5233325257455212,-0.1969555468952268,-0.5082411782418145,-0.32371423157451473
CDMS-11-6B-VZAPE-CorrEtiq.txt,0.0,0.0,0.0,-0.14285714285714288,-0.5026028286234493,-0.6519041681304218,-0.5026028286234493,-0.4714045207910317,0.0,0.3579462109896519,0.0,0.7011877275785835,-0.6865198215814513,-0.6989828870931363,-0.5186490816987362
CDMS-11-6B-YLNIME-CorrEtiq.txt,0.0,0.0,0.0,0.0,-0.40900304570431006,-0.4282599028401939,-0.40900304570431006,1.3202587778577637,0.0,-0.08052421735878312,0.0,0.5900611429110315,0.0,0.0,1.0516938074887765
CDMS-11-7C-ICARE-CorrEtiq.txt,0.0,0.0,0.0,-0.10050378152592122,-0.48705678739484887,-0.40533128562019727,-0.49034133558236237,-0.4218152888839166,0.0,0.5951429425937532,0.0,0.5962850623676899,-0.39647814128881376,-0.50779368363398,-0.433270637297745
CDMS-11-7C-IMOIB-CorrEtiq.txt,0.0,0.0,0.0,-0.10050378152592122,-0.46279762485732295,-0.6,-0.4714045207910317,-0.4396787718714283,0.0,0.08651108660703408,0.0,0.6989262981388259,-0.3663967458131492,-0.4203594220387933,-0.4437031087334233
CDMS-11-7C-SALMA-CorrEtiq.txt,0.0,0.0,0.0,0.0,-0.44961670266465387,-0.5520247743998223,-0.45392015063150826,0.5730574587065796,0.0,0.0,0.0,0.5542176368667093,-0.14164502239889676,-0.21213104137705696,0.2197902812131976
CDMS-11-7C-SPGAVE-CorrEtiq.txt,0.0,0.0,0.0,0.0,-0.36041799879666214,-0.3885612023425029,-0.36041799879666214,-0.3515615246553262,0.0,0.0,0.0,0.5388103647719066,-0.17681176697800977,-0.4159668991679822,-0.3331634126752339
CDMS-12-5A-SRIGO-CorrEtiq.txt,0.0,0.0,0.0,-0.20412414523193154,1.6572546034322724,-0.8167583037221927,1.7856873313329573,-0.6182692362186442,0.0,-0.4504213391043626,0.0,-0.7954684028598735,0.31814774753804215,0.4649848829223227,-0.6766496368995581
CDMS-12-6A-FAROPA-CorrEtiq.txt,0.0,0.0,0.0,-0.05025189076296061,0.8728608895300884,-0.602779059234519,0.9279051207291786,-0.4396787718714283,0.0,0.2242514223866215,0.0,-0.5183272276114694,0.23581916725922994,0.29734416819906273,-0.36028700393344015
CDMS-12-6A-JGIGA-CorrEtiq.txt,0.0,0.0,0.0,-0.10050378152592122,1.0090262421252758,-0.6720712766608051,1.0606601717798212,-0.5310850045437944,0.0,0.5100000377218978,0.0,-0.8056639186560824,0.13034188548983203,0.08023194320758428,0.5556996742919441
CDMS-12-6A-JSOTGU-CorrEtiq.txt,0.0,0.0,0.0,2.213211486674006,-0.6755964113173945,0.36084056621755917,-0.6834296476214932,-0.46279762485732295,0.0,-0.40713333266419294,0.0,-0.741992083169917,0.5356556682297142,0.5140947574457715,-0.4816231426554529
CDMS-12-6A-SROAL-CorrEtiq.txt,0.0,0.0,0.0,-0.14285714285714288,-0.7843508880841341,-0.6299511342689643,-0.7930626849085108,-0.5672181418603908,0.0,0.20314772402606562,0.0,0.4129424598456054,-0.6215080964752606,-0.5855071974804578,-0.6119377124197165
CDMS-12-6B-IJDAGA-CorrEtiq.txt,0.0,0.0,0.0,0.0,-0.3865556717425342,-0.3144854510165755,-0.3865556717425342,-0.5026028286234493,0.0,0.4434080020999802,0.0,-0.6467327497232298,0.015229505594689986,-0.04726513686835302,-0.5144066631832523
CDMS-12-6B-SCLAG-CorrEtiq.txt,0.0,0.0,0.0,1.2737267042222582,-0.4563827400167352,-0.3865556717425342,-0.5134893406237941,-0.5250066926260777,0.0,0.12840037288109157,0.0,-0.6760071615504282,-0.001014291787256573,-0.013955549004564954,-0.501348419629872
CDMS-12-7C-ARAHE-CorrEtiq.txt,0.0,0.0,0.0,-0.29488391230979427,-0.736572159670986,-0.782487443627218,-0.7421500330959918,-0.7751769452639553,0.0,0.618364091879326,0.0,1.2602520756252094,-1.0051699090751376,-1.0105660122763076,-0.8443672643728265
CDMS-12-7C-CATRAR-CorrEtiq.txt,0.0,0.0,0.0,0.0,-0.39301537763062916,-0.4034732923929645,-0.39301537763062916,0.5144957554275265,0.0,-0.8993003566124598,0.0,0.6511219295626457,0.5652578360966082,0.4926885192903101,0.5909228908240696
CDMS-12-7C-DLOLO-CorrEtiq.txt,0.0,0.0,0.0,0.0,0.7951611439223545,-0.5509693856703899,0.45729098652721023,-0.5970711230607042,0.0,0.38239174969186995,0.0,-0.533157652679255,-0.19181131716906197,-0.17024448672305456,-0.523241257684709
CDMS-12-7C-JSZAOR-CorrEtiq.txt,0.0,0.0,0.0,-0.05025189076296061,0.7486649492540078,-0.6006966338787947,0.5628437368693315,-0.7761292076035606,0.0,0.01620995449975015,0.0,-0.6414620504097295,-0.28019386838590965,-0.336881874922769,-0.8225777103921683
CDMS-12-7C-MAROBE-CorrEtiq.txt,0.0,0.0,0.0,0.0,-0.33333333333333337,-0.41783270604702605,-0.33333333333333337,-0.4072191860739057,0.0,0.14342795160433014,0.0,0.4843221048378497,-0.21294137050213757,-0.36199666624053717,-0.4131324860870796
CDMS-12-7C-VMAPA-CorrEtiq.txt,0.0,0.0,0.0,0.3157351463018295,-0.37791507234026617,0.18616963038827075,-0.3862137441565896,1.1154919141441277,0.0,-1.270991280024211,0.0,-0.3927258341096681,1.2746963589105889,1.2308508668038278,-0.27099250944348685
CDMS-12-7C-VQURA-CorrEtiq.txt,0.0,0.0,0.0,-0.05025189076296061,-0.48705678739484887,-0.5322750369565294,-0.48705678739484887,-0.4540953593404309,0.0,0.6152270030101082,0.0,0.7226422815193256,-0.8384902164412489,-0.944334522758907,-0.45756790315632945
CDMS-13-6B-ASUMO-CorrEtiq.txt,0.0,0.0,0.0,1.862170045515776,-1.0146764997133793,0.19950830759467644,-1.0383989577399189,-0.6086066999241838,0.0,-0.04426699196574618,0.0,-0.2781304140205217,0.31230624242749944,0.10019714382294133,-0.6642613233713661
CDMS-13-6B-JDTAHE-CorrEtiq.txt,0.0,0.0,0.0,2.8024420185749377,-0.8240265866215017,-0.6,-0.8385481602338832,-0.18935832092934085,0.0,-0.019334729780913544,0.0,-0.17227589046319589,0.06998136903247063,0.028925590077123788,-0.5214524070454762
CDMS-13-7C-MVEAR-CorrEtiq.txt,0.0,0.0,0.0,0.0,-0.438598722555895,-0.5155800469472481,-0.4418360821684622,-0.3515615246553262,0.0,0.08941402290733788,0.0,0.45256963785525406,0.0,-0.15018544277554605,-0.3331634126752339
CDMS-13-7C-RAIZAC-CorrEtiq.txt,0.0,0.0,0.0,-0.20412414523193154,-0.6190169781720666,-0.6328182813341423,-0.6215565409467472,0.8698768943810669,0.0,-0.28058654319044485,0.0,1.045209921605189,0.19814463438719349,-0.003963416966095597,1.1583376390065876
CDMS-13-7C-SSOSLO-CorrEtiq.txt,0.0,0.0,0.0,-0.14285714285714288,-0.7816511499936505,-0.5948030041269223,-0.7917797542729768,0.5824120670226641,0.0,0.4511836051105435,0.0,0.7150590628992988,-0.30831701214896273,-0.24840642459539494,0.6739993643588756
CDMS-14-10A-IMORTO-CorrEtiq.txt,0.0,0.0,0.0,-0.14285714285714288,-0.6255432421712244,0.7965833358652988,-0.6255432421712244,-0.5915167019106973,0.0,0.7776209027308019,0.0,-0.10050378152592132,-0.4300967582724962,-0.5121932901178097,-0.6110548648996252
CDMS-14-10A-JCVANI-CorrEtiq.txt,0.0,0.0,0.0,0.0,-0.3515615246553262,-0.5593236990101537,-0.3515615246553262,-0.4908181422771084,0.0,0.08072565757129457,0.0,-0.6167102789817916,-0.13088483654020355,0.36190556182909184,-0.44613378686922245
CDMS-14-5A-LSDUCO-CorrEtiq.txt,0.0,0.0,0.0,-0.14285714285714288,-0.6409831055487921,1.1487330537883809,-0.6409831055487921,-0.5773502691896258,0.0,0.22230694608904758,0.0,-0.5085355509246776,0.03569153051241236,-0.15208586030611512,-0.6038285776571656
CDMS-14-6B-KDCAHE-CorrEtiq.txt,0.0,0.0,0.0,-0.20412414523193154,-0.6324555320336759,-0.5865884600854132,-0.6344189708206865,0.0,0.0,0.16213610878138038,0.0,-0.06884283908215116,-0.06403183042445125,-0.06811577145744137,0.3970494432411505
CDMS-15-10A-AMALOS-CorrEtiq.txt,0.0,0.0,0.0,0.0,-0.5423640813900673,-0.5923326576882296,-0.5465357250000211,-0.5155800469472481,0.0,-0.35353366430372846,0.0,-0.2075298548306496,0.18098352399862971,0.20251316028768834,-0.48763838635060325
CDMS-15-10A-JJMACH-CorrEtiq.txt,0.0,0.0,0.0,0.0,-0.30468468166318485,-0.42578401274333294,-0.30468468166318485,-0.27435163058436723,0.0,0.05708395023073614,0.0,0.4685212856658147,0.0,0.0,-0.2742993798967348
CDMS-15-10A-MAALCA-CorrEtiq.txt,0.0,0.0,0.0,0.0,-0.4359972890293913,-0.3424474289943298,-0.4359972890293913,-0.35130390313566573,0.0,1.151127526455117,0.0,0.5696508780693209,-0.7438954224630014,-0.8642025683658747,-0.35117214399094115
CDMS-15-10A-MAALRI-CorrEtiq.txt,0.0,0.0,0.0,0.0,-0.39301537763062916,-0.48384517468034216,-0.39301537763062916,-0.4540953593404309,0.0,-0.2238288605885136,0.0,-0.5324183353295247,0.0,0.0,-0.36028640438816434
CDMS-15-10A-SGOMO-CorrEtiq.txt,0.0,0.0,0.0,0.0,-0.4034732923929645,-0.29488391230979427,-0.4034732923929645,-0.36927447293799814,0.0,0.39810371055420973,0.0,0.45256963785525406,-0.21821789023599225,-0.3936093935137733,-0.3691808753066484
CDMS-15-10A-SHEGA-CorrEtiq.txt,0.0,0.0,0.0,0.0,-0.42008402520840293,-0.5823630167483491,-0.42008402520840293,-0.25264557631995566,0.0,-0.08871830321709903,0.0,0.38655567174253447,0.0,-0.06628603732113586,-0.25264557631995566
CDMS-15-11B-JEMOLO-CorrEtiq.txt,0.0,0.0,0.0,0.0,-0.5180653234396059,-0.5180653234396059,-0.5241424183609591,-0.5155800469472481,0.0,-0.6851064595573101,0.0,-0.48189987357505815,0.9172566562152085,0.8775084727487068,-0.5184758473652127
CDMS-15-11B-VSAHO-CorrEtiq.txt,0.0,0.0,0.0,1.0257620258664968,-0.6833114882457267,-0.2714020295471131,-0.6833114882457267,2.2135030565869718,0.0,-0.03875485506092953,0.0,0.21426118711835968,0.40059376367637245,0.119957137371287,0.8617629209773983
CDMS-16-10A-SGALO-CorrEtiq.txt,0.0,0.0,0.0,0.0,-0.6985655036060772,-0.6747035629043534,-0.7042216856808637,-0.493470021609141,0.0,0.48495999712001503,0.0,0.5541645126555329,-0.3449052787723178,-0.30462152196597636,-0.49520452258468695
CDMS-16-11B-NGABE-CorrEtiq.txt,0.0,0.0,0.0,0.0,-0.5243034165857579,-0.5090326617198029,-0.5243034165857579,0.7697866351167484,0.0,0.088330183440487,0.0,0.5077900234736219,-0.33237812493297536,-0.04718894686897479,1.020443786322907
CDMS-18-7C-VVECA-CorrEtiq.txt,0.0,0.0,0.0,-0.14285714285714288,1.0090262421252758,-0.6585527740981747,0.9433414969939034,-0.6564879518897746,0.0,0.33815487033795755,0.0,-0.2760007400805402,-0.27465689319140696,-0.31672642930109435,-0.6930738925646596
CDMS-8-4A-DBEVA-CorrEtiq.txt,0.0,0.0,0.0,0.0,-0.447202860011857,0.0,-0.447202860011857,-0.37791507234026617,0.0,0.0,0.0,0.0,0.0,0.0,-0.3728974474979273
CDMS-8-4A-DJAVDA-CorrEtiq.txt,0.0,0.0,0.0,0.0,-0.9203542373043645,0.5894484461298128,-0.9397713727718534,-0.8313335039986306,0.0,-0.03530762460390106,0.0,-0.41618689984181656,-0.13931239936204765,-0.15282256946973605,-0.860642996221478
CDMS-8-4A-DOSTR-CorrEtiq.txt,0.0,0.0,0.0,0.0,-0.666071507203717,-0.6391613822834319,-0.6764179117834591,-0.5122467023776154,0.0,0.7178349657680055,0.0,0.7045130624375757,-0.7004648439772727,-0.910984044406727,-0.5189287651818808
CDMS-8-4A-LGOPA-CorrEtiq.txt,0.0,0.0,0.0,0.0,-0.4540953593404309,-0.5429333019346428,-0.4556210808256099,-0.4396787718714283,0.0,0.21594192738109258,0.0,-0.413892143735038,0.0,0.040789672140490424,-0.32295506429356646
CDMS-8-4C-JDBUTU-CorrEtiq.txt,0.0,0.0,0.0,-0.29488391230979427,-0.5533068361424334,-0.7348236377106105,-0.5623916050338599,0.6582183780869638,0.0,0.1727754538071605,0.0,0.9357596582142358,-0.45497318986980095,-0.626258368709541,0.41854412499750876
CDMS-9-4A-ACDUTR-CorrEtiq.txt,0.0,0.0,0.0,0.0,-0.5180653234396059,-0.5650320466312655,-0.5180653234396059,-0.6081636405595373,0.0,-0.1294238549296725,0.0,0.0,0.07099374715451551,0.12907587492231706,-0.638880244893639
CDMS-9-4A-CARGA-CorrEtiq.txt,0.0,0.0,0.0,0.0,-0.4843221048378526,-0.5393308788692646,-0.4936258837698759,-0.6311687442672026,0.0,0.43135953879095396,0.0,0.14285714285714302,-0.31530525327663844,-0.4847917136888046,-0.668200688635268
CDMS-9-4A-CRAAG-CorrEtiq.txt,0.0,0.0,0.0,0.0,-0.5277096467385334,-0.5409260830717291,-0.5293649287774405,-0.37791507234026617,0.0,0.9940299755774193,0.0,0.6880275367830906,-0.7686901063017751,-0.8254049188066495,-0.2743516305843671
CDMS-9-4A-EROHI-CorrEtiq.txt,0.0,0.0,0.0,-0.10050378152592122,-0.5570860145311556,-0.46852128566581813,-0.5570860145311556,-0.5243342889332725,0.0,0.07659111352344736,0.0,-0.12006405124555015,-0.03790830645414889,-0.14392626473381545,-0.4380384243712113
CDMS-9-4A-ILOSE-CorrEtiq.txt,0.0,0.0,0.0,0.0,-0.47483269517812454,-0.5293649287774405,-0.47483269517812454,-0.5408474801296659,0.0,0.7590705883304358,0.0,0.41177865880068476,-0.542675291752789,-0.6060843424290159,-0.5083960907164045
CDMS-9-4A-TGAFR-CorrEtiq.txt,0.0,0.0,0.0,2.06418738616856,-0.041739193556484144,-0.9121323786332661,-0.18689261259251488,-0.8893100292552799,0.0,0.4178889491591969,0.0,-0.012599815792038286,-0.40962167180641074,-0.35352902197823466,-0.9528394078739489
CDMS-9-4C-SCAMO-CorrEtiq.txt,0.0,0.0,0.0,-0.17586311452816475,-0.5948030041269223,-0.5623916050338599,-0.5948030041269223,0.0,0.0,0.23163512314745563,0.0,0.9218120106421629,-0.27793246116457193,-0.5792138117802199,-0.20290430920584632
CDMS-9-5A-ABERO-CorrEtiq.txt,0.0,0.0,0.0,-0.2674204109383328,-0.767749409944954,0.726785711181974,-0.767749409944954,-0.6989100547806404,0.0,0.1529209807818747,0.0,0.06262820845494993,-0.5914272391848674,-0.5734176288387843,-0.6999622913822412
CDMS-9-5A-PAGACO-CorrEtiq.txt,0.0,0.0,0.0,-0.10050378152592122,-0.6224199682387501,-0.616847170218349,-0.6304883249912806,-0.502518907629606,0.0,0.2660503178294967,0.0,0.14891615820998788,-0.23003427296527143,-0.20663582024854338,-0.46808446009417165
CDMS-9-5A-VVAAR-CorrEtiq.txt,0.0,0.0,0.0,-0.38437477822836114,0.31462812801965856,1.9417576559559686,0.4450358344553981,0.24770463933709663,0.0,-2.493132642749994,0.0,-1.7152399811900416,2.6546718986500313,3.2326391243940824,0.3204573697391144
CDMS-9-5C-JDMADE-CorrEtiq.txt,0.0,0.0,0.0,-0.49312581760529695,-0.12324960791653428,-0.352849372551832,-0.12324960791653428,-0.8807801729765445,0.0,-0.09817777791479829,0.0,0.07087241010483902,-0.7614610809549224,-0.5378662341550414,-0.8871476856151002
CDMS-9-5C-LVIZAC-CorrEtiq.txt,0.0,0.0,0.0,-0.14285714285714288,-0.6073516944008988,-0.4264014327112209,-0.6081636405595373,-0.4714045207910317,0.0,0.4712636197590176,0.0,0.3830342677113018,-0.41379455915149993,-0.4513478976343648,-0.44048639377518745
CDMS-9-5C-MLOGO-CorrEtiq.txt,0.0,0.0,0.0,-0.05025189076296061,0.9915240634487433,-0.6585881055592455,0.6989260852867433,0.11418498161989327,0.0,-0.4961856576918452,0.0,-1.0332154197850074,0.6208440991672128,0.661792658906929,0.11414877726439523
CDMS-9-5C-SCAAG-CorrEtiq.txt,0.0,0.0,0.0,-0.17586311452816475,-0.5773502691896258,-0.46852128566581813,-0.5773502691896258,-0.5324915566244339,0.0,0.6716646855517506,0.0,0.6612233653467556,-0.5208935532293613,-0.5546858622985247,-0.5330849895395869
CDMS-XX-10A-VGILO-CorrEtiq.txt,0.0,0.0,0.0,0.0,-0.5641519475835701,0.5284716385983179,-0.5641519475835701,-0.5310850045437944,0.0,-0.4512920922216141,0.0,-0.692917765584321,0.8394439961482653,0.5607873176695232,-0.5783433427867132
CDMS-XX-5C-MJSARU-CorrEtiq.txt,0.0,0.0,0.0,-0.12168046219153206,-0.5372254642708927,-0.4948298080091491,-0.5415078305197791,-0.5025608681265277,0.0,0.7757527842374908,0.0,0.7987989227783319,-1.0641101282789487,-1.0971530890987946,-0.5227083840519017
CDMS-XX-5C-MPCAQU-CorrEtiq.txt,0.0,0.0,0.0,-0.17586311452816475,-0.46852128566581813,-0.6195855517393628,-0.46852128566581813,-0.6049352302376835,0.0,0.6293167755275526,0.0,0.6612416337794929,-0.4541505093595346,-0.6123156413712731,-0.6562751654919702
CDMS-XX-6A-MAGICA-CorrEtiq.txt,0.0,0.0,0.0,-0.10050378152592122,-0.5180653234396059,-0.5476785124742365,-0.5211038709002824,-0.43643578047198484,0.0,-0.09024497600282592,0.0,0.5464651580684361,-0.14444079279046082,-0.17680897606808055,-0.4427095434318744
CDMS-XX-6B-SPUCA-CorrEtiq.txt,0.0,0.0,0.0,0.0,-0.4714045207910317,-0.538833730210689,-0.4718762485444965,-0.33333333333333337,0.0,0.09652692864986495,0.0,0.4200840252084042,0.0,-0.05933579333662958,-0.31443583526709123
CSO-10-4A-ICAPA-CorrEtiq.txt,0.0,0.0,0.0,-0.35633158904644796,-0.27222069975994556,0.7715514193822015,-0.204663500161369,-0.20276007357503542,0.0,-0.056101735812854506,0.0,-0.5289530957469448,0.21255597706668328,0.4014899610730344,0.1149595664824927
CSO-10-4A-KCOMO-CorrEtiq.txt,0.0,0.0,0.0,0.49431153274298073,-0.7428041493700419,0.03513400878897643,-0.75,-0.7198051755130666,0.0,0.1091089451179958,0.0,-0.31448545101657627,0.18298882785650478,0.2295664870118306,-0.5551283303995097
CSO-10-4A-LRAVI-CorrEtiq.txt,0.0,0.0,0.0,-0.36927447293799814,0.4571443992078604,-0.8795074896120927,0.4975078008762704,-0.626300100575299,0.0,0.8200301621374763,0.0,0.41570416995404796,-0.7730596403509645,-0.7859642060264698,-0.7321762147485098
CSO-10-4A-LSCAVA-CorrEtiq.txt,0.0,0.0,0.0,0.0,-0.33333333333333337,-0.46852128566581813,-0.33333333333333337,-0.33333333333333337,0.0,-0.2311077792860255,0.0,0.23762384288711536,0.032403355914653154,0.0,-0.33324837300428367
CSO-10-5A-ACAVA-CorrEtiq.txt,0.0,0.0,0.0,0.0,-0.3865556717425342,-0.42348694856863145,-0.3865556717425342,-0.43148400027826295,0.0,0.94823225675782,0.0,0.4843221048378497,-0.8419970834600037,-0.8411808727435034,-0.3515615246553262
CSO-10-5A-ARACA-CorrEtiq.txt,0.0,0.0,0.0,-0.2294157338705618,-0.7155341378656146,-0.741730558938231,-0.7251550696685151,-0.32322271848256023,0.0,-0.40237057902938156,0.0,1.1919063187017862,-0.001910544642836529,-0.3854019798704005,-0.22911097466724095
CSO-10-5A-DABRZA-CorrEtiq.txt,0.0,0.0,0.0,-0.10050378152592122,-0.6224199682387501,-0.5211004071769555,-0.6304883249912806,1.0493871434026054,0.0,-1.280928061613581,0.0,-0.3973597071195136,0.8943570537410268,0.8199672727874169,0.45199874800595163
CSO-10-5A-GZAMA-CorrEtiq.txt,0.0,0.0,0.0,2.391441707927753,1.0973637235567588,-0.6575203629939746,0.27472596513215464,-0.3710641287988989,0.0,-0.13503308391413218,0.0,-0.8676483974233522,0.3486616292798227,0.46227175820134603,-0.2860103166029333
CSO-10-5A-IPECA-CorrEtiq.txt,0.0,0.0,0.0,-0.10050378152592122,-0.602478796894066,1.2452941880255706,-0.602478796894066,-0.44272507420632373,0.0,-0.22202828478076175,0.0,-0.6680513182213276,0.037470166610651105,0.21948516142498398,-0.4433411801851126
CSO-10-5A-JANORO-CorrEtiq.txt,0.0,0.0,0.0,-0.17586311452816475,-0.7353717262499505,-0.5408474801296659,-0.7501472157089046,0.8480206308963744,0.0,-0.29724174209159926,0.0,0.09326063351630848,-0.19748126659753146,-0.34167061365308804,0.49179976255358204
CSO-10-5A-JBUVE-CorrEtiq.txt,0.0,0.0,0.0,0.0,0.0,-0.4525696378552518,0.0,-0.4556210808256099,0.0,0.0,0.0,-0.945853876863165,0.4486128418738704,0.2898893644126456,-0.484708606773526
CSO-10-5A-JJSEMO-CorrEtiq.txt,0.0,0.0,0.0,-0.25264557631995566,-0.48705678739484887,-0.7011877275785814,-0.48705678739484887,-0.6,0.0,0.5099904700223408,0.0,0.21324099483760026,-0.31696128246158023,-0.394772149169612,-0.5594177021028223
CSO-10-5A-JLCARI-CorrEtiq.txt,0.0,0.0,0.0,-0.10050378152592122,-0.8620415984662322,1.6314378652372379,-0.8847932493973876,0.836061988507412,0.0,-0.8091149893152946,0.0,-0.7123083724433621,0.6003306885144892,0.20823600466949826,1.1967606514724858
CSO-10-5A-MAARAN-CorrEtiq.txt,0.0,0.0,0.0,1.0004314201297255,-1.020597108537935,0.8520801469075577,-1.0352296127482785,0.7510968172606032,0.0,-0.14451932353994085,0.0,0.19134578515815978,0.08795030871537064,0.3033264419097277,0.5378138182465904
CSO-10-5A-MAOSMO-CorrEtiq.txt,0.0,0.0,0.0,-0.24103065509525873,0.05064439169103662,-0.70821250776399,0.08935858478347809,-0.7071481990550996,0.0,0.162109952879116,0.0,0.35865158717364265,-0.12772669973112658,-0.38919951123463215,-0.6179542372636586
CSO-10-5A-RVMOIB-CorrEtiq.txt,0.0,0.0,0.0,-0.10050378152592122,-0.546318857505849,-0.544903701147055,-0.546318857505849,-0.3820995459105041,0.0,0.34354776908344464,0.0,0.7402063071673122,-0.3357248825032043,-0.4542260847469435,-0.4049800367861797
CSO-10-5A-SVHEES-CorrEtiq.txt,0.0,0.0,0.0,-0.17586311452816475,-0.5488212999484517,-0.5155800469472481,-0.5488212999484517,0.618309370051277,0.0,0.2837521769195829,0.0,0.5544954504367363,-0.2772693641183147,-0.19098638702464896,0.6465883674897035
CSO-11-5A-MDVOSPE-CorrEtiq.txt,0.0,0.0,0.0,4.358898943540674,-0.45786744058288803,-0.6539285069510805,-0.45786744058288803,-0.5671074875943874,0.0,-0.915019296701485,0.0,-1.072787270984786,1.0123641232943807,0.9123012725809581,-0.5817807381423044
CSO-11-5A-MTAGA-CorrEtiq.txt,0.0,0.0,0.0,1.5363462778459422,-0.9215408574422643,0.35907049740130836,-0.9563324295804382,-0.8974978283245043,0.0,0.4605659637232814,0.0,0.0940956792028846,-0.1653129997050534,-0.2879400377706494,-1.0151262823279215
CSO-11-6A-CAPAMU-CorrEtiq.txt,0.0,0.0,0.0,3.5180611846631846,0.9633107228343031,-0.610873714661968,0.5298741076318696,-0.6231708335409473,0.0,-0.24531611821811275,0.0,-1.1125335753328771,0.3238749653005948,0.32600581246422466,-0.6416785093819243
CSO-11-6A-DSCACH-CorrEtiq.txt,0.0,0.0,0.0,0.0,-0.610873714661968,-0.6021512167692145,-0.6162872789499799,-0.5998421760445642,0.0,0.6130168153452381,0.0,0.4843221048378497,-0.3940925234485868,-0.6356195742911324,-0.6497560558997945
CSO-11-6A-EROMO-CorrEtiq.txt,0.0,0.0,0.0,0.0,-0.3515615246553262,-0.36927447293799814,-0.3515615246553262,-0.25264557631995566,0.0,0.05907199443494576,0.0,0.4843221048378497,-0.3482265462057047,-0.7714871695573607,-0.25253798130004274
CSO-11-6A-FSOVRE-CorrEtiq.txt,0.0,0.0,0.0,-0.3144854510165755,0.34423916772343244,-0.7657239254178303,0.4077234197749873,-0.5696519211398117,0.0,0.6356972202999055,0.0,0.6261879661168138,-0.7756651297668713,-0.9474483083840598,-0.5709150311912705
CSO-11-6B-ANREVA-CorrEtiq.txt,0.0,0.0,0.0,-0.10050378152592122,0.6720460402294627,-0.5175218286277214,0.7624928516630234,-0.5334650693692645,0.0,0.25741401141831594,0.0,0.0,0.0,-0.09936929858925964,-0.5290819612580412
CSO-11-6B-DISEMO-CorrEtiq.txt,0.0,0.0,0.0,0.8280816986998949,0.7263598541970515,-0.10751783966088227,-0.17126585871305577,0.831885122510829,0.0,-1.0043770841805044,0.0,-0.43690870546005167,1.2753496504229809,1.2366212279988251,1.009689618458974
CSO-11-6B-LHFDLACH-CorrEtiq.txt,0.0,0.0,0.0,0.0,-0.33333333333333337,-0.46279762485732295,-0.33333333333333337,-0.4714045207910317,0.0,0.0,0.0,0.4200840252084042,0.0,0.0,-0.456039921948795
CSO-11-6B-RJGIHE-CorrEtiq.txt,0.0,0.0,0.0,-0.05025189076296061,-0.5320287768138713,-0.48568944611635073,-0.5320287768138713,-0.5792059151201641,0.0,-1.2021461213813294,0.0,0.5410760816426977,-0.25861749742520945,0.05599838019832626,-0.6278743078047964
CSO-11-6B-SFLVA-CorrEtiq.txt,0.0,0.0,0.0,0.0,-0.4950347534224409,-0.41443532905285474,-0.4950347534224409,-0.510292115534606,0.0,-0.569747140656576,0.0,-1.032801834681886,0.7397711192193533,0.8165246276591897,-0.46680088123522023
CSO-11-6B-VCOMA-CorrEtiq.txt,0.0,0.0,0.0,-0.05025189076296061,0.5714284671258866,-0.6150072077892834,0.5968605332033265,-0.24103065509525873,0.0,0.09767641002831653,0.0,-0.18297868170973688,-0.2148241807468966,-0.3308509597821525,-0.26344635276452905
CSO-12-6A-DGISE-CorrEtiq.txt,0.0,0.0,0.0,-0.14285714285714288,-0.6834296476214932,1.0526333125289102,-0.6965260331469924,-0.6312175918475982,0.0,0.14512580604003553,0.0,-0.48851381486736667,0.010600574354678,0.040640661790925105,-0.6511374151028276
CSO-12-6A-FJOVRE-CorrEtiq.txt,0.0,0.0,0.0,0.0,0.03146410812495725,0.02294761302738383,0.0,-0.7977906370990443,0.0,-0.0397500646863018,0.0,-0.8340576562282982,0.3684555725799933,0.3227924466811564,-0.8464414757938516
CSO-12-6B-GQULO-CorrEtiq.txt,0.0,0.0,0.0,0.8784381271934221,-0.5650320466312655,1.5294934391835144,-0.5678187527901408,-0.48705678739484887,0.0,-0.03016484887033851,0.0,-0.5820662416228556,1.0619131671036404,1.3854893628059328,-0.5161595907538974
CSO-12-6B-LJHEFE-CorrEtiq.txt,0.0,0.0,0.0,-0.3515615246553262,-0.7720486469779562,0.0,-0.7738257069169828,-0.6488856845230502,0.0,-0.03493412395299528,0.0,0.3292927799690714,0.006008526139390372,-0.0938703717118899,-0.6824768416713582
CSO-12-6B-VPAMA-CorrEtiq.txt,0.0,0.0,0.0,4.843414787995074,-0.7257256918890472,-0.6357592732294435,-0.7423610786429184,-0.6199747608976518,0.0,-0.5525625836421219,0.0,-0.61237792745181,0.9825689903349435,0.6153473586103366,-0.697270237334839
CSO-12-7A-DALRE-CorrEtiq.txt,0.0,0.0,0.0,0.3019785869851017,0.9674593065888253,-0.6822309636426447,0.7926235923668232,-0.4093686515432289,0.0,-0.5497826451636747,0.0,0.012929746975879466,0.022912035217062858,0.09542691083166266,-0.48334387537052165
CSO-12-7A-ESALA-CorrEtiq.txt,0.0,0.0,0.0,-0.20412414523193154,1.1026456085839622,-0.6375498105247469,1.125897916975893,-0.6559528457717391,0.0,0.0025245845041492803,0.0,-0.29098899914036913,0.0,-0.10662274927997846,-0.6868872818740831
CSO-12-7A-IMERO-CorrEtiq.txt,0.0,0.0,0.0,-0.10050378152592122,-0.5621715459914381,-0.5487804923565874,-0.5630517172662932,-0.592407654964055,0.0,0.12695178248281577,0.0,0.582772607670579,-0.05164806345847486,-0.1206159965519242,-0.5006534196046434
CSO-12-7A-JHEZA-CorrEtiq.txt,0.0,0.0,0.0,2.586949495507729,-0.6639541502230797,-0.6703671202997136,-0.6639541502230797,1.4537993563671499,0.0,0.03105876824616867,0.0,-0.2515934154126129,-0.10395544653986306,-0.009897482829905054,0.7111317945873281
CSO-12-7A-LSARAR-CorrEtiq.txt,0.0,0.0,0.0,-0.10050378152592122,-0.5623916050338599,-0.5393308788692646,-0.5641519475835701,-0.4714045207910317,0.0,0.7435353898861581,0.0,0.7226422815193256,-0.7840461300725385,-0.7307426482410078,-0.47421131177246767
CSO-12-7A-SCAHO-CorrEtiq.txt,0.0,0.0,0.0,-0.14285714285714288,-0.6527533657682195,-0.42008402520840293,-0.6612233653467519,-0.42008402520840293,0.0,0.1804195027940737,0.0,0.662266178532524,0.09116744095291783,-0.03164321673464513,-0.42501188585063454
CSO-12-7B-DVAGRO-CorrEtiq.txt,0.0,0.0,0.0,-0.10050378152592122,-0.3144854510165755,-0.5488212999484517,-0.3144854510165755,-0.4556210808256099,0.0,-0.6231059716434775,0.0,0.3831305140884623,0.011905980612795585,-0.03505755326957832,-0.4368543804389563
CSO-12-7B-SMUGU-CorrEtiq.txt,0.0,0.0,0.0,-0.10050378152592122,-0.5948030041269223,-0.5623916050338599,-0.59695073913753,-0.46852128566581813,0.0,0.43269743959932094,0.0,0.6989262981388259,-0.283739083240826,-0.3461617081612713,-0.46205312472420024
CSO-12-7B-SSARA-CorrEtiq.txt,0.0,0.0,0.0,0.0,-0.3865556717425342,-0.4034732923929645,-0.3865556717425342,0.0,0.0,0.04033796563380677,0.0,0.0,-0.23017334196668846,0.0,0.0
CSO-12-7B-VHOMA-CorrEtiq.txt,0.0,0.0,0.0,0.0,0.0,-0.5256387195990249,0.017330909742971468,-0.4359972890293913,0.0,0.0,0.0,-0.25809508210584803,0.0,0.0,-0.43271769397969523
CSO-12-8A-YTOME-CorrEtiq.txt,0.0,0.0,0.0,-0.20412414523193154,-0.5773502691896258,-0.6573531649883693,-0.5810827895588679,0.5665330580962729,0.0,0.6390247508478224,0.0,0.9069385429020008,-0.2423269818563965,-0.012900507318969096,0.6522159529796355
CSO-13-6A-ANASA-CorrEtiq.txt,0.0,0.0,0.0,-0.10050378152592122,-0.4714045207910317,-0.5175218286277214,-0.4714045207910317,-0.43643578047198484,0.0,0.3797881297131769,0.0,0.561951486949016,-0.21758445525607298,-0.19120915573426464,-0.3862887259714357
CSO-13-6B-JETAVE-CorrEtiq.txt,0.0,0.0,0.0,-0.10050378152592122,0.011788388026930803,-0.7737212026413414,0.06159925565930282,-0.35130390313566573,0.0,0.4720095284162197,0.0,0.2386571185480103,-0.2457590799755196,-0.23330976392492916,0.1583386844567199
CSO-13-6B-LFMIES-CorrEtiq.txt,0.0,0.0,0.0,0.1975361094818715,-0.8813646968339699,-0.15537830843289735,-0.8885564634735772,0.3815361835702711,0.0,0.15133785698624835,0.0,0.3027372250784732,0.14894540598210626,-0.25374858676587636,0.8650561428712648
CSO-13-6B-LJMAHU-CorrEtiq.txt,0.0,0.0,0.0,0.0,-0.3424474289943298,-0.6764467038911122,-0.3424474289943298,-0.3414483259702895,0.0,-0.1837884321597579,0.0,0.4921610524189237,-0.14259525647246835,-0.12728673946460306,-0.3333333333333334
CSO-13-7A-CAPAMU-CorrEtiq.txt,0.0,0.0,0.0,0.0,-0.42354655255943036,-0.4525696378552518,-0.42354655255943036,1.7997002533552031,0.0,-1.2133240547799646,0.0,0.670919649060685,1.408735319361028,1.204746591233817,1.094334166836725
CSO-13-7A-CDDITR-CorrEtiq.txt,0.0,0.0,0.0,-0.17586311452816475,0.753472216053747,-0.5948030041269223,0.8125,-0.5650320466312655,0.0,0.3877897624765488,0.0,-0.011868652431962872,-0.38775702685999036,-0.6537137598448729,-0.6045365688517547
CSO-13-7A-JJATFL-CorrEtiq.txt,0.0,0.0,0.0,4.340390296286073,2.8289434375036255,-0.749399075450884,0.7383528594096849,-0.6228540902685177,0.0,-1.5647389375004046,0.0,-1.554425978549319,1.7044622568003862,1.910222380333624,-0.6559098151395419
CSO-13-7A-KRAMA-CorrEtiq.txt,0.0,0.0,0.0,2.722248035641481,-1.1269641077839805,0.9740784673006979,-1.1246171962755556,1.5035272627784653,0.0,-1.9106014064609909,0.0,-0.8224266284042986,1.8249189100568044,1.7110834336357117,0.018924466884905095
CSO-13-7A-RXCHLU-CorrEtiq.txt,0.0,0.0,0.0,2.064741604835056,-0.5026028286234493,-0.668042657122685,-0.5155800469472481,-0.4525696378552518,0.0,0.016875383985273405,0.0,-0.5629784083986642,0.3116791177305005,0.3695877040411231,-0.5142742071793858
CSO-13-7A-YAMEZA-CorrEtiq.txt,0.0,0.0,0.0,1.3278568889205098,-0.5571223316220075,-0.5310850045437944,-0.5465357250000211,0.0,0.0,-0.032947145752237346,0.0,-0.0553189263364429,-0.13897231638362395,-0.1262790774735011,-0.38282055254827063
CSO-13-8A-KIGAGU-CorrEtiq.txt,0.0,0.0,0.0,0.0,-0.48726173280814067,-0.4714045207910317,-0.49034133558236237,-0.397020012667718,0.0,0.042357523400511216,0.0,0.0,-0.17015292675170873,0.0,-0.388721445894084
CSO-13-8A-MBUAN-CorrEtiq.txt,0.0,0.0,0.0,0.0,-0.4833682445228318,-0.33333333333333337,-0.4833682445228318,-0.47826086956521735,0.0,-0.13570607230406087,0.0,-0.32035815410904717,0.0,0.011208465963750781,-0.5030383765502005
CSO-13-8A-MGAAN-CorrEtiq.txt,0.0,0.0,0.0,-0.10050378152592122,-0.5696519211398117,-0.5180653234396059,-0.5696519211398117,-0.46852128566581813,0.0,0.12975312750350798,0.0,0.6680426571226876,-0.28531918122670874,-0.32114215197894963,-0.2743516305843671
CSO-13-8A-MGAHE-CorrEtiq.txt,0.0,0.0,0.0,-0.33333333333333337,3.58323487822294,-0.7148145064814466,3.691808688918301,-0.7755149821534617,0.0,-1.1846904323862208,0.0,-2.1470961288429455,1.2219143964467263,0.7451903844734006,-0.8838458399261344
CSO-13-8A-MJAGA-CorrEtiq.txt,0.0,0.0,0.0,-0.10050378152592122,-0.5794738635559413,-0.3865556717425342,-0.5794738635559413,-0.5488212999484517,0.0,0.1601646627325577,0.0,0.17494533812142274,-0.6233283628371109,-0.543928453904293,-0.5578326764526007
CSO-13-8A-VHODU-CorrEtiq.txt,0.0,0.0,0.0,-0.14285714285714288,-0.4556210808256099,-0.021324918758878337,-0.6815371991715903,1.7236241503820597,0.0,-1.3422799928504279,0.0,0.4418360821684641,0.5756696098696653,0.40318807946792956,2.1792524232668504
CSO-13-8B-FCJISA-CorrEtiq.txt,0.0,0.0,0.0,-0.17586311452816475,-0.7752642268810355,-0.7524652978977415,-0.7755854731387535,-0.6213521438421318,0.0,0.10418504857747815,0.0,1.030310972689834,-0.24736277700974307,-0.42619987984456703,-0.6518245262441861
CSO-13-8B-JEMABE-CorrEtiq.txt,0.0,0.0,0.0,0.6157769628036759,-0.7242437519978604,-0.6074958441505186,-0.7262724685779287,-0.6614130668611456,0.0,0.6747482584400023,0.0,0.4235974998751659,0.13049183309305432,-0.34976611631313237,-0.4516897398851925
CSO-13-9B-DMLLLU-CorrEtiq.txt,0.0,0.0,0.0,0.0,-0.36927447293799814,-0.36927447293799814,-0.36927447293799814,-0.3515615246553262,0.0,-0.5855471147828902,0.0,0.5155800469472462,0.22845553759914936,0.19682700914345022,-0.3513393599600999
CSO-14-7A-MVEBE-CorrEtiq.txt,0.0,0.0,0.0,0.0,-0.5756707012115152,-0.3515615246553262,-0.5761659596980317,-0.3736323588785367,0.0,0.539020599447704,0.0,0.22086305214969373,0.050832856777534706,0.0,-0.3143147604209035
CSO-14-7B-EALHU-CorrEtiq.txt,0.0,0.0,0.0,1.4222261679238195,1.352278676769608,-0.5773502691896258,1.057515409107773,-0.553434723749793,0.0,-1.1160608449354803,0.0,-0.8850888795221529,1.6087056229553554,1.5011926372640432,-0.5904502397449765
CSO-14-7B-EVEGO-CorrEtiq.txt,0.0,0.0,0.0,1.6115589663919447,-0.5823630167483491,-0.6101545896612097,-0.5865884600854132,-0.48705678739484887,0.0,0.34872751613358405,0.0,0.10178104437964998,-0.22557184744398795,-0.0691792548113773,-0.44049555614515007
CSO-14-8A-MCIDOS-CorrEtiq.txt,0.0,0.0,0.0,-0.17586311452816475,-0.5180653234396059,-0.5707376456473634,-0.5180653234396059,-0.4476499263485191,0.0,-0.19135432558506035,0.0,0.8246405999415891,0.14945010832192887,-0.04023514270192929,0.38483343010391574
CSO-14-8A-SZARA-CorrEtiq.txt,0.0,0.0,0.0,0.0,-0.3865556717425342,-0.4525696378552518,-0.3865556717425342,-0.5622535302317492,0.0,0.41647365794896435,0.0,-0.8664712341376664,0.0,0.09641144914108105,-0.5855479502220429
CSO-14-8B-JLLORA-CorrEtiq.txt,0.0,0.0,0.0,0.0,-0.3274989103392518,0.15749717032945992,-0.46565945526157054,-0.20516118442621004,0.0,-0.12286470839515456,0.0,-0.5458767152702955,0.5239103656578783,0.49416351519037915,0.016950112309441184
CSO-14-9A-AEDCAGO-CorrEtiq.txt,0.0,0.0,0.0,0.0,-0.33333333333333337,-0.4843221048378526,-0.33333333333333337,2.1343747458109497,0.0,-0.6826921539191478,0.0,0.49999999999999767,0.7116835718867663,0.5435793378268438,1.993265342253024
CSO-14-9A-HASACA-CorrEtiq.txt,0.0,0.0,0.0,0.0,-0.5283169874926965,-0.610873714661968,-0.5283169874926965,-0.42008402520840293,0.0,0.7045482881036969,0.0,0.5927489783638196,-0.7384939322262243,-0.7641973574879357,-0.46372225264551925
CSO-14-9A-JSMAAL-CorrEtiq.txt,0.0,0.0,0.0,0.0,-0.4843221048378526,0.0,-0.4843221048378526,-0.36927447293799814,0.0,-0.0604122093330173,0.0,-0.44054857978380746,0.1451801755487485,0.09639446884463145,-0.4362083905313054
CSO-14-9A-MARJA-CorrEtiq.txt,0.0,0.0,0.0,0.0,-0.43148400027826295,-0.46852128566581813,-0.43643578047198484,-0.27435163058436723,0.0,0.25258904032213364,0.0,0.5465357250000198,-0.2607451979069033,-0.18410334954012503,-0.2743516305843671
CSO-14-9A-SORZU-CorrEtiq.txt,0.0,0.0,0.0,0.0,-0.5329783129968493,-0.5773502691896258,-0.5361404877247946,-0.5093816431592217,0.0,-0.5513335163882029,0.0,-0.3297149362958238,0.4677885168117005,0.39366716885422837,-0.5159421825602677
CSO-14-9B-ERAGA-CorrEtiq.txt,0.0,0.0,0.0,-0.10050378152592122,-0.5440760894088581,-0.6372395473602607,-0.5535189279643409,-0.5564866237660109,0.0,0.5022870554932996,0.0,0.7132657357331174,-0.5610526399813209,-0.6469941511050175,-0.5943136233188588
CSO-14-9B-MFEGA-CorrEtiq.txt,0.0,0.0,0.0,1.5138161170828173,1.0314018948343644,-0.29488391230979427,0.5547001962252291,-0.8192829497847255,0.0,-0.7727478385352529,0.0,-1.2797542333717138,0.6180415627850931,0.787769691285091,-0.8142631904213852
CSO-15-10A-LJRAGU-CorrEtiq.txt,0.0,0.0,0.0,-0.10050378152592122,-0.46852128566581813,-0.5650320466312655,-0.46852128566581813,-0.4034732923929645,0.0,0.15139161824763953,0.0,0.6311687442672037,-0.310512174499197,-0.4847917136888046,-0.29488391230979427
CSO-15-10A-MAARLO-CorrEtiq.txt,0.0,0.0,0.0,-0.10050378152592122,-0.5529536572398037,-0.45554164633122995,-0.5595187507400861,-0.6264541466150153,0.0,0.7691758942724226,0.0,-0.34756939732554903,-0.2808018331814407,-0.14535641132081478,-0.5374121832825517
CSO-15-10A-SFEGA-CorrEtiq.txt,0.0,0.0,0.0,-0.14285714285714288,-0.5474433209040426,-0.4843221048378526,-0.5474433209040426,-0.5241424183609591,0.0,0.6945979613325166,0.0,0.739810232127806,-0.8531145054348256,-0.9100734848966867,-0.5492317933471137
CSO-15-10B-MEBUAR-CorrEtiq.txt,0.0,0.0,0.0,-0.10050378152592122,-0.47483269517812454,-0.5745868196722704,-0.47483269517812454,-0.4714045207910317,0.0,0.4326709126474826,0.0,0.4685212856658147,-0.47827732387496547,-0.4219313369702756,-0.486350136917169
CSO-15-10B-YVBUAN-CorrEtiq.txt,0.0,0.0,0.0,0.0,-0.2294157338705618,-0.4685212856658182,-0.2294157338705618,-0.42354655255943036,0.0,0.0,0.0,0.0,0.0,-0.05341947370348207,-0.4325398698483402
CSO-15-10C-ALBAHO-CorrEtiq.txt,0.0,0.0,0.0,-0.10050378152592122,0.9218120106421629,-0.5334650693692645,0.9218120106421629,-0.25264557631995566,0.0,-0.005399571183084168,0.0,-0.38235955645093483,0.14883659316349315,0.3194730595197299,0.48276055217689
CSO-15-10C-SSCAMO-CorrEtiq.txt,0.0,0.0,0.0,0.0,-0.4843221048378526,-0.3515615246553262,-0.4843221048378526,-0.4525696378552518,0.0,-0.6007738342636078,0.0,-0.630746311179579,0.36536033330454143,0.37621630605633793,-0.45912220867426007
CSO-15-11C-JETALO-CorrEtiq.txt,0.0,0.0,0.0,0.0,-0.5241424183609591,-0.5465357250000211,-0.5241424183609591,-0.4843221048378526,0.0,0.32853897524779546,0.0,0.03723620821979867,-0.2721458412121151,-0.19120915573426464,-0.4884740975744106
CSO-15-7B-JCRAGA-CorrEtiq.txt,0.0,0.0,0.0,0.0,0.0,0.0,0.0,0.0,0.0,0.0,0.0,0.0,0.0,0.0,0.0
CSO-15-8A-VBMABR-CorrEtiq.txt,0.0,0.0,0.0,0.0,0.0,-0.45392015063150826,0.0,-0.6172593773869479,0.0,0.08190984159504495,0.0,-0.431765927351016,0.0,0.0,-0.6473160591895355
CSO-15-8B-KEPOGO-CorrEtiq.txt,0.0,0.0,0.0,0.0,-0.44612420486334003,-0.48568944611635073,-0.44612420486334003,-0.4117786588006837,0.0,0.08741220296984595,0.0,0.6849263418601136,-0.25415825081778004,-0.30221933767816445,-0.4290674491879756
CSO-15-9B-ALRIHE-CorrEtiq.txt,0.0,0.0,0.0,0.0,-0.3515615246553262,-0.5334650693692645,-0.3515615246553262,-0.4472135954999579,0.0,-0.04837387227410996,0.0,0.45256963785525406,-0.2184487563523471,-0.23186733200451048,-0.38797660285437746
CSO-15-9B-AMSAGO-CorrEtiq.txt,0.0,0.0,0.0,0.0,-0.3144854510165755,-0.2846177714470808,-0.3144854510165755,-0.3144854510165755,0.0,-0.007931513594602164,0.0,0.43643578047198656,-0.04242329017252426,0.0,-0.31440010571873944
CSO-15-9B-JCAPA-CorrEtiq.txt,0.0,0.0,0.0,0.0,-0.5793584501023474,-0.5794738635559413,-0.5794738635559413,-0.35633158904644796,0.0,0.02430804189715059,0.0,0.4200840252084042,0.05132894331218628,-0.019654019455968112,-0.37537564478169144
CSO-15-9B-KSBEJA-CorrEtiq.txt,0.0,0.0,0.0,0.0,-0.5544954504367372,-0.6115928396627265,-0.5641519475835701,-0.6115928396627265,0.0,0.4256035420334567,0.0,0.20806384216762808,-0.3791551496282848,-0.5009855656186318,-0.6476658437716403
CSO-15-9B-RMCHLU-CorrEtiq.txt,0.0,0.0,0.0,0.0,-0.29488391230979427,-0.4221412560493349,-0.29488391230979427,-0.43148400027826295,0.0,0.0,0.0,0.4685212856658147,-0.07614545553589802,-0.3870839809346531,-0.434370816438265
CSO-15-9B-SJAGRO-CorrEtiq.txt,0.0,0.0,0.0,0.0,-0.4418246879859714,-0.40900304570431006,-0.44450270916361834,-0.4276300793785387,0.0,0.24279875088826589,0.0,0.46054546176053435,-0.23815713474094297,-0.3920777250222979,-0.4295867369897153
CSO-16-10A-JEGAHE-CorrEtiq.txt,0.0,0.0,0.0,0.0,-0.6,-0.5925408180260243,-0.6,-0.27435163058436723,0.0,-0.4122371228977523,0.0,0.6424600076173863,0.17963466456701072,-0.06497850461678814,0.5967764384958284
CSO-16-10A-MSACO-CorrEtiq.txt,0.0,0.0,0.0,-0.10050378152592122,-0.4981900180147075,0.0,-0.5057161327187942,-0.43785255301700643,0.0,0.0,0.0,0.0,0.0,-0.08357307910125797,-0.4567241961872738
CSO-16-10A-SARI-CorrEtiq.txt,0.0,0.0,0.0,0.0,-0.14285714285714288,-0.33333333333333337,-0.14285714285714288,-0.3515615246553262,0.0,0.3708531094506143,0.0,0.1758631145281665,0.0,0.0,-0.3691808753066484
CSO-16-10A-SMOUT-CorrEtiq.txt,0.0,0.0,0.0,0.0,-0.27435163058436723,-0.5823630167483491,-0.27435163058436723,-0.5570860145311556,0.0,0.40719046674338183,0.0,0.20324633887179958,-0.28972459323241917,-0.30136567018005683,-0.4997132862887126
CSO-16-10A-YKMUJO-CorrEtiq.txt,0.0,0.0,0.0,-0.10050378152592122,-0.46279762485732295,-0.47826086956521735,-0.46279762485732295,-0.39947508351872413,0.0,0.15329318532390135,0.0,0.7226422815193256,-0.3679657981732674,-0.5603016453036003,-0.4154126584864388
CSO-16-10B-JESUGU-CorrEtiq.txt,0.0,0.0,0.0,-0.10050378152592122,-0.4556210808256099,-0.47826086956521735,-0.4556210808256099,0.0,0.0,0.6795826269627728,0.0,0.6815371991715925,-0.6493900661203506,-0.6932691437180606,0.0
CSO-16-10B-LTVIFA-CorrEtiq.txt,0.0,0.0,0.0,0.0,0.0,0.0,0.0,0.0,0.0,0.0,0.0,0.0,0.0,0.0,0.0
CSO-16-10B-VVILI-CorrEtiq.txt,0.0,0.0,0.0,0.0,0.0,0.0,0.0,0.0,0.0,0.0,0.0,0.0,0.0,0.0,0.0
CSO-16-10C-MAVAVE-CorrEtiq.txt,0.0,0.0,0.0,0.0,-0.5155800469472481,-0.3515615246553262,-0.5155800469472481,-0.33333333333333337,0.0,0.377964473009227,0.0,0.49999999999999767,-0.3840646517424197,-0.5887540072236551,-0.3331634126752339
CSO-16-11A-JAVABO-CorrEtiq.txt,0.0,0.0,0.0,-0.14285714285714288,-0.6502361019984622,-0.5711911579104456,-0.6555708112988758,-0.6800725949767288,0.0,0.8277620243913889,0.0,0.6226833834803899,-0.7737422457623374,-0.774337021493554,-0.7283012649014771
CSO-16-11A-JDMUVA-CorrEtiq.txt,0.0,0.0,0.0,-0.10050378152592122,-0.5329783129968493,-0.5570860145311556,-0.5329783129968493,-0.3865556717425342,0.0,0.25599714184504024,0.0,0.4067530072580787,-0.2604593317967154,-0.3676824379466384,-0.4009543734798032
CSO-16-11A-VZAOR-CorrEtiq.txt,0.0,0.0,0.0,-0.10050378152592122,-0.6344189708206865,-0.6519041681304218,-0.6372395473602607,-0.6039571739702033,0.0,0.282337823968618,0.0,0.7080124164434936,-0.24824863948351394,-0.20249250655832576,-0.4584893618321095
CSO-16-11B-KRORE-CorrEtiq.txt,0.0,0.0,0.0,-0.29621739072356573,-0.5393308788692646,-0.5948030041269223,-0.5393308788692646,-0.1391269800330985,0.0,0.202926644899352,0.0,0.8565647611324393,-0.6836846554162446,-0.8047549162817408,-0.1778848150266534
CSO-16-11B-LLOZA-CorrEtiq.txt,0.0,0.0,0.0,-0.10050378152592122,-0.4396787718714283,-0.42008402520840293,-0.4396787718714283,-0.4034732923929645,0.0,-0.1246549659784115,0.0,0.19551362638670175,0.0,-0.04060013979990391,-0.3515615246553262
CSO-16-11B-YAROMO-CorrEtiq.txt,0.0,0.0,0.0,0.0,-0.4714045207910317,-0.47826086956521735,-0.4714045207910317,-0.46279762485732295,0.0,0.35210039687194994,0.0,0.38655567174253447,-0.3918052034742901,-0.22552146821342217,-0.46286535932596845
CSO-16-9A-JALEMO-CorrEtiq.txt,0.0,0.0,0.0,2.214515780713464,-0.5155800469472481,-0.3697310515674543,-0.5155800469472481,-0.29488391230979427,0.0,0.0,0.0,-0.7502989885197767,0.41358773387103154,0.3204767321262056,-0.41027163923502097
CSO-16-9A-JPROSO-CorrEtiq.txt,0.0,0.0,0.0,0.0,-0.3865556717425342,-0.4556210808256099,-0.3865556717425342,-0.3515615246553262,0.0,0.21256207430051913,0.0,0.5465357250000202,-0.004751197007006713,-0.35432171781502797,-0.3514663152390968
CSO-16-9A-JSMAGU-CorrEtiq.txt,0.0,0.0,0.0,-0.2294157338705618,-0.75,-0.7604835774951403,-0.7575872930485172,-0.5761659596980317,0.0,0.7410196257154408,0.0,1.1821965618213857,-0.8476938936078607,-0.8196994548058811,-0.6205574776871172
CSO-16-9B-SJPAJI-CorrEtiq.txt,0.0,0.0,0.0,-0.3865556717425342,0.5345224838248488,0.44478777739981323,0.5569603530237826,-0.8721028496007166,0.0,-1.0186048727235768,0.0,-0.7488582035214539,1.551150861671747,1.3803445618451176,-0.8840808167012805
CSO-17-10A-YVGOCA-CorrEtiq.txt,0.0,0.0,0.0,0.0,-0.5089133578079825,-0.5155800469472481,-0.5089133578079825,-0.5129151195709855,0.0,0.0,0.0,0.0,0.03790830645414889,0.04840773496002994,-0.45971104666860374
CSO-17-10B-EHECO-CorrEtiq.txt,0.0,0.0,0.0,0.0,-0.48705678739484887,-0.507489183756441,-0.48705678739484887,-0.43148400027826295,0.0,0.02430804189715059,0.0,0.7500000000000029,-0.3029235065156156,-0.5297045866856767,-0.31426968052735443
CSO-17-10B-YCQUVE-CorrEtiq.txt,0.0,0.0,0.0,0.0,-0.4089856590283454,-0.3144854510165755,-0.3799206029402349,-0.3885612023425029,0.0,-0.5598381623468285,0.0,-0.8819939765733926,0.35583509902325705,0.4515428830395979,-0.4023495813315714
CSO-17-11A-DJAPA-CorrEtiq.txt,0.0,0.0,0.0,2.2912878474779204,-0.6834296476214932,-0.6781253679066579,-0.6923076923076923,1.8322612478187175,0.0,-0.31874017328985943,0.0,0.4071892788474319,0.16610264925668747,-0.06296221613497956,0.5430776670210555
CSO-17-11A-JDAMO-CorrEtiq.txt,0.0,0.0,0.0,0.0,-0.58481530992811,-0.6781253679066579,-0.5923326576882296,-0.6152198555457548,0.0,0.761149319172671,0.0,0.2081794509266515,-0.706985566343592,-0.5381674865154877,-0.6363122831702277
CSO-17-11A-NPAHE-CorrEtiq.txt,0.0,0.0,0.0,-0.10050378152592122,-0.4843221048378526,-0.4472135954999579,-0.48705678739484887,-0.4723479762979613,0.0,0.3835874234098469,0.0,0.6917024963842844,-0.3424071072616794,-0.6300107748815155,-0.461380141972806
CSO-17-11A-RLPAIG-CorrEtiq.txt,0.0,0.0,0.0,0.0,-0.29488391230979427,-0.3865556717425342,-0.29488391230979427,-0.3144854510165755,0.0,0.026923430948165003,0.0,0.43643578047198656,-0.2637617196420026,-0.19139365702326333,-0.3143147604209035
CSO-17-11A-SPUVA-CorrEtiq.txt,0.0,0.0,0.0,0.0,0.0,-0.43643578047198484,0.0,-0.3865556717425342,0.0,1.2259870484626831,0.0,0.0,-0.41101641668884153,0.0,-0.3863305861440046
CSO-17-11B-CDBEBU-CorrEtiq.txt,0.0,0.0,0.0,-0.18999362988004814,0.9999999999999998,0.9964867538532585,1.0446435059652064,-0.6646330112347184,0.0,0.27724485790969405,0.0,-0.8919497541950621,-0.007889748002835543,0.24714992800555097,-0.70244768970911
CSO-17-11C-JDAAG-CorrEtiq.txt,0.0,0.0,0.0,0.0,-0.29488391230979427,-0.4396787718714283,-0.29488391230979427,-0.3736323588785367,0.0,0.10179653529609921,0.0,0.43643578047198656,-0.0761482366235033,0.0,-0.39221433350853996
CSO-17-11C-MAPAMA-CorrEtiq.txt,0.0,0.0,0.0,-0.10050378152592122,-0.5026028286234493,-0.3515615246553262,-0.5026028286234493,-0.27435163058436723,0.0,-0.2500610575170908,0.0,0.561951486949016,0.0037715982571420517,-0.003410540415869375,-0.3143147604209035
CSO-17-11C-MCAAG-CorrEtiq.txt,0.0,0.0,0.0,0.0,-0.1649597576982415,-0.12632278815997783,-0.1649597576982415,-0.31448545101657555,0.0,0.0,0.0,0.0,0.0,0.0,-0.32382443184590465
CSO-17-11C-SARJA-CorrEtiq.txt,0.0,0.0,0.0,-0.10050378152592122,0.6445033866354896,-0.48705678739484887,0.6445033866354896,-0.48705678739484887,0.0,0.6138215773190169,0.0,0.0,-0.47653390786590366,-0.5529311792120409,-0.48741733782706353
CSO-18-11A-ADBAHO-CorrEtiq.txt,0.0,0.0,0.0,-0.10050378152592122,-0.5570860145311556,-0.6013932677575894,-0.5570860145311556,-0.5180653234396059,0.0,0.517583687565581,0.0,0.7319745408718114,-0.8452890373232224,-0.9400327349542255,-0.5448015977087938
CSO-18-9B-MAMOLO-CorrEtiq.txt,0.0,0.0,0.0,0.0,0.8835412617927487,-0.4874666782214325,0.382949831342549,-0.5915167019106974,0.0,-0.550276056464169,0.0,-0.9514787324428161,0.4503151119698135,0.5277773403466168,-0.6298533558709222
CSO-8-3A-AIPRBR-CorrEtiq.txt,0.0,0.0,0.0,0.0,-0.4571443992078605,-0.6929177655843248,-0.4571443992078605,-0.5948030041269223,0.0,-0.42953040389724817,0.0,0.0,-0.15595997155992067,-0.07915093991585712,-0.6226111554749733
CSO-8-3A-DAPAVA-CorrEtiq.txt,0.0,0.0,0.0,0.0,-0.5,-0.7165107536316874,-0.5,-0.6224199682387501,0.0,0.3564032944650604,0.0,0.4685212856658187,-0.3416717444197537,-0.48155910213335895,-0.6597897697215598
CSO-8-3A-KVPECO-CorrEtiq.txt,0.0,0.0,0.0,0.0,-0.5089133578079825,-0.46852128566581813,-0.5089133578079825,-0.4525696378552518,0.0,0.44012777315444424,0.0,0.6375498105247506,-0.955286988912347,-0.819269384139893,-0.4584322280730781
CSO-8-4A-ARAGR-CorrEtiq.txt,0.0,0.0,0.0,0.0,0.23907485647728202,-0.32322271848256023,0.031175418198829866,0.3077153305189707,0.0,-1.2414993746746275,0.0,-0.8026269887790967,1.520696968323726,1.4923661364001624,0.45340049335747
CSO-8-4A-JRAAR-CorrEtiq.txt,0.0,0.0,0.0,-0.42008402520840293,0.09481126672461967,0.5067542303073022,0.14285714285714282,-0.6859943405700353,0.0,0.3489313188228724,0.0,-0.2513848871473469,-0.26208199107657326,-0.5012788631231154,-0.7002164061660529
CSO-9-2A-EXMOCO-CorrEtiq.txt,0.0,0.0,0.0,0.0,-0.8113178527761111,0.5976847697155842,-0.8113178527761111,-0.6807953759437149,0.0,-0.6004133299354795,0.0,-0.5223041416983154,0.4445741659260965,0.38840175590073606,-0.5850981573315543
CSO-9-4A-AGAPE-CorrEtiq.txt,0.0,0.0,0.0,-0.2865018652145015,-1.1063019574555093,-1.0979717966364628,-1.1123308627069357,0.032760604800853445,0.0,0.24949888125714043,0.0,1.5110807484543591,-1.1783525381707458,-1.215521554194626,1.0541546910084543
CSO-9-4A-DKVIMO-CorrEtiq.txt,0.0,0.0,0.0,3.0,-0.7869391982470799,-0.7736166983656999,-0.7948923108829166,-0.5923326576882296,0.0,0.4543978909944944,0.0,0.24124895481858102,-0.5483303701969318,-0.6199641015603151,-0.6218654659487769
CSO-9-4A-DSMOMU-CorrEtiq.txt,0.0,0.0,0.0,-0.10050378152592122,-0.5696519211398117,-0.6081636405595373,-0.5823630167483491,-0.39947508351872413,0.0,-0.06801468256463591,0.0,0.646162342755967,-0.2655038244620248,-0.4165082963610692,-0.4227997481993361
CSO-9-4A-DVGATO-CorrEtiq.txt,0.0,0.0,0.0,0.6363840732369215,0.8683745288994194,-0.6439079834649158,0.3629513467733456,-0.6218255654844596,0.0,0.07021265692886741,0.0,-0.39439350312954624,0.16870348869041693,0.19795223894505604,-0.6242865605788057
CSO-9-4A-EGCAMO-CorrEtiq.txt,0.0,0.0,0.0,-0.12168046219153206,0.0,-0.6896565477426196,0.0,0.5241406526676458,0.0,0.04077140521775661,0.0,0.10216930392807438,0.0,-0.18092523397314073,0.16521022703320093
CSO-9-4A-FAGIGA-CorrEtiq.txt,0.0,0.0,0.0,-0.10050378152592122,-0.5100623286255854,-0.5118516179002024,-0.5100623286255854,-0.3885612023425029,0.0,0.5592507522811394,0.0,0.7351476112515863,-0.4720446287352277,-0.6037770341078927,-0.3514663152390968
CSO-9-4A-GSBRCO-CorrEtiq.txt,0.0,0.0,0.0,-0.17586311452816475,-0.5222329678670935,-0.6409831055487921,-0.5222329678670935,-0.6527533657682195,0.0,0.6871409905538728,0.0,0.4685212856658147,-0.39563752293708554,-0.654599779609217,-0.6705561534056822
CSO-9-4A-KEMOCO-CorrEtiq.txt,0.0,0.0,0.0,-0.39855965372358404,-1.053326790559169,0.42251113999531353,-1.059178719316199,0.4022685688414208,0.0,0.5235853836349946,0.0,0.5341269877407229,-0.25282020276768535,-0.4696949215037828,-0.019545927760716918
CSO-9-4A-LCOMO-CorrEtiq.txt,0.0,0.0,0.0,0.0,0.0,-0.6375498105247469,0.0,-0.48705678739484887,0.0,0.0011360732002270648,0.0,-0.13017308904452424,0.0,0.0,-0.45919141002542696
CSO-9-4A-MLORO-CorrEtiq.txt,0.0,0.0,0.0,-0.14285714285714288,0.5224347090463202,-0.6077576674802181,0.20750785287273726,-0.5087609143138607,0.0,-0.3189856910418976,0.0,-0.4580708907615735,0.2887647154635743,0.29777738773796514,-0.29694478867238555
CSO-9-4A-MPAME-CorrEtiq.txt,0.0,0.0,0.0,1.5179060507353128,-1.057977468199995,1.358080306532414,-1.057977468199995,0.42701561068474414,0.0,-0.6387179703014669,0.0,-0.24043398664424853,0.03973880520038235,0.10892721594417729,0.44303495760149536
CSO-9-4A-NSARPA-CorrEtiq.txt,0.0,0.0,0.0,-0.14285714285714288,-0.6669666086281174,-0.6415290403246039,-0.6686357738013253,-0.5974015020634611,0.0,0.20254504593151407,0.0,0.8552678516919447,-0.3706869221049347,-0.5117331536231557,-0.655093308379961
CSO-9-4A-SLOCA-CorrEtiq.txt,0.0,0.0,0.0,-0.25264557631995566,1.4028179652003303,-0.2028241438202174,1.2567574357593627,-0.7604835774951403,0.0,-0.09813155662570801,0.0,-1.08289589737105,0.21422995572676096,0.22475142417589528,-0.7859202053361954
CSO-9-4A-YVDITR-CorrEtiq.txt,0.0,0.0,0.0,0.0,-0.4714045207910317,-0.7238423518714864,-0.4714045207910317,-0.6064496310619684,0.0,0.0888531269872141,0.0,-0.14708710135363817,-0.3941159001450106,-0.29690948542388407,-0.48934258929489516
