file,z_wc,z_nodes,z_edges,z_re,z_pe,z_l1,z_l2,z_l3,z_lcc,z_lsc,z_atd,z_density,z_diameter,z_asp,z_cc
CDMS-10-4A-JURAN-CorrEtiq.txt,0.0,0.0,0.0,0.9832325553323022,-0.7174555156308404,-0.7020742949796364,-0.7247405689298952,-0.7034844477299603,0.0,0.43705317289483137,0.0,0.6784707725096959,-0.411851105755854,-0.5847836087456102,-0.6441192951140156
CDMS-10-5A-HEPIHO-CorrEtiq.txt,0.0,0.0,0.0,0.5678192571483692,-0.4831730359501103,-0.36281199819507176,-0.4857998070358711,-0.33065184532674474,0.0,0.40470535047785045,0.0,0.43245272437867893,-0.3693414803523879,-0.41068817189745355,-0.31743304786609183
CDMS-10-5A-KSRAGU-CorrEtiq.txt,0.0,0.0,0.0,0.7870911256134272,-0.3782324240176011,-0.24889523232083602,-0.36945997673077735,0.35496497322983944,0.0,0.09735510064670005,0.0,0.2863695051451201,0.2081732126084999,0.14152047755977828,0.6081506782759789
CDMS-10-5A-SROPU-CorrEtiq.txt,0.0,0.0,0.0,0.3744235176016954,-0.4027769259333205,-0.10507042500461894,-0.3920548959603674,-0.7305355646939163,0.0,0.42259090258667814,0.0,0.24062561289681922,-0.11426467167324222,-0.18233261255739217,-0.7573370590184223
CDMS-10-5A-SZURO-CorrEtiq.txt,0.0,0.0,0.0,-0.049012373179981444,-0.3784163203482122,-0.3047034217269536,-0.37897925083453005,-0.37699470199433294,0.0,0.2513291175991866,0.0,0.5302858231401849,-0.42281357539935643,-0.4436203499736174,-0.3866823381124465
CDMS-10-5B-SRAJA-CorrEtiq.txt,0.0,0.0,0.0,2.019676594702892,0.18778717683189675,-0.5407565130005879,-0.12725112374098924,0.7066601392547049,0.0,-0.08882655920915528,0.0,-0.3509643180376583,0.4842300828693157,0.5584288114405437,-0.07610428787280912
CDMS-10-5C-DAAUSA-CorrEtiq.txt,0.0,0.0,0.0,0.4414127764566111,0.3829459909549714,0.724683888243022,0.41871197339028915,-0.8888436801582399,0.0,-0.636760020994255,0.0,-0.937612162843915,0.9551345165430324,0.9372581383813702,-0.7430857854267578
CDMS-10-5C-ICAPA-CorrEtiq.txt,0.0,0.0,0.0,0.02928230955104721,-0.8548852805345217,2.0927009808157986,-0.86766679556017,-0.6649740686027724,0.0,-0.6439768516899701,0.0,-0.8520970153075565,0.8027079736232079,0.779372498749865,-0.649721973724035
CDMS-10-5C-JFALGI-CorrEtiq.txt,0.0,0.0,0.0,1.044589275750913,-0.5987135557381315,-0.6980115845825079,-0.6347967315782365,-0.7017366887345179,0.0,0.7473043660752162,0.0,0.6997062890670045,-0.5820227947121689,-0.7517667789442283,-0.5336204347274938
CDMS-10-5C-MAORTO-CorrEtiq.txt,0.0,0.0,0.0,1.6181596691291373,0.5483346836400308,-0.3792053685329148,-0.1630801818294968,0.2927642014512931,0.0,-0.45242587070466217,0.0,-0.15902464420708917,0.42689557620740864,0.6115268328739957,0.024120884553884843
CDMS-10-5C-NBEMO-CorrEtiq.txt,0.0,0.0,0.0,0.974196328533417,0.7957602815008351,1.5215570920471433,0.25168513424437905,-0.7255755163592186,0.0,-0.5837644448672773,0.0,-1.6544953635388155,0.8371712670659219,0.8209483176955129,-0.7840918259777301
CDMS-10-6B-ASCACO-CorrEtiq.txt,0.0,0.0,0.0,-0.11869810523162479,-0.4964710955480667,-0.4998830683773293,-0.49780133449352076,-0.4918705156936756,0.0,0.3034318262204182,0.0,0.7693836230028691,-0.6161385210979956,-0.8348616563577541,-0.5111028296188147
CDMS-10-6B-JJMOBE-CorrEtiq.txt,0.0,0.0,0.0,0.5788261126691431,-0.4898070942036307,-0.5859985128354771,-0.48967047034213607,0.8734468384638329,0.0,0.6100315628587748,0.0,0.6294166825046752,-0.45009777479576285,-0.37833777377300876,0.7066464302326998
CDMS-11-4A-GACHSA-CorrEtiq.txt,0.0,0.0,0.0,0.8045505436673597,-0.5707604218323187,0.6818010021396919,-0.5743586637732345,-0.11400583418633907,0.0,-0.43253503477309496,0.0,-0.33905216553698664,0.5305583499912107,0.4744274824332186,-0.17691026895909023
CDMS-11-5A-EAARCA-CorrEtiq.txt,0.0,0.0,0.0,0.20862344747930425,-0.056476106483915024,-0.6143486463052467,-0.049057294431678174,-0.20677411357185402,0.0,0.30794485122145854,0.0,0.43983707119576526,-0.35086994332956967,-0.4107041846956419,-0.3822525016218469
CDMS-11-5A-MGTHAR-CorrEtiq.txt,0.0,0.0,0.0,1.134290171847054,-1.1190030605408112,1.0306909013324397,-1.153318514117824,-0.962568321024839,0.0,0.1414150741428195,0.0,0.33330799159909946,0.1925512082094768,0.19611827462257686,-0.5137917548625293
CDMS-11-6A-DFVEBE-CorrEtiq.txt,0.0,0.0,0.0,-0.26490373202699635,-0.2315668104761355,0.1585753866878149,-0.26785486265088504,-0.7866202960509191,0.0,0.6244183172661132,0.0,0.13148043689572442,-0.4509675414021928,-0.40782777411393906,-0.8248113142439581
CDMS-11-6A-NMREPR-CorrEtiq.txt,0.0,0.0,0.0,1.4259613090894918,-0.21400599829766642,-0.40153246271577586,-0.20878444100000784,-0.4500252939913981,0.0,-0.1001487788569774,0.0,0.02089137156927474,-0.17067561128066808,-0.14474499243178315,-0.47301886226158824
CDMS-11-6B-ARAHE-CorrEtiq.txt,0.0,0.0,0.0,-0.2408359494740882,-0.13092509759313012,-0.6946131207944441,-0.1294204566152295,0.0852840321401794,0.0,0.3398983369174286,0.0,0.7198537828440457,-0.6231457207815758,-0.6631095976712075,0.05675151767951621
CDMS-11-6B-AVROTO-CorrEtiq.txt,0.0,0.0,0.0,1.2756237135031294,-0.11273373276280735,-0.09647290355968118,-0.11480179178129335,0.94520661835703,0.0,-0.3679044101180668,0.0,-0.14081877614068636,0.265079066701259,0.2776834836812878,0.7989411743736476
CDMS-11-6B-EAFESA-CorrEtiq.txt,0.0,0.0,0.0,3.137897947367513,-0.8749494638311878,0.9290058628164147,-0.8919765767339449,-0.04142708723631568,0.0,-0.5533268395020987,0.0,-0.7047129502585383,0.8138272363054628,0.9192120777389401,-0.5008409300029002
CDMS-11-6B-EFRGR-CorrEtiq.txt,0.0,0.0,0.0,3.410153640577056,-0.23302556882219466,-0.4574131242002309,-0.6114643344093167,2.0109507830739535,0.0,-0.6303956802168037,0.0,-0.7026152403758043,1.1224161781455146,1.2472136718793632,0.059112507350240734
CDMS-11-6B-EROCO-CorrEtiq.txt,0.0,0.0,0.0,-0.29060210293387023,-0.7483111418739807,-0.7171164077361023,-0.755580467753202,-0.4836589706240059,0.0,0.5912776667688976,0.0,1.2280189806324087,-0.7282822495230151,-0.9939383790183278,-0.599363049578576
CDMS-11-6B-JACUPE-CorrEtiq.txt,0.0,0.0,0.0,0.3393886180638185,-0.48945431232490755,1.0875279386394032,-0.4413085973998617,-0.729802335532833,0.0,0.0246035772022336,0.0,-0.4129383036604575,-0.0026179847833518823,0.012606425970574379,-0.7043267684200866
CDMS-11-6B-JDCHBA-CorrEtiq.txt,0.0,0.0,0.0,2.816277970625735,-0.4719294704199032,-0.03287339024535742,-0.49200913186672457,0.927709365754398,0.0,-0.6761408377585504,0.0,-1.045997893499629,0.4625138003762404,0.6008155086443283,-0.22605907131043443
CDMS-11-6B-JFSAHE-CorrEtiq.txt,0.0,0.0,0.0,1.9742490923963498,0.40973223438900086,-0.6025455686233535,0.17143002966518947,-0.12376988758203655,0.0,-0.3329806108945587,0.0,-0.28205939117065276,0.3428992721539954,0.3941147750826928,-0.19105928466118882
CDMS-11-6B-JLPENA-CorrEtiq.txt,0.0,0.0,0.0,1.0632609533272614,-0.5748952452195105,-0.5823078510956592,-0.5810974933329386,0.20102318676965747,0.0,-0.2121141886005034,0.0,0.5065449847921615,0.15427242410273403,0.15741203927826755,0.03133906268426655
CDMS-11-6B-JMARME-CorrEtiq.txt,0.0,0.0,0.0,1.132637717509499,0.8972266971350197,0.5760527520609103,0.009517263907280837,-0.5434644984807182,0.0,-0.39360809196756125,0.0,-0.7868537002413643,0.5463079292541062,0.67407418345965,-0.5650924212255527
CDMS-11-6B-JPSAMA-CorrEtiq.txt,0.0,0.0,0.0,0.464157603092808,0.19792862951967966,0.12291346270014898,-0.21674921695557542,0.43014972345605906,0.0,0.091768095695118,0.0,-0.2690738952340871,0.5036708347709676,0.3084808297063356,0.07298954239722788
CDMS-11-6B-LESTA-CorrEtiq.txt,0.0,0.0,0.0,2.0148855666849346,-0.9340772172403966,0.11193813144770877,-0.9451797537454961,0.24833035137146608,0.0,-0.4239507374400997,0.0,0.024305905439421738,0.6096510108532729,0.6865445475904217,-0.2285583757859098
CDMS-11-6B-MAGIMU-CorrEtiq.txt,0.0,0.0,0.0,-0.1690117261551937,-0.6457983256979285,-0.6371156452971,-0.6495860918818763,-0.1284229196086739,0.0,0.12202295123465844,0.0,1.0122382817168503,-0.374359820845779,-0.4556516847098403,0.3407938152440436
CDMS-11-6B-MEBRTA-CorrEtiq.txt,0.0,0.0,0.0,4.5137564514364055,-0.8256019063462131,0.3360636317307608,-0.829392866453041,-0.7495512247611613,0.0,-0.1140158491337347,0.0,-1.18387068901979,0.5601798002591964,0.7238626525022517,-0.7853527880863093
CDMS-11-6B-MMAMO-CorrEtiq.txt,0.0,0.0,0.0,1.0800230634910788,0.11206945700505797,0.25304551542621045,-0.10774807626108364,-0.41705536255958114,0.0,0.2545131474822208,0.0,-0.44135830459497594,-0.11752067148127943,-0.08765055993857428,-0.47332695624228843
CDMS-11-6B-RSECA-CorrEtiq.txt,0.0,0.0,0.0,2.5341063434147966,1.8121831473498222,-0.4220845577808857,1.228616661642736,-0.005801145440296433,0.0,-0.7605014484125345,0.0,-1.570910414707369,1.0975778846860718,1.2975912296553807,-0.23428677093810757
CDMS-11-6B-SCAPA-CorrEtiq.txt,0.0,0.0,0.0,0.0,-0.2868051115010526,-0.29725081636667855,-0.2868051115010526,-0.26362400342429226,0.0,0.2368375805515466,0.0,0.45096277489404707,-0.40479648976514143,-0.5247057446001864,-0.26238431925843203
CDMS-11-6B-VZAPE-CorrEtiq.txt,0.0,0.0,0.0,0.13180784340188417,-0.1894413641364779,-0.6370297905269003,-0.18212916079273372,-0.10403705615952363,0.0,0.13695346963036673,0.0,0.5632596271942419,-0.6252398216635296,-0.5825759734451478,-0.3402270875931554
CDMS-11-6B-YLNIME-CorrEtiq.txt,0.0,0.0,0.0,0.06975242543792783,-0.43230441713059903,-0.46591997983289707,-0.4345206410561941,1.2540970894673924,0.0,-0.163412843297126,0.0,0.6424937821830915,0.04256420210675611,0.05788508016656443,1.169621504478431
CDMS-11-7C-ICARE-CorrEtiq.txt,0.0,0.0,0.0,-0.10188381186908714,-0.4877779201281056,0.2533783707061294,-0.4907290334894815,-0.11418151278101317,0.0,0.3946103494625451,0.0,0.23785627335025133,-0.3568116251351032,-0.30886892648202396,-0.22281129664717528
CDMS-11-7C-IMOIB-CorrEtiq.txt,0.0,0.0,0.0,0.35852399484773345,0.05898122423738437,-0.6111105831779831,-0.12211332182773893,0.36075038658756253,0.0,0.1692066059805672,0.0,0.41049389727056235,-0.2555528901875183,-0.2520876288614429,0.4362769459500004
CDMS-11-7C-SALMA-CorrEtiq.txt,0.0,0.0,0.0,2.1767648061659104,0.614670943340734,-0.5708912281877461,0.050931901821126294,0.5638465751668669,0.0,-0.24685358430012064,0.0,-0.0836071281224539,0.28145478324645884,0.25310788855272964,0.5490508988300028
CDMS-11-7C-SPGAVE-CorrEtiq.txt,0.0,0.0,0.0,0.06616938320477568,-0.36091007424130184,-0.36421182739707314,-0.3613430930585958,-0.3479537821519634,0.0,0.45239997227883794,0.0,0.5342000751414676,-0.3899352670390191,-0.37259078431777454,-0.21231215908957327
CDMS-12-5A-SRIGO-CorrEtiq.txt,0.0,0.0,0.0,0.19418835172649346,1.7044043959861308,-0.8273605454933463,1.8218605547618894,0.03650496718508197,0.0,-0.34687433647558374,0.0,-0.8760404662585584,0.2151632125862659,0.4097961199646676,-0.3081561119213009
CDMS-12-6A-FAROPA-CorrEtiq.txt,0.0,0.0,0.0,1.242245653786373,0.7667040868413103,-0.6098223596757032,0.8013738279666037,0.29685916910380233,0.0,0.014913399496132922,0.0,-0.436212092225185,0.14267036172911893,0.2470355841771448,0.11412156329086251
CDMS-12-6A-JGIGA-CorrEtiq.txt,0.0,0.0,0.0,1.439142719212378,1.1794417086367392,-0.6860195047034225,1.1865170715202273,-0.13438045064674575,0.0,-0.24152470747725102,0.0,-0.820946819973513,0.5237835959370233,0.5954693476283863,0.1940165943756345
CDMS-12-6A-JSOTGU-CorrEtiq.txt,0.0,0.0,0.0,2.423090899656908,-0.5842332738080963,0.47672575783713056,-0.6343640269723756,0.5465432272239982,0.0,-0.3706408022910402,0.0,-0.7920498854996549,0.6100483580304615,0.7072746352459516,-0.32868586369399133
CDMS-12-6A-SROAL-CorrEtiq.txt,0.0,0.0,0.0,1.8046678621476502,-0.7793040349467871,-0.2764666502865567,-0.7907363850502307,0.4115681611125723,0.0,-0.1656320109005008,0.0,0.10109715688283229,-0.08875558073663933,-0.10599782778290537,0.04600177691040235
CDMS-12-6B-IJDAGA-CorrEtiq.txt,0.0,0.0,0.0,0.6028966013302479,0.09406571950010127,0.5354982131209967,-0.06540058179563712,-0.03839816860178733,0.0,-0.07890617482523825,0.0,-0.5704034018407506,0.39627105915291844,0.3551906596223354,-0.2767417159567405
CDMS-12-6B-SCLAG-CorrEtiq.txt,0.0,0.0,0.0,1.9671569419052022,0.026450449216944054,0.07371007910249303,-0.2276689983901781,-0.29490112937570573,0.0,-0.17839795567402547,0.0,-0.6182770766583218,0.49493523473244866,0.5576803115665401,-0.39936945974698695
CDMS-12-7C-ARAHE-CorrEtiq.txt,0.0,0.0,0.0,-0.2098437762598522,-0.5859936882956059,-0.7953483026683816,-0.6563880855849312,-0.8006491637224369,0.0,0.559915532822783,0.0,1.1864280413298,-0.8268344393701281,-0.9797675614171422,-0.8582880490291177
CDMS-12-7C-CATRAR-CorrEtiq.txt,0.0,0.0,0.0,-0.07620387423159025,-0.40974234395135406,-0.41901222363918406,-0.41165062732192487,0.939545046218437,0.0,-0.4846197084001319,0.0,0.6466970739601967,0.3184177942881529,0.2551309527191925,0.9959789409159179
CDMS-12-7C-DLOLO-CorrEtiq.txt,0.0,0.0,0.0,1.0755223453521516,0.782294858717685,-0.389619882919477,0.6631307760167473,-0.567693442505686,0.0,0.06868232245003755,0.0,-0.5664243612553594,0.25238249668916213,0.2526232922391704,-0.4507681779842937
CDMS-12-7C-JSZAOR-CorrEtiq.txt,0.0,0.0,0.0,1.1718674491175982,0.9281706197365769,-0.2615110893232722,0.4124958631205132,-0.7638406223797338,0.0,0.05118842054941775,0.0,-0.5412987425795752,-0.24497933607820296,-0.3000585590876535,-0.8088613168720519
CDMS-12-7C-MAROBE-CorrEtiq.txt,0.0,0.0,0.0,1.0422867726264513,0.4602935274354321,-0.4391501832964557,0.044798243161012094,-0.40646609965685376,0.0,0.22889421163619864,0.0,-0.010888186770472619,-0.01204187493393474,-0.02240674262709417,-0.4304194789362201
CDMS-12-7C-VMAPA-CorrEtiq.txt,0.0,0.0,0.0,0.4497677397402866,-0.41854677535983575,0.8905596416275378,-0.4323577988533127,1.0563023888485126,0.0,-0.9216279259115924,0.0,-0.7141054337947017,1.1801067343093548,1.1714205496195838,-0.03520837534942296
CDMS-12-7C-VQURA-CorrEtiq.txt,0.0,0.0,0.0,0.2321828960787346,-0.5179931979251938,-0.5266071237709397,-0.5216132401633372,-0.3981280686070774,0.0,0.6966149413164108,0.0,0.7452122581863068,-0.874070027262438,-0.8943002382402427,-0.43744868328330805
CDMS-13-6B-ASUMO-CorrEtiq.txt,0.0,0.0,0.0,2.57555705358652,-0.9235762698732121,0.20009780002364444,-0.943980442405067,-0.21699437969017596,0.0,-0.012574730163005988,0.0,-0.26754001403657174,0.4915530412409895,0.38255899894955997,-0.575217555127156
CDMS-13-6B-JDTAHE-CorrEtiq.txt,0.0,0.0,0.0,2.507152679200113,-0.8746228407804308,-0.4111033807369127,-0.8894585415226399,0.5152566408365667,0.0,-0.20178260542859267,0.0,0.10777985036705336,0.09020465807324168,-0.02226134817713793,-0.21463145922352936
CDMS-13-7C-MVEAR-CorrEtiq.txt,0.0,0.0,0.0,0.8310407999704676,-0.08393902359077349,-0.5018550791780259,-0.08228808712633788,0.2395522532083898,0.0,0.15376604493858506,0.0,0.1851547507730543,0.062210158679167966,0.03730834930123682,0.005187027777503757
CDMS-13-7C-RAIZAC-CorrEtiq.txt,0.0,0.0,0.0,-0.16373228641509904,-0.5808347558004577,-0.6044902835499844,-0.5833514040823842,0.47564565334350206,0.0,-0.27523356758690615,0.0,0.9639679386447497,0.2676854176708442,-0.04226219770944493,0.5761729235974437
CDMS-13-7C-SSOSLO-CorrEtiq.txt,0.0,0.0,0.0,0.8418929398800755,-0.7816997754470195,-0.40716907636307964,-0.7893953635403904,0.5904547549929048,0.0,0.30902220778018397,0.0,0.5876467848067095,-0.19150792375030387,-0.25305677525636405,0.6235981360452316
CDMS-14-10A-IMORTO-CorrEtiq.txt,0.0,0.0,0.0,0.3426698804664669,-0.6090165818499842,0.5843413284147739,-0.6108893805032385,-0.6171409086405757,0.0,0.30332051625665435,0.0,-0.060667195237241796,-0.5395724139646572,-0.4601151823793025,-0.6424623406379841
CDMS-14-10A-JCVANI-CorrEtiq.txt,0.0,0.0,0.0,1.4689791101920786,0.6583751361058353,-0.31328668768014883,0.15065472364481333,-0.26168217690775564,0.0,-0.10003388933968672,0.0,-0.40724675942965444,0.231614415869027,0.46027409919163653,-0.1812827014070919
CDMS-14-5A-LSDUCO-CorrEtiq.txt,0.0,0.0,0.0,0.6537710303991253,-0.6387754500555934,1.066652439788941,-0.643099117974842,-0.03973803084075383,0.0,-0.0051895453230471535,0.0,-0.48098755061998033,0.08510372313818511,0.10818794187881164,0.01305111352245035
CDMS-14-6B-KDCAHE-CorrEtiq.txt,0.0,0.0,0.0,0.45692118372646723,-0.33430998161800857,-0.13228573769476706,-0.3289946134509973,0.3201418601851603,0.0,0.15829198054389743,0.0,0.15951256161245364,-0.08803669038775415,-0.14526691993539895,0.39018517414459125
CDMS-15-10A-AMALOS-CorrEtiq.txt,0.0,0.0,0.0,2.034524817428763,-0.0363846799939897,-0.24406288339735382,-0.2159550522673329,-0.08861768985706636,0.0,-0.3728243908239724,0.0,-0.37408583059197004,0.4690009923604602,0.5141816422686696,-0.13313171029104878
CDMS-15-10A-JJMACH-CorrEtiq.txt,0.0,0.0,0.0,0.5597744668390351,0.06900891430445814,-0.4268447972015086,-0.05059490420666913,0.1877965315474315,0.0,0.32805730758242113,0.0,0.15620946019679044,-0.16114598910254488,-0.0969973263547169,0.16425955364271042
CDMS-15-10A-MAALCA-CorrEtiq.txt,0.0,0.0,0.0,-0.03187202573853076,-0.4081446868141165,-0.4013866583692212,-0.4081446868141165,-0.37429919484580737,0.0,0.8744396314748706,0.0,0.6381077518625589,-0.691625200722511,-0.7501808814982445,-0.37430322211563694
CDMS-15-10A-MAALRI-CorrEtiq.txt,0.0,0.0,0.0,1.6078790196930832,-0.09055211366198501,0.3357179445403037,-0.08274867129490478,-0.020039432802877743,0.0,-0.6892691795901814,0.0,-0.6235910688006805,0.7194171885072798,0.8156632359664523,-0.14698326374288254
CDMS-15-10A-SGOMO-CorrEtiq.txt,0.0,0.0,0.0,-0.053349800123975014,-0.3848572042204292,0.33008341573179384,-0.3860765105098305,-0.393937560550293,0.0,0.3296055166898949,0.0,0.0661324452880006,-0.277670340569806,-0.26679184439293757,-0.4021349367820365
CDMS-15-10A-SHEGA-CorrEtiq.txt,0.0,0.0,0.0,1.212182004003592,-0.14956549677538603,-0.6048241322119059,-0.21305413005242527,0.07146490443430256,0.0,-0.081870047036783,0.0,0.2469675071584479,0.10384039477055114,0.18062492836669472,0.1428095421336432
CDMS-15-11B-JEMOLO-CorrEtiq.txt,0.0,0.0,0.0,2.8329968930484255,-0.21095415628204942,-0.2806911602794932,-0.31198598596564897,-0.02053182937097295,0.0,-0.7055608737914092,0.0,-0.5369517567271395,0.9077271233063253,1.0439448505654285,-0.44599136280158147
CDMS-15-11B-VSAHO-CorrEtiq.txt,0.0,0.0,0.0,1.1392533180356461,-0.6887279717726091,-0.28813172918107205,-0.6935361816538614,1.3874796594541132,0.0,0.18045235044280974,0.0,0.21412808711885578,0.16380574516852053,0.1829168664405645,0.593295685062219
CDMS-16-10A-SGALO-CorrEtiq.txt,0.0,0.0,0.0,2.444800172290637,-0.6875691927509567,-0.6522216018509753,-0.694541730704965,-0.246425407773207,0.0,0.3239690771595388,0.0,0.28378270828381913,-0.2856318134518778,-0.21321097408745676,-0.3142151124306599
CDMS-16-11B-NGABE-CorrEtiq.txt,0.0,0.0,0.0,1.1845910220905729,-0.558665620499405,-0.15265268378716026,-0.5621930624151096,0.8493163310702156,0.0,0.14477567742575545,0.0,0.2003445714457893,-0.08037766776688,0.011695765560604797,0.7305954135665781
CDMS-18-7C-VVECA-CorrEtiq.txt,0.0,0.0,0.0,0.7369214170988273,0.8913658581055885,-0.6839979052303934,0.81451258152798,-0.6717227027754532,0.0,0.3903030945591169,0.0,-0.3772841306210716,-0.1527609388427088,-0.24706702109062006,-0.7166634430194471
CDMS-8-4A-DBEVA-CorrEtiq.txt,0.0,0.0,0.0,2.2836503335890477,-0.4630461529890874,0.377697048166554,-0.4678775064706208,-0.06295008219436772,0.0,0.0714664660972567,0.0,-0.5662302245161451,0.2652741657587531,0.23000782592844515,-0.30686834100075777
CDMS-8-4A-DJAVDA-CorrEtiq.txt,0.0,0.0,0.0,0.7251296587006583,-0.8657525276562741,0.8512277172174784,-0.8740624827347585,-0.8054031228470049,0.0,-0.016721854509584484,0.0,-0.36653953659436567,0.02861140877651508,0.0197205514065731,-0.8469050841174921
CDMS-8-4A-DOSTR-CorrEtiq.txt,0.0,0.0,0.0,0.7947530922362936,-0.6671197565880354,-0.5787701023738748,-0.6796553922906682,-0.19226991802783786,0.0,0.675466671860766,0.0,0.6681401676676257,-0.6376109765371637,-0.757401036896312,-0.36442360632198784
CDMS-8-4A-LGOPA-CorrEtiq.txt,0.0,0.0,0.0,1.358143073095207,0.35734810260376104,-0.2129861598122392,0.2080233058231963,0.3083375408192694,0.0,0.06505489697818508,0.0,-0.4355727009264146,0.09740464142858482,0.24254687674721065,-0.02779822163425177
CDMS-8-4C-JDBUTU-CorrEtiq.txt,0.0,0.0,0.0,-0.28567688434057736,0.13269239946991415,-0.7517704001238842,0.18498738014533594,0.30664296555821696,0.0,0.26397778492213153,0.0,0.5186491938003391,-0.571412037803732,-0.6502294503629197,0.3182542401687304
CDMS-9-4A-ACDUTR-CorrEtiq.txt,0.0,0.0,0.0,2.1070130452586744,0.04361025899687826,-0.3660683880181852,-0.19613163595938637,-0.4287846951463038,0.0,-0.26628501267610705,0.0,-0.32877651303620353,0.37189539403022615,0.4490047907108971,-0.518888281733132
CDMS-9-4A-CARGA-CorrEtiq.txt,0.0,0.0,0.0,1.6089921472099094,-0.14654369456048183,-0.281334204488177,-0.1780407288366489,-0.5005333561371652,0.0,0.19989619119917432,0.0,-0.22273406408005766,0.05914490180986575,0.029073087545422534,-0.5245569853417672
CDMS-9-4A-CRAAG-CorrEtiq.txt,0.0,0.0,0.0,0.2610626536358099,-0.5771520898997728,-0.5975329160986347,-0.5811275968247099,-0.1627456576872487,0.0,0.816734478486541,0.0,0.8127984833226646,-0.7567299858683805,-0.7841965809120683,-0.028661966853532794
CDMS-9-4A-EROHI-CorrEtiq.txt,0.0,0.0,0.0,1.0501817644142748,-0.3048279177438743,0.11691883507027583,-0.29997521356426676,0.2941990700373376,0.0,-0.1203051020050576,0.0,-0.11825845447579784,0.18950733535671355,0.1816402789006625,0.16355009403780146
CDMS-9-4A-ILOSE-CorrEtiq.txt,0.0,0.0,0.0,1.6482524866097932,-0.03769106496216287,-0.5246897575522985,-0.03200958480318453,-0.5130663828605654,0.0,0.6011406542143665,0.0,-0.12417769139028133,-0.34984386322642325,-0.337254723380543,-0.44329416165616
CDMS-9-4A-TGAFR-CorrEtiq.txt,0.0,0.0,0.0,2.114111702842282,0.5444719398985918,-0.9311718069728493,-0.12730549387826368,-0.6718637863893882,0.0,0.3182364534061453,0.0,-0.11358921186386173,-0.2208449623037784,-0.24325633040963227,-0.8275057934900197
CDMS-9-4C-SCAMO-CorrEtiq.txt,0.0,0.0,0.0,-0.18905549288655613,-0.5442377396103167,-0.5318250188173298,-0.5510855211459339,-0.11966289883881105,0.0,0.45107748959570254,0.0,0.8903490865918982,-0.3499672759808312,-0.5591866009246677,-0.2124878367366965
CDMS-9-5A-ABERO-CorrEtiq.txt,0.0,0.0,0.0,-0.2678911590158921,-0.7492397731114654,0.8634493833182635,-0.7492397731114654,-0.6918903387320547,0.0,0.029427828192878796,0.0,-0.08948230704389087,-0.4269995315367667,-0.3380769608038238,-0.6930847269940902
CDMS-9-5A-PAGACO-CorrEtiq.txt,0.0,0.0,0.0,1.0885399139986125,-0.07163291721978643,-0.35994532358446896,-0.25966877586588694,0.06471641246977908,0.0,0.04531002685933387,0.0,0.07361820572762641,0.005455298226487122,-0.00815596761006435,-0.04874304738624614
CDMS-9-5A-VVAAR-CorrEtiq.txt,0.0,0.0,0.0,-0.3782943781841771,0.4819509779635317,2.1304176197845615,0.5452593937645394,0.16189786239721624,0.0,-2.516541344036514,0.0,-1.9320526251649528,2.7821151844237098,3.2420587511524026,0.20795366994566758
CDMS-9-5C-JDMADE-CorrEtiq.txt,0.0,0.0,0.0,0.46475987680680464,-0.28870463305857746,-0.3649058558433944,-0.2808182450097523,-0.8170470737040595,0.0,-0.08163012332285972,0.0,0.18605067241929327,-0.563767782942229,-0.5020055175509187,-0.8659630281298968
CDMS-9-5C-LVIZAC-CorrEtiq.txt,0.0,0.0,0.0,1.230644428170749,-0.40288573846238396,-0.17025728881535276,-0.4049903604524843,0.24432935949725984,0.0,0.17532933680149118,0.0,-0.02224085848761208,-0.1277027379000613,-0.09439801663798307,-0.2211846900467623
CDMS-9-5C-MLOGO-CorrEtiq.txt,0.0,0.0,0.0,1.1764444042927964,1.285297051217873,-0.29236823423851177,0.8552036790268619,0.16479308864879602,0.0,-0.44242115240262875,0.0,-0.8785122731341697,0.7272876924810585,0.7942567402346751,0.10358622445790873
CDMS-9-5C-SCAAG-CorrEtiq.txt,0.0,0.0,0.0,-0.1991628420097393,-0.6093917886660846,0.2670915575557248,-0.6133759714468747,-0.3783150577099603,0.0,0.6471852199309122,0.0,0.319608522752269,-0.48319015754547595,-0.5706759620436929,-0.2468470378911827
CDMS-XX-10A-VGILO-CorrEtiq.txt,0.0,0.0,0.0,1.9372800678157391,-0.2842351076165987,0.6030971228669332,-0.2805653065757796,-0.21935562446202755,0.0,-0.528528334088236,0.0,-0.7945115562788875,0.7980371074558885,0.8130770491319349,-0.35261422900579364
CDMS-XX-5C-MJSARU-CorrEtiq.txt,0.0,0.0,0.0,-0.12398370597426107,-0.5306740657740836,-0.504022591142358,-0.533472496379984,-0.4130266046958208,0.0,0.8066036928239219,0.0,0.8161154113758458,-0.965168100301858,-1.0771773437438374,-0.40276090753577315
CDMS-XX-5C-MPCAQU-CorrEtiq.txt,0.0,0.0,0.0,0.23012625749829257,-0.1754354303966589,-0.6186214637884904,-0.16539779618231037,-0.3887616216369818,0.0,0.7276966196394495,0.0,0.501420253676184,-0.5212765120609005,-0.5693602850570422,-0.4589414528865393
CDMS-XX-6A-MAGICA-CorrEtiq.txt,0.0,0.0,0.0,1.6587044123699595,-0.16048459352144936,-0.5803280288952336,-0.16097553097044243,-0.13216562613558727,0.0,-0.008903453895324686,0.0,-0.016784409549774046,-0.01747039590731399,0.03071821392971944,-0.16374836259602946
CDMS-XX-6B-SPUCA-CorrEtiq.txt,0.0,0.0,0.0,1.3168850464850221,-0.3071669917034034,-0.5396575924367263,-0.3080490456626943,0.11108819244481737,0.0,0.032771997658301695,0.0,0.1845220896757925,0.12267468832242255,0.09642528416499846,0.010018836617111778
CSO-10-4A-ICAPA-CorrEtiq.txt,0.0,0.0,0.0,0.13033989717007285,-0.39503799089742453,0.804770536719025,-0.3802026313198738,-0.1689296689760256,0.0,-0.10667762385531704,0.0,-0.29230061715688066,0.39043267282188254,0.33851702645969417,-0.07945395117465091
CSO-10-4A-KCOMO-CorrEtiq.txt,0.0,0.0,0.0,0.9255451813338316,-0.3964322071236406,0.2579066501768661,-0.6071026223576398,-0.045058729773664756,0.0,-0.11497335265516151,0.0,-0.13015187282732907,0.46752688115675184,0.37764403417845194,-0.132059088910978
CSO-10-4A-LRAVI-CorrEtiq.txt,0.0,0.0,0.0,-0.36117095407421784,0.4754102133181975,-0.8672024048827862,0.5287737863268025,-0.24188446795434956,0.0,0.6108722685763799,0.0,0.36755142236056076,-0.5040028774512744,-0.7088562074293671,-0.5290663199217519
CSO-10-4A-LSCAVA-CorrEtiq.txt,0.0,0.0,0.0,0.3846681227066761,0.040509932318773735,-0.46587729039168063,0.0479503792050911,0.1174518895654699,0.0,0.023536064328404854,0.0,0.11889450138279638,0.04730213464252198,0.06304195907006506,0.1686254117824722
CSO-10-5A-ACAVA-CorrEtiq.txt,0.0,0.0,0.0,0.9978984032092301,-0.4019496639122231,-0.412358417371093,-0.40414232905403047,-0.421357857338236,0.0,0.8750435074637836,0.0,0.26869191225578937,-0.6335395124290277,-0.5666762296643933,-0.35427917456369096
CSO-10-5A-ARACA-CorrEtiq.txt,0.0,0.0,0.0,-0.12531183995184889,-0.6998331147715778,-0.7194474543405396,-0.7080191933887592,0.014851519328998232,0.0,-0.19791541985600952,0.0,1.1282447479929403,0.04939527746559721,-0.1521721412955623,-0.04328033289148503
CSO-10-5A-DABRZA-CorrEtiq.txt,0.0,0.0,0.0,1.3847618240431376,-0.11694341782547502,-0.06608349454117095,-0.12829229382292506,0.9843201169671962,0.0,-1.1094835168052273,0.0,-0.23161266922911172,0.8193753160741305,0.8415226505136582,0.6522288252828615
CSO-10-5A-GZAMA-CorrEtiq.txt,0.0,0.0,0.0,2.492590204926527,0.9221400267344764,-0.36663719811683204,0.27891875440184094,0.2080664501059604,0.0,-0.3840779021039095,0.0,-0.7518981342555762,0.6451154097749224,0.8532327200894056,0.1537524491788588
CSO-10-5A-IPECA-CorrEtiq.txt,0.0,0.0,0.0,0.46432178474043256,-0.09592277514994692,1.1732626889223994,-0.0953872111399091,0.15178654452986431,0.0,-0.3688085430740557,0.0,-0.9802951203787497,0.341023490288017,0.584017609849518,0.13833496320320202
CSO-10-5A-JANORO-CorrEtiq.txt,0.0,0.0,0.0,0.45428567805904635,-0.13389225926574844,-0.22233098713679172,-0.13463265664382423,0.6178602652650416,0.0,-0.11220958708588154,0.0,0.11169265207777165,0.004935283243887581,-0.1896507692468709,0.43730602094765647
CSO-10-5A-JBUVE-CorrEtiq.txt,0.0,0.0,0.0,1.8024876866792396,1.0183142267176422,-0.15155955808744348,0.6121004659114047,-0.17554535926549644,0.0,-0.2749848827642433,0.0,-0.7671500536633523,0.6115334775130499,0.5826404651711081,-0.3011063442705544
CSO-10-5A-JJSEMO-CorrEtiq.txt,0.0,0.0,0.0,1.3259434698113473,-0.1392069779482452,-0.7215423788058913,-0.11095550035120715,-0.3116385602886141,0.0,0.17285094307455992,0.0,0.3278556200374763,0.055060249501041776,-0.07885373316194721,-0.27011724409801996
CSO-10-5A-JLCARI-CorrEtiq.txt,0.0,0.0,0.0,0.4590797869100267,-0.8127742586244728,1.3520105713967703,-0.8361985787887025,0.9578110253526074,0.0,-0.6219630083258226,0.0,-0.6341332056690384,0.5885613597703344,0.5136192202141745,1.261898159310803
CSO-10-5A-MAARAN-CorrEtiq.txt,0.0,0.0,0.0,0.8833268074749022,-1.0744739688993972,0.854388162246163,-1.0889055536808576,0.5565743124058795,0.0,-0.3233828951690091,0.0,0.23734072108146925,0.14684225099791565,0.4438604475437489,0.6733538880085879
CSO-10-5A-MAOSMO-CorrEtiq.txt,0.0,0.0,0.0,0.8456147545299223,0.057319018514709795,-0.16065361095224823,0.0846978819665159,-0.6806644252586433,0.0,-0.02253680877042637,0.0,0.12384147240408344,0.04104842079332821,-0.10289705085021539,-0.5760366629630461
CSO-10-5A-RVMOIB-CorrEtiq.txt,0.0,0.0,0.0,0.38815677787202696,-0.5810625377104145,-0.583107498048704,-0.5859957472515545,0.4025209567946211,0.0,0.3183482410472581,0.0,0.729317303700255,-0.2844382884635666,-0.345823591714496,0.14874815992198645
CSO-10-5A-SVHEES-CorrEtiq.txt,0.0,0.0,0.0,0.3524176506771597,-0.24844098805883866,-0.301547180980853,-0.23366293629097898,0.7182413714587278,0.0,0.0021677667551922688,0.0,0.21647188067396525,0.07278767764079935,0.09035243312659598,0.5916627273819108
CSO-11-5A-MDVOSPE-CorrEtiq.txt,0.0,0.0,0.0,4.035389348376495,1.0645259964319904,-0.6635819803013123,0.24120590213796833,-0.37030451931073094,0.0,-0.6244835904310869,0.0,-0.8544902417297684,0.8838066986708545,0.8751928041770327,-0.36783467010609433
CSO-11-5A-MTAGA-CorrEtiq.txt,0.0,0.0,0.0,2.2779862405869173,-0.8364808996045503,0.279756033045079,-0.8762778169661939,-0.8846543066334179,0.0,0.311401901302074,0.0,-0.43514852635141826,0.1089182767571812,0.069658091952028,-0.9890562316011066
CSO-11-6A-CAPAMU-CorrEtiq.txt,0.0,0.0,0.0,3.1163144182387423,0.9137271557827529,0.14985466445627899,0.31775298974719746,-0.588620763139355,0.0,-0.5223779006971575,0.0,-1.0746727564478569,0.6670408481151933,0.7161313005379711,-0.48849911791297645
CSO-11-6A-DSCACH-CorrEtiq.txt,0.0,0.0,0.0,1.621135909276128,-0.5977543306775523,-0.5352680266340261,-0.6030531058026225,-0.5827361754187413,0.0,0.5288722385156194,0.0,0.3855767592759817,-0.39663984320343637,-0.46671239098734,-0.6153601508456122
CSO-11-6A-EROMO-CorrEtiq.txt,0.0,0.0,0.0,-0.07735414855027248,-0.3478581691794515,-0.37085940374293364,-0.3483593456657801,-0.01779559770708055,0.0,0.7665960856688866,0.0,0.5716360853698684,-0.6815537960098311,-0.6470525506716386,0.004097913518378269
CSO-11-6A-FSOVRE-CorrEtiq.txt,0.0,0.0,0.0,-0.2850802543877863,0.00029963895865622615,-0.7510039278059547,0.03637544080890726,-0.13853480410805497,0.0,0.5657348061755011,0.0,0.6466609301305987,-0.7332933659594258,-0.862019815271468,-0.09261734372096009
CSO-11-6B-ANREVA-CorrEtiq.txt,0.0,0.0,0.0,0.5490921169192696,0.5529043667606898,-0.48431758719415163,0.569494747077354,-0.5127957061064603,0.0,0.29309243290723125,0.0,-0.2372341754062144,-0.10210118098659657,-0.08539487356094229,-0.5359028756682527
CSO-11-6B-DISEMO-CorrEtiq.txt,0.0,0.0,0.0,1.423299409835628,0.7872085070878775,0.1375330556921892,-0.18474293628379973,0.7264403730113796,0.0,-1.4931635955188636,0.0,-0.49802593912097837,1.4401002442087847,1.7087843775159015,0.9958150548310148
CSO-11-6B-LHFDLACH-CorrEtiq.txt,0.0,0.0,0.0,1.1129860794826036,-0.16110599592156769,-0.5049579252557365,-0.1601502217601465,-0.49303648901550945,0.0,0.004768938663525901,0.0,0.0436328885011398,0.02439998372393091,0.10466029257221543,-0.4876350389606206
CSO-11-6B-RJGIHE-CorrEtiq.txt,0.0,0.0,0.0,0.5921176059270024,-0.6060731878330614,-0.08721996195786344,-0.6116179965991955,-0.5872425537889427,0.0,-0.7383106880017033,0.0,0.31133838374860306,0.04312004975329023,0.2796477660307248,-0.6342586355751325
CSO-11-6B-SFLVA-CorrEtiq.txt,0.0,0.0,0.0,2.1781238545400434,0.5248907701578917,0.35266304122527237,-0.2507368733949977,0.12196749851428622,0.0,-0.8114263147567453,0.0,-0.8826914676546735,0.9624543070212754,1.2276382935536816,0.3547428549621488
CSO-11-6B-VCOMA-CorrEtiq.txt,0.0,0.0,0.0,0.8440537921516665,0.5862733729397093,-0.6130478599939714,0.5971774667809241,0.33451834630150873,0.0,0.08150723922755776,0.0,-0.23734963614322935,0.02310918980818614,0.022557371139811683,0.08459432714860624
CSO-12-6A-DGISE-CorrEtiq.txt,0.0,0.0,0.0,1.4091493083249096,-0.6999082521536982,0.9436250956160479,-0.7067925157394118,-0.039598413535102114,0.0,0.07431622125309156,0.0,-0.4662149585421977,0.12241108459117334,0.2687034336266249,-0.1113050140216114
CSO-12-6A-FJOVRE-CorrEtiq.txt,0.0,0.0,0.0,1.3796858087598614,0.5199367446292442,0.13594482405539962,-0.024128392372865255,-0.4521654550531605,0.0,0.035313705984381064,0.0,-0.5950729325020937,0.31259485587840974,0.422360275920634,-0.7419939465645904
CSO-12-6B-GQULO-CorrEtiq.txt,0.0,0.0,0.0,0.9211473710774664,-0.5948282339921601,1.342192738363911,-0.6091393276972936,0.15230498772316195,0.0,-0.6506236220072715,0.0,-0.6847326128831123,1.2551429166489108,1.4528431083138593,-0.010943247525412283
CSO-12-6B-LJHEFE-CorrEtiq.txt,0.0,0.0,0.0,0.3736471865451509,-0.56978630276516,0.33365599091331666,-0.535334730933739,0.016938031005216084,0.0,-0.003223901365163125,0.0,0.17280019521176618,0.16848228555776237,0.1862071375865348,-0.18631935291020948
CSO-12-6B-VPAMA-CorrEtiq.txt,0.0,0.0,0.0,5.652309246827045,-0.7220600834092564,-0.6738119200702073,-0.7287829326376402,-0.688122635263709,0.0,-0.5806065485301921,0.0,-0.527601834530539,0.9174580701209109,0.6424815350380249,-0.7394434726636603
CSO-12-7A-DALRE-CorrEtiq.txt,0.0,0.0,0.0,1.3778462026730096,1.5227045925031717,-0.5189357047085521,0.5793738652443673,-0.3311675218338743,0.0,-0.6660721737712443,0.0,-0.8446025646268449,0.8748427262446627,0.9613632224448516,-0.4626552474172926
CSO-12-7A-ESALA-CorrEtiq.txt,0.0,0.0,0.0,-0.18010365669524164,1.032370880774024,-0.6102887783429921,1.0584552620752588,-0.6311032841323848,0.0,0.05991602301177714,0.0,-0.28619657893499495,0.11247697498402574,-0.011598638773171334,-0.6694289773265324
CSO-12-7A-IMERO-CorrEtiq.txt,0.0,0.0,0.0,1.3714248488406056,-0.46899874522353296,-0.40728698182595,-0.4668738820386702,-0.30697275831028137,0.0,0.010878407616160468,0.0,0.11980192390041614,0.2785354518160923,0.22000725887737027,-0.20603383894544852
CSO-12-7A-JHEZA-CorrEtiq.txt,0.0,0.0,0.0,2.264462759639073,-0.3002007284346986,-0.5297603768969235,-0.5221595321979612,1.7263698800630969,0.0,0.05984384099204665,0.0,-0.05363984051779685,0.13838667777648422,0.13939073946372652,0.5251595590941168
CSO-12-7A-LSARAR-CorrEtiq.txt,0.0,0.0,0.0,0.8915156569828915,-0.58862142400503,-0.5688050091132719,-0.5933236704729679,0.04157706315951955,0.0,0.7840289617701822,0.0,0.6047502121971879,-0.6481085254197856,-0.6641767304074181,-0.08334125012150582
CSO-12-7A-SCAHO-CorrEtiq.txt,0.0,0.0,0.0,0.09249850965300344,-0.6940631147375707,0.2601226237887246,-0.7010246696457216,0.4715753316836229,0.0,-0.11881665137376779,0.0,0.2594710909425087,0.2983744142785205,0.13848212094133502,0.24291437395125284
CSO-12-7B-DVAGRO-CorrEtiq.txt,0.0,0.0,0.0,1.3232902526469739,0.15927537929992716,-0.6004701539019341,0.17672711840323216,-0.1526066516118017,0.0,-0.37379827239539176,0.0,-0.21350292363247367,0.14942581484863435,0.15797421686797042,-0.08926158997478288
CSO-12-7B-SMUGU-CorrEtiq.txt,0.0,0.0,0.0,2.4363187417204277,-0.6086118302279558,-0.5090709117333843,-0.6126669022019118,0.10873915894225,0.0,0.2537794774694475,0.0,0.09788043165859305,-0.031673125767621435,-0.017714861932832043,0.17028134501747977
CSO-12-7B-SSARA-CorrEtiq.txt,0.0,0.0,0.0,1.951937666498546,-0.4019338347276505,-0.40575267187909153,-0.40562588939222344,0.9783690844854329,0.0,0.3782931667791678,0.0,0.07534589410613012,-0.1890710904986746,-0.10316761156001553,0.23390084732837957
CSO-12-7B-VHOMA-CorrEtiq.txt,0.0,0.0,0.0,1.2464471411252822,0.29244503882375256,-0.49039068893799415,0.3161988370899003,-0.19894703165208963,0.0,-0.016043889402634532,0.0,-0.25270604349035075,-0.09420887999775408,-0.023138592998117956,-0.20589374825582327
CSO-12-8A-YTOME-CorrEtiq.txt,0.0,0.0,0.0,0.027902287786532823,-0.3419386606280588,-0.6148260317910951,-0.33683631085861854,0.4742563666364648,0.0,0.3901602717071544,0.0,0.7035841106075925,-0.052926654152682336,0.00011436573002566756,0.518790954325478
CSO-13-6A-ANASA-CorrEtiq.txt,0.0,0.0,0.0,0.3254835809523972,-0.26352606455852706,-0.02430957465912289,-0.25001634315075144,-0.019648315720288863,0.0,0.40607158269831767,0.0,0.13361781260513753,-0.11222221035145852,-0.12882761208353113,-0.07730957756847462
CSO-13-6B-JETAVE-CorrEtiq.txt,0.0,0.0,0.0,0.7130581989242644,0.0863165852215109,-0.7585968340351026,0.10855172941634535,0.11147823799870096,0.0,0.30127133800500605,0.0,0.25001578703180843,-0.1260441541257026,-0.11498617405007311,0.21244826119681715
CSO-13-6B-LFMIES-CorrEtiq.txt,0.0,0.0,0.0,0.8311387978980798,-0.9267313347037329,-0.10493277327465943,-0.9409796647463459,0.20574448774430276,0.0,0.0702643829112175,0.0,0.4607737338876218,0.3189649142772766,0.0029810873450098877,0.578442701050062
CSO-13-6B-LJMAHU-CorrEtiq.txt,0.0,0.0,0.0,1.2491084923421238,0.7037277055628615,-0.6514381748724559,0.24040273905399698,0.1491408380080848,0.0,0.007272193778069793,0.0,-0.19414145644815362,0.17302909352539428,0.1284319785951844,0.06024551165252989
CSO-13-7A-CAPAMU-CorrEtiq.txt,0.0,0.0,0.0,-0.05878613445526109,0.20714944050515177,-0.47360196029108376,0.20714944050515177,1.8136119387474154,0.0,-1.2896212722173668,0.0,0.20307689126234812,1.5567957462027058,1.5379418648966237,1.1376530623343066
CSO-13-7A-CDDITR-CorrEtiq.txt,0.0,0.0,0.0,0.22562772428565137,0.714503110769881,-0.6033150646785828,0.6354366881188807,-0.16209769052352543,0.0,0.1406620549960116,0.0,-0.0908157315947897,-0.07565673160493093,-0.1604463975661521,-0.20463613993056
CSO-13-7A-JJATFL-CorrEtiq.txt,0.0,0.0,0.0,4.016169776910832,2.4058009623056553,-0.7479310604324787,0.7521175592517064,-0.5619902824788294,0.0,-1.1926856917261985,0.0,-1.373798607625682,1.4431919667151687,1.6058266527490368,-0.5463100634540874
CSO-13-7A-KRAMA-CorrEtiq.txt,0.0,0.0,0.0,2.786058850286871,-1.135817833350325,0.9876551164910641,-1.1372021958577039,1.4850075854795042,0.0,-1.9196057411030956,0.0,-0.828383809134325,1.774689587477859,1.75637693937147,0.0058808500567043035
CSO-13-7A-RXCHLU-CorrEtiq.txt,0.0,0.0,0.0,2.7236246475912886,0.25909339999559905,-0.6870994371179581,0.0195413581021152,0.3637088654794328,0.0,-0.2124928596035947,0.0,-0.5331046449246765,0.3797375497939554,0.4546619590138528,-0.2910961525083855
CSO-13-7A-YAMEZA-CorrEtiq.txt,0.0,0.0,0.0,2.7442256094600044,-0.5021331221188066,-0.47827069931539656,-0.48659012835837934,0.5209086035866611,0.0,-0.0844207860547526,0.0,-0.3448740309429238,-0.11856570354132842,-0.11964450267787448,-0.34950123212646916
CSO-13-8A-KIGAGU-CorrEtiq.txt,0.0,0.0,0.0,1.9046577455106037,-0.30206791442222364,-0.21751639102350645,-0.2941377137754554,0.09030022039165542,0.0,-0.023998276668237936,0.0,-0.1894006841861457,0.10187196367261107,0.12613152879341125,0.1119691991296381
CSO-13-8A-MBUAN-CorrEtiq.txt,0.0,0.0,0.0,2.828701385680725,-0.4262673313362885,0.7440751499386482,-0.4266877879402234,-0.47474235308631413,0.0,-0.1757443093875812,0.0,-0.6492372059274405,0.3718122593105017,0.4127758504282283,-0.4848672096116966
CSO-13-8A-MGAAN-CorrEtiq.txt,0.0,0.0,0.0,0.3755878871841901,-0.5557671901771116,-0.3421483887291781,-0.5590372001835477,-0.08850876855495493,0.0,0.14447419083231378,0.0,0.5407624137273047,-0.1640963409302164,-0.19042367048051703,0.12519395742728365
CSO-13-8A-MGAHE-CorrEtiq.txt,0.0,0.0,0.0,-0.3097277299943279,3.454327983464581,-0.5761517493783462,3.5924256463378987,-0.7616906974219854,0.0,-0.803423420342735,0.0,-2.1290573081906694,1.0593297128936845,0.9164593719202828,-0.8296103349852322
CSO-13-8A-MJAGA-CorrEtiq.txt,0.0,0.0,0.0,0.04551433524751094,-0.5852775791323261,0.5670272438489038,-0.5875800210101751,-0.5678729176224053,0.0,0.20845143076466144,0.0,-5.406317911157756e-05,-0.428973022582295,-0.41652562914266483,-0.5886272302558192
CSO-13-8A-VHODU-CorrEtiq.txt,0.0,0.0,0.0,0.03240443128045415,-0.42581361531536427,-0.0805643528192561,-0.6175117966112785,1.6230820453342243,0.0,-1.3071545904641135,0.0,0.4718546138673936,0.6470037583116065,0.4041805625489412,2.139793379105281
CSO-13-8B-FCJISA-CorrEtiq.txt,0.0,0.0,0.0,0.913414136924761,-0.7632407888779321,-0.7931459975381747,-0.7675825316418807,-0.24480390955229256,0.0,0.125763793981645,0.0,0.9019091241453676,0.19720858860309945,0.023126083973836833,-0.30424630406642966
CSO-13-8B-JEMABE-CorrEtiq.txt,0.0,0.0,0.0,1.5628489756827337,-0.7572513290657038,-0.4475201028065127,-0.7627393509201656,-0.6923743592990026,0.0,0.765672601508478,0.0,0.4086831351219813,-0.2262844142247444,-0.3345349603258778,-0.25731745605436285
CSO-13-9B-DMLLLU-CorrEtiq.txt,0.0,0.0,0.0,-0.015701857325533194,-0.3814090031390124,0.09884199254079093,-0.3814090031390124,-0.3884402237544711,0.0,-0.6209397952182966,0.0,0.1928603437786146,0.018472961038658288,0.03594764609507915,-0.3879870831853078
CSO-14-7A-MVEBE-CorrEtiq.txt,0.0,0.0,0.0,0.8073918568051273,-0.5947191148822139,0.21952578766066083,-0.5989371011673785,-0.1531582953460658,0.0,0.24712828195247186,0.0,-0.01627648433012544,0.1035767962995423,0.08623643628674646,0.12687618501523096
CSO-14-7B-EALHU-CorrEtiq.txt,0.0,0.0,0.0,2.34357127608931,1.4367011765157216,-0.5811164224597885,0.8202179453292258,-0.5562009579333133,0.0,-0.7839570698038338,0.0,-0.7876509410722776,1.5948793853990693,1.231648314557964,-0.5907695676370196
CSO-14-7B-EVEGO-CorrEtiq.txt,0.0,0.0,0.0,1.7132658218923529,-0.4455168146469318,-0.41793466056784345,-0.44136043315068185,0.1738568177343405,0.0,0.1333782152744172,0.0,0.08943315491127914,0.048142189914742985,0.09549917609856219,-0.2039017810175304
CSO-14-8A-MCIDOS-CorrEtiq.txt,0.0,0.0,0.0,-0.16995817348283837,-0.28534854972480217,-0.5673965893022143,-0.2815216422932416,0.11989757354059954,0.0,-0.090482492740723,0.0,0.699487278947897,0.1899821282953579,0.06814782116737758,0.2989927573747806
CSO-14-8A-SZARA-CorrEtiq.txt,0.0,0.0,0.0,1.7963869353891508,0.231039908161112,0.09332620100765487,-0.035875494598397825,-0.6128753076311815,0.0,0.056390460264698836,0.0,-0.6943539628225652,0.23286912663920387,0.31776813283443506,-0.6453266718812357
CSO-14-8B-JLLORA-CorrEtiq.txt,0.0,0.0,0.0,0.6005808805141679,-0.19237553072257085,0.5197630154845849,-0.4646640645324498,0.06960817426759229,0.0,-0.10624068439238409,0.0,-0.36575247057532256,0.5419118993070466,0.5572495461554465,0.24858674981842765
CSO-14-9A-AEDCAGO-CorrEtiq.txt,0.0,0.0,0.0,0.6491181284859471,0.14339189461474444,-0.47142324706355765,0.14446123956576623,1.7519658618043445,0.0,-0.30930909350014635,0.0,0.07648976806153082,0.482666723985108,0.4953898287955712,1.67180592807722
CSO-14-9A-HASACA-CorrEtiq.txt,0.0,0.0,0.0,0.9399893452495424,-0.4566402844477167,-0.6324061703316929,-0.4573929224160353,0.018292371880749943,0.0,0.5639986070059941,0.0,0.4612044471282986,-0.6056656769807811,-0.6276975396702001,-0.20745837180679136
CSO-14-9A-JSMAAL-CorrEtiq.txt,0.0,0.0,0.0,0.73464696091755,-0.5174509489180107,0.7886141141098589,-0.5230339977491386,0.06380685600477737,0.0,-0.11090949256060477,0.0,-0.47703925187906937,0.2645564970674832,0.32108994301195803,-0.3204979789357288
CSO-14-9A-MARJA-CorrEtiq.txt,0.0,0.0,0.0,0.48660426392913564,-0.12247672032076752,-0.37770919013412685,-0.12706835486036996,0.3504347721325778,0.0,0.1813988554430062,0.0,0.13577781806215702,-0.06279721407680952,-0.026225535741297826,0.22095702495336397
CSO-14-9A-SORZU-CorrEtiq.txt,0.0,0.0,0.0,1.597406824608895,0.0617424930599942,0.039019655689948855,-0.09839932361652523,-0.00042467313975308874,0.0,-0.5495988009855638,0.0,-0.420122521569877,0.6301406932773825,0.6240360271083452,-0.3156302737871625
CSO-14-9B-ERAGA-CorrEtiq.txt,0.0,0.0,0.0,0.9765740799509106,-0.2437025521000926,-0.5990834538526555,-0.35117057737844554,-0.253729305534104,0.0,0.4005758830934852,0.0,0.2942248447735557,-0.4604980011347749,-0.476088006802018,-0.4919278059189761
CSO-14-9B-MFEGA-CorrEtiq.txt,0.0,0.0,0.0,1.5399391789470038,1.0962732783162397,-0.15909665765941314,0.4223074932800061,-0.7881909019470473,0.0,-0.6014331248782216,0.0,-0.9040227569672256,0.7458858577160962,0.8535336789409649,-0.8492162134261951
CSO-15-10A-LJRAGU-CorrEtiq.txt,0.0,0.0,0.0,0.25148619880043005,-0.3050033779645378,-0.5444660785812191,-0.3025578960566783,0.0025216663122503923,0.0,0.28415268389663934,0.0,0.5472406504638967,-0.15216319295908945,-0.3009748101405493,-0.036954785797398616
CSO-15-10A-MAARLO-CorrEtiq.txt,0.0,0.0,0.0,1.042761312507497,0.19013396130909302,-0.11833268744114746,0.18844512095679983,-0.6380336661373182,0.0,0.6050208526550772,0.0,-0.3651902677710348,-0.19217853373853225,-0.10070924850230963,-0.53561742011305
CSO-15-10A-SFEGA-CorrEtiq.txt,0.0,0.0,0.0,-0.13504872681744054,-0.5714314095121634,-0.25465024940894754,-0.5743971800122943,-0.5616983307019627,0.0,0.5879344223833195,0.0,0.6527522092440786,-0.757136305069288,-0.7941843959989326,-0.5846184251849371
CSO-15-10B-MEBUAR-CorrEtiq.txt,0.0,0.0,0.0,1.3988103734935922,-0.1912201493309031,-0.5596270804007517,-0.18778488391061157,-0.023576220960189014,0.0,0.40234738377610507,0.0,0.17881458898890226,-0.39711919332597806,-0.34272998778677094,-0.17599099734226453
CSO-15-10B-YVBUAN-CorrEtiq.txt,0.0,0.0,0.0,0.30574960129170603,0.3792885551142868,-0.4425564040213962,0.3858604624934927,-0.29485207855217416,0.0,0.2542039726572529,0.0,-0.05620196632664596,-0.19417745961265756,-0.1681995150914622,-0.2709948873507071
CSO-15-10C-ALBAHO-CorrEtiq.txt,0.0,0.0,0.0,0.4865724085538264,0.735121766368153,-0.4468958146718051,0.7501511016069283,0.46232178676133545,0.0,-0.15053268792288582,0.0,-0.3661248638775814,0.28423107217723653,0.3838625060301152,0.5068615061529311
CSO-15-10C-SSCAMO-CorrEtiq.txt,0.0,0.0,0.0,2.0874758978438663,-0.07241641313269823,0.30089350791904756,-0.27972751319341815,0.18687435357973542,0.0,-0.6494243413724458,0.0,-0.7322480556241451,0.716630887389399,0.8507425961667485,-0.13345297400908732
CSO-15-11C-JETALO-CorrEtiq.txt,0.0,0.0,0.0,2.076399490317404,-0.3636839000675106,-0.40426616231753754,-0.3578464722168432,0.27942921174184326,0.0,-0.0967587488647111,0.0,-0.23010791552886345,0.40783272817613436,0.5881141473839642,-0.21088826048326859
CSO-15-7B-JCRAGA-CorrEtiq.txt,0.0,0.0,0.0,0.0,-0.04914731871829905,-0.05555555555555556,-0.04914731871829905,-0.061545745489666355,0.0,0.4503570261043559,0.0,0.07808688094430245,-0.30717074198936906,-0.09970461579834781,-0.06150843252139007
CSO-15-8A-VBMABR-CorrEtiq.txt,0.0,0.0,0.0,1.6329694432597006,0.3877326439271623,-0.25224295716073053,0.418980291319555,-0.5701433976106884,0.0,0.1046249922832317,0.0,-0.6267110135379556,0.04822188645728431,0.07460704573615747,-0.5983565418680292
CSO-15-8B-KEPOGO-CorrEtiq.txt,0.0,0.0,0.0,0.45178388178205875,-0.4245926164992422,-0.4403238718243447,-0.42621620947559447,-0.23392272727288146,0.0,0.2145013458110244,0.0,0.5290833688607494,-0.12469170608468141,-0.19462323702913345,-0.21040145806650717
CSO-15-9B-ALRIHE-CorrEtiq.txt,0.0,0.0,0.0,0.8711063469619558,0.3593051601632814,-0.561675231540871,0.19465130571512163,0.04718957407955826,0.0,0.02468364255258886,0.0,-0.010163653380521968,-0.12612576098887388,-0.15031783499140755,0.14561851813255483
CSO-15-9B-AMSAGO-CorrEtiq.txt,0.0,0.0,0.0,-0.015873015873015876,-0.2847835225650454,0.04048384391152972,-0.2847835225650454,-0.2761830053448459,0.0,-0.2613854842036496,0.0,0.16818791653952833,0.07868218282655998,0.11901901834403694,-0.27618341205531927
CSO-15-9B-JCAPA-CorrEtiq.txt,0.0,0.0,0.0,2.2827464427547333,-0.46012641239925656,-0.5621608894607503,-0.4577006201976227,0.11799364443187028,0.0,0.12251567339293848,0.0,0.09386283469855686,-0.003570714536509279,0.0185248717225781,0.11138403340246006
CSO-15-9B-KSBEJA-CorrEtiq.txt,0.0,0.0,0.0,1.5804049565401204,-0.3872932592444806,-0.39928866863287793,-0.39061588979524564,-0.6243177494017269,0.0,0.31514527054118385,0.0,0.056325721168662544,-0.33871481912149615,-0.4260545972295922,-0.6598451871248907
CSO-15-9B-RMCHLU-CorrEtiq.txt,0.0,0.0,0.0,-0.0749346871764483,0.32300052267196483,-0.3989963016962949,0.3231492032978044,-0.3810043303404394,0.0,0.1559428817617765,0.0,0.09223750145657035,-0.22491199053150948,-0.2644176647593473,-0.38929860717097736
CSO-15-9B-SJAGRO-CorrEtiq.txt,0.0,0.0,0.0,0.9466253979063071,-0.3912354895596332,-0.39291002649393,-0.39273050843788676,-0.398116002372444,0.0,0.40035814810059617,0.0,0.29396675103061165,-0.40443813040429205,-0.41178266780484823,-0.41644382233392235
CSO-16-10A-JEGAHE-CorrEtiq.txt,0.0,0.0,0.0,1.619799545281404,-0.5858726194030869,-0.5896026194358764,-0.588237876811703,0.9885747370269419,0.0,-0.2332082323477296,0.0,0.45630933419058506,0.1336566942241062,0.039828875324861734,1.1176979433413494
CSO-16-10A-MSACO-CorrEtiq.txt,0.0,0.0,0.0,-0.08468427853772434,-0.4505547409412943,0.42914411718705875,-0.4518100086768232,-0.18442450365150814,0.0,0.15110324561808575,0.0,0.0531312855994798,-0.18482839753407648,-0.17915212236842604,-0.22468533827555265
CSO-16-10A-SARI-CorrEtiq.txt,0.0,0.0,0.0,-0.12567813879807307,1.5298513566630456,-0.3760193721652875,1.572913588577372,-0.4024007113376727,0.0,-0.23040907416242687,0.0,-0.896460142983729,0.2857441770468651,0.27138833351296626,-0.43749103517999205
CSO-16-10A-SMOUT-CorrEtiq.txt,0.0,0.0,0.0,0.9549049021567296,0.18770898376112877,-0.5674441808058447,0.21671924934840686,-0.4148137489542754,0.0,0.29429131474960474,0.0,-0.05490531118769442,-0.23885558636538032,-0.1768272065154303,-0.2639816471464416
CSO-16-10A-YKMUJO-CorrEtiq.txt,0.0,0.0,0.0,-0.1137365620855756,-0.4693978225744683,-0.4847255998031146,-0.470901446447288,-0.16230066923090597,0.0,0.37264135234761125,0.0,0.7562522001186935,-0.393310800213133,-0.4888422380866708,-0.15609414590683
CSO-16-10B-JESUGU-CorrEtiq.txt,0.0,0.0,0.0,-0.10047070093100566,-0.10517103253735591,-0.47673963284414617,-0.09347061314552364,0.6463106655994115,0.0,0.430726628810397,0.0,0.478581989937816,-0.3966426130080078,-0.3930907538648483,0.5846520030582749
CSO-16-10B-LTVIFA-CorrEtiq.txt,0.0,0.0,0.0,0.0,0.0,0.0,0.0,0.0,0.0,0.0,0.0,0.0,0.0,0.0,0.0
CSO-16-10B-VVILI-CorrEtiq.txt,0.0,0.0,0.0,-0.014285714285714287,1.2590510659615113,-0.1961506536489836,1.2590510659615113,-0.1411506421954553,0.0,-0.5282567295349605,0.0,-0.847096239296285,0.6183859639745368,0.7078491231435973,-0.1412786865288393
CSO-16-10C-MAVAVE-CorrEtiq.txt,0.0,0.0,0.0,0.18005624300963016,-0.494344097920607,-0.09900300413486511,-0.5114681531441719,-0.10789501711312785,0.0,0.36467813368408014,0.0,0.3622543465113951,-0.3990809560974336,-0.5015104441578527,-0.1790021127059843
CSO-16-11A-JAVABO-CorrEtiq.txt,0.0,0.0,0.0,0.858785545269159,-0.36608547463804997,0.06379770584240432,-0.36174503234717675,-0.6268393485035082,0.0,0.4756216812132821,0.0,0.18043824169367156,-0.36862915457887624,-0.45176912903031696,-0.687744316892289
CSO-16-11A-JDMUVA-CorrEtiq.txt,0.0,0.0,0.0,0.6947408943307846,-0.24964049596899107,-0.28435397818321395,-0.24213712124735381,0.17347812058617168,0.0,0.2473489948957501,0.0,0.1228230178317867,-0.055807821407530045,-0.11507688453081229,-0.11562608028489135
CSO-16-11A-VZAOR-CorrEtiq.txt,0.0,0.0,0.0,2.0408594382222267,-0.545318398614343,-0.6345060317740551,-0.5497863478512044,-0.5009361119282218,0.0,0.15735381938403162,0.0,0.23664081429282413,-0.06425063325515769,-0.03620503286179254,-0.29813253656652255
CSO-16-11B-KRORE-CorrEtiq.txt,0.0,0.0,0.0,-0.2593097064947172,-0.3465373907151547,-0.49401019444692984,-0.3314820422425897,0.04332604146443199,0.0,0.23046773213289323,0.0,0.7462060482487052,-0.3568127007248682,-0.41960152880151363,-0.005975803528559399
CSO-16-11B-LLOZA-CorrEtiq.txt,0.0,0.0,0.0,0.2928847323527494,-0.09978235832736637,0.0481235493663701,-0.09757386345498602,0.1714303003350217,0.0,-0.04678692217671086,0.0,-0.05815934592788915,0.026413013741547336,0.05683331073683568,0.10691328899795052
CSO-16-11B-YAROMO-CorrEtiq.txt,0.0,0.0,0.0,1.0114378565368543,-0.1603694331053392,-0.20117233061636655,-0.1621711997870909,-0.2705768817481035,0.0,0.2331523476503314,0.0,-0.15682045176933115,-0.24069067464428218,-0.09830083220828623,-0.26265176673978163
CSO-16-9A-JALEMO-CorrEtiq.txt,0.0,0.0,0.0,3.2351567364463074,-0.36505739477652477,-0.21189289190331276,-0.3751493731307709,-0.06612487976590241,0.0,0.2137859759109684,0.0,-0.767090170671095,0.4870155352768012,0.6467974344610794,-0.14005756435801409
CSO-16-9A-JPROSO-CorrEtiq.txt,0.0,0.0,0.0,0.9527592854763534,0.06096124128466488,-0.45699534134870784,-0.17751589967674905,0.09286481632748336,0.0,0.025837959801737323,0.0,0.25862951152565006,0.07667860100920289,0.062144886270187216,0.1460231768773186
CSO-16-9A-JSMAGU-CorrEtiq.txt,0.0,0.0,0.0,0.11176417722554338,-0.761416530477082,-0.6569860718410989,-0.7722030275416838,-0.12928703261510158,0.0,0.4751885357104561,0.0,1.0478738504971719,-0.5998559677187834,-0.6404945318754397,-0.33036276529796493
CSO-16-9B-SJPAJI-CorrEtiq.txt,0.0,0.0,0.0,-0.3636099587782911,0.5654419377918865,0.3874569322600787,0.6136949691406377,-0.8159538387586134,0.0,-0.8062897408014265,0.0,-0.7244135616765539,1.254965300324559,1.2020289676085858,-0.849382634637316
CSO-17-10A-YVGOCA-CorrEtiq.txt,0.0,0.0,0.0,1.5245137442172532,-0.4011253997892923,-0.16723336884012116,-0.39832312350298277,-0.37252191194037076,0.0,0.039324606712180334,0.0,-0.021656514589823376,0.12955369434062003,0.06583341590245845,-0.28644839457139465
CSO-17-10B-EHECO-CorrEtiq.txt,0.0,0.0,0.0,-0.012238185798064686,-0.4694557570002121,-0.4708566575948586,-0.4713195474242428,-0.1960060794700574,0.0,0.31018524338771236,0.0,0.7046831988613721,-0.2502592137748681,-0.2934731100245578,0.12253459497219758
CSO-17-10B-YCQUVE-CorrEtiq.txt,0.0,0.0,0.0,2.1720505039776485,-0.3815623867571691,0.6593523201024176,-0.3650216469637634,0.30670235388728345,0.0,-0.6059831470961249,0.0,-0.6809687942077721,0.7252577339437263,0.7460324120298293,-0.4541251267649951
CSO-17-11A-DJAPA-CorrEtiq.txt,0.0,0.0,0.0,2.7798940972969985,-0.691006683252389,-0.7081023821950582,-0.6979030346395453,1.409008834792558,0.0,-0.12098979303630293,0.0,0.2767261318014462,0.14867477586945924,0.05142745655779581,0.6896231362950664
CSO-17-11A-JDAMO-CorrEtiq.txt,0.0,0.0,0.0,1.5854179464614842,-0.20841674542812727,-0.6486606982335612,-0.3021155209765454,-0.5252959406084808,0.0,0.6546071321224374,0.0,0.16074624410097849,-0.6012024114313423,-0.5154172230097699,-0.5707626709609804
CSO-17-11A-NPAHE-CorrEtiq.txt,0.0,0.0,0.0,-0.08732069277359751,-0.4395398550272575,-0.1395050889537836,-0.4416599996018335,-0.43568907115644095,0.0,0.5093936458655894,0.0,0.46094598678452925,-0.39267894223565003,-0.49659140655910505,-0.32137337181777154
CSO-17-11A-RLPAIG-CorrEtiq.txt,0.0,0.0,0.0,-0.07075227299939864,0.08797914025313214,-0.35627820665148696,0.09424017256405033,0.0549699715409515,0.0,0.4177853847703749,0.0,0.22904159601035431,-0.15382714809387307,-0.13615195248360432,0.0336725739266634
CSO-17-11A-SPUVA-CorrEtiq.txt,0.0,0.0,0.0,-0.07307498949311908,0.14776414880279917,-0.3449472967557327,0.16041710237809267,-0.3267231198698983,0.0,0.8397983144763008,0.0,0.16890894950373087,-0.3601423445308331,-0.09562716665928438,-0.3338818051864005
CSO-17-11B-CDBEBU-CorrEtiq.txt,0.0,0.0,0.0,-0.17670505188290264,0.6115447218202046,0.6440289111622776,0.6239481833848495,-0.6559162273947786,0.0,-0.05413894726574446,0.0,-0.8853911176515894,0.027803179831834335,0.238596205148097,-0.6871813556844396
CSO-17-11C-JDAAG-CorrEtiq.txt,0.0,0.0,0.0,0.10612296746587271,0.33194748768032784,-0.4202247528858943,0.33655626721936477,-0.03533144604408657,0.0,0.3741504731466449,0.0,-0.0031979480954061616,-0.04398608489376783,-0.008921539214797007,-0.0018422326665196536
CSO-17-11C-MAPAMA-CorrEtiq.txt,0.0,0.0,0.0,-0.1515940137534357,-0.5322011514157593,0.11101232134526154,-0.535082685377551,0.18852357284791008,0.0,-0.30012903155638904,0.0,0.38504309916505225,0.1319026069552547,0.045065276294027,0.2007230967870244
CSO-17-11C-MCAAG-CorrEtiq.txt,0.0,0.0,0.0,0.6213686818546615,0.191575858967817,0.19708285907498493,0.19729467228347636,-0.014347241553439277,0.0,0.18319555083918632,0.0,-0.4666924520640217,-0.014359853285618611,0.09871424366253177,0.005797582432008208
CSO-17-11C-SARJA-CorrEtiq.txt,0.0,0.0,0.0,-0.04667628711333922,0.9138902845274548,-0.5367557966561494,0.9544466463032122,-0.4929973754009152,0.0,0.48627897272724213,0.0,-0.33757511138364177,-0.5581040194063607,-0.4285929233963545,-0.5125987843540855
CSO-18-11A-ADBAHO-CorrEtiq.txt,0.0,0.0,0.0,0.5152396096918364,-0.5104675900839044,-0.5328811345119666,-0.51290943577748,-0.4980697567577514,0.0,0.5307283977250913,0.0,0.68548016122593,-0.6833462490070094,-0.7127194395194043,-0.5133985154892187
CSO-18-9B-MAMOLO-CorrEtiq.txt,0.0,0.0,0.0,1.508167143714385,0.8364151195368783,0.16717743701754262,0.44820625706790834,-0.38037139559616945,0.0,-0.5007306982696325,0.0,-0.9242686007317739,0.5810699814700483,0.6545397353197058,-0.5470061739777089
CSO-8-3A-AIPRBR-CorrEtiq.txt,0.0,0.0,0.0,2.1521516129121308,-0.10895324642819096,-0.7071415189310282,-0.0965247704223965,0.0031890936752766896,0.0,-0.2157328969089382,0.0,-0.11168751656464314,0.013829229093200494,-0.004760187048292281,-0.35417319177591594
CSO-8-3A-DAPAVA-CorrEtiq.txt,0.0,0.0,0.0,1.4908577673942018,-0.32486018687299045,-0.6839992651823715,-0.3130170257339948,-0.46605867146603425,0.0,0.16225333562111183,0.0,0.2721995604189882,-0.35063703054668477,-0.3889099660884597,-0.5694921308360128
CSO-8-3A-KVPECO-CorrEtiq.txt,0.0,0.0,0.0,0.6469693911663744,-0.5432734804735474,-0.5214818856570228,-0.5458767294858106,0.1525901315712485,0.0,0.6067441549877027,0.0,0.593928217205707,-0.808997589378135,-0.6802466946986689,-0.0402727907083858
CSO-8-4A-ARAGR-CorrEtiq.txt,0.0,0.0,0.0,1.176182224953063,1.1816934751250285,0.050442375919890765,0.7029868045764125,0.5312469266949797,0.0,-0.9269925436084818,0.0,-0.9110576186229267,1.4220027022215096,1.4557696921712542,0.667351792279286
CSO-8-4A-JRAAR-CorrEtiq.txt,0.0,0.0,0.0,-0.4482053272949073,-0.17823252951704532,0.38950174322643655,-0.14832542647526256,-0.17676117651927342,0.0,0.34907194365208966,0.0,-0.058563423844523496,-0.28361986179100185,-0.4658056435289387,-0.2566027684473676
CSO-9-2A-EXMOCO-CorrEtiq.txt,0.0,0.0,0.0,1.5048841974545861,-0.8237463475189104,0.6361463931633904,-0.8423901021363895,-0.4167948970009894,0.0,-0.3825094856701558,0.0,-0.43285706636300053,0.3629681771090273,0.328464353650395,-0.4144372649867877
CSO-9-4A-AGAPE-CorrEtiq.txt,0.0,0.0,0.0,0.4804638451437974,-1.1116881260982825,-1.0528042990540099,-1.15753721954416,-0.05323400670501649,0.0,0.1656421439612731,0.0,1.427937267643271,-0.9736089057824197,-1.037860983051493,0.8625744383580195
CSO-9-4A-DKVIMO-CorrEtiq.txt,0.0,0.0,0.0,2.5993244616849207,-0.8160926971821321,-0.8052020712353428,-0.8322581006298506,-0.3580314773769577,0.0,0.3575512910807908,0.0,0.23795179227470833,-0.4052438550792378,-0.45001067125676786,-0.2857331678411701
CSO-9-4A-DSMOMU-CorrEtiq.txt,0.0,0.0,0.0,1.4597634197385831,-0.4491367318525307,-0.6030703195931537,-0.4510336022729026,0.24292283879718418,0.0,-0.007406711834946025,0.0,0.3288910582157139,-0.11341567312698973,-0.18059713235841085,0.28251939575422114
CSO-9-4A-DVGATO-CorrEtiq.txt,0.0,0.0,0.0,1.909232942263153,0.8891195469373186,-0.5992847073032009,0.28389673731231346,-0.5871058387915489,0.0,-0.11556222830379986,0.0,-0.39247559570730706,0.16992667416246837,0.23110860783377124,-0.591554909523871
CSO-9-4A-EGCAMO-CorrEtiq.txt,0.0,0.0,0.0,0.47813756794972845,0.10340786112776189,-0.5620534952477787,0.11720415904132517,0.3263368906448711,0.0,0.06445006591162841,0.0,0.15603529086917217,0.08062864462742085,-0.19019887492733184,0.25158776627908824
CSO-9-4A-FAGIGA-CorrEtiq.txt,0.0,0.0,0.0,0.5577887998006615,-0.5440270005832283,-0.558364269473235,-0.548226437699447,0.06572695220834236,0.0,0.6169166189350851,0.0,0.7043354790494576,-0.5158982625561539,-0.4637840932379266,0.09372759192964233
CSO-9-4A-GSBRCO-CorrEtiq.txt,0.0,0.0,0.0,0.5664701333373218,-0.1980765856363914,-0.5908278656829933,-0.19571108513808172,-0.19289381779249987,0.0,0.5015532413298871,0.0,0.3692264241854169,-0.3126869921935487,-0.3770339641355444,-0.15414465680398318
CSO-9-4A-KEMOCO-CorrEtiq.txt,0.0,0.0,0.0,0.4047757731401998,-1.1034504931339517,0.4173782387817239,-1.1238210677977547,0.351571086760573,0.0,0.2718657206718129,0.0,0.5357797823628557,0.01195457196115236,-0.18733580700669963,0.0035615030776081995
CSO-9-4A-LCOMO-CorrEtiq.txt,0.0,0.0,0.0,1.0274246896290877,0.31404980434144225,-0.6251760471584595,0.33334769785302265,-0.012934303809317309,0.0,0.035453028607931286,0.0,-0.12459882519519379,0.01244424321364817,0.025347794913863866,-0.14468960492269145
CSO-9-4A-MLORO-CorrEtiq.txt,0.0,0.0,0.0,1.024512134827525,0.3866015378328621,0.126831047981973,0.27305145562484645,-0.25292151638592536,0.0,-0.5019979830816109,0.0,-0.584960643059357,0.7098281793530883,0.7920202917437845,-0.05360018311293865
CSO-9-4A-MPAME-CorrEtiq.txt,0.0,0.0,0.0,1.5172616274464206,-1.0448207287496234,1.3465879634080684,-1.0448207287496234,0.44121812257334714,0.0,-0.6716513561364096,0.0,-0.28665214941697414,0.1563388742597567,0.21181015273860976,0.4561585495327465
CSO-9-4A-NSARPA-CorrEtiq.txt,0.0,0.0,0.0,1.5324273322649167,-0.6924996067377507,-0.657673205880044,-0.6969702893479403,-0.37786845306187683,0.0,0.3536658707932678,0.0,0.6119187108394094,-0.3023599363223001,-0.3918265160132602,-0.488263169658052
CSO-9-4A-SLOCA-CorrEtiq.txt,0.0,0.0,0.0,0.368583365697164,1.3920593227500573,-0.07399568711736637,1.2491259868592495,-0.650575802990185,0.0,-0.21384983607455835,0.0,-1.1864863674747037,0.44739282916893397,0.6084380584876801,-0.7523253163819779
CSO-9-4A-YVDITR-CorrEtiq.txt,0.0,0.0,0.0,1.1807093204914965,0.06720587287685047,-0.33589409591714864,-0.010562732188159157,0.26257928399743036,0.0,0.11026992401198134,0.0,-0.13530181570450497,-0.15947208100298868,-0.08544051108477116,-0.002758109886962772
