file,z_wc,z_nodes,z_edges,z_re,z_pe,z_l1,z_l2,z_l3,z_lcc,z_lsc,z_atd,z_density,z_diameter,z_asp,z_cc
CDMS-10-4A-JURAN,0.0,0.0,0.0,-0.7018100265975372,-0.10050378152592122,-0.5180653234396059,-0.10050378152592122,0.0,-2.1504649729023124,-0.1005037815259213,0.0,0.0,-2.1693045781865616,-2.391856516754578,4.178910344294791
CDMS-10-5A-HEPIHO,0.0,0.0,0.0,0.3925016174390258,-0.10050378152592122,-0.4396787718714283,-0.10050378152592122,0.0,-1.4660222236917801,-0.1005037815259213,0.0,0.0,-2.436832808978761,-2.2730757609709613,5.817804732699884
CDMS-10-5A-KSRAGU,0.0,0.0,0.0,-0.37546061574428014,0.0,-0.4918273211995231,0.0,0.0,-1.6510572321094923,0.0,0.0,0.0,-2.5716312875052614,-2.5716312875052614,5.949489742783179
CDMS-10-5A-SROPU,0.0,0.0,0.0,-0.9938219009886321,-0.14285714285714288,-0.6,-0.14285714285714288,0.0,-1.0978995388565376,-0.142857142857143,0.0,0.0,-1.0504514628777804,-0.9666041996090442,0.30682143061095224
CDMS-10-5A-SZURO,0.0,0.0,0.0,2.515558297416422,0.0,-0.402065581255289,0.0,0.0,-2.5221845137752967,0.0,0.0,0.0,-3.888643931991218,-3.9442584799740743,10.0
CDMS-10-5B-SRAJA,0.0,0.0,0.0,-0.21028920464021564,-0.2846177714470808,-0.03248783360467364,-0.2846177714470808,-0.05025189076296061,-3.0022594956521953,-0.2793809096543566,0.0,0.0,-2.273431543084487,-2.4556892714690486,6.0046559217109605
CDMS-10-5C-DAAUSA,0.0,0.0,0.0,-0.0394699708755461,-0.11997845478343569,-0.5158550965594839,-0.12632278815997783,0.0,-2.5887267605145796,-0.12632278815997797,0.0,0.0,-2.312088996542835,-2.565361190030769,4.427549196490259
CDMS-10-5C-ICAPA,0.0,0.0,0.0,1.6870547845739468,0.0,0.0,0.0,0.0,-1.9097267579701658,0.0,0.0,0.0,-1.3627702877384935,-1.8266922410680912,0.0
CDMS-10-5C-JFALGI,0.0,0.0,0.0,-0.3491786023513794,0.0,-0.31644451313176314,0.0,0.0,-1.6310369482401204,0.0,0.0,0.0,-1.9612784091865068,-2.013311309368742,3.4858525588664233
CDMS-10-5C-MAORTO,0.0,0.0,0.0,-0.5623916050338599,0.0,-0.5155800469472481,0.0,0.0,-1.6929630210577569,0.0,0.0,0.0,-2.159018276133638,-2.1083146131088624,4.809515476337862
CDMS-10-5C-NBEMO,0.0,0.0,0.0,-0.3144854510165755,-0.14285714285714288,-0.5310850045437944,-0.14285714285714288,0.0,-1.98997487421324,-0.142857142857143,0.0,0.0,-2.130002993349505,-2.309929241677189,4.358898943540674
CDMS-10-6B-ASCACO,0.0,0.0,0.0,-0.2744106499742259,0.0,-0.2262848189276259,0.0,0.0,-0.7717246254661015,0.0,0.0,0.0,-0.9771718289021021,-1.4031648461821276,5.0
CDMS-10-6B-JJMOBE,0.0,0.0,0.0,-0.9161348159348898,-0.17586311452816475,-0.6834296476214932,-0.17586311452816475,0.0,-0.7241379310344827,-0.17586311452816492,0.0,0.0,-1.49519392053692,-1.2397008131980973,7.855014333505328
CDMS-11-4A-GACHSA,0.0,0.0,0.0,-0.25264557631995566,0.0,-0.5,0.0,0.0,-1.8832558534047459,0.0,0.0,0.0,-2.2654694239533595,-2.4052603207974568,7.000000000000001
CDMS-11-5A-EAARCA,0.0,0.0,0.0,-0.5892161804075458,-0.05025189076296061,-0.48337741490417585,-0.05025189076296061,0.0,-1.6517249254261568,-0.05025189076296065,0.0,0.0,-2.22880996403532,-2.3654840233381984,6.598472453387748
CDMS-11-5A-MGTHAR,0.0,0.0,0.0,0.6075021730481722,-0.17657467892293843,-0.6698252765418733,-0.17657467892293843,-0.12168046219153206,-6.975917829198525,-0.21525951556497452,0.0,0.0,-2.309517515410597,-2.4727814623235878,3.911891451949396
CDMS-11-6A-DFVEBE,0.0,0.0,0.0,0.9159905030088088,-0.20412414523193154,-0.5696519211398117,-0.20412414523193154,0.0,-4.044428865124299,-0.20412414523193168,0.0,0.0,-2.3082656370318073,-2.7347125871947138,7.1802571518701575
CDMS-11-6A-NMREPR,0.0,0.0,0.0,-0.2188705275834686,0.0,-0.2294157338705618,0.0,0.0,-1.716528180494214,0.0,0.0,0.0,-3.076763029051781,-3.076763029051781,4.9749371855331
CDMS-11-6B-ARAHE,0.0,0.0,0.0,-0.645818533288947,-0.14285714285714288,-0.4843221048378526,-0.14285714285714288,0.0,-1.42293637864518,-0.142857142857143,0.0,0.0,-1.20570712409649,-1.4805319056485002,2.973470418649157
CDMS-11-6B-AVROTO,0.0,0.0,0.0,-0.2518836822274645,0.0,-0.21004201260420147,0.0,0.0,-0.7169788558295158,0.0,0.0,0.0,-1.1959282583772892,-1.195928258377289,2.4494897427831783
CDMS-11-6B-EAFESA,0.0,0.0,0.0,0.32150094066886736,-0.18999362988004814,-0.5707511083865979,-0.18999362988004814,0.0,-2.868417731027706,-0.1899936298800483,0.0,0.0,-2.5750697807410665,-2.8035616427702044,7.567460069717655
CDMS-11-6B-EFRGR,0.0,0.0,0.0,-0.3144854510165755,0.0,-0.2294157338705618,0.0,0.0,-1.1397757014186278,0.0,0.0,0.0,-1.6717763756605128,-1.9625071948247683,5.686240703077326
CDMS-11-6B-EROCO,0.0,0.0,0.0,1.1358152736593494,0.0,-0.46279762485732295,0.0,0.0,-2.6053216131550423,0.0,0.0,0.0,-2.6059192311182215,-2.7345430573639864,0.0
CDMS-11-6B-JACUPE,0.0,0.0,0.0,0.4490779306075321,-0.3216061546312136,0.532591350250134,-0.3216061546312136,-0.07142857142857144,-4.720480682254287,-0.32385086474774405,0.0,0.0,-2.6369215156913377,-3.054762080327536,3.514848327699034
CDMS-11-6B-JDCHBA,0.0,0.0,0.0,0.34763396322429646,-0.1593601286926538,-0.4665392800744468,-0.1593601286926538,-0.05025189076296061,-3.447033369481775,-0.17898563372517456,0.0,0.0,-1.6313320245036862,-1.793716028999151,1.3802803727039223
CDMS-11-6B-JFSAHE,0.0,0.0,0.0,-0.36905859819893017,0.0,0.0,0.0,0.0,-0.6471467141118397,0.0,0.0,0.0,-1.2729511550481882,-1.0069329019244178,0.0
CDMS-11-6B-JLPENA,0.0,0.0,0.0,1.663046051094775,0.0,-0.37751740852414534,0.0,0.0,-1.597575437619918,0.0,0.0,0.0,-2.2473608918254913,-2.3024108221013586,4.342166965059995
CDMS-11-6B-JMARME,0.0,0.0,0.0,1.0812464258315115,-0.2188705275834686,-0.52628590998157,-0.2188705275834686,-0.12168046219153206,-3.4057820580774907,-0.24000331436852473,0.0,0.0,-2.696656462400303,-2.9466502933331675,8.428348909427132
CDMS-11-6B-JPSAMA,0.0,0.0,0.0,0.8177993029051966,0.0,-0.314445408694643,0.0,0.0,-2.1079602537916524,0.0,0.0,0.0,-2.262610268060529,-2.3635763093614526,5.931413380587439
CDMS-11-6B-LESTA,0.0,0.0,0.0,0.824567341015707,-0.17586311452816475,-0.5793668264299663,-0.17586311452816475,0.0,-3.2294369325208345,-0.17586311452816492,0.0,0.0,-2.55155681312388,-2.5230868959699286,4.090162769812996
CDMS-11-6B-MAGIMU,0.0,0.0,0.0,0.7801015089528551,-0.1734906440445372,-0.48256758242661846,-0.1734906440445372,-0.05025189076296061,-3.066024256143348,-0.1848226614762027,0.0,0.0,-3.0657414734658524,-2.9891519945621514,5.835037382372919
CDMS-11-6B-MEBRTA,0.0,0.0,0.0,-0.5779204918167032,-0.17586311452816475,-0.6923076923076923,-0.17586311452816475,0.0,-2.2816804059716556,-0.17586311452816492,0.0,0.0,-2.4048406061765393,-2.653515648868007,8.17810623758083
CDMS-11-6B-MMAMO,0.0,0.0,0.0,-0.42008402520840293,-0.10050378152592122,-0.3736323588785367,-0.10050378152592122,0.0,0.0,-0.1005037815259213,0.0,0.0,-0.8785175323072537,-0.7894464812825449,0.0
CDMS-11-6B-RSECA,0.0,0.0,0.0,-0.3021035504876409,0.0,-0.3304536511634507,0.0,0.0,-1.4353943702949334,0.0,0.0,0.0,-2.428734272551004,-2.4287342725510044,5.292610094321842
CDMS-11-6B-SCAPA,0.0,0.0,0.0,-0.3736323588785367,0.0,-0.502518907629606,0.0,0.0,-2.065392471070233,0.0,0.0,0.0,-2.464961123223495,-2.517830355901323,7.000000000000001
CDMS-11-6B-VZAPE,0.0,0.0,0.0,-0.32812564560816826,-0.1147078669352809,-0.4653674847859136,-0.1147078669352809,0.0,-2.4582619865563515,-0.114707866935281,0.0,0.0,-2.318379377561068,-2.6599507700272547,4.675155023635961
CDMS-11-6B-YLNIME,0.0,0.0,0.0,-0.30647560968711374,0.0,-0.2294157338705618,0.0,0.0,-1.5828111426244964,0.0,0.0,0.0,-2.054986581777016,-2.0549865817770163,3.5000000000000004
CDMS-11-7C-ICARE,0.0,0.0,0.0,0.0,0.0,-0.4034732923929645,0.0,0.0,-1.452966314513558,0.0,0.0,0.0,-2.6523213617610772,-2.871632845124083,5.598454435443107
CDMS-11-7C-IMOIB,0.0,0.0,0.0,-0.44156525704423033,0.0,-0.4280214651241081,0.0,0.0,-1.9190038517739465,0.0,0.0,0.0,-2.5939723610107714,-2.658335827740747,4.679981443259614
CDMS-11-7C-SALMA,0.0,0.0,0.0,-0.7845081636108406,0.0,-0.4843221048378526,0.0,0.0,-0.9958721945972578,0.0,0.0,0.0,-1.0473634918630428,-1.6425851361409671,6.167817852431569
CDMS-11-7C-SPGAVE,0.0,0.0,0.0,-0.8056639186560838,-0.20412414523193154,-0.5089133578079825,-0.20412414523193154,0.0,-2.344666698900722,-0.20412414523193168,0.0,0.0,-2.2100926732148554,-2.4858357495839365,4.505876898125476
CDMS-12-5A-SRIGO,0.0,0.0,0.0,-0.5474433209040426,0.0,-0.36927447293799814,0.0,0.0,-1.2654757065958888,0.0,0.0,0.0,-0.7072703254047,-0.8815446499904924,-0.196558899106648
CDMS-12-6A-JGIGA,0.0,0.0,0.0,1.0818936481907988,-0.10050378152592122,-0.3385995887898602,-0.10050378152592122,0.0,-1.074711274516461,-0.1005037815259213,0.0,0.0,-1.1993602738558558,-1.4489767519576457,3.195169581688681
CDMS-12-6A-JSOTGU,0.0,0.0,0.0,1.2853691738343027,0.0,0.0,0.0,0.0,-0.7893295423345286,0.0,0.0,0.0,-0.4919792181472479,-0.5913967075567377,0.0
CDMS-12-6A-SROAL,0.0,0.0,0.0,0.40103068131622144,-0.05025189076296061,-0.40147418795584433,-0.05025189076296061,0.0,-2.010860517722416,-0.05025189076296065,0.0,0.0,-2.5858667216253233,-2.5461946441965875,4.16173851132045
CDMS-12-6B-IJDAGA,0.0,0.0,0.0,0.9837866597226299,-0.07142857142857144,-0.5580938230699164,-0.07142857142857144,0.0,-2.654876837482068,-0.0714285714285715,0.0,0.0,-2.1445048376826676,-2.88597057725676,7.361336880687059
CDMS-12-6B-SCLAG,0.0,0.0,0.0,2.4784787961282104,0.0,-0.25264557631995566,0.0,0.0,-2.4176647624650935,0.0,0.0,0.0,-2.816499642674288,-2.8436759519631676,9.9498743710662
CDMS-12-7C-ARAHE,0.0,0.0,0.0,-0.25264557631995566,0.0,0.0,0.0,0.0,-0.6767155423319647,0.0,0.0,0.0,-0.8796372624671774,-0.8194745350795087,0.0
CDMS-12-7C-CATRAR,0.0,0.0,0.0,-0.4424272599426231,-0.138183448027043,-0.4513697711536313,-0.138183448027043,0.0,-2.1838872307040154,-0.1381834480270431,0.0,0.0,-2.4660142009035875,-2.5072368508063,3.4262166397740725
CDMS-12-7C-DLOLO,0.0,0.0,0.0,0.0,0.0,0.0,0.0,0.0,-0.043464569084980566,0.0,0.0,0.0,-0.043464569084980885,-0.043464569084980406,0.0
CDMS-12-7C-JSZAOR,0.0,0.0,0.0,-0.17586311452816475,0.0,-0.3865556717425342,0.0,0.0,-1.2223076539347575,0.0,0.0,0.0,-2.6063908330742316,-2.6063908330742307,9.9498743710662
CDMS-12-7C-MAROBE,0.0,0.0,0.0,-0.5728497870382222,-0.17586311452816475,-0.5202571998984833,-0.17586311452816475,0.0,-2.5341623524731194,-0.17586311452816492,0.0,0.0,-2.1584765661235643,-2.3703074801273694,5.060990525585771
CDMS-12-7C-VMAPA,0.0,0.0,0.0,-0.5619514869490164,-0.20412414523193154,-0.5180653234396059,-0.20412414523193154,0.0,-1.8577004604493443,-0.20412414523193168,0.0,0.0,-2.321512947771688,-2.2527814566556135,3.9280966417893315
CDMS-12-7C-VQURA,0.0,0.0,0.0,0.0,0.0,0.0,0.0,0.0,0.0,0.0,0.0,0.0,0.0,0.0,0.0
CDMS-13-6B-ASUMO,0.0,0.0,0.0,-0.4267825602318822,-0.18999362988004814,-0.532482574765882,-0.18999362988004814,-0.05025189076296061,-2.857194666189807,-0.19646774805794578,0.0,0.0,-2.68980819788717,-2.9056687558103844,0.0
CDMS-13-6B-JDTAHE,0.0,0.0,0.0,-0.15724272550828775,0.0,-0.5077035546908235,0.0,0.0,-1.2653934692925906,0.0,0.0,0.0,-1.957067484812527,-1.9570674848125265,3.5951336665221385
CDMS-13-7C-MVEAR,0.0,0.0,0.0,1.0895317378608993,0.0,-0.58481530992811,0.0,0.0,-2.0270354388232814,0.0,0.0,0.0,-2.2045256409423266,-2.351649210236851,3.9349138785977815
CDMS-13-7C-RAIZAC,0.0,0.0,0.0,-0.5322771577862329,-0.07142857142857144,-0.5612099841193751,-0.07142857142857144,0.0,-2.0800512622294147,-0.0714285714285715,0.0,0.0,-1.928877733424929,-1.9818357644492186,3.6794494717703374
CDMS-13-7C-SSOSLO,0.0,0.0,0.0,0.46965833918382155,-0.12632278815997783,-0.6687464272232826,-0.12632278815997783,0.0,-2.9038186398607313,-0.12632278815997797,0.0,0.0,-2.4863322201004485,-2.9283212878174574,6.031534233268692
CDMS-14-10A-IMORTO,0.0,0.0,0.0,-0.5,0.0,-0.5619514869490164,0.0,0.0,0.0,0.0,0.0,0.0,-0.24219865283464798,-0.6057522125530925,2.5389189266168537
CDMS-14-10A-JCVANI,0.0,0.0,0.0,0.40070420022263886,-0.07142857142857144,-0.4280214651241081,-0.07142857142857144,0.0,-1.6156764127887258,-0.0714285714285715,0.0,0.0,-2.2276984218378426,-2.4181635701647366,7.5081934349096375
CDMS-14-5A-LSDUCO,0.0,0.0,0.0,1.4628425027428005,-0.07142857142857144,-0.5499996627699784,-0.07142857142857144,-0.05025189076296061,-2.7414605054763737,-0.08276058886023686,0.0,0.0,-2.5803884026760118,-2.8602462035943663,6.525810090530271
CDMS-14-6B-KDCAHE,0.0,0.0,0.0,-0.3736323588785367,0.0,-0.36927447293799814,0.0,0.0,-0.9521544595412741,0.0,0.0,0.0,-1.4210596384550545,-1.6809593432150178,3.958114029012639
CDMS-15-10A-AMALOS,0.0,0.0,0.0,-0.2142543454240602,0.0,-0.4117786588006837,0.0,0.0,-1.073946504394292,0.0,0.0,0.0,-1.1775651879540638,-1.2531966569044917,1.0396698273123588
CDMS-15-10A-JJMACH,0.0,0.0,0.0,0.12289472789232425,0.0,-0.39685819204346984,0.0,0.0,-1.974256536388027,0.0,0.0,0.0,-2.2651638577350166,-2.283790239720135,5.592244870151304
CDMS-15-10A-MAALRI,0.0,0.0,0.0,2.6024890168046166,-0.05025189076296061,-0.4457442729997173,-0.05025189076296061,0.0,-2.2747547051167483,-0.05025189076296065,0.0,0.0,-2.2513376465019546,-2.7139647055352345,8.635369199014523
CDMS-15-10A-SGOMO,0.0,0.0,0.0,-0.6755964113173945,-0.10050378152592122,-0.5474433209040426,-0.10050378152592122,0.0,-1.5057864237485077,-0.1005037815259213,0.0,0.0,-1.68363769623751,-1.638738250990782,1.6764208842693367
CDMS-15-10A-SHEGA,0.0,0.0,0.0,-0.2294157338705618,0.0,-0.36927447293799814,0.0,0.0,-1.6308201826336053,0.0,0.0,0.0,-2.8393127087550054,-2.839312708755005,9.9498743710662
CDMS-15-11B-JEMOLO,0.0,0.0,0.0,1.357247704735344,0.0,-0.28356551366826555,0.0,0.0,-1.8465776136913026,0.0,0.0,0.0,-1.8358784118211726,-1.8975514377302765,1.484415734749517
CDMS-15-11B-VSAHO,0.0,0.0,0.0,-1.33685237122286,-0.21676993955124668,-0.5320759737917851,-0.21676993955124668,-0.10050378152592122,-1.5160512740170495,-0.2285146455772991,0.0,0.0,-1.2279614785379467,-1.8241363625812053,5.826712749234622
CDMS-16-10A-SGALO,0.0,0.0,0.0,-0.5129499856138844,0.0,-0.36565984639088955,0.0,0.0,-0.09708467681216608,0.0,0.0,0.0,-0.3042628963656027,-0.31183263557959856,1.5823539370914181
CDMS-16-11B-NGABE,0.0,0.0,0.0,-0.3144854510165755,0.0,-0.4843221048378526,0.0,0.0,-1.3949716649258317,0.0,0.0,0.0,-1.6042057279478643,-1.6042057279478643,2.131938846185773
CDMS-17-10A-ASSAMO,0.0,0.0,0.0,0.0,0.0,0.0,0.0,0.0,0.0,0.0,0.0,0.0,0.0,0.0,0.0
CDMS-18-7C-VVECA,0.0,0.0,0.0,-0.58481530992811,0.0,-0.5488212999484517,0.0,0.0,-1.4455598112745627,0.0,0.0,0.0,-1.8174268546917767,-1.8028215979033433,2.586949495507729
CDMS-8-4A-DBEVA,0.0,0.0,0.0,-0.07142857142857144,0.0,0.0,0.0,0.0,-0.47360477538776247,0.0,0.0,0.0,-0.47360477538776247,-0.4736047753877629,0.0
CDMS-8-4A-DJAVDA,0.0,0.0,0.0,-0.402065581255289,0.0,-0.5467383047888271,0.0,0.0,-1.3949716649258317,0.0,0.0,0.0,-2.098064059110902,-2.095285693264353,4.360551047938237
CDMS-8-4A-DOSTR,0.0,0.0,0.0,-1.941270623288851,-0.20412414523193154,-0.6721203180974882,-0.20412414523193154,0.0,-2.2205877830791234,-0.20412414523193168,0.0,0.0,-2.195198110307255,-2.341041201948994,7.809816368338492
CDMS-8-4A-LGOPA,0.0,0.0,0.0,0.33661048787349124,-0.19646774805794565,-1.0170613606789904,-0.20263942419936326,0.0,-1.8580690180079102,-0.20791001204751824,0.0,0.0,-1.8611720739557374,-2.1993521152286095,6.303750112459632
CDMS-8-4C-JDBUTU,0.0,0.0,0.0,-0.6200415665065956,0.0,-0.6767155423319645,0.0,0.0,-1.2858119020324041,0.0,0.0,0.0,-1.8361691174463686,-2.3219962976373716,6.313435844052834
CDMS-9-4A-ACDUTR,0.0,0.0,0.0,0.0,0.0,-0.3865556717425342,0.0,0.0,-1.5088040790619763,0.0,0.0,0.0,-1.7149462191661986,-1.8483899932945036,1.9431553374739303
CDMS-9-4A-CARGA,0.0,0.0,0.0,-1.5391601880593981,-0.20412414523193154,-0.5650320466312655,-0.20412414523193154,0.0,-1.7922279144518545,-0.20412414523193168,0.0,0.0,-1.4822734290406427,-2.1389918936389445,9.530525597453348
CDMS-9-4A-CRAAG,0.0,0.0,0.0,2.243312397587675,-0.27376474431487496,-0.7858422249687167,-0.27376474431487496,-0.10050378152592122,-7.991392028495189,-0.2814997623810047,0.0,0.0,-1.831634699798102,-2.7400819638268317,4.977529708008708
CDMS-9-4A-EROHI,0.0,0.0,0.0,0.08998797179947826,-0.10050378152592122,-0.5129151195709855,-0.10050378152592122,0.0,-2.4150519042869925,-0.13538810472195736,0.0,0.0,-2.4756587292496737,-2.7478365852974287,8.454945659767386
CDMS-9-4A-ILOSE,0.0,0.0,0.0,1.5949998530400915,0.0,-0.12632278815997783,0.0,0.0,-1.4834443879752817,0.0,0.0,0.0,-1.6004172691319667,-1.7667323540727602,2.86669877164317
CDMS-9-4A-TGAFR,0.0,0.0,0.0,1.9395630337539336,-0.14285714285714288,-0.42008402520840293,-0.14285714285714288,0.0,-2.166959559860615,-0.142857142857143,0.0,0.0,-2.2273525314052587,-2.5937679195520333,10.0
CDMS-9-4C-SCAMO,0.0,0.0,0.0,-0.42835732366635815,-0.12168046219153206,-0.43805809520734107,-0.12168046219153206,0.0,-1.6278194876876089,-0.12168046219153214,0.0,0.0,-1.9748762544988037,-1.9825116332106805,6.339358446449732
CDMS-9-5A-PAGACO,0.0,0.0,0.0,-0.7722115956733445,0.0,-0.42008402520840293,0.0,0.0,0.0,0.0,0.0,0.0,-1.6056632354301614,-1.512156268270564,1.941113571525135
CDMS-9-5A-VVAAR,0.0,0.0,0.0,3.07445670879694,-0.07142857142857144,-0.6666453989282421,-0.07142857142857144,0.0,-3.0608806674446267,-0.0714285714285715,0.0,0.0,-3.991552003224043,-4.217935280782008,9.316228510535378
CDMS-9-5C-JDMADE,0.0,0.0,0.0,0.8626310332649009,-0.08793155726408237,-0.3660809211196049,-0.08793155726408237,0.0,-1.8036056867174657,-0.08793155726408246,0.0,0.0,-2.101761548050851,-2.1308077683022573,5.340494881559907
CDMS-9-5C-LVIZAC,0.0,0.0,0.0,0.33531269779490447,0.0,-0.3330234878359508,0.0,0.0,-1.463569376918525,0.0,0.0,0.0,-1.9551103288953695,-2.178132106370992,5.271187857455285
CDMS-9-5C-MLOGO,0.0,0.0,0.0,1.3725780449957272,-0.10050378152592122,-0.4874666782214325,-0.10050378152592122,0.0,-2.800658173696128,-0.1005037815259213,0.0,0.0,-2.7612078389626964,-2.770731663225933,6.231669972783722
CDMS-9-5C-SCAAG,0.0,0.0,0.0,-0.251384887147344,-0.10050378152592122,-0.36927447293799814,-0.10050378152592122,0.0,-2.1738673068771828,-0.1005037815259213,0.0,0.0,-2.916834460402434,-2.9212657845388055,4.361519604125757
CDMS-XX-10A-VGILO,0.0,0.0,0.0,0.0,0.0,0.0,0.0,0.0,0.0,0.0,0.0,0.0,0.0,0.0,0.0
CDMS-XX-5C-MPCAQU,0.0,0.0,0.0,-0.3865556717425342,-0.10050378152592122,-0.3736323588785367,-0.10050378152592122,0.0,-1.7632789587428574,-0.1005037815259213,0.0,0.0,-2.1818715315713915,-2.3644132698382916,6.6489327893159365
CDMS-XX-6A-MAGICA,0.0,0.0,0.0,2.647795499335742,-0.07142857142857144,-0.37372677508252306,-0.07142857142857144,0.0,-2.410552484841527,-0.0714285714285715,0.0,0.0,-2.7398946677119436,-3.1005627983292925,2.241390410532181
CDMS-XX-6B-SPUCA,0.0,0.0,0.0,-0.6088702812826368,0.0,-0.6527106205988646,0.0,0.0,-0.6907346858935334,0.0,0.0,0.0,-0.42144339241879636,-0.9099852436499182,2.733337893882127
CSO-10-4A-ICAPA,0.0,0.0,0.0,1.214557961845271,0.0,-0.4556210808256099,0.0,0.0,-1.9547270886262222,0.0,0.0,0.0,-1.737198072430758,-2.056114713540439,4.319651799139755
CSO-10-4A-KCOMO,0.0,0.0,0.0,-0.4837603925078896,-0.07142857142857144,-0.45930905814549483,-0.07142857142857144,0.0,-1.21125402904029,-0.0714285714285715,0.0,0.0,-1.7265763156158371,-1.8188123185211826,1.1456439237389602
CSO-10-4A-LRAVI,0.0,0.0,0.0,-0.5155800469472481,-0.17586311452816475,-0.645818533288947,-0.17586311452816475,0.0,-2.095212863234548,-0.17586311452816492,0.0,0.0,-2.3374681510621635,-2.6764308439961035,5.452983631027964
CSO-10-4A-LSCAVA,0.0,0.0,0.0,-0.3330234878359508,0.0,-0.4117786588006837,0.0,0.0,-1.73162101696897,0.0,0.0,0.0,-2.1016431319002287,-2.101643131900229,2.4494897427831783
CSO-10-5A-ACAVA,0.0,0.0,0.0,-0.5026028286234493,-0.14285714285714288,-0.4472135954999579,-0.14285714285714288,0.0,-1.8238514365717404,-0.142857142857143,0.0,0.0,-2.1071543872325105,-2.16095781056839,4.4765828259334
CSO-10-5A-ARACA,0.0,0.0,0.0,0.8616618964524121,-0.05025189076296061,-0.37249789040890496,-0.05025189076296061,0.0,-1.9687555182157026,-0.05025189076296065,0.0,0.0,-2.0522131125557594,-2.320881173468487,4.243181139705218
CSO-10-5A-DABRZA,0.0,0.0,0.0,0.8099752838275562,-0.07142857142857144,-0.43357078580128716,-0.07142857142857144,0.0,-2.5847888865797577,-0.0714285714285715,0.0,0.0,-3.148002757265208,-3.108889332281411,6.782950973783267
CSO-10-5A-GZAMA,0.0,0.0,0.0,-0.33539290875788086,-0.07142857142857144,-0.38755403860737825,-0.07142857142857144,0.0,-2.218597802051884,-0.0714285714285715,0.0,0.0,-2.4470450949317666,-2.3351746631139676,1.7107860760594844
CSO-10-5A-JANORO,0.0,0.0,0.0,-0.4264014327112209,0.0,-0.5465357250000211,0.0,0.0,-1.2327101778820866,0.0,0.0,0.0,-1.6688189253460237,-1.8612709642336036,5.018722717239279
CSO-10-5A-JBUVE,0.0,0.0,0.0,-0.3865556717425342,0.0,-0.25264557631995566,0.0,0.0,0.18911736861805845,0.0,0.0,0.0,-0.05352877275721858,0.13084134130962713,-0.14285714285714288
CSO-10-5A-JJSEMO,0.0,0.0,0.0,-0.6559528457717391,-0.14285714285714288,-0.6,-0.14285714285714288,0.0,-2.1855518098950566,-0.142857142857143,0.0,0.0,-1.758450777275795,-2.5497553187898823,3.8989764144951806
CSO-10-5A-JLCARI,0.0,0.0,0.0,-0.5474433209040426,-0.05025189076296061,-0.4940563187250219,-0.05025189076296061,0.0,-1.9993854428501279,-0.05025189076296065,0.0,0.0,-2.234348651966701,-2.270722225372791,5.620488892740955
CSO-10-5A-MAARAN,0.0,0.0,0.0,0.6200415665065957,-0.14285714285714288,-0.5175218286277214,-0.14285714285714288,0.0,-2.5146272318189404,-0.142857142857143,0.0,0.0,-2.0881183653260758,-2.347224580665472,6.135759331488517
CSO-10-5A-MAOSMO,0.0,0.0,0.0,-0.5619514869490164,0.0,-0.3865556717425342,0.0,0.0,-1.2833842018782726,0.0,0.0,0.0,-1.6657423958353819,-1.6960042838676532,2.7817785697318334
CSO-10-5A-RVMOIB,0.0,0.0,0.0,-0.47628481892762586,-0.05025189076296061,-0.35130390313566573,-0.05025189076296061,0.0,-1.3277217314348306,-0.05025189076296065,0.0,0.0,-1.525294663928736,-1.9294493420761374,6.297120759376932
CSO-10-5A-SVHEES,0.0,0.0,0.0,1.1823733976405875,0.0,0.0,0.0,0.0,-0.9472095507755249,0.0,0.0,0.0,0.2743516305843665,-0.6121460921524129,0.0
CSO-11-5A-MDVOSPE,0.0,0.0,0.0,-0.6015417140091325,-0.05025189076296061,-0.4826588284800331,-0.05025189076296061,0.0,-1.4762554319935848,-0.05025189076296065,0.0,0.0,-1.841421049540734,-1.9059659784842606,3.8713588831347843
CSO-11-5A-MTAGA,0.0,0.0,0.0,-0.7194246902796883,0.0,-0.5,0.0,0.0,-2.1701276502455897,0.0,0.0,0.0,-2.031818707700782,-2.060831534688846,2.2275652083990507
CSO-11-6A-CAPAMU,0.0,0.0,0.0,1.014694920595026,0.0,-0.3144854510165755,0.0,0.0,-1.1466180973191813,0.0,0.0,0.0,-1.2487716689361739,-1.4200242135692172,7.833189446455891
CSO-11-6A-DSCACH,0.0,0.0,0.0,-0.6152198555457548,-0.14285714285714288,-0.4981610824055757,-0.14285714285714288,0.0,-2.469403898486934,-0.142857142857143,0.0,0.0,-2.519408232179848,-2.6638432037248614,9.9498743710662
CSO-11-6A-EROMO,0.0,0.0,0.0,-0.35260760708760375,0.0,-0.4363268315318274,0.0,0.0,-1.7882020095145734,0.0,0.0,0.0,-2.898336608800846,-2.8983366088008458,7.818057537071763
CSO-11-6A-FSOVRE,0.0,0.0,0.0,-0.3515615246553262,0.0,-0.44183608216846215,0.0,0.0,-2.1347604394792454,0.0,0.0,0.0,-2.698468778053589,-2.698468778053589,0.0
CSO-11-6B-ANREVA,0.0,0.0,0.0,1.163677508112272,0.0,-0.3203581541090473,0.0,0.0,-2.0734591234391115,0.0,0.0,0.0,-2.1324785071857493,-2.31964371906955,4.502014618812293
CSO-11-6B-DISEMO,0.0,0.0,0.0,1.8642928159052172,0.0,-0.4874666782214325,0.0,0.0,-3.119225027306803,0.0,0.0,0.0,-1.0734845851417747,-1.4587611446054431,2.261907859897933
CSO-11-6B-LHFDLACH,0.0,0.0,0.0,-0.5794738635559413,-0.14285714285714288,-0.5310850045437944,-0.14285714285714288,0.0,-1.9272313536656804,-0.142857142857143,0.0,0.0,-2.205670282493312,-2.3857703666712564,5.640435671089232
CSO-11-6B-RJGIHE,0.0,0.0,0.0,1.2484451582636367,0.0,0.0,0.0,0.0,-1.7213626353383433,0.0,0.0,0.0,-1.318051528647993,-1.6846298017194927,0.0
CSO-11-6B-SFLVA,0.0,0.0,0.0,0.3107247651008274,-0.10050378152592122,-0.5026028286234493,-0.10050378152592122,0.0,-1.8202873746875845,-0.1005037815259213,0.0,0.0,-2.4609433273206633,-2.678989082830035,4.921574566119281
CSO-11-6B-VCOMA,0.0,0.0,0.0,-0.3515615246553262,-0.10050378152592122,-0.5180653234396059,-0.10050378152592122,0.0,-2.2808342026472963,-0.1005037815259213,0.0,0.0,-2.4879362738262882,-2.5932791679572498,10.0
CSO-12-6A-DGISE,0.0,0.0,0.0,-0.3157420976768873,0.0,-0.13717581529218362,0.0,0.0,-0.5799992894026843,0.0,0.0,0.0,-0.4316751914353039,-0.554301451220178,0.0
CSO-12-6A-FJOVRE,0.0,0.0,0.0,-0.038439431404719185,0.0,-0.4843221048378526,0.0,0.0,-1.4339577116590316,0.0,0.0,0.0,-2.168100983487548,-2.391856516754578,4.898979485566357
CSO-12-6B-GQULO,0.0,0.0,0.0,0.8385481602338832,-0.10050378152592122,-0.3144854510165755,-0.10050378152592122,0.0,-1.5265636166799355,-0.1005037815259213,0.0,0.0,-1.3550803395064959,-1.5787260378171888,2.81695418048687
CSO-12-6B-LJHEFE,0.0,0.0,0.0,-0.02957065667407989,-0.12168046219153206,-0.4963318520133886,-0.12168046219153206,0.0,-2.3597014445747058,-0.12168046219153214,0.0,0.0,-2.0748974455276845,-2.6757719272772267,4.093199217285054
CSO-12-6B-VPAMA,0.0,0.0,0.0,-0.4155813868856491,-0.14285714285714288,-0.5393308788692646,-0.14285714285714288,0.0,-2.587840342290868,-0.142857142857143,0.0,0.0,-2.20676170557375,-2.4628412460961995,2.0612518917356497
CSO-12-7A-ESALA,0.0,0.0,0.0,1.0570858624965551,0.0,-0.45412414523193156,0.0,0.0,-1.7212959680649607,0.0,0.0,0.0,-1.890877217480115,-1.807307569238536,3.0456629492950045
CSO-12-7A-IMERO,0.0,0.0,0.0,0.0,0.0,0.0,0.0,0.0,0.0,0.0,0.0,0.0,0.0,0.0,0.0
CSO-12-7A-JHEZA,0.0,0.0,0.0,-0.18421251962340152,-0.17586311452816475,-0.668042657122685,-0.17586311452816475,0.0,-2.7189546427217466,-0.17586311452816492,0.0,0.0,-2.092932761168971,-2.0656554606270623,6.010597392095207
CSO-12-7A-LSARAR,0.0,0.0,0.0,-0.42008402520840293,0.0,-0.36927447293799814,0.0,0.0,0.0,0.0,0.0,0.0,0.04421576882853823,-0.1712384155035992,1.2658241010051492
CSO-12-7A-SCAHO,0.0,0.0,0.0,0.44582872139611557,0.0,-0.37791507234026617,0.0,0.0,-1.6000618280312473,0.0,0.0,0.0,-1.8190715495733887,-2.363040249622156,4.667909817101352
CSO-12-7B-DVAGRO,0.0,0.0,0.0,-1.0670796402695895,-0.1593601286926538,-0.6583690911748146,-0.1593601286926538,0.0,-4.457275113499089,-0.15936012869265395,0.0,0.0,-2.33481400161192,-3.149087966020291,5.685633488877069
CSO-12-7B-SMUGU,0.0,0.0,0.0,1.0618246287552406,0.0,-0.4939640116226047,0.0,0.0,-2.2908315643478865,-0.05025189076296065,0.0,0.0,-2.4257991918205972,-2.5632070650930245,4.325697164552162
CSO-12-7B-SSARA,0.0,0.0,0.0,1.5069930449020585,0.0,-0.7701540462154053,0.0,0.0,-1.2407861921732364,0.0,0.0,0.0,-2.1128084786675854,-2.1128084786675854,2.063122076860691
CSO-12-7B-VHOMA,0.0,0.0,0.0,-0.26433289530505155,0.0,-0.3322429367794645,0.0,0.0,-1.155793487548094,0.0,0.0,0.0,-1.950378348944359,-1.8567651385239636,2.6493619009810834
CSO-12-8A-YTOME,0.0,0.0,0.0,-0.28356551366826555,0.0,-0.3032972836819159,0.0,0.0,-1.5963094355318455,0.0,0.0,0.0,-1.547011650198935,-1.547011650198935,0.0
CSO-13-6A-ANASA,0.0,0.0,0.0,-0.6558711901086067,-0.10050378152592122,-0.4947878475122275,-0.10050378152592122,0.0,-1.7995619133657184,-0.1005037815259213,0.0,0.0,-1.8861179549315883,-2.1159270863724657,5.901690035303055
CSO-13-6B-JETAVE,0.0,0.0,0.0,-0.601031333701563,0.0,-0.577142072318623,0.0,0.0,-0.959321565810855,0.0,0.0,0.0,-1.3477176217704994,-1.570526295932893,2.403917382359885
CSO-13-6B-LFMIES,0.0,0.0,0.0,-0.2752286038943146,-0.14285714285714288,-0.6,-0.14285714285714288,0.0,-2.015872587550911,-0.142857142857143,0.0,0.0,-0.8825960238069802,-1.2404229631260781,3.1331264189065005
CSO-13-6B-LJMAHU,0.0,0.0,0.0,0.0,0.0,-0.2262848189276259,0.0,0.0,-0.8790647194175839,0.0,0.0,0.0,-1.1084004172216826,-1.3313008885717175,3.9534868111950274
CSO-13-7A-CAPAMU,0.0,0.0,0.0,-0.3939986525636555,0.0,-0.44144082503286297,0.0,0.0,-1.2687927145587474,0.0,0.0,0.0,-1.817357971300333,-1.8473621907662108,3.5951336665221385
CSO-13-7A-CDDITR,0.0,0.0,0.0,0.2430776590044301,-0.1593601286926538,-0.5643717363898386,-0.1593601286926538,0.0,-2.1337299775065,-0.15936012869265395,0.0,0.0,-2.3612654724903415,-2.4910686122201184,1.6380860399940929
CSO-13-7A-JJATFL,0.0,0.0,0.0,-0.36927447293799814,-0.10050378152592122,-0.5923326576882296,-0.10050378152592122,0.0,-1.474021015910781,-0.1005037815259213,0.0,0.0,-2.7555704441036344,-2.755570444103634,2.586949495507729
CSO-13-7A-KRAMA,0.0,0.0,0.0,0.07088812050083365,-0.3515615246553262,-0.7877263614433763,-0.3515615246553262,-0.17586311452816475,-8.201368741941241,-0.3628873693012114,0.0,0.0,-2.8487953058544084,-3.4941453772222846,9.435170650800444
CSO-13-7A-RXCHLU,0.0,0.0,0.0,3.178116434895488,-0.07142857142857144,-0.45768363135628737,-0.07142857142857144,0.0,-2.870474910340466,-0.0714285714285715,0.0,0.0,-2.5921997952691465,-2.8414919285444924,7.712612732977828
CSO-13-7A-YAMEZA,0.0,0.0,0.0,-1.1858333682539448,-0.138183448027043,-0.4865714547266657,-0.138183448027043,0.0,-1.4720581925324878,-0.1381834480270431,0.0,0.0,-1.8964162700481284,-2.018849669986604,6.365649518247521
CSO-13-7A-YBOSO,0.0,0.0,0.0,-0.29488391230979427,0.0,-0.4034732923929645,0.0,0.0,-1.8347495817742303,0.0,0.0,0.0,-2.9943449525589485,-2.9943449525589485,7.000000000000001
CSO-13-8A-KIGAGU,0.0,0.0,0.0,0.2473328386681507,0.0,-0.36927447293799814,0.0,0.0,-2.0366554629398084,0.0,0.0,0.0,-2.129740286063703,-2.30605037895214,2.641529089096825
CSO-13-8A-MBUAN,0.0,0.0,0.0,-0.4298813985399156,0.0,0.0,0.0,0.0,-0.11607348488012047,0.0,0.0,0.0,-0.41853206496607204,-0.8603354594894455,0.0
CSO-13-8A-MGAAN,0.0,0.0,0.0,-0.3418799619772868,0.0,-0.4363268315318274,0.0,0.0,-1.4406082340592277,0.0,0.0,0.0,-1.6833060530509318,-1.7143537804052462,4.337954108433715
CSO-13-8A-MGAHE,0.0,0.0,0.0,-0.3202799628519582,0.0,-0.38960300857382346,0.0,0.0,-1.2322635566068536,0.0,0.0,0.0,-1.5937283684824657,-1.5960670674076434,3.1329840484342735
CSO-13-8A-MJAGA,0.0,0.0,0.0,0.7351049746504562,-0.1593601286926538,-0.5399765489065376,-0.1593601286926538,0.0,-2.703166650301994,-0.1676536162935092,0.0,0.0,-2.654802172104993,-3.0025539908785914,1.9875624464179733
CSO-13-8A-VHODU,0.0,0.0,0.0,0.14219483481771744,-0.07142857142857144,-0.4651522381780532,-0.07142857142857144,0.0,-1.8375357576322036,-0.0714285714285715,0.0,0.0,-1.9616054320205074,-2.35443959276793,2.147629955178796
CSO-13-8B-FCJISA,0.0,0.0,0.0,0.0,0.0,0.0,0.0,0.0,0.0,0.0,0.0,0.0,0.0,0.0,0.0
CSO-13-8B-JEMABE,0.0,0.0,0.0,-0.43643578047198484,0.0,-0.5310850045437944,0.0,0.0,-1.3949716649258317,0.0,0.0,0.0,-1.6864964640379583,-1.8591193862306585,4.082796709923055
CSO-13-9B-DMLLLU,0.0,0.0,0.0,0.46155562000102535,0.0,-0.49335304268470215,0.0,0.0,-1.9885982518026757,0.0,0.0,0.0,-2.4895028693699333,-2.485766760989276,6.2094824976940455
CSO-14-7A-MVEBE,0.0,0.0,0.0,-0.1932778358712671,0.0,-0.20173664619648224,0.0,0.0,-0.5026222607728746,0.0,0.0,0.0,-0.6619154941284442,-0.566095045631631,-0.07142857142857144
CSO-14-7B-EALHU,0.0,0.0,0.0,-0.8164965809277259,0.0,-0.4525696378552518,0.0,0.0,-1.6727259267481511,0.0,0.0,0.0,-2.5875430006702107,-2.73218462461493,3.4369491390574134
CSO-14-7B-EVEGO,0.0,0.0,0.0,0.8442226823202548,-0.17586311452816475,-0.7895420339517228,-0.17586311452816475,0.0,-2.4258186937236705,-0.17586311452816492,0.0,0.0,-1.6115589663919443,-2.3741895159294075,4.268041541443714
CSO-14-8A-MCIDOS,0.0,0.0,0.0,2.488380812039101,-0.15075567228888181,-0.01694571800811595,-0.15724272550828775,0.0,-3.8942053004065817,-0.15724272550828788,0.0,0.0,-3.377114366226681,-3.7772086423200566,7.378431052642139
CSO-14-8A-SZARA,0.0,0.0,0.0,-0.2294157338705618,0.0,-0.4034732923929645,0.0,0.0,-1.8458131121056975,0.0,0.0,0.0,-2.214452597937497,-2.3882288946629235,4.768305367805281
CSO-14-8B-JLLORA,0.0,0.0,0.0,0.722548779777112,0.0,-0.41889787930190814,0.0,0.0,-1.6316892230528455,0.0,0.0,0.0,-1.858681293533061,-2.3193652888640974,3.949711417544937
CSO-14-9A-AEDCAGO,0.0,0.0,0.0,-0.28356551366826555,0.0,-0.38637388266548134,0.0,0.0,-0.41790668510647977,0.0,0.0,0.0,-0.90703246356579,-0.9030701775769981,3.1813275016045077
CSO-14-9A-HASACA,0.0,0.0,0.0,0.43923843735510804,0.0,0.0,0.0,0.0,-0.9127312874645503,0.0,0.0,0.0,-0.5700412840274515,-0.8660808678499372,0.0
CSO-14-9A-JSMAAL,0.0,0.0,0.0,1.540971392945444,-0.2294157338705618,-0.5544954504367372,-0.2294157338705618,0.0,-2.5022670831027245,-0.229415733870562,0.0,0.0,-2.1865630131734384,-2.270234885115058,6.943913786316507
CSO-14-9A-MARJA,0.0,0.0,0.0,-0.25264557631995566,0.0,-0.4034732923929645,0.0,0.0,-0.9219522507665407,0.0,0.0,0.0,-1.0958220000599272,-1.1554596220910416,1.2206094396924054
CSO-14-9A-SORZU,0.0,0.0,0.0,0.0,0.0,-0.44450270916361834,0.0,0.0,-1.5224061128165078,0.0,0.0,0.0,-1.7401748612885357,-1.851981687379788,1.059050142281353
CSO-14-9B-ERAGA,0.0,0.0,0.0,2.4294935736466243,0.0,-0.5155800469472481,0.0,0.0,-2.676573233948005,0.0,0.0,0.0,-1.582997083701471,-1.9287995526558999,2.1971651898319706
CSO-14-9B-MFEGA,0.0,0.0,0.0,1.4473346409392227,-0.10050378152592122,-0.5937322507759796,-0.10050378152592122,0.0,-2.142342991165453,-0.1005037815259213,0.0,0.0,-2.001925113546092,-2.871632845124083,3.806984270696022
CSO-15-10A-LJRAGU,0.0,0.0,0.0,0.0,0.0,-0.27326786250001056,0.0,0.0,-0.02446311602150774,0.0,0.0,0.0,0.0,-0.13780623267640435,0.6140857179748895
CSO-15-10A-MAARLO,0.0,0.0,0.0,-0.36927447293799814,-0.14285714285714288,-0.5175218286277214,-0.14285714285714288,0.0,-3.1046021028253312,-0.142857142857143,0.0,0.0,-2.397857207419681,-2.61024632076049,4.203505738592825
CSO-15-10A-SFEGA,0.0,0.0,0.0,1.4222261679238195,0.0,-0.3218130517611827,0.0,0.0,-1.5254440696646516,0.0,0.0,0.0,-2.6604191081511566,-2.660419108151156,0.0
CSO-15-10B-MEBUAR,0.0,0.0,0.0,0.6622661785325219,-0.10050378152592122,-0.4936258837698759,-0.10050378152592122,0.0,-1.824490921678612,-0.1005037815259213,0.0,0.0,-1.7193963856092704,-1.7649369398944474,2.38737123745269
CSO-15-10B-YVBUAN,0.0,0.0,0.0,0.0,0.0,0.0,0.0,0.0,0.0,0.0,0.0,0.0,0.0,0.0,0.0
CSO-15-10C-ALBAHO,0.0,0.0,0.0,-0.27435163058436723,0.0,-0.4525696378552518,0.0,0.0,-1.569036503005942,0.0,0.0,0.0,-2.7099902791216643,-2.709990279121664,9.9498743710662
CSO-15-10C-SSCAMO,0.0,0.0,0.0,0.0,0.0,-0.38009401531053544,0.0,0.0,-0.27455615390196125,0.0,0.0,0.0,-0.7384336316130127,-0.9345482650709631,0.9600311034351525
CSO-15-11C-JETALO,0.0,0.0,0.0,-0.13717581529218362,0.0,-0.4376171335797544,0.0,0.0,-0.9290514607935665,0.0,0.0,0.0,-1.346874642024681,-1.8602703779789818,3.8964024269893116
CSO-15-7B-JCRAGA,0.0,0.0,0.0,-0.4530380605082069,-0.07142857142857144,-0.5767524863912723,-0.07142857142857144,0.0,-2.0800512622294147,-0.0714285714285715,0.0,0.0,-2.268284659892018,-2.3294925958284676,5.292610094321842
CSO-15-8A-VBMABR,0.0,0.0,0.0,-0.35897937170477,0.0,-0.4672791484683794,0.0,0.0,-1.740439758617744,0.0,0.0,0.0,-2.5010823838341443,-2.511506273435727,7.424426928316278
CSO-15-8B-KEPOGO,0.0,0.0,0.0,1.5996339799119244,-0.10206207261596577,-0.4930173536122582,-0.10206207261596577,0.0,-2.5586509688275334,-0.10206207261596584,0.0,0.0,-1.9144277941204768,-2.1387010539525475,2.5753390457800895
CSO-15-9B-ALRIHE,0.0,0.0,0.0,-0.5631949594350547,-0.10206207261596577,-0.5932498480039652,-0.10206207261596577,0.0,-0.5425547752286082,-0.10206207261596584,0.0,0.0,-0.7634108148113168,-1.050858962976906,2.3432832476429954
CSO-15-9B-AMSAGO,0.0,0.0,0.0,-0.5816868172227061,-0.10206207261596577,-0.44917244738681017,-0.10206207261596577,-0.05025189076296061,-1.6147051018713254,-0.10853619079386333,0.0,0.0,-2.3787783032037435,-2.375317888369964,5.388641961929756
CSO-15-9B-JCAPA,0.0,0.0,0.0,0.0,0.0,-0.3865556717425342,0.0,0.0,-1.5428161556520092,0.0,0.0,0.0,-1.476496133372077,-1.5616837726552284,3.0229334050855243
CSO-15-9B-KSBEJA,0.0,0.0,0.0,-0.3144854510165755,0.0,-0.4999510758925504,0.0,0.0,-0.7049755610675408,0.0,0.0,0.0,-1.1677837946320846,-1.2532645417792416,1.6376410803707073
CSO-15-9B-RMCHLU,0.0,0.0,0.0,-0.2593047981242535,0.0,0.0,0.0,0.0,0.03437069116771663,0.0,0.0,0.0,0.3069282893503684,0.1865923719027743,0.0
CSO-15-9B-SJAGRO,0.0,0.0,0.0,-0.795468402859874,-0.10050378152592122,-0.5026028286234493,-0.10050378152592122,0.0,-1.1312142912801528,-0.1005037815259213,0.0,0.0,-1.2037688985550865,-1.6887649967527731,4.0121995040005975
CSO-16-10A-JEGAHE,0.0,0.0,0.0,1.3184178509834787,-0.14285714285714288,-0.4843221048378526,-0.14285714285714288,0.0,-2.3618219817424992,-0.142857142857143,0.0,0.0,-2.5315425860863052,-2.396612050480223,6.174755393265928
CSO-16-10A-MSACO,0.0,0.0,0.0,-0.29488391230979427,-0.14285714285714288,-0.5155800469472481,-0.14285714285714288,0.0,-1.395036897765771,-0.142857142857143,0.0,0.0,-1.8687570239667068,-1.9710549133051498,0.0
CSO-16-10A-SARI,0.0,0.0,0.0,-0.7080124164434932,-0.20412414523193154,-0.6224199682387501,-0.20412414523193154,0.0,-1.6072610606868496,-0.20412414523193168,0.0,0.0,-1.8431154502548797,-2.0718748844441426,6.464000333737392
CSO-16-10A-SMOUT,0.0,0.0,0.0,-0.5026028286234493,-0.10050378152592122,-0.5089133578079825,-0.10050378152592122,0.0,-2.3944032831363775,-0.13538810472195736,0.0,0.0,-2.271099895830676,-2.4052603207974568,4.358898943540674
CSO-16-10A-YKMUJO,0.0,0.0,0.0,-0.9547225543580434,-0.17586311452816475,-0.5623916050338599,-0.17586311452816475,0.0,-1.434638190916534,-0.17586311452816492,0.0,0.0,-2.100420126042015,-1.830624184746124,3.057621820283923
CSO-16-10B-JESUGU,0.0,0.0,0.0,-0.25264557631995566,0.0,-0.4525696378552518,0.0,0.0,-2.0307741354343376,0.0,0.0,0.0,-3.0098901504754996,-3.0098901504755,7.000000000000001
CSO-16-10B-LTVIFA,0.0,0.0,0.0,-0.4097831472802227,0.0,-0.5318979841968969,0.0,0.0,-1.6849051611232801,0.0,0.0,0.0,-2.0398014301019756,-2.0642987658022616,4.645643923738961
CSO-16-10B-VVILI,0.0,0.0,0.0,-0.493462466730651,-0.07142857142857144,-0.5925408180260243,-0.07142857142857144,0.0,-1.7319979450620104,-0.0714285714285715,0.0,0.0,-1.8268900877100223,-1.8466063918774547,3.4729242195242014
CSO-16-10C-MAVAVE,0.0,0.0,0.0,0.0,0.0,0.0,0.0,0.0,0.0,0.0,0.0,0.0,0.0,0.0,0.0
CSO-16-11A-JAVABO,0.0,0.0,0.0,-0.41140464297994445,0.0,-0.290488629262944,0.0,0.0,-0.8719231059713545,0.0,0.0,0.0,-0.5663261189962583,-0.6370596858775454,-0.08654846448158308
CSO-16-11A-JDMUVA,0.0,0.0,0.0,-0.3195507409729134,0.0,-0.21983938593571414,0.0,0.0,-0.5770112082197703,0.0,0.0,0.0,-0.8787024311258549,-0.9941304096742978,2.73241951698261
CSO-16-11A-VZAOR,0.0,0.0,0.0,1.0231044264628615,0.0,-0.16666666666666669,0.0,0.0,-2.0309481400924376,0.0,0.0,0.0,-1.2768969976228,-1.886436627713266,0.35887028128263665
CSO-16-11B-KRORE,0.0,0.0,0.0,-0.19899817453363283,0.0,-0.44189859417828836,0.0,0.0,-1.3389416438843837,0.0,0.0,0.0,-1.740914335601699,-1.7683140619906972,2.6927146630198404
CSO-16-11B-LLOZA,0.0,0.0,0.0,-1.019644980921942,-0.3385995887898602,-0.7847285663213224,-0.3385995887898602,-0.17586311452816475,-0.8978411261462037,-0.3790904868435973,0.0,0.0,-1.4432110780596907,-1.5254980171290888,4.224145092534936
CSO-16-11B-YAROMO,0.0,0.0,0.0,-0.2262848189276259,0.0,-0.20173664619648224,0.0,0.0,-0.1131524926309845,0.0,0.0,0.0,-0.1376143019471573,-0.43047869527533517,0.0
CSO-16-9A-JALEMO,0.0,0.0,0.0,0.31464108840778165,0.0,-0.7187675159833948,0.0,0.0,-1.1300067328707453,0.0,0.0,0.0,-1.593236085026251,-1.5845710232331074,3.0785359917430113
CSO-16-9A-JPROSO,0.0,0.0,0.0,-0.3469642189838853,0.0,-0.2294157338705618,0.0,0.0,-0.048541266271685896,0.0,0.0,0.0,-0.8275094045221225,-0.5399736790487342,1.000601613467578
CSO-16-9A-JSMAGU,0.0,0.0,0.0,1.6789568627355091,-0.12168046219153206,-0.6508195251456348,-0.12168046219153206,0.0,-2.200740131387845,-0.12168046219153214,0.0,0.0,-2.098352264677644,-2.38679103693763,3.7590174568953745
CSO-16-9B-SJPAJI,0.0,0.0,0.0,0.505527785658147,0.0,-0.3141086228215638,0.0,0.0,-1.8312142426558444,0.0,0.0,0.0,-1.5188715476562402,-1.6559131688770834,-0.12168046219153204
CSO-17-10A-YVGOCA,0.0,0.0,0.0,1.5350186552432912,0.0,0.0,0.0,0.0,-1.5854720013430803,0.0,0.0,0.0,-0.8333356293305377,-1.2870484436083964,0.0
CSO-17-10B-EHECO,0.0,0.0,0.0,-0.5488212999484517,0.0,-0.2294157338705618,0.0,0.0,-0.6859943405700354,0.0,0.0,0.0,-1.097261303492042,-0.8675799739759956,-0.24165057861066713
CSO-17-10B-YCQUVE,0.0,0.0,0.0,-0.14285714285714288,0.0,-0.4034732923929645,0.0,0.0,-1.3239640938843498,0.0,0.0,0.0,-2.9796601097479654,-2.9796601097479645,9.9498743710662
CSO-17-11A-JDAMO,0.0,0.0,0.0,-0.3515615246553262,0.0,-0.4034732923929645,0.0,0.0,-1.4017701554581457,0.0,0.0,0.0,-1.6513099030859455,-1.602487395198834,0.0
CSO-17-11A-NPAHE,0.0,0.0,0.0,0.0,0.0,0.0,0.0,0.0,0.0,0.0,0.0,0.0,0.0,0.0,0.0
CSO-17-11A-RLPAIG,0.0,0.0,0.0,-1.6924558427507104,-0.10050378152592122,-0.6152198555457548,-0.10050378152592122,0.0,-1.0994566983044582,-0.1005037815259213,0.0,0.0,-1.2371791482634837,-1.7814431365581398,4.931386100923965
CSO-17-11A-SPUVA,0.0,0.0,0.0,0.0,0.0,0.0,0.0,0.0,0.0,0.0,0.0,0.0,0.0,0.0,0.0
CSO-17-11B-CDBEBU,0.0,0.0,0.0,-0.15724272550828775,0.0,-0.2262848189276259,0.0,0.0,-0.2569452954589315,0.0,0.0,0.0,-0.5119171264434702,-0.5132404365392363,0.9414688716912718
CSO-17-11C-JDAAG,0.0,0.0,0.0,-0.3515615246553262,0.0,-0.4843221048378526,0.0,0.0,-1.4339577116590316,0.0,0.0,0.0,-2.3918565167545784,-2.391856516754578,5.686240703077327
CSO-17-11C-MAPAMA,0.0,0.0,0.0,-0.40285512670499146,0.0,-0.20263942419936326,0.0,0.0,-1.1988033755050655,0.0,0.0,0.0,-1.7609706947782275,-1.7999216975565666,3.988764275277623
CSO-17-11C-MCAAG,0.0,0.0,0.0,0.0,0.0,0.0,0.0,0.0,0.0,0.0,0.0,0.0,0.0,0.0,0.0
CSO-17-11C-SARJA,0.0,0.0,0.0,-0.46852128566581813,-0.10050378152592122,-0.48705678739484887,-0.10050378152592122,0.0,-1.911939097399032,-0.1005037815259213,0.0,0.0,-2.2551519787722007,-2.685866918833883,5.368738429167238
CSO-18-11A-ADBAHO,0.0,0.0,0.0,-0.33333333333333337,0.0,-0.29488391230979427,0.0,0.0,-1.3820466381612853,0.0,0.0,0.0,-1.7910669423779806,-1.5903065917774704,0.0
CSO-18-11B-YLLRE,0.0,0.0,0.0,-0.7886715544981135,0.0,-0.7383206816313616,0.0,0.0,-0.9086806837960424,0.0,0.0,0.0,-2.1624820236051576,-2.1674505697711735,4.400130001624296
CSO-18-9B-MAMOLO,0.0,0.0,0.0,-0.4567565058021713,0.0,-0.37751740852414534,0.0,0.0,-1.3030133679758884,0.0,0.0,0.0,-1.8830792026833394,-1.797586900109025,2.2687104788616215
CSO-8-3A-AIPRBR,0.0,0.0,0.0,1.6621810645822421,-0.1734906440445372,-0.5317044041223599,-0.1734906440445372,0.0,-4.6255993171998835,-0.17349064404453735,0.0,0.0,-1.5770599601602908,-2.4962229209260385,2.650636993364663
CSO-8-3A-DAPAVA,0.0,0.0,0.0,0.77087144776447,-0.17586311452816475,-0.7815509578384519,-0.17586311452816475,0.0,-4.6148556638852165,-0.17586311452816492,0.0,0.0,-2.3910986115472324,-2.910584056452179,2.9186352271512876
CSO-8-4A-ARAGR,0.0,0.0,0.0,1.5775473906351996,0.0,-0.9185188985652678,0.0,0.0,-2.0320020320030476,0.0,0.0,0.0,-2.2718136897109966,-2.32240167309676,2.557332504275971
CSO-8-4A-JRAAR,0.0,0.0,0.0,0.6158878081369402,-0.24103065509525873,-0.6609116850774575,-0.24103065509525873,-0.05025189076296061,-4.545663361728784,-0.24630124294341377,0.0,0.0,-2.395550801354694,-2.790363582523046,4.592708457656375
CSO-9-2A-EXMOCO,0.0,0.0,0.0,1.5952836505787278,-0.14285714285714288,-0.6236095644623236,-0.14285714285714288,0.0,-2.4251018290205635,-0.142857142857143,0.0,0.0,-2.6886867231734555,-2.802263572122562,4.94622631879996
CSO-9-4A-AGAPE,0.0,0.0,0.0,-0.6170538476697407,-0.07142857142857144,-0.36574801489611386,-0.07142857142857144,0.0,-1.3263486443305539,-0.0714285714285715,0.0,0.0,-1.9579153344088862,-2.0823292250677095,6.836710189638941
CSO-9-4A-DKVIMO,0.0,0.0,0.0,0.6090214608776997,-0.35842449518079267,-0.4621522003661646,-0.38352754443591364,0.0,-3.191253668823096,-0.38352754443591364,0.0,0.0,-2.8823982068982903,-2.9877314202055083,5.395370851198869
CSO-9-4A-DSMOMU,0.0,0.0,0.0,-0.41995453643247466,0.0,-0.4034732923929645,0.0,0.0,-1.1358152736593492,0.0,0.0,0.0,-1.490696352997681,-1.6042057279478643,2.2912878474779204
CSO-9-4A-DVGATO,0.0,0.0,0.0,2.3020177340801045,-0.20412414523193154,-0.8286309106098375,-0.20412414523193154,0.0,-3.6621397577964987,-0.21707238158772665,0.0,0.0,-2.400547647095348,-1.9947379083788084,5.787086919898887
CSO-9-4A-EGCAMO,0.0,0.0,0.0,-0.3144854510165755,0.0,-0.4034732923929645,0.0,0.0,0.0,0.0,0.0,0.0,0.0,0.0,0.7177405625652733
CSO-9-4A-FAGIGA,0.0,0.0,0.0,-0.9393939393939394,-0.10050378152592122,-0.5423640813900673,-0.10050378152592122,0.0,-1.4017701554581457,-0.1005037815259213,0.0,0.0,-1.2158161263889742,-1.5046399292718902,3.3159440687463926
CSO-9-4A-GSBRCO,0.0,0.0,0.0,-0.3144854510165755,-0.10050378152592122,-0.4556210808256099,-0.10050378152592122,0.0,-2.112808478667585,-0.1005037815259213,0.0,0.0,-3.2801059806938757,-3.2801059806938753,0.0
CSO-9-4A-KEMOCO,0.0,0.0,0.0,0.8897565210026093,0.0,0.0,0.0,0.0,-1.3954907450815535,0.0,0.0,0.0,-1.4492323285531927,-1.800786826950123,0.0
CSO-9-4A-LCOMO,0.0,0.0,0.0,0.0,-0.10050378152592122,-0.6923076923076923,-0.10050378152592122,0.0,-1.8899618301852543,-0.1005037815259213,0.0,0.0,-1.620772547179424,-2.120053509237727,5.202157209989737
CSO-9-4A-MLORO,0.0,0.0,0.0,-0.5465357250000211,0.0,-0.46279762485732295,0.0,0.0,-0.5119330160296515,0.0,0.0,0.0,-1.4534876968250614,-1.3761776764209777,3.0000000000000004
CSO-9-4A-MPAME,0.0,0.0,0.0,-0.3515615246553262,0.0,-0.4843221048378526,0.0,0.0,-1.559960382461614,0.0,0.0,0.0,-2.3918565167545784,-2.391856516754578,4.898979485566357
CSO-9-4A-NSARPA,0.0,0.0,0.0,0.8641744834506975,-0.17586311452816475,-0.571823370154915,-0.17586311452816475,0.0,-3.078089919532511,-0.17586311452816492,0.0,0.0,-2.5290542951512416,-2.5512629643428997,7.886467299441548
CSO-9-4A-YVDITR,0.0,0.0,0.0,-0.25264557631995566,0.0,-0.27435163058436723,0.0,0.0,-1.2290078319709865,0.0,0.0,0.0,-1.2886154821354898,-1.4550944553356095,2.675986559056072
