file,z_wc,z_nodes,z_edges,z_re,z_pe,z_l1,z_l2,z_l3,z_lcc,z_lsc,z_atd,z_density,z_diameter,z_asp,z_cc
CDMS-10-4A-JURAN-CorrEtiq.txt,0.0,0.0,0.0,1.8039780731088477,-1.1563463896999346,-1.039697876314125,-1.1873276456828283,-1.0054130878173464,0.0,0.2875175151358341,0.0,0.755827488477849,-0.23212236252300839,-0.6053165695655612,-0.9644467146656399
CDMS-10-5A-HEPIHO-CorrEtiq.txt,0.0,0.0,0.0,1.7740300308481416,-0.7554013778754999,-0.5797843480643584,-0.7599100024911866,-0.43040829771341255,0.0,0.10479336119075627,0.0,0.3191031334237635,-0.17597836970264416,-0.28390207400852796,-0.5737476706365688
CDMS-10-5A-KSRAGU-CorrEtiq.txt,0.0,0.0,0.0,0.3578598300864512,-0.7856994909800713,-0.09432638277347227,-0.7672657542847203,0.48342693512576373,0.0,-0.009137816060891854,0.0,0.442219083937602,-0.44760371250859565,-0.2922068498021558,1.2465744448241003
CDMS-10-5A-SROPU-CorrEtiq.txt,0.0,0.0,0.0,1.9603813281622031,-0.47498369392073475,-0.14940631893199224,-0.6097931415787212,-1.379765688380883,0.0,0.06042298453089458,0.0,-0.5698705223834815,0.341321251757329,0.45709359853930304,-1.4391923753671325
CDMS-10-5A-SZURO-CorrEtiq.txt,0.0,0.0,0.0,0.6315013666382157,-0.6354915646666731,-0.46489842825031297,-0.6374324356263352,0.2711609253170819,0.0,0.5741756915470323,0.0,0.6082432227860477,-0.685736202545604,-0.45767111464148347,-0.035433117295080536
CDMS-10-5B-SRAJA-CorrEtiq.txt,0.0,0.0,0.0,4.524020328178481,-0.6604034954051528,-1.0772704884387492,-0.7988586325219008,0.16542132313984306,0.0,0.038149622986492396,0.0,-0.8566682077647152,0.12212618934098043,0.12632366180060817,-0.15182591758329772
CDMS-10-5C-DAAUSA-CorrEtiq.txt,0.0,0.0,0.0,0.7998803375893769,0.14218644654908008,-1.0358940134531391,0.24993859829685022,-0.03797607187129433,0.0,0.15520924055022747,0.0,0.0887668222642893,-0.30462945485203957,-0.3426634246806547,-0.7889827820838269
CDMS-10-5C-ICAPA-CorrEtiq.txt,0.0,0.0,0.0,0.9358325128436866,0.27715233599868305,-0.8708342844844403,0.315870654093985,-0.6746960230635103,0.0,0.4721781312937368,0.0,0.03435677414175554,-0.8088846112951483,-0.7018903132816504,-0.8362644093361287
CDMS-10-5C-JFALGI-CorrEtiq.txt,0.0,0.0,0.0,0.999623132380206,-1.0343779823903716,-0.9994182436270699,-1.085499334331391,-1.1672113204828312,0.0,0.36940527091790915,0.0,1.101223344195367,-0.5746207344402585,-0.8648248182088581,-0.6081082114644208
CDMS-10-5C-MAORTO-CorrEtiq.txt,0.0,0.0,0.0,3.3748193948801295,1.1007500806152604,-0.45477435787943954,-0.24925519982137403,0.22731270205469578,0.0,-0.2185504454899925,0.0,-0.7080407882355778,0.33069796730654677,0.5529486791930206,-0.08493899520973115
CDMS-10-5C-NBEMO-CorrEtiq.txt,0.0,0.0,0.0,2.63832981854777,1.5539172503884318,1.6925571916543176,0.5879736653949901,-1.1954796883436936,0.0,0.06073676168871717,0.0,-2.6592047388497244,0.450391152723419,0.8981714491360292,-1.2923379027428699
CDMS-10-6B-ASCACO-CorrEtiq.txt,0.0,0.0,0.0,-0.3374859525262331,-0.787670293168039,-0.776406844437581,-0.795982377767077,0.1614800063994424,0.0,0.1296944509478433,0.0,1.2512490300873351,-0.3693670262851271,-0.7107640623771855,-0.14553666445116564
CDMS-10-6B-JJMOBE-CorrEtiq.txt,0.0,0.0,0.0,1.9120795825158428,-0.9388380251451456,-0.9396543095644128,-0.9542797923378021,1.194602803674258,0.0,0.15451572667579477,0.0,0.6503520511250585,-0.0984734855808792,-0.23760038229151373,0.47408030022416225
CDMS-11-4A-GACHSA-CorrEtiq.txt,0.0,0.0,0.0,2.5196090619352645,-0.4276613350045225,0.050808482634412046,-0.4247856225485693,0.2821055167330621,0.0,-0.3040020737987276,0.0,-0.6451327685432587,0.5427104061077482,0.3775925271303498,-0.2295545485492525
CDMS-11-5A-EAARCA-CorrEtiq.txt,0.0,0.0,0.0,0.6301270522650808,-0.5481384283107508,-0.9607499079740983,-0.5377492395626023,-0.43922602188524923,0.0,0.19961082358284568,0.0,0.8044275174259433,-0.19121948913742742,-0.45036062998830256,-0.8197262399785669
CDMS-11-5A-MGTHAR-CorrEtiq.txt,0.0,0.0,0.0,1.1985192515207619,-1.4777394951297014,-1.2707405483531087,-1.5257309248777509,-0.28263007213293917,0.0,0.01887543846411609,0.0,1.6057035872279801,-0.18633855145297043,-0.7711879393398288,0.13059897425768024
CDMS-11-6A-DFVEBE-CorrEtiq.txt,0.0,0.0,0.0,0.2271480174386975,-0.6067019175832147,-0.0048071393629845255,-0.705609866028199,-1.2305235194016968,0.0,0.02619334518035911,0.0,0.32505589246661326,-0.25516587692486437,-0.33482459966982697,-1.4143075960620615
CDMS-11-6A-NMREPR-CorrEtiq.txt,0.0,0.0,0.0,2.1881137886112825,-0.6184455184343942,-0.7242688200282672,-0.6123852216630521,-0.6540756365992432,0.0,-0.021170988772970082,0.0,0.11975566687527964,0.11888784455296811,0.055363378666519504,-0.7773756210313617
CDMS-11-6B-ARAHE-CorrEtiq.txt,0.0,0.0,0.0,0.8375239116654236,-0.38048142773420335,-1.0092894171644118,-0.3622526725074958,0.14592110808010933,0.0,0.37083773919083685,0.0,0.5771206646966649,-0.5860640632553561,-0.8677640879224946,-0.12675556196816334
CDMS-11-6B-AVROTO-CorrEtiq.txt,0.0,0.0,0.0,2.633833934093513,-0.7300688789065533,0.039105369367492405,-0.7357205877896814,1.5676970191648218,0.0,-0.462174147613481,0.0,-0.336650010685949,0.7128239441600384,0.9193210893066749,1.5452656612691142
CDMS-11-6B-EAFESA-CorrEtiq.txt,0.0,0.0,0.0,5.516361134924907,-1.067840200840324,2.1198090801261116,-1.0956719818373253,0.04670169484386166,0.0,-0.9057814934335294,0.0,-2.0132866061791086,1.7212695053725062,2.375915098283046,-0.6051751529808571
CDMS-11-6B-EFRGR-CorrEtiq.txt,0.0,0.0,0.0,4.433061528561505,-0.09984490193829314,-0.4815623270579467,-0.8891396829956009,4.226597252056361,0.0,-0.43635316602500096,0.0,-1.5253018836133452,1.371319150866391,1.9160708966731028,0.26139371513706655
CDMS-11-6B-EROCO-CorrEtiq.txt,0.0,0.0,0.0,-0.5290027354448393,-1.4059318659295252,-1.1880202414647008,-1.4419547239123673,0.0804749192058095,0.0,0.38759004547751064,0.0,2.152753812245182,-1.2131992429890301,-1.442737980515883,-0.13263975868022254
CDMS-11-6B-JACUPE-CorrEtiq.txt,0.0,0.0,0.0,0.7791000960194048,-0.4848610957853919,1.1538781854077542,-0.46401451710447195,-0.7545657435567381,0.0,-0.10630067122917859,0.0,-0.7483234232355326,0.30721347673750304,0.5091498596901813,-0.7284919093982686
CDMS-11-6B-JDCHBA-CorrEtiq.txt,0.0,0.0,0.0,6.244709049837009,-0.20486362168456196,-0.5875789506517369,-0.6992596369950963,1.1432766247419324,0.0,-0.8857583408582999,0.0,-2.354172852361531,2.0275383618722445,2.763430507795453,-0.2385685802737244
CDMS-11-6B-JFSAHE-CorrEtiq.txt,0.0,0.0,0.0,4.304645385719217,1.2152782166852296,-0.7638818489676885,0.5683152700177433,0.2837358905874297,0.0,-0.6773384986976264,0.0,-1.321251573385304,0.5032671140061629,0.9414906424887695,-0.027408143384892853
CDMS-11-6B-JLPENA-CorrEtiq.txt,0.0,0.0,0.0,3.447579598804955,-0.9724083441426709,-0.49528060556921494,-0.9861973640383723,-0.016496512608186138,0.0,-0.19021934733275564,0.0,-0.21812471151062643,0.202647298253406,0.451472925668414,-0.2468089486792174
CDMS-11-6B-JMARME-CorrEtiq.txt,0.0,0.0,0.0,1.0953291834558168,0.7748313879583447,1.2786620749663113,-0.31307254933473944,-0.8879154713340536,0.0,0.5510689875594268,0.0,-1.1714381408456385,0.034379484436963884,0.39396317620063953,-0.7697315783297618
CDMS-11-6B-JPSAMA-CorrEtiq.txt,0.0,0.0,0.0,5.316472488586423,1.2483212728655833,-0.03133437564382627,-0.022623128942728214,0.9434420860134981,0.0,-0.3331080229726796,0.0,-2.4060854962061162,1.4866995900598314,2.372135216657317,-0.5786722506766411
CDMS-11-6B-LESTA-CorrEtiq.txt,0.0,0.0,0.0,1.0926140487910676,-1.3988082583389592,-0.9783972036521972,-1.4523404055829476,0.2760879635893728,0.0,-0.05553799106480555,0.0,1.1356320507291238,-0.20427712197294054,-0.3675311494024381,0.8109457645545365
CDMS-11-6B-MAGIMU-CorrEtiq.txt,0.0,0.0,0.0,-0.19514989256295626,-1.0448764770067323,-0.9689646703951275,-1.0644389658065765,-0.5390093566933855,0.0,0.5033656778599656,0.0,1.5679795225727249,-0.6389011357395621,-0.8725216774371698,0.13691545846696526
CDMS-11-6B-MEBRTA-CorrEtiq.txt,0.0,0.0,0.0,3.53706500193451,1.3128965806667316,0.06460720994522011,-0.3072922475671238,0.4809085563953154,0.0,-0.11724563005946158,0.0,-1.3495725809118475,0.275270983777052,0.9896616443189196,1.4178453435685832
CDMS-11-6B-MMAMO-CorrEtiq.txt,0.0,0.0,0.0,2.2503019560944604,-0.24952468080627438,0.169541904153631,-0.43861244840684427,-0.589173083007593,0.0,0.03729300270276325,0.0,-0.6607305132434812,0.02353493647384388,0.11448350252934232,-0.7270560832985171
CDMS-11-6B-RSECA-CorrEtiq.txt,0.0,0.0,0.0,4.112810182701434,2.51033263396911,-0.5030012657961644,1.747562841120809,-0.25645031617992275,0.0,-1.3355667098225767,0.0,-3.0155359579181304,1.1105121627863614,1.799948210549417,-0.5572699313438845
CDMS-11-6B-SCAPA-CorrEtiq.txt,0.0,0.0,0.0,-0.47041544529986506,-0.7671973797044802,-0.9704667083120201,-0.7822982701875077,-1.0590236643540936,0.0,-0.8824022631844891,0.0,1.5318005008761064,0.6410618337093759,0.06857134212194946,-1.1213786886501518
CDMS-11-6B-VZAPE-CorrEtiq.txt,0.0,0.0,0.0,1.0536113368226676,-1.0940520917315626,-0.9855252741268747,-1.1177805327863386,0.33553500385691926,0.0,0.3010397027121842,0.0,1.0575703098178477,-0.5437308771467022,-0.9177485346406004,-0.024831575884358963
CDMS-11-6B-YLNIME-CorrEtiq.txt,0.0,0.0,0.0,1.7668664617629488,-0.7884656875659519,-0.7541575242280655,-0.7931440833876455,1.8041182057994558,0.0,-0.18982852376436354,0.0,0.4292728633524379,0.2090726576357885,0.20175651093394373,1.6917029036207796
CDMS-11-7C-ICARE-CorrEtiq.txt,0.0,0.0,0.0,-0.2826739990342481,-0.7506064099791692,0.005468546311539585,-0.7571452380423844,0.8910966744188561,0.0,-0.036785585433840716,0.0,0.6141937854401702,-0.053874729354688684,-0.21078043085422404,0.4514428669265981
CDMS-11-7C-IMOIB-CorrEtiq.txt,0.0,0.0,0.0,0.4561431886539645,0.1708739880947982,-0.9617839652366361,-0.31897640944938704,0.24784372090998644,0.0,0.1755250483995334,0.0,0.7305308089361108,-0.7773630301829451,-0.8446749111122571,0.4920780273591526
CDMS-11-7C-SALMA-CorrEtiq.txt,0.0,0.0,0.0,2.58509208083126,1.1819063669832708,-0.8327541327235272,0.17278958885075643,1.2653427789160585,0.0,-0.08042983908807992,0.0,-0.4887160811153641,0.5423655897753135,0.5723748596788519,0.7358155623164452
CDMS-11-7C-SPGAVE-CorrEtiq.txt,0.0,0.0,0.0,2.856462072651286,-0.7087480617879346,-0.6647138481405936,-0.7152213428661803,-0.7375876201288013,0.0,0.5070850607822014,0.0,0.14597496910725494,-0.5647497805494587,-0.5227606242011166,-0.5896083449548482
CDMS-12-5A-SRIGO-CorrEtiq.txt,0.0,0.0,0.0,1.1693669828689228,-1.0704607393165517,-0.9655917543413741,-1.0984552469592523,-0.6630926920219596,0.0,0.3009835237760397,0.0,0.9537859169014823,-0.5687142988095492,-0.6809834403548665,-0.39212769848769946
CDMS-12-6A-FAROPA-CorrEtiq.txt,0.0,0.0,0.0,1.3650907272737445,0.566374979594332,-0.8439967019458651,0.613889240508384,0.6376184021994863,0.0,-0.09552860803188974,0.0,-0.413791321150436,0.22793977325619696,0.10893406320608712,0.24947294200430553
CDMS-12-6A-JGIGA-CorrEtiq.txt,0.0,0.0,0.0,-0.38238591550957013,-0.8968960133465691,-0.8379304694791978,-0.9125082989940063,2.4557249967659507,0.0,-0.3266991947960393,0.0,1.4003980419852813,0.18796188741566422,-0.3057779713194171,1.9017177807524308
CDMS-12-6A-JSOTGU-CorrEtiq.txt,0.0,0.0,0.0,5.422332496598554,-0.8007667044073145,0.41952872955288695,-0.9711008209619081,1.3012084629013434,0.0,-0.9311770394031244,0.0,-1.9983724314154407,1.5993237945634429,2.0932357781539523,-0.5215570613952288
CDMS-12-6A-SROAL-CorrEtiq.txt,0.0,0.0,0.0,3.854456592305525,-0.8137230202693786,-0.7783313513174566,-0.7992158571486739,-0.7563452336023003,0.0,0.10980307863052693,0.0,-0.9477628828791558,-0.4617388105261668,-0.2521628690417478,-0.9594312143438921
CDMS-12-6B-IJDAGA-CorrEtiq.txt,0.0,0.0,0.0,0.8324865289674802,-0.0960750601029895,0.24793804593091895,-0.26212215512891507,0.42530739121216826,0.0,0.10803441247044554,0.0,-0.2457514212297374,0.05661560362364541,0.09155606198676182,-0.4598198626226095
CDMS-12-6B-SCLAG-CorrEtiq.txt,0.0,0.0,0.0,2.9503508118410617,-0.4079594958037374,0.07912076570084443,-0.720592015128829,-0.5962683014010577,0.0,-0.07209266558487433,0.0,-0.9601694538776163,0.30537815661170165,0.5666857363685052,-0.7238418195392498
CDMS-12-7C-ARAHE-CorrEtiq.txt,0.0,0.0,0.0,5.509785463565302,-1.0838770270517777,-1.0572896788960746,-1.1230547559503647,0.4499771807392939,0.0,0.1305051886843102,0.0,-0.9664439879879589,0.4776399860097804,0.6247048772266668,0.23934774369821632
CDMS-12-7C-CATRAR-CorrEtiq.txt,0.0,0.0,0.0,-0.3289240562081487,-0.8118463491556048,-0.7631197241412747,-0.8178476016059283,0.4619366740370561,0.0,0.5082812287477695,0.0,1.2703887009062242,-0.5605583691623731,-0.5065144291103193,0.4519864629196065
CDMS-12-7C-DLOLO-CorrEtiq.txt,0.0,0.0,0.0,1.317893604459301,0.8561884707856191,-0.9263888876662815,0.7365107430655884,-0.9205951119144851,0.0,0.2010517937110205,0.0,-0.5657354347383619,-0.466604958580263,-0.3502593154638723,-0.8582970282573955
CDMS-12-7C-JSZAOR-CorrEtiq.txt,0.0,0.0,0.0,2.8324564187490933,1.7279878829214748,-0.23526604801846757,0.765917714789867,-1.1367326655574934,0.0,-0.6162619204882057,0.0,-1.6934973420821735,-0.10458608697138927,0.08375367165219166,-1.2043157142584069
CDMS-12-7C-MAROBE-CorrEtiq.txt,0.0,0.0,0.0,2.500159997430757,1.0846831774111634,-0.7010049139183073,0.2245005636150345,-0.7531057511098667,0.0,-0.03624203558462838,0.0,-0.4452607459157303,-0.03673614642987787,0.03802565761820451,-0.7896382456796812
CDMS-12-7C-VMAPA-CorrEtiq.txt,0.0,0.0,0.0,-0.30586245289206176,-0.510240779501261,-0.9867464964728867,-0.48573255386953607,-0.24166435521842086,0.0,-0.1467009526359979,0.0,1.151066460150606,-0.10798557811648088,-0.2449904245939712,-0.009710342188430289
CDMS-12-7C-VQURA-CorrEtiq.txt,0.0,0.0,0.0,3.2036518004563472,0.315368061784465,-0.926584430956548,0.3757063932817079,-0.9733466428219693,0.0,0.03891486424050689,0.0,-0.9855078682265054,-0.21695433934168282,-0.047453284663416376,-1.0034571558529324
CDMS-13-6B-ASUMO-CorrEtiq.txt,0.0,0.0,0.0,1.5350642996708599,-1.4897863704373915,0.6573168176288184,-1.543384871848467,-0.7615466490403198,0.0,-0.8745806597623914,0.0,-0.15356446945557717,1.3787301206660618,1.0215347542324136,-1.0375901248731065
CDMS-13-6B-JDTAHE-CorrEtiq.txt,0.0,0.0,0.0,3.484870397713748,-1.114055772840013,-0.3772393165115807,-1.1306430394629714,0.6390472354764904,0.0,-0.12835176262084136,0.0,-0.4196664824111839,0.40634896818711264,0.3993746658977123,-0.5953279372331336
CDMS-13-7C-MVEAR-CorrEtiq.txt,0.0,0.0,0.0,1.8433541842946781,-0.2964154856538723,-0.8677453117348357,-0.28767789885283357,0.1645620733357913,0.0,0.19364792160039737,0.0,0.07887798570569263,-0.15099572720695326,-0.1715441049143022,-0.22901982579678254
CDMS-13-7C-RAIZAC-CorrEtiq.txt,0.0,0.0,0.0,1.6766998408231655,1.0048162855211091,-1.2053479852568916,0.38910914476017033,-1.497622059641472,0.0,-0.7686283422572212,0.0,-0.39108471491867186,0.3741857810437249,-0.00866309558297187,-1.6755170711317988
CDMS-13-7C-SSOSLO-CorrEtiq.txt,0.0,0.0,0.0,0.8537477453769152,-1.2528789200576511,-0.4398316368343248,-1.3048833473457382,0.6933261807295584,0.0,0.3413346395504815,0.0,0.8701539007544375,-0.367755438167994,-0.5336269089295888,1.1273099593612763
CDMS-14-10A-IMORTO-CorrEtiq.txt,0.0,0.0,0.0,4.0616902261731225,2.133593816750977,-0.4267639048429284,0.6743609058093759,-0.6722053962025898,0.0,0.04502819183778781,0.0,-1.8225385475678966,0.1620640432049594,0.7222057474622487,-0.5671310740951814
CDMS-14-10A-JCVANI-CorrEtiq.txt,0.0,0.0,0.0,2.372790711114274,0.420201428683803,-0.4765815374173481,-0.2268403177013091,-0.7030322973133856,0.0,-0.007214178987612052,0.0,-0.4694664131626246,0.16583354469014577,0.38900945988132946,-0.5585967310826192
CDMS-14-5A-LSDUCO-CorrEtiq.txt,0.0,0.0,0.0,2.1010943827978834,-0.11310986970043481,-0.13375781568989795,-0.5965607315594936,0.590050164347782,0.0,-0.19986620018687182,0.0,-0.5460023290939465,-0.27385064746265003,-0.39323935148146266,0.38925171949027726
CDMS-14-6B-KDCAHE-CorrEtiq.txt,0.0,0.0,0.0,2.818814091160883,-0.8420816367141948,-0.20329785557984184,-0.8247135992559779,-0.016732171080101253,0.0,0.0063995832725512744,0.0,-0.7076459137034374,0.107869049809451,0.4609363860975892,0.4469594253794875
CDMS-15-10A-AMALOS-CorrEtiq.txt,0.0,0.0,0.0,4.005534724067126,-0.45963595885093206,-0.264700121991711,-0.5591756277242327,0.25729453560248083,0.0,-0.3319352924979232,0.0,-1.1329366599812034,0.644786649567045,0.9593064003040177,-0.022548610182796906
CDMS-15-10A-JJMACH-CorrEtiq.txt,0.0,0.0,0.0,1.6452541940514718,-0.3822025264595289,-0.7544694151006479,-0.5869794593121479,0.9502935629575129,0.0,0.35413225326309816,0.0,0.3002643843486723,-0.30351779941131835,-0.09176156334844057,0.28456228496578295
CDMS-15-10A-MAALCA-CorrEtiq.txt,0.0,0.0,0.0,0.6500296124755559,-0.8172846585095407,-0.8002317026989774,-0.8202686847719154,-0.10842352747086403,0.0,0.5350883188259492,0.0,1.0118526101816248,-0.4017897639978824,-0.3976543258454906,-0.035345100074659894
CDMS-15-10A-MAALRI-CorrEtiq.txt,0.0,0.0,0.0,2.0840218995606605,0.07245501422097426,0.9490284088307901,0.09094926640682714,0.6429003434104941,0.0,-0.4232433723330698,0.0,-1.4282258185218784,1.019696475973436,1.3481492789907012,0.2810823776505078
CDMS-15-10A-SGOMO-CorrEtiq.txt,0.0,0.0,0.0,-0.19003786180675036,-0.5826314408067051,0.8405261179055145,-0.5836289585732934,-0.6203881114999442,0.0,0.11072093277342938,0.0,-0.11491099936686959,-0.5147049803642818,-0.5386813045851275,-0.6539235015909689
CDMS-15-10A-SHEGA-CorrEtiq.txt,0.0,0.0,0.0,2.2910452292991894,-0.10295930291918531,-0.8001861496234332,-0.17335301538648748,-0.07635456209460897,0.0,-0.005652359974551491,0.0,-0.18709438689153163,0.01116905279479025,0.019917332989802684,-0.0530066209248288
CDMS-15-11B-JEMOLO-CorrEtiq.txt,0.0,0.0,0.0,4.412388255297551,-0.2890957158436778,-0.3737135619697811,-0.46891720624457844,-0.03590302009757463,0.0,-0.8062993165767792,0.0,-1.2851151719574847,0.8468659700835056,1.384927853605995,-0.7018174146303708
CDMS-15-11B-VSAHO-CorrEtiq.txt,0.0,0.0,0.0,0.9487897990654379,-0.3359213066195406,-0.8934995786519473,-0.3077609504046823,-0.30317939363400864,0.0,0.306261979866487,0.0,0.4441657287627539,-0.4645529167457317,-0.5525813306302255,-0.8176360258433625
CDMS-16-10A-SGALO-CorrEtiq.txt,0.0,0.0,0.0,3.9127384385420387,-1.1773263985181703,-1.0293487725943353,-1.1973597880529343,-0.42275166917249263,0.0,-0.16076874904670452,0.0,-0.1062800991036756,-0.01254272500893383,0.27356755158569845,-0.16380728277393602
CDMS-16-11B-NGABE-CorrEtiq.txt,0.0,0.0,0.0,2.5621108976356037,-0.858743348763289,-0.1002406764295259,-0.86791905249223,0.6200846581635349,0.0,-0.08109916466820478,0.0,-0.215760995361223,0.06274894458042264,0.12548418214398002,0.52497496402797
CDMS-18-7C-VVECA-CorrEtiq.txt,0.0,0.0,0.0,1.742257753263392,0.004390442243656325,-1.090499227214924,0.10649991228604565,-0.2771561446817171,0.0,0.5278079079858712,0.0,-0.1790556189243802,-0.03506209781104827,-0.31536121013878426,-0.8948943316176445
CDMS-8-4A-DBEVA-CorrEtiq.txt,0.0,0.0,0.0,6.797992527642862,-0.8232443814696411,0.4262016889823796,-0.8321699533280006,-0.31337890016179826,0.0,-0.03175713950117422,0.0,-2.11105584321744,0.5955364410093146,1.0704975420179417,-0.6598560710467485
CDMS-8-4A-DJAVDA-CorrEtiq.txt,0.0,0.0,0.0,1.6656674169531087,-0.27915052523975986,-1.1182219884220017,-0.53622061963517,0.1103365383491488,0.0,0.13371720588980673,0.0,0.1852102516402619,-0.23551360357728468,-0.2154997890253635,-1.2090774569459604
CDMS-8-4A-DOSTR-CorrEtiq.txt,0.0,0.0,0.0,2.2448771707568103,-1.2251198863717456,-1.0994699388204172,-1.2813181050955655,0.31283054151099554,0.0,0.003289997217656664,0.0,0.5286414846613764,-0.1613662839962694,-0.388268503494016,-0.18875684915678292
CDMS-8-4A-LGOPA-CorrEtiq.txt,0.0,0.0,0.0,3.0566642712702334,0.5118248785005132,-0.6535915164373349,0.3631675125587944,0.16855686584056845,0.0,0.02612153425725692,0.0,-1.1495804401333618,0.3147052519928118,0.5545741821860568,-0.08922179771934702
CDMS-8-4C-JDBUTU-CorrEtiq.txt,0.0,0.0,0.0,1.0548044163618915,-0.3685774736285779,0.4816753657739251,-0.5225181582521308,-0.15889648121447097,0.0,0.2857970233507046,0.0,-0.6775808027211494,0.1688910067044571,0.4322533654726027,-0.23430173600954915
CDMS-9-4A-ACDUTR-CorrEtiq.txt,0.0,0.0,0.0,4.096734277427415,0.13739259989721034,-0.38332951032772894,-0.2395267083510366,-0.5939357272475815,0.0,-0.4851331391566814,0.0,-1.311938440030539,0.5286183520469,0.7895146097162914,-0.7647390740127974
CDMS-9-4A-CARGA-CorrEtiq.txt,0.0,0.0,0.0,3.447827184166548,-0.5124340600217814,-0.48910794447821093,-0.5430658398321879,-0.6554124943797779,0.0,-0.4045611788358553,0.0,-0.8041829510635526,0.673200831242946,0.5801479254340133,-0.6995084445499534
CDMS-9-4A-CRAAG-CorrEtiq.txt,0.0,0.0,0.0,0.1643730715768587,-0.9765671998950118,-0.9081590756290469,-0.996073819998796,0.5660813278248145,0.0,0.4993324097152576,0.0,1.3004902224689383,-0.8768701734232076,-0.9219490425206944,0.7488463014477567
CDMS-9-4A-EROHI-CorrEtiq.txt,0.0,0.0,0.0,2.153087985058449,0.7970361170643546,-0.7624914054192119,0.15136491021829643,-0.052781365790496984,0.0,-0.03296990602771811,0.0,-0.39083740844315473,0.17769962932159467,0.2931309707348563,-0.25100656379899766
CDMS-9-4A-ILOSE-CorrEtiq.txt,0.0,0.0,0.0,3.6052115902558977,-0.4334716770575147,-0.906743901022138,-0.40797113225737713,-0.9929764863703691,0.0,-0.2498524258228178,0.0,-0.6591663395746354,0.3059237429191951,0.23912871369307745,-0.4131169694820978
CDMS-9-4A-TGAFR-CorrEtiq.txt,0.0,0.0,0.0,2.1007300472662904,0.8321652922908125,-1.458918132940559,-0.3864732901872672,-1.356538511746625,0.0,-0.02863225877086076,0.0,-0.14730476331891101,-0.6420658756942561,-0.5894371040408362,-1.6154539151416127
CDMS-9-4C-SCAMO-CorrEtiq.txt,0.0,0.0,0.0,-0.5056738746177418,-0.9791943704912128,-0.9303030550724943,-1.0004749197156249,-0.15374550562561023,0.0,0.2646065394429417,0.0,1.610729391955058,-0.09681289332759883,-0.5870115557979216,-0.390216033718336
CDMS-9-5A-ABERO-CorrEtiq.txt,0.0,0.0,0.0,1.2974445891719601,0.9156000614846961,0.05030797304545471,-0.03331740999396478,-1.0357754716646246,0.0,-0.08920241143740266,0.0,-0.5995943785849094,0.17460139781139053,0.25259075467542613,-1.1308284609675014
CDMS-9-5A-PAGACO-CorrEtiq.txt,0.0,0.0,0.0,1.8954932500178094,-0.7284024017752992,-0.5717379396039195,-0.7311245350332435,0.10929886844424874,0.0,-0.05607752501754344,0.0,-0.016513249239872393,-0.03742242904968011,-0.21597604005466617,-0.3404541128798233
CDMS-9-5A-VVAAR-CorrEtiq.txt,0.0,0.0,0.0,2.256102704621839,1.572070912344449,0.7213414348076322,0.5441346213559888,0.3407740355878797,0.0,0.2726644773247666,0.0,-1.6033108045774178,0.06866858845014984,0.7163068932354844,0.7145033165993616
CDMS-9-5C-JDMADE-CorrEtiq.txt,0.0,0.0,0.0,-0.5452056371816888,-0.5707376248625893,-0.23378977503200213,-0.5248752822678971,-0.5813530087711213,0.0,-0.05994480614593324,0.0,0.8031376049641715,0.05839978321908967,-0.3151650140361523,0.19290031864547136
CDMS-9-5C-LVIZAC-CorrEtiq.txt,0.0,0.0,0.0,1.2940584301170355,-0.8305517092241624,-0.07969597249408895,-0.8161869125627643,-0.00784027793064452,0.0,0.149288408364493,0.0,0.008570630824581345,-0.4703577003822932,-0.31846645953716735,-0.06346029424330928
CDMS-9-5C-MLOGO-CorrEtiq.txt,0.0,0.0,0.0,1.6772062411837803,1.5550321223461705,-0.16871291733201296,1.0477363998610818,0.3259263482565827,0.0,-0.7408199516341304,0.0,-1.6828810155266358,1.2037063210605958,1.4862451263540506,0.2039083502398221
CDMS-9-5C-SCAAG-CorrEtiq.txt,0.0,0.0,0.0,-0.28114511402238257,-1.06551592973888,0.22815173396386967,-1.0921849827599242,-0.9421139749297122,0.0,0.2731750751262706,0.0,0.7421047161547891,-0.49962404534653587,-0.8934149370943925,-0.5953036855337062
CDMS-XX-10A-VGILO-CorrEtiq.txt,0.0,0.0,0.0,3.797483835156705,-0.4659504773346572,1.1535540458924038,-0.4610776236979218,-0.12924279694055146,0.0,-1.4265574458500176,0.0,-1.928327003612642,1.0986834621178276,1.4369048849341564,-0.47675736903997123
CDMS-XX-5C-MJSARU-CorrEtiq.txt,0.0,0.0,0.0,-0.32336472389870125,-0.6635277059573883,-0.7689027097201182,-0.6679657805601426,-0.1649697295797246,0.0,0.447144466168523,0.0,1.1135580465427046,-0.8706675372056035,-1.136244197442695,-0.3102465940944297
CDMS-XX-5C-MPCAQU-CorrEtiq.txt,0.0,0.0,0.0,2.9205908591051375,-0.6600650756869453,-1.0432847520550894,-0.6525480142651748,-0.7608693270422168,0.0,-0.21148131835625425,0.0,-0.11500183911840405,0.4919528487125071,0.2905095007871848,-0.9061193974790895
CDMS-XX-6A-MAGICA-CorrEtiq.txt,0.0,0.0,0.0,4.448292030711905,-0.38264797003669326,-0.8915949090296075,-0.3636270015084449,-0.06776337761123337,0.0,0.13128497689531687,0.0,-1.0553571738009266,0.41818986135825714,0.690889952615011,-0.4417920813705387
CDMS-XX-6B-SPUCA-CorrEtiq.txt,0.0,0.0,0.0,2.804088057547834,-0.4699924017827986,-0.798521336220446,-0.46544423102904475,0.2476487214118217,0.0,-0.3627148331915378,0.0,-0.18183925067743267,0.744904032527501,0.8249484007390084,0.20946821872634772
CSO-10-4A-ICAPA-CorrEtiq.txt,0.0,0.0,0.0,2.1893964444134713,-1.0625762567290338,-0.9274300574318154,-1.0840333870821703,0.8191239441025064,0.0,0.12226837732579952,0.0,0.4428417562146511,-0.8051021810478038,-0.765715212209273,0.8148800844332379
CSO-10-4A-KCOMO-CorrEtiq.txt,0.0,0.0,0.0,0.8457652867448274,-0.4979032457319843,0.2632759678985401,-0.9381300999770491,-0.7603411490364651,0.0,0.10187594476670297,0.0,-0.07562874917603099,0.2062982540254005,0.30330481041040724,-0.7042385061585057
CSO-10-4A-LRAVI-CorrEtiq.txt,0.0,0.0,0.0,-1.065463706187024,0.025848075822075746,-1.4419702524084532,0.2147734461927496,0.3864600901019656,0.0,0.464115690066848,0.0,1.3907145347007805,-1.3100935643000073,-1.3583654265447287,-0.18688448569634628
CSO-10-4A-LSCAVA-CorrEtiq.txt,0.0,0.0,0.0,1.9786482719693115,-0.29093991720296086,-0.7095318908038186,-0.2808890970217447,-0.12887287682199156,0.0,0.10151483197991329,0.0,0.08078370430449762,-0.37632099783222467,-0.5912692160957378,-0.011409314432481624
CSO-10-5A-ACAVA-CorrEtiq.txt,0.0,0.0,0.0,4.456833588177354,-0.8541208165272763,-0.7795562790710392,-0.8628462270254771,-0.6961977965813079,0.0,0.08521765500161388,0.0,-0.3527787686255594,0.051481036302245035,0.15564066959545053,-0.6366550658482284
CSO-10-5A-ARACA-CorrEtiq.txt,0.0,0.0,0.0,0.03138562646422889,-0.23211815928506102,-0.9862630797979136,-0.1981320042586096,0.23740974638572943,0.0,-1.2771201464978181,0.0,0.767396882250286,0.7894979846127402,0.7652843355682873,-0.0858760582390388
CSO-10-5A-DABRZA-CorrEtiq.txt,0.0,0.0,0.0,1.602389521304758,0.051335874444455185,0.015841101735808494,0.096098284630823,0.6718798717102155,0.0,-1.084168526048437,0.0,-0.7684690073635356,1.8390301350366909,2.815802505925918,0.1673330925893146
CSO-10-5A-GZAMA-CorrEtiq.txt,0.0,0.0,0.0,4.661909102770534,1.2781764782220255,-0.4091199365706947,0.3084936353457787,0.16111153911054926,0.0,-0.21559477008599634,0.0,-1.8411738248664316,0.5729641002048722,1.1362958423418597,0.48298331200558536
CSO-10-5A-IPECA-CorrEtiq.txt,0.0,0.0,0.0,0.6491196627371262,-0.8617715691124517,-0.9602313420804374,-0.857192802243256,-0.895712782464741,0.0,0.5464076827683604,0.0,0.9564533353264402,-1.1535747630335247,-1.301010646577446,-1.0000150493082547
CSO-10-5A-JANORO-CorrEtiq.txt,0.0,0.0,0.0,0.7490364573884953,-0.26916185378770374,-0.1863478744514187,-0.1950312916498475,0.6482928423035382,0.0,-0.13201011271615753,0.0,-0.09452733997193924,-0.004761746993853203,0.014800994038445842,0.5546772767357097
CSO-10-5A-JBUVE-CorrEtiq.txt,0.0,0.0,0.0,1.799808952168134,1.0191071291510239,-0.47425897981241305,0.4909147286431682,0.5922921885421741,0.0,0.09538348761089455,0.0,-0.6873865865986096,0.34660763115814064,0.6129562131353609,-0.038736203039917115
CSO-10-5A-JJSEMO-CorrEtiq.txt,0.0,0.0,0.0,0.5338909837239976,-0.19369763372644175,-1.077935493031836,-0.13120335261463423,-0.03728817523249351,0.0,0.4392105935226977,0.0,0.5921230720795688,-0.6483223120292649,-0.7298320841096227,0.10209247844278573
CSO-10-5A-JLCARI-CorrEtiq.txt,0.0,0.0,0.0,2.154399172946945,1.3289912247461524,-0.35356414984057544,0.48089413601269904,-0.2293088808560488,0.0,-0.061377286461006215,0.0,-1.2315268249662676,0.5887332332858309,0.8704438081647545,-0.5837888177719402
CSO-10-5A-MAARAN-CorrEtiq.txt,0.0,0.0,0.0,2.8331183958550135,-0.21585797886232214,-0.9373991988981406,-0.16366775696703967,-1.2006599807518625,0.0,0.5921655144795179,0.0,-0.5610780849970418,0.14660564355918843,0.09030900432612586,-1.3360015081363472
CSO-10-5A-MAOSMO-CorrEtiq.txt,0.0,0.0,0.0,0.10083403908735021,0.031977403140048634,-0.17671219391811466,0.07588874092581523,-1.045179536847384,0.0,-1.1879182136298907,0.0,0.2595746797151115,0.9835738918401545,0.23838735092584024,-0.627581375997825
CSO-10-5A-RVMOIB-CorrEtiq.txt,0.0,0.0,0.0,2.6522429864370585,-0.8833544046005838,-0.8153744549581182,-0.8939086704448426,0.22509634783487278,0.0,-0.639861092388614,0.0,0.14915932522073252,0.6477313293792081,0.7142069609767725,-0.32881359817133576
CSO-10-5A-SVHEES-CorrEtiq.txt,0.0,0.0,0.0,0.7484622692916245,-0.8021653445429858,-0.6323013441107196,-0.7540916147193066,0.537227780806821,0.0,0.11539101366726758,0.0,0.6197079349475977,0.14039029939262887,-0.2817126913407918,0.020845914904455226
CSO-11-5A-MDVOSPE-CorrEtiq.txt,0.0,0.0,0.0,4.6148239941708775,-0.8363517049783854,-0.8407833585259603,-0.8462778916898525,-0.7899268548792717,0.0,-0.35239927947181277,0.0,-0.48592451000502923,0.08596119977800175,0.18653805650368036,-1.050106436920519
CSO-11-5A-MTAGA-CorrEtiq.txt,0.0,0.0,0.0,3.2787102134075137,-1.3648807879728146,0.36630104166949096,-1.460969004932718,-1.5904482809228901,0.0,0.08638041037949591,0.0,-1.1018059089701844,-0.3232488699835543,-0.24170318514149794,-1.7463044915816996
CSO-11-6A-CAPAMU-CorrEtiq.txt,0.0,0.0,0.0,3.7064431184700775,1.5625485818103355,0.18457593033792039,0.704560937130864,-0.6332998396037793,0.0,-0.27967283212921956,0.0,-1.7491399896554543,0.5398407341620695,0.8210514388412415,-0.6224402118499919
CSO-11-6A-DSCACH-CorrEtiq.txt,0.0,0.0,0.0,3.0964069154674827,-0.9925974884001514,-0.8314729529840026,-1.0089902910621114,-0.837288471357391,0.0,-0.26532528885535717,0.0,0.1337636810652703,0.007155935797532766,-0.17279710504344292,-0.8649980113024729
CSO-11-6A-EROMO-CorrEtiq.txt,0.0,0.0,0.0,-0.29411055577970097,-0.721826925243865,-0.6915667962923054,-0.7302010454030476,-0.2579684300669042,0.0,0.5287082762196161,0.0,1.1223972869397794,-0.811443886038424,-0.8072809157663103,-0.20856916175496726
CSO-11-6A-FSOVRE-CorrEtiq.txt,0.0,0.0,0.0,-0.7509196988858686,-0.3319125024800052,-1.1185509983617774,-0.24609539023081073,-0.41658906041968313,0.0,0.2562595396271595,0.0,1.3207900282414273,-0.9139106088584793,-1.092055479718179,-0.04271673595824726
CSO-11-6B-ANREVA-CorrEtiq.txt,0.0,0.0,0.0,1.4112962242935445,0.8223552293493068,-0.7648956327898716,0.8837176689118136,-0.8796970810519764,0.0,-0.5329715629374606,0.0,-0.5890552609812929,0.8340566953673434,0.9968926214157954,-0.8558623110052462
CSO-11-6B-DISEMO-CorrEtiq.txt,0.0,0.0,0.0,4.847551049433953,0.7035302976607066,-0.9142319535278125,0.029009799512926322,0.5610675561406184,0.0,-0.9833372448680349,0.0,-2.360352421375611,2.3732960498719784,2.7647310007232435,-0.9867185322474218
CSO-11-6B-LHFDLACH-CorrEtiq.txt,0.0,0.0,0.0,3.0423015440678434,-0.43885852693132377,-0.8879100948033106,-0.42051439614986,-1.0264173955535614,0.0,-0.01147781594901751,0.0,-0.35170521354703393,0.37810132167467436,0.545454735324099,-0.9490820287212236
CSO-11-6B-RJGIHE-CorrEtiq.txt,0.0,0.0,0.0,3.7394610092075125,-0.40224194374976574,-0.45240880377496634,-0.3638788009857845,-1.2084360884968965,0.0,0.3336380815161737,0.0,-1.2232100801739336,0.6570939217075716,0.3929327787295217,-1.141824651866088
CSO-11-6B-SFLVA-CorrEtiq.txt,0.0,0.0,0.0,3.1194772027983544,2.1455197878382735,0.06772217537339224,-0.01860167704121804,0.047445533791135926,0.0,-0.3409334329070293,0.0,-1.4343135109660465,0.5137238417625979,1.058583961455691,0.9683620232688127
CSO-11-6B-VCOMA-CorrEtiq.txt,0.0,0.0,0.0,2.0163906016108335,0.33414040059035144,-0.9271638374626487,0.3827951976702139,0.5381669636682842,0.0,-0.20830128450637136,0.0,-0.4310862815501492,0.4922181449400573,0.4540000556137895,-0.43349929032162565
CSO-12-6A-DGISE-CorrEtiq.txt,0.0,0.0,0.0,3.8157464167710264,-1.1264523458616413,1.3078564819618803,-1.150320534793044,-0.5465885264858794,0.0,-0.07399133413374565,0.0,-1.4631420510763717,0.1588846074371546,0.57023617420174,-0.45520339993432385
CSO-12-6A-FJOVRE-CorrEtiq.txt,0.0,0.0,0.0,1.5727517950754175,0.3785026162849862,0.4231679036749727,-0.349350142664614,-1.199944731523603,0.0,0.04722617239172985,0.0,-0.9169281946053408,-0.02654386011596578,0.11492461712480939,-1.4578395743800217
CSO-12-6B-LJHEFE-CorrEtiq.txt,0.0,0.0,0.0,3.0789600407885493,-0.2418252158423365,-0.9380312688573264,-0.6203010510018937,1.221634092304625,0.0,-0.28052201705985175,0.0,-0.2306281939343321,0.9023894086298453,1.1088625559923733,0.42404489671454243
CSO-12-6B-VPAMA-CorrEtiq.txt,0.0,0.0,0.0,3.1643554086744756,-0.15544011349962683,-0.8244501628377746,-0.5444653929925976,-1.7869318261584275,0.0,-0.387494881433963,0.0,-1.1811442757612112,0.7238463891417891,0.621140741004086,-2.0756646410726884
CSO-12-7A-DALRE-CorrEtiq.txt,0.0,0.0,0.0,3.7950518546117094,3.8812311516304745,0.00203012985304607,1.571946913443607,-0.43087310092709746,0.0,-2.130467115686664,0.0,-3.018220141379977,3.094191175597104,2.7154800993107964,-0.5919172815330083
CSO-12-7A-ESALA-CorrEtiq.txt,0.0,0.0,0.0,-0.1468116078611928,1.235204464561001,-0.8882052350756087,1.3710875122602162,-1.0331855884275105,0.0,0.08051195722891351,0.0,-0.3619586011607902,0.23968105027485595,0.25063958625049076,-1.10475957649346
CSO-12-7A-IMERO-CorrEtiq.txt,0.0,0.0,0.0,2.835778683211616,-0.7244634176194885,-0.5101607799062231,-0.7166997278866238,-0.8010582600557654,0.0,-0.7027576599982865,0.0,-0.4612881910861586,0.7825890693194045,1.00473646612107,-0.4069092298828583
CSO-12-7A-JHEZA-CorrEtiq.txt,0.0,0.0,0.0,2.626732789360731,-0.5905972179564604,-0.8224706633160147,-0.8550738431902472,2.711370847962653,0.0,-0.43229320047307745,0.0,-0.015943822377824574,0.28812578113940873,-0.02684773611858116,0.39231030102585057
CSO-12-7A-LSARAR-CorrEtiq.txt,0.0,0.0,0.0,2.1064028931894128,-1.1212283491825823,-0.9925107567219488,-1.147367654687065,0.18813004741459874,0.0,0.046906060182864424,0.0,0.6183438932394423,-0.4541060679648277,-0.7648301173118683,-0.33240907390333957
CSO-12-7A-SCAHO-CorrEtiq.txt,0.0,0.0,0.0,-0.03392690626080171,-1.1394626580929565,0.348737460442322,-1.1696383793724583,-0.2500411493417573,0.0,0.3542231061394872,0.0,0.5562923575662353,-0.13930712367465575,-0.2924744318737659,-0.31916433321457993
CSO-12-7B-DVAGRO-CorrEtiq.txt,0.0,0.0,0.0,2.8835534321547254,0.36667593929919995,-0.8002647023674377,0.40594954943504274,-0.2766573295917201,0.0,-0.2168646451430114,0.0,-0.8087050018730743,0.20052248921206733,0.473132703633156,-0.039963153104777424
CSO-12-7B-SMUGU-CorrEtiq.txt,0.0,0.0,0.0,3.072857534219645,-1.0427426738908439,-0.8512562695422404,-1.0552872576338865,-0.2966127599456321,0.0,-0.021610709714292742,0.0,0.07466369352608158,-0.27838152375643244,-0.2873030413739495,-0.1683195987259278
CSO-12-7B-SSARA-CorrEtiq.txt,0.0,0.0,0.0,5.131436058317812,-0.7966959108258345,-0.7355936584057337,-0.8030353598902172,1.4113113976319949,0.0,0.07046284977582606,0.0,-0.5357824356560974,-0.12601093635309685,-0.08280988407460521,0.2754076628618412
CSO-12-7B-VHOMA-CorrEtiq.txt,0.0,0.0,0.0,3.211506110579971,0.3394013062768634,-0.7070638778124103,0.36350301980233485,-0.4493656619462582,0.0,0.0671659261665896,0.0,-0.7754485350694178,0.31237666957761634,0.4881920670854197,-0.4872129282995767
CSO-12-8A-YTOME-CorrEtiq.txt,0.0,0.0,0.0,1.8561027639539134,-0.7348085597464453,-0.9416822889129202,-0.7967517839446404,1.1069757385050136,0.0,0.306241597781717,0.0,0.45658096421285926,0.05969528515891155,0.1699812418797331,0.7531921812118997
CSO-13-6A-ANASA-CorrEtiq.txt,0.0,0.0,0.0,1.0905045483771552,-0.7613243420542269,0.10331815658549642,-0.7557175814663397,0.011306509207136531,0.0,0.5362103716074362,0.0,-0.014029313500828929,-0.2822477732618017,-0.09352651884271243,0.13985129765758703
CSO-13-6B-JETAVE-CorrEtiq.txt,0.0,0.0,0.0,2.83912632343677,-0.16388697238511224,-1.076364198657979,-0.12187669282637628,-0.2735267701646898,0.0,-0.06432530618247985,0.0,-0.4940232669170694,1.1635839075610999,0.9242694971478899,0.06065673182451473
CSO-13-6B-LFMIES-CorrEtiq.txt,0.0,0.0,0.0,-0.3676275470557414,-1.0989561646080925,-0.9869572969014757,-1.1227877800193866,-0.5267562162861267,0.0,0.13775806560481202,0.0,1.6812797566193296,-1.140153387368557,-1.270318445789832,0.9025074775448461
CSO-13-6B-LJMAHU-CorrEtiq.txt,0.0,0.0,0.0,2.1991155661582558,0.8100030628267384,-1.025025186637705,-0.24323370035829467,-0.0009180096256631202,0.0,0.06557769166347426,0.0,-0.2404465924762339,0.16300900387351586,0.17569440491563043,0.032176979519780664
CSO-13-7A-CAPAMU-CorrEtiq.txt,0.0,0.0,0.0,1.5390187657655112,-0.07680768861229988,-0.968570572297649,-0.02951896952470106,-1.147192584970439,0.0,0.2909093119356672,0.0,0.06232039301046364,-0.24668349610039245,-0.39625360442995095,-0.4270169530415794
CSO-13-7A-CDDITR-CorrEtiq.txt,0.0,0.0,0.0,-0.1960216109041581,0.8642181484312638,-0.9139303144479848,0.8199834484078996,-0.7232752817280724,0.0,0.27588907007433217,0.0,0.09593029439247469,-0.4729977561711886,-0.7000125762210697,-0.8600728412796697
CSO-13-7A-JJATFL-CorrEtiq.txt,0.0,0.0,0.0,5.4511502923651305,4.1718286772388575,-0.8627157195640504,1.238702234261259,-0.5966666458188553,0.0,-1.3153345655495936,0.0,-2.622432187970576,1.4456995844981788,2.2920199991570613,-0.715272108508693
CSO-13-7A-KRAMA-CorrEtiq.txt,0.0,0.0,0.0,4.054591080218969,-1.2277198946585666,-1.0873445817702976,-1.2797205261682432,0.4514585525421719,0.0,-0.49314710265315553,0.0,-0.15414668014260746,0.2747578630194876,0.2715540222624608,0.2232249601280419
CSO-13-7A-RXCHLU-CorrEtiq.txt,0.0,0.0,0.0,5.771071494057617,0.0930646523933892,-0.9441827462261437,-0.37270613719129253,1.0863061223199226,0.0,-0.7015204128147053,0.0,-1.746544698927458,0.8753947298681144,1.325783821637462,-0.6869401673293544
CSO-13-7A-YAMEZA-CorrEtiq.txt,0.0,0.0,0.0,4.386902655155292,0.23783889555389473,-0.9218165467089451,-0.2425719836067107,-0.049490571450827206,0.0,-0.049257412369972546,0.0,-1.0757571235912462,0.22018606085469206,0.4683850466128963,-0.40347629701872123
CSO-13-8A-KIGAGU-CorrEtiq.txt,0.0,0.0,0.0,3.356305584465069,-0.6586677411916623,-0.46339734248229986,-0.6596155410102426,-0.04755547836653403,0.0,0.26157943891355856,0.0,-0.4924336044902659,0.08659522379687506,0.3360932676691928,0.3679296293095111
CSO-13-8A-MBUAN-CorrEtiq.txt,0.0,0.0,0.0,6.87373095257153,-0.7096775180285763,1.5595560528536294,-0.714738433979467,-0.8141335244257552,0.0,0.11438330237608275,0.0,-2.0171912154105502,0.8165924755959721,1.1752352111855853,-0.8576556025004366
CSO-13-8A-MGAAN-CorrEtiq.txt,0.0,0.0,0.0,2.265547961038319,-0.9272115698612082,-0.49905168451477727,-0.9436837209485963,-0.4448583215733775,0.0,0.27773946575072106,0.0,0.12689923817012916,-0.13203406018443092,-0.09572808747957263,0.007345301992120338
CSO-13-8A-MGAHE-CorrEtiq.txt,0.0,0.0,0.0,5.099556266597778,-1.2115391490707523,-0.37983371212682754,-1.2798926005303513,0.33253928460043164,0.0,-1.3554260138745344,0.0,-1.3055768219772135,2.0925626518676697,2.5387293189554123,-1.0880553565047801
CSO-13-8A-MJAGA-CorrEtiq.txt,0.0,0.0,0.0,0.7506075820064011,-0.9956790303729307,0.35889020052615284,-1.019559060468134,-0.40328263433075484,0.0,0.3412068352051282,0.0,0.059312766342738056,-0.2060605538385058,-0.3964094558673114,-0.7626639983041746
CSO-13-8A-VHODU-CorrEtiq.txt,0.0,0.0,0.0,-0.021377024329139897,0.15493601596353423,-0.9879182790810778,-0.01362144720046964,-0.2776459880355652,0.0,-0.2211613204306946,0.0,0.6615547476727964,0.34212979343706695,0.29076376783661045,0.32219888990665463
CSO-13-8B-FCJISA-CorrEtiq.txt,0.0,0.0,0.0,0.47321046527610044,-1.2735069391743699,-1.137995185794312,-1.318751345326254,1.5485457120662713,0.0,0.38584424795153915,0.0,1.5244959823346667,-0.7548465665940256,-0.7573388760675701,0.7430274309369468
CSO-13-8B-JEMABE-CorrEtiq.txt,0.0,0.0,0.0,1.191884128584021,-0.17931171448130429,-0.2919005957689278,-0.15717218360258858,0.4764965105344084,0.0,-0.3325458353797998,0.0,-0.3122331956228254,0.7866117389926244,0.6729258322915629,-0.11175993832769358
CSO-13-9B-DMLLLU-CorrEtiq.txt,0.0,0.0,0.0,1.0842148706473094,-1.2653031696683699,-1.1317178866580877,-1.3244686267856511,-1.3836590900517842,0.0,0.7435168386577072,0.0,1.2940094443644137,-0.9502966954574908,-1.282854680606537,-1.334177667034476
CSO-14-7A-MVEBE-CorrEtiq.txt,0.0,0.0,0.0,2.6126020707638893,-0.919053389107219,0.5306736728291557,-0.9288115523008674,-0.3319998626907187,0.0,-0.010402749122817691,0.0,-0.5986233183327988,0.1867614585270048,0.2956740350153138,0.12053304239518166
CSO-14-7B-EVEGO-CorrEtiq.txt,0.0,0.0,0.0,2.701343862803836,-1.182112138077624,-0.8552839119039849,-1.2095152476975362,0.27519909890165867,0.0,0.15315195084311534,0.0,0.2812369573832667,0.04134570612471841,-0.1607649880622324,-0.29924782681558354
CSO-14-8A-MCIDOS-CorrEtiq.txt,0.0,0.0,0.0,1.2546266169970293,-0.7431896380291572,-0.9418508173585913,-0.736784581335968,0.3117517819204675,0.0,0.3354810169541756,0.0,0.6637846575975934,-0.629311195953905,-0.5403626854022121,0.19949197476032327
CSO-14-8A-SZARA-CorrEtiq.txt,0.0,0.0,0.0,4.125953660756161,0.14297671442260113,0.0857917692551909,-0.3543152913449541,-0.7243602939863891,0.0,-0.22868567129627373,0.0,-1.5148489274573032,0.9064703150206787,1.134778205003619,-0.6358017432600805
CSO-14-8B-JLLORA-CorrEtiq.txt,0.0,0.0,0.0,1.7988622316762148,-0.8632179018119134,-1.1679906168746395,-0.849792700227571,-0.4700563975373421,0.0,0.07191181897880154,0.0,0.5576519332571361,-0.36828875647649256,-0.5243122507446192,-0.4145518728076657
CSO-14-9A-AEDCAGO-CorrEtiq.txt,0.0,0.0,0.0,0.7680409207762896,-0.2923604922427727,-0.7735228968479938,-0.2852125513529184,0.6976312087946003,0.0,-0.2545010779328673,0.0,0.45057952582568517,-0.16035555958798625,-0.27252974581844003,0.48032836432991355
CSO-14-9A-HASACA-CorrEtiq.txt,0.0,0.0,0.0,1.9457014162354525,-0.822456103900122,-0.9501372096560614,-0.8243748222396523,0.027674787874591177,0.0,0.1926353217919946,0.0,0.3784326957146616,-0.5509970167073007,-0.728237339728876,-0.10293484563130863
CSO-14-9A-JSMAAL-CorrEtiq.txt,0.0,0.0,0.0,2.196874556228761,-0.8267445341539954,1.080927139793256,-0.8345526122085725,0.3762432015850649,0.0,-0.18594685505050387,0.0,-0.9045401103342974,0.9581504020396013,1.1399318292180434,-0.2508673587256665
CSO-14-9A-MARJA-CorrEtiq.txt,0.0,0.0,0.0,2.674445910447015,-0.4519940471946073,-0.6928561368035492,-0.45457727152041283,0.4393693334461592,0.0,-0.07414975199869539,0.0,-0.2569343810979466,-0.01926413651031501,0.17918813880644813,0.13461460783928786
CSO-14-9A-SORZU-CorrEtiq.txt,0.0,0.0,0.0,2.2744611366715826,0.18485638542394375,-0.16732817899076755,-0.06660765248492749,0.44412658186782716,0.0,-0.48080191525636007,0.0,-0.7321294188930604,0.7622520994845278,0.8708873790955983,-0.1313439649906901
CSO-14-9B-ERAGA-CorrEtiq.txt,0.0,0.0,0.0,2.6163312986204,-0.24687779070672752,-1.0619796508773527,-0.5476246425677458,0.2974443421250741,0.0,-0.0008171486030894878,0.0,-0.20463632970159948,-0.25237873388466087,-0.2289053153264993,-0.4700216806489824
CSO-14-9B-MFEGA-CorrEtiq.txt,0.0,0.0,0.0,1.931681433821662,-0.7224362090066689,-0.6548200694501384,-0.7285252724778771,0.3180335887354594,0.0,0.004091171398052828,0.0,0.3062297317209656,0.3393581195597632,0.3828063607231688,0.0526784613913734
CSO-15-10A-LJRAGU-CorrEtiq.txt,0.0,0.0,0.0,0.6931384653076175,-0.46661959670534114,-0.8403643666574134,-0.4611364344216115,0.24257772827820012,0.0,0.014009544024843584,0.0,0.6331982825975245,-0.24005185493979742,-0.40241414401933207,0.18148009551755342
CSO-15-10A-MAARLO-CorrEtiq.txt,0.0,0.0,0.0,2.722428569809106,-0.35443049178999286,0.03522205057777591,-0.31699169243843145,-1.2278751627262094,0.0,0.4119290653406929,0.0,-0.9998833482597997,0.32891206565863507,0.6793336414294603,-1.2220883926392956
CSO-15-10A-SFEGA-CorrEtiq.txt,0.0,0.0,0.0,-0.012487571020072181,-0.9763842615704325,-0.5028238437232578,-0.9936657425608394,-1.0182486150582895,0.0,0.27102450786857546,0.0,1.0867589702837606,-0.7396995992964339,-0.9475544502702268,-1.0309811903522326
CSO-15-10B-MEBUAR-CorrEtiq.txt,0.0,0.0,0.0,3.8296222911343905,-0.7004619715840967,-0.861155895348108,-0.7006391531762229,0.6578854410031285,0.0,-0.013508690942853629,0.0,-0.3621453391400373,-0.06525457615238958,-0.14707145815928663,-0.3288332095796527
CSO-15-10B-YVBUAN-CorrEtiq.txt,0.0,0.0,0.0,0.11374467252140327,0.6431702087733476,-0.7202028365808084,0.6749619047403872,-0.3653380125180904,0.0,0.14304518077890738,0.0,-0.051082625648846317,0.40248452352224545,0.25890613331943624,-0.43205176248180327
CSO-15-10C-ALBAHO-CorrEtiq.txt,0.0,0.0,0.0,1.004498837145843,0.5230255777181111,-0.6963262734289954,0.5902506481827412,0.542383122504843,0.0,0.3565867349368374,0.0,-0.35555077915381716,-0.2842022188289311,0.03778359443708495,0.38946626025685155
CSO-15-10C-SSCAMO-CorrEtiq.txt,0.0,0.0,0.0,4.148854592196002,0.10440137584739835,0.5353387879714453,-0.3380671386233864,0.5091992781557935,0.0,-0.9518486804029449,0.0,-1.7842523416150213,1.1322867769356886,1.7164626339601952,-0.009388252798799778
CSO-15-11C-JETALO-CorrEtiq.txt,0.0,0.0,0.0,3.9771072811224193,-0.47310040624320376,-0.5784568379210334,-0.4677927793058457,1.0551224321228128,0.0,-0.6281341945799964,0.0,-1.1419779894921405,0.7466962175960485,1.1171978092951145,-0.48391823202429823
CSO-15-7B-JCRAGA-CorrEtiq.txt,0.0,0.0,0.0,-0.36086684060406615,-0.8174136347829624,0.1584503549120988,-0.8237719060493799,-0.82723218312561,0.0,0.5255945450645308,0.0,0.645619741254075,-0.4815899963136419,-0.7118202549344366,-0.8748385160956744
CSO-15-8A-VBMABR-CorrEtiq.txt,0.0,0.0,0.0,4.06587355733047,0.27305754170118357,-0.516181172592635,0.32931751943799725,-1.0635450758986795,0.0,-0.0015713905438922797,0.0,-1.5028949155084457,-0.4060223008279661,-0.055292159518112206,-1.1349190680024364
CSO-15-8B-KEPOGO-CorrEtiq.txt,0.0,0.0,0.0,0.26349289805968945,-0.7134202949029387,-0.6659742068694269,-0.7193674948840939,-0.5061513545105926,0.0,0.39222181681675017,0.0,0.8995875335925894,-0.866952351131195,-0.7915435028585022,-0.4978755415904625
CSO-15-9B-ALRIHE-CorrEtiq.txt,0.0,0.0,0.0,1.0206410747680812,0.5002980788199126,-0.3982653559168299,0.2080164116428615,-0.5882942261015184,0.0,0.06806908658248881,0.0,-0.34998179660700346,-0.049102016432401356,0.07983788368332667,-0.26719829720005056
CSO-15-9B-AMSAGO-CorrEtiq.txt,0.0,0.0,0.0,4.304056489347618,1.6590147195687266,-0.15493159663935502,0.9091819209156227,-0.5361147948478985,0.0,-0.8809125855635425,0.0,-2.205047570689038,1.4086300273333168,2.044968169861365,-0.5071718916530308
CSO-15-9B-JCAPA-CorrEtiq.txt,0.0,0.0,0.0,5.9189626167238485,-0.7869577927815242,-0.8089290633601004,-0.7871806788384889,0.4936273018755202,0.0,-0.4425487993896593,0.0,-0.9678583468120433,0.5644058592623049,0.9458075685541992,-0.30175289724139936
CSO-15-9B-KSBEJA-CorrEtiq.txt,0.0,0.0,0.0,3.178913998726458,-0.8951329624463422,-0.7191878766837807,-0.90395127932811,-1.0301281152546515,0.0,0.14989202441121366,0.0,-0.33847216579515493,0.2990067517856764,0.10320212805991923,-1.1273553065641484
CSO-15-9B-RMCHLU-CorrEtiq.txt,0.0,0.0,0.0,1.724708814287917,0.05912227686544132,-0.7968113581177415,0.08714439410387388,-0.2936903320592123,0.0,0.3044313564687749,0.0,-0.2420261865021197,0.3359956269815957,0.23629335752639713,-0.28955649675344347
CSO-15-9B-SJAGRO-CorrEtiq.txt,0.0,0.0,0.0,1.9566957686374813,-0.7992064998326748,-0.755178807572738,-0.8077458618565774,-0.8565004815698285,0.0,0.08059329625864228,0.0,0.4810376654085577,0.018890008230915585,-0.2250678392858728,-0.9009540100690107
CSO-16-10A-JEGAHE-CorrEtiq.txt,0.0,0.0,0.0,4.411375359512198,-0.8774105798280788,-0.7891247259969756,-0.8859839480651862,1.56620372724384,0.0,-0.17227616887692357,0.0,-0.3935107927392099,0.5881285082661358,1.0428904447087017,1.7976532006860146
CSO-16-10A-MSACO-CorrEtiq.txt,0.0,0.0,0.0,0.6051577461898268,-0.7487173453214276,-0.9466154546303653,-0.7652141426748724,-0.07384711247091212,0.0,0.24986158797507163,0.0,1.0963777893892366,-0.4310438030803109,-0.7681280464168039,-0.3635283980678478
CSO-16-10A-SARI-CorrEtiq.txt,0.0,0.0,0.0,-0.259729423315155,3.2533095906970364,-0.5835299575382565,3.3474453676627003,-0.6988791163263611,0.0,0.4091257781977507,0.0,-1.9996287962681698,-0.18782312608167154,-0.09014142844657748,-0.7550350222563404
CSO-16-10A-SMOUT-CorrEtiq.txt,0.0,0.0,0.0,2.1541900444661124,0.051756043060400686,-0.8240283485966388,0.09316607049169968,-0.9199943461898439,0.0,-0.31087908329845926,0.0,-0.3386041791109516,0.2842463213103717,0.07777974504232261,-0.4956255989893483
CSO-16-10A-YKMUJO-CorrEtiq.txt,0.0,0.0,0.0,0.17045074437262436,-0.9101566131063836,-0.8175969568282938,-0.921541183801953,-0.5615748591990325,0.0,0.46750506912180756,0.0,1.1583560251430303,-0.2254712579908176,-0.32290140900028635,-0.728942412405366
CSO-16-10B-JESUGU-CorrEtiq.txt,0.0,0.0,0.0,-0.3705545710027212,-0.572692591068792,-0.8148596906198274,-0.568856505137365,1.2103486642903225,0.0,0.4565071215441569,0.0,1.1478496192500316,-0.5323717817257425,-0.6504314500844782,1.3174061152553154
CSO-16-10B-LTVIFA-CorrEtiq.txt,0.0,0.0,0.0,-0.3013926019867246,-0.1909676747488942,-0.737804937887772,-0.17647766539726048,1.089635531146958,0.0,-0.7697132825081797,0.0,0.737814702991496,1.5754028463991123,0.8784097077782801,1.165813081954161
CSO-16-10B-VVILI-CorrEtiq.txt,0.0,0.0,0.0,-0.2567452374386793,0.8091070355243192,-0.7018246357698025,0.8381774183374612,1.8459080323248094,0.0,-0.6100846514563497,0.0,-0.03172580873291743,0.03153703070001394,-0.139725898202177,1.6073830084947676
CSO-16-10C-MAVAVE-CorrEtiq.txt,0.0,0.0,0.0,1.3610671817236928,-0.8031851577725597,0.04333394719202769,-0.8312642014184837,-0.41910373089855163,0.0,0.13105738154232133,0.0,0.16920322608396943,-0.33711110057943394,-0.5561220108552305,-0.18877699766791894
CSO-16-11A-JAVABO-CorrEtiq.txt,0.0,0.0,0.0,1.8225222200061002,-0.8168600745188511,0.07776542576076928,-0.8274484770409735,-0.7193127250400655,0.0,0.2823179739233409,0.0,0.07451965455309591,-0.6875519923898683,-0.9025553668707172,-0.8551124955293213
CSO-16-11A-JDMUVA-CorrEtiq.txt,0.0,0.0,0.0,0.6205536086873927,0.1622761289560988,-0.5890721339747026,0.24039515097199562,-0.06611731314747343,0.0,0.03371707791666273,0.0,-0.08696566058189023,-0.2520329503261981,-0.31177010969996044,-0.4081505149971026
CSO-16-11A-VZAOR-CorrEtiq.txt,0.0,0.0,0.0,6.114776228072614,-0.850829364983325,-0.9862969516192516,-0.8425155890498391,-1.2560312651334935,0.0,-0.35517666522087366,0.0,-1.4483127446440205,0.44142526969976037,0.8566916608917436,-0.6993169056665852
CSO-16-11B-KRORE-CorrEtiq.txt,0.0,0.0,0.0,2.0639593551729827,-1.2360891409519044,-0.8218625718479061,-1.27573350504615,0.0015881063084820766,0.0,-0.0009587281596959772,0.0,0.5410328574683841,0.08232986735156796,-0.1322637066280276,-0.25317199814222463
CSO-16-11B-LLOZA-CorrEtiq.txt,0.0,0.0,0.0,0.759352808209344,-0.06081158090238543,0.11919818247015869,-0.03875968156115475,0.05924244250660166,0.0,0.13932315181323915,0.0,-0.3730055683849417,-0.16597813550451335,-0.15376560931750796,0.1500255049469298
CSO-16-11B-YAROMO-CorrEtiq.txt,0.0,0.0,0.0,2.0760346864735046,-0.25665370867177817,-0.22222138533098482,-0.24832450814877896,-0.2691756961601517,0.0,-0.286331433932858,0.0,-0.6858776771688474,0.10634590785954044,0.2753963095432878,-0.20759578039407364
CSO-16-9A-JALEMO-CorrEtiq.txt,0.0,0.0,0.0,7.106374308970495,-0.6847355635928474,-0.40691663404228007,-0.6865699325236574,-0.2833033564958812,0.0,0.16216368761427205,0.0,-2.2186517389471465,0.13028429245183756,0.9246681935135574,-0.5372557842236284
CSO-16-9A-JPROSO-CorrEtiq.txt,0.0,0.0,0.0,1.8242985680175603,0.3197634100373298,-0.6729640754882843,-0.17639346743599132,0.27590219943064936,0.0,0.06358575524260546,0.0,0.041640913027337426,0.0952209163521597,0.1043259576829432,0.25763363729783323
CSO-16-9A-JSMAGU-CorrEtiq.txt,0.0,0.0,0.0,0.3090410999177548,-1.2928110598316087,-1.0863123857754264,-1.3379702110790144,0.5192233033277196,0.0,0.2035552841595454,0.0,1.6510977411503267,-0.5218653987472672,-0.9973422393862106,0.1860993957696109
CSO-16-9B-SJPAJI-CorrEtiq.txt,0.0,0.0,0.0,1.0070668820042037,-0.9150196256971745,-0.044144573765163814,-0.9344706129515837,-0.8234494327721779,0.0,0.14482941077955197,0.0,0.3117933640217869,-0.602228676221098,-0.7118514671333449,-0.8201789700880837
CSO-17-10A-YVGOCA-CorrEtiq.txt,0.0,0.0,0.0,2.4248817821568602,-0.7157387078490901,-0.14399681447471385,-0.7205209446275851,-0.4858040942173561,0.0,0.22193013778530912,0.0,-0.2458164561621604,-0.1385903352712347,-0.15809045559995333,-0.26608426617841224
CSO-17-10B-EHECO-CorrEtiq.txt,0.0,0.0,0.0,2.04616667830919,-0.916531366289541,-0.8521927075859046,-0.9287252977515331,-0.7051840335652624,0.0,0.46087869528006137,0.0,0.6045587235203688,-0.5352738397347947,-0.6369422554720447,-0.34115769733051987
CSO-17-10B-YCQUVE.txt,0.0,0.0,0.0,3.580395681479939,0.0036803565505065363,1.656508000978183,-0.08837515611594686,-0.09655622579704672,0.0,-0.269526649746714,0.0,-1.5982492817944238,0.6414974887541919,0.9267022303966024,-0.8036232653673898
CSO-17-11A-DJAPA-CorrEtiq.txt,0.0,0.0,0.0,5.620880713319803,-1.2654273260729014,-1.0960831967143376,-1.293209950117425,0.8917625143451392,0.0,0.5142194682009246,0.0,-0.8230774980519457,-0.4077981307031196,-0.08625204422311293,0.8292659685444717
CSO-17-11A-JDAMO-CorrEtiq.txt,0.0,0.0,0.0,4.856092580276042,-0.15001425430605259,-1.118882324425155,-0.733055056210564,-1.2070571055481896,0.0,-0.03500979573053022,0.0,-1.0616626275969852,-0.02978258097796294,0.21876917051908154,-1.3528833729663525
CSO-17-11A-NPAHE-CorrEtiq.txt,0.0,0.0,0.0,0.06324816417198721,-0.7494277992292827,-0.4586569712218416,-0.7568406500058968,-0.7918706023168737,0.0,0.3811430837398705,0.0,0.8388247946123201,-0.4135977214098542,-0.6529745663050501,-0.4849405379754673
CSO-17-11A-RLPAIG-CorrEtiq.txt,0.0,0.0,0.0,0.71051996809088,-0.1825409825267152,-0.5931810194635885,-0.17093648683514714,-0.23611560251297917,0.0,0.18170210719769872,0.0,0.2995369823441665,-0.1248811062089026,-0.09901855198822493,-0.4692373131995575
CSO-17-11A-SPUVA-CorrEtiq.txt,0.0,0.0,0.0,2.7603377636718007,-1.0262163566240075,-0.9269599758652106,-1.0489083137354152,-0.06257272522656261,0.0,0.6545207088544268,0.0,0.23792029224808048,-0.9477338028787955,-0.9386657504580485,-0.6093018184351907
CSO-17-11B-CDBEBU-CorrEtiq.txt,0.0,0.0,0.0,-0.3057148999252294,0.7641667802347487,0.8616733676730752,0.7795349814583348,-0.779760444782812,0.0,0.8878877730100159,0.0,-1.0847754567607342,0.07945139642923661,0.268034100901026,-0.8477094002365947
CSO-17-11C-JDAAG-CorrEtiq.txt,0.0,0.0,0.0,0.20453824443437357,0.8034635498203302,-0.6774344269831768,0.8338158154641363,-0.4150651514399371,0.0,0.5903870039509536,0.0,-0.22367071305754904,-0.14679637672096346,-0.269905391706164,-0.531140930877044
CSO-17-11C-MAPAMA-CorrEtiq.txt,0.0,0.0,0.0,-0.3827681929097814,-0.8703234754069825,0.11709214939252967,-0.8789326597086092,0.5902116599102842,0.0,-0.1873317261980115,0.0,0.6884863146989588,0.06492842462615472,0.4091732736110215,0.5245815189467855
CSO-17-11C-MCAAG-CorrEtiq.txt,0.0,0.0,0.0,3.5496919539281313,0.5014268116453423,0.48830399266511815,0.5044585587734816,-0.2785952982882586,0.0,0.23802941436720731,0.0,-1.8754681490561917,0.02415229685476509,0.4568512106443493,-0.2110572453658099
CSO-17-11C-SARJA-CorrEtiq.txt,0.0,0.0,0.0,1.2054153361463065,1.2602752899779044,-0.9263279242108952,1.4111136217663194,-1.0285347100197781,0.0,0.08790881574892516,0.0,-0.9828361917688714,-0.31086434880220926,-0.1994905989703286,-1.0746757717824138
CSO-18-11A-ADBAHO-CorrEtiq.txt,0.0,0.0,0.0,1.624825560274687,-0.9108083656443302,-0.8821941247728186,-0.926040523508819,-0.5028257181247435,0.0,0.30480385989249276,0.0,0.7113911010994801,-0.5131790560726304,-0.7718494408204627,-0.7705066762513291
CSO-18-9B-MAMOLO-CorrEtiq.txt,0.0,0.0,0.0,2.6047876078513967,1.1351336621573516,0.5263505905698171,0.48015565953521183,-0.4490850960263025,0.0,-0.8642306249260993,0.0,-1.7566233509347149,1.0777861753048743,1.3281059039834566,-0.6972167142756525
CSO-8-3A-AIPRBR-CorrEtiq.txt,0.0,0.0,0.0,4.084849895974625,-0.31593523155951364,-0.9953148038618475,-0.2846736207501447,-0.32319389224218414,0.0,0.025274419007334303,0.0,-0.818884236655763,0.4539859242215339,0.5822985470121009,-0.6823876051912261
CSO-8-3A-DAPAVA-CorrEtiq.txt,0.0,0.0,0.0,2.767083138171066,-0.7242833592340168,-1.0362470962489425,-0.7039308381687283,-0.4018429400049821,0.0,0.12229774846395836,0.0,0.06950202879594695,-0.2557731144868332,-0.3655166253228628,-0.9460674728272546
CSO-8-3A-KVPECO-CorrEtiq.txt,0.0,0.0,0.0,0.8364915496227778,-0.9232493652716399,-0.8612974561841019,-0.9409256692763377,-0.09639924948798646,0.0,-0.2475966171493243,0.0,0.9750148164295044,0.8349228125324953,0.5677000504916155,0.5330784015036927
CSO-8-4A-ARAGR-CorrEtiq.txt,0.0,0.0,0.0,1.3947272177257222,1.4874582311251712,0.44422890469641496,0.7613638959848708,1.0242225668419023,0.0,0.10771745738601059,0.0,-1.5043853931355289,0.9464445537113435,1.5641815676229012,1.399563246974355
CSO-8-4A-JRAAR-CorrEtiq.txt,0.0,0.0,0.0,0.9329991422211051,0.19290276165990344,-0.9049785752295664,0.22371718577542102,-0.8463031980011744,0.0,0.47634095552700967,0.0,0.04425765081324654,-0.2623384235977918,-0.34631136690356407,-0.9197175689157455
CSO-9-2A-EXMOCO-CorrEtiq.txt,0.0,0.0,0.0,2.5031250671964833,-0.9057755784942721,-0.8714740810829738,-0.9132759946479106,-0.397521570715946,0.0,0.30617516133234424,0.0,0.12656474900946224,-0.2428465943310544,-0.13469138356376323,0.7481394897457501
CSO-9-4A-AGAPE-CorrEtiq.txt,0.0,0.0,0.0,1.1963706491795851,-0.8257427699490417,-0.5927015547457276,-0.9706807885133462,-1.1289788984672728,0.0,0.006410831584177352,0.0,0.5870669313087787,-0.4974032413332109,-0.7271685687664936,-0.9889124431854343
CSO-9-4A-DKVIMO-CorrEtiq.txt,0.0,0.0,0.0,3.628043937822012,-1.3136914915623914,-1.207396651977065,-1.3701939485662975,-0.6723722661539752,0.0,0.07507704624930607,0.0,-0.20933709400420514,-0.3663186387859355,-0.21675041020547278,-0.4711670278710803
CSO-9-4A-DSMOMU-CorrEtiq.txt,0.0,0.0,0.0,3.4563506015901435,-0.7054123658448977,-0.8742413166717363,-0.7092230292906051,0.0727187226000118,0.0,-0.05320373745363938,0.0,-0.2605488333075673,0.07855133452822569,0.1492117365289514,0.225706817130997
CSO-9-4A-DVGATO-CorrEtiq.txt,0.0,0.0,0.0,4.456234611931781,1.440726772619744,-0.8745161687476339,0.4608737740495706,-0.720974669884864,0.0,-0.195008981479764,0.0,-1.6227361918943526,0.9090643385800116,1.2611340595865168,-0.8079457317385211
CSO-9-4A-EGCAMO-CorrEtiq.txt,0.0,0.0,0.0,1.1776480643081706,0.06317744408861051,-0.8064303190290644,0.11226570325398882,0.5406271964261259,0.0,-1.0574010516900765,0.0,0.024883900475007874,1.594183639953766,0.9707222550572433,0.25877677636858454
CSO-9-4A-FAGIGA-CorrEtiq.txt,0.0,0.0,0.0,3.747952206699613,-0.9858519552410381,-0.8769713810907431,-0.9969313524993271,0.14303100619213377,0.0,0.21796335053356022,0.0,-0.10831444448365135,-0.19118512352555617,-0.08689170020707386,-0.0371317841727962
CSO-9-4A-GSBRCO-CorrEtiq.txt,0.0,0.0,0.0,2.8327548310413437,-0.3696103358425924,-0.9729709237776021,-0.3356923276993428,-0.42447825239429654,0.0,0.21572420381353308,0.0,-0.35433026093010694,-0.38118735361373873,-0.1680198826495175,-0.40929073351712764
CSO-9-4A-KEMOCO-CorrEtiq.txt,0.0,0.0,0.0,1.7626377102177777,-0.105740979057519,-0.8306963920550462,-0.05419953388052064,-0.7083732618514492,0.0,0.20119922780695193,0.0,-0.11677482458328671,-0.0977110726667682,0.01654176815312271,-0.7709217131566926
CSO-9-4A-LCOMO-CorrEtiq.txt,0.0,0.0,0.0,2.3725534484151307,0.05614579868969014,-0.933312687303246,0.11764083674025246,0.15508440200807763,0.0,-0.021696163993262213,0.0,-0.47735614300598056,0.31098225259465256,0.4390953979442231,0.011598182954750472
CSO-9-4A-MLORO-CorrEtiq.txt,0.0,0.0,0.0,2.864682170731933,0.42771493545496625,0.3173687801861524,0.18664801017010477,-0.31006809006731123,0.0,-0.7185456208164874,0.0,-1.394799389377704,1.2202157754932959,1.6377547571848579,-0.014083618923191278
CSO-9-4A-MPAME-CorrEtiq.txt,0.0,0.0,0.0,-0.7222973306931444,-0.25681245742489256,0.007914147933280147,-0.1882171513210638,-0.6372501266900031,0.0,0.020493166699889098,0.0,0.4662477291233623,-0.42993641233205465,-0.92104629193743,-0.30924562791500765
CSO-9-4A-NSARPA-CorrEtiq.txt,0.0,0.0,0.0,3.4386999050774563,-1.2065624682565839,-1.0529265227917914,-1.24259847016736,-1.093062245507356,0.0,0.012828607334387374,0.0,0.012326376382389176,0.6031509527662979,0.44771445827100004,-0.994363465444867
CSO-9-4A-SLOCA-CorrEtiq.txt,0.0,0.0,0.0,1.2139733697153292,1.3697033832053664,0.17545621225153268,1.1384328272861226,-1.2795462998994263,0.0,0.12671649433092882,0.0,-1.5813331830729835,0.5810105621469733,0.5879470792835011,-1.3867201914858567
CSO-9-4A-YVDITR-CorrEtiq.txt,0.0,0.0,0.0,2.358682734244242,-0.5243096681875695,-0.653411709819683,-0.6435244443987402,-0.5710171222374485,0.0,-0.35182638084066375,0.0,-0.19569665522090618,0.29048807735625576,0.1817766288544345,-0.16491382927164158
