file,z_wc,z_nodes,z_edges,z_re,z_pe,z_l1,z_l2,z_l3,z_lcc,z_lsc,z_atd,z_density,z_diameter,z_asp,z_cc
CDMS-10-4A-JURAN,0.0,0.0,0.0,-0.8009202790133393,-0.15701140692141133,-0.5530243733809271,-0.15701140692141133,0.0,-2.0431782349919,-0.15701140692141147,0.0,0.0,-2.1779265496428906,-2.3421576379140285,3.535890736322841
CDMS-10-5A-HEPIHO,0.0,0.0,0.0,0.7041464353719983,-0.10337193366051188,-0.4531622091090668,-0.10337193366051188,0.0,-2.1333543674346864,-0.10337193366051196,0.0,0.0,-2.1184667874234475,-2.385222395812971,8.303883841371634
CDMS-10-5A-KSRAGU,0.0,0.0,0.0,-0.4034732923929645,0.0,-0.4034732923929645,0.0,0.0,-1.7312593746705462,0.0,0.0,0.0,-2.5875430006702107,-2.5875430006702107,5.686240703077327
CDMS-10-5A-SZURO,0.0,0.0,0.0,3.1190817264943074,0.0,-0.46852128566581813,0.0,0.0,-2.3941829953393694,0.0,0.0,0.0,-3.5148416356654306,-3.7982526985154283,10.0
CDMS-10-5B-SRAJA,0.0,0.0,0.0,-0.06324589488087465,-0.2876956276202891,0.24320262628709371,-0.2885794136889275,-0.12516077525269453,-4.127536392758072,-0.3034390381209652,0.0,0.0,-1.0319209343804165,-1.7077212449107582,5.145189339683597
CDMS-10-5C-DAAUSA,0.0,0.0,0.0,0.8283247669754626,-0.23995690956687138,-0.42354655255943036,-0.25264557631995566,0.0,-3.7697421244187637,-0.25264557631995593,0.0,0.0,-2.302937686582401,-2.4941556119606685,5.374170457519478
CDMS-10-5C-ICAPA,0.0,0.0,0.0,1.589082002928905,0.0,-0.20173664619648224,0.0,0.0,-1.812588799126447,0.0,0.0,0.0,-1.4232434968036638,-1.673689472686589,-0.08793155726408236
CDMS-10-5C-JFALGI,0.0,0.0,0.0,0.18355807026443696,0.0,-0.3008562920758316,0.0,0.0,-1.4016458770756433,0.0,0.0,0.0,-1.8037064086243866,-1.8076795047341043,3.47469113254447
CDMS-10-5C-MAORTO,0.0,0.0,0.0,-0.7678114218583401,-0.10480600972780721,-0.5442013100970513,-0.10480600972780721,-0.025125945381480306,-1.8782067549620942,-0.11047201844363999,0.0,0.0,-2.089499490445409,-2.2055214176298032,5.911699219398107
CDMS-10-5C-NBEMO,0.0,0.0,0.0,0.5636184307770461,-0.14285714285714288,-0.5183091313819009,-0.14285714285714288,0.0,-2.3807763665425328,-0.142857142857143,0.0,0.0,-2.2321761224912695,-2.4142615562306586,2.8431203515386634
CDMS-10-6B-ASCACO,0.0,0.0,0.0,-0.5641519475835701,0.0,-0.42008402520840293,0.0,0.0,-0.9765829533069121,0.0,0.0,0.0,-0.7305517513304672,-1.7365240106591155,8.439049892466745
CDMS-11-4A-GACHSA,0.0,0.0,0.0,0.509603132519764,-0.12129118402902934,-0.5440043117532157,-0.12129118402902934,0.0,-1.5179163083060119,-0.12129118402902944,0.0,0.0,-1.6644486483750327,-1.848157816858614,5.6699546080428425
CDMS-11-5A-EAARCA,0.0,0.0,0.0,-0.6279843433825593,-0.12853072574246377,-0.526583585903852,-0.12853072574246377,-0.014357683075131604,-1.9366759882023457,-0.1309002936284225,0.0,0.0,-2.212098588812526,-2.497041319650573,6.238831933785022
CDMS-11-5A-MGTHAR,0.0,0.0,0.0,0.8524826841213413,-0.20412414523193154,-0.5388159060803248,-0.20412414523193154,-0.10050378152592122,-8.958358447787663,-0.22367584416130515,0.0,0.0,-1.8437443388785228,-1.8776928755489553,4.741462940153266
CDMS-11-6A-NMREPR,0.0,0.0,0.0,-0.3905667329424716,0.0,-0.46279762485732295,0.0,0.0,-0.8646431109083133,0.0,0.0,0.0,-1.182759561006418,-1.046855811717726,-0.17515915239377544
CDMS-11-6B-AVROTO,0.0,0.0,0.0,-0.32936315643092723,0.0,-0.2631194993821337,0.0,0.0,-0.9322226019516617,0.0,0.0,0.0,-1.4921646790294618,-1.5285600601803289,4.635996133359613
CDMS-11-6B-EAFESA,0.0,0.0,0.0,-0.16783627165933798,-0.10050378152592122,-0.5465357250000211,-0.10050378152592122,0.0,-3.326042403144187,-0.1005037815259213,0.0,0.0,-2.505657933222665,-2.831893114523477,7.810965964121866
CDMS-11-6B-EFRGR,0.0,0.0,0.0,-0.3871758152921836,0.0,-0.3714534159082674,0.0,0.0,-1.5221513529697572,0.0,0.0,0.0,-1.9336000683778343,-2.1357017584274196,7.167377473847302
CDMS-11-6B-EROCO,0.0,0.0,0.0,1.3499108517900442,-0.05025189076296061,-0.4479472644286958,-0.05025189076296061,0.0,-2.4689561829024362,-0.05025189076296065,0.0,0.0,-2.2161203163259424,-2.2877486099080127,-0.14138433789389027
CDMS-11-6B-JACUPE,0.0,0.0,0.0,0.876681233311646,-0.29488391230979427,0.618309370051277,-0.29488391230979427,-0.10050378152592122,-5.500734373209065,-0.3015113445777639,0.0,0.0,-2.9889888903848023,-3.68786744103383,10.0
CDMS-11-6B-JDCHBA,0.0,0.0,0.0,0.6765243465233315,-0.12873935574673565,-0.5142370195063014,-0.12873935574673565,-0.033501260508640406,-4.4286327573639435,-0.13629403403451268,0.0,0.0,-1.6928690235962314,-2.402948710147234,3.143955145335274
CDMS-11-6B-JFSAHE,0.0,0.0,0.0,-0.42127982337438097,-0.04713135934235472,-0.2109123279745349,-0.04713135934235472,0.0,-1.073666572324868,-0.04713135934235476,0.0,0.0,-1.6059000253978897,-1.4526846192570957,2.0000000000000004
CDMS-11-6B-JLPENA,0.0,0.0,0.0,3.188997825197178,0.0,-0.39314367816625106,0.0,0.0,-1.9580077574649075,0.0,0.0,0.0,-2.340027972145291,-2.4898594478963654,5.574235767760129
CDMS-11-6B-JMARME,0.0,0.0,0.0,1.2522599089223732,-0.20412414523193154,-0.6162495185552518,-0.20412414523193154,0.0,-3.61361287139181,-0.20412414523193168,0.0,0.0,-2.8947812678460245,-3.1452864048575955,10.0
CDMS-11-6B-JPSAMA,0.0,0.0,0.0,0.7473298985080157,0.0,-0.4714045207910317,0.0,0.0,-2.0513393260501838,0.0,0.0,0.0,-2.4733906960074292,-2.567924808309922,10.0
CDMS-11-6B-LESTA,0.0,0.0,0.0,1.0440709992420045,-0.2294157338705618,-0.6409831055487921,-0.2294157338705618,0.0,-4.958173929583688,-0.229415733870562,0.0,0.0,-3.6443842225901357,-3.651604343808539,4.765935397198132
CDMS-11-6B-MAGIMU,0.0,0.0,0.0,0.6090871462364866,-0.18575783435926949,-0.6480064214836669,-0.18575783435926949,-0.033501260508640406,-3.557973989898746,-0.19738594209128166,0.0,0.0,-2.5154196528040136,-2.756804349482405,6.934304349777403
CDMS-11-6B-MMAMO,0.0,0.0,0.0,-1.0563036074412315,-0.1959031231094085,-0.8189341652471632,-0.1959031231094085,0.0,-0.42402486436930037,-0.1959031231094087,0.0,0.0,-1.4129557860381299,-1.3649494757799605,1.7202617288009838
CDMS-11-6B-RSECA,0.0,0.0,0.0,-0.29488391230979427,0.0,-0.2294157338705618,0.0,0.0,-0.7582729173680421,0.0,0.0,0.0,-0.6785936995240639,-0.6785936995240646,-0.17586311452816475
CDMS-11-6B-VZAPE,0.0,0.0,0.0,-0.024260699053001728,-0.2294157338705618,-0.58481530992811,-0.2294157338705618,-0.10050378152592122,-3.7343372554558343,-0.23995690956687157,0.0,0.0,-3.4397120288425858,-3.675190165205031,10.0
CDMS-11-6B-YLNIME,0.0,0.0,0.0,-0.42008402520840293,0.0,-0.3144854510165755,0.0,0.0,-0.9894672312056636,0.0,0.0,0.0,-0.9310271134515593,-0.9392632275467427,0.0
CDMS-11-7C-ICARE,0.0,0.0,0.0,0.6220475211002849,-0.05025189076296061,-0.3304498670744124,-0.05025189076296061,0.0,-2.447257114114551,-0.05025189076296065,0.0,0.0,-2.7453377003161386,-3.2234072002726526,3.075800966378728
CDMS-11-7C-IMOIB,0.0,0.0,0.0,-0.4711398803948798,-0.09212229868469533,-0.46113338175857366,-0.09212229868469533,0.0,-2.137966950125341,-0.0921222986846954,0.0,0.0,-2.514165721118186,-2.5913642713629677,4.186449770853016
CDMS-11-7C-SALMA,0.0,0.0,0.0,-0.645818533288947,0.0,-0.4034732923929645,0.0,0.0,-0.7793252697074516,0.0,0.0,0.0,-0.39417610732549924,-1.1467762454984218,4.892565354901108
CDMS-11-7C-SPGAVE,0.0,0.0,0.0,-0.31898992689367195,-0.23809523809523814,-0.12144167427563266,-0.23809523809523814,-0.08793155726408237,-3.549536917679255,-0.25294986975238376,0.0,0.0,-2.1814935000416193,-2.4733828106186984,7.047414056922779
CDMS-12-6A-JSOTGU,0.0,0.0,0.0,2.62938568200791,0.0,0.0,0.0,0.0,-1.6327882638535702,0.0,0.0,0.0,-1.0586302530170797,-1.307546259892833,0.0
CDMS-12-6A-SROAL,0.0,0.0,0.0,0.8678696247721419,-0.10050378152592122,-0.4182450807586005,-0.10050378152592122,0.0,-2.4381738867916356,-0.1005037815259213,0.0,0.0,-2.4385446799403776,-2.490155936603738,-0.23340517773154312
CDMS-12-6B-IJDAGA,0.0,0.0,0.0,0.7842990881483364,-0.04761904761904762,-0.6296084105646867,-0.04761904761904762,-0.04761904761904762,-3.430732590220367,-0.09523809523809533,0.0,0.0,-2.2101225962780613,-2.9095584357697226,7.3785272225196055
CDMS-12-6B-SCLAG,0.0,0.0,0.0,3.2213403694819807,-0.05025189076296061,-0.397020012667718,-0.05025189076296061,0.0,-3.2070457283314306,-0.05025189076296065,0.0,0.0,-2.58635613486646,-3.242995565404356,8.139264202598861
CDMS-12-7C-ARAHE,0.0,0.0,0.0,-0.5072605624021341,0.0,0.0,0.0,0.0,-0.46776827644401386,0.0,0.0,0.0,-0.8682799267543158,-0.708248310946991,0.0
CDMS-12-7C-CATRAR,0.0,0.0,0.0,-0.4034732923929645,-0.17586311452816475,-0.438598722555895,-0.17586311452816475,0.0,-2.104809986765041,-0.17586311452816492,0.0,0.0,-2.334868926348074,-2.4404553613859075,5.222090738372291
CDMS-12-7C-DLOLO,0.0,0.0,0.0,0.8154865969503134,-0.0810557696797453,-0.2719240700886888,-0.0810557696797453,0.0,-1.519472456165302,-0.08105576967974538,0.0,0.0,-1.146356545248922,-1.3487715480428946,1.9670160354136492
CDMS-12-7C-MAROBE,0.0,0.0,0.0,-0.5430351719464388,-0.14285714285714288,-0.5026028286234493,-0.14285714285714288,0.0,-2.9984754547241916,-0.142857142857143,0.0,0.0,-2.701059022746074,-2.9620548925609094,6.4816193559599355
CDMS-12-7C-VMAPA,0.0,0.0,0.0,-0.7877030073822886,-0.10206207261596577,-0.6237630955893226,-0.10206207261596577,-0.05025189076296061,-2.8098570403043786,-0.10853619079386333,0.0,0.0,-2.8356737743886447,-2.925345825923332,6.604942786924305
CDMS-12-7C-VQURA,0.0,0.0,0.0,-0.2030814218763294,0.0,-0.20906372324381417,0.0,0.0,-0.3279792285864433,0.0,0.0,0.0,-0.5213677649572201,-0.52364092969264,0.8638000606153213
CDMS-13-6B-ASUMO,0.0,0.0,0.0,-0.39947508351872413,-0.10050378152592122,-0.502518907629606,-0.10050378152592122,0.0,-2.8851922740421867,-0.1005037815259213,0.0,0.0,-2.3868872026762675,-2.544983496632871,0.0
CDMS-13-6B-JDTAHE,0.0,0.0,0.0,1.0847975264243332,-0.06804138174397718,-0.545942359206799,-0.06804138174397718,0.0,-2.3825430791246713,-0.06804138174397723,0.0,0.0,-2.5175820237117157,-2.6178657840401436,5.2574847170590795
CDMS-13-7C-MVEAR,0.0,0.0,0.0,1.2383038539154199,-0.12051532754762936,-0.5559318392719792,-0.12051532754762936,0.0,-1.718557057130714,-0.12051532754762947,0.0,0.0,-2.381869468921973,-2.2609014622364407,4.18302245745178
CDMS-13-7C-RAIZAC,0.0,0.0,0.0,-0.5423278474719063,-0.17428146753907972,-0.4815517060061683,-0.17428146753907972,0.0,-1.9472881135568272,-0.1742814675390799,0.0,0.0,-2.0294431698148387,-2.11124600376774,2.4655881417206404
CDMS-13-7C-SSOSLO,0.0,0.0,0.0,1.2967886873558,-0.27435163058436723,-0.6344189708206865,-0.27435163058436723,0.0,-3.2247113861486465,-0.27435163058436746,0.0,0.0,-2.9304836191161363,-3.736510371882577,7.390041729793574
CDMS-14-10A-IMORTO,0.0,0.0,0.0,-0.9840385337092317,-0.05025189076296061,-0.5609359576812998,-0.05025189076296061,0.0,-0.10473676757158805,-0.05025189076296065,0.0,0.0,-0.32941917466283255,-0.5786203848469609,3.2203953815668838
CDMS-14-10A-JCVANI,0.0,0.0,0.0,0.9505905902212253,-0.033501260508640406,-0.42511686465147064,-0.033501260508640406,0.0,-1.9180679053676493,-0.03350126050864043,0.0,0.0,-2.004087743596506,-2.3023390136874426,3.638726955085319
CDMS-14-5A-LSDUCO,0.0,0.0,0.0,0.6611099775215866,-0.20412414523193154,-0.3905667329424716,-0.20412414523193154,0.0,-3.0212860517534454,-0.20412414523193168,0.0,0.0,-2.45886663009658,-2.8854223941443045,4.531630090797362
CDMS-14-6B-KDCAHE,0.0,0.0,0.0,-0.41363665202791655,-0.05025189076296061,-0.3714534159082674,-0.05025189076296061,0.0,-1.2718595540988962,-0.05025189076296065,0.0,0.0,-1.6501583875292467,-1.8459765665389827,4.149027302017072
CDMS-15-10A-AMALOS,0.0,0.0,0.0,0.32525652855309345,-0.057479434801933724,-0.3728512233320631,-0.058084049084595094,0.0,-1.2663830008060122,-0.05808404908459515,0.0,0.0,-1.5116695490253083,-1.627961127745063,2.529152781685694
CDMS-15-10A-JJMACH,0.0,0.0,0.0,0.848186572469545,-0.13032184296938543,-0.4076049699847393,-0.13032184296938543,-0.028571428571428574,-2.055283454928803,-0.1369682802507534,0.0,0.0,-1.9530226743335426,-2.0476190749347767,3.7846325805650602
CDMS-15-10A-MAALRI,0.0,0.0,0.0,3.4992903727159854,-0.17586311452816475,-0.4472135954999579,-0.17586311452816475,0.0,-1.9258776311824384,-0.17586311452816492,0.0,0.0,-1.9559284180859955,-2.365437184111586,10.0
CDMS-15-10A-SGOMO,0.0,0.0,0.0,-0.9170946599735772,-0.1523139633789264,-0.5019480387077329,-0.1523139633789264,0.0,-1.9052021613658565,-0.1523139633789265,0.0,0.0,-1.9412271429643595,-1.844614810797636,3.1893504883389063
CDMS-15-11B-JEMOLO,0.0,0.0,0.0,1.916269599304837,-0.059371210709463974,0.2200741453336674,-0.059371210709463974,-0.01116708683621347,-2.1522868537368396,-0.059956350204633684,0.0,0.0,-2.0580431818803784,-2.214975211399042,2.364602506173252
CDMS-15-11B-VSAHO,0.0,0.0,0.0,-1.3397876906064712,-0.14285714285714288,-0.5773502691896258,-0.14285714285714288,0.0,-1.4528353635588953,-0.142857142857143,0.0,0.0,-0.5146502354656656,-1.219821661760536,6.216485596478913
CDMS-16-10A-SGALO,0.0,0.0,0.0,-0.33333333333333337,0.0,-0.29488391230979427,0.0,0.0,0.618595738421647,0.0,0.0,0.0,0.3436182087720041,0.3362837966437122,6.599748320202159
CDMS-16-11B-NGABE,0.0,0.0,0.0,0.34645214373975464,-0.01785714285714286,-0.38096367597593395,-0.01785714285714286,0.0,-1.4281577836423343,-0.017857142857142873,0.0,0.0,-1.6191258990202873,-1.868479861726223,2.183326595651043
CDMS-18-7C-VVECA,0.0,0.0,0.0,-0.7934623284778455,-0.07142857142857144,-0.5349312243193519,-0.07142857142857144,0.0,-2.006564255691497,-0.0714285714285715,0.0,0.0,-2.103011220701251,-2.1227118352443055,4.114658094839063
CDMS-8-4A-DBEVA,0.0,0.0,0.0,-0.25264557631995566,0.0,0.0,0.0,0.0,-0.7578757672667772,0.0,0.0,0.0,-1.0408329997330663,-0.8860589298943344,0.0
CDMS-8-4A-DJAVDA,0.0,0.0,0.0,-0.3733790622617774,-0.05714285714285715,-0.5403974122477784,-0.05714285714285715,0.0,-1.5642993152620772,-0.0571428571428572,0.0,0.0,-2.1784303679102495,-2.2455626035478367,5.5156813251882735
CDMS-8-4A-DOSTR,0.0,0.0,0.0,-2.0387314765441213,-0.17586311452816475,-0.6410832172066031,-0.17586311452816475,0.0,-3.0065502545531397,-0.17586311452816492,0.0,0.0,-2.78060667526647,-2.9205661927086797,7.940473913560694
CDMS-8-4A-LGOPA,0.0,0.0,0.0,0.6149512262640422,-0.23579358147481674,-1.00373563009966,-0.2437071173787515,-0.11462156863632844,-2.2517619620750846,-0.25878721668494303,0.0,0.0,-1.657355081529386,-1.913540910152437,7.152669678491152
CDMS-8-4C-JDBUTU,0.0,0.0,0.0,-0.7531672639577358,-0.1172042464459903,-0.7260812755484511,-0.12012276032150437,0.0,-1.5452893472182123,-0.12012276032150447,0.0,0.0,-1.7291156402117625,-1.9470073049809455,5.847088496294547
CDMS-9-4A-ACDUTR,0.0,0.0,0.0,0.8797666367735335,-0.035130073860523234,-0.375193927741667,-0.035130073860523234,0.0,-2.1236080860534554,-0.03513007386052326,0.0,0.0,-2.248346528944924,-2.284130913329756,4.770860207564246
CDMS-9-4A-CRAAG,0.0,0.0,0.0,2.694967477952537,-0.36927447293799814,-0.7198051755130666,-0.36927447293799814,-0.14285714285714288,-6.67785507105131,-0.3831305140884604,0.0,0.0,-2.6112573501799226,-3.379317650475401,8.352184604014548
CDMS-9-4A-EROHI,0.0,0.0,0.0,0.4734701584373495,-0.1664253863685955,-0.47122587700155927,-0.1664253863685955,-0.05025189076296061,-3.1645916209239893,-0.17623813888485595,0.0,0.0,-2.4345713676550464,-2.9077158571270876,9.33300257555696
CDMS-9-4A-ILOSE,0.0,0.0,0.0,0.27735009811261446,0.0,-0.25264557631995566,0.0,0.0,-1.3532859077659016,0.0,0.0,0.0,-0.4518235245532044,-1.6861028715039517,2.849199451928763
CDMS-9-4C-SCAMO,0.0,0.0,0.0,-0.5334650693692645,-0.17586311452816475,-0.5276448530110864,-0.17586311452816475,0.0,-1.8580968691457116,-0.17586311452816492,0.0,0.0,-2.0444089226808946,-2.0880997402325874,6.6621047125401684
CDMS-9-5A-PAGACO,0.0,0.0,0.0,-0.653403976053341,-0.07617537420383226,-0.5824756387495544,-0.07617537420383226,0.0,-0.6227378509876553,-0.07617537420383233,0.0,0.0,-1.831126332080814,-1.833500153034682,4.2732899825984605
CDMS-9-5A-VVAAR,0.0,0.0,0.0,3.935774711622245,0.0,-0.5923326576882296,0.0,0.0,-3.460328269682913,0.0,0.0,0.0,-3.8312696518368163,-4.475675394995338,10.0
CDMS-9-5C-JDMADE,0.0,0.0,0.0,0.4070679612667632,-0.14285714285714288,-0.4936258837698759,-0.14285714285714288,0.0,-2.744302150984869,-0.142857142857143,0.0,0.0,-2.566883810099879,-2.401146578557287,4.344596066174194
CDMS-9-5C-LVIZAC,0.0,0.0,0.0,0.44253618003582806,0.0,-0.26827800552043857,0.0,0.0,-1.523895662134618,0.0,0.0,0.0,-1.9757514186464598,-2.1583295091901373,4.417255418244705
CDMS-9-5C-MLOGO,0.0,0.0,0.0,1.2007411313064256,-0.11305750264556268,-0.4367488338903436,-0.11305750264556268,0.0,-3.0016027510088974,-0.11305750264556279,0.0,0.0,-2.824062201244184,-2.913707935067815,5.987280748019049
CDMS-9-5C-SCAAG,0.0,0.0,0.0,-0.2946899077813758,-0.1523139633789264,-0.6132361143160778,-0.1523139633789264,-0.08793155726408237,-3.272304888188355,-0.17935133563654132,0.0,0.0,-2.8349434325761838,-3.072325372557021,7.247246197002718
CDMS-XX-10A-VGILO,0.0,0.0,0.0,0.0,0.0,0.0,0.0,0.0,0.0,0.0,0.0,0.0,0.0,0.0,0.0
CDMS-XX-5C-MPCAQU,0.0,0.0,0.0,0.5536355411277999,-0.08793155726408237,-0.4495024227796844,-0.08793155726408237,0.0,-2.442030195509294,-0.08793155726408246,0.0,0.0,-2.6852171940274694,-2.812132005027503,4.80876243438714
CDMS-XX-6A-MAGICA,0.0,0.0,0.0,2.893578708950349,0.0,-0.5026028286234493,0.0,0.0,-2.8801285289943994,0.0,0.0,0.0,-2.0608577511529287,-2.8622572814723073,4.157469164504028
CDMS-XX-6B-SPUCA,0.0,0.0,0.0,-0.4214766461565166,-0.09176389584223857,-0.6326628664959995,-0.09176389584223857,-0.009136707411447384,-1.1356526356056464,-0.09245367218497683,0.0,0.0,-0.5791513881726229,-0.9833661907911521,3.3875089388290744
CSO-10-4A-ICAPA,0.0,0.0,0.0,0.6315489582640811,-0.12177858344457168,-0.5534340603923122,-0.12364584297836809,0.0,-1.5375692732572097,-0.1236458429783682,0.0,0.0,-1.3251636415252228,-1.5772651013145638,3.613659466966845
CSO-10-4A-KCOMO,0.0,0.0,0.0,-0.3903299385394705,-0.04761904761904762,-0.32118043991496686,-0.04761904761904762,0.0,-1.021822409404989,-0.047619047619047665,0.0,0.0,-1.3269124227732485,-1.3413287378786631,2.1154108811214853
CSO-10-4A-LRAVI,0.0,0.0,0.0,0.07435563532170164,-0.12168046219153206,-0.5307223182800084,-0.12168046219153206,0.0,-2.9457139331455853,-0.12168046219153214,0.0,0.0,-2.286759889731459,-2.829968944440491,6.756397172377737
CSO-10-4A-LSCAVA,0.0,0.0,0.0,-0.3250217520786984,-0.04020151261036849,-0.3962219368789381,-0.04020151261036849,0.0,-1.8742258594898835,-0.04020151261036852,0.0,0.0,-2.085482636436532,-2.095170594492811,-0.04867218487661282
CSO-10-5A-ACAVA,0.0,0.0,0.0,0.42239226347723346,-0.12168046219153204,-0.5082162346003589,-0.12168046219153204,0.0,-1.7411026059221355,-0.12168046219153215,0.0,0.0,-2.0516431441492475,-2.0894181331453194,6.217523256030598
CSO-10-5A-ARACA,0.0,0.0,0.0,0.31377384796182123,0.0,-0.3736323588785367,0.0,0.0,-1.8993198427022637,0.0,0.0,0.0,-2.0228941154188584,-2.0088371029145833,5.374081576273343
CSO-10-5A-DABRZA,0.0,0.0,0.0,0.2157089459900355,-0.10050378152592122,-0.4723479762979613,-0.10050378152592122,0.0,-2.566137611404326,-0.1005037815259213,0.0,0.0,-3.4054903564805454,-3.288432630270321,9.312872769284743
CSO-10-5A-GZAMA,0.0,0.0,0.0,0.2961015543402908,-0.07647191129018727,-0.5043667633216792,-0.07647191129018727,0.0,-2.357225347242921,-0.07647191129018734,0.0,0.0,-2.511083910868821,-2.502726432010736,1.700194698297994
CSO-10-5A-JANORO,0.0,0.0,0.0,-0.5472383472495311,-0.07142857142857144,-0.516796256197435,-0.07142857142857144,0.0,-1.5395253767627155,-0.0714285714285715,0.0,0.0,-1.9257484385263097,-1.9238686985824525,2.3451178474483227
CSO-10-5A-JJSEMO,0.0,0.0,0.0,-0.6269773169296674,-0.15042215264956663,-0.5968708578321222,-0.15042215264956663,0.0,-2.337776505860014,-0.15042215264956674,0.0,0.0,-2.6529644652024387,-2.983279240357185,7.444962172019977
CSO-10-5A-JLCARI,0.0,0.0,0.0,-0.5779536536093232,-0.16327947698207243,-0.4858988942975239,-0.16327947698207243,0.0,-2.1327283334130183,-0.16327947698207254,0.0,0.0,-2.3739804483485343,-2.47497516951518,6.679050757582413
CSO-10-5A-MAARAN,0.0,0.0,0.0,1.0360542467629845,-0.1593601286926538,-0.48849706414635385,-0.1593601286926538,0.0,-2.715863847569058,-0.15936012869265395,0.0,0.0,-2.2904450519630584,-2.5190178760261617,5.75116553420861
CSO-10-5A-RVMOIB,0.0,0.0,0.0,-0.5696519211398117,-0.10050378152592122,-0.35633158904644796,-0.10050378152592122,0.0,-1.5432273211193341,-0.1005037815259213,0.0,0.0,-1.6206896551724135,-2.1010175959765136,4.439795729549807
CSO-10-5A-SVHEES,0.0,0.0,0.0,1.2144369376610453,0.0,-0.12632278815997783,0.0,0.0,-1.0846948020520584,0.0,0.0,0.0,-0.19336040012868072,-0.6837843604996942,-0.08770580193070292
CSO-11-5A-MDVOSPE,0.0,0.0,0.0,-0.7096127878059569,-0.04761904761904762,-0.45855403275635664,-0.04761904761904762,0.0,-1.8039135543267302,-0.047619047619047665,0.0,0.0,-1.9922189598076772,-1.9976485687507395,4.726001927941384
CSO-11-5A-MTAGA,0.0,0.0,0.0,0.22975346051756412,-0.10480600972780721,-0.4559564140959901,-0.10480600972780721,0.0,-2.177363852248929,-0.1048060097278073,0.0,0.0,-1.9990098805779086,-2.0544144385354977,2.7720887155913885
CSO-11-6A-CAPAMU,0.0,0.0,0.0,1.412534970016101,0.0,-0.3144854510165755,0.0,0.0,-1.3572467384444653,0.0,0.0,0.0,-1.050662299656894,-0.8148386757850966,3.564680508239091
CSO-11-6A-DSCACH,0.0,0.0,0.0,-0.6101955326950129,-0.1118712674037489,-0.46440609382048786,-0.1118712674037489,-0.025125945381480306,-2.468963253081678,-0.11510832649269774,0.0,0.0,-2.7494440710611503,-2.7888514552933206,7.473956535801209
CSO-11-6A-EROMO,0.0,0.0,0.0,-0.25264557631995566,0.0,-0.4525696378552518,0.0,0.0,-2.3268933093428235,0.0,0.0,0.0,-3.118353618643104,-3.1183536186431033,0.0
CSO-11-6A-FSOVRE,0.0,0.0,0.0,-0.33823606076494644,-0.08793155726408237,-0.40525190317234094,-0.08793155726408237,0.0,-1.7897925983867666,-0.08793155726408246,0.0,0.0,-2.3860669463202724,-2.470799727063987,3.5271096948543716
CSO-11-6B-DISEMO,0.0,0.0,0.0,2.1749349368839823,-0.05025189076296061,-0.41350992247619744,-0.05025189076296061,0.0,-3.116105825212532,-0.05025189076296065,0.0,0.0,-1.37181492418411,-1.5486310051538017,3.3618444178470623
CSO-11-6B-LHFDLACH,0.0,0.0,0.0,-0.8372920157811218,-0.20933246340845366,-0.6104765923945383,-0.20933246340845366,0.0,-2.627003648436469,-0.20933246340845385,0.0,0.0,-2.390079594082322,-2.533611567441193,6.926976716043294
CSO-11-6B-RJGIHE,0.0,0.0,0.0,2.617985410504297,0.0,-0.09145054352812242,0.0,0.0,-2.2767608266661425,0.0,0.0,0.0,-1.6061055988692885,-2.0292186650227317,-0.047619047619047616
CSO-11-6B-SFLVA,0.0,0.0,0.0,0.33833429760230094,0.0,-0.43113635418802354,0.0,0.0,-1.9413462526982554,0.0,0.0,0.0,-2.282094833334229,-2.420659020547025,5.489601242255361
CSO-11-6B-VCOMA,0.0,0.0,0.0,-0.44450270916361834,-0.18999362988004814,-0.490316283545293,-0.18999362988004814,0.0,-2.344442765502839,-0.1899936298800483,0.0,0.0,-2.58584563146522,-2.641466356452548,0.0
CSO-12-6A-DGISE,0.0,0.0,0.0,-0.33577792902781817,0.0,-0.19627902720031423,0.0,0.0,-0.5452032211302805,0.0,0.0,0.0,-0.60330330631536,-0.7621075106177525,2.928571428571429
CSO-12-6A-FJOVRE,0.0,0.0,0.0,-0.035147286233489866,-0.08534607306215958,-0.38440827570058905,-0.08534607306215958,-0.025125945381480306,-2.203223109888726,-0.08534607306215966,0.0,0.0,-1.8779124735127641,-2.1161091108630616,6.0936313520163425
CSO-12-6B-GQULO,0.0,0.0,0.0,1.3120250450985798,-0.05025189076296061,-0.38433935862572466,-0.05025189076296061,0.0,-1.7686510877496313,-0.05025189076296065,0.0,0.0,-1.7268083214417487,-1.8255742837212314,3.462282990405199
CSO-12-6B-LJHEFE,0.0,0.0,0.0,0.5234439191682911,-0.15385913341415017,-0.5681058603261255,-0.15385913341415017,-0.033501260508640406,-3.448942392106661,-0.15938812514805378,0.0,0.0,-2.339004197387422,-2.9851535173615305,5.52871826099468
CSO-12-6B-VPAMA,0.0,0.0,0.0,0.19994770185212432,-0.24103065509525873,-0.4934114228429739,-0.24103065509525873,0.0,-3.776303081610749,-0.24103065509525895,0.0,0.0,-2.0994470049492775,-2.9044859455573295,5.773303204319973
CSO-12-7A-ESALA,0.0,0.0,0.0,1.476568731626125,-0.09455533165072519,-0.4287482182858867,-0.09455533165072519,0.0,-1.9735559954562274,-0.09455533165072526,0.0,0.0,-2.013633872731577,-2.0482935405741216,4.749442197595764
CSO-12-7A-IMERO,0.0,0.0,0.0,0.4564413581330846,0.0,-0.23002100630210073,0.0,0.0,-0.4167365224892758,0.0,0.0,0.0,-0.17901964492291386,-0.4586022308321909,1.2384909198359444
CSO-12-7A-JHEZA,0.0,0.0,0.0,0.09388271040050987,-0.15075567228888181,-0.6531389962698615,-0.15075567228888181,0.0,-2.56956929199504,-0.15724272550828788,0.0,0.0,-2.2920314371443027,-2.249413964039555,8.631222102517526
CSO-12-7A-LSARAR,0.0,0.0,0.0,-0.8440353625140288,-0.016750630254320203,-0.2835450389835266,-0.016750630254320203,0.0,-0.18685520667239333,-0.016750630254320217,0.0,0.0,0.05549781249217892,-0.27295054067421165,1.4444955301960818
CSO-12-7A-SCAHO,0.0,0.0,0.0,0.4237183587221213,-0.04761904761904762,-0.3713206277446539,-0.04761904761904762,0.0,-1.6792729938375588,-0.047619047619047665,0.0,0.0,-1.8077157143992733,-2.2402427540776997,5.941688039290344
CSO-12-7B-DVAGRO,0.0,0.0,0.0,-0.8508757647909686,-0.1575922194178753,-0.6313628171797516,-0.1575922194178753,0.0,-5.972679662094923,-0.15759221941787543,0.0,0.0,-2.4118654619217494,-3.1081060808647805,6.813713205425038
CSO-12-7B-SMUGU,0.0,0.0,0.0,1.144174659799967,-0.055273379210817195,-0.4997092253753962,-0.055273379210817195,-0.020100756305184243,-2.9173058181603606,-0.05859077425115934,0.0,0.0,-2.5020513916597924,-2.746461219155747,3.9781131152119173
CSO-12-7B-SSARA,0.0,0.0,0.0,1.6506895073488752,-0.15340104242377547,-0.7093439590365347,-0.1583014271004708,0.0,-2.279902038295451,-0.1583014271004709,0.0,0.0,-1.3790313945965342,-1.7611951680441889,1.9055572698321799
CSO-12-8A-YTOME,0.0,0.0,0.0,-0.5635894968439208,-0.07647191129018727,-0.4709021988263327,-0.07647191129018727,0.0,-1.7671777239672233,-0.07647191129018734,0.0,0.0,-1.7812205361537856,-1.8551720577721642,1.3978477954683435
CSO-13-6A-ANASA,0.0,0.0,0.0,-0.8022061360908379,-0.0703452458112659,-0.4629224325026161,-0.0703452458112659,0.0,-2.0897726250634308,-0.07034524581126597,0.0,0.0,-2.181384236433356,-2.482218753651751,4.519412448566879
CSO-13-6B-JETAVE,0.0,0.0,0.0,-0.7454913319675995,-0.10945790385718619,-0.5249752279889962,-0.10945790385718619,0.0,-1.1323951007114839,-0.10945790385718626,0.0,0.0,-1.4885753132802317,-1.5803375117269118,4.44803887410558
CSO-13-6B-LFMIES,0.0,0.0,0.0,0.010036599753022048,-0.1593601286926538,-0.5375440869575645,-0.1593601286926538,0.0,-3.201672819204092,-0.15936012869265395,0.0,0.0,-1.496746072409973,-1.9299438442541632,3.787032560785981
CSO-13-6B-LJMAHU,0.0,0.0,0.0,0.15609868572486138,-0.04761904761904762,-0.3533071107520502,-0.04761904761904762,0.0,-1.368364879326221,-0.047619047619047665,0.0,0.0,-1.7291030809459702,-1.9539311473618273,6.4016191367299475
CSO-13-7A-CAPAMU,0.0,0.0,0.0,-0.3782023498629718,0.0,-0.460888999870491,0.0,0.0,-1.6852279922131397,0.0,0.0,0.0,-2.5121716508834058,-2.535787519059242,3.966326495188786
CSO-13-7A-CDDITR,0.0,0.0,0.0,0.5872198000786447,-0.20711097289114722,-0.6563323756187414,-0.20711097289114722,0.0,-2.2086101948717647,-0.20711097289114735,0.0,0.0,-2.6540615374449756,-2.737031469482908,3.9061160049733545
CSO-13-7A-JJATFL,0.0,0.0,0.0,-0.3570420256250755,-0.14052029544209294,-0.5447450647099003,-0.14052029544209294,0.0,-2.376914185453783,-0.14052029544209305,0.0,0.0,-2.7971922256486286,-2.861887100287009,3.9090287685358813
CSO-13-7A-RXCHLU,0.0,0.0,0.0,2.678336697645298,-0.17171000652828253,-0.6038007185100233,-0.17171000652828253,0.0,-3.3113281079876224,-0.17171000652828264,0.0,0.0,-2.7734128751509908,-2.946562461410837,5.29031922874874
CSO-13-7A-YAMEZA,0.0,0.0,0.0,-1.1725082063309369,-0.10050378152592122,-0.5175218286277214,-0.10050378152592122,0.0,-1.8806847463815548,-0.1005037815259213,0.0,0.0,-2.2444307314171144,-2.1672248407522647,6.282773251241064
CSO-13-8A-KIGAGU,0.0,0.0,0.0,0.7202425362471396,-0.025125945381480306,-0.37432493734468814,-0.025125945381480306,0.0,-2.079788952692126,-0.025125945381480327,0.0,0.0,-2.1074194198424756,-2.245925557829802,3.1919647101247035
CSO-13-8A-MBUAN,0.0,0.0,0.0,-0.4871783631063648,0.0,-0.1251826310479387,0.0,0.0,-0.5685444723938697,0.0,0.0,0.0,-0.8238195952896943,-1.0289113403733439,0.819480659370514
CSO-13-8A-MGAAN,0.0,0.0,0.0,-0.23433980192785261,-0.04307304922539481,-0.43590050041931017,-0.04307304922539481,0.0,-1.5783925388857942,-0.043073049225394844,0.0,0.0,-1.7254548805883239,-1.8663921670934074,4.635061234091809
CSO-13-8A-MGAHE,0.0,0.0,0.0,-0.30832004760841863,-0.04761904761904762,-0.4191556289042881,-0.04761904761904762,0.0,-1.4405738857243406,-0.047619047619047665,0.0,0.0,-2.281914306094465,-2.3006483943663896,6.2996598285221195
CSO-13-8A-MJAGA,0.0,0.0,0.0,1.3903127483565276,-0.09212229868469533,-0.5537522533806633,-0.09212229868469533,0.0,-3.2655352025298776,-0.0921222986846954,0.0,0.0,-2.8907067055032116,-3.1074311145326257,5.80101427411206
CSO-13-8A-VHODU,0.0,0.0,0.0,1.0891178609735856,-0.14285714285714288,-0.7194246902796883,-0.14285714285714288,0.0,-2.1827229567811544,-0.142857142857143,0.0,0.0,-2.327782382971847,-2.683437417446481,6.830425373206324
CSO-13-8B-FCJISA,0.0,0.0,0.0,-0.06316139407998891,0.0,-0.10086832309824112,0.0,0.0,-0.4739473265839448,0.0,0.0,0.0,-0.8420049837370541,-0.842004983737054,2.48746859276655
CSO-13-8B-JEMABE,0.0,0.0,0.0,-0.5330569172696746,-0.12632278815997783,-0.5860841108751987,-0.12632278815997783,0.0,-1.371131969915795,-0.12632278815997797,0.0,0.0,-1.9930645510816243,-2.0617703861875145,5.160033281009712
CSO-13-9B-DMLLLU,0.0,0.0,0.0,1.1587867289140288,-0.17586311452816475,-0.4525696378552518,-0.17586311452816475,0.0,-2.27935782948919,-0.17586311452816492,0.0,0.0,-2.6265567445956823,-2.670779135237328,10.0
CSO-14-7A-MVEBE,0.0,0.0,0.0,-0.36927447293799814,0.0,-0.27435163058436723,0.0,0.0,-0.928279121632914,0.0,0.0,0.0,-1.3263773517226167,-1.1416990217320353,-0.14285714285714288
CSO-14-7B-EVEGO,0.0,0.0,0.0,1.0014281864144285,-0.23639784830598004,-0.7756616853133325,-0.23639784830598004,-0.025125945381480306,-3.597380855029217,-0.24332930085592422,0.0,0.0,-1.8277081191695228,-2.473875426198513,4.1487266681079715
CSO-14-8A-MCIDOS,0.0,0.0,0.0,2.3958625754235077,-0.33333333333333337,0.5364179595739349,-0.33333333333333337,0.0,-5.959036112511906,-0.33333333333333365,0.0,0.0,-3.219364412430627,-4.214210319499563,7.016950123020146
CSO-14-8A-SZARA,0.0,0.0,0.0,0.8848795734708139,-0.0776666148341802,-0.42323455068761756,-0.0776666148341802,0.0,-2.660590046869534,-0.07766661483418026,0.0,0.0,-2.3870177799687946,-2.541412920696972,3.722004555698026
CSO-14-8B-JLLORA,0.0,0.0,0.0,1.049959556245145,0.0,-0.4046865931099329,0.0,0.0,-2.0220704838819614,0.0,0.0,0.0,-2.135313897958789,-2.397689242231357,5.550582921239048
CSO-14-9A-AEDCAGO,0.0,0.0,0.0,-0.35188734603762073,-0.014357683075131604,-0.36343401696171923,-0.014357683075131604,-0.014357683075131604,-0.9979191815702195,-0.01934115781742248,0.0,0.0,-1.4667059155202902,-1.6292214591949339,5.076407112641186
CSO-14-9A-HASACA,0.0,0.0,0.0,0.6491748807341288,-0.040824829046386304,0.4697518572442462,-0.040824829046386304,0.0,-1.3393898559733093,-0.04082482904638633,0.0,0.0,-1.4665283634356814,-1.4783856100061388,0.3466151524657817
CSO-14-9A-MARJA,0.0,0.0,0.0,-0.07530127811419278,-0.04155654560954403,-0.26175784398690843,-0.04155654560954403,-0.006700252101728082,-0.9832675748679454,-0.043882167155946464,0.0,0.0,-1.2369185205820052,-1.3583030851855062,2.878728355353513
CSO-14-9A-SORZU,0.0,0.0,0.0,0.13259709283292473,-0.06418518444660153,-0.38933597703712647,-0.06418518444660153,-0.014950639387347187,-1.7724378500834663,-0.06686053810267338,0.0,0.0,-1.9721951192593496,-2.029262103952266,2.931339418303655
CSO-14-9B-ERAGA,0.0,0.0,0.0,2.8205670123925928,0.0,-0.484270206228121,0.0,0.0,-2.9900357611826074,0.0,0.0,0.0,-1.486691180212144,-1.8908508391790777,2.9173504889745416
CSO-14-9B-MFEGA,0.0,0.0,0.0,1.8632692394924653,-0.1593601286926538,-0.5872685084716665,-0.1593601286926538,0.0,-3.0720874407480547,-0.15936012869265395,0.0,0.0,-2.163740232055275,-3.123974951832695,5.438556294319364
CSO-15-10A-LJRAGU,0.0,0.0,0.0,-0.08000333314005391,-0.07647191129018727,-0.3960838625081051,-0.07647191129018727,0.0,-0.5688963312098204,-0.07647191129018734,0.0,0.0,-0.3053045581030927,-0.6085648671598818,1.4035494879773431
CSO-15-10A-MAARLO,0.0,0.0,0.0,0.46707175474431034,-0.14524870570298468,-0.5508915636764068,-0.14524870570298468,0.0,-5.3963793523286565,-0.14524870570298481,0.0,0.0,-2.729895770442675,-3.0595120811040406,3.2890365017336576
CSO-15-10A-SFEGA,0.0,0.0,0.0,1.8376805190557046,-0.033501260508640406,-0.31505622354913027,-0.033501260508640406,0.0,-1.783400996088277,-0.03350126050864043,0.0,0.0,-2.911209369281078,-2.9112093692810777,0.0
CSO-15-10B-MEBUAR,0.0,0.0,0.0,0.19415566228258863,-0.07142857142857144,-0.46255494202406944,-0.07142857142857144,0.0,-2.343022841258551,-0.0714285714285715,0.0,0.0,-2.059025492206769,-2.0377219150361947,4.903748394627126
CSO-15-10B-YVBUAN,0.0,0.0,0.0,-0.12594184111373224,0.0,-0.18020899939833107,0.0,0.0,-0.5060095400398407,0.0,0.0,0.0,-1.017797847147903,-1.1346845978162328,1.4215601757693315
CSO-15-10C-ALBAHO,0.0,0.0,0.0,-0.25459822393074905,-0.05025189076296061,-0.4050511121509823,-0.05025189076296061,0.0,-1.7258454046842089,-0.05025189076296065,0.0,0.0,-2.8282025537149016,-2.8443376047475644,9.9498743710662
CSO-15-10C-SSCAMO,0.0,0.0,0.0,0.2045072279892521,-0.07606435211486963,-0.2604295071217645,-0.07606435211486963,0.0,-1.2344539355293587,-0.07606435211486968,0.0,0.0,-1.4699947455940863,-1.5923404986959802,3.21184857298211
CSO-15-11C-JETALO,0.0,0.0,0.0,0.1483270461951416,-0.040824829046386304,-0.46157385433204656,-0.040824829046386304,0.0,-1.1385720585850825,-0.04082482904638633,0.0,0.0,-1.5161776928450834,-1.660610085474876,5.852952965230637
CSO-15-7B-JCRAGA,0.0,0.0,0.0,-0.44646696332519137,-0.13509294946624217,-0.5347550533350386,-0.13509294946624217,0.0,-2.154605018468912,-0.1350929494662423,0.0,0.0,-2.2526650471812153,-2.373295661881955,6.6332495807108
CSO-15-8A-VBMABR,0.0,0.0,0.0,-0.33333333333333337,-0.10050378152592122,-0.36927447293799814,-0.10050378152592122,0.0,-2.295127664614241,-0.1005037815259213,0.0,0.0,-3.1091579859390346,-3.109157985939034,0.0
CSO-15-8B-KEPOGO,0.0,0.0,0.0,1.4392130537215961,0.0,-0.5641519475835701,0.0,0.0,-2.3491205475536527,0.0,0.0,0.0,-1.887766801950615,-2.2990099832290096,3.028653525903876
CSO-15-9B-ALRIHE,0.0,0.0,0.0,-0.4320774184174719,-0.22006173978867247,-0.7875039339859456,-0.22006173978867247,-0.04761904761904762,-0.600171250931139,-0.22316299943268023,0.0,0.0,-0.9682134392393347,-1.1428049846284312,3.8463605485428953
CSO-15-9B-AMSAGO,0.0,0.0,0.0,-0.7165107536316874,-0.14285714285714288,-0.5393308788692646,-0.14285714285714288,-0.14285714285714288,-1.6330687667318882,-0.19324698792024944,0.0,0.0,-2.144678446474675,-2.2177712393328477,4.3299058307893175
CSO-15-9B-JCAPA,0.0,0.0,0.0,0.6915650440568348,-0.021982889316020594,-0.36539059118648237,-0.021982889316020594,0.0,-1.459197433754176,-0.021982889316020614,0.0,0.0,-1.8026596090795992,-1.7789993784782274,4.24120155699853
CSO-15-9B-KSBEJA,0.0,0.0,0.0,-0.4756080207006334,-0.055174009605743854,-0.4838032271875488,-0.055174009605743854,0.0,-1.2538444236348443,-0.0551740096057439,0.0,0.0,-2.0642164981567848,-2.062695358758657,4.2562851483894075
CSO-15-9B-RMCHLU,0.0,0.0,0.0,0.9691555324275255,0.0,-0.0982946374365981,0.0,0.0,-0.7169914446828947,0.0,0.0,0.0,-0.5125490992098028,-0.6553704743551942,1.5432682385971523
CSO-15-9B-SJAGRO,0.0,0.0,0.0,-0.8588401527639619,-0.10050378152592122,-0.4768625019237256,-0.10050378152592122,0.0,-1.6405984021766273,-0.1005037815259213,0.0,0.0,-1.6888963834187258,-2.0901803487815056,5.454063592209624
CSO-16-10A-JEGAHE,0.0,0.0,0.0,1.7518675347225243,-0.05025189076296061,-0.5102609283820567,-0.05025189076296061,0.0,-2.5845477280113487,-0.05025189076296065,0.0,0.0,-2.741062637353604,-2.8298711476370526,3.750873827896905
CSO-16-10A-MSACO,0.0,0.0,0.0,-0.38847555395383676,-0.1007390905165989,-0.4013588819986273,-0.1007390905165989,0.0,-1.4833505489505285,-0.10073909051659898,0.0,0.0,-1.7148658605577454,-1.8877260467491677,4.20318472725532
CSO-16-10A-SMOUT,0.0,0.0,0.0,-0.4386944315539737,-0.2033817847156474,-0.5435402424534537,-0.2033817847156474,-0.025125945381480306,-2.762892122755649,-0.2066188438045963,0.0,0.0,-2.494398196523646,-2.7236842879635206,0.0
CSO-16-10B-JESUGU,0.0,0.0,0.0,-0.27492862604787416,-0.11305750264556268,-0.43274569992772166,-0.11305750264556268,0.0,-1.9348247389995037,-0.11305750264556279,0.0,0.0,-2.849720191877461,-2.853967464084503,4.9749371855331
CSO-16-10B-LTVIFA,0.0,0.0,0.0,-0.39793102844295175,0.0,-0.49001353216613763,0.0,0.0,-2.3344907539554125,0.0,0.0,0.0,-2.6580714249263444,-2.727095229590731,4.666666666666667
CSO-16-10B-VVILI,0.0,0.0,0.0,-0.45916021393581513,-0.1240909589092349,-0.5415982093456928,-0.1240909589092349,0.0,-2.38416261735369,-0.124090958909235,0.0,0.0,-2.211301858915062,-2.368000694478383,4.228746901025776
CSO-16-10C-MAVAVE,0.0,0.0,0.0,-0.14088321945022347,0.0,-0.202339124121904,0.0,0.0,-0.9314004265678291,0.0,0.0,0.0,-1.3918171232460388,-1.3918171232460388,2.487051010587931
CSO-16-11A-JAVABO,0.0,0.0,0.0,-0.6375498105247469,0.0,-0.3203581541090473,0.0,0.0,-1.9743724110993142,0.0,0.0,0.0,-1.4131266253418882,-1.598106788548605,-0.28512557099294616
CSO-16-11A-JDMUVA,0.0,0.0,0.0,-0.4372300370803286,-0.033501260508640406,-0.23420260209044383,-0.033501260508640406,0.0,-0.8026875650870865,-0.03350126050864043,0.0,0.0,-1.1849387135323564,-1.307985188012055,4.496238189101426
CSO-16-11A-VZAOR,0.0,0.0,0.0,1.698727719992874,0.0,-0.3512549399445408,0.0,0.0,-2.705874970647934,0.0,0.0,0.0,-1.7284563191265916,-2.1484717050006443,3.7819901672177934
CSO-16-11B-KRORE,0.0,0.0,0.0,-0.18005788301202855,0.0,-0.4689750125586205,0.0,0.0,-1.6955915572809765,0.0,0.0,0.0,-1.5717347895477045,-1.6956880096640046,4.078490925608597
CSO-16-11B-LLOZA,0.0,0.0,0.0,-1.111998934860416,-0.3472178278963851,-0.9012660471728049,-0.3472178278963851,-0.1593601286926538,-1.0351098283486857,-0.367322903230799,0.0,0.0,-1.8724653298477674,-1.8491254836826463,5.182665245537123
CSO-16-11B-YAROMO,0.0,0.0,0.0,-0.17379430882600846,-0.019540346058684974,-0.2825094389443042,-0.019540346058684974,0.0,-0.4545896300719934,-0.01954034605868499,0.0,0.0,-0.4561828523629717,-0.6687615341582921,1.5307479397111847
CSO-16-9A-JALEMO,0.0,0.0,0.0,1.431789207065373,0.0,-0.5465357250000211,0.0,0.0,-1.5230647581944703,0.0,0.0,0.0,-1.948601542255293,-1.8977130256071422,3.3559063680148395
CSO-16-9A-JPROSO,0.0,0.0,0.0,-0.48897964212853573,-0.020100756305184243,-0.20772163726631893,-0.020100756305184243,0.0,-0.3926191810463261,-0.02010075630518426,0.0,0.0,-0.8410733952691063,-0.7012131123832706,4.2105533767278684
CSO-16-9A-JSMAGU,0.0,0.0,0.0,2.1855163668609143,-0.1685942099748826,-0.5760437344761855,-0.1685942099748826,-0.033501260508640406,-2.516597862506106,-0.17412320170878623,0.0,0.0,-2.071023699228587,-2.4611979601164733,4.733152169475937
CSO-16-9B-SJPAJI,0.0,0.0,0.0,1.566725631095693,0.0,-0.14285714285714288,0.0,0.0,-1.8112029432164827,0.0,0.0,0.0,-1.4698277753207372,-1.707172402433856,0.0
CSO-17-10A-YVGOCA,0.0,0.0,0.0,1.355631255179003,0.0,-0.1147078669352809,0.0,0.0,-1.4202796480941,0.0,0.0,0.0,-1.2525296764490998,-1.4702579213197398,1.9458788043684576
CSO-17-10B-EHECO,0.0,0.0,0.0,0.19542756566058844,-0.07142857142857144,-0.41169940441227904,-0.07142857142857144,0.0,-1.6955464732231416,-0.0714285714285715,0.0,0.0,-1.5526375547852145,-1.5958944009839406,-0.20313410320608133
CSO-17-11A-JDAMO,0.0,0.0,0.0,-0.5467847242626479,-0.016750630254320203,-0.4024209760827997,-0.016750630254320203,0.0,-1.0860312994499683,-0.016750630254320217,0.0,0.0,-1.5797756638622866,-1.4560581930616978,2.755475775477759
CSO-17-11A-NPAHE,0.0,0.0,0.0,0.23308898077663198,-0.05025189076296061,-0.20359463942371506,-0.05025189076296061,0.0,-1.3136927728331247,-0.05025189076296065,0.0,0.0,-1.4959601327127503,-1.4899978309386295,-0.28948969947808895
CSO-17-11A-RLPAIG,0.0,0.0,0.0,-1.2057989462095262,-0.16922520087138937,-0.5894560028037162,-0.16922520087138937,-0.025125945381480306,-1.6938174002497615,-0.1718604947954669,0.0,0.0,-1.4506052445275697,-2.0551332348708016,5.6274698102442375
CSO-17-11A-SPUVA,0.0,0.0,0.0,-0.1757807623276631,0.0,-0.2421610524189263,0.0,0.0,-0.7169788558295158,0.0,0.0,0.0,-1.1959282583772892,-1.195928258377289,2.4494897427831783
CSO-17-11B-CDBEBU,0.0,0.0,0.0,-0.2870070586721989,0.0,-0.29088455435455157,0.0,0.0,-0.7841220660515585,0.0,0.0,0.0,-1.2777716056017363,-1.3086257193562798,2.692925607874281
CSO-17-11C-JDAAG,0.0,0.0,0.0,-0.3304536511634507,-0.14285714285714288,-0.395027442814173,-0.14285714285714288,0.0,-2.2405338112473223,-0.142857142857143,0.0,0.0,-2.8086376563420474,-2.8393253788166906,4.9749371855331
CSO-17-11C-MAPAMA,0.0,0.0,0.0,-0.4107249432152907,0.0,-0.28377859437617187,0.0,0.0,-1.5575815571774037,0.0,0.0,0.0,-2.2734534342249835,-2.36274515128377,5.380752184313238
CSO-17-11C-MCAAG,0.0,0.0,0.0,-0.040824829046386304,0.0,0.0,0.0,0.0,-0.14142135623730948,0.0,0.0,0.0,-0.14142135623730948,-0.1414213562373094,0.0
CSO-17-11C-SARJA,0.0,0.0,0.0,-0.40460551032537584,-0.0867453220222686,-0.35810148141870407,-0.0867453220222686,0.0,-1.39731251922811,-0.08674532202226867,0.0,0.0,-1.560911821721706,-1.967769642038994,6.240803985850217
CSO-18-11A-ADBAHO,0.0,0.0,0.0,-0.24517428277237013,0.0,-0.3324591817634194,0.0,0.0,-0.9606871438546006,0.0,0.0,0.0,-1.2619601854712434,-1.100361506169854,-0.1010919959236632
CSO-18-9B-MAMOLO,0.0,0.0,0.0,0.8672949707207354,-0.03476584634043773,-0.2852678608249971,-0.03476584634043773,0.0,-1.5260549274036939,-0.03476584634043776,0.0,0.0,-2.027875839041638,-1.9488005864234748,2.4729402415688218
CSO-8-3A-AIPRBR,0.0,0.0,0.0,2.3085385099830082,-0.14539370956983416,-0.5857438323453845,-0.14539370956983416,-0.020100756305184243,-6.895608897621332,-0.14871110461017634,0.0,0.0,-1.8595339978883345,-2.648840478864915,3.993384830023389
CSO-8-3A-DAPAVA,0.0,0.0,0.0,0.8159331764426976,-0.23516007666081534,-0.7965447702420622,-0.23516007666081534,-0.025125945381480306,-6.301233724271341,-0.23719825082101625,0.0,0.0,-2.712584867198506,-3.234579825463879,4.4897868116768
CSO-8-4A-ARAGR,0.0,0.0,0.0,0.8029791350999045,-0.1692997943949301,-0.9801822104962038,-0.1757807623276631,-0.05025189076296061,-2.6270637984634604,-0.1781657945232238,0.0,0.0,-2.6653534338035803,-2.6714892133352572,3.0405400957803503
CSO-8-4A-JRAAR,0.0,0.0,0.0,0.4381537225865637,-0.2294157338705618,-0.6585527740981747,-0.2294157338705618,0.0,-5.162141742922125,-0.229415733870562,0.0,0.0,-2.205377619018532,-2.6735789948424897,5.794425444552578
CSO-9-2A-EXMOCO,0.0,0.0,0.0,1.4866791465209461,-0.22087170610208595,-0.6689570337949857,-0.22087170610208595,-0.06436967787336782,-3.3772624030711422,-0.2301725817896488,0.0,0.0,-2.792540485223327,-3.032841669366301,6.099663994325475
CSO-9-4A-AGAPE,0.0,0.0,0.0,-0.6940141867709352,-0.20412414523193154,-0.4937419311010189,-0.20412414523193154,0.0,-1.3933987712295322,-0.20412414523193168,0.0,0.0,-1.319486879704203,-1.6914401657866227,5.6969263621052555
CSO-9-4A-DKVIMO,0.0,0.0,0.0,0.59256775500325,-0.3515615246553262,-0.2612983410540945,-0.3515615246553262,0.0,-2.9464257766653232,-0.35156152465532653,0.0,0.0,-3.0716670478982877,-3.0348589376700663,5.754070603940871
CSO-9-4A-DSMOMU,0.0,0.0,0.0,0.036875275162841066,-0.09778035333309663,-0.07789211655095006,-0.09907452979166768,0.0,-1.3749401933126864,-0.09907452979166771,0.0,0.0,-1.6948003904665199,-1.7832439898335335,3.1549979200129905
CSO-9-4A-DVGATO,0.0,0.0,0.0,2.2353858241128615,-0.31026937957217376,-0.8752703782790596,-0.32322271848256023,-0.07142857142857144,-4.012586317754797,-0.330696122689355,0.0,0.0,-1.9560453604605583,-2.902283142143939,8.186394397664582
CSO-9-4A-EGCAMO,0.0,0.0,0.0,-0.31273030787214007,0.0,-0.33509125877151724,0.0,0.0,-0.8669884799992869,0.0,0.0,0.0,-1.3379330468758575,-1.372791904811285,2.5925161677751904
CSO-9-4A-FAGIGA,0.0,0.0,0.0,-0.9602256093788775,-0.1012829270709435,-0.5020945153041174,-0.1012829270709435,-0.025125945381480306,-1.9580528991812174,-0.1264088724524239,0.0,0.0,-1.9298141007817309,-2.191766132482165,2.987218506636109
CSO-9-4A-KEMOCO,0.0,0.0,0.0,1.4180017282042092,-0.04588314677411236,-0.3117608139771633,-0.04588314677411236,0.0,-1.4342264692359816,-0.0458831467741124,0.0,0.0,-1.32674297863553,-1.6291226693694578,2.0631542418124993
CSO-9-4A-LCOMO,0.0,0.0,0.0,0.3616375510711126,-0.10480600972780721,-0.5808151087878282,-0.10480600972780721,0.0,-1.9981561996705302,-0.1048060097278073,0.0,0.0,-2.266110299595251,-2.47206207509523,7.25000706357307
CSO-9-4A-MLORO,0.0,0.0,0.0,-0.653015537506769,-0.059937847068064924,-0.48780816224610307,-0.059937847068064924,0.0,-0.9944244711989372,-0.059937847068064966,0.0,0.0,-1.5701801149537555,-1.4972495946261593,3.5917953251662014
CSO-9-4A-MPAME,0.0,0.0,0.0,-0.3762024935132294,-0.07142857142857144,-0.563458592229992,-0.07142857142857144,0.0,-2.1311037678584253,-0.0714285714285715,0.0,0.0,-2.428367290249321,-2.4790537113093034,5.949489742783179
CSO-9-4A-NSARPA,0.0,0.0,0.0,1.1073991813774333,-0.17657467892293843,-0.5431874310668475,-0.17657467892293843,0.0,-4.41244084182934,-0.17657467892293863,0.0,0.0,-1.759966254735976,-1.9453251854318525,2.7781099586115463
CSO-9-4A-YVDITR,0.0,0.0,0.0,-0.14056225143503187,0.0,-0.35130390313566573,0.0,0.0,-1.7193344768439989,0.0,0.0,0.0,-1.609124478622828,-1.782378007532555,1.600890892805879
