file,z_wc,z_nodes,z_edges,z_re,z_pe,z_l1,z_l2,z_l3,z_lcc,z_lsc,z_atd,z_density,z_diameter,z_asp,z_cc
CDMS-10-4A-JURAN,0.0,1.8957893063357791,0.0,0.0,-0.25264557631995566,-0.786333650994934,-0.25264557631995566,0.0,-0.6612416337794929,-0.25264557631995593,-1.407711396610395,-1.0251385715643964,-0.8633970960424555,-0.8633970960424548,0.0
CDMS-10-5A-HEPIHO,0.0,2.038098661460272,0.0,0.0,-0.3144854510165755,-1.0052310731814404,-0.3144854510165755,0.0,-0.04204551788887002,-0.31448545101657577,-1.520938201258747,-0.9909500401039306,0.057831493196624076,0.021378999081972275,-0.14285714285714288
CDMS-10-5A-KSRAGU,0.0,0.9801960588196068,0.0,0.0,0.0,-0.9801960588196068,0.0,0.0,0.9801960588196068,0.0,-0.9801960588196068,0.9801960588196068,0.0,0.0,0.0
CDMS-10-5A-SROPU,0.0,2.2073702048991484,0.0,0.0,-0.3144854510165755,-1.0475005644810669,-0.3144854510165755,0.0,-0.04204551788887002,-0.31448545101657577,-1.520938201258747,-0.9909500401039306,0.057831493196624076,0.021378999081972275,-0.14285714285714288
CDMS-10-5A-SZURO,0.0,0.9801960588196068,0.0,0.0,0.0,-0.9801960588196068,0.0,0.0,0.9801960588196068,0.0,-0.9801960588196068,0.9801960588196068,0.0,0.0,0.0
CDMS-10-5B-SRAJA,0.0,1.3984057817327211,0.0,0.0,-0.5862154322053876,-0.3815389185207228,-0.5862154322053876,-0.32684574372119035,0.12649110640673528,-0.6142703977515651,-1.2650903771597304,-0.9243717512941287,0.28119580251693,0.008019545585882226,-0.6030437901627808
CDMS-10-5C-DAAUSA,0.0,1.3630757647483263,0.0,0.0,-0.37751740852414534,-0.9481897223913966,-0.37751740852414534,-0.08793155726408237,0.12850438223027488,-0.38898147868327365,-1.1806323899395466,-0.4412915764080776,0.31436413510164185,0.2783694623122554,-0.16917253459650242
CDMS-10-5C-ICAPA,0.0,0.9801960588196068,0.0,0.0,0.0,-0.9801960588196068,0.0,0.0,0.9801960588196068,0.0,-0.9801960588196068,0.9801960588196068,0.0,0.0,0.0
CDMS-10-5C-JFALGI,0.0,0.9801960588196068,0.0,0.0,0.0,-0.9801960588196068,0.0,0.0,0.9801960588196068,0.0,-0.9801960588196068,0.9801960588196068,0.0,0.0,0.0
CDMS-10-5C-MAORTO,0.0,0.9801960588196073,0.0,0.0,-0.3144854510165755,-1.0052310731814404,-0.3144854510165755,0.0,0.9801960588196068,-0.31448545101657577,-0.9801960588196068,0.04932636236669884,0.057831493196624076,0.021378999081972275,0.0
CDMS-10-5C-NBEMO,0.0,1.8957893063357791,0.0,0.0,-0.25264557631995566,-0.786333650994934,-0.25264557631995566,0.0,-0.6612416337794929,-0.25264557631995593,-1.407711396610395,-1.0251385715643964,-0.8633970960424555,-0.8633970960424548,0.0
CDMS-10-6B-ASCACO,0.0,0.9801960588196073,0.0,0.0,-0.3515615246553262,-1.0052310731814404,-0.3515615246553262,0.0,1.2399882379497627,-0.35156152465532653,-0.9801960588196067,0.04932636236669884,1.2909944487358056,1.2909944487358054,0.0
CDMS-10-6B-JJMOBE,0.0,0.8896802485305647,0.0,0.0,-0.4525696378552518,-1.0182385849843445,-0.4525696378552518,-0.10050378152592122,1.3090191873790882,-0.45562108082560976,-0.7745966692414835,-0.23818686583615603,1.4233808678731878,1.3816985594155151,-0.25264557631995566
CDMS-11-4A-GACHSA,0.0,0.9801960588196068,0.0,0.0,0.0,-0.9801960588196068,0.0,0.0,0.9801960588196068,0.0,-0.9801960588196068,0.9801960588196068,0.0,0.0,0.0
CDMS-11-5A-EAARCA,0.0,1.4379926825776932,0.0,0.0,-0.3330234878359508,-0.8957823620881873,-0.3330234878359508,0.0,0.2893733020851349,-0.33302348783595115,-1.1939537277150007,-0.48790610459884876,0.21379867634667504,0.21379867634667526,0.0
CDMS-11-5A-MGTHAR,0.0,2.277650083792254,0.0,0.0,-0.37990244071970625,-0.8097898653430182,-0.37990244071970625,-0.17586311452816475,-0.3006819222867064,-0.40218295286022393,-1.688878593876832,-1.2507399390132958,-0.9784085462715296,-0.5457217000503893,-0.33013762455439355
CDMS-11-6A-DFVEBE,0.0,2.305992364824163,0.0,0.0,-0.42354655255943036,-0.8166921161895103,-0.42354655255943036,-0.25264557631995566,0.03943615033625481,-0.4803844614152615,-1.7692740541226615,-1.271285584286734,-0.1232185974083553,0.07949753726885471,-0.4686168324984671
CDMS-11-6A-NMREPR,0.0,0.9801960588196068,0.0,0.0,0.0,-0.9801960588196068,0.0,0.0,0.9801960588196068,0.0,-0.9801960588196068,0.9801960588196068,0.0,0.0,0.0
CDMS-11-6B-ARAHE,0.0,1.8957893063357791,0.0,0.0,-0.25264557631995566,-0.786333650994934,-0.25264557631995566,0.0,-0.6612416337794929,-0.25264557631995593,-1.407711396610395,-1.0251385715643964,-0.8633970960424555,-0.8633970960424548,0.0
CDMS-11-6B-AVROTO,0.0,0.9801960588196068,0.0,0.0,0.0,-0.9801960588196068,0.0,0.0,0.9801960588196068,0.0,-0.9801960588196068,0.9801960588196068,0.0,0.0,0.0
CDMS-11-6B-EAFESA,0.0,2.423721679183867,0.0,0.0,-0.3153416098154076,-0.7293640512124525,-0.3153416098154076,-0.17586311452816475,-1.2018132889789745,-0.3452123767791896,-1.7618293718112743,-1.42745950257418,-0.9063081187250717,-1.0279876202908875,-0.31228895147200014
CDMS-11-6B-EFRGR,0.0,1.437992682577693,0.0,0.0,-0.12632278815997783,-0.8832648549072704,-0.12632278815997783,0.0,0.15947721252005698,-0.12632278815997797,-1.1939537277150007,-0.022471256372394777,-0.43169854802122776,-0.4316985480212274,0.0
CDMS-11-6B-EROCO,0.0,2.5038550788849068,0.0,0.0,-0.3144854510165755,-0.6834296476214932,-0.3144854510165755,0.0,-1.5162850110068706,-0.31448545101657577,-1.5528841111615748,-1.3610596776174753,-1.4430751791844465,-1.4750704009771485,-0.14285714285714288
CDMS-11-6B-JACUPE,0.0,1.571428571428571,0.0,0.0,-0.6236095644623236,0.13018891098082383,-0.6236095644623236,-0.33333333333333337,-1.4673209311081783,-0.6726022302119343,-1.3722184106296906,-1.1234485195210595,-1.480144412549532,-1.6900428658049713,2.2702670268684826
CDMS-11-6B-JDCHBA,0.0,1.085876651527848,0.0,0.0,-0.4714045207910317,-0.9792718120885829,-0.4714045207910317,-0.29488391230979427,0.2615258298058729,-0.536417959573935,-1.0081599044945035,-0.18345454831723934,-0.45883146774112343,-0.4867842104163508,-0.5436258932701483
CDMS-11-6B-JFSAHE,0.0,1.8957893063357791,0.0,0.0,-0.25264557631995566,-0.786333650994934,-0.25264557631995566,0.0,-0.6612416337794929,-0.25264557631995593,-1.407711396610395,-1.0251385715643964,-0.8633970960424555,-0.8633970960424548,0.0
CDMS-11-6B-JLPENA,0.0,0.9801960588196068,0.0,0.0,0.0,-0.9801960588196068,0.0,0.0,0.9801960588196068,0.0,-0.9801960588196068,0.9801960588196068,0.0,0.0,0.0
CDMS-11-6B-JMARME,0.0,3.060963408549192,0.0,0.0,-0.3144854510165755,-0.6722698125715398,-0.3144854510165755,-0.07142857142857144,-1.7979238043956078,-0.31448545101657555,-1.9426867954048828,-1.633443066668278,-1.7642980594942816,-1.8104096511368684,-0.13847681808720547
CDMS-11-6B-JPSAMA,0.0,1.437992682577693,0.0,0.0,-0.12632278815997783,-0.8832648549072704,-0.12632278815997783,0.0,0.15947721252005698,-0.12632278815997797,-1.1939537277150007,-0.022471256372394777,-0.43169854802122776,-0.4316985480212274,0.0
CDMS-11-6B-LESTA,0.0,2.6353595063385047,0.0,0.0,-0.3330234878359508,-0.7218886238660629,-0.3330234878359508,-0.08793155726408237,-1.3562670382188269,-0.34678796893008657,-1.7584198138898137,-1.4730907950924772,-1.1813303646258837,-1.2773226394280224,-0.17541014687919554
CDMS-11-6B-MAGIMU,0.0,2.5038550788849068,0.0,0.0,-0.3330234878359508,-0.692382983955492,-0.3330234878359508,0.0,-1.5162850110068706,-0.33302348783595115,-1.5528841111615748,-1.3610596776174753,-1.4430751791844465,-1.4750704009771485,-0.14285714285714288
CDMS-11-6B-MEBRTA,0.0,1.191557244236089,0.0,0.0,-0.4714045207910317,-0.9783475653575591,-0.4714045207910317,-0.29488391230979427,1.6207846881005958,-0.536417959573935,-1.0361237501694003,-0.5518370222404558,2.5235730725761796,2.2825132541930553,-0.5436258932701483
CDMS-11-6B-MMAMO,0.0,0.9801960588196073,0.0,0.0,-0.3515615246553262,-1.0052310731814404,-0.3515615246553262,0.0,1.2399882379497627,-0.35156152465532653,-0.9801960588196067,0.04932636236669884,1.2909944487358056,1.2909944487358054,0.0
CDMS-11-6B-RSECA,0.0,0.9801960588196068,0.0,0.0,0.0,-0.9801960588196068,0.0,0.0,0.9801960588196068,0.0,-0.9801960588196068,0.9801960588196068,0.0,0.0,0.0
CDMS-11-6B-SCAPA,0.0,1.8957893063357791,0.0,0.0,-0.25264557631995566,-0.786333650994934,-0.25264557631995566,0.0,-0.6612416337794929,-0.25264557631995593,-1.407711396610395,-1.0251385715643964,-0.8633970960424555,-0.8633970960424548,0.0
CDMS-11-6B-VZAPE,0.0,1.3998156817044878,0.0,0.0,-0.2262848189276259,-0.9971477227148386,-0.2262848189276259,-0.10206207261596577,0.03962229432039638,-0.2416841222614159,-1.20980045748506,0.06272931445723734,-0.6467741736364929,-0.7233636747232408,1.3438422170185609
CDMS-11-6B-YLNIME,0.0,0.9801960588196068,0.0,0.0,0.0,-0.9801960588196068,0.0,0.0,0.9801960588196068,0.0,-0.9801960588196068,0.9801960588196068,0.0,0.0,0.0
CDMS-11-7C-ICARE,0.0,1.5091473601399394,0.0,0.0,-0.13717581529218362,-0.8552464010799141,-0.13717581529218362,-0.08793155726408237,0.10473288039971984,-0.15623014027457602,-1.2535831678739888,-0.15257629174250786,-0.25903266171980294,-0.29390205494855,-0.151323861514109
CDMS-11-7C-IMOIB,0.0,1.8957893063357791,0.0,0.0,-0.25264557631995566,-0.786333650994934,-0.25264557631995566,0.0,-0.6612416337794929,-0.25264557631995593,-1.407711396610395,-1.0251385715643964,-0.8633970960424555,-0.8633970960424548,0.0
CDMS-11-7C-SALMA,0.0,0.9801960588196073,0.0,0.0,-0.3515615246553262,-1.0052310731814404,-0.3515615246553262,0.0,1.2399882379497627,-0.35156152465532653,-0.9801960588196067,0.04932636236669884,1.2909944487358056,1.2909944487358054,0.0
CDMS-11-7C-SPGAVE,0.0,2.038098661460272,0.0,0.0,-0.3144854510165755,-0.7302967433402214,-0.3144854510165755,-0.17586311452816475,-0.04204551788887002,-0.31448545101657577,-1.520938201258747,-0.9909500401039306,0.057831493196624076,0.021378999081972275,-0.302647723028218
CDMS-12-5A-SRIGO,0.0,0.9801960588196073,0.0,0.0,-0.3515615246553262,-1.0052310731814404,-0.3515615246553262,0.0,1.2399882379497627,-0.35156152465532653,-0.9801960588196067,0.04932636236669884,1.2909944487358056,1.2909944487358054,0.0
CDMS-12-6A-JGIGA,0.0,1.8957893063357791,0.0,0.0,-0.25264557631995566,-0.786333650994934,-0.25264557631995566,0.0,-0.6612416337794929,-0.25264557631995593,-1.407711396610395,-1.0251385715643964,-0.8633970960424555,-0.8633970960424548,0.0
CDMS-12-6A-SROAL,0.0,1.437992682577693,0.0,0.0,-0.12632278815997783,-0.8832648549072704,-0.12632278815997783,0.0,0.15947721252005698,-0.12632278815997797,-1.1939537277150007,-0.022471256372394777,-0.43169854802122776,-0.4316985480212274,0.0
CDMS-12-6B-IJDAGA,0.0,2.1227344331797102,0.0,0.0,-0.29441854080047136,-1.013848311650337,-0.29441854080047136,0.0,-0.04204551788887002,-0.31347286578286393,-1.520938201258747,-0.9909500401039306,0.028915746598312038,0.010689499540986138,-0.14285714285714288
CDMS-12-6B-SCLAG,0.0,1.8957893063357791,0.0,0.0,-0.25264557631995566,-0.786333650994934,-0.25264557631995566,0.0,-0.6612416337794929,-0.25264557631995593,-1.407711396610395,-1.0251385715643964,-0.8633970960424555,-0.8633970960424548,0.0
CDMS-12-7C-CATRAR,0.0,2.199822192610343,0.0,0.0,-0.28356551366826555,-0.7348816493082135,-0.28356551366826555,0.0,-1.0887633223931816,-0.2835655136682659,-1.480297753885985,-1.193099124590936,-1.153236137613451,-1.1692337485098017,-0.07142857142857144
CDMS-12-7C-DLOLO,0.0,0.9801960588196073,0.0,0.0,-0.3515615246553262,-1.0052310731814404,-0.3515615246553262,0.0,1.2399882379497627,-0.35156152465532653,-0.9801960588196067,0.04932636236669884,1.2909944487358056,1.2909944487358054,0.0
CDMS-12-7C-JSZAOR,0.0,0.9801960588196068,0.0,0.0,0.0,-0.9801960588196068,0.0,0.0,0.9801960588196068,0.0,-0.9801960588196068,0.9801960588196068,0.0,0.0,0.0
CDMS-12-7C-MAROBE,0.0,1.7459554706770455,0.0,0.0,-0.4034732923929645,-0.891148371601353,-0.4034732923929645,-0.17586311452816475,-0.9829794734892129,-0.4264014327112208,-1.3810687210594865,-0.931909515182854,-0.6622661785325219,-0.7342555241112946,-0.33834506919300483
CDMS-12-7C-VMAPA,0.0,1.8957893063357791,0.0,0.0,-0.3144854510165755,-0.786333650994934,-0.3144854510165755,0.0,-0.900951470178814,-0.31448545101657577,-1.4394048561505135,-1.0251385715643964,-1.2935483472729858,-1.4467273494464816,-0.14285714285714288
CDMS-12-7C-VQURA,0.0,0.9801960588196068,0.0,0.0,0.0,-0.9801960588196068,0.0,0.0,0.9801960588196068,0.0,-0.9801960588196068,0.9801960588196068,0.0,0.0,0.0
CDMS-13-6B-ASUMO,0.0,2.8009774559992486,0.0,0.0,-0.3330234878359508,-0.692382983955492,-0.3330234878359508,0.0,-1.7156669127628454,-0.33302348783595115,-1.6586562881766516,-1.468244896371333,-1.6310082601613374,-1.6977355367305909,-0.12168046219153206
CDMS-13-6B-JDTAHE,0.0,0.9801960588196068,0.0,0.0,0.0,-0.9801960588196068,0.0,0.0,0.9801960588196068,0.0,-0.9801960588196068,0.9801960588196068,0.0,0.0,0.0
CDMS-13-7C-MVEAR,0.0,0.9801960588196073,0.0,0.0,-0.3515615246553262,-1.0052310731814404,-0.3515615246553262,0.0,1.2399882379497627,-0.35156152465532653,-0.9801960588196067,0.04932636236669884,1.2909944487358056,1.2909944487358054,0.0
CDMS-13-7C-RAIZAC,0.0,1.8957893063357791,0.0,0.0,-0.25264557631995566,-0.786333650994934,-0.25264557631995566,0.0,-0.6612416337794929,-0.25264557631995593,-1.407711396610395,-1.0251385715643964,-0.8633970960424555,-0.8633970960424548,0.0
CDMS-13-7C-SSOSLO,0.0,2.051579755617464,0.0,0.0,-0.28356551366826555,-0.9169171077380005,-0.28356551366826555,0.0,-0.35164357583418143,-0.2835655136682659,-1.464324798934571,-1.0080443058341635,-0.4027828014229157,-0.4210090484802413,-0.07142857142857144
CDMS-14-10A-IMORTO,0.0,0.9349381536750858,0.0,0.0,-0.2262848189276259,-0.9992173219019757,-0.2262848189276259,-0.05025189076296061,1.1446076230993474,-0.22781054041280488,-0.8773963640305451,0.3710045964917254,0.7116904339365939,0.6908492797077576,-0.12632278815997783
CDMS-14-10A-JCVANI,0.0,1.437992682577693,0.0,0.0,-0.12632278815997783,-0.8832648549072704,-0.12632278815997783,0.0,0.15947721252005698,-0.12632278815997797,-1.1939537277150007,-0.022471256372394777,-0.43169854802122776,-0.4316985480212274,0.0
CDMS-14-5A-LSDUCO,0.0,1.7420255688522568,0.0,0.0,-0.15724272550828775,-0.83181285322055,-0.15724272550828775,0.0,-0.2680444760936319,-0.15724272550828788,-1.2665400849905908,-0.19043180939893423,-0.7215375895922232,-0.7375352004885742,-0.07142857142857144
CDMS-14-6B-KDCAHE,0.0,1.437992682577693,0.0,0.0,-0.12632278815997783,-0.8832648549072704,-0.12632278815997783,0.0,0.15947721252005698,-0.12632278815997797,-1.1939537277150007,-0.022471256372394777,-0.43169854802122776,-0.4316985480212274,0.0
CDMS-15-10A-AMALOS,0.0,0.9801960588196073,0.0,0.0,-0.25264557631995566,-0.9801960588196068,-0.25264557631995566,0.0,0.9801960588196068,-0.25264557631995593,-0.9801960588196068,0.04932636236669884,0.0,0.0,0.0
CDMS-15-10A-JJMACH,0.0,2.199822192610343,0.0,0.0,-0.28356551366826555,-0.7438349856422124,-0.28356551366826555,0.0,-1.0887633223931816,-0.2835655136682659,-1.480297753885985,-1.193099124590936,-1.153236137613451,-1.1692337485098017,-0.05025189076296061
CDMS-15-10A-MAALRI,0.0,2.2073702048991484,0.0,0.0,-0.3144854510165755,-1.0475005644810669,-0.3144854510165755,0.0,-0.04204551788887002,-0.31448545101657577,-1.520938201258747,-0.9909500401039306,0.057831493196624076,0.021378999081972275,-0.14285714285714288
CDMS-15-10A-SGOMO,0.0,1.8957893063357791,0.0,0.0,-0.25264557631995566,-0.786333650994934,-0.25264557631995566,0.0,-0.6612416337794929,-0.25264557631995593,-1.407711396610395,-1.0251385715643964,-0.8633970960424555,-0.8633970960424548,0.0
CDMS-15-10A-SHEGA,0.0,0.9801960588196068,0.0,0.0,0.0,-0.9801960588196068,0.0,0.0,0.9801960588196068,0.0,-0.9801960588196068,0.9801960588196068,0.0,0.0,0.0
CDMS-15-11B-JEMOLO,0.0,0.9801960588196068,0.0,0.0,0.0,-0.786333650994934,0.0,0.0,0.0,0.0,-0.9801960588196068,0.0,-0.43169854802122776,-0.4316985480212274,0.0
CDMS-15-11B-VSAHO,0.0,1.1849379695306275,0.0,0.0,-0.5254391921734864,-0.9529586819999716,-0.5254391921734864,-0.32322271848256023,1.6391172061276773,-0.6035157026483677,-1.0315848017312836,-0.5458747889165969,1.1029726012097616,1.1629391532021396,-0.5817773292758808
CDMS-16-10A-SGALO,0.0,0.9801960588196068,0.0,0.0,0.0,-0.9801960588196068,0.0,0.0,0.9801960588196068,0.0,-0.9801960588196068,0.9801960588196068,0.0,0.0,0.0
CDMS-16-11B-NGABE,0.0,0.9801960588196073,0.0,0.0,-0.3515615246553262,-1.0052310731814404,-0.3515615246553262,0.0,1.2399882379497627,-0.35156152465532653,-0.9801960588196067,0.04932636236669884,1.2909944487358056,1.2909944487358054,0.0
CDMS-18-7C-VVECA,0.0,2.051579755617464,0.0,0.0,-0.28356551366826555,-1.013848311650337,-0.28356551366826555,0.0,-0.04204551788887002,-0.2835655136682659,-1.464324798934571,-0.9909500401039306,0.028915746598312038,0.010689499540986138,-0.07142857142857144
CDMS-8-4A-DJAVDA,0.0,0.9801960588196068,0.0,0.0,0.0,-0.9801960588196068,0.0,0.0,0.9801960588196068,0.0,-0.9801960588196068,0.9801960588196068,0.0,0.0,0.0
CDMS-8-4A-DOSTR,0.0,1.38149290783233,0.0,0.0,-0.5475070426266777,-1.075023882092487,-0.5475070426266777,-0.3141086228215638,1.7254070819885436,-0.6045100948929347,-1.2041710803995453,-0.5880614943283895,1.3623257079638609,1.4173658843736328,-0.5661961427720881
CDMS-8-4A-LGOPA,0.0,1.7459554706770455,0.0,0.0,-0.4034732923929645,-0.891148371601353,-0.4034732923929645,-0.17586311452816475,0.2612983410540945,-0.4264014327112208,-1.3810687210594865,-0.931909515182854,-0.6622661785325219,-0.0946601198331632,-0.33834506919300483
CDMS-8-4C-JDBUTU,0.0,0.9801960588196073,0.0,0.0,-0.3515615246553262,-1.0052310731814404,-0.3515615246553262,0.0,1.2399882379497627,-0.35156152465532653,-0.9801960588196067,0.04932636236669884,1.2909944487358056,1.2909944487358054,0.0
CDMS-9-4A-ACDUTR,0.0,0.9801960588196068,0.0,0.0,0.0,-0.9801960588196068,0.0,0.0,0.9801960588196068,0.0,-0.9801960588196068,0.9801960588196068,0.0,0.0,0.0
CDMS-9-4A-CARGA,0.0,1.178318694825166,0.0,0.0,-0.5794738635559413,-0.9275697986423841,-0.5794738635559413,-0.3515615246553262,1.6574497241547588,-0.6706134457228003,-1.0270458532931668,-0.539912555592738,0.8294507991961523,1.1652075244402471,-0.6199287652816132
CDMS-9-4A-CRAAG,0.0,2.277650083792254,0.0,0.0,-0.37990244071970625,-0.8097898653430182,-0.37990244071970625,-0.17586311452816475,-0.3006819222867064,-0.40218295286022393,-1.688878593876832,-1.2507399390132958,-0.3161423677390077,-0.22592399791132367,-0.33013762455439355
CDMS-9-4A-EROHI,0.0,1.8957893063357791,0.0,0.0,-0.4034732923929645,-0.786333650994934,-0.4034732923929645,-0.14285714285714288,-0.4074074074074077,-0.41558138688564894,-1.407711396610395,-1.0251385715643964,0.14592836972877926,-0.04523685647848647,-0.26231118312755486
CDMS-9-4A-ILOSE,0.0,0.9801960588196068,0.0,0.0,0.0,-0.9801960588196068,0.0,0.0,0.9801960588196068,0.0,-0.9801960588196068,0.9801960588196068,0.0,0.0,0.0
CDMS-9-4A-TGAFR,0.0,1.8957893063357791,0.0,0.0,-0.25264557631995566,-0.786333650994934,-0.25264557631995566,0.0,-0.6612416337794929,-0.25264557631995593,-1.407711396610395,-1.0251385715643964,-0.8633970960424555,-0.8633970960424548,0.0
CDMS-9-4C-SCAMO,0.0,1.8957893063357791,0.0,0.0,-0.25264557631995566,-0.786333650994934,-0.25264557631995566,0.0,-0.6612416337794929,-0.25264557631995593,-1.407711396610395,-1.0251385715643964,-0.8633970960424555,-0.8633970960424548,0.0
CDMS-9-5A-PAGACO,0.0,0.980196058819607,0.0,0.0,-0.12632278815997783,-0.9801960588196068,-0.12632278815997783,0.0,0.9801960588196068,-0.12632278815997797,-0.9801960588196068,0.5147612105931528,0.0,0.0,0.0
CDMS-9-5A-VVAAR,0.0,1.437992682577693,0.0,0.0,-0.12632278815997783,-0.8832648549072704,-0.12632278815997783,0.0,0.15947721252005698,-0.12632278815997797,-1.1939537277150007,-0.022471256372394777,-0.43169854802122776,-0.4316985480212274,0.0
CDMS-9-5C-JDMADE,0.0,1.2653138175228906,0.0,0.0,-0.25779002347362406,-0.8620933338032093,-0.25779002347362406,-0.10206207261596577,0.25229896399395024,-0.2638224265055432,-1.1436036031899832,0.028015770227783954,0.031002059983091728,-0.04376368753845526,-0.1930762845520642
CDMS-9-5C-LVIZAC,0.0,0.9801960588196068,0.0,0.0,0.0,-0.9801960588196068,0.0,0.0,0.9801960588196068,0.0,-0.9801960588196068,0.9801960588196068,0.0,0.0,0.0
CDMS-9-5C-MLOGO,0.0,1.9669439838980256,0.0,0.0,-0.2634986034521615,-0.7583151971675777,-0.2634986034521615,0.0,-0.71598596589983,-0.282552928434554,-1.4673408367693828,-1.1552436069345093,-0.8633970960424555,-0.8633970960424548,-0.07142857142857144
CDMS-9-5C-SCAAG,0.0,1.8957893063357791,0.0,0.0,-0.25264557631995566,-0.8166921161895103,-0.25264557631995566,0.0,-0.6612416337794929,-0.25264557631995593,-1.407711396610395,-1.0251385715643964,-0.1232185974083553,-0.29714054116226596,0.0
CDMS-XX-5C-MPCAQU,0.0,1.8957893063357791,0.0,0.0,-0.25264557631995566,-0.786333650994934,-0.25264557631995566,0.0,-0.6612416337794929,-0.25264557631995593,-1.407711396610395,-1.0251385715643964,-0.8633970960424555,-0.8633970960424548,0.0
CDMS-XX-6A-MAGICA,0.0,1.437992682577693,0.0,0.0,-0.12632278815997783,-0.8832648549072704,-0.12632278815997783,0.0,0.15947721252005698,-0.12632278815997797,-1.1939537277150007,-0.022471256372394777,-0.43169854802122776,-0.4316985480212274,0.0
CDMS-XX-6B-SPUCA,0.0,0.9349381536750858,0.0,0.0,-0.4525696378552518,-1.0117348290828925,-0.4525696378552518,-0.10050378152592122,1.3090191873790882,-0.45562108082560976,-0.8773963640305451,-0.23818686583615603,1.4233808678731878,1.3816985594155151,-0.25264557631995566
CSO-10-4A-ICAPA,0.0,0.980196058819607,0.0,0.0,-0.1757807623276631,-0.9927135660005236,-0.1757807623276631,0.0,1.1100921483846848,-0.17578076232766326,-0.9801960588196068,0.5147612105931528,0.6454972243679028,0.6454972243679027,0.0
CSO-10-4A-KCOMO,0.0,1.4379926825776932,0.0,0.0,-0.25264557631995566,-0.8832648549072704,-0.25264557631995566,0.0,0.15947721252005698,-0.25264557631995593,-1.1939537277150007,-0.48790610459884876,-0.43169854802122776,-0.4316985480212274,0.0
CSO-10-4A-LRAVI,0.0,2.038098661460272,0.0,0.0,-0.27435163058436723,-0.9801960588196068,-0.27435163058436723,0.0,-0.04204551788887002,-0.31246028054915204,-1.520938201258747,-0.9909500401039306,0.0,0.0,-0.14285714285714288
CSO-10-4A-LSCAVA,0.0,0.9801960588196068,0.0,0.0,0.0,-0.9801960588196068,0.0,0.0,0.9801960588196068,0.0,-0.9801960588196068,0.9801960588196068,0.0,0.0,0.0
CSO-10-5A-ACAVA,0.0,1.8957893063357791,0.0,0.0,-0.3144854510165755,-0.786333650994934,-0.3144854510165755,0.0,-0.6612416337794929,-0.31448545101657577,-1.407711396610395,-1.0251385715643964,-0.8633970960424555,-0.8633970960424548,0.0
CSO-10-5A-ARACA,0.0,1.5937831318593776,0.0,0.0,-0.15724272550828775,-1.013848311650337,-0.15724272550828775,0.0,0.4690752704653684,-0.15724272550828788,-1.250567130039177,-0.005376990642161905,0.028915746598312038,0.010689499540986138,-0.07142857142857144
CSO-10-5A-DABRZA,0.0,1.5937831318593776,0.0,0.0,-0.15724272550828775,-1.013848311650337,-0.15724272550828775,0.0,0.4690752704653684,-0.15724272550828788,-1.250567130039177,-0.005376990642161905,0.028915746598312038,0.010689499540986138,-0.07142857142857144
CSO-10-5A-GZAMA,0.0,1.8957893063357791,0.0,0.0,-0.25264557631995566,-0.8832648549072704,-0.25264557631995566,0.0,-0.35164357583418143,-0.25264557631995593,-1.407711396610395,-1.0080443058341635,-0.43169854802122776,-0.4316985480212274,0.0
CSO-10-5A-JANORO,0.0,0.9801960588196068,0.0,0.0,0.0,-0.9801960588196068,0.0,0.0,0.9801960588196068,0.0,-0.9801960588196068,0.9801960588196068,0.0,0.0,0.0
CSO-10-5A-JBUVE,0.0,0.9801960588196068,0.0,0.0,0.0,-0.9801960588196068,0.0,0.0,0.9801960588196068,0.0,-0.9801960588196068,0.9801960588196068,0.0,0.0,0.0
CSO-10-5A-JJSEMO,0.0,1.9766628377880968,0.0,0.0,-0.35897937170477,-0.9356722152104799,-0.35897937170477,-0.07142857142857144,-0.5125124956890414,-0.36503341895111235,-1.4510034611591167,-0.9614297776433923,-0.33113308926626095,-0.3671277620556473,-0.20258416299234888
CSO-10-5A-JLCARI,0.0,1.9669439838980256,0.0,0.0,-0.2634986034521615,-0.7583151971675777,-0.2634986034521615,0.0,-0.71598596589983,-0.282552928434554,-1.4673408367693828,-1.1552436069345093,-0.6907312097410307,-0.7256006029697775,-0.07142857142857144
CSO-10-5A-MAARAN,0.0,2.5038550788849068,0.0,0.0,-0.3144854510165755,-0.7013363202894909,-0.3144854510165755,0.0,-1.5162850110068706,-0.31448545101657577,-1.5528841111615748,-1.3610596776174753,-1.4430751791844465,-1.4750704009771485,-0.14285714285714288
CSO-10-5A-MAOSMO,0.0,0.9801960588196068,0.0,0.0,0.0,-0.9801960588196068,0.0,0.0,0.9801960588196068,0.0,-0.9801960588196068,0.9801960588196068,0.0,0.0,0.0
CSO-10-5A-RVMOIB,0.0,1.437992682577693,0.0,0.0,-0.12632278815997783,-0.8832648549072704,-0.12632278815997783,0.0,0.15947721252005698,-0.12632278815997797,-1.1939537277150007,-0.022471256372394777,-0.43169854802122776,-0.4316985480212274,0.0
CSO-10-5A-SVHEES,0.0,0.9801960588196068,0.0,0.0,0.0,-0.9801960588196068,0.0,0.0,0.9801960588196068,0.0,-0.9801960588196068,0.9801960588196068,0.0,0.0,0.0
CSO-11-5A-MDVOSPE,0.0,1.8957893063357791,0.0,0.0,-0.25264557631995566,-0.786333650994934,-0.25264557631995566,0.0,-0.6612416337794929,-0.25264557631995593,-1.407711396610395,-1.0251385715643964,-0.8633970960424555,-0.8633970960424548,0.0
CSO-11-5A-MTAGA,0.0,0.9801960588196068,0.0,0.0,-0.25264557631995566,-0.9801960588196068,-0.25264557631995566,0.0,0.9801960588196068,-0.25264557631995593,-0.9801960588196068,-0.23818686583615603,0.0,0.0,0.0
CSO-11-6A-CAPAMU,0.0,0.9801960588196068,0.0,0.0,0.0,-0.9801960588196068,0.0,0.0,0.9801960588196068,0.0,-0.9801960588196068,0.9801960588196068,0.0,0.0,0.0
CSO-11-6A-DSCACH,0.0,1.9669439838980256,0.0,0.0,-0.2634986034521615,-0.7583151971675777,-0.2634986034521615,-0.08793155726408237,-0.71598596589983,-0.282552928434554,-1.4673408367693828,-1.1552436069345093,-0.6907312097410307,-0.7256006029697775,-0.151323861514109
CSO-11-6A-EROMO,0.0,0.9801960588196068,0.0,0.0,0.0,-0.9801960588196068,0.0,0.0,0.9801960588196068,0.0,-0.9801960588196068,0.9801960588196068,0.0,0.0,0.0
CSO-11-6A-FSOVRE,0.0,1.8957893063357791,0.0,0.0,-0.25264557631995566,-0.786333650994934,-0.25264557631995566,0.0,-0.6612416337794929,-0.25264557631995593,-1.407711396610395,-1.0251385715643964,-0.8633970960424555,-0.8633970960424548,0.0
CSO-11-6B-ANREVA,0.0,1.8957893063357791,0.0,0.0,-0.25264557631995566,-0.786333650994934,-0.25264557631995566,0.0,-0.6612416337794929,-0.25264557631995593,-1.407711396610395,-1.0251385715643964,-0.8633970960424555,-0.8633970960424548,0.0
CSO-11-6B-DISEMO,0.0,1.8957893063357791,0.0,0.0,-0.25264557631995566,-0.786333650994934,-0.25264557631995566,0.0,-0.6612416337794929,-0.25264557631995593,-1.407711396610395,-1.0251385715643964,-0.8633970960424555,-0.8633970960424548,0.0
CSO-11-6B-LHFDLACH,0.0,2.038098661460272,0.0,0.0,-0.3144854510165755,-0.786333650994934,-0.3144854510165755,0.0,-0.4755981308317063,-0.31448545101657577,-1.520938201258747,-0.9909500401039306,0.057831493196624076,-0.08752737507691052,-0.14285714285714288
CSO-11-6B-RJGIHE,0.0,0.9801960588196068,0.0,0.0,0.0,-0.9801960588196068,0.0,0.0,0.9801960588196068,0.0,-0.9801960588196068,0.9801960588196068,0.0,0.0,0.0
CSO-11-6B-SFLVA,0.0,0.9801960588196073,0.0,0.0,-0.3515615246553262,-1.0052310731814404,-0.3515615246553262,0.0,1.2399882379497627,-0.35156152465532653,-0.9801960588196067,0.04932636236669884,1.2909944487358056,1.2909944487358054,0.0
CSO-11-6B-VCOMA,0.0,3.09809983311359,0.0,0.0,-0.3515615246553262,-0.7013363202894909,-0.3515615246553262,0.0,-1.9150488145188203,-0.35156152465532653,-1.7644284651917281,-1.5754301151251906,-1.8189413411382283,-1.9204006724840332,-0.10050378152592122
CSO-12-6A-DGISE,0.0,0.9801960588196068,0.0,0.0,0.0,-0.9801960588196068,0.0,0.0,0.9801960588196068,0.0,-0.9801960588196068,0.9801960588196068,0.0,0.0,0.0
CSO-12-6A-FJOVRE,0.0,2.4451776731001096,0.0,0.0,-0.43643578047198484,-0.7428041493700419,-0.43643578047198484,-0.14285714285714288,-0.4074074074074077,-0.41558138688564894,-1.9046344059815448,-1.5299494136054526,0.14592836972877926,-0.04523685647848647,-0.26231118312755486
CSO-12-6B-GQULO,0.0,2.5038550788849068,0.0,0.0,-0.3144854510165755,-0.6834296476214932,-0.3144854510165755,0.0,-1.5162850110068706,-0.31448545101657577,-1.5528841111615748,-1.3610596776174753,-1.4430751791844465,-1.4750704009771485,-0.14285714285714288
CSO-12-6B-LJHEFE,0.0,2.038098661460272,0.0,0.0,-0.27435163058436723,-0.7302967433402214,-0.27435163058436723,-0.08793155726408237,-0.7707302980201671,-0.31246028054915204,-1.5269702769283708,-1.2853486423046225,-0.6907312097410307,-0.7256006029697775,-0.22275243294268043
CSO-12-6B-VPAMA,0.0,2.2073702048991484,0.0,0.0,-0.3144854510165755,-1.0052310731814404,-0.3144854510165755,0.0,-0.04204551788887002,-0.31448545101657577,-1.520938201258747,-0.9909500401039306,0.057831493196624076,0.021378999081972275,-0.14285714285714288
CSO-12-7A-ESALA,0.0,0.9801960588196073,0.0,0.0,-0.25264557631995566,-0.9801960588196068,-0.25264557631995566,0.0,0.9801960588196068,-0.25264557631995593,-0.9801960588196068,0.04932636236669884,0.0,0.0,0.0
CSO-12-7A-IMERO,0.0,0.9801960588196068,0.0,0.0,0.0,-0.9801960588196068,0.0,0.0,0.9801960588196068,0.0,-0.9801960588196068,0.9801960588196068,0.0,0.0,0.0
CSO-12-7A-JHEZA,0.0,2.2073702048991484,0.0,0.0,-0.3144854510165755,-1.0475005644810669,-0.3144854510165755,0.0,-0.04204551788887002,-0.31448545101657577,-1.520938201258747,-0.9909500401039306,0.057831493196624076,0.021378999081972275,-0.14285714285714288
CSO-12-7A-LSARAR,0.0,0.9801960588196073,0.0,0.0,-0.3515615246553262,-1.0052310731814404,-0.3515615246553262,0.0,1.2399882379497627,-0.35156152465532653,-0.9801960588196067,0.04932636236669884,1.2909944487358056,1.2909944487358054,0.0
CSO-12-7A-SCAHO,0.0,0.9801960588196068,0.0,0.0,0.0,-0.9801960588196068,0.0,0.0,0.9801960588196068,0.0,-0.9801960588196068,0.9801960588196068,0.0,0.0,0.0
CSO-12-7B-DVAGRO,0.0,1.64819352345161,0.0,0.0,-0.4280214651241081,-0.9481897223913966,-0.4280214651241081,-0.18999362988004814,-0.28244080492921797,-0.4548848386170263,-1.3440399343099232,-0.8894509741345855,-0.48038866779775924,-0.34228760422256566,-0.3622488191485666
CSO-12-7B-SMUGU,0.0,1.437992682577693,0.0,0.0,-0.12632278815997783,-0.9801960588196068,-0.12632278815997783,0.0,0.4690752704653684,-0.12632278815997797,-1.1939537277150007,-0.005376990642161905,0.0,0.0,0.0
CSO-12-7B-SSARA,0.0,0.9801960588196068,0.0,0.0,0.0,-0.9801960588196068,0.0,0.0,0.9801960588196068,0.0,-0.9801960588196068,0.9801960588196068,0.0,0.0,0.0
CSO-12-7B-VHOMA,0.0,0.9801960588196073,0.0,0.0,-0.3515615246553262,-1.0052310731814404,-0.3515615246553262,0.0,1.2399882379497627,-0.35156152465532653,-0.9801960588196067,0.04932636236669884,1.2909944487358056,1.2909944487358054,0.0
CSO-12-8A-YTOME,0.0,0.9801960588196068,0.0,0.0,-0.12632278815997783,-0.9801960588196068,-0.12632278815997783,0.0,0.9801960588196068,-0.12632278815997797,-0.9801960588196068,0.3710045964917254,0.0,0.0,0.0
CSO-13-6A-ANASA,0.0,2.051579755617464,0.0,0.0,-0.3144854510165755,-0.8832648549072704,-0.3144854510165755,0.0,-0.35164357583418143,-0.31448545101657577,-1.464324798934571,-1.0080443058341635,-0.43169854802122776,-0.4316985480212274,-0.14285714285714288
CSO-13-6B-JETAVE,0.0,0.9801960588196068,0.0,0.0,0.0,-0.9801960588196068,0.0,0.0,0.9801960588196068,0.0,-0.9801960588196068,0.9801960588196068,0.0,0.0,0.0
CSO-13-6B-LFMIES,0.0,1.5504315762261747,0.0,0.0,-0.4714045207910317,-1.0475005644810669,-0.4714045207910317,-0.20412414523193154,0.45694722374026725,-0.5079907656453765,-1.3070111475603596,-0.9241645183640389,1.0954061194025735,0.930232800236004,-0.3861525691041284
CSO-13-6B-LJMAHU,0.0,0.9349381536750858,0.0,0.0,-0.2262848189276259,-0.9992173219019757,-0.2262848189276259,-0.05025189076296061,1.1446076230993474,-0.22781054041280488,-0.8773963640305451,0.3710045964917254,0.7116904339365939,0.6908492797077576,-0.12632278815997783
CSO-13-7A-CAPAMU,0.0,0.9801960588196068,0.0,0.0,0.0,-0.9801960588196068,0.0,0.0,0.9801960588196068,0.0,-0.9801960588196068,0.9801960588196068,0.0,0.0,0.0
CSO-13-7A-CDDITR,0.0,1.8957893063357791,0.0,0.0,-0.25264557631995566,-0.786333650994934,-0.25264557631995566,0.0,-0.6612416337794929,-0.25264557631995593,-1.407711396610395,-1.0251385715643964,-0.8633970960424555,-0.8633970960424548,0.0
CSO-13-7A-JJATFL,0.0,1.8957893063357791,0.0,0.0,-0.25264557631995566,-0.786333650994934,-0.25264557631995566,0.0,-0.6612416337794929,-0.25264557631995593,-1.407711396610395,-1.0251385715643964,-0.8633970960424555,-0.8633970960424548,0.0
CSO-13-7A-KRAMA,0.0,3.309120397316535,0.0,0.0,-0.42354655255943036,-0.7718449849879598,-0.42354655255943036,-0.10050378152592122,-0.6407008045443298,-0.4396787718714282,-2.4627039245538143,-2.031047117937515,-0.8402280553790851,-0.6463051188661609,-0.2867717873691147
CSO-13-7A-RXCHLU,0.0,1.8208723885064124,0.0,0.0,-0.25264557631995566,-0.8387410112981435,-0.25264557631995566,0.0,-0.19997164636269918,-0.25264557631995593,-1.3943900588349407,-0.9785240433736252,-0.43169854802122776,-0.4316985480212274,0.0
CSO-13-7A-YAMEZA,0.0,1.6674289608153372,0.0,0.0,-0.44450270916361834,-0.8805213671771932,-0.44450270916361834,-0.12168046219153206,0.45080588998584026,-0.4356012338556293,-1.3396155376115142,-0.8840681397208043,0.7846546188009835,0.6682308514685144,-0.25747837972375526
CSO-13-7A-YBOSO,0.0,0.9801960588196068,0.0,0.0,0.0,-0.9801960588196068,0.0,0.0,0.9801960588196068,0.0,-0.9801960588196068,0.9801960588196068,0.0,0.0,0.0
CSO-13-8A-KIGAGU,0.0,1.437992682577693,0.0,0.0,-0.12632278815997783,-0.8832648549072704,-0.12632278815997783,0.0,0.15947721252005698,-0.12632278815997797,-1.1939537277150007,-0.022471256372394777,-0.43169854802122776,-0.4316985480212274,0.0
CSO-13-8A-MBUAN,0.0,0.9801960588196068,0.0,0.0,0.0,-0.9801960588196068,0.0,0.0,0.9801960588196068,0.0,-0.9801960588196068,0.9801960588196068,0.0,0.0,0.0
CSO-13-8A-MGAAN,0.0,0.9801960588196068,0.0,0.0,0.0,-0.9801960588196068,0.0,0.0,0.9801960588196068,0.0,-0.9801960588196068,0.9801960588196068,0.0,0.0,0.0
CSO-13-8A-MGAHE,0.0,0.9801960588196068,0.0,0.0,0.0,-0.9801960588196068,0.0,0.0,0.9801960588196068,0.0,-0.9801960588196068,0.9801960588196068,0.0,0.0,0.0
CSO-13-8A-MJAGA,0.0,2.5038550788849068,0.0,0.0,-0.3144854510165755,-0.6834296476214932,-0.3144854510165755,0.0,-1.5162850110068706,-0.31448545101657577,-1.5528841111615748,-1.3610596776174753,-1.4430751791844465,-1.4750704009771485,-0.14285714285714288
CSO-13-8A-VHODU,0.0,1.437992682577693,0.0,0.0,-0.12632278815997783,-0.8832648549072704,-0.12632278815997783,0.0,0.15947721252005698,-0.12632278815997797,-1.1939537277150007,-0.022471256372394777,-0.43169854802122776,-0.4316985480212274,0.0
CSO-13-8B-FCJISA,0.0,0.9801960588196068,0.0,0.0,0.0,-0.9801960588196068,0.0,0.0,0.9801960588196068,0.0,-0.9801960588196068,0.9801960588196068,0.0,0.0,0.0
CSO-13-8B-JEMABE,0.0,0.9801960588196068,0.0,0.0,0.0,-0.9801960588196068,0.0,0.0,0.9801960588196068,0.0,-0.9801960588196068,0.9801960588196068,0.0,0.0,0.0
CSO-13-9B-DMLLLU,0.0,1.437992682577693,0.0,0.0,-0.12632278815997783,-0.8832648549072704,-0.12632278815997783,0.0,0.15947721252005698,-0.12632278815997797,-1.1939537277150007,-0.022471256372394777,-0.43169854802122776,-0.4316985480212274,0.0
CSO-14-7A-MVEBE,0.0,0.9801960588196068,0.0,0.0,0.0,-0.9801960588196068,0.0,0.0,0.9801960588196068,0.0,-0.9801960588196068,0.9801960588196068,0.0,0.0,0.0
CSO-14-7B-EALHU,0.0,0.9801960588196073,0.0,0.0,-0.3515615246553262,-1.0052310731814404,-0.3515615246553262,0.0,1.2399882379497627,-0.35156152465532653,-0.9801960588196067,0.04932636236669884,1.2909944487358056,1.2909944487358054,0.0
CSO-14-7B-EVEGO,0.0,0.9801960588196073,0.0,0.0,-0.4034732923929645,-1.0052310731814404,-0.4034732923929645,-0.10050378152592122,1.2399882379497627,-0.4264014327112208,-0.9801960588196067,-0.23818686583615603,0.09311837453376003,0.7237468644557459,-0.25264557631995566
CSO-14-8A-MCIDOS,0.0,1.392734777433172,0.0,0.0,-0.35260760708760375,-0.11902566800168196,-0.35260760708760375,-0.05025189076296061,-1.02561554008586,-0.35413332857278285,-1.0911540329259393,-1.015835082952141,-1.0502706074240615,-1.056752658233008,-0.12632278815997783
CSO-14-8A-SZARA,0.0,0.9801960588196068,0.0,0.0,-0.4034732923929645,-0.9801960588196068,-0.4034732923929645,-0.10050378152592122,0.9801960588196068,-0.4264014327112208,-0.9801960588196068,-0.23818686583615603,0.6622661785325219,0.5449352844449682,-0.25264557631995566
CSO-14-8B-JLLORA,0.0,0.9801960588196073,0.0,0.0,-0.3515615246553262,-1.0052310731814404,-0.3515615246553262,0.0,1.2399882379497627,-0.35156152465532653,-0.9801960588196067,0.04932636236669884,1.2909944487358056,1.2909944487358054,0.0
CSO-14-9A-AEDCAGO,0.0,0.9801960588196068,0.0,0.0,0.0,-0.9801960588196068,0.0,0.0,0.9801960588196068,0.0,-0.9801960588196068,0.9801960588196068,0.0,0.0,0.0
CSO-14-9A-HASACA,0.0,0.0,0.0,0.0,-0.2262848189276259,0.03661260129691066,-0.2262848189276259,0.0,0.19327783587126693,-0.22628481892762578,0.0,0.1932778358712671,0.0,0.0,0.0
CSO-14-9A-JSMAAL,0.0,0.8896802485305647,0.0,0.0,-0.4525696378552518,-1.0182385849843445,-0.4525696378552518,-0.10050378152592122,1.3090191873790882,-0.45562108082560976,-0.7745966692414835,-0.23818686583615603,0.09311837453376003,0.7237468644557459,-0.25264557631995566
CSO-14-9A-MARJA,0.0,0.9801960588196068,0.0,0.0,0.0,-0.9801960588196068,0.0,0.0,0.9801960588196068,0.0,-0.9801960588196068,0.9801960588196068,0.0,0.0,0.0
CSO-14-9A-SORZU,0.0,0.9801960588196068,0.0,0.0,0.0,-0.9801960588196068,0.0,0.0,0.9801960588196068,0.0,-0.9801960588196068,0.9801960588196068,0.0,0.0,0.0
CSO-14-9B-ERAGA,0.0,1.8957893063357791,0.0,0.0,-0.25264557631995566,-0.786333650994934,-0.25264557631995566,0.0,-0.6612416337794929,-0.25264557631995593,-1.407711396610395,-1.0251385715643964,-0.8633970960424555,-0.8633970960424548,0.0
CSO-14-9B-MFEGA,0.0,0.9801960588196073,0.0,0.0,-0.3144854510165755,-1.0052310731814404,-0.3144854510165755,0.0,0.9801960588196068,-0.31448545101657577,-0.9801960588196068,0.04932636236669884,0.057831493196624076,0.021378999081972275,0.0
CSO-15-10A-LJRAGU,0.0,1.437992682577693,0.0,0.0,-0.12632278815997783,-0.8832648549072704,-0.12632278815997783,0.0,0.15947721252005698,-0.12632278815997797,-1.1939537277150007,-0.022471256372394777,-0.43169854802122776,-0.4316985480212274,0.0
CSO-15-10A-MAARLO,0.0,2.2073702048991484,0.0,0.0,-0.3144854510165755,-0.786333650994934,-0.3144854510165755,0.0,-0.6612416337794929,-0.31448545101657577,-1.520938201258747,-1.0251385715643964,-0.8633970960424555,-0.8633970960424548,-0.14285714285714288
CSO-15-10A-SFEGA,0.0,0.9801960588196068,0.0,0.0,0.0,-0.9801960588196068,0.0,0.0,0.9801960588196068,0.0,-0.9801960588196068,0.9801960588196068,0.0,0.0,0.0
CSO-15-10B-MEBUAR,0.0,1.8957893063357791,0.0,0.0,-0.25264557631995566,-0.786333650994934,-0.25264557631995566,0.0,-0.6612416337794929,-0.25264557631995593,-1.407711396610395,-1.0251385715643964,-0.8633970960424555,-0.8633970960424548,0.0
CSO-15-10B-YVBUAN,0.0,0.9801960588196068,0.0,0.0,0.0,-0.9801960588196068,0.0,0.0,0.9801960588196068,0.0,-0.9801960588196068,0.9801960588196068,0.0,0.0,0.0
CSO-15-10C-ALBAHO,0.0,0.9801960588196068,0.0,0.0,0.0,-0.9801960588196068,0.0,0.0,0.9801960588196068,0.0,-0.9801960588196068,0.9801960588196068,0.0,0.0,0.0
CSO-15-10C-SSCAMO,0.0,0.9801960588196068,0.0,0.0,-0.3144854510165755,-0.9801960588196068,-0.3144854510165755,0.0,0.9801960588196068,-0.31448545101657577,-0.9801960588196068,0.04932636236669884,0.0,0.0,0.0
CSO-15-11C-JETALO,0.0,0.980196058819607,0.0,0.0,-0.1757807623276631,-0.9927135660005236,-0.1757807623276631,0.0,1.1100921483846848,-0.17578076232766326,-0.9801960588196068,0.5147612105931528,0.6454972243679028,0.6454972243679027,0.0
CSO-15-7B-JCRAGA,0.0,1.8957893063357791,0.0,0.0,-0.25264557631995566,-0.786333650994934,-0.25264557631995566,0.0,-0.6612416337794929,-0.25264557631995593,-1.407711396610395,-1.0251385715643964,-0.8633970960424555,-0.8633970960424548,0.0
CSO-15-8A-VBMABR,0.0,1.437992682577693,0.0,0.0,-0.12632278815997783,-0.8832648549072704,-0.12632278815997783,0.0,0.15947721252005698,-0.12632278815997797,-1.1939537277150007,-0.022471256372394777,-0.43169854802122776,-0.4316985480212274,0.0
CSO-15-8B-KEPOGO,0.0,1.437992682577693,0.0,0.0,-0.12632278815997783,-0.8832648549072704,-0.12632278815997783,0.0,0.15947721252005698,-0.12632278815997797,-1.1939537277150007,-0.022471256372394777,-0.43169854802122776,-0.4316985480212274,0.0
CSO-15-9B-ALRIHE,0.0,0.980196058819607,0.0,0.0,-0.1757807623276631,-0.9927135660005236,-0.1757807623276631,0.0,1.1100921483846848,-0.17578076232766326,-0.9801960588196068,0.5147612105931528,0.6454972243679028,0.6454972243679027,0.0
CSO-15-9B-AMSAGO,0.0,1.5937831318593776,0.0,0.0,-0.15724272550828775,-1.013848311650337,-0.15724272550828775,0.0,0.4690752704653684,-0.15724272550828788,-1.250567130039177,-0.005376990642161905,0.028915746598312038,0.010689499540986138,-0.07142857142857144
CSO-15-9B-JCAPA,0.0,0.9801960588196068,0.0,0.0,0.0,-0.9801960588196068,0.0,0.0,0.9801960588196068,0.0,-0.9801960588196068,0.9801960588196068,0.0,0.0,0.0
CSO-15-9B-KSBEJA,0.0,0.9801960588196068,0.0,0.0,0.0,-0.9801960588196068,0.0,0.0,0.9801960588196068,0.0,-0.9801960588196068,0.9801960588196068,0.0,0.0,0.0
CSO-15-9B-RMCHLU,0.0,0.9801960588196068,0.0,0.0,0.0,-0.9801960588196068,0.0,0.0,0.9801960588196068,0.0,-0.9801960588196068,0.9801960588196068,0.0,0.0,0.0
CSO-15-9B-SJAGRO,0.0,2.5038550788849068,0.0,0.0,-0.3144854510165755,-0.6834296476214932,-0.3144854510165755,0.0,-1.5162850110068706,-0.31448545101657577,-1.5528841111615748,-1.3610596776174753,-1.4430751791844465,-1.4750704009771485,-0.14285714285714288
CSO-16-10A-JEGAHE,0.0,1.8957893063357791,0.0,0.0,-0.25264557631995566,-0.786333650994934,-0.25264557631995566,0.0,-0.6612416337794929,-0.25264557631995593,-1.407711396610395,-1.0251385715643964,-0.8633970960424555,-0.8633970960424548,0.0
CSO-16-10A-MSACO,0.0,0.9801960588196073,0.0,0.0,-0.3515615246553262,-0.9801960588196068,-0.3515615246553262,0.0,0.9801960588196068,-0.35156152465532653,-0.9801960588196068,0.04932636236669884,0.0,0.0,0.0
CSO-16-10A-SARI,0.0,2.2073702048991484,0.0,0.0,-0.3144854510165755,-1.0475005644810669,-0.3144854510165755,0.0,-0.04204551788887002,-0.31448545101657577,-1.520938201258747,-0.9909500401039306,0.057831493196624076,0.021378999081972275,-0.14285714285714288
CSO-16-10A-SMOUT,0.0,1.8957893063357791,0.0,0.0,-0.25264557631995566,-0.786333650994934,-0.25264557631995566,0.0,-0.6612416337794929,-0.25264557631995593,-1.407711396610395,-1.0251385715643964,-0.8633970960424555,-0.8633970960424548,0.0
CSO-16-10A-YKMUJO,0.0,2.2073702048991484,0.0,0.0,-0.3144854510165755,-1.0475005644810669,-0.3144854510165755,0.0,-0.04204551788887002,-0.31448545101657577,-1.520938201258747,-0.9909500401039306,0.057831493196624076,0.021378999081972275,-0.14285714285714288
CSO-16-10B-JESUGU,0.0,1.8957893063357791,0.0,0.0,-0.25264557631995566,-0.786333650994934,-0.25264557631995566,0.0,-0.6612416337794929,-0.25264557631995593,-1.407711396610395,-1.0251385715643964,-0.8633970960424555,-0.8633970960424548,0.0
CSO-16-10B-LTVIFA,0.0,1.437992682577693,0.0,0.0,-0.12632278815997783,-0.8832648549072704,-0.12632278815997783,0.0,0.15947721252005698,-0.12632278815997797,-1.1939537277150007,-0.022471256372394777,-0.43169854802122776,-0.4316985480212274,0.0
CSO-16-10B-VVILI,0.0,1.8957893063357791,0.0,0.0,-0.25264557631995566,-0.786333650994934,-0.25264557631995566,0.0,-0.6612416337794929,-0.25264557631995593,-1.407711396610395,-1.0251385715643964,-0.8633970960424555,-0.8633970960424548,0.0
CSO-16-10C-MAVAVE,0.0,0.9801960588196068,0.0,0.0,0.0,-0.9801960588196068,0.0,0.0,0.9801960588196068,0.0,-0.9801960588196068,0.9801960588196068,0.0,0.0,0.0
CSO-16-11A-JAVABO,0.0,0.9801960588196068,0.0,0.0,0.0,-0.9801960588196068,0.0,0.0,0.9801960588196068,0.0,-0.9801960588196068,0.9801960588196068,0.0,0.0,0.0
CSO-16-11A-JDMUVA,0.0,0.9801960588196073,0.0,0.0,-0.3515615246553262,-1.0052310731814404,-0.3515615246553262,0.0,1.2399882379497627,-0.35156152465532653,-0.9801960588196067,0.04932636236669884,1.2909944487358056,1.2909944487358054,0.0
CSO-16-11A-VZAOR,0.0,0.9801960588196073,0.0,0.0,-0.3515615246553262,-1.0052310731814404,-0.3515615246553262,0.0,1.2399882379497627,-0.35156152465532653,-0.9801960588196067,0.04932636236669884,1.2909944487358056,1.2909944487358054,0.0
CSO-16-11B-KRORE,0.0,1.5091473601399394,0.0,0.0,-0.13717581529218362,-0.9801960588196068,-0.13717581529218362,0.0,0.4690752704653684,-0.15623014027457602,-1.250567130039177,-0.005376990642161905,0.0,0.0,-0.07142857142857144
CSO-16-11B-LLOZA,0.0,1.5504315762261747,0.0,0.0,-0.4034732923929645,-0.891148371601353,-0.4034732923929645,-0.17586311452816475,0.45694722374026725,-0.4264014327112208,-1.3070111475603596,-0.9241645183640389,0.6622661785325219,0.5449352844449682,-0.33834506919300483
CSO-16-11B-YAROMO,0.0,1.8957893063357791,0.0,0.0,-0.25264557631995566,-0.786333650994934,-0.25264557631995566,0.0,-0.6612416337794929,-0.25264557631995593,-1.407711396610395,-1.0251385715643964,-0.8633970960424555,-0.8633970960424548,0.0
CSO-16-9A-JALEMO,0.0,0.9801960588196068,0.0,0.0,0.0,-0.9801960588196068,0.0,0.0,0.9801960588196068,0.0,-0.9801960588196068,0.9801960588196068,0.0,0.0,0.0
CSO-16-9A-JPROSO,0.0,0.9801960588196068,0.0,0.0,0.0,-0.9801960588196068,0.0,0.0,0.9801960588196068,0.0,-0.9801960588196068,0.9801960588196068,0.0,0.0,0.0
CSO-16-9A-JSMAGU,0.0,2.051579755617464,0.0,0.0,-0.3144854510165755,-1.0263658188312537,-0.3144854510165755,0.0,-0.04204551788887002,-0.31448545101657577,-1.464324798934571,-0.9909500401039306,0.057831493196624076,0.021378999081972275,-0.07142857142857144
CSO-16-9B-SJPAJI,0.0,0.9801960588196068,0.0,0.0,0.0,-0.9801960588196068,0.0,0.0,0.9801960588196068,0.0,-0.9801960588196068,0.9801960588196068,0.0,0.0,0.0
CSO-17-10A-YVGOCA,0.0,0.9801960588196068,0.0,0.0,0.0,-0.9801960588196068,0.0,0.0,0.9801960588196068,0.0,-0.9801960588196068,0.9801960588196068,0.0,0.0,0.0
CSO-17-10B-EHECO,0.0,1.437992682577693,0.0,0.0,-0.12632278815997783,-0.8832648549072704,-0.12632278815997783,0.0,0.15947721252005698,-0.12632278815997797,-1.1939537277150007,-0.022471256372394777,-0.43169854802122776,-0.4316985480212274,0.0
CSO-17-10B-YCQUVE,0.0,0.9801960588196068,0.0,0.0,0.0,-0.9801960588196068,0.0,0.0,0.9801960588196068,0.0,-0.9801960588196068,0.9801960588196068,0.0,0.0,0.0
CSO-17-11A-JDAMO,0.0,0.9801960588196068,0.0,0.0,0.0,-0.9801960588196068,0.0,0.0,0.9801960588196068,0.0,-0.9801960588196068,0.9801960588196068,0.0,0.0,0.0
CSO-17-11A-NPAHE,0.0,0.9801960588196073,0.0,0.0,-0.3515615246553262,-1.0052310731814404,-0.3515615246553262,0.0,1.2399882379497627,-0.35156152465532653,-0.9801960588196067,0.04932636236669884,1.2909944487358056,1.2909944487358054,0.0
CSO-17-11A-RLPAIG,0.0,0.9801960588196073,0.0,0.0,-0.4525696378552518,-0.9801960588196068,-0.4525696378552518,-0.10050378152592122,1.3090191873790882,-0.45562108082560976,-0.9801960588196068,-0.23818686583615603,1.3764944032233708,1.3816985594155151,-0.25264557631995566
CSO-17-11A-SPUVA,0.0,0.9801960588196068,0.0,0.0,0.0,-0.9801960588196068,0.0,0.0,0.9801960588196068,0.0,-0.9801960588196068,0.9801960588196068,0.0,0.0,0.0
CSO-17-11B-CDBEBU,0.0,0.9801960588196068,0.0,0.0,0.0,-0.9801960588196068,0.0,0.0,0.9801960588196068,0.0,-0.9801960588196068,0.9801960588196068,0.0,0.0,0.0
CSO-17-11C-JDAAG,0.0,0.9801960588196068,0.0,0.0,0.0,-0.9801960588196068,0.0,0.0,0.9801960588196068,0.0,-0.9801960588196068,0.9801960588196068,0.0,0.0,0.0
CSO-17-11C-MAPAMA,0.0,0.9801960588196068,0.0,0.0,0.0,-0.9801960588196068,0.0,0.0,0.9801960588196068,0.0,-0.9801960588196068,0.9801960588196068,0.0,0.0,0.0
CSO-17-11C-SARJA,0.0,2.2073702048991484,0.0,0.0,-0.3144854510165755,-1.0475005644810669,-0.3144854510165755,0.0,-0.04204551788887002,-0.31448545101657577,-1.520938201258747,-0.9909500401039306,0.057831493196624076,0.021378999081972275,-0.14285714285714288
CSO-18-11A-ADBAHO,0.0,1.8957893063357791,0.0,0.0,-0.25264557631995566,-0.786333650994934,-0.25264557631995566,0.0,-0.6612416337794929,-0.25264557631995593,-1.407711396610395,-1.0251385715643964,-0.8633970960424555,-0.8633970960424548,0.0
CSO-18-11B-YLLRE,0.0,0.9801960588196073,0.0,0.0,-0.3515615246553262,-1.0052310731814404,-0.3515615246553262,0.0,1.2399882379497627,-0.35156152465532653,-0.9801960588196067,0.04932636236669884,1.2909944487358056,1.2909944487358054,0.0
CSO-18-9B-MAMOLO,0.0,0.9801960588196068,0.0,0.0,0.0,-0.9801960588196068,0.0,0.0,0.9801960588196068,0.0,-0.9801960588196068,0.9801960588196068,0.0,0.0,0.0
CSO-8-3A-AIPRBR,0.0,2.766863933792102,0.0,0.0,-0.3515615246553262,-0.7603476001106327,-0.3515615246553262,0.0,-1.1962490654307831,-0.35156152465532653,-1.7644284651917281,-1.5754301151251906,-0.9195855500673209,-1.0795748778788963,-0.10050378152592122
CSO-8-3A-DAPAVA,0.0,2.051579755617464,0.0,0.0,-0.28356551366826555,-0.786333650994934,-0.28356551366826555,0.0,-0.6612416337794929,-0.2835655136682659,-1.464324798934571,-1.0251385715643964,-0.8633970960424555,-0.8633970960424548,-0.07142857142857144
CSO-8-4A-ARAGR,0.0,0.9801960588196068,0.0,0.0,0.0,-0.9801960588196068,0.0,0.0,0.9801960588196068,0.0,-0.9801960588196068,0.9801960588196068,0.0,0.0,0.0
CSO-8-4A-JRAAR,0.0,1.8920270660686587,0.0,0.0,-0.33891246148866583,-0.8107225574707873,-0.33891246148866583,-0.17586311452816475,-0.2547159784830363,-0.3694308566301864,-1.4540194989939286,-1.1086290787437383,-0.5901657509860638,-0.3412321148651316,-0.3204963961106114
CSO-9-2A-EXMOCO,0.0,1.3630757647483263,0.0,0.0,-0.32805943435646007,-0.9356722152104799,-0.32805943435646007,-0.05025189076296061,0.6207471999368507,-0.3395235045155883,-1.1806323899395466,-0.5850481905095051,-0.33113308926626095,-0.0473300599165816,-0.12632278815997783
CSO-9-4A-AGAPE,0.0,1.3630757647483263,0.0,0.0,-0.20173664619648224,-0.9356722152104799,-0.20173664619648224,-0.08793155726408237,0.6207471999368507,-0.2132007163556104,-1.1806323899395466,0.02414327181837639,0.33113308926626095,0.2724676422224841,-0.16917253459650242
CSO-9-4A-DKVIMO,0.0,0.314485451016575,0.0,0.0,-0.6391014819458268,-0.012404427682367969,-0.6391014819458268,-0.10050378152592122,0.6709196490606824,-0.6409831055487922,-0.314485451016575,0.15956092512274272,0.8164965809277258,0.816496580927726,-0.3234983196103153
CSO-9-4A-DSMOMU,0.0,0.9801960588196068,0.0,0.0,0.0,-0.9801960588196068,0.0,0.0,0.9801960588196068,0.0,-0.9801960588196068,0.9801960588196068,0.0,0.0,0.0
CSO-9-4A-DVGATO,0.0,1.7459554706770455,0.0,0.0,-0.4034732923929645,-0.891148371601353,-0.4034732923929645,-0.17586311452816475,0.2612983410540945,-0.4264014327112208,-1.3810687210594865,-0.931909515182854,0.6622661785325219,0.5449352844449682,-0.33834506919300483
CSO-9-4A-EGCAMO,0.0,0.9801960588196068,0.0,0.0,0.0,-0.9801960588196068,0.0,0.0,0.9801960588196068,0.0,-0.9801960588196068,0.9801960588196068,0.0,0.0,0.0
CSO-9-4A-FAGIGA,0.0,1.8957893063357791,0.0,0.0,-0.3144854510165755,-1.0475005644810669,-0.3144854510165755,0.0,-0.04204551788887002,-0.31448545101657577,-1.407711396610395,-0.9909500401039306,0.057831493196624076,0.021378999081972275,-0.14285714285714288
CSO-9-4A-GSBRCO,0.0,1.8957893063357791,0.0,0.0,-0.25264557631995566,-0.786333650994934,-0.25264557631995566,0.0,-0.6612416337794929,-0.25264557631995593,-1.407711396610395,-1.0251385715643964,-0.8633970960424555,-0.8633970960424548,0.0
CSO-9-4A-KEMOCO,0.0,0.980196058819607,0.0,0.0,-0.1757807623276631,-0.9927135660005236,-0.1757807623276631,0.0,1.1100921483846848,-0.17578076232766326,-0.9801960588196068,0.5147612105931528,0.6454972243679028,0.6454972243679027,0.0
CSO-9-4A-LCOMO,0.0,1.8789008905626616,0.0,0.0,-0.3144854510165755,-1.013848311650337,-0.3144854510165755,0.0,0.20745085292569862,-0.31448545101657577,-1.4139746744095532,-0.9575572792339848,0.057831493196624076,0.021378999081972275,-0.14285714285714288
CSO-9-4A-MLORO,0.0,0.9801960588196073,0.0,0.0,-0.25264557631995566,-0.9801960588196068,-0.25264557631995566,0.0,0.9801960588196068,-0.25264557631995593,-0.9801960588196068,0.04932636236669884,0.0,0.0,0.0
CSO-9-4A-MPAME,0.0,0.9801960588196068,0.0,0.0,0.0,-0.9801960588196068,0.0,0.0,0.9801960588196068,0.0,-0.9801960588196068,0.9801960588196068,0.0,0.0,0.0
CSO-9-4A-NSARPA,0.0,1.8957893063357791,0.0,0.0,-0.25264557631995566,-0.786333650994934,-0.25264557631995566,0.0,-0.6612416337794929,-0.25264557631995593,-1.407711396610395,-1.0251385715643964,-0.8633970960424555,-0.8633970960424548,0.0
CSO-9-4A-YVDITR,0.0,0.980196058819607,0.0,0.0,-0.1757807623276631,-0.9927135660005236,-0.1757807623276631,0.0,1.1100921483846848,-0.17578076232766326,-0.9801960588196068,0.5147612105931528,0.6454972243679028,0.6454972243679027,0.0
