file,z_wc,z_nodes,z_edges,z_re,z_pe,z_l1,z_l2,z_l3,z_lcc,z_lsc,z_atd,z_density,z_diameter,z_asp,z_cc
CDMS-10-4A-JURAN,0.0,2.5373791875481913,0.0,0.0,-0.46015134738364244,-0.8763372941117816,-0.46015134738364244,-0.26014216053828904,-0.8962823319785139,-0.5096124316027915,-1.988127213345665,-1.4959372659988943,-0.9908857025596776,-0.9147221709510464,-0.4376538122790339
CDMS-10-5A-HEPIHO,0.0,3.8318047416728684,0.0,0.0,-0.45635977702989244,-0.7871092363804356,-0.45635977702989244,-0.26652457400151713,-1.6820713652068287,-0.4983946203840808,-2.924856698409562,-2.363917132529273,-1.475382236511597,-1.4929481548607704,-0.39558388494889846
CDMS-10-5A-KSRAGU,0.0,2.8093446969074622,0.0,0.0,-0.35633158904644796,-0.7284313590846836,-0.35633158904644796,-0.17586311452816475,-1.6328962799377817,-0.3779644730092271,-1.9966884666941778,-1.5695703628437376,-1.2945509140105373,-1.468171130684675,-0.32193017991578227
CDMS-10-5A-SZURO,0.0,4.496597496237674,0.0,0.0,-0.27435163058436723,-0.6859943405700353,-0.27435163058436723,-0.10050378152592122,-1.9852396506689651,-0.29002094671369893,-2.907061587395598,-2.3924109356417147,-1.5055496887758946,-1.733791155693398,-0.2659414573500661
CDMS-10-5B-SRAJA,0.0,2.455150659178505,0.0,0.0,-0.5990811273308776,-0.9142592099917504,-0.5990811273308776,-0.405245546258265,-0.5074774939517219,-0.7040556685258427,-2.0285884813213553,-1.5550819397992612,-1.1127097808464146,-1.0391075880265679,-0.7049067488276629
CDMS-10-5C-DAAUSA,0.0,2.608487054669186,0.0,0.0,-0.5241424183609591,-1.0,-0.5241424183609591,-0.30151134457776363,-1.2086101230492743,-0.5124707431905383,-2.149421683626819,-1.6628771605833998,-1.1704734725568324,-0.8665619287214056,-0.5392351167317183
CDMS-10-5C-ICAPA,0.0,2.9864302312625597,0.0,0.0,-0.3354085200315117,-0.7229629496670815,-0.3354085200315117,-0.20263942419936326,-1.5817346528994476,-0.3556489031712802,-2.078388428342081,-1.6481270662411973,-1.2545351953953023,-1.3939732848977293,-0.32377040174363536
CDMS-10-5C-JFALGI,0.0,3.247506816649704,0.0,0.0,-0.4478557645570764,-0.7454944431648906,-0.4478557645570764,-0.20869261988023224,-1.6277147364998958,-0.48995100040507716,-2.377575109466468,-1.8582441436312067,-1.0403082088368165,-1.2330181034616994,-0.3779827069640657
CDMS-10-5C-MAORTO,0.0,2.6653256301584722,0.0,0.0,-0.47190864803588245,-0.849073519963157,-0.47190864803588245,-0.2088720434234737,-0.7086633812200961,-0.485900020499045,-2.0696316184808787,-1.5275665781023047,-0.620083038195561,-0.5613943968605009,-0.44896911538240514
CDMS-10-5C-NBEMO,0.0,3.0592325471119985,0.0,0.0,-0.38993907080293916,-0.7501381720363217,-0.38993907080293916,-0.138183448027043,-1.790574873408739,-0.4088216224403276,-2.229696195623996,-1.8003087403906264,-1.5191249983394806,-1.6382664859247047,-0.3043509836424485
CDMS-10-6B-ASCACO,0.0,3.8506172844629774,0.0,0.0,-0.36927447293799814,-0.7284313590846836,-0.36927447293799814,-0.14285714285714288,-1.1035792156262365,-0.3442141954107571,-2.6774743505696237,-2.2858699369899864,-0.9988830900248672,-0.9678089171638654,-0.33049047205759713
CDMS-11-4A-GACHSA,0.0,2.61427617201793,0.0,0.0,-0.4017980946547134,-0.8052232711490966,-0.4017980946547134,-0.24166691440075813,-0.7588253248715696,-0.4306736460430502,-1.9121508146496522,-1.3764427249173492,-0.3163436390603705,-0.4686273616850944,-0.42750115976818537
CDMS-11-5A-EAARCA,0.0,3.1477407218535256,0.0,0.0,-0.4722466199423496,-0.8084193512231657,-0.4722466199423496,-0.19800220955028883,-1.2408458989945597,-0.4876804309116833,-2.3783482087248458,-1.897480059341423,-0.7889836526851968,-0.8613546197016307,-0.3783155422856593
CDMS-11-5A-MGTHAR,0.0,1.9485481079818483,0.0,0.0,-0.6304883249912806,-0.880643784118896,-0.6304883249912806,-0.3905667329424716,-0.37110297385330093,-0.7573358384663043,-1.6072256237779179,-1.208894145160292,-0.9148104645077745,-0.2844146090888924,-0.5978182413039397
CDMS-11-6A-NMREPR,0.0,4.311917522331948,0.0,0.0,-0.3515615246553262,-0.6721239770148241,-0.3515615246553262,-0.25264557631995566,-1.9739179019143709,-0.3665603800499991,-3.068279597959869,-2.5291857054266833,-1.6950758130569858,-1.774611509154885,-0.4358923115303662
CDMS-11-6B-AVROTO,0.0,2.6077760084687465,0.0,0.0,-0.37555653395669425,-0.7981155183415595,-0.37555653395669425,-0.21930814157289405,-1.036679884375461,-0.4110641648782756,-1.9025253281932877,-1.4238515349206542,-0.5161239809764822,-0.6958685057732764,-0.34368389249154996
CDMS-11-6B-EAFESA,0.0,3.054954919826416,0.0,0.0,-0.4536039186059993,-0.816679500163152,-0.4536039186059993,-0.3665083330689156,-0.20449659198772355,-0.6063162207906109,-2.533113945686057,-2.0908368231116823,-1.7013797698297637,-1.1703861021350521,-0.6024499740091077
CDMS-11-6B-EFRGR,0.0,3.739167182866948,0.0,0.0,-0.46138466289733915,-0.8086298033914252,-0.46138466289733915,-0.14647693562789824,-1.9375130012151667,-0.4450740820194615,-2.7111054950070272,-2.2142602785357326,-1.4408697197146552,-1.655849476725074,-0.26466371360836377
CDMS-11-6B-EROCO,0.0,3.4323944176111025,0.0,0.0,-0.43643578047198484,-0.7572712299036657,-0.43643578047198484,-0.14285714285714288,-2.2035045046253816,-0.42211588240886916,-2.538278706253079,-2.2626554937121144,-1.3599469808166276,-1.6589080733558166,-0.39465740459739274
CDMS-11-6B-JACUPE,0.0,3.874710044173809,0.0,0.0,-0.5533068361424334,-0.8765597244127656,-0.5533068361424334,-0.25264557631995566,-2.2069490362729813,-0.5751702957868883,-2.9670669969720507,-2.292927869667946,-1.4508463566649035,-1.7080812459915165,-0.5055298231985953
CDMS-11-6B-JDCHBA,0.0,2.622439979787973,0.0,0.0,-0.5308808276352525,-0.8870343656124571,-0.5308808276352525,-0.24962228165238923,-0.8289388192269853,-0.5328263660018574,-2.0990246222760423,-1.6614214650810144,-1.0196868060275872,-0.8386327012368295,-0.511138391415642
CDMS-11-6B-JFSAHE,0.0,2.599625477253,0.0,0.0,-0.39753481747907754,-0.7915777587905835,-0.39753481747907754,-0.21805979572622844,-1.1793910343783967,-0.4206310659710088,-1.9127147735970158,-1.4234369388485102,-1.0579157164770472,-1.052696903364131,-0.37026046234117793
CDMS-11-6B-JLPENA,0.0,3.537164870006471,0.0,0.0,-0.33546902134751655,-0.7645494617205583,-0.33546902134751655,-0.1470102447360514,-1.306680672440809,-0.35224875839966574,-2.474282015729517,-1.8913098747829238,-0.8632164019428789,-1.025613865680968,-0.3080360395038186
CDMS-11-6B-JMARME,0.0,3.8349454080498355,0.0,0.0,-0.4396787718714283,-0.7428041493700419,-0.4396787718714283,-0.29488391230979427,-2.6508333595480775,-0.4926646390821466,-2.989228341757896,-2.5486654618062303,-1.9279705782748606,-2.1925026270747296,-0.47638409251067065
CDMS-11-6B-JPSAMA,0.0,3.138274776556893,0.0,0.0,-0.5241424183609591,-0.8819171036881969,-0.5241424183609591,-0.36927447293799814,-1.9628332199965686,-0.6366960419813478,-2.4871001451794363,-1.8361682358979339,-2.120519564335007,-1.988851302558516,-0.4383384445287975
CDMS-11-6B-LESTA,0.0,3.203110651176119,0.0,0.0,-0.6409831055487921,-0.9847319278346619,-0.6409831055487921,-0.28193917035448735,-1.2520116021710643,-0.6200415665065958,-2.544972430967716,-1.8828972563962192,-2.6433439438970248,-2.157503819185806,-0.48775128217896724
CDMS-11-6B-MAGIMU,0.0,2.7151021923601646,0.0,0.0,-0.5068776043399598,-0.8881275824982154,-0.5068776043399598,-0.3376335254867879,-0.957608257105866,-0.6026381892625147,-2.1983382506538303,-1.6103541618191244,-0.37067464255384347,-0.4155928778980096,-0.45358916353712847
CDMS-11-6B-MMAMO,0.0,2.4889100516788774,0.0,0.0,-0.5601542850932455,-0.9416810131163241,-0.5601542850932455,-0.2814452263945146,0.19533023953182735,-0.5875873074266342,-1.9463148912010997,-1.3258218434596725,-0.3702883241061096,-0.19095603489311416,-0.5060328111448104
CDMS-11-6B-RSECA,0.0,3.9145600561269833,0.0,0.0,-0.42354655255943036,-0.6723981776166309,-0.42354655255943036,-0.17586311452816475,-1.5607808470247222,-0.45714439920786043,-2.756983239760047,-2.1734594241464515,-1.0594006285349795,-1.2304019506696173,-0.35033374097831804
CDMS-11-6B-VZAPE,0.0,3.560389167260031,0.0,0.0,-0.5927489783638191,-0.9662823901213163,-0.5927489783638191,-0.23995690956687138,-1.3333840983236824,-0.5698157300199148,-2.757974578381942,-2.041565777113841,-1.1901431977182315,-1.2899751626778355,-0.4055193340327123
CDMS-11-6B-YLNIME,0.0,3.355164707493399,0.0,0.0,-0.5,-0.7198740330653561,-0.5,-0.3144854510165755,-2.29887454132042,-0.5317577582331638,-2.58948846882118,-2.151643293542512,-1.5296846674563092,-1.8542976538697356,-0.48821837712431937
CDMS-11-7C-ICARE,0.0,4.063582196095997,0.0,0.0,-0.35611597383419846,-0.6936862957594017,-0.35611597383419846,-0.22218424371745327,-1.6852921641571288,-0.42001183165126454,-2.7909819199745236,-2.280352794066978,-1.4710182232978135,-1.5465301444284987,-0.37281491883264695
CDMS-11-7C-IMOIB,0.0,3.257165791396167,0.0,0.0,-0.4428345395657445,-0.7573284732583131,-0.4428345395657445,-0.13974134630374294,-1.9595116545198403,-0.4338244753839085,-2.4281991835190353,-2.012679728582947,-1.3917027933879957,-1.5927109297506237,-0.339089405416678
CDMS-11-7C-SALMA,0.0,3.6111206244817997,0.0,0.0,-0.48705678739484887,-0.8789200363050959,-0.48705678739484887,-0.33333333333333337,-0.5320092047821683,-0.5471529031050638,-2.6796917787473244,-2.030527517166794,-0.28821257929620203,-0.24804527518031938,-0.36897456942736295
CDMS-11-7C-SPGAVE,0.0,2.931215715654301,0.0,0.0,-0.47483269517812454,-0.8933704601784256,-0.47483269517812454,-0.21867564735620504,-1.093203375981788,-0.4685653022340058,-2.271242659658392,-1.8724767003892402,-0.6225071698118346,-0.5059895098889247,-0.43513377349586335
CDMS-12-6A-JSOTGU,0.0,3.0750009301225707,0.0,0.0,-0.46279762485732295,-0.922238362768627,-0.46279762485732295,-0.19245008972987523,-1.5735826159220296,-0.4285372672044642,-2.3595859835075887,-1.9143843679626786,-0.7791750263266697,-1.0032219272454617,-0.39960305891637465
CDMS-12-6A-SROAL,0.0,2.950540688657227,0.0,0.0,-0.4704434424159605,-0.8024200455020356,-0.4704434424159605,-0.17586311452816475,-2.048258083634554,-0.45247274722567227,-2.2319752340045085,-1.8479906743546575,-1.5955069695407944,-1.7507365848492915,-0.39645383049281574
CDMS-12-6B-IJDAGA,0.0,2.9081596597828647,0.0,0.0,-0.5770618924361708,-0.8943089984450602,-0.5770618924361708,-0.3212856586142254,-1.4593347732219968,-0.6095438072997713,-2.2979185739014993,-1.793546619508117,-1.6153245558523823,-1.5009359454302829,-0.5626091199059168
CDMS-12-6B-SCLAG,0.0,4.1620255294879644,0.0,0.0,-0.44935528051785434,-0.8396063485578191,-0.44935528051785434,-0.14647693562789824,-1.807232648457966,-0.440687478546892,-2.9420319158473824,-2.356810865960873,-1.3219759735094154,-1.560419775976023,-0.20819473774439134
CDMS-12-7C-ARAHE,0.0,3.0968659176463826,0.0,0.0,-0.49813134711329377,-0.8118306645095803,-0.49813134711329377,-0.18415660212902,-1.2226018711304545,-0.49546443611916213,-2.3612754936986264,-1.905757791869766,-2.0543396653070927,-1.6465172690372087,-0.37846782940736134
CDMS-12-7C-CATRAR,0.0,3.6111206244817997,0.0,0.0,-0.48705678739484887,-0.8789200363050959,-0.48705678739484887,-0.33333333333333337,-1.5264189333469687,-0.5471529031050638,-2.6796917787473244,-2.030527517166794,-0.9744330061919213,-1.188934252611222,-0.36897456942736295
CDMS-12-7C-DLOLO,0.0,3.0864729285146177,0.0,0.0,-0.4310585186387675,-0.8447841070095056,-0.4310585186387675,-0.24449462330565092,-1.3276463411716335,-0.47257837284014725,-2.3329166371355634,-1.8732020133041984,-0.645398011361062,-0.8683902582907818,-0.4076748290346588
CDMS-12-7C-MAROBE,0.0,3.116774889895918,0.0,0.0,-0.5026028286234493,-0.8060683549758054,-0.5026028286234493,-0.42354655255943036,-1.12513003826058,-0.6510394573186495,-2.439867635599181,-2.1032272601884987,-1.5069930449020585,-0.9974640956444886,-0.5981199639766521
CDMS-12-7C-VMAPA,0.0,3.072124819634583,0.0,0.0,-0.5179390436716503,-0.8217996530698201,-0.5179390436716503,-0.29533990848723285,-1.3568701504474825,-0.5208980451215457,-2.360828882402132,-2.0119186939969067,-1.9677066009832753,-1.676826786639282,-0.49156741408535315
CDMS-12-7C-VQURA,0.0,2.4118271332919194,0.0,0.0,-0.3396982340196034,-0.8013689103229794,-0.3396982340196034,-0.03517262290563295,-0.9456732026734673,-0.3442838620832549,-1.5544407219666223,-1.2440818051293852,-1.0619052769686037,-0.9887645190379042,-0.17348405585807095
CDMS-13-6B-ASUMO,0.0,3.4323944176111025,0.0,0.0,-0.43643578047198484,-0.7572712299036657,-0.43643578047198484,-0.14285714285714288,-2.707738945043089,-0.42211588240886916,-2.538278706253079,-2.2626554937121144,-1.9984197417634013,-2.3031041473111102,-0.39465740459739274
CDMS-13-6B-JDTAHE,0.0,2.2951806732760023,0.0,0.0,-0.3016782834050608,-0.7296749485883754,-0.3016782834050608,-0.17586311452816475,-1.058118958659372,-0.334295011369177,-1.6835430068503066,-1.3800892158176608,-0.7768938536299164,-0.8812597834929582,-0.30907520865740606
CDMS-13-7C-MVEAR,0.0,2.8343176395545613,0.0,0.0,-0.39073091663486686,-0.7627084235454695,-0.39073091663486686,-0.16408853895354558,-1.056921325415253,-0.41176268217444095,-2.0814321712819353,-1.6461697648999079,-0.49677365068007756,-0.694785720376027,-0.2954726502062055
CDMS-13-7C-RAIZAC,0.0,2.6023119394680365,0.0,0.0,-0.37555653395669425,-0.8171019312128602,-0.37555653395669425,-0.2371590146870264,-1.251777124029226,-0.4092731847223991,-1.9059889606003197,-1.3671932667007438,-0.9796947071870882,-1.0005004940810374,-0.39252007354944546
CDMS-13-7C-SSOSLO,0.0,3.0563495049017217,0.0,0.0,-0.4936258837698759,-0.8628517975502713,-0.4936258837698759,-0.14285714285714288,-1.8634994428667675,-0.5069719851645081,-2.4153989718043753,-1.8736788852055262,-1.9568715063856361,-1.758518481500545,-0.41204178970157607
CDMS-14-10A-IMORTO,0.0,2.647392482075362,0.0,0.0,-0.5779425188040073,-0.8394204965391637,-0.5779425188040073,-0.24517428277237013,0.24375806407843298,-0.603611512485232,-2.115982586555597,-1.5702481641186368,0.44753018594288385,0.4128868219923627,-0.4547930889026265
CDMS-14-10A-JCVANI,0.0,3.9111135485360737,0.0,0.0,-0.37714020476242954,-0.7050384169956763,-0.37714020476242954,-0.19045527790175443,-1.6514901183469906,-0.40001063037655826,-2.6976318986240777,-2.2054803459996983,-1.8326537336625226,-1.6628495918562016,-0.37268286809524326
CDMS-14-5A-LSDUCO,0.0,2.5943834717398153,0.0,0.0,-0.5544954504367372,-0.9292767830367701,-0.5544954504367372,-0.4556210808256099,-1.503643847493714,-0.6922904198253371,-2.086694306998644,-1.5359123174181906,-0.9005004170528443,-1.4583202105079853,-0.5261300637730782
CDMS-14-6B-KDCAHE,0.0,3.3152582793166263,0.0,0.0,-0.3690160017880029,-0.7970117935075447,-0.3690160017880029,-0.1649597576982415,-1.1318302230390258,-0.4007096569237957,-2.384713183000862,-1.8381349372877573,-0.6162301628277265,-0.7723123903136433,-0.3229903975939197
CDMS-15-10A-AMALOS,0.0,2.3078035166789257,0.0,0.0,-0.41515940823295316,-0.8196001153288353,-0.41515940823295316,-0.19467380722036803,-0.4662098033626522,-0.4399551226591515,-1.7284579533026108,-1.2885159831236135,-0.5426789247039883,-0.4549566319165584,-0.3691061922755099
CDMS-15-10A-JJMACH,0.0,4.300020810203288,0.0,0.0,-0.43314172116487953,-0.8552109647393129,-0.43314172116487953,-0.27148695217111474,-1.7947381207503657,-0.4910946253069769,-3.132015056659793,-2.4519670290825646,-1.5823402620054605,-1.7324790193825774,-0.3864770345375843
CDMS-15-10A-MAALRI,0.0,5.0699942039934145,0.0,0.0,-0.4034732923929645,-0.7473298985080157,-0.4034732923929645,-0.3144854510165755,-1.7055567949802828,-0.473676446547811,-3.5529622454031666,-2.7571115899969016,-1.5884065066450415,-1.5738572723447783,-0.4306298569070266
CDMS-15-10A-SGOMO,0.0,2.462553264434214,0.0,0.0,-0.48298693003391857,-0.8817001688342619,-0.48298693003391857,-0.20860438672075504,-0.5807458368157157,-0.5207472344946784,-2.018106716703497,-1.5162024494335156,-0.24581058674783113,-0.11362470879574146,-0.4480661956276832
CDMS-15-11B-JEMOLO,0.0,3.203925714163534,0.0,0.0,-0.42208813434917913,-0.7558783228978464,-0.42208813434917913,-0.1522685655152685,-1.4458608986283938,-0.4482967894489036,-2.285877360379433,-1.8704842802531527,-1.1494019139742833,-1.2409083945235762,-0.2865219084608907
CDMS-15-11B-VSAHO,0.0,2.836028829509624,0.0,0.0,-0.5650320466312655,-0.8775510204081632,-0.5650320466312655,-0.36927447293799814,0.6602990682059566,-0.6859943405700352,-2.332594526316142,-1.9403701156989686,-0.388955270634576,-0.0758833070885973,-0.5854728944355088
CDMS-16-10A-SGALO,0.0,3.964581856960208,0.0,0.0,-0.5155800469472481,-0.8551861104941364,-0.5155800469472481,-0.19245008972987523,-1.1896060082538449,-0.4818998735750601,-2.853160968270954,-2.1848184671990043,-0.3071475584169756,-0.5635653312664939,-0.2238522689610631
CDMS-16-11B-NGABE,0.0,2.250338212477792,0.0,0.0,-0.39263433800062925,-0.7366719303293043,-0.39263433800062925,-0.13011014081798938,-0.6009893865619083,-0.40987298395607197,-1.5853555113685407,-1.2626815499913093,-0.6323210613719277,-0.5573261096043582,-0.2868766554517282
CDMS-18-7C-VVECA,0.0,2.034764734380339,0.0,0.0,-0.4853169148040796,-0.8613634703399002,-0.4853169148040796,-0.26448127041490116,-0.5717401944785707,-0.49200177431296144,-1.631818492951341,-1.1663583767273626,0.25753883193214155,0.05820704509252694,-0.48827839789020816
CDMS-8-4A-DBEVA,0.0,3.9145600561269833,0.0,0.0,-0.42354655255943036,-0.6723981776166309,-0.42354655255943036,-0.17586311452816475,-1.5607808470247222,-0.45714439920786043,-2.756983239760047,-2.1734594241464515,-1.8935743517908692,-1.6270255494179977,-0.35033374097831804
CDMS-8-4A-DJAVDA,0.0,2.6789523156421344,0.0,0.0,-0.3604655109214571,-0.7558503492286773,-0.3604655109214571,-0.18657363839664415,-1.1815571522652264,-0.37658231172987455,-1.9491151187659923,-1.51990491994456,-0.7031112219035249,-0.8774334512090822,-0.30457035444074193
CDMS-8-4A-DOSTR,0.0,2.212005284208957,0.0,0.0,-0.5915167019106974,-0.8926892272383216,-0.5915167019106974,-0.42348694856863145,-0.40505862534785403,-0.7775557622091288,-1.933777619031444,-1.4221459064348856,-1.6336358932846131,-1.2109072013789715,-0.7499338743922289
CDMS-8-4A-LGOPA,0.0,3.106961371354432,0.0,0.0,-0.5673129061852301,-0.9385036048692948,-0.5673129061852301,-0.3392406587871337,0.010082122668567553,-0.6069490271355987,-2.519942626195802,-2.008545498313744,-1.3969428514280595,-0.7342231578165626,-0.5908969937645573
CDMS-8-4C-JDBUTU,0.0,2.677618778016231,0.0,0.0,-0.5453414539861429,-0.7973400158436593,-0.5453414539861429,-0.30292196846938557,-0.7565668156867044,-0.5883503965947561,-2.121484241953973,-1.6336365726322608,0.39467091501072216,0.12804654786054756,-0.46316426761347207
CDMS-9-4A-ACDUTR,0.0,2.684980507207067,0.0,0.0,-0.4487106356693914,-0.8550079095453095,-0.4487106356693914,-0.25592734990314775,-1.1300124802563696,-0.491054159195109,-2.0791854990522096,-1.6308236974456845,-1.5303258221851666,-1.2702371862566482,-0.44904098953427785
CDMS-9-4A-CRAAG,0.0,3.105354998980451,0.0,0.0,-0.6767155423319645,-1.0251385715643964,-0.6767155423319645,-0.329292779969071,-0.6713319906706947,-0.647150228929434,-2.4822969377544384,-1.8107472543332896,-1.7510115628330354,-1.5089867758911641,-0.6031454851083644
CDMS-9-4A-EROHI,0.0,3.3903370852572925,0.0,0.0,-0.508436920712939,-0.8365641486350633,-0.508436920712939,-0.2650920424344129,-1.5127266256966025,-0.5312294930233121,-2.6386329964745343,-2.1404117984876563,-1.0407787597278042,-1.0510587953820418,-0.4172084410738182
CDMS-9-4A-ILOSE,0.0,3.8349454080498355,0.0,0.0,-0.4396787718714283,-0.7428041493700419,-0.4396787718714283,-0.29488391230979427,-1.5947244513615924,-0.4926646390821466,-2.989228341757896,-2.5486654618062303,-1.3658800306728605,-1.3152945762267854,-0.47638409251067065
CDMS-9-4C-SCAMO,0.0,3.4323944176111025,0.0,0.0,-0.43643578047198484,-0.7572712299036657,-0.43643578047198484,-0.14285714285714288,-1.6992700642076741,-0.42211588240886916,-2.538278706253079,-2.2626554937121144,-1.3599469808166276,-1.4012296437736995,-0.39465740459739274
CDMS-9-5A-PAGACO,0.0,2.1683257117502657,0.0,0.0,-0.5372969612142606,-0.9510859337361671,-0.5372969612142606,-0.2624840611408139,0.5663835063391149,-0.5824959936611819,-1.7504952636318536,-1.2080162948703013,-1.0468711030676636,-0.5152922608480863,-0.5193905325417252
CDMS-9-5A-VVAAR,0.0,4.359469202015721,0.0,0.0,-0.3831305140884606,-0.8240265866215017,-0.3831305140884606,-0.10050378152592122,-1.9999999999999998,-0.3994750835187239,-3.030902863423811,-2.5288032647227414,-1.7225092717679042,-1.9364421436960155,-0.19253720652771955
CDMS-9-5C-JDMADE,0.0,2.8008492209629043,0.0,0.0,-0.4981610824055757,-0.8785175323072534,-0.4981610824055757,-0.4155813868856491,-0.1693388898776963,-0.6685943190804019,-2.329118696243892,-1.9103199251116294,-1.1531133203941102,-0.6272648024901488,-0.6499129199870665
CDMS-9-5C-LVIZAC,0.0,3.3167411936863993,0.0,0.0,-0.4597082085400324,-0.7978780753921231,-0.4597082085400324,-0.20323340979580642,-0.9377737534131811,-0.4755034822826401,-2.4753368743504502,-1.9353037364011738,-1.7564968741891818,-1.3108554779706136,-0.33052846036000133
CDMS-9-5C-MLOGO,0.0,3.117424854156328,0.0,0.0,-0.4720395449655077,-0.7984073351314469,-0.4720395449655077,-0.186807237058357,-1.6211896096910903,-0.4661865028455704,-2.3653823905165505,-2.071752763148713,-2.0484372376776463,-1.771109371788167,-0.41604342090832547
CDMS-9-5C-SCAAG,0.0,3.2125267865491485,0.0,0.0,-0.4408670809790909,-0.8446845461280326,-0.4408670809790909,-0.18099598085508328,-1.8150753934866302,-0.421704620617664,-2.406057641330307,-1.8249529165211298,-1.6623615952330204,-1.6580925043518282,-0.3579314413759537
CDMS-XX-10A-VGILO,0.0,2.0112359702621854,0.0,0.0,-0.4087891526678667,-0.739030500499025,-0.4087891526678667,-0.17428146753907972,-0.24039682722910252,-0.41856217348196245,-1.5795386101567583,-1.246487524758038,-0.7952934437479137,-0.47939185459020345,-0.3170371584199671
CDMS-XX-5C-MPCAQU,0.0,3.6734772368690427,0.0,0.0,-0.42999116651570757,-0.7148347037601483,-0.42999116651570757,-0.1593601286926538,-1.882142675825052,-0.4396301408083648,-2.647630973006563,-2.218057458929283,-1.2096738046758035,-1.444655012012717,-0.3724955727878554
CDMS-XX-6A-MAGICA,0.0,3.319128612390112,0.0,0.0,-0.48705678739484887,-0.7917689358154579,-0.48705678739484887,-0.20412414523193154,-1.7407184215343645,-0.46852128566581824,-2.484185901365418,-2.196145292893386,-1.6245030591625642,-1.5693453109660134,-0.3484662230499892
CDMS-XX-6B-SPUCA,0.0,2.081575399088516,0.0,0.0,-0.49676604972861893,-1.005726832745328,-0.49676604972861893,-0.30003763236133074,0.2771896727681802,-0.5571657872274322,-1.6970995453520545,-1.1710116564967537,0.47798273305262035,0.5283683264561142,-0.5296125475830021
CSO-10-4A-ICAPA,0.0,2.6440137320824,0.0,0.0,-0.537446491354354,-0.8797620978947157,-0.537446491354354,-0.3433954257908817,-0.42901328215593115,-0.6067374088020526,-2.1009946291673365,-1.6283511069326542,-0.02701536359717021,-0.15362590586893007,-0.49749302356267017
CSO-10-4A-KCOMO,0.0,2.3105629925616853,0.0,0.0,-0.3205936903586923,-0.8608259241803456,-0.3205936903586923,-0.09685699382114854,-0.680715977258285,-0.32701831894152567,-1.7420520775915362,-1.0413314335026171,-0.6352720613023694,-0.6819691257114743,-0.21357044507131437
CSO-10-4A-LRAVI,0.0,2.7141819141227383,0.0,0.0,-0.5089701228955263,-0.80339606752644,-0.5089701228955263,-0.2353735134189795,-1.7526952613451425,-0.5167283011619607,-2.093343408838294,-1.7297365644754619,-1.4211364370459831,-1.3944815184362,-0.4468757565251291
CSO-10-4A-LSCAVA,0.0,3.3233889005733857,0.0,0.0,-0.3655251063614676,-0.781181441076677,-0.3655251063614676,-0.19292281953315427,-1.7505316488176959,-0.3988043602815166,-2.361495692209766,-1.782019832653543,-1.3776934243695278,-1.5088552060639249,-0.3419990476119633
CSO-10-5A-ACAVA,0.0,3.2684415869636103,0.0,0.0,-0.4355128904659694,-0.7748224332102709,-0.4355128904659694,-0.2608642269285851,-1.1967131335297043,-0.4954775640956899,-2.472057954260353,-2.03579995188354,-0.9488064649762473,-0.8683957091230813,-0.4551591271107853
CSO-10-5A-ARACA,0.0,3.2156654923033923,0.0,0.0,-0.5089133578079825,-0.7719671789993283,-0.5089133578079825,-0.25264557631995566,-0.9867049131056441,-0.524890659167824,-2.51094007354981,-2.224720109917978,-1.3698889534122283,-1.0671030046694254,-0.41599381184098827
CSO-10-5A-DABRZA,0.0,2.951611677953193,0.0,0.0,-0.47826086956521735,-0.9545454545454545,-0.47826086956521735,-0.26148818018424536,-1.5816131255624823,-0.4782608695652173,-2.3363299281851266,-1.8451356762961002,-1.0914566434562905,-1.2083736341063716,-0.4435063133942664
CSO-10-5A-GZAMA,0.0,3.3601514425085326,0.0,0.0,-0.4605949729173174,-0.7621698796022199,-0.4605949729173174,-0.1794532873447471,-1.9659827875913714,-0.4563741413285207,-2.5291658286853225,-2.2500103657807355,-1.571466787961863,-1.6246885499624675,-0.4017695403452579
CSO-10-5A-JANORO,0.0,2.942167973906624,0.0,0.0,-0.4339598903751239,-0.7737404899511338,-0.4339598903751239,-0.1734906440445372,-1.8381431261811445,-0.43621643969119017,-2.2203297417573875,-1.8307975799815068,-1.8273042564207995,-1.7149395440436332,-0.3799414436180347
CSO-10-5A-JJSEMO,0.0,2.876270032336973,0.0,0.0,-0.36823338810141065,-0.7617823235791777,-0.36823338810141065,-0.21821929457075673,-1.4301420102930067,-0.413877301039272,-2.143783107355987,-1.7647349400645864,-1.428399040446653,-1.3345996701394536,-0.4140621059837782
CSO-10-5A-JLCARI,0.0,3.3398478485034726,0.0,0.0,-0.4516218210275238,-0.7791685817561905,-0.4516218210275238,-0.18139210626206825,-1.7737507770005962,-0.441786812761251,-2.466728047672616,-1.9440601220694473,-1.9384078645537552,-1.7539632953070983,-0.36192527472607305
CSO-10-5A-MAARAN,0.0,3.595055057771617,0.0,0.0,-0.46983938593571417,-0.731339091217699,-0.46983938593571417,-0.30468468166318485,-2.10532784104623,-0.5122111986576552,-2.789358405289538,-2.350154377674371,-1.447782349064585,-1.60723531920823,-0.482301234817495
CSO-10-5A-RVMOIB,0.0,3.9261300071719547,0.0,0.0,-0.4034732923929645,-0.7293249574894728,-0.4034732923929645,-0.25264557631995566,-2.0551874335628546,-0.41610680879443496,-2.9706554308705257,-2.5473948445638865,-1.7065109287146303,-1.747112813480331,-0.43199805566869826
CSO-10-5A-SVHEES,0.0,3.7141562824503356,0.0,0.0,-0.41536791570343023,-0.7172358369526723,-0.41536791570343023,-0.138183448027043,-1.1643710031713845,-0.4326963448358617,-2.663016630751574,-2.208580757009456,-1.2027011379397061,-1.0858047013083154,-0.3279044496169912
CSO-11-5A-MDVOSPE,0.0,2.858659236317957,0.0,0.0,-0.5004258685559243,-0.8755638141551794,-0.5004258685559243,-0.29765745851267333,-1.409554453228947,-0.5367433537539942,-2.235546384977994,-1.708461522604501,-1.0211397923960235,-1.0891648830951919,-0.4351584671502904
CSO-11-5A-MTAGA,0.0,2.592268006605737,0.0,0.0,-0.43677459776573546,-0.8264798752804007,-0.43677459776573546,-0.21469621191389301,-1.2478421800397117,-0.4769642437355753,-1.9926789218213643,-1.5067481048240672,-1.1975576247714534,-1.070318114711462,-0.40990176593205846
CSO-11-6A-CAPAMU,0.0,3.8349454080498355,0.0,0.0,-0.4396787718714283,-0.7428041493700419,-0.4396787718714283,-0.29488391230979427,-0.8906518459039356,-0.4926646390821466,-2.989228341757896,-2.5486654618062303,-0.24169893546885995,-0.14568384176286048,-0.47638409251067065
CSO-11-6A-DSCACH,0.0,2.9580133166306024,0.0,0.0,-0.48047516144783875,-0.8211321086928643,-0.48047516144783875,-0.18036564052597923,-1.7787881647698451,-0.47365439588352726,-2.2665548171849137,-1.8560791140191486,-1.0188243825343188,-1.2091865518707676,-0.39836853672561123
CSO-11-6A-EROMO,0.0,3.9145600561269833,0.0,0.0,-0.42354655255943036,-0.6723981776166309,-0.42354655255943036,-0.17586311452816475,-2.1752614954596523,-0.45714439920786043,-2.756983239760047,-2.1734594241464515,-1.8935743517908692,-2.023649148166378,-0.35033374097831804
CSO-11-6A-FSOVRE,0.0,3.942187349717554,0.0,0.0,-0.4471230331211395,-0.855862604320889,-0.4471230331211395,-0.30384248195885033,-1.4012277294658575,-0.507837094385441,-2.809682498587926,-2.097424036121718,-1.5605049981659942,-1.4816900114663785,-0.34439584922890265
CSO-11-6B-DISEMO,0.0,3.0973121407293074,0.0,0.0,-0.5088841510654175,-0.8723844506192341,-0.5088841510654175,-0.2560658078975705,-0.5843141012904556,-0.571834013572928,-2.451249558491906,-1.85492356055173,0.28333935950348105,0.14940199233452595,-0.4251901171151868
CSO-11-6B-LHFDLACH,0.0,2.9424112024045543,0.0,0.0,-0.5239270529977598,-0.8754163955913274,-0.5239270529977598,-0.24181195529335306,-1.3683067924534835,-0.5273549501712609,-2.278721981152091,-1.8067503891047418,-0.786249294220699,-0.864740566489083,-0.4511582589892935
CSO-11-6B-RJGIHE,0.0,3.418668062535581,0.0,0.0,-0.41016437911511977,-0.7471640868030603,-0.41016437911511977,-0.10050378152592122,-2.015109596567084,-0.3899918384038832,-2.47142487783493,-1.8801958104766114,-1.6343661573166173,-1.839940352219189,-0.27716164202813226
CSO-11-6B-SFLVA,0.0,3.253697673866837,0.0,0.0,-0.4496167026646539,-0.8397547963361464,-0.4496167026646539,-0.16765361629350906,-1.1542531818557014,-0.4253265748066667,-2.448932344880334,-2.0885199308373963,-0.7503246230982619,-0.8821665814732036,-0.39713023175688367
CSO-11-6B-VCOMA,0.0,4.338495431174043,0.0,0.0,-0.4359972890293913,-0.7309062572020307,-0.4359972890293913,-0.29441854080047136,-2.17342865817185,-0.504398248110166,-3.1084519987417014,-2.4435557392752916,-1.9956955232802962,-2.0710334138259157,-0.43628878798958476
CSO-12-6A-DGISE,0.0,4.092289966808987,0.0,0.0,-0.41955298430104243,-0.7737218717094864,-0.41955298430104243,-0.20916699614341472,-2.183713407718548,-0.4394808130394769,-2.9408799436773876,-2.456732392744664,-1.490102701507647,-1.7672421575521298,-0.39542523624980147
CSO-12-6A-FJOVRE,0.0,3.0112526648891884,0.0,0.0,-0.40784354748983187,-0.8735546492055158,-0.40784354748983187,-0.25545774812578315,-1.402210674954239,-0.421451372016313,-2.2381406108124597,-1.7199798407890392,-1.0695749673051398,-1.1038258425808742,-0.41689026537904944
CSO-12-6B-GQULO,0.0,4.114569909589548,0.0,0.0,-0.4071892788474301,-0.8451542547285166,-0.4071892788474301,-0.26148818018424536,-0.8864690915562377,-0.47446270087079656,-3.2266603297635537,-2.584187842037106,-1.3573145169868968,-0.9600314154550118,-0.37155042601259736
CSO-12-6B-LJHEFE,0.0,2.7783380436619307,0.0,0.0,-0.5624881671839864,-0.8211665110989447,-0.5624881671839864,-0.3625322648338813,-2.027281370331567,-0.6588686972306251,-2.269221944147135,-1.8111208761601445,-2.1983024318623685,-2.198576342253278,-0.5795471062178571
CSO-12-6B-VPAMA,0.0,2.5076109267380478,0.0,0.0,-0.4050511121509823,-0.8396771509085088,-0.4050511121509823,-0.2634986034521615,-1.0962206075979255,-0.46535072919438636,-1.8910255694361773,-1.3877136876285248,-1.3505667031794188,-1.0801898384670356,-0.4474493062569991
CSO-12-7A-ESALA,0.0,3.023218539227808,0.0,0.0,-0.41417215710893984,-0.8010155468223037,-0.41417215710893984,-0.22277090010498024,-0.8241291446720472,-0.4331437277677622,-2.227254819535898,-1.7058847789132656,0.015609861916236211,-0.22419107435206542,-0.35687754016744966
CSO-12-7A-IMERO,0.0,3.9286648134994695,0.0,0.0,-0.4011494050890844,-0.8073114267063699,-0.4011494050890844,-0.16929950981057967,-1.181055407256912,-0.42766354201304657,-2.717280826620682,-2.153454914858033,-0.8685793480965206,-0.9887427827715192,-0.3063042420738884
CSO-12-7A-JHEZA,0.0,3.203110651176119,0.0,0.0,-0.6409831055487921,-0.9847319278346619,-0.6409831055487921,-0.28193917035448735,-0.5545121023543154,-0.6200415665065958,-2.544972430967716,-1.8828972563962192,-0.2238071531445994,0.013351492945556329,-0.48775128217896724
CSO-12-7A-LSARAR,0.0,2.3492662522938557,0.0,0.0,-0.43836780135764686,-0.8813364543469201,-0.43836780135764686,-0.26181827469674096,0.02171274414112645,-0.48218934337477665,-1.8281860446730243,-1.3649690314180907,-0.03749630396535145,0.030335298429803648,-0.4390565398011453
CSO-12-7A-SCAHO,0.0,3.1778023378889437,0.0,0.0,-0.44683862124153356,-0.7401873491590792,-0.44683862124153356,-0.15074333686075023,-0.835930207789794,-0.4148353051376558,-2.3476717313253044,-1.7644811016481945,-0.4360682815934139,-0.5453641673197892,-0.314678205974898
CSO-12-7B-DVAGRO,0.0,2.2261202045828665,0.0,0.0,-0.5518210497387006,-0.9387487853926347,-0.5518210497387006,-0.3110923036954589,-1.064939231229029,-0.6006237439233416,-1.8454818557800101,-1.2798256954224914,-1.1437863304649298,-0.8603035029537983,-0.5220339008857667
CSO-12-7B-SMUGU,0.0,2.900389906136951,0.0,0.0,-0.44646616164465824,-0.8002764868791102,-0.44646616164465824,-0.19771492142935468,-1.3379794471581146,-0.4652054321891816,-2.193636849794359,-1.7609330656298912,-0.9731972084868474,-1.009504968471499,-0.3842564384470486
CSO-12-7B-SSARA,0.0,3.3977247792473397,0.0,0.0,-0.47596183774936923,-0.8127882869931445,-0.47596183774936923,-0.14052029544209294,-1.0128064188653914,-0.49395266472040006,-2.5561664527305563,-2.0433230627276617,-0.3428989707382474,-0.5468617805779414,-0.34348834645730497
CSO-12-8A-YTOME,0.0,3.553661181714727,0.0,0.0,-0.4468718997896661,-0.7731620508749465,-0.4468718997896661,-0.22328478325382192,-1.3059749352667527,-0.46008909687733257,-2.551640512848248,-2.0097525792535493,-1.0265546442625888,-1.091627686681919,-0.37688188936917816
CSO-13-6A-ANASA,0.0,2.8661378750156987,0.0,0.0,-0.5002439520728781,-0.8487729734165181,-0.5002439520728781,-0.22151312080054816,-1.1043316013851814,-0.5166672014385714,-2.2121794072963663,-1.7650510192432058,-1.2468363135756881,-1.0641546384492373,-0.4348473973537053
CSO-13-6B-JETAVE,0.0,2.5005154169601758,0.0,0.0,-0.4060592233406336,-0.9167706418054854,-0.4060592233406336,-0.17238434623010354,-0.331646969720154,-0.4122121201335483,-1.8819982538108107,-1.425018412567374,-0.36477495098545215,-0.3027506103457635,-0.35374431351437685
CSO-13-6B-LFMIES,0.0,2.127082894398385,0.0,0.0,-0.6280157835812525,-0.8499056400987584,-0.6280157835812525,-0.33625295164847946,0.20943556915674685,-0.6873181063272726,-1.7868344714866602,-1.3378074100805661,-0.9371512069022061,-0.4073316956757568,-0.5857268136120584
CSO-13-6B-LJMAHU,0.0,2.9606637924543175,0.0,0.0,-0.381435948412373,-0.8107958649685222,-0.381435948412373,-0.22225567619432396,-1.2880539556590922,-0.396894896580716,-2.1534579449310542,-1.7189804528340789,-1.0751872234345594,-1.184568809876003,-0.32569336262233434
CSO-13-7A-CAPAMU,0.0,2.5381024307199453,0.0,0.0,-0.32741491476204715,-0.7396919008451793,-0.32741491476204715,-0.17586311452816475,-1.199958547796244,-0.3565050801339922,-1.8292047534135338,-1.480013639238613,-0.910733929172488,-1.0451833728202238,-0.2775136846150828
CSO-13-7A-CDDITR,0.0,3.447470452871238,0.0,0.0,-0.4601860581627084,-0.7152220429517081,-0.4601860581627084,-0.15074333686075023,-1.4099708016797539,-0.48640492537104957,-2.5275507227345084,-2.0338792526202734,-1.0790548058001643,-1.1959680357814182,-0.33147937608192696
CSO-13-7A-JJATFL,0.0,3.498928862597053,0.0,0.0,-0.4014428001671764,-0.7654350052450996,-0.4014428001671764,-0.19258953282184677,-1.8441796916695066,-0.43061368523348814,-2.4913624136266126,-1.9706071908705667,-1.5213880634749954,-1.6844839087817916,-0.3265311226942316
CSO-13-7A-RXCHLU,0.0,3.445661742381287,0.0,0.0,-0.5017328597778307,-0.854006921835326,-0.5017328597778307,-0.3333333333333333,-1.549431029250056,-0.5554395594486938,-2.605156928536335,-2.0229465849795307,-1.2139251590207685,-1.380197183700225,-0.4236165257722078
CSO-13-7A-YAMEZA,0.0,3.4712047940448056,0.0,0.0,-0.5393308788692646,-0.9438185346773096,-0.5393308788692646,-0.29488391230979427,-0.8380142710418282,-0.5838193816777028,-2.7449635480537884,-2.2866167841393445,-1.3247266976891314,-1.0591463607706089,-0.5650526511715428
CSO-13-8A-KIGAGU,0.0,2.79600949271438,0.0,0.0,-0.4133232247493696,-0.8627095886081984,-0.4133232247493696,-0.24147800865256114,-1.3885996609273665,-0.46448074402126044,-2.113432556513364,-1.5965260645291182,-0.8715303235774532,-0.9719835438975433,-0.4227217824370423
CSO-13-8A-MBUAN,0.0,3.436563900338656,0.0,0.0,-0.45858960442016095,-0.8227399924465686,-0.45858960442016095,-0.3324493418219968,-1.5232151067838706,-0.5558235584267616,-2.6410011852283413,-2.065183664772357,-1.6204927212928062,-1.6597131731424917,-0.45365862343953023
CSO-13-8A-MGAAN,0.0,3.098753944191728,0.0,0.0,-0.4587970271777277,-0.7827239933080427,-0.4587970271777277,-0.21871758384361661,-1.1125763602513006,-0.4894005156437634,-2.326924700231963,-1.8570438724111553,-0.8688279604215479,-0.8863437123989446,-0.3824749277398327
CSO-13-8A-MGAHE,0.0,2.743865662112931,0.0,0.0,-0.35245278908892025,-0.7302201628243381,-0.35245278908892025,-0.19371398764229708,-1.1482365701706418,-0.3618241285846379,-1.9902245288895226,-1.5854563286808305,-0.6701237755886879,-0.8161021961046525,-0.321365790294411
CSO-13-8A-MJAGA,0.0,3.4595137813319643,0.0,0.0,-0.42668694659713324,-0.7588719853653485,-0.42668694659713324,-0.12873935574673565,-2.0639118649282353,-0.41749335176053376,-2.5485358114164196,-2.2563376924322296,-1.3592217299144,-1.5999991280360268,-0.36492998915015
CSO-13-8A-VHODU,0.0,3.319128612390112,0.0,0.0,-0.48705678739484887,-0.7917689358154579,-0.48705678739484887,-0.20412414523193154,-2.1561643455282464,-0.46852128566581824,-2.484185901365418,-2.196145292893386,-2.2517243175264885,-2.1153978048561544,-0.3484662230499892
CSO-13-8B-FCJISA,0.0,2.2655744063371417,0.0,0.0,-0.29283453207795324,-0.7541111374304985,-0.29283453207795324,-0.04396577863204119,-1.0087543359991598,-0.2997167726250212,-1.5830656052501044,-1.2491146833284368,-1.0223637303341695,-1.0703598677352386,-0.08770507343959777
CSO-13-8B-JEMABE,0.0,2.547224083180997,0.0,0.0,-0.38398875717712155,-0.7965742704452463,-0.38398875717712155,-0.1593601286926538,-0.7081281244085759,-0.40971613285683006,-1.971184624366373,-1.5795137637550742,-0.43874535108174917,-0.4414844018568296,-0.35734475636489704
CSO-13-9B-DMLLLU,0.0,3.309120397316535,0.0,0.0,-0.42354655255943036,-0.7718449849879598,-0.42354655255943036,-0.10050378152592122,-1.948253466879696,-0.4396787718714282,-2.4627039245538143,-2.031047117937515,-1.7436990826684236,-1.8083618411647346,-0.2867717873691147
CSO-14-7A-MVEBE,0.0,3.544304092945183,0.0,0.0,-0.43148400027826295,-0.8551861104941364,-0.43148400027826295,-0.17586311452816475,-1.1965592340655558,-0.45360391860599925,-2.6337835170702317,-2.1633716984872056,-1.724966725499838,-1.4567715450366423,-0.3124486847896255
CSO-14-7B-EVEGO,0.0,2.6670625512736836,0.0,0.0,-0.6158403678060722,-0.8670919136126346,-0.6158403678060722,-0.3528302118868891,-0.7323623567058861,-0.6733934492185146,-2.2073955063833806,-1.6783603826573659,-0.7539686243969173,-0.8507554187006869,-0.6098087793216462
CSO-14-8A-MCIDOS,0.0,3.0750009301225707,0.0,0.0,-0.46279762485732295,-0.922238362768627,-0.46279762485732295,-0.19245008972987523,-2.033694491922623,-0.4285372672044642,-2.3595859835075887,-1.9143843679626786,-1.4178430806927924,-1.6270296717880561,-0.39960305891637465
CSO-14-8A-SZARA,0.0,2.823747132832584,0.0,0.0,-0.42960500806689084,-0.8338530966571538,-0.42960500806689084,-0.2434020903948293,-1.1704644888707194,-0.4839426467264079,-2.0462911263450847,-1.5931630500276843,-0.9651346571522885,-1.0240174989171722,-0.4159607350223299
CSO-14-8B-JLLORA,0.0,2.4971532092555995,0.0,0.0,-0.4052612319750442,-0.7995100638866429,-0.4052612319750442,-0.12466963682863208,-0.8202716457274212,-0.4001649071185298,-1.8410115151940634,-1.3638808983326638,-0.9368468246517526,-0.8162767482165902,-0.2771215288724499
CSO-14-9A-AEDCAGO,0.0,2.85102582690475,0.0,0.0,-0.37154684461834797,-0.7870706102569205,-0.37154684461834797,-0.21271839559821576,-0.8340597534366577,-0.39722124183456703,-2.0596425928861932,-1.573392591021793,-0.4256432332410048,-0.5405998088321373,-0.3498266297705911
CSO-14-9A-HASACA,0.0,3.1968799126903553,0.0,0.0,-0.507951864222061,-0.8586108583280477,-0.507951864222061,-0.28666072968200396,-1.5409421809698798,-0.55055806566157,-2.486798567920852,-2.0303747635653826,-1.5749285158268673,-1.4486609264325134,-0.4495024777893223
CSO-14-9A-MARJA,0.0,2.862534215379543,0.0,0.0,-0.37058610622893134,-0.7972024958780268,-0.37058610622893134,-0.19902407060639662,-1.0123191051215827,-0.3919833378646663,-2.081798903843248,-1.5683928502164408,-0.7651539572345916,-0.8218277362374,-0.33655312809369536
CSO-14-9A-SORZU,0.0,2.267984014140218,0.0,0.0,-0.40252618465062306,-0.8319144264971449,-0.40252618465062306,-0.18219281448185462,-0.7666320553767096,-0.4219252997393557,-1.721580661382573,-1.2639730380942702,-1.043251334730564,-0.855350468360915,-0.3387470309376211
CSO-14-9B-ERAGA,0.0,3.0913860506787105,0.0,0.0,-0.47175323726491836,-0.7117628644184679,-0.47175323726491836,-0.13189733589612357,-0.9988580358652148,-0.4790058766486187,-2.193493348180317,-1.7785072801945272,-0.7758629720364238,-0.8697419531466115,-0.28775200140153595
CSO-14-9B-MFEGA,0.0,3.5217575210464513,0.0,0.0,-0.4617462839334169,-0.8180956331043807,-0.4617462839334169,-0.23809523809523814,-1.3642420666361212,-0.4846343927569665,-2.608985242500202,-2.146591505439454,-1.1671899935042744,-1.1606692371309033,-0.38181598701237784
CSO-15-10A-LJRAGU,0.0,2.521101320396571,0.0,0.0,-0.41877895833017637,-0.8152712530096053,-0.41877895833017637,-0.22716620144595331,-0.8508530762823141,-0.4552527382216129,-1.911808725101053,-1.4314100266385859,-0.5188606382884843,-0.5055752447803362,-0.4020495412588114
CSO-15-10A-MAARLO,0.0,2.7849445020171126,0.0,0.0,-0.4266115989800272,-0.8518580655922151,-0.4266115989800272,-0.225107372556266,-1.4267724922645955,-0.4444800826617248,-2.0980872063138585,-1.599429612122997,-1.122944185473438,-1.149028339501913,-0.39962320748056634
CSO-15-10A-SFEGA,0.0,4.173921283127865,0.0,0.0,-0.29580044514131293,-0.6929301887558917,-0.29580044514131293,-0.14347443230746806,-1.9077797404741794,-0.3264030701228559,-2.805863239441694,-2.2813572110449396,-1.5908355155395177,-1.7810926512762035,-0.2911080659469045
CSO-15-10B-MEBUAR,0.0,2.7987022059345326,0.0,0.0,-0.5339065017726937,-0.8643965054908491,-0.5339065017726937,-0.43918950587148603,-1.7781900460325537,-0.7035495859589442,-2.316368536603046,-1.9035293817666536,-1.252231860953033,-1.123512418293236,-0.6645364922871406
CSO-15-10B-YVBUAN,0.0,3.8682979273551963,0.0,0.0,-0.31437863515815456,-0.7469538084338401,-0.31437863515815456,-0.18045917504984071,-1.715213440084636,-0.34442071079075504,-2.5995902640617725,-2.011414088347167,-1.695084605677321,-1.7110690969813893,-0.2689391138303307
CSO-15-10C-ALBAHO,0.0,4.001100954745619,0.0,0.0,-0.33433872951583776,-0.7816676097509,-0.33433872951583776,-0.18742770605514422,-1.6504966269744439,-0.37523022801015293,-2.76547803766936,-2.137120221399536,-1.3856996182784806,-1.539822228116029,-0.2977360289722561
CSO-15-10C-SSCAMO,0.0,2.5525237220288783,0.0,0.0,-0.412824153420631,-0.8487060298859656,-0.412824153420631,-0.20821142651519506,-0.5626139423111471,-0.4448299348459147,-1.924613453395305,-1.4365058607850603,-0.6995987642331263,-0.6320605011717312,-0.3795610550230589
CSO-15-11C-JETALO,0.0,3.2298931658379653,0.0,0.0,-0.37061906883025886,-0.7913445058279789,-0.37061906883025886,-0.20972792668315138,-1.1967522325087656,-0.3996646920366258,-2.343350278021169,-1.904642417928839,-0.8660479270830894,-0.9562945385933442,-0.3778718758278891
CSO-15-7B-JCRAGA,0.0,2.789720373534966,0.0,0.0,-0.3547415675827407,-0.7580565189646341,-0.3547415675827407,-0.19371398764229708,-1.7024444480892138,-0.37654883079814067,-1.9892411157425014,-1.5180959445317412,-1.317188064013519,-1.4863385020442095,-0.3327773513021664
CSO-15-8A-VBMABR,0.0,3.8506172844629774,0.0,0.0,-0.36927447293799814,-0.7284313590846836,-0.36927447293799814,-0.14285714285714288,-2.0674038580945653,-0.3442141954107571,-2.6774743505696237,-2.2858699369899864,-1.6193073695434181,-1.8183097345711747,-0.33049047205759713
CSO-15-8B-KEPOGO,0.0,3.0563495049017217,0.0,0.0,-0.4936258837698759,-0.8628517975502713,-0.4936258837698759,-0.14285714285714288,-1.254512696831876,-0.5069719851645081,-2.4153989718043753,-1.8736788852055262,-0.35942537872389246,-0.6032391754342404,-0.41204178970157607
CSO-15-9B-ALRIHE,0.0,2.5048243115748012,0.0,0.0,-0.5670103918122528,-0.8798777034974958,-0.5670103918122528,-0.3484629684817328,0.090134841702745,-0.6332305983700092,-2.0103120483425965,-1.5069772299433322,0.10236679213835409,0.4234004839072039,-0.49892376845343717
CSO-15-9B-AMSAGO,0.0,3.4323944176111025,0.0,0.0,-0.43643578047198484,-0.7572712299036657,-0.43643578047198484,-0.14285714285714288,-1.6992700642076741,-0.42211588240886916,-2.538278706253079,-2.2626554937121144,-1.3599469808166276,-1.4012296437736995,-0.39465740459739274
CSO-15-9B-JCAPA,0.0,2.5344036091913273,0.0,0.0,-0.34158254775281505,-0.738096105287027,-0.34158254775281505,-0.132075226994817,-1.0028661912556924,-0.3663762070338712,-1.7940413422710746,-1.4687302021849578,-0.654683311481662,-0.7720175849937306,-0.27203646030691675
CSO-15-9B-KSBEJA,0.0,2.0044169652279407,0.0,0.0,-0.39660782455565385,-0.8387225059268605,-0.39660782455565385,-0.186872930110866,-0.14133034337756428,-0.419799471143835,-1.5499797038621028,-1.127207444623594,-0.1711811956207274,-0.11340264385920754,-0.33109601082852513
CSO-15-9B-RMCHLU,0.0,3.4601362281699344,0.0,0.0,-0.4221245497002795,-0.7753689314485218,-0.4221245497002795,-0.12873935574673565,-1.6122366802276191,-0.40544485074845865,-2.5228862256164954,-1.9881063263138907,-1.2361287960326546,-1.3286825189372413,-0.3382962770389381
CSO-15-9B-SJAGRO,0.0,3.2854150998983958,0.0,0.0,-0.5044566789039913,-0.7459206060323422,-0.5044566789039913,-0.28356551366826555,-1.2557738111658232,-0.5283242087004939,-2.550214271185495,-2.1881817017302447,-1.4497868104342686,-1.4309691533866118,-0.4521060944826538
CSO-16-10A-JEGAHE,0.0,3.463062635372392,0.0,0.0,-0.4777890365303335,-0.7531257758557519,-0.4777890365303335,-0.23923788790814937,-2.207096838504227,-0.5018206676691697,-2.574063826722827,-2.1630725907235338,-2.0137437995390575,-2.0721088007807986,-0.39520697106106606
CSO-16-10A-MSACO,0.0,3.325207354827597,0.0,0.0,-0.3511514694253088,-0.7579391540279636,-0.3511514694253088,-0.23999554855033015,-1.5583023351156147,-0.4017412532918689,-2.3624621472966756,-1.826058262377825,-1.5255055589139914,-1.4792091146002482,-0.383038833667983
CSO-16-10A-SMOUT,0.0,3.0414938091242263,0.0,0.0,-0.3695577816313522,-0.7810796734475591,-0.3695577816313522,-0.21602757903496253,-1.9249709621589717,-0.39457425958394104,-2.1700056203193734,-1.6047251869674244,-1.495240360962329,-1.6479172206140533,-0.35343720580078053
CSO-16-10B-JESUGU,0.0,3.853119054040433,0.0,0.0,-0.35434161490091715,-0.7544529076454785,-0.35434161490091715,-0.11109212185872663,-1.9109233458967712,-0.3476942052385198,-2.6938613563447786,-2.1823408115453296,-1.5581397523161624,-1.7625232207464219,-0.2677597942142569
CSO-16-10B-LTVIFA,0.0,2.8586395104414297,0.0,0.0,-0.36908427351166945,-0.7644713701606184,-0.36908427351166945,-0.18271199708528982,-1.5661831294974344,-0.38509546729034644,-2.0693484380412106,-1.5815808443623967,-1.187926996103918,-1.3474019443430485,-0.31448345695402063
CSO-16-10B-VVILI,0.0,2.5469423576633976,0.0,0.0,-0.408144361866432,-0.767638379154873,-0.408144361866432,-0.17171000652828253,-1.502735817019582,-0.4016267733824219,-1.9278717419340794,-1.4916819783728847,-1.0517655402291133,-1.2231225689141245,-0.29303135344334813
CSO-16-10C-MAVAVE,0.0,2.636809803830104,0.0,0.0,-0.3372035086014555,-0.8166530866518943,-0.3372035086014555,-0.11107881787520446,-1.0273006424672793,-0.34354212763509145,-1.8262181737512333,-1.4159140890393689,-0.7960648321075118,-0.8892550557004594,-0.2214381442490298
CSO-16-11A-JAVABO,0.0,2.5371121857278953,0.0,0.0,-0.5641519475835701,-0.7582496212034737,-0.5641519475835701,-0.25264557631995566,-1.622870714609483,-0.5675318095554224,-2.037773969546594,-1.579067245694021,-0.7106690545187014,-0.9162766916427413,-0.4803380670194951
CSO-16-11A-JDMUVA,0.0,3.669447593047684,0.0,0.0,-0.3976308060858263,-0.832492061170402,-0.3976308060858263,-0.2377735310311432,-1.0750888870253186,-0.4378312526124007,-2.6161302656925787,-2.0198295568415046,-0.8862814737147887,-0.9612232404947486,-0.34253705275884366
CSO-16-11A-VZAOR,0.0,2.564557910415951,0.0,0.0,-0.34876753736640903,-0.7978844490779965,-0.34876753736640903,-0.14283921779334052,-0.6327574028621733,-0.37118776388601205,-1.8275805884501446,-1.3719467088069073,-0.8180893664982476,-0.688905497750656,-0.26543538014327284
CSO-16-11B-KRORE,0.0,2.712615410252884,0.0,0.0,-0.5133407644323306,-0.9748231687898818,-0.5133407644323306,-0.2386161505705351,-0.22484263573691132,-0.5116368281744276,-2.0802356674840103,-1.543129796512549,-0.5239007981515957,-0.41278900020720394,-0.46022374436207486
CSO-16-11B-LLOZA,0.0,3.1933759589019504,0.0,0.0,-0.5808452585933552,-0.9788663055944546,-0.5808452585933552,-0.3909915753522645,0.13723440371678322,-0.6076291456665095,-2.539722804384777,-2.0243252133398504,-0.7594645254571428,-0.4797635986176678,-0.6487046899940332
CSO-16-11B-YAROMO,0.0,2.177259158265867,0.0,0.0,-0.405874966640242,-0.8844349222414613,-0.405874966640242,-0.20052404401839072,-0.14567339517211733,-0.4327202847375523,-1.6416110738031735,-1.1884806960471153,-0.31519805506794035,-0.25905653154984315,-0.3687541668530978
CSO-16-9A-JALEMO,0.0,2.305992364824163,0.0,0.0,-0.42354655255943036,-0.8166921161895103,-0.42354655255943036,-0.25264557631995566,-0.7492868563888443,-0.4803844614152615,-1.7692740541226615,-1.271285584286734,-0.1232185974083553,-0.29714054116226596,-0.4686168324984671
CSO-16-9A-JPROSO,0.0,3.214319744361975,0.0,0.0,-0.4369215554213869,-0.8013124038694605,-0.4369215554213869,-0.2897385658858502,-1.010617380134827,-0.5080783857328087,-2.408460248440298,-1.9344719061218352,-1.0269266080970396,-0.881718869483409,-0.455868686253836
CSO-16-9A-JSMAGU,0.0,3.215223374763522,0.0,0.0,-0.47445860789675565,-0.8538088987868299,-0.47445860789675565,-0.23486056850833878,-1.0972401638319742,-0.4957830638648937,-2.461654944980035,-2.004402699190909,-1.1332364090070335,-1.1152111712240573,-0.410866302680855
CSO-16-9B-SJPAJI,0.0,3.6069966583546713,0.0,0.0,-0.46852128566581813,-0.7144826158960458,-0.46852128566581813,-0.27435163058436723,-2.258029331480208,-0.535120049672521,-2.6639417520802358,-2.129999888553681,-1.7722799362631754,-2.022862712369569,-0.4419477190721429
CSO-17-10A-YVGOCA,0.0,3.8010108628274266,0.0,0.0,-0.43023744123165436,-0.7887012276987342,-0.43023744123165436,-0.2570668782521005,-1.4879117330052674,-0.4760058786282243,-2.8831161645557666,-2.432593612068623,-1.720982729887196,-1.5481339578925288,-0.40612087317897716
CSO-17-10B-EHECO,0.0,2.723965969541652,0.0,0.0,-0.517778234187301,-0.7952225435074352,-0.517778234187301,-0.2142543454240602,-1.300506994253901,-0.5132007722291083,-2.1219646803391257,-1.7394424850882004,-0.776211710571091,-0.8833119267764993,-0.4535496503084777
CSO-17-11A-JDAMO,0.0,2.7421550217967816,0.0,0.0,-0.3734592541073187,-0.8418816172441138,-0.3734592541073187,-0.2476684174543595,-0.9764853313069857,-0.4144289076689725,-2.011770185178594,-1.5031818332652247,-0.6660112906546886,-0.6813907948042903,-0.3931281177316937
CSO-17-11A-NPAHE,0.0,3.6111206244817997,0.0,0.0,-0.48705678739484887,-0.8789200363050959,-0.48705678739484887,-0.33333333333333337,-1.2778165012057685,-0.5471529031050638,-2.6796917787473244,-2.030527517166794,-1.6606534330876406,-1.424156496968948,-0.36897456942736295
CSO-17-11A-RLPAIG,0.0,2.3505157191754966,0.0,0.0,-0.5383779872965012,-0.8849399848197286,-0.5383779872965012,-0.3268816575799874,0.32863167803833715,-0.59506462910118,-1.8722507959627352,-1.3892751979686897,-0.7156973412337433,-0.06888928107301852,-0.5607738609740283
CSO-17-11A-SPUVA,0.0,2.828085199836875,0.0,0.0,-0.29441854080047136,-0.695703360430904,-0.29441854080047136,-0.1593601286926538,-1.425146447902256,-0.3134728657828637,-1.9297298782882808,-1.5955875490118516,-1.3017931316218612,-1.3667765055968442,-0.21837210817274305
CSO-17-11B-CDBEBU,0.0,2.1263552136320536,0.0,0.0,-0.3211443291254359,-0.7531448479017325,-0.3211443291254359,-0.10624008579510254,-0.6131264464023559,-0.3268957479182523,-1.6131053598401035,-1.2801455424914905,-0.411844683251094,-0.4988126874726804,-0.18831963538525764
CSO-17-11C-JDAAG,0.0,3.3213961613167178,0.0,0.0,-0.3144854510165755,-0.8221786020271296,-0.3144854510165755,-0.2294157338705618,-1.7323197752211874,-0.36174054197616323,-2.30672244144791,-1.645222756638,-1.372812945967288,-1.5006874713549225,-0.35920900781872467
CSO-17-11C-MAPAMA,0.0,3.0905738912598095,0.0,0.0,-0.4204295517280836,-0.7428572646238877,-0.4204295517280836,-0.16486112397115746,-1.854392592205869,-0.4132530424298415,-2.272860697565823,-1.858854143551688,-1.7193695875284731,-1.7150360111540273,-0.35080886959890045
CSO-17-11C-MCAAG,0.0,4.1057992808766315,0.0,0.0,-0.31561794176027846,-0.7062584666168482,-0.31561794176027846,-0.12122785426712328,-2.070531360407854,-0.3157135581844795,-2.7402062366406144,-2.131700545279789,-1.7564008313192143,-1.9372264226188687,-0.2723479453681154
CSO-17-11C-SARJA,0.0,3.5161022506027435,0.0,0.0,-0.3743204969752162,-0.7181942384360582,-0.3743204969752162,-0.170288566792019,-1.6687127858652904,-0.3971467223872174,-2.341229899006767,-1.9084975107374293,-1.7151406542809315,-1.6542841950166205,-0.32769789707726926
CSO-18-11A-ADBAHO,0.0,4.622429718724263,0.0,0.0,-0.3515615246553262,-0.7972176851717339,-0.3515615246553262,-0.23928028088598594,-1.537847317128485,-0.4171551884680274,-3.405174290299778,-2.72558527830929,-1.4221613617573095,-1.3970789580045677,-0.3624752686046435
CSO-18-9B-MAMOLO,0.0,3.4063199617684643,0.0,0.0,-0.41741141565623735,-0.7968933251984601,-0.41741141565623735,-0.1801058238759708,-1.3207343053162792,-0.40857593120380703,-2.5314807117106026,-2.0358707428507703,-1.4365916669814263,-1.5088747633904267,-0.3587813296356685
CSO-8-3A-AIPRBR,0.0,2.788154718857194,0.0,0.0,-0.5135474015945223,-0.8950664084499443,-0.5135474015945223,-0.2683206615584422,-1.2280157608567006,-0.53437676293704,-2.210176780852861,-1.7339035982449733,-1.0307289092706813,-0.8330160808933869,-0.47813295112832277
CSO-8-3A-DAPAVA,0.0,1.7357063806267896,0.0,0.0,-0.5097188615938965,-0.9864737295828493,-0.5097188615938965,-0.32514235526462565,-1.3836400255012054,-0.5752340402074669,-1.4581856859797016,-0.9763939562728778,-0.8349851595792118,-0.999068254116771,-0.5561897875407333
CSO-8-4A-ARAGR,0.0,1.9287669830248202,0.0,0.0,-0.3634606342198095,-0.872198064975146,-0.3634606342198095,-0.18999362988004814,-0.024172892947406044,-0.39791426253599194,-1.483187566539442,-1.0700430361048774,-0.9058068353562958,-0.5320658711951056,-0.3625117611689985
CSO-8-4A-JRAAR,0.0,2.3056176808149216,0.0,0.0,-0.6255432421712244,-0.8191674960786206,-0.6255432421712244,-0.28193917035448735,-0.677404969360643,-0.6173003741882411,-1.9664433191954025,-1.4667206750008401,-0.3282472458120075,-0.13006986155511865,-0.573635385920177
CSO-9-2A-EXMOCO,0.0,2.836093304233233,0.0,0.0,-0.4551985253232506,-0.7631959507215645,-0.4551985253232506,-0.20299599584523118,-0.8799984112527915,-0.46317220671777787,-2.1260194044774363,-1.7400560990074225,-0.7430600073212652,-0.604887850635282,-0.4021012240831184
CSO-9-4A-AGAPE,0.0,2.402545388094522,0.0,0.0,-0.6,-0.935759658214234,-0.6,-0.29488391230979427,0.7324670207647143,-0.6328145078635634,-1.963710411484215,-1.425363967943262,0.26755633004681856,0.13964852989406842,-0.5036509621344356
CSO-9-4A-DKVIMO,0.0,2.3020177340801045,0.0,0.0,-0.46852128566581813,-0.9271726499455307,-0.46852128566581813,-0.30151134457776363,-0.8767663931498335,-0.5374767446821003,-1.836356931347285,-1.3257200508211204,-0.4258298903022098,-0.4788230368732013,-0.5189929612219752
CSO-9-4A-DSMOMU,0.0,2.35577434130558,0.0,0.0,-0.4011363882761322,-0.8489442154645113,-0.4011363882761322,-0.19531609579082024,-0.5143757295664323,-0.43180213144520635,-1.76798730860739,-1.2824138837758123,-0.09136718541177741,-0.18451079993256608,-0.36429440614244446
CSO-9-4A-DVGATO,0.0,2.7543641659955203,0.0,0.0,-0.6332631738600083,-0.9019497119566413,-0.6332631738600083,-0.28193917035448735,-0.2111738073792638,-0.6186709703474185,-2.2557078750815593,-1.6748089656985297,-0.5916495512206186,-0.5694043243676781,-0.5306933340495721
CSO-9-4A-EGCAMO,0.0,2.1466089614488273,0.0,0.0,-0.3194796095982208,-0.826733777046566,-0.3194796095982208,-0.0796800643463269,-0.47035621427398444,-0.32379317369283317,-1.5900635701947643,-1.2078466668946004,-0.29442563913916453,-0.3687647658340173,-0.17695401225322893
CSO-9-4A-FAGIGA,0.0,2.6545473739420062,0.0,0.0,-0.5154224419533943,-0.8098533512345589,-0.5154224419533943,-0.23414996819453196,-0.653580841982078,-0.5218643250239686,-2.0790898936411923,-1.5440695320655353,-0.9189226471895657,-0.6955108410370103,-0.4613307458798221
CSO-9-4A-KEMOCO,0.0,3.371232366744563,0.0,0.0,-0.3887169965089985,-0.748656650600636,-0.3887169965089985,-0.16541708453850784,-1.3003393273905548,-0.3988455420154796,-2.4240886911291266,-1.8673255667369137,-1.0116519528413586,-1.069630416974191,-0.3320932087098173
CSO-9-4A-LCOMO,0.0,3.0709710919458546,0.0,0.0,-0.473340467597357,-0.7992582817409136,-0.473340467597357,-0.17719347383770814,-1.1167570638343443,-0.47313929498699303,-2.303783069511661,-1.831920436839899,-0.31713944046079773,-0.5032405736250576,-0.3904531479319133
CSO-9-4A-MLORO,0.0,2.23861950469273,0.0,0.0,-0.3744621731550109,-0.8646255081619807,-0.3744621731550109,-0.198103469705318,-0.2807750842142345,-0.4049482862767309,-1.701172524912759,-1.2821083131390099,-0.698474839904196,-0.5578853579864984,-0.3679795748590787
CSO-9-4A-MPAME,0.0,2.8093446969074622,0.0,0.0,-0.35633158904644796,-0.7284313590846836,-0.35633158904644796,-0.17586311452816475,-1.6328962799377817,-0.3779644730092271,-1.9966884666941778,-1.5695703628437376,-1.2945509140105373,-1.468171130684675,-0.32193017991578227
CSO-9-4A-NSARPA,0.0,2.3988889785632743,0.0,0.0,-0.5131435022025926,-0.8195794791978679,-0.5131435022025926,-0.26872873928263247,-1.138578407051584,-0.5505778185580349,-1.898851676113321,-1.427671923219183,-1.1277286676677991,-0.996553775680675,-0.4771582002953568
CSO-9-4A-YVDITR,0.0,3.1888728331092198,0.0,0.0,-0.4040556673932257,-0.8425151997887004,-0.4040556673932257,-0.18613643836385235,-1.188922863009086,-0.4343562635703357,-2.3610607066261426,-1.7594508209217632,-0.8661191623455902,-0.8979260825857409,-0.38562539876015034
