file,z_wc,z_nodes,z_edges,z_re,z_pe,z_l1,z_l2,z_l3,z_lcc,z_lsc,z_atd,z_density,z_diameter,z_asp,z_cc
CDMS-10-4A-JURAN,0.0,0.0,0.0,-0.3865556717425342,0.0,0.0,0.0,0.0,0.0,0.0,0.0,0.0,0.0,0.0,0.0
CDMS-10-5A-HEPIHO,0.0,0.0,0.0,0.0,0.0,0.0,0.0,0.0,0.0,0.0,0.0,0.0,0.0,0.0,0.0
CDMS-10-5A-KSRAGU,0.0,0.0,0.0,0.0,0.0,0.0,0.0,0.0,0.0,0.0,0.0,0.0,0.0,0.0,0.0
CDMS-10-5A-SROPU,0.0,0.0,0.0,-0.4524785330689015,0.0,0.0,0.0,0.0,-0.4312217958944183,0.0,0.0,0.0,0.015082424435169056,-0.18729750132519335,0.0
CDMS-10-5A-SZURO,0.0,0.0,0.0,2.064741604835056,0.0,0.0,0.0,0.0,-1.7075311565539326,0.0,0.0,0.0,-1.0202040612204066,-1.5083703259339194,0.0
CDMS-10-5B-SRAJA,0.0,0.0,0.0,0.0,0.0,0.0,0.0,0.0,0.0,0.0,0.0,0.0,0.0,0.0,0.0
CDMS-10-5C-DAAUSA,0.0,0.0,0.0,0.0,0.0,0.0,0.0,0.0,0.0,0.0,0.0,0.0,0.0,0.0,0.0
CDMS-10-5C-ICAPA,0.0,0.0,0.0,0.5309565835518205,0.0,0.0,0.0,0.0,-0.5309565835518202,0.0,0.0,0.0,-0.5309565835518202,-0.5309565835518205,0.0
CDMS-10-5C-JFALGI,0.0,0.0,0.0,0.0,0.0,0.0,0.0,0.0,0.0,0.0,0.0,0.0,0.0,0.0,0.0
CDMS-10-5C-MAORTO,0.0,0.0,0.0,0.0,0.0,0.0,0.0,0.0,0.0,0.0,0.0,0.0,0.0,0.0,0.0
CDMS-10-5C-NBEMO,0.0,0.0,0.0,0.0,0.0,0.0,0.0,0.0,0.0,0.0,0.0,0.0,0.0,0.0,0.0
CDMS-10-6B-ASCACO,0.0,0.0,0.0,0.0,0.0,0.0,0.0,0.0,0.0,0.0,0.0,0.0,0.0,0.0,0.0
CDMS-10-6B-JJMOBE,0.0,0.0,0.0,-0.34310225971236236,0.0,0.0,0.0,0.0,0.757001565565956,0.0,0.0,0.0,0.4073302318780999,0.6291079270113393,0.0
CDMS-11-4A-GACHSA,0.0,0.0,0.0,0.0,0.0,0.0,0.0,0.0,0.0,0.0,0.0,0.0,0.0,0.0,0.0
CDMS-11-5A-EAARCA,0.0,0.0,0.0,0.0,0.0,0.0,0.0,0.0,0.0,0.0,0.0,0.0,0.0,0.0,0.0
CDMS-11-5A-MGTHAR,0.0,0.0,0.0,0.9431801188368527,0.0,0.0,0.0,0.0,-0.9776002085547332,0.0,0.0,0.0,0.16552117772047373,-0.48978411773046004,0.0
CDMS-11-6A-DFVEBE,0.0,0.0,0.0,0.7922151555498942,0.0,0.0,0.0,0.0,-0.522898881079765,0.0,0.0,0.0,0.5645493517444262,-0.08516756241129232,0.0
CDMS-11-6A-NMREPR,0.0,0.0,0.0,0.0,0.0,0.0,0.0,0.0,0.0,0.0,0.0,0.0,0.0,0.0,0.0
CDMS-11-6B-ARAHE,0.0,0.0,0.0,-0.38535544987978076,0.0,0.0,0.0,0.0,-0.4430677505063662,0.0,0.0,0.0,-0.345314241971593,-0.3636202304986387,0.0
CDMS-11-6B-AVROTO,0.0,0.0,0.0,0.0,0.0,0.0,0.0,0.0,0.0,0.0,0.0,0.0,0.0,0.0,0.0
CDMS-11-6B-EAFESA,0.0,0.0,0.0,0.0,0.0,0.0,0.0,0.0,0.0,0.0,0.0,0.0,0.0,0.0,0.0
CDMS-11-6B-EFRGR,0.0,0.0,0.0,-0.10206207261596577,0.0,0.0,0.0,0.0,0.03916302249939773,0.0,0.0,0.0,0.03916302249939773,0.039163022499398244,0.0
CDMS-11-6B-EROCO,0.0,0.0,0.0,1.4222261679238195,0.0,0.0,0.0,0.0,-0.858955690387333,0.0,0.0,0.0,-0.8589556903873334,-0.8589556903873334,0.0
CDMS-11-6B-JACUPE,0.0,0.0,0.0,1.2522599089223732,0.0,0.0,0.0,0.0,-0.9899087341100274,0.0,0.0,0.0,0.0,-0.4114953628034849,0.0
CDMS-11-6B-JDCHBA,0.0,0.0,0.0,0.44183608216846226,0.0,0.0,0.0,0.0,0.0,0.0,0.0,0.0,0.0,0.0,0.0
CDMS-11-6B-JFSAHE,0.0,0.0,0.0,0.0,0.0,0.0,0.0,0.0,0.0,0.0,0.0,0.0,0.0,0.0,0.0
CDMS-11-6B-JLPENA,0.0,0.0,0.0,0.0,0.0,0.0,0.0,0.0,0.0,0.0,0.0,0.0,0.0,0.0,0.0
CDMS-11-6B-JMARME,0.0,0.0,0.0,1.6525736108817581,0.0,0.0,0.0,0.0,-1.2377054955105524,0.0,0.0,0.0,-1.175541397996739,-1.1755413979967395,0.0
CDMS-11-6B-JPSAMA,0.0,0.0,0.0,0.4981610824055757,0.0,0.0,0.0,0.0,-1.1007563228556463,0.0,0.0,0.0,-2.103403295686641,-1.6184141072962084,0.0
CDMS-11-6B-LESTA,0.0,0.0,0.0,0.9801960588196068,0.0,0.0,0.0,0.0,-0.9434563530497263,0.0,0.0,0.0,-0.850962943396763,-0.8726247577407831,0.0
CDMS-11-6B-MAGIMU,0.0,0.0,0.0,0.0,0.0,0.0,0.0,0.0,0.0,0.0,0.0,0.0,0.0,0.0,0.0
CDMS-11-6B-MEBRTA,0.0,0.0,0.0,0.7017553187264238,0.0,0.0,0.0,0.0,-0.22102436476705645,0.0,0.0,0.0,0.04299410522516184,0.14384648501206254,0.0
CDMS-11-6B-MMAMO,0.0,0.0,0.0,0.0,0.0,0.0,0.0,0.0,0.0,0.0,0.0,0.0,0.0,0.0,0.0
CDMS-11-6B-RSECA,0.0,0.0,0.0,0.0,0.0,0.0,0.0,0.0,0.0,0.0,0.0,0.0,0.0,0.0,0.0
CDMS-11-6B-SCAPA,0.0,0.0,0.0,0.0,0.0,0.0,0.0,0.0,0.0,0.0,0.0,0.0,0.0,0.0,0.0
CDMS-11-6B-VZAPE,0.0,0.0,0.0,0.0,0.0,0.0,0.0,0.0,0.0,0.0,0.0,0.0,0.0,0.0,0.0
CDMS-11-6B-YLNIME,0.0,0.0,0.0,0.0,0.0,0.0,0.0,0.0,0.0,0.0,0.0,0.0,0.0,0.0,0.0
CDMS-11-7C-ICARE,0.0,0.0,0.0,0.0,0.0,0.0,0.0,0.0,0.0,0.0,0.0,0.0,0.0,0.0,0.0
CDMS-11-7C-IMOIB,0.0,0.0,0.0,0.0,0.0,0.0,0.0,0.0,0.0,0.0,0.0,0.0,0.0,0.0,0.0
CDMS-11-7C-SALMA,0.0,0.0,0.0,0.0,0.0,0.0,0.0,0.0,0.0,0.0,0.0,0.0,0.0,0.0,0.0
CDMS-11-7C-SPGAVE,0.0,0.0,0.0,0.0,0.0,0.0,0.0,0.0,-0.2779329551037889,0.0,0.0,0.0,-0.047036043419179704,-0.1305639451765426,0.0
CDMS-12-5A-SRIGO,0.0,0.0,0.0,0.0,0.0,0.0,0.0,0.0,0.0,0.0,0.0,0.0,0.0,0.0,0.0
CDMS-12-6A-JGIGA,0.0,0.0,0.0,0.6177098791506495,0.0,0.0,0.0,0.0,0.2583022242823636,0.0,0.0,0.0,0.3325330686735727,0.25423624365631814,0.0
CDMS-12-6A-JSOTGU,0.0,0.0,0.0,0.0,0.0,0.0,0.0,0.0,0.0,0.0,0.0,0.0,0.0,0.0,0.0
CDMS-12-6A-SROAL,0.0,0.0,0.0,0.0,0.0,0.0,0.0,0.0,0.0,0.0,0.0,0.0,0.0,0.0,0.0
CDMS-12-6B-IJDAGA,0.0,0.0,0.0,0.0,0.0,0.0,0.0,0.0,-0.6755964113173947,0.0,0.0,0.0,-0.08043733802575788,-0.5562854997842468,0.0
CDMS-12-6B-SCLAG,0.0,0.0,0.0,2.4222261679238195,0.0,0.0,0.0,0.0,-1.7919169960145707,0.0,0.0,0.0,-1.5546323744716934,-1.722333066124759,0.0
CDMS-12-7C-ARAHE,0.0,0.0,0.0,0.0,0.0,0.0,0.0,0.0,0.0,0.0,0.0,0.0,0.0,0.0,0.0
CDMS-12-7C-CATRAR,0.0,0.0,0.0,0.0,0.0,0.0,0.0,0.0,0.0,0.0,0.0,0.0,0.0,0.0,0.0
CDMS-12-7C-DLOLO,0.0,0.0,0.0,0.0,0.0,0.0,0.0,0.0,0.0,0.0,0.0,0.0,0.0,0.0,0.0
CDMS-12-7C-JSZAOR,0.0,0.0,0.0,0.0,0.0,0.0,0.0,0.0,0.0,0.0,0.0,0.0,0.0,0.0,0.0
CDMS-12-7C-MAROBE,0.0,0.0,0.0,-0.43643578047198484,0.0,0.0,0.0,0.0,0.49468473893638165,0.0,0.0,0.0,0.7162534472543429,0.44070892064554007,0.0
CDMS-12-7C-VMAPA,0.0,0.0,0.0,0.0,0.0,0.0,0.0,0.0,0.0,0.0,0.0,0.0,0.0,0.0,0.0
CDMS-12-7C-VQURA,0.0,0.0,0.0,0.0,0.0,0.0,0.0,0.0,0.0,0.0,0.0,0.0,0.0,0.0,0.0
CDMS-13-6B-ASUMO,0.0,0.0,0.0,0.0,0.0,0.0,0.0,0.0,0.0,0.0,0.0,0.0,0.0,0.0,0.0
CDMS-13-6B-JDTAHE,0.0,0.0,0.0,0.0,0.0,0.0,0.0,0.0,0.0,0.0,0.0,0.0,0.0,0.0,0.0
CDMS-13-7C-MVEAR,0.0,0.0,0.0,0.0,0.0,0.0,0.0,0.0,0.0,0.0,0.0,0.0,0.0,0.0,0.0
CDMS-13-7C-RAIZAC,0.0,0.0,0.0,0.0,0.0,0.0,0.0,0.0,0.0,0.0,0.0,0.0,0.0,0.0,0.0
CDMS-13-7C-SSOSLO,0.0,0.0,0.0,0.0,0.0,0.0,0.0,0.0,0.0,0.0,0.0,0.0,0.0,0.0,0.0
CDMS-14-10A-IMORTO,0.0,0.0,0.0,-0.21821789023599242,0.0,0.0,0.0,0.0,0.5391638660171921,0.0,0.0,0.0,0.5230422554560537,0.5230422554560539,0.0
CDMS-14-10A-JCVANI,0.0,0.0,0.0,0.0,0.0,0.0,0.0,0.0,0.0,0.0,0.0,0.0,0.0,0.0,0.0
CDMS-14-5A-LSDUCO,0.0,0.0,0.0,2.2912878474779204,0.0,0.0,0.0,0.0,-1.7998447411958312,0.0,0.0,0.0,-2.371112943614405,-2.3711129436144054,0.0
CDMS-14-6B-KDCAHE,0.0,0.0,0.0,0.0,0.0,0.0,0.0,0.0,0.0,0.0,0.0,0.0,0.0,0.0,0.0
CDMS-15-10A-AMALOS,0.0,0.0,0.0,0.0,0.0,0.0,0.0,0.0,0.0,0.0,0.0,0.0,0.0,0.0,0.0
CDMS-15-10A-JJMACH,0.0,0.0,0.0,0.0,0.0,0.0,0.0,0.0,0.0,0.0,0.0,0.0,0.0,0.0,0.0
CDMS-15-10A-MAALRI,0.0,0.0,0.0,2.4784787961282104,0.0,0.0,0.0,0.0,-0.8620436566990366,0.0,0.0,0.0,-1.800297594446937,-1.2733544302628452,0.0
CDMS-15-10A-SGOMO,0.0,0.0,0.0,-0.3914406806294063,0.0,0.0,0.0,0.0,0.39144068062940623,0.0,0.0,0.0,0.39144068062940623,0.39144068062940646,0.0
CDMS-15-10A-SHEGA,0.0,0.0,0.0,0.0,0.0,0.0,0.0,0.0,0.0,0.0,0.0,0.0,0.0,0.0,0.0
CDMS-15-11B-JEMOLO,0.0,0.0,0.0,0.0,0.0,0.0,0.0,0.0,0.0,0.0,0.0,0.0,0.0,0.0,0.0
CDMS-15-11B-VSAHO,0.0,0.0,0.0,-0.8180438564882005,0.0,0.0,0.0,0.0,1.55353948452023,0.0,0.0,0.0,0.3046038495400855,0.8930682915824253,0.0
CDMS-16-10A-SGALO,0.0,0.0,0.0,-0.25264557631995566,0.0,0.0,0.0,0.0,0.4303314829119352,0.0,0.0,0.0,0.45225668232130256,0.45225668232130295,0.0
CDMS-16-11B-NGABE,0.0,0.0,0.0,0.0,0.0,0.0,0.0,0.0,0.0,0.0,0.0,0.0,0.0,0.0,0.0
CDMS-17-10A-ASSAMO,0.0,0.0,0.0,0.0,0.0,0.0,0.0,0.0,0.0,0.0,0.0,0.0,0.0,0.0,0.0
CDMS-18-7C-VVECA,0.0,0.0,0.0,0.0,0.0,0.0,0.0,0.0,0.0,0.0,0.0,0.0,0.0,0.0,0.0
CDMS-8-4A-DBEVA,0.0,0.0,0.0,0.0,0.0,0.0,0.0,0.0,0.0,0.0,0.0,0.0,0.0,0.0,0.0
CDMS-8-4A-DJAVDA,0.0,0.0,0.0,0.0,0.0,0.0,0.0,0.0,0.0,0.0,0.0,0.0,0.0,0.0,0.0
CDMS-8-4A-DOSTR,0.0,0.0,0.0,-0.8118121097900859,0.0,0.0,0.0,0.0,0.7403367031320778,0.0,0.0,0.0,-0.29981267559834485,-0.17418410584938257,0.0
CDMS-8-4A-LGOPA,0.0,0.0,0.0,0.0,0.0,0.0,0.0,0.0,0.0,0.0,0.0,0.0,0.0,0.0,0.0
CDMS-8-4C-JDBUTU,0.0,0.0,0.0,0.0,0.0,0.0,0.0,0.0,0.0,0.0,0.0,0.0,0.0,0.0,0.0
CDMS-9-4A-ACDUTR,0.0,0.0,0.0,0.0,0.0,0.0,0.0,0.0,-0.014750610319127878,0.0,0.0,0.0,-0.014750610319128206,-0.014750610319128039,0.0
CDMS-9-4A-CARGA,0.0,0.0,0.0,-0.48917378267877953,0.0,0.0,0.0,0.0,0.4386221367479203,0.0,0.0,0.0,0.5964182312204626,0.47235020156130586,0.0
CDMS-9-4A-CRAAG,0.0,0.0,0.0,1.2361802957357126,0.0,0.0,0.0,0.0,-1.236245075538201,0.0,0.0,0.0,-0.33578221863431873,-0.6853682182894366,0.0
CDMS-9-4A-EROHI,0.0,0.0,0.0,0.0,0.0,0.0,0.0,0.0,0.0,0.0,0.0,0.0,0.0,0.0,0.0
CDMS-9-4A-ILOSE,0.0,0.0,0.0,2.2096047024697585,0.0,0.0,0.0,0.0,-1.1881770515720094,0.0,0.0,0.0,-1.5099114275978278,-1.2880574731799597,0.0
CDMS-9-4A-TGAFR,0.0,0.0,0.0,1.9677910674583348,0.0,0.0,0.0,0.0,-1.242795629487766,0.0,0.0,0.0,-0.7679261724563723,-0.9821521805029076,0.0
CDMS-9-4C-SCAMO,0.0,0.0,0.0,0.0,0.0,0.0,0.0,0.0,0.0,0.0,0.0,0.0,0.0,0.0,0.0
CDMS-9-5A-ABERO,0.0,0.0,0.0,0.0,0.0,0.0,0.0,0.0,0.0,0.0,0.0,0.0,0.0,0.0,0.0
CDMS-9-5A-PAGACO,0.0,0.0,0.0,0.0,0.0,0.0,0.0,0.0,0.0,0.0,0.0,0.0,0.0,0.0,0.0
CDMS-9-5A-VVAAR,0.0,0.0,0.0,2.3334007814344426,0.0,0.0,0.0,0.0,-1.9684362511172988,0.0,0.0,0.0,-1.5088040790619766,-2.1781081259326274,0.0
CDMS-9-5C-JDMADE,0.0,0.0,0.0,1.3471506281091268,0.0,0.0,0.0,0.0,-0.5204834387696164,0.0,0.0,0.0,-0.8146881698903526,-0.42106221730059407,0.0
CDMS-9-5C-LVIZAC,0.0,0.0,0.0,0.0,0.0,0.0,0.0,0.0,0.0,0.0,0.0,0.0,0.0,0.0,0.0
CDMS-9-5C-MLOGO,0.0,0.0,0.0,0.5875696513930032,0.0,0.0,0.0,0.0,-0.5495029537420697,0.0,0.0,0.0,-0.4709657075528694,-0.4843816034455443,0.0
CDMS-9-5C-SCAAG,0.0,0.0,0.0,0.0,0.0,0.0,0.0,0.0,0.0,0.0,0.0,0.0,0.0,0.0,0.0
CDMS-XX-10A-VGILO,0.0,0.0,0.0,0.0,0.0,0.0,0.0,0.0,0.0,0.0,0.0,0.0,0.0,0.0,0.0
CDMS-XX-5C-MJSARU,0.0,0.0,0.0,-0.4843221048378526,0.0,0.0,0.0,0.0,0.12183590058232334,0.0,0.0,0.0,-0.2816123050935508,-0.2290898050868684,0.0
CDMS-XX-5C-MPCAQU,0.0,0.0,0.0,0.0,0.0,0.0,0.0,0.0,0.0,0.0,0.0,0.0,0.0,0.0,0.0
CDMS-XX-6A-MAGICA,0.0,0.0,0.0,0.9996923550150238,0.0,0.0,0.0,0.0,-1.0224104351749728,0.0,0.0,0.0,-0.48597774192586746,-0.7774777314497753,0.0
CDMS-XX-6B-SPUCA,0.0,0.0,0.0,0.0,0.0,0.0,0.0,0.0,0.0,0.0,0.0,0.0,0.0,0.0,0.0
CSO-10-4A-ICAPA,0.0,0.0,0.0,0.27483668230819575,0.0,0.0,0.0,0.0,-0.13927150363278903,0.0,0.0,0.0,0.2036245466501906,0.0,0.0
CSO-10-4A-KCOMO,0.0,0.0,0.0,-0.14744195615489714,0.0,0.0,0.0,0.0,0.0,0.0,0.0,0.0,0.0,0.0,0.0
CSO-10-4A-LRAVI,0.0,0.0,0.0,0.0,0.0,0.0,0.0,0.0,0.0,0.0,0.0,0.0,0.0,0.0,0.0
CSO-10-4A-LSCAVA,0.0,0.0,0.0,0.0,0.0,0.0,0.0,0.0,0.0,0.0,0.0,0.0,0.0,0.0,0.0
CSO-10-5A-ACAVA,0.0,0.0,0.0,-0.12632278815997783,0.0,0.0,0.0,0.0,0.16089238111256365,0.0,0.0,0.0,0.16089238111256365,0.1608923811125638,0.0
CSO-10-5A-ARACA,0.0,0.0,0.0,0.29524799363016313,0.0,0.0,0.0,0.0,-0.3368234452013616,0.0,0.0,0.0,-0.06523280730534399,-0.295595237211665,0.0
CSO-10-5A-DABRZA,0.0,0.0,0.0,1.6035674514745464,0.0,0.0,0.0,0.0,-1.4070111396005662,0.0,0.0,0.0,-1.0450120617509737,-1.282515650598157,0.0
CSO-10-5A-GZAMA,0.0,0.0,0.0,0.0,0.0,0.0,0.0,0.0,0.0,0.0,0.0,0.0,0.0,0.0,0.0
CSO-10-5A-IPECA,0.0,0.0,0.0,-0.7238423518714864,0.0,0.0,0.0,0.0,0.8393637107126702,0.0,0.0,0.0,-0.5999999999999996,0.3016722067445294,0.0
CSO-10-5A-JANORO,0.0,0.0,0.0,-0.15724272550828775,0.0,0.0,0.0,0.0,0.0,0.0,0.0,0.0,0.0,0.0,0.0
CSO-10-5A-JBUVE,0.0,0.0,0.0,-0.33891246148866583,0.0,0.0,0.0,0.0,0.8437165837377357,0.0,0.0,0.0,0.9061788942758142,0.8937856606102668,0.0
CSO-10-5A-JJSEMO,0.0,0.0,0.0,0.0,0.0,0.0,0.0,0.0,0.0,0.0,0.0,0.0,0.0,0.0,0.0
CSO-10-5A-JLCARI,0.0,0.0,0.0,0.0,0.0,0.0,0.0,0.0,0.0,0.0,0.0,0.0,0.0,0.0,0.0
CSO-10-5A-MAARAN,0.0,0.0,0.0,0.2549249642552304,0.0,0.0,0.0,0.0,-0.18281810603178264,0.0,0.0,0.0,-0.18281810603178264,-0.1828181060317825,0.0
CSO-10-5A-MAOSMO,0.0,0.0,0.0,-0.2696654394346323,0.0,0.0,0.0,0.0,-0.24401895395120046,0.0,0.0,0.0,-0.21392960981981612,-0.21392960981981632,0.0
CSO-10-5A-RVMOIB,0.0,0.0,0.0,-0.20412414523193154,0.0,0.0,0.0,0.0,0.07161148740394303,0.0,0.0,0.0,0.07161148740394303,0.07161148740394398,0.0
CSO-10-5A-SVHEES,0.0,0.0,0.0,0.5232045649263551,0.0,0.0,0.0,0.0,-0.47360477538776247,0.0,0.0,0.0,0.13717581529218326,-0.30607304607620645,0.0
CSO-11-5A-MDVOSPE,0.0,0.0,0.0,-0.4034732923929645,0.0,0.0,0.0,0.0,0.7323338372368241,0.0,0.0,0.0,0.7323338372368241,0.7323338372368245,0.0
CSO-11-5A-MTAGA,0.0,0.0,0.0,0.0,0.0,0.0,0.0,0.0,0.0,0.0,0.0,0.0,0.0,0.0,0.0
CSO-11-6A-CAPAMU,0.0,0.0,0.0,0.0,0.0,0.0,0.0,0.0,0.0,0.0,0.0,0.0,0.0,0.0,0.0
CSO-11-6A-DSCACH,0.0,0.0,0.0,0.0,0.0,0.0,0.0,0.0,0.0,0.0,0.0,0.0,0.0,0.0,0.0
CSO-11-6A-EROMO,0.0,0.0,0.0,0.0,0.0,0.0,0.0,0.0,0.0,0.0,0.0,0.0,0.0,0.0,0.0
CSO-11-6A-FSOVRE,0.0,0.0,0.0,0.0,0.0,0.0,0.0,0.0,0.0,0.0,0.0,0.0,0.0,0.0,0.0
CSO-11-6B-ANREVA,0.0,0.0,0.0,1.5841320915675094,0.0,0.0,0.0,0.0,-1.1356409467019541,0.0,0.0,0.0,-0.7911883802293722,-0.9445389496795573,0.0
CSO-11-6B-DISEMO,0.0,0.0,0.0,1.2473425030672245,0.0,0.0,0.0,0.0,-1.5592196227979103,0.0,0.0,0.0,-0.5997967135296554,-1.21735412625082,0.0
CSO-11-6B-LHFDLACH,0.0,0.0,0.0,-0.20173664619648224,0.0,0.0,0.0,0.0,0.20268572426490683,0.0,0.0,0.0,0.03737175463759666,0.11235972381069419,0.0
CSO-11-6B-RJGIHE,0.0,0.0,0.0,1.457737973711325,0.0,0.0,0.0,0.0,-1.367351383312816,0.0,0.0,0.0,-1.1281521496355325,-1.3097255662146678,0.0
CSO-11-6B-SFLVA,0.0,0.0,0.0,0.6027673275127037,0.0,0.0,0.0,0.0,-0.2569452954589315,0.0,0.0,0.0,0.4477790168033892,0.12907921098341144,0.0
CSO-11-6B-VCOMA,0.0,0.0,0.0,0.0,0.0,0.0,0.0,0.0,0.0,0.0,0.0,0.0,0.0,0.0,0.0
CSO-12-6A-DGISE,0.0,0.0,0.0,0.0,0.0,0.0,0.0,0.0,0.0,0.0,0.0,0.0,0.0,0.0,0.0
CSO-12-6A-FJOVRE,0.0,0.0,0.0,0.0,0.0,0.0,0.0,0.0,0.0,0.0,0.0,0.0,0.0,0.0,0.0
CSO-12-6B-GQULO,0.0,0.0,0.0,0.5535285120526534,0.0,0.0,0.0,0.0,-0.1018440189706907,0.0,0.0,0.0,0.1679631985872392,0.2297701482733314,0.0
CSO-12-6B-LJHEFE,0.0,0.0,0.0,-0.17586311452816475,0.0,0.0,0.0,0.0,0.0,0.0,0.0,0.0,0.42701383803821336,0.009885980221578912,0.0
CSO-12-6B-VPAMA,0.0,0.0,0.0,0.0,0.0,0.0,0.0,0.0,0.0,0.0,0.0,0.0,0.0,0.0,0.0
CSO-12-7A-DALRE,0.0,0.0,0.0,0.0,0.0,0.0,0.0,0.0,0.0,0.0,0.0,0.0,0.0,0.0,0.0
CSO-12-7A-ESALA,0.0,0.0,0.0,1.457737973711325,0.0,0.0,0.0,0.0,-0.9045340337332912,0.0,0.0,0.0,-0.13736056394868915,-0.49556770905291636,0.0
CSO-12-7A-IMERO,0.0,0.0,0.0,0.0,0.0,0.0,0.0,0.0,0.0,0.0,0.0,0.0,0.0,0.0,0.0
CSO-12-7A-JHEZA,0.0,0.0,0.0,-0.3006966338787947,0.0,0.0,0.0,0.0,0.09851798386733059,0.0,0.0,0.0,-0.15707425231453326,-0.052925182096658356,0.0
CSO-12-7A-LSARAR,0.0,0.0,0.0,0.0,0.0,0.0,0.0,0.0,0.0,0.0,0.0,0.0,0.0,0.0,0.0
CSO-12-7A-SCAHO,0.0,0.0,0.0,0.0,0.0,0.0,0.0,0.0,0.0,0.0,0.0,0.0,0.0,0.0,0.0
CSO-12-7B-DVAGRO,0.0,0.0,0.0,0.0,0.0,0.0,0.0,0.0,0.0,0.0,0.0,0.0,0.0,0.0,0.0
CSO-12-7B-SMUGU,0.0,0.0,0.0,0.0,0.0,0.0,0.0,0.0,0.0,0.0,0.0,0.0,0.0,0.0,0.0
CSO-12-7B-SSARA,0.0,0.0,0.0,0.4711532486128488,0.0,0.0,0.0,0.0,-0.21736468795154348,0.0,0.0,0.0,0.0,-0.029280720611305565,0.0
CSO-12-7B-VHOMA,0.0,0.0,0.0,-0.39940377792721404,0.0,0.0,0.0,0.0,0.7571516452505493,0.0,0.0,0.0,0.7571516452505493,0.7571516452505497,0.0
CSO-12-8A-YTOME,0.0,0.0,0.0,0.0,0.0,0.0,0.0,0.0,0.0,0.0,0.0,0.0,0.0,0.0,0.0
CSO-13-6A-ANASA,0.0,0.0,0.0,0.0,0.0,0.0,0.0,0.0,0.0,0.0,0.0,0.0,0.0,0.0,0.0
CSO-13-6B-JETAVE,0.0,0.0,0.0,0.0,0.0,0.0,0.0,0.0,0.0,0.0,0.0,0.0,0.0,0.0,0.0
CSO-13-6B-LFMIES,0.0,0.0,0.0,-0.12048289933537476,0.0,0.0,0.0,0.0,0.4337361989746802,0.0,0.0,0.0,-0.13987572123604738,0.3277704770903327,0.0
CSO-13-6B-LJMAHU,0.0,0.0,0.0,0.0,0.0,0.0,0.0,0.0,0.0,0.0,0.0,0.0,0.0,0.0,0.0
CSO-13-7A-CAPAMU,0.0,0.0,0.0,0.0,0.0,0.0,0.0,0.0,0.0,0.0,0.0,0.0,0.0,0.0,0.0
CSO-13-7A-CDDITR,0.0,0.0,0.0,0.0,0.0,0.0,0.0,0.0,0.0,0.0,0.0,0.0,0.0,0.0,0.0
CSO-13-7A-JJATFL,0.0,0.0,0.0,0.0,0.0,0.0,0.0,0.0,0.0,0.0,0.0,0.0,0.0,0.0,0.0
CSO-13-7A-KRAMA,0.0,0.0,0.0,0.3505938637892907,0.0,0.0,0.0,0.0,-0.29405881764588226,0.0,0.0,0.0,0.22874785549890686,-0.055402751314125594,0.0
CSO-13-7A-RXCHLU,0.0,0.0,0.0,1.1055415967851334,0.0,0.0,0.0,0.0,-0.025828499910081328,0.0,0.0,0.0,0.0,0.0,0.0
CSO-13-7A-YAMEZA,0.0,0.0,0.0,-0.6304883249912806,0.0,0.0,0.0,0.0,0.6572579720729999,0.0,0.0,0.0,0.0,0.14714406004919134,0.0
CSO-13-7A-YBOSO,0.0,0.0,0.0,0.0,0.0,0.0,0.0,0.0,0.0,0.0,0.0,0.0,0.0,0.0,0.0
CSO-13-8A-KIGAGU,0.0,0.0,0.0,0.0,0.0,0.0,0.0,0.0,0.0,0.0,0.0,0.0,0.0,0.0,0.0
CSO-13-8A-MBUAN,0.0,0.0,0.0,-0.20412414523193154,0.0,0.0,0.0,0.0,0.7209416334945393,0.0,0.0,0.0,0.7209416334945393,0.7209416334945401,0.0
CSO-13-8A-MGAAN,0.0,0.0,0.0,0.0,0.0,0.0,0.0,0.0,0.0,0.0,0.0,0.0,0.0,0.0,0.0
CSO-13-8A-MGAHE,0.0,0.0,0.0,0.0,0.0,0.0,0.0,0.0,0.0,0.0,0.0,0.0,0.0,0.0,0.0
CSO-13-8A-MJAGA,0.0,0.0,0.0,0.0,0.0,0.0,0.0,0.0,0.0,0.0,0.0,0.0,0.0,0.0,0.0
CSO-13-8A-VHODU,0.0,0.0,0.0,0.0,0.0,0.0,0.0,0.0,0.0,0.0,0.0,0.0,0.0,0.0,0.0
CSO-13-8B-FCJISA,0.0,0.0,0.0,0.0,0.0,0.0,0.0,0.0,0.0,0.0,0.0,0.0,0.0,0.0,0.0
CSO-13-8B-JEMABE,0.0,0.0,0.0,0.0,0.0,0.0,0.0,0.0,0.0,0.0,0.0,0.0,0.0,0.0,0.0
CSO-13-9B-DMLLLU,0.0,0.0,0.0,0.0,0.0,0.0,0.0,0.0,0.0,0.0,0.0,0.0,0.0,0.0,0.0
CSO-14-7A-MVEBE,0.0,0.0,0.0,0.0,0.0,0.0,0.0,0.0,0.0,0.0,0.0,0.0,0.0,0.0,0.0
CSO-14-7B-EALHU,0.0,0.0,0.0,-0.7398056503146265,0.0,0.0,0.0,0.0,-0.2921029681677302,0.0,0.0,0.0,-0.7750942064961067,-1.040892679281039,0.0
CSO-14-7B-EVEGO,0.0,0.0,0.0,0.2673273220820365,0.0,0.0,0.0,0.0,-0.15282801243254807,0.0,0.0,0.0,0.0,0.0,0.0
CSO-14-8A-MCIDOS,0.0,0.0,0.0,2.586949495507729,0.0,0.0,0.0,0.0,-2.114630253737417,0.0,0.0,0.0,-1.3333333333333337,-1.878095624554636,0.0
CSO-14-8A-SZARA,0.0,0.0,0.0,0.0,0.0,0.0,0.0,0.0,0.0,0.0,0.0,0.0,0.0,0.0,0.0
CSO-14-8B-JLLORA,0.0,0.0,0.0,0.0,0.0,0.0,0.0,0.0,0.0,0.0,0.0,0.0,0.0,0.0,0.0
CSO-14-9A-AEDCAGO,0.0,0.0,0.0,0.0,0.0,0.0,0.0,0.0,0.0,0.0,0.0,0.0,0.0,0.0,0.0
CSO-14-9A-HASACA,0.0,0.0,0.0,0.0,0.0,0.0,0.0,0.0,-0.09082572629650097,0.0,0.0,0.0,0.0,0.0,0.0
CSO-14-9A-JSMAAL,0.0,0.0,0.0,1.0889948291798972,0.0,0.0,0.0,0.0,-0.6696927744332688,0.0,0.0,0.0,-0.7018949493363613,-0.7814739770061232,0.0
CSO-14-9A-MARJA,0.0,0.0,0.0,0.0,0.0,0.0,0.0,0.0,0.0,0.0,0.0,0.0,0.0,0.0,0.0
CSO-14-9A-SORZU,0.0,0.0,0.0,0.0,0.0,0.0,0.0,0.0,0.0,0.0,0.0,0.0,0.0,0.0,0.0
CSO-14-9B-ERAGA,0.0,0.0,0.0,0.0,0.0,0.0,0.0,0.0,0.0,0.0,0.0,0.0,0.0,0.0,0.0
CSO-14-9B-MFEGA,0.0,0.0,0.0,0.3187749052623735,0.0,0.0,0.0,0.0,-0.2813958503797893,0.0,0.0,0.0,-0.12438055964547842,-0.18307870423713254,0.0
CSO-15-10A-LJRAGU,0.0,0.0,0.0,0.0,0.0,0.0,0.0,0.0,0.0,0.0,0.0,0.0,0.0,0.0,0.0
CSO-15-10A-MAARLO,0.0,0.0,0.0,0.0,0.0,0.0,0.0,0.0,-0.1336306209562123,0.0,0.0,0.0,-0.1336306209562123,-0.13363062095621214,0.0
CSO-15-10A-SFEGA,0.0,0.0,0.0,0.0,0.0,0.0,0.0,0.0,0.0,0.0,0.0,0.0,0.0,0.0,0.0
CSO-15-10B-MEBUAR,0.0,0.0,0.0,-0.2859116850774575,0.0,0.0,0.0,0.0,-0.1816689855691367,0.0,0.0,0.0,-0.1357813616483921,0.027452552287161758,0.0
CSO-15-10B-YVBUAN,0.0,0.0,0.0,0.0,0.0,0.0,0.0,0.0,0.0,0.0,0.0,0.0,0.0,0.0,0.0
CSO-15-10C-ALBAHO,0.0,0.0,0.0,0.0,0.0,0.0,0.0,0.0,0.0,0.0,0.0,0.0,0.0,0.0,0.0
CSO-15-10C-SSCAMO,0.0,0.0,0.0,0.0,0.0,0.0,0.0,0.0,0.0,0.0,0.0,0.0,0.0,0.0,0.0
CSO-15-11C-JETALO,0.0,0.0,0.0,0.0,0.0,0.0,0.0,0.0,0.0,0.0,0.0,0.0,0.0,0.0,0.0
CSO-15-7B-JCRAGA,0.0,0.0,0.0,0.0,0.0,0.0,0.0,0.0,0.0,0.0,0.0,0.0,0.0,0.0,0.0
CSO-15-8A-VBMABR,0.0,0.0,0.0,0.0,0.0,0.0,0.0,0.0,0.0,0.0,0.0,0.0,0.0,0.0,0.0
CSO-15-8B-KEPOGO,0.0,0.0,0.0,1.2506408613597126,0.0,0.0,0.0,0.0,-0.34715692170379203,0.0,0.0,0.0,0.0,0.0,0.0
CSO-15-9B-ALRIHE,0.0,0.0,0.0,-0.4034732923929645,0.0,0.0,0.0,0.0,0.0,0.0,0.0,0.0,0.0,0.0,0.0
CSO-15-9B-AMSAGO,0.0,0.0,0.0,0.0,0.0,0.0,0.0,0.0,0.0,0.0,0.0,0.0,0.0,0.0,0.0
CSO-15-9B-JCAPA,0.0,0.0,0.0,0.0,0.0,0.0,0.0,0.0,0.0,0.0,0.0,0.0,0.0,0.0,0.0
CSO-15-9B-KSBEJA,0.0,0.0,0.0,0.0,0.0,0.0,0.0,0.0,0.0,0.0,0.0,0.0,0.0,0.0,0.0
CSO-15-9B-RMCHLU,0.0,0.0,0.0,0.0,0.0,0.0,0.0,0.0,0.0,0.0,0.0,0.0,0.0,0.0,0.0
CSO-15-9B-SJAGRO,0.0,0.0,0.0,-0.3770769409267195,0.0,0.0,0.0,0.0,0.3693024487132395,0.0,0.0,0.0,0.19327783587126693,0.22229284579955386,0.0
CSO-16-10A-JEGAHE,0.0,0.0,0.0,0.8028316177150805,0.0,0.0,0.0,0.0,-0.7479089255320102,0.0,0.0,0.0,-0.5170977224987503,-0.6023982630612139,0.0
CSO-16-10A-MSACO,0.0,0.0,0.0,0.0,0.0,0.0,0.0,0.0,0.0,0.0,0.0,0.0,0.0,0.0,0.0
CSO-16-10A-SARI,0.0,0.0,0.0,-0.1932778358712671,0.0,0.0,0.0,0.0,0.3431022597123625,0.0,0.0,0.0,0.3431022597123625,0.34310225971236236,0.0
CSO-16-10A-SMOUT,0.0,0.0,0.0,0.0,0.0,0.0,0.0,0.0,0.0,0.0,0.0,0.0,0.0,0.0,0.0
CSO-16-10A-YKMUJO,0.0,0.0,0.0,-0.2655425022718972,0.0,0.0,0.0,0.0,0.2655425022718974,0.0,0.0,0.0,0.26554250227189713,0.2655425022718968,0.0
CSO-16-10B-JESUGU,0.0,0.0,0.0,0.0,0.0,0.0,0.0,0.0,0.0,0.0,0.0,0.0,0.0,0.0,0.0
CSO-16-10B-LTVIFA,0.0,0.0,0.0,0.0,0.0,0.0,0.0,0.0,0.0,0.0,0.0,0.0,0.0,0.0,0.0
CSO-16-10B-VVILI,0.0,0.0,0.0,0.0,0.0,0.0,0.0,0.0,0.0,0.0,0.0,0.0,0.0,0.0,0.0
CSO-16-10C-MAVAVE,0.0,0.0,0.0,0.0,0.0,0.0,0.0,0.0,0.0,0.0,0.0,0.0,0.0,0.0,0.0
CSO-16-11A-JAVABO,0.0,0.0,0.0,-0.3515615246553262,0.0,0.0,0.0,0.0,0.8785175323072536,0.0,0.0,0.0,0.8785175323072536,0.8785175323072533,0.0
CSO-16-11A-JDMUVA,0.0,0.0,0.0,0.0,0.0,0.0,0.0,0.0,0.0,0.0,0.0,0.0,0.0,0.0,0.0
CSO-16-11A-VZAOR,0.0,0.0,0.0,1.0671873729054748,0.0,0.0,0.0,0.0,-0.44597648774829973,0.0,0.0,0.0,-0.8418444422200312,-0.6031990108602769,0.0
CSO-16-11B-KRORE,0.0,0.0,0.0,0.0,0.0,0.0,0.0,0.0,0.0,0.0,0.0,0.0,0.0,0.0,0.0
CSO-16-11B-LLOZA,0.0,0.0,0.0,-0.5610024439157235,0.0,0.0,0.0,0.0,1.0366844961085966,0.0,0.0,0.0,0.950715056386216,1.037557996929708,0.0
CSO-16-11B-YAROMO,0.0,0.0,0.0,0.0,0.0,0.0,0.0,0.0,0.0,0.0,0.0,0.0,0.0,0.0,0.0
CSO-16-9A-JALEMO,0.0,0.0,0.0,0.0,0.0,0.0,0.0,0.0,0.0,0.0,0.0,0.0,0.0,0.0,0.0
CSO-16-9A-JPROSO,0.0,0.0,0.0,0.0,0.0,0.0,0.0,0.0,0.0,0.0,0.0,0.0,0.0,0.0,0.0
CSO-16-9A-JSMAGU,0.0,0.0,0.0,0.0,0.0,0.0,0.0,0.0,0.0,0.0,0.0,0.0,0.0,0.0,0.0
CSO-16-9B-SJPAJI,0.0,0.0,0.0,0.0,0.0,0.0,0.0,0.0,-0.6073516944008984,0.0,0.0,0.0,-0.6073516944008984,-0.6073516944008986,0.0
CSO-17-10A-YVGOCA,0.0,0.0,0.0,1.1759251861712507,0.0,0.0,0.0,0.0,-1.2757233991303902,0.0,0.0,0.0,-0.6836853920923398,-1.1175229004994969,0.0
CSO-17-10B-EHECO,0.0,0.0,0.0,-0.18463723646899907,0.0,0.0,0.0,0.0,0.18463723646899924,0.0,0.0,0.0,0.18463723646899924,0.18463723646899924,0.0
CSO-17-10B-YCQUVE,0.0,0.0,0.0,0.0,0.0,0.0,0.0,0.0,0.0,0.0,0.0,0.0,0.0,0.0,0.0
CSO-17-11A-DJAPA,0.0,0.0,0.0,-0.4843221048378526,0.0,0.0,0.0,0.0,0.7209416334945393,0.0,0.0,0.0,0.7209416334945393,0.7209416334945401,0.0
CSO-17-11A-JDAMO,0.0,0.0,0.0,0.0,0.0,0.0,0.0,0.0,0.0,0.0,0.0,0.0,0.0,0.0,0.0
CSO-17-11A-NPAHE,0.0,0.0,0.0,0.0,0.0,0.0,0.0,0.0,0.0,0.0,0.0,0.0,0.0,0.0,0.0
CSO-17-11A-RLPAIG,0.0,0.0,0.0,-0.3509050132987686,0.0,0.0,0.0,0.0,0.40075597263313034,0.0,0.0,0.0,0.2416841222614159,0.4054431733472949,0.0
CSO-17-11A-SPUVA,0.0,0.0,0.0,0.0,0.0,0.0,0.0,0.0,0.0,0.0,0.0,0.0,0.0,0.0,0.0
CSO-17-11B-CDBEBU,0.0,0.0,0.0,0.0,0.0,0.0,0.0,0.0,0.0,0.0,0.0,0.0,0.0,0.0,0.0
CSO-17-11C-JDAAG,0.0,0.0,0.0,0.0,0.0,0.0,0.0,0.0,0.0,0.0,0.0,0.0,0.0,0.0,0.0
CSO-17-11C-MAPAMA,0.0,0.0,0.0,0.0,0.0,0.0,0.0,0.0,0.0,0.0,0.0,0.0,0.0,0.0,0.0
CSO-17-11C-MCAAG,0.0,0.0,0.0,0.0,0.0,0.0,0.0,0.0,0.0,0.0,0.0,0.0,0.0,0.0,0.0
CSO-17-11C-SARJA,0.0,0.0,0.0,0.0,0.0,0.0,0.0,0.0,0.0,0.0,0.0,0.0,0.0,0.0,0.0
CSO-18-11A-ADBAHO,0.0,0.0,0.0,0.0,0.0,0.0,0.0,0.0,0.0,0.0,0.0,0.0,0.0,0.0,0.0
CSO-18-11B-YLLRE,0.0,0.0,0.0,-0.1932778358712671,0.0,0.0,0.0,0.0,0.4010108984122712,0.0,0.0,0.0,0.4432026302139591,0.425555705707207,0.0
CSO-18-9B-MAMOLO,0.0,0.0,0.0,0.0,0.0,0.0,0.0,0.0,0.0,0.0,0.0,0.0,0.0,0.0,0.0
CSO-8-3A-AIPRBR,0.0,0.0,0.0,0.0,0.0,0.0,0.0,0.0,0.0,0.0,0.0,0.0,0.0,0.0,0.0
CSO-8-3A-DAPAVA,0.0,0.0,0.0,0.06769405236097861,0.0,0.0,0.0,0.0,-1.245128631075192,0.0,0.0,0.0,-1.0681068825565738,-1.137430210975269,0.0
CSO-8-3A-KVPECO,0.0,0.0,0.0,-0.25264557631995566,0.0,0.0,0.0,0.0,0.943341496993903,0.0,0.0,0.0,0.943341496993903,0.9433414969939037,0.0
CSO-8-4A-ARAGR,0.0,0.0,0.0,0.0,0.0,0.0,0.0,0.0,0.0,0.0,0.0,0.0,0.0,0.0,0.0
CSO-8-4A-JRAAR,0.0,0.0,0.0,0.6073516944008986,0.0,0.0,0.0,0.0,-0.5184951391308557,0.0,0.0,0.0,0.7302967433402213,-0.10280288097294278,0.0
CSO-9-2A-EXMOCO,0.0,0.0,0.0,0.0,0.0,0.0,0.0,0.0,0.0,0.0,0.0,0.0,0.0,0.0,0.0
CSO-9-4A-AGAPE,0.0,0.0,0.0,0.0,0.0,0.0,0.0,0.0,0.0,0.0,0.0,0.0,0.0,0.0,0.0
CSO-9-4A-DKVIMO,0.0,0.0,0.0,0.9816772665444794,0.0,0.0,0.0,0.0,-0.899777050801309,0.0,0.0,0.0,-0.3436556871445288,-0.6391684488424964,0.0
CSO-9-4A-DSMOMU,0.0,0.0,0.0,0.0,0.0,0.0,0.0,0.0,0.0,0.0,0.0,0.0,0.0,0.0,0.0
CSO-9-4A-DVGATO,0.0,0.0,0.0,1.20474968393765,0.0,0.0,0.0,0.0,-0.8009623772808483,0.0,0.0,0.0,-0.35494132056695255,-0.3240528834355125,0.0
CSO-9-4A-EGCAMO,0.0,0.0,0.0,0.0,0.0,0.0,0.0,0.0,0.0,0.0,0.0,0.0,0.0,0.0,0.0
CSO-9-4A-FAGIGA,0.0,0.0,0.0,-0.27326786250001056,0.0,0.0,0.0,0.0,0.39144068062940623,0.0,0.0,0.0,0.39144068062940623,0.39144068062940646,0.0
CSO-9-4A-GSBRCO,0.0,0.0,0.0,0.0,0.0,0.0,0.0,0.0,0.0,0.0,0.0,0.0,0.0,0.0,0.0
CSO-9-4A-KEMOCO,0.0,0.0,0.0,0.0,0.0,0.0,0.0,0.0,0.0,0.0,0.0,0.0,0.0,0.0,0.0
CSO-9-4A-LCOMO,0.0,0.0,0.0,0.0,0.0,0.0,0.0,0.0,0.0,0.0,0.0,0.0,0.0,0.0,0.0
CSO-9-4A-MLORO,0.0,0.0,0.0,0.0,0.0,0.0,0.0,0.0,0.0,0.0,0.0,0.0,0.0,0.0,0.0
CSO-9-4A-MPAME,0.0,0.0,0.0,0.0,0.0,0.0,0.0,0.0,0.0,0.0,0.0,0.0,0.0,0.0,0.0
CSO-9-4A-NSARPA,0.0,0.0,0.0,0.5309565835518205,0.0,0.0,0.0,0.0,-0.8629664441741098,0.0,0.0,0.0,-0.8629664441741098,-0.8629664441741105,0.0
CSO-9-4A-SLOCA,0.0,0.0,0.0,0.0,0.0,0.0,0.0,0.0,0.0,0.0,0.0,0.0,0.0,0.0,0.0
CSO-9-4A-YVDITR,0.0,0.0,0.0,0.0,0.0,0.0,0.0,0.0,0.0,0.0,0.0,0.0,0.0,0.0,0.0
