file,z_wc,z_nodes,z_edges,z_re,z_pe,z_l1,z_l2,z_l3,z_lcc,z_lsc,z_atd,z_density,z_diameter,z_asp,z_cc
CDMS-10-4A-JURAN,0.0,0.0,0.0,0.0,0.0,0.0,0.0,0.0,0.0,0.0,0.0,0.0,0.0,0.0,0.0
CDMS-10-4A-JURAN,0.0,0.0,0.0,0.0,0.0,0.0,0.0,0.0,0.0,0.0,0.0,0.0,0.0,0.0,0.0
CDMS-10-4A-JURAN,0.0,0.0,0.0,-0.4843221048378526,0.0,0.0,0.0,0.0,0.3678553820190656,0.0,0.0,0.0,0.6929177655843252,0.38575666836361316,0.0
CDMS-10-4A-JURAN,0.0,0.0,0.0,-0.4525696378552518,0.0,0.0,0.0,0.0,-1.0313157945461089,0.0,0.0,0.0,-1.6274669424134698,-1.3383399289309619,0.0
CDMS-10-4A-JURAN,0.0,0.0,0.0,-1.3536040812270762,0.0,0.0,0.0,0.0,0.4001159924629284,0.0,0.0,0.0,-0.07614545553589802,-0.013247961722385756,0.0
CDMS-10-4A-JURAN,0.0,0.0,0.0,-1.2060453783110545,0.0,0.0,0.0,0.0,1.3080812989797352,0.0,0.0,0.0,0.8167583037221924,1.038246047160066,0.0
CDMS-10-5A-HEPIHO,0.0,0.0,0.0,-0.3865556717425342,0.0,0.0,0.0,0.0,0.5498505193097396,0.0,0.0,0.0,0.08583305415739927,0.33794821486632254,0.0
CDMS-10-5A-HEPIHO,0.0,0.0,0.0,1.212256250712408,0.0,0.0,0.0,0.0,-0.7443778346080285,0.0,0.0,0.0,-0.4704656799723374,-0.5364903106552106,0.0
CDMS-10-5A-HEPIHO,0.0,0.0,0.0,3.0,0.0,0.0,0.0,0.0,0.19711902327327926,0.0,0.0,0.0,0.9097122119039766,0.7231860366801164,0.0
CDMS-10-5A-HEPIHO,0.0,0.0,0.0,1.6035674514745464,0.0,0.0,0.0,0.0,-0.47963209687927233,0.0,0.0,0.0,-0.8164965809277259,-0.6994121203589464,0.0
CDMS-10-5A-HEPIHO,0.0,0.0,0.0,1.3397876906064712,0.0,0.0,0.0,0.0,-0.997691679855699,0.0,0.0,0.0,-1.3161867148761281,-1.1857276783951833,0.0
CDMS-10-5A-HEPIHO,0.0,0.0,0.0,2.391879686642735,0.0,0.0,0.0,0.0,-1.9578110924473493,0.0,0.0,0.0,-1.6572077056472916,-1.9599787832533158,0.0
CDMS-10-5A-KSRAGU,0.0,0.0,0.0,0.0,0.0,0.0,0.0,0.0,0.0,0.0,0.0,0.0,0.0,0.0,0.0
CDMS-10-5A-SZURO,0.0,0.0,0.0,4.898979485566357,0.0,0.0,0.0,0.0,-2.687318529125138,0.0,0.0,0.0,-1.1751393027860064,-2.09939749486301,0.0
CDMS-10-5B-SRAJA,0.0,0.0,0.0,0.0,0.0,0.0,0.0,0.0,0.0,0.0,0.0,0.0,0.0,0.0,0.0
CDMS-10-5B-SRAJA,0.0,0.0,0.0,-0.06030226891555278,0.0,0.0,0.0,0.0,-0.10393063653266457,0.0,0.0,0.0,-0.5230067331287964,-0.6075974350624469,0.0
CDMS-10-5B-SRAJA,0.0,0.0,0.0,1.050824004444783,0.0,0.0,0.0,0.0,-0.9797400730584662,0.0,0.0,0.0,-0.11830469619812496,-0.6939199250408649,0.0
CDMS-10-5B-SRAJA,0.0,0.0,0.0,1.3591000136681801,0.0,0.0,0.0,0.0,-0.7099958157387798,0.0,0.0,0.0,-0.2909659144489067,-0.5979083566195973,0.0
CDMS-10-5B-SRAJA,0.0,0.0,0.0,1.824306662236965,0.0,0.0,0.0,0.0,-1.1966422450849263,0.0,0.0,0.0,-1.1405634378464935,-0.7585436670604134,0.0
CDMS-10-5C-DAAUSA,0.0,0.0,0.0,1.3333333333333335,0.0,0.0,0.0,0.0,-1.1640717303331725,0.0,0.0,0.0,-1.0260336796047447,-0.7283490258113706,0.0
CDMS-10-5C-ICAPA,0.0,0.0,0.0,2.064741604835056,0.0,0.0,0.0,0.0,-1.7154508402827282,0.0,0.0,0.0,-1.0408329997330663,-1.5206867043050865,0.0
CDMS-10-5C-ICAPA,0.0,0.0,0.0,1.6442942874387492,0.0,0.0,0.0,0.0,-1.4070111396005662,0.0,0.0,0.0,-1.0450120617509737,-1.282515650598157,0.0
CDMS-10-5C-JFALGI,0.0,0.0,0.0,-0.3144854510165755,0.0,0.0,0.0,0.0,0.9506541513652703,0.0,0.0,0.0,0.9506541513652697,0.9506541513652693,0.0
CDMS-10-5C-JFALGI,0.0,0.0,0.0,0.0,0.0,0.0,0.0,0.0,0.0,0.0,0.0,0.0,0.0,0.0,0.0
CDMS-10-5C-JFALGI,0.0,0.0,0.0,1.78195548330132,0.0,0.0,0.0,0.0,-1.7002817646164095,0.0,0.0,0.0,-1.3261583198155513,-1.5365697649509442,0.0
CDMS-10-5C-MAORTO,0.0,0.0,0.0,0.0,0.0,0.0,0.0,0.0,0.0,0.0,0.0,0.0,0.0,0.0,0.0
CDMS-10-5C-MAORTO,0.0,0.0,0.0,-0.36927447293799814,0.0,0.0,0.0,0.0,0.0536828127095017,0.0,0.0,0.0,-0.38046849763905055,-0.202846609794209,0.0
CDMS-10-5C-MAORTO,0.0,0.0,0.0,-0.850962943396763,0.0,0.0,0.0,0.0,0.4736313126882582,0.0,0.0,0.0,0.7755149821534617,0.4548733045147124,0.0
CDMS-10-5C-MAORTO,0.0,0.0,0.0,-0.6546536707079772,0.0,0.0,0.0,0.0,0.6652435052101484,0.0,0.0,0.0,0.8628403050799635,0.6747121490904268,0.0
CDMS-10-5C-NBEMO,0.0,0.0,0.0,0.0,0.0,0.0,0.0,0.0,0.0,0.0,0.0,0.0,0.0,0.0,0.0
CDMS-10-5C-NBEMO,0.0,0.0,0.0,7.000000000000001,0.0,0.0,0.0,0.0,-3.2283258425753183,0.0,0.0,0.0,-3.2283258425753183,-3.228325842575318,0.0
CDMS-10-6B-ASCACO,0.0,0.0,0.0,-0.3144854510165755,0.0,0.0,0.0,0.0,0.9617316752644316,0.0,0.0,0.0,1.0619131671036404,1.0231046813729079,0.0
CDMS-11-4A-GACHSA,0.0,0.0,0.0,2.844452335847639,0.0,0.0,0.0,0.0,-1.8386497738795204,0.0,0.0,0.0,-1.838649773879521,-1.8386497738795209,0.0
CDMS-11-4A-GACHSA,0.0,0.0,0.0,-0.3144854510165755,0.0,0.0,0.0,0.0,1.766933975709959,0.0,0.0,0.0,1.766933975709959,1.7669339757099591,0.0
CDMS-11-4A-GACHSA,0.0,0.0,0.0,2.2912878474779204,0.0,0.0,0.0,0.0,-1.7202390474219016,0.0,0.0,0.0,-0.9969277961190806,-1.431853770438043,0.0
CDMS-11-4A-GACHSA,0.0,0.0,0.0,0.0,0.0,0.0,0.0,0.0,0.0,0.0,0.0,0.0,0.0,0.0,0.0
CDMS-11-4A-GACHSA,0.0,0.0,0.0,1.9395630337539336,0.0,0.0,0.0,0.0,-1.6479291356691883,0.0,0.0,0.0,-1.3598224792081763,-1.5747289625542331,0.0
CDMS-11-4A-GACHSA,0.0,0.0,0.0,1.4267043317053758,0.0,0.0,0.0,0.0,-1.3470947293803774,0.0,0.0,0.0,-1.0332403368031826,-1.1033314835282881,0.0
CDMS-11-4A-GACHSA,0.0,0.0,0.0,0.11280056649047142,0.0,0.0,0.0,0.0,0.3770751436050834,0.0,0.0,0.0,1.2375966910186265,1.0170227120001107,0.0
CDMS-11-4A-GACHSA,0.0,0.0,0.0,0.11280056649047142,0.0,0.0,0.0,0.0,0.3770751436050834,0.0,0.0,0.0,1.2375966910186265,1.0170227120001107,0.0
CDMS-11-5A-EAARCA,0.0,0.0,0.0,-0.33333333333333337,0.0,0.0,0.0,0.0,1.3389594082846539,0.0,0.0,0.0,1.3389594082846539,1.338959408284654,0.0
CDMS-11-5A-EAARCA,0.0,0.0,0.0,-0.46852128566581813,0.0,0.0,0.0,0.0,0.11250879009260199,0.0,0.0,0.0,0.12163052492977941,0.12163052492977941,0.0
CDMS-11-5A-EAARCA,0.0,0.0,0.0,-0.5089133578079825,0.0,0.0,0.0,0.0,0.22243035397358787,0.0,0.0,0.0,0.024751161011376376,0.22845113185019608,0.0
CDMS-11-5A-EAARCA,0.0,0.0,0.0,-0.43643578047198484,0.0,0.0,0.0,0.0,-0.7430030189379495,0.0,0.0,0.0,-0.8941795301365221,-0.811508614391144,0.0
CDMS-11-5A-EAARCA,0.0,0.0,0.0,0.0,0.0,0.0,0.0,0.0,0.0,0.0,0.0,0.0,0.0,0.0,0.0
CDMS-11-5A-EAARCA,0.0,0.0,0.0,-0.3144854510165755,0.0,0.0,0.0,0.0,1.587081857020512,0.0,0.0,0.0,1.6135685927792482,1.46191235828056,0.0
CDMS-11-5A-EAARCA,0.0,0.0,0.0,-0.29488391230979427,0.0,0.0,0.0,0.0,0.6902013856519751,0.0,0.0,0.0,0.7499999999999998,0.7263978802721488,0.0
CDMS-11-5A-MGTHAR,0.0,0.0,0.0,0.7475904326336433,0.0,0.0,0.0,0.0,-0.9100640781960927,0.0,0.0,0.0,0.19324698792024944,-0.7040733105110057,0.0
CDMS-11-6A-NMREPR,0.0,0.0,0.0,-0.3144854510165755,0.0,0.0,0.0,0.0,-0.07295405746286915,0.0,0.0,0.0,-0.19753736687974827,-0.09726967257064525,0.0
CDMS-11-6B-AVROTO,0.0,0.0,0.0,0.0,0.0,0.0,0.0,0.0,0.0,0.0,0.0,0.0,0.0,0.0,0.0
CDMS-11-6B-AVROTO,0.0,0.0,0.0,-0.43643578047198484,0.0,0.0,0.0,0.0,-0.15285150867236405,0.0,0.0,0.0,-0.15285150867236344,-0.1528515086723634,0.0
CDMS-11-6B-AVROTO,0.0,0.0,0.0,-0.2294157338705618,0.0,0.0,0.0,0.0,0.015619281095397683,0.0,0.0,0.0,0.015619281095397683,0.015619281095398374,0.0
CDMS-11-6B-EAFESA,0.0,0.0,0.0,-0.4975078008762705,0.0,0.0,0.0,0.0,0.5910430032317694,0.0,0.0,0.0,0.2399569095668708,0.14652365628447078,0.0
CDMS-11-6B-EFRGR,0.0,0.0,0.0,-0.2294157338705618,0.0,0.0,0.0,0.0,-0.39534774630743386,0.0,0.0,0.0,-0.3953477463074333,-0.39534774630743325,0.0
CDMS-11-6B-EFRGR,0.0,0.0,0.0,-0.17586311452816475,0.0,0.0,0.0,0.0,0.0,0.0,0.0,0.0,0.0,9.42055475210265e-16,0.0
CDMS-11-6B-EROCO,0.0,0.0,0.0,1.9395630337539336,0.0,0.0,0.0,0.0,-1.6574497241547588,0.0,0.0,0.0,-1.5350186552432916,-1.5646551269375186,0.0
CDMS-11-6B-EROCO,0.0,0.0,0.0,1.7795130420052185,0.0,0.0,0.0,0.0,-1.3704911846157362,0.0,0.0,0.0,-1.05158524784124,-1.2108077386502913,0.0
CDMS-11-6B-JACUPE,0.0,0.0,0.0,2.155263624321299,0.0,0.0,0.0,0.0,-1.646715805001632,0.0,0.0,0.0,-0.32025630761017454,-1.053313697171196,0.0
CDMS-11-6B-JDCHBA,0.0,0.0,0.0,1.4761362798858704,0.0,0.0,0.0,0.0,-0.42664264907606275,0.0,0.0,0.0,0.026220130162293447,0.47909621302702315,0.0
CDMS-11-6B-JDCHBA,0.0,0.0,0.0,1.191557244236089,0.0,0.0,0.0,0.0,-1.9915256280784568,0.0,0.0,0.0,-1.4481456650472848,-1.6243994810688205,0.0
CDMS-11-6B-JDCHBA,0.0,0.0,0.0,1.701520327073065,0.0,0.0,0.0,0.0,-1.7447882470950051,0.0,0.0,0.0,-1.3863977688097797,-1.4839593352782636,0.0
CDMS-11-6B-JFSAHE,0.0,0.0,0.0,0.0,0.0,0.0,0.0,0.0,0.0,0.0,0.0,0.0,0.0,0.0,0.0
CDMS-11-6B-JFSAHE,0.0,0.0,0.0,0.0,0.0,0.0,0.0,0.0,0.0,0.0,0.0,0.0,0.0,0.0,0.0
CDMS-11-6B-JFSAHE,0.0,0.0,0.0,0.0,0.0,0.0,0.0,0.0,0.0,0.0,0.0,0.0,0.0,0.0,0.0
CDMS-11-6B-JFSAHE,0.0,0.0,0.0,0.0,0.0,0.0,0.0,0.0,0.0,0.0,0.0,0.0,0.0,0.0,0.0
CDMS-11-6B-JFSAHE,0.0,0.0,0.0,-0.27435163058436723,0.0,0.0,0.0,0.0,-1.2223076539347575,0.0,0.0,0.0,-1.2223076539347575,-1.222307653934758,0.0
CDMS-11-6B-JFSAHE,0.0,0.0,0.0,-0.9472095507755253,0.0,0.0,0.0,0.0,0.35770046528271315,0.0,0.0,0.0,-0.6738202810148577,-0.02685328728961805,0.0
CDMS-11-6B-JFSAHE,0.0,0.0,0.0,-0.4843221048378526,0.0,0.0,0.0,0.0,-0.5559385652911963,0.0,0.0,0.0,-1.30487650860252,-0.8154723200154731,0.0
CDMS-11-6B-JLPENA,0.0,0.0,0.0,0.0,0.0,0.0,0.0,0.0,0.0,0.0,0.0,0.0,0.0,0.0,0.0
CDMS-11-6B-JLPENA,0.0,0.0,0.0,7.000000000000001,0.0,0.0,0.0,0.0,-2.6028443917403017,0.0,0.0,0.0,-2.6028443917403017,-2.602844391740301,0.0
CDMS-11-6B-JLPENA,0.0,0.0,0.0,3.153846153846154,0.0,0.0,0.0,0.0,-1.0832665660020118,0.0,0.0,0.0,-0.27039235357555685,-0.5907562918761715,0.0
CDMS-11-6B-JLPENA,0.0,0.0,0.0,2.73176358782044,0.0,0.0,0.0,0.0,-1.1576305958358897,0.0,0.0,0.0,-0.6479459766379665,-0.952399910630025,0.0
CDMS-11-6B-JLPENA,0.0,0.0,0.0,3.594402137948842,0.0,0.0,0.0,0.0,-1.7410005887489768,0.0,0.0,0.0,-1.3977653617040255,-1.5881856256595006,0.0
CDMS-11-6B-JMARME,0.0,0.0,0.0,1.464819225788087,0.0,0.0,0.0,0.0,-1.849556778126336,0.0,0.0,0.0,-1.5543739389423994,-1.7183482150355942,0.0
CDMS-11-6B-JPSAMA,0.0,0.0,0.0,1.8297065576087663,0.0,0.0,0.0,0.0,-2.0426487199475702,0.0,0.0,0.0,-5.50433555696454,-3.067492464617119,0.0
CDMS-11-6B-LESTA,0.0,0.0,0.0,1.339787690606471,0.0,0.0,0.0,0.0,-1.8658745526768845,0.0,0.0,0.0,-2.3017178273120646,-2.1163961961128637,0.0
CDMS-11-6B-MAGIMU,0.0,0.0,0.0,-0.5089133578079825,0.0,0.0,0.0,0.0,1.0135010932502333,0.0,0.0,0.0,0.9733285267845754,0.9733285267845752,0.0
CDMS-11-6B-MAGIMU,0.0,0.0,0.0,1.7795130420052185,0.0,0.0,0.0,0.0,-1.1375815843657588,0.0,0.0,0.0,0.43692769444935786,-0.5665197584416082,0.0
CDMS-11-6B-MAGIMU,0.0,0.0,0.0,2.2096047024697585,0.0,0.0,0.0,0.0,-1.0125268322649599,0.0,0.0,0.0,-1.5107381353899882,-1.3377527736800041,0.0
CDMS-11-6B-MMAMO,0.0,0.0,0.0,-0.6081636405595374,0.0,0.0,0.0,0.0,0.20040957227469813,0.0,0.0,0.0,-0.7778331596716078,-0.16454053653404577,0.0
CDMS-11-6B-MMAMO,0.0,0.0,0.0,0.0,0.0,0.0,0.0,0.0,0.0,0.0,0.0,0.0,0.0,0.0,0.0
CDMS-11-6B-MMAMO,0.0,0.0,0.0,-1.0116467664054982,0.0,0.0,0.0,0.0,1.0645812948447544,0.0,0.0,0.0,1.0476190476190474,0.7527879134712434,0.0
CDMS-11-6B-MMAMO,0.0,0.0,0.0,-1.366001903107947,0.0,0.0,0.0,0.0,1.3254353166745456,0.0,0.0,0.0,0.7423074889580905,0.997718984322822,0.0
CDMS-11-6B-MMAMO,0.0,0.0,0.0,-1.366001903107947,0.0,0.0,0.0,0.0,1.3254353166745456,0.0,0.0,0.0,0.7423074889580905,0.997718984322822,0.0
CDMS-11-6B-MMAMO,0.0,0.0,0.0,-1.0055325456772093,0.0,0.0,0.0,0.0,1.181319085106087,0.0,0.0,0.0,0.8283695165902745,1.0557597186995191,0.0
CDMS-11-6B-RSECA,0.0,0.0,0.0,-0.20412414523193154,0.0,0.0,0.0,0.0,0.22699055229393272,0.0,0.0,0.0,0.22699055229393272,0.22699055229393234,0.0
CDMS-11-6B-VZAPE,0.0,0.0,0.0,0.8496601585286936,0.0,0.0,0.0,0.0,-0.7968597258868872,0.0,0.0,0.0,-0.5592327894010802,-0.9972540717343649,0.0
CDMS-11-6B-YLNIME,0.0,0.0,0.0,-0.33333333333333337,0.0,0.0,0.0,0.0,-0.2432432432432428,0.0,0.0,0.0,-0.2432432432432428,-0.2432432432432435,0.0
CDMS-11-7C-ICARE,0.0,0.0,0.0,1.431789207065373,0.0,0.0,0.0,0.0,-1.078719779941187,0.0,0.0,0.0,-0.5192342267469867,-0.8186844729231281,0.0
CDMS-11-7C-ICARE,0.0,0.0,0.0,0.0,0.0,0.0,0.0,0.0,0.0,0.0,0.0,0.0,0.0,0.0,0.0
CDMS-11-7C-IMOIB,0.0,0.0,0.0,0.0,0.0,0.0,0.0,0.0,0.0,0.0,0.0,0.0,0.0,0.0,0.0
CDMS-11-7C-IMOIB,0.0,0.0,0.0,-0.25264557631995566,0.0,0.0,0.0,0.0,-0.31072476510082814,0.0,0.0,0.0,-0.3107247651008274,-0.310724765100827,0.0
CDMS-11-7C-IMOIB,0.0,0.0,0.0,-0.3865556717425342,0.0,0.0,0.0,0.0,-0.2600301104929766,0.0,0.0,0.0,-0.260030110492976,-0.26003011049297564,0.0
CDMS-11-7C-SALMA,0.0,0.0,0.0,-0.3515615246553262,0.0,0.0,0.0,0.0,1.7487657985510292,0.0,0.0,0.0,1.8593393604027366,1.9139342326697921,0.0
CDMS-11-7C-SPGAVE,0.0,0.0,0.0,0.9996923550150238,0.0,0.0,0.0,0.0,0.1604709990855234,0.0,0.0,0.0,1.4925557853149838,1.085560355568446,0.0
CDMS-11-7C-SPGAVE,0.0,0.0,0.0,-0.6081636405595374,0.0,0.0,0.0,0.0,-0.23450882356048258,0.0,0.0,0.0,-0.6328145078635634,-0.36481630057450465,0.0
CDMS-12-6A-JSOTGU,0.0,0.0,0.0,2.62938568200791,0.0,0.0,0.0,0.0,-1.6327882638535702,0.0,0.0,0.0,-1.0586302530170797,-1.307546259892833,0.0
CDMS-12-6A-SROAL,0.0,0.0,0.0,0.0,0.0,0.0,0.0,0.0,0.0,0.0,0.0,0.0,0.0,0.0,0.0
CDMS-12-6A-SROAL,0.0,0.0,0.0,1.78195548330132,0.0,0.0,0.0,0.0,-1.32041411168931,0.0,0.0,0.0,-1.6035674514745464,-1.894055731845955,0.0
CDMS-12-6A-SROAL,0.0,0.0,0.0,2.6954452160430145,0.0,-0.17586311452816475,0.0,0.0,-2.260908400186639,0.0,0.0,0.0,-1.8344835690915342,-2.0704920349925713,-0.20371503286974055
CDMS-12-6B-IJDAGA,0.0,0.0,0.0,-0.30138105988135877,0.0,0.0,0.0,0.0,-0.2503715243610212,0.0,0.0,0.0,-0.833452458489507,-0.6825988414176978,0.0
CDMS-12-6B-IJDAGA,0.0,0.0,0.0,0.448616427826944,0.0,0.0,0.0,0.0,-1.3537996731007698,0.0,0.0,0.0,-1.6075385439493792,-1.4599043896245907,0.0
CDMS-12-6B-IJDAGA,0.0,0.0,0.0,0.7323338372368241,0.0,0.0,0.0,0.0,-1.5708296418131977,0.0,0.0,0.0,-1.80159769253689,-1.9107623352268184,0.0
CDMS-12-6B-SCLAG,0.0,0.0,0.0,3.609368189355847,0.0,0.0,0.0,0.0,-1.869867074873998,0.0,0.0,0.0,-1.7538305633580953,-1.9076126491995458,0.0
CDMS-12-6B-SCLAG,0.0,0.0,0.0,3.5496478698597698,0.0,0.0,0.0,0.0,-3.413147421866735,0.0,0.0,0.0,-1.1931175180026086,-2.291925630392421,0.0
CDMS-12-7C-ARAHE,0.0,0.0,0.0,-0.5619514869490164,0.0,0.0,0.0,0.0,-0.38872773342343864,0.0,0.0,0.0,-0.7725782923982688,-0.6099230562693523,0.0
CDMS-12-7C-ARAHE,0.0,0.0,0.0,-0.4525696378552518,0.0,0.0,0.0,0.0,-0.5468088194645891,0.0,0.0,0.0,-0.9639815611103627,-0.8065735656246298,0.0
CDMS-12-7C-CATRAR,0.0,0.0,0.0,-0.33333333333333337,0.0,0.0,0.0,0.0,-0.08881338696259995,0.0,0.0,0.0,-0.08881338696260062,-0.08881338696259963,0.0
CDMS-12-7C-DLOLO,0.0,0.0,0.0,1.8504333918314602,0.0,0.0,0.0,0.0,-1.6501560537808204,0.0,0.0,0.0,0.31531053790113417,-0.2003828768396949,0.0
CDMS-12-7C-DLOLO,0.0,0.0,0.0,2.292327933164346,0.0,0.0,0.0,0.0,-1.7451441711275004,0.0,0.0,0.0,-0.7381051253765325,-1.3187223059939552,0.0
CDMS-12-7C-DLOLO,0.0,0.0,0.0,-0.2294157338705618,0.0,0.0,0.0,0.0,-0.25035217008302246,0.0,0.0,0.0,-0.25035217008302246,-0.2503521700830225,0.0
CDMS-12-7C-DLOLO,0.0,0.0,0.0,-0.3144854510165755,0.0,0.0,0.0,0.0,0.10492264806007301,0.0,0.0,0.0,0.10492264806007301,0.10492264806007266,0.0
CDMS-12-7C-DLOLO,0.0,0.0,0.0,-0.25264557631995566,0.0,0.0,0.0,0.0,0.06681531047810615,0.0,0.0,0.0,0.06681531047810615,0.06681531047810652,0.0
CDMS-12-7C-MAROBE,0.0,0.0,0.0,0.5757575757575758,0.0,0.0,0.0,0.0,-0.5457854333010372,0.0,0.0,0.0,-0.6314897047477821,-0.18778442146482757,0.0
CDMS-12-7C-VMAPA,0.0,0.0,0.0,-0.7559289460184544,0.0,0.0,0.0,0.0,0.01865334050616552,0.0,0.0,0.0,-0.541596192372457,-0.4956970062884473,0.0
CDMS-12-7C-VMAPA,0.0,0.0,0.0,0.0,0.0,0.0,0.0,0.0,0.0,0.0,0.0,0.0,0.0,0.0,0.0
CDMS-12-7C-VQURA,0.0,0.0,0.0,0.0,0.0,0.0,0.0,0.0,0.0,0.0,0.0,0.0,0.0,0.0,0.0
CDMS-12-7C-VQURA,0.0,0.0,0.0,0.0,0.0,0.0,0.0,0.0,0.0,0.0,0.0,0.0,0.0,0.0,0.0
CDMS-12-7C-VQURA,0.0,0.0,0.0,0.0,0.0,0.0,0.0,0.0,0.0,0.0,0.0,0.0,0.0,0.0,0.0
CDMS-12-7C-VQURA,0.0,0.0,0.0,0.0,0.0,0.0,0.0,0.0,0.0,0.0,0.0,0.0,0.0,0.0,0.0
CDMS-12-7C-VQURA,0.0,0.0,0.0,0.0,0.0,0.0,0.0,0.0,0.0,0.0,0.0,0.0,0.0,0.0,0.0
CDMS-13-6B-ASUMO,0.0,0.0,0.0,0.0,0.0,0.0,0.0,0.0,0.0,0.0,0.0,0.0,0.0,0.0,0.0
CDMS-13-6B-JDTAHE,0.0,0.0,0.0,3.229168359655187,0.0,0.0,0.0,0.0,-2.272453697154087,0.0,0.0,0.0,-2.0488514070855572,-2.0927842705811304,0.0
CDMS-13-6B-JDTAHE,0.0,0.0,0.0,0.0,0.0,0.0,0.0,0.0,0.0,0.0,0.0,0.0,0.0,0.0,0.0
CDMS-13-6B-JDTAHE,0.0,0.0,0.0,0.0,0.0,0.0,0.0,0.0,0.0,0.0,0.0,0.0,0.0,0.0,0.0
CDMS-13-7C-MVEAR,0.0,0.0,0.0,-0.27435163058436723,0.0,0.0,0.0,0.0,-0.6929177655843252,0.0,0.0,0.0,-0.6929177655843252,-0.6929177655843247,0.0
CDMS-13-7C-MVEAR,0.0,0.0,0.0,1.8297065576087663,0.0,0.0,0.0,0.0,-1.6733200530681516,0.0,0.0,0.0,-1.30487650860252,-1.5790181801320375,0.0
CDMS-13-7C-MVEAR,0.0,0.0,0.0,1.7343926045586806,0.0,0.0,0.0,0.0,-0.26257047195771865,0.0,0.0,0.0,0.45705902115519237,0.19571267616714605,0.0
CDMS-13-7C-MVEAR,0.0,0.0,0.0,1.212256250712408,0.0,0.0,0.0,0.0,-0.7073277635705623,0.0,0.0,0.0,-0.25630729731502816,-0.37191255484521346,0.0
CDMS-13-7C-RAIZAC,0.0,0.0,0.0,-0.4034732923929645,0.0,0.0,0.0,0.0,-0.015251630581795912,0.0,0.0,0.0,-0.015251630581795912,-0.015251630581795572,0.0
CDMS-13-7C-RAIZAC,0.0,0.0,0.0,0.0,0.0,0.0,0.0,0.0,0.0,0.0,0.0,0.0,0.0,0.0,0.0
CDMS-13-7C-RAIZAC,0.0,0.0,0.0,0.0,0.0,0.0,0.0,0.0,0.0,0.0,0.0,0.0,0.0,0.0,0.0
CDMS-13-7C-SSOSLO,0.0,0.0,0.0,1.7928391828726242,0.0,0.0,0.0,0.0,-2.1849672249445242,0.0,0.0,0.0,-1.9066079146609614,-1.9954327067748405,0.0
CDMS-14-10A-IMORTO,0.0,0.0,0.0,-0.42008402520840293,0.0,0.0,0.0,0.0,1.4997326959336932,0.0,0.0,0.0,1.4863637638221177,1.486363763822117,0.0
CDMS-14-10A-IMORTO,0.0,0.0,0.0,-0.9784921095801632,0.0,0.0,0.0,0.0,1.6094398081186114,0.0,0.0,0.0,1.2012262030405023,1.3128189514304434,0.0
CDMS-14-10A-JCVANI,0.0,0.0,0.0,1.9395630337539336,0.0,0.0,0.0,0.0,-1.5389675281277313,0.0,0.0,0.0,-0.944319874948176,-1.183329814088324,0.0
CDMS-14-10A-JCVANI,0.0,0.0,0.0,2.2096047024697585,0.0,0.0,0.0,0.0,-1.5840443538628715,0.0,0.0,0.0,-0.8166921161895102,-1.1222547440999828,0.0
CDMS-14-10A-JCVANI,0.0,0.0,0.0,0.0,0.0,0.0,0.0,0.0,0.0,0.0,0.0,0.0,0.0,0.0,0.0
CDMS-14-5A-LSDUCO,0.0,0.0,0.0,0.8250286473253902,0.0,0.0,0.0,0.0,-1.2880960527886696,0.0,0.0,0.0,-0.8864052604279182,-1.6078278071714693,0.0
CDMS-14-6B-KDCAHE,0.0,0.0,0.0,-0.4034732923929645,0.0,0.0,0.0,0.0,0.2019884498886666,0.0,0.0,0.0,0.2019884498886666,0.20198844988866627,0.0
CDMS-14-6B-KDCAHE,0.0,0.0,0.0,-0.20412414523193154,0.0,0.0,0.0,0.0,0.9996923550150235,0.0,0.0,0.0,0.9996923550150235,0.9996923550150244,0.0
CDMS-15-10A-AMALOS,0.0,0.0,0.0,1.6277699581010674,0.0,0.0,0.0,0.0,-1.6277699581010676,0.0,0.0,0.0,-2.064741604835056,-1.917816380243357,0.0
CDMS-15-10A-AMALOS,0.0,0.0,0.0,2.3804761428476167,0.0,0.0,0.0,0.0,-2.0647416048350555,0.0,0.0,0.0,-2.0647416048350555,-2.0647416048350555,0.0
CDMS-15-10A-AMALOS,0.0,0.0,0.0,2.0,0.0,0.0,0.0,0.0,-1.8245742027701328,0.0,0.0,0.0,-1.8245742027701328,-1.8245742027701328,0.0
CDMS-15-10A-AMALOS,0.0,0.0,0.0,0.0,0.0,0.0,0.0,0.0,0.0,0.0,0.0,0.0,0.0,0.0,0.0
CDMS-15-10A-AMALOS,0.0,0.0,0.0,-0.5465357250000211,0.0,0.0,0.0,0.0,0.5465357250000211,0.0,0.0,0.0,0.5465357250000211,0.546535725000021,0.0
CDMS-15-10A-AMALOS,0.0,0.0,0.0,1.6442942874387492,0.0,0.0,0.0,0.0,-1.549461434589237,0.0,0.0,0.0,-1.30487650860252,-1.4901493977865388,0.0
CDMS-15-10A-AMALOS,0.0,0.0,0.0,3.9581140290126386,0.0,0.0,0.0,0.0,-2.405431783064119,0.0,0.0,0.0,-2.405431783064119,-2.405431783064118,0.0
CDMS-15-10A-AMALOS,0.0,0.0,0.0,0.0,0.0,0.0,0.0,0.0,0.0,0.0,0.0,0.0,0.0,0.0,0.0
CDMS-15-10A-AMALOS,0.0,0.0,0.0,-0.3144854510165755,0.0,0.0,0.0,0.0,1.9095405396342489,0.0,0.0,0.0,1.9095405396342489,1.9095405396342489,0.0
CDMS-15-10A-AMALOS,0.0,0.0,0.0,1.6442942874387492,0.0,0.0,0.0,0.0,-1.516540274235766,0.0,0.0,0.0,-1.1995934270593107,-1.3847194900815885,0.0
CDMS-15-10A-AMALOS,0.0,0.0,0.0,0.17960530202677485,0.0,0.0,0.0,0.0,-0.050414828173324176,0.0,0.0,0.0,0.05907961912673917,0.13498909657669234,0.0
CDMS-15-10A-AMALOS,0.0,0.0,0.0,0.5079907656453765,0.0,0.0,0.0,0.0,-0.35942537872389246,0.0,0.0,0.0,-0.2230845546132644,-0.15641969655038793,0.0
CDMS-15-10A-AMALOS,0.0,0.0,0.0,1.457737973711325,0.0,0.0,0.0,0.0,-1.4425794442631892,0.0,0.0,0.0,-1.2626716210644435,-1.3816715577906131,0.0
CDMS-15-10A-AMALOS,0.0,0.0,0.0,1.5646967316604727,0.0,0.0,0.0,0.0,-1.4940625069718252,0.0,0.0,0.0,-1.30487650860252,-1.4492914629812517,0.0
CDMS-15-10A-AMALOS,0.0,0.0,0.0,0.0,0.0,0.0,0.0,0.0,0.0,0.0,0.0,0.0,0.0,0.0,0.0
CDMS-15-10A-AMALOS,0.0,0.0,0.0,0.0,0.0,0.0,0.0,0.0,0.0,0.0,0.0,0.0,0.0,0.0,0.0
CDMS-15-10A-AMALOS,0.0,0.0,0.0,0.0,0.0,0.0,0.0,0.0,0.0,0.0,0.0,0.0,0.0,0.0,0.0
CDMS-15-10A-AMALOS,0.0,0.0,0.0,0.0,0.0,0.0,0.0,0.0,0.0,0.0,0.0,0.0,0.0,0.0,0.0
CDMS-15-10A-AMALOS,0.0,0.0,0.0,0.8685539504902852,0.0,0.0,0.0,0.0,-0.8986456253471145,0.0,0.0,0.0,-0.8685539504902849,-0.87733051841224,0.0
CDMS-15-10A-AMALOS,0.0,0.0,0.0,1.1751393027860064,0.0,0.0,0.0,0.0,-1.143384434630911,0.0,0.0,0.0,-0.8646842568294736,-0.9804343004974677,0.0
CDMS-15-10A-AMALOS,0.0,0.0,0.0,3.1797973380564857,0.0,0.0,0.0,0.0,-1.466426440045678,0.0,0.0,0.0,-1.466426440045678,-1.466426440045678,0.0
CDMS-15-10A-AMALOS,0.0,0.0,0.0,0.0,0.0,0.0,0.0,0.0,0.0,0.0,0.0,0.0,0.0,0.0,0.0
CDMS-15-10A-AMALOS,0.0,0.0,0.0,-0.33333333333333337,0.0,0.0,0.0,0.0,0.8221786020271292,0.0,0.0,0.0,0.9045340337332912,0.8716619049594181,0.0
CDMS-15-10A-AMALOS,0.0,0.0,0.0,0.8385481602338832,0.0,0.0,0.0,0.0,0.2977199229206295,0.0,0.0,0.0,0.7553500084836385,0.6545412714930282,0.0
CDMS-15-10A-AMALOS,0.0,0.0,0.0,-0.7302967433402214,0.0,0.0,0.0,0.0,0.792207792207792,0.0,0.0,0.0,0.7669649888473704,0.740968550777847,0.0
CDMS-15-10A-AMALOS,0.0,0.0,0.0,-0.645818533288947,0.0,0.0,0.0,0.0,1.0243601137166933,0.0,0.0,0.0,1.0006416052455125,1.0006416052455125,0.0
CDMS-15-10A-AMALOS,0.0,0.0,0.0,1.6870547845739468,0.0,0.0,0.0,0.0,-1.8233677059833102,0.0,0.0,0.0,-1.3684944346923218,-1.523471667867972,0.0
CDMS-15-10A-AMALOS,0.0,0.0,0.0,-0.42354655255943036,0.0,0.0,0.0,0.0,0.16732154803684243,0.0,0.0,0.0,0.18298882785650522,0.18298882785650525,0.0
CDMS-15-10A-AMALOS,0.0,0.0,0.0,-0.5465357250000211,0.0,0.0,0.0,0.0,-0.5329123300426397,0.0,0.0,0.0,-0.9614444456192748,-0.7118943240133594,0.0
CDMS-15-10A-JJMACH,0.0,0.0,0.0,3.0,0.0,0.0,0.0,0.0,-1.2733505719150802,0.0,0.0,0.0,-0.014908776472757188,-0.7614246485705753,0.0
CDMS-15-10A-JJMACH,0.0,0.0,0.0,1.5350186552432912,0.0,0.0,0.0,0.0,-1.3371339961611455,0.0,0.0,0.0,-0.7603476001106324,-1.0155468296866295,0.0
CDMS-15-10A-JJMACH,0.0,0.0,0.0,1.3693603236340992,0.0,0.0,0.0,0.0,-1.2054640330570086,0.0,0.0,0.0,0.33859958878986046,-0.7920902449696064,0.0
CDMS-15-10A-JJMACH,0.0,0.0,0.0,0.9423064972256976,0.0,0.0,0.0,0.0,-0.8033211497140522,0.0,0.0,0.0,0.517521828627721,-0.4001896018720714,0.0
CDMS-15-10A-JJMACH,0.0,0.0,0.0,-0.36927447293799814,0.0,0.0,0.0,0.0,-0.5641519475835697,0.0,0.0,0.0,-0.5641519475835702,-0.5641519475835697,0.0
CDMS-15-10A-MAALRI,0.0,0.0,0.0,6.333333333333333,0.0,0.0,0.0,0.0,-0.7720486469779558,0.0,0.0,0.0,-1.1213477619332979,-0.9899227175740918,0.0
CDMS-15-10A-SGOMO,0.0,0.0,0.0,-0.7663560447348133,0.0,0.0,0.0,0.0,0.7663560447348136,0.0,0.0,0.0,0.7663560447348137,0.7663560447348132,0.0
CDMS-15-10A-SGOMO,0.0,0.0,0.0,-0.42008402520840293,0.0,0.0,0.0,0.0,0.7291972745477574,0.0,0.0,0.0,0.7291972745477574,0.7291972745477571,0.0
CDMS-15-11B-JEMOLO,0.0,0.0,0.0,1.689306053002671,0.0,0.0,0.0,0.0,-1.088977251088092,0.0,0.0,0.0,-0.46744491665143084,-0.7474348959561307,0.0
CDMS-15-11B-JEMOLO,0.0,0.0,0.0,3.14982226351125,0.0,0.0,0.0,0.0,-1.7260578548838255,0.0,0.0,0.0,-1.8126539343499313,-1.7862606051249685,0.0
CDMS-15-11B-JEMOLO,0.0,0.0,0.0,2.342606428329091,0.0,0.0,0.0,0.0,-0.7017130580269056,0.0,0.0,0.0,0.32451179824887827,0.0962739612046585,0.0
CDMS-15-11B-JEMOLO,0.0,0.0,0.0,2.5523422315692743,0.0,0.0,0.0,0.0,-1.1801323785345839,0.0,0.0,0.0,-0.14074837237212176,-0.6359156615001976,0.0
CDMS-15-11B-JEMOLO,0.0,0.0,0.0,1.5756771943166705,0.0,0.0,0.0,0.0,-1.113796825792301,0.0,0.0,0.0,-0.5479490295253895,-0.9277345226398519,0.0
CDMS-15-11B-JEMOLO,0.0,0.0,0.0,2.0679037566136893,0.0,0.0,0.0,0.0,-0.9271462592061832,0.0,0.0,0.0,-0.8784381271934218,-0.8784381271934214,0.0
CDMS-15-11B-JEMOLO,0.0,0.0,0.0,2.0,0.0,0.0,0.0,0.0,-1.8245742027701328,0.0,0.0,0.0,-1.8245742027701328,-1.8245742027701328,0.0
CDMS-15-11B-JEMOLO,0.0,0.0,0.0,2.3804761428476167,0.0,0.0,0.0,0.0,-2.0647416048350555,0.0,0.0,0.0,-2.0647416048350555,-2.0647416048350555,0.0
CDMS-15-11B-JEMOLO,0.0,0.0,0.0,2.64303450410446,0.0,0.0,0.0,0.0,-2.3666286678969857,0.0,0.0,0.0,-1.9744355451432527,-1.974435545143252,0.0
CDMS-15-11B-VSAHO,0.0,0.0,0.0,-0.13897231638362395,0.0,0.0,0.0,0.0,1.157120635425408,0.0,0.0,0.0,1.151766097705618,1.3533254089816302,0.0
CDMS-16-10A-SGALO,0.0,0.0,0.0,-0.3144854510165755,0.0,0.0,0.0,0.0,1.9973013076359705,0.0,0.0,0.0,1.9973013076359711,1.997301307635971,0.0
CDMS-16-11B-NGABE,0.0,0.0,0.0,0.0,0.0,0.0,0.0,0.0,0.0,0.0,0.0,0.0,0.0,0.0,0.0
CDMS-16-11B-NGABE,0.0,0.0,0.0,-0.5619514869490164,0.0,0.0,0.0,0.0,1.259945854730001,0.0,0.0,0.0,1.3083342403217217,1.3172465202691717,0.0
CDMS-16-11B-NGABE,0.0,0.0,0.0,-0.6702800625998364,0.0,0.0,0.0,0.0,0.8210068154643405,0.0,0.0,0.0,0.8685539504902854,0.8453943796704866,0.0
CDMS-16-11B-NGABE,0.0,0.0,0.0,-0.6702800625998364,0.0,0.0,0.0,0.0,0.8210068154643405,0.0,0.0,0.0,0.8685539504902854,0.8453943796704866,0.0
CDMS-16-11B-NGABE,0.0,0.0,0.0,-0.5155800469472481,0.0,0.0,0.0,0.0,0.8221786020271297,0.0,0.0,0.0,0.9045340337332912,0.8671513311120714,0.0
CDMS-16-11B-NGABE,0.0,0.0,0.0,2.3804761428476167,0.0,0.0,0.0,0.0,-2.0647416048350555,0.0,0.0,0.0,-2.0647416048350555,-2.0647416048350555,0.0
CDMS-16-11B-NGABE,0.0,0.0,0.0,2.0,0.0,0.0,0.0,0.0,-1.8245742027701328,0.0,0.0,0.0,-1.8245742027701328,-1.8245742027701328,0.0
CDMS-16-11B-NGABE,0.0,0.0,0.0,3.0,0.0,0.0,0.0,0.0,-2.2512252473863827,0.0,0.0,0.0,-2.2512252473863827,-2.2512252473863827,0.0
CDMS-18-7C-VVECA,0.0,0.0,0.0,-0.3144854510165755,0.0,0.0,0.0,0.0,0.7174945402494796,0.0,0.0,0.0,0.7174945402494796,0.7174945402494795,0.0
CDMS-18-7C-VVECA,0.0,0.0,0.0,-0.5678187527901408,0.0,0.0,0.0,0.0,-0.36275619568079576,0.0,0.0,0.0,-0.2678475561276831,-0.2678475561276834,0.0
CDMS-18-7C-VVECA,0.0,0.0,0.0,-0.5678187527901408,0.0,0.0,0.0,0.0,-0.36275619568079576,0.0,0.0,0.0,-0.2678475561276831,-0.2678475561276834,0.0
CDMS-18-7C-VVECA,0.0,0.0,0.0,-0.3865556717425342,0.0,0.0,0.0,0.0,-0.10902852279917662,0.0,0.0,0.0,0.6923076923076924,0.32514977474189743,0.0
CDMS-8-4A-DBEVA,0.0,0.0,0.0,-0.25264557631995566,0.0,0.0,0.0,0.0,-0.7578757672667772,0.0,0.0,0.0,-1.0408329997330663,-0.8860589298943344,0.0
CDMS-8-4A-DJAVDA,0.0,0.0,0.0,-0.33333333333333337,0.0,0.0,0.0,0.0,0.8340360973874238,0.0,0.0,0.0,0.8320502943378437,0.8320502943378434,0.0
CDMS-8-4A-DJAVDA,0.0,0.0,0.0,-0.29488391230979427,0.0,0.0,0.0,0.0,0.030875376054721945,0.0,0.0,0.0,0.030875376054721945,0.030875376054722625,0.0
CDMS-8-4A-DJAVDA,0.0,0.0,0.0,0.0,0.0,0.0,0.0,0.0,0.0,0.0,0.0,0.0,0.0,0.0,0.0
CDMS-8-4A-DJAVDA,0.0,0.0,0.0,0.0,0.0,0.0,0.0,0.0,0.0,0.0,0.0,0.0,0.0,0.0,0.0
CDMS-8-4A-DJAVDA,0.0,0.0,0.0,0.0,0.0,0.0,0.0,0.0,0.0,0.0,0.0,0.0,0.0,0.0,0.0
CDMS-8-4A-DOSTR,0.0,0.0,0.0,-1.0632217385374765,0.0,0.0,0.0,0.0,0.05287189682950035,0.0,0.0,0.0,-1.1249999999999998,-1.0116466039412557,0.0
CDMS-8-4A-LGOPA,0.0,0.0,0.0,0.24618298195866542,0.0,0.0,0.0,0.0,0.4713368242988622,0.0,0.0,0.0,-0.0712544319544622,0.5360083686299938,0.0
CDMS-8-4A-LGOPA,0.0,0.0,0.0,-0.24647955233720126,0.0,0.0,0.0,0.0,0.43924271105031243,0.0,0.0,0.0,-0.7908930712210546,-0.030087496391933685,0.0
CDMS-8-4A-LGOPA,0.0,0.0,0.0,1.0238342528869404,0.0,0.0,0.0,0.0,-0.3254619184428761,0.0,0.0,0.0,-1.383361427835108,-0.6977440952781531,0.0
CDMS-8-4C-JDBUTU,0.0,0.0,0.0,-0.5180653234396059,0.0,0.0,0.0,0.0,0.0788776014593653,0.0,0.0,0.0,0.730530047165118,0.3098194277561759,0.0
CDMS-8-4C-JDBUTU,0.0,0.0,0.0,-0.3865556717425342,0.0,0.0,0.0,0.0,-0.07033799484533304,0.0,0.0,0.0,0.6810733684496445,0.447312763680336,0.0
CDMS-8-4C-JDBUTU,0.0,0.0,0.0,-0.4155813868856491,0.0,0.0,0.0,0.0,1.2710260301860519,0.0,0.0,0.0,1.2630523643136822,1.263052364313681,0.0
CDMS-8-4C-JDBUTU,0.0,0.0,0.0,-0.3905667329424716,0.0,0.0,0.0,0.0,1.2622950819672132,0.0,0.0,0.0,1.2296745756951657,1.229993580863406,0.0
CDMS-9-4A-ACDUTR,0.0,0.0,0.0,-0.46852128566581813,0.0,0.0,0.0,0.0,-0.35934399862408023,0.0,0.0,0.0,-0.3446579106211472,-0.34465791062114687,0.0
CDMS-9-4A-ACDUTR,0.0,0.0,0.0,0.9072647087265548,0.0,0.0,0.0,0.0,-1.299958315481132,0.0,0.0,0.0,-1.6010071858032358,-1.3302055365052938,0.0
CDMS-9-4A-ACDUTR,0.0,0.0,0.0,-0.5334650693692645,0.0,0.0,0.0,0.0,-0.9140746149917072,0.0,0.0,0.0,-0.4041589355691074,-0.5579545916815389,0.0
CDMS-9-4A-ACDUTR,0.0,0.0,0.0,0.75,0.0,0.0,0.0,0.0,-0.9307578419910344,0.0,0.0,0.0,-0.6892832639706861,-0.8218000582532167,0.0
CDMS-9-4A-ACDUTR,0.0,0.0,0.0,2.7136021011998728,0.0,0.0,0.0,0.0,-0.9159905030088088,0.0,0.0,0.0,-0.3744638735912174,-0.6150861155363655,0.0
CDMS-9-4A-ACDUTR,0.0,0.0,0.0,4.296960491308881,0.0,0.0,0.0,0.0,-2.3027705690272278,0.0,0.0,0.0,-2.5383654128340476,-2.548287087818229,0.0
CDMS-9-4A-ACDUTR,0.0,0.0,0.0,2.796430553026888,0.0,0.0,0.0,0.0,-1.5021619752280206,0.0,0.0,0.0,-1.5946210992152061,-1.5467727030866243,0.0
CDMS-9-4A-ACDUTR,0.0,0.0,0.0,3.2773791446074694,0.0,0.0,0.0,0.0,-1.8444940980402185,0.0,0.0,0.0,-2.1046334029570826,-2.0390681772940527,0.0
CDMS-9-4A-ACDUTR,0.0,0.0,0.0,2.628411255328289,0.0,0.0,0.0,0.0,-2.229028082863774,0.0,0.0,0.0,-2.51836925212664,-2.3207836053296447,0.0
CDMS-9-4A-ACDUTR,0.0,0.0,0.0,2.591610616105067,0.0,0.0,0.0,0.0,-2.6457513110645907,0.0,0.0,0.0,-2.5913373354891527,-2.4600956415979356,0.0
CDMS-9-4A-ACDUTR,0.0,0.0,0.0,3.2913054020117993,0.0,0.0,0.0,0.0,-2.4203490354369754,0.0,0.0,0.0,-2.471769140176709,-2.3973232615217817,0.0
CDMS-9-4A-ACDUTR,0.0,0.0,0.0,1.5055496887758946,0.0,0.0,0.0,0.0,-1.8600388298580168,0.0,0.0,0.0,-1.372420720412873,-1.6983542359762462,0.0
CDMS-9-4A-ACDUTR,0.0,0.0,0.0,1.8641332269772042,0.0,0.0,0.0,0.0,-1.7632414684117859,0.0,0.0,0.0,-1.6502739940140692,-1.9153158478437304,0.0
CDMS-9-4A-ACDUTR,0.0,0.0,0.0,0.8685539504902852,0.0,0.0,0.0,0.0,-0.851399679588124,0.0,0.0,0.0,-0.7995900589021115,-0.822144931367754,0.0
CDMS-9-4A-ACDUTR,0.0,0.0,0.0,0.0,0.0,0.0,0.0,0.0,0.0,0.0,0.0,0.0,0.0,0.0,0.0
CDMS-9-4A-ACDUTR,0.0,0.0,0.0,0.0,0.0,0.0,0.0,0.0,0.0,0.0,0.0,0.0,0.0,0.0,0.0
CDMS-9-4A-CRAAG,0.0,0.0,0.0,1.7740142154959215,0.0,0.0,0.0,0.0,-1.8629080519187502,0.0,0.0,0.0,-1.1601458422759359,-1.9931765372400312,0.0
CDMS-9-4A-EROHI,0.0,0.0,0.0,2.168692188036747,0.0,0.0,0.0,0.0,-0.7105692655862144,0.0,0.0,0.0,0.4866642633922873,0.04069100695885437,0.0
CDMS-9-4A-EROHI,0.0,0.0,0.0,3.2773791446074694,0.0,0.0,0.0,0.0,-1.4663185600725734,0.0,0.0,0.0,-1.1096541611004025,-1.2442959104106668,0.0
CDMS-9-4A-EROHI,0.0,0.0,0.0,1.3065491598369758,0.0,0.0,0.0,0.0,-0.965851344415682,0.0,0.0,0.0,-0.6869498447529236,-0.7740291718366875,0.0
CDMS-9-4A-EROHI,0.0,0.0,0.0,-0.4034732923929645,0.0,0.0,0.0,0.0,0.9561872428237259,0.0,0.0,0.0,1.1019986109583082,1.0623690564563042,0.0
CDMS-9-4A-ILOSE,0.0,0.0,0.0,0.6929177655843249,0.0,0.0,0.0,0.0,-0.7762310661224472,0.0,0.0,0.0,0.3994750835187239,-0.43569115039417783,0.0
CDMS-9-4C-SCAMO,0.0,0.0,0.0,-0.27435163058436723,0.0,0.0,0.0,0.0,0.41098305547526504,0.0,0.0,0.0,0.31246028054915215,0.3134227973368249,0.0
CDMS-9-5A-PAGACO,0.0,0.0,0.0,1.605663235430161,0.0,0.0,0.0,0.0,-1.6583123951777001,0.0,0.0,0.0,-0.9486832980505139,-1.4442981280694036,0.0
CDMS-9-5A-PAGACO,0.0,0.0,0.0,1.0954451150103321,0.0,0.0,0.0,0.0,-0.5075245442730827,0.0,0.0,0.0,0.6397223185651332,0.28734918551413985,0.0
CDMS-9-5A-PAGACO,0.0,0.0,0.0,0.5893552199187599,0.0,0.0,0.0,0.0,0.23061765818751254,0.0,0.0,0.0,0.29206637780393957,0.2567041110592836,0.0
CDMS-9-5A-PAGACO,0.0,0.0,0.0,1.0,0.0,0.0,0.0,0.0,-0.9713978794702071,0.0,0.0,0.0,-0.8864052604279182,-0.9179833484809377,0.0
CDMS-9-5A-PAGACO,0.0,0.0,0.0,0.0,0.0,0.0,0.0,0.0,0.0,0.0,0.0,0.0,0.0,0.0,0.0
CDMS-9-5A-PAGACO,0.0,0.0,0.0,0.0,0.0,0.0,0.0,0.0,0.0,0.0,0.0,0.0,0.0,0.0,0.0
CDMS-9-5A-PAGACO,0.0,0.0,0.0,0.0,0.0,0.0,0.0,0.0,0.0,0.0,0.0,0.0,0.0,0.0,0.0
CDMS-9-5A-PAGACO,0.0,0.0,0.0,0.0,0.0,0.0,0.0,0.0,0.0,0.0,0.0,0.0,0.0,0.0,0.0
CDMS-9-5A-VVAAR,0.0,0.0,0.0,4.296960491308881,0.0,0.0,0.0,0.0,-2.7339671305973017,0.0,0.0,0.0,-1.4835161404474142,-2.275502078597472,0.0
CDMS-9-5C-JDMADE,0.0,0.0,0.0,0.9239766551809908,0.0,0.0,0.0,0.0,-0.05295397124587484,0.0,0.0,0.0,-0.8146901396071666,-0.49726383372183947,0.0
CDMS-9-5C-LVIZAC,0.0,0.0,0.0,-0.3865556717425342,0.0,0.0,0.0,0.0,-0.6451416204711965,0.0,0.0,0.0,-1.1995934270593107,-0.9638633771022701,0.0
CDMS-9-5C-LVIZAC,0.0,0.0,0.0,1.5350186552432912,0.0,0.0,0.0,0.0,-1.89057066139898,0.0,0.0,0.0,-1.7208334043810876,-1.9226553538245734,0.0
CDMS-9-5C-LVIZAC,0.0,0.0,0.0,1.4248870236980298,0.0,0.0,0.0,0.0,-1.3443626573531882,0.0,0.0,0.0,-1.1281521496355325,-1.233686479110123,0.0
CDMS-9-5C-MLOGO,0.0,0.0,0.0,1.8065589445398111,0.0,0.0,0.0,0.0,-1.719100713329452,0.0,0.0,0.0,-2.087343280916339,-1.954821707079421,0.0
CDMS-9-5C-MLOGO,0.0,0.0,0.0,1.7956079641746165,0.0,0.0,0.0,0.0,-1.7432233014062706,0.0,0.0,0.0,-2.3610436899565164,-2.0919190416275613,0.0
CDMS-9-5C-MLOGO,0.0,0.0,0.0,1.6035674514745464,0.0,0.0,0.0,0.0,-1.3473441183919714,0.0,0.0,0.0,-0.987878339907213,-1.0201442582686855,0.0
CDMS-9-5C-MLOGO,0.0,0.0,0.0,-0.33333333333333337,0.0,0.0,0.0,0.0,0.2817180849095055,0.0,0.0,0.0,-0.21483446221182975,-0.004139246352413058,0.0
CDMS-9-5C-SCAAG,0.0,0.0,0.0,0.7784798067841148,0.0,0.0,0.0,0.0,-1.4132445909935767,0.0,0.0,0.0,-1.151172986177507,-1.0988287403581818,0.0
CDMS-9-5C-SCAAG,0.0,0.0,0.0,0.0,0.0,0.0,0.0,0.0,0.0,0.0,0.0,0.0,0.0,0.0,0.0
CDMS-XX-10A-VGILO,0.0,0.0,0.0,0.0,0.0,0.0,0.0,0.0,0.0,0.0,0.0,0.0,0.0,0.0,0.0
CDMS-XX-10A-VGILO,0.0,0.0,0.0,0.0,0.0,0.0,0.0,0.0,0.0,0.0,0.0,0.0,0.0,0.0,0.0
CDMS-XX-10A-VGILO,0.0,0.0,0.0,0.0,0.0,0.0,0.0,0.0,0.0,0.0,0.0,0.0,0.0,0.0,0.0
CDMS-XX-5C-MPCAQU,0.0,0.0,0.0,2.844452335847639,0.0,0.0,0.0,0.0,-1.6196092270848794,0.0,0.0,0.0,-1.0315432743720212,-1.3072030839619675,0.0
CDMS-XX-5C-MPCAQU,0.0,0.0,0.0,-0.29488391230979427,0.0,0.0,0.0,0.0,0.2577749175567924,0.0,0.0,0.0,0.2577749175567924,0.25777491755679327,0.0
CDMS-XX-6A-MAGICA,0.0,0.0,0.0,2.9211869733608857,0.0,0.0,0.0,0.0,-1.5998289110941202,0.0,0.0,0.0,-1.4142135623730954,-1.5523973741301602,0.0
CDMS-XX-6B-SPUCA,0.0,0.0,0.0,0.0,0.0,0.0,0.0,0.0,0.0,0.0,0.0,0.0,0.0,0.0,0.0
CDMS-XX-6B-SPUCA,0.0,0.0,0.0,-0.9662823901213161,0.0,0.0,0.0,0.0,1.0435080118708677,0.0,0.0,0.0,0.5915167019106972,0.9439142131655498,0.0
CDMS-XX-6B-SPUCA,0.0,0.0,0.0,-0.4623158427148084,0.0,0.0,0.0,0.0,-0.37371754637596794,0.0,0.0,0.0,-0.4184597212996932,-0.4679572034120191,0.0
CDMS-XX-6B-SPUCA,0.0,0.0,0.0,0.06884283908215148,0.0,0.0,0.0,0.0,-0.47299320474554507,0.0,0.0,0.0,-0.3420665303272086,-0.44424576157799667,0.0
CDMS-XX-6B-SPUCA,0.0,0.0,0.0,-0.8166921161895103,0.0,0.0,0.0,0.0,0.8247351734488312,0.0,0.0,0.0,0.4444444444444443,0.38988205236425016,0.0
CDMS-XX-6B-SPUCA,0.0,0.0,0.0,-0.29488391230979427,0.0,0.0,0.0,0.0,1.067489992328233,0.0,0.0,0.0,1.067489992328233,1.0674899923282328,0.0
CDMS-XX-6B-SPUCA,0.0,0.0,0.0,-0.29488391230979427,0.0,0.0,0.0,0.0,0.5761659596980324,0.0,0.0,0.0,0.5761659596980317,0.5761659596980324,0.0
CDMS-XX-6B-SPUCA,0.0,0.0,0.0,0.48597774192586735,0.0,0.0,0.0,0.0,-0.07769309688655078,0.0,0.0,0.0,0.40269363312841433,0.5619924546362198,0.0
CDMS-XX-6B-SPUCA,0.0,0.0,0.0,-0.16692446522239707,0.0,0.0,0.0,0.0,1.0374034398184069,0.0,0.0,0.0,1.6075950472007854,1.6761567426142947,0.0
CDMS-XX-6B-SPUCA,0.0,0.0,0.0,0.5204834387696164,0.0,0.0,0.0,0.0,0.5878685710093302,0.0,0.0,0.0,2.264195724419824,2.1907909092181,0.0
CDMS-XX-6B-SPUCA,0.0,0.0,0.0,1.0257552890643449,0.0,0.0,0.0,0.0,-0.9382368095925109,0.0,0.0,0.0,-0.6815371991715905,-0.7373530373429187,0.0
CSO-10-4A-ICAPA,0.0,0.0,0.0,1.0090262421252758,0.0,0.0,0.0,0.0,-0.13759513716801575,0.0,0.0,0.0,0.26325191378924107,0.32486517720357144,0.0
CSO-10-4A-ICAPA,0.0,0.0,0.0,-0.10752066611409417,0.0,0.0,0.0,0.0,0.03984524838634337,0.0,0.0,0.0,0.7952127880526507,0.5984104808282823,0.0
CSO-10-4A-ICAPA,0.0,0.0,0.0,0.3705222783217463,0.0,0.0,0.0,0.0,-0.311374474580206,0.0,0.0,0.0,0.24677351591363633,0.01921536600687703,0.0
CSO-10-4A-ICAPA,0.0,0.0,0.0,0.6305993542151146,0.0,0.0,0.0,0.0,0.114707866935281,0.0,0.0,0.0,1.03678471366252,0.7756646231280473,0.0
CSO-10-4A-KCOMO,0.0,0.0,0.0,-0.5619514869490164,0.0,0.0,0.0,0.0,-1.004821751089581,0.0,0.0,0.0,-1.386750490563073,-1.2120418473039776,0.0
CSO-10-4A-KCOMO,0.0,0.0,0.0,-0.46852128566581813,0.0,0.0,0.0,0.0,-0.5241424183609591,0.0,0.0,0.0,0.01373735243264994,-0.26831763913714274,0.0
CSO-10-4A-KCOMO,0.0,0.0,0.0,0.0,0.0,0.0,0.0,0.0,0.0,0.0,0.0,0.0,0.0,0.0,0.0
CSO-10-4A-KCOMO,0.0,0.0,0.0,0.0,0.0,0.0,0.0,0.0,0.0,0.0,0.0,0.0,0.0,0.0,0.0
CSO-10-4A-KCOMO,0.0,0.0,0.0,0.0,0.0,0.0,0.0,0.0,0.0,0.0,0.0,0.0,0.0,0.0,0.0
CSO-10-4A-KCOMO,0.0,0.0,0.0,-0.29488391230979427,0.0,0.0,0.0,0.0,1.5463088284444038,0.0,0.0,0.0,1.5463088284444038,1.5463088284444035,0.0
CSO-10-4A-LRAVI,0.0,0.0,0.0,1.1036292244888017,0.0,0.0,0.0,0.0,-1.5619416758049733,0.0,0.0,0.0,-1.2602520756252085,-1.4314690302382835,0.0
CSO-10-4A-LRAVI,0.0,0.0,0.0,-0.5696519211398117,0.0,0.0,0.0,0.0,-0.4499548072657225,0.0,0.0,0.0,-0.855779498784803,-0.6518307369538544,0.0
CSO-10-4A-LSCAVA,0.0,0.0,0.0,0.0,0.0,0.0,0.0,0.0,0.0,0.0,0.0,0.0,0.0,0.0,0.0
CSO-10-4A-LSCAVA,0.0,0.0,0.0,-0.17586311452816475,0.0,0.0,0.0,0.0,-1.3864839956870172,0.0,0.0,0.0,-1.3864839956870172,-1.386483995687017,0.0
CSO-10-4A-LSCAVA,0.0,0.0,0.0,-0.25264557631995566,0.0,0.0,0.0,0.0,-0.5650320466312656,0.0,0.0,0.0,-0.5650320466312656,-0.5650320466312658,0.0
CSO-10-4A-LSCAVA,0.0,0.0,0.0,-0.3865556717425342,0.0,0.0,0.0,0.0,0.04579752384571115,0.0,0.0,0.0,0.04579752384571115,0.04579752384571249,0.0
CSO-10-4A-LSCAVA,0.0,0.0,0.0,0.0,0.0,0.0,0.0,0.0,0.0,0.0,0.0,0.0,0.0,0.0,0.0
CSO-10-5A-ACAVA,0.0,0.0,0.0,2.4784787961282104,0.0,0.0,0.0,0.0,-1.7422047747976026,0.0,0.0,0.0,-1.3184178509834787,-1.5284494608797141,0.0
CSO-10-5A-ACAVA,0.0,0.0,0.0,1.3693603236340992,0.0,0.0,0.0,0.0,-0.8607846280435314,0.0,0.0,0.0,-0.23299019825076983,-0.506274905554369,0.0
CSO-10-5A-ACAVA,0.0,0.0,0.0,1.2567574357593627,0.0,0.0,0.0,0.0,0.1482046307260318,0.0,0.0,0.0,-0.27219535496952924,0.1507288516902753,0.0
CSO-10-5A-ACAVA,0.0,0.0,0.0,-0.4525696378552518,0.0,0.0,0.0,0.0,1.5914869793869124,0.0,0.0,0.0,0.8357986896261175,1.538653177139984,0.0
CSO-10-5A-ARACA,0.0,0.0,0.0,0.7198051755130667,0.0,0.0,0.0,0.0,-0.3216337604513383,0.0,0.0,0.0,-0.4626914382802769,-0.15914209882143984,0.0
CSO-10-5A-DABRZA,0.0,0.0,0.0,0.6195855517393627,0.0,0.0,0.0,0.0,-0.9443587408350299,0.0,0.0,0.0,-0.7534913139077177,-0.8985862969604574,0.0
CSO-10-5A-GZAMA,0.0,0.0,0.0,1.5044923328796977,0.0,0.0,0.0,0.0,-0.9106011353054774,0.0,0.0,0.0,0.18421251962340177,0.14397295264937252,0.0
CSO-10-5A-GZAMA,0.0,0.0,0.0,-0.3144854510165755,0.0,0.0,0.0,0.0,-1.3251783128981587,0.0,0.0,0.0,-1.8604358866676445,-1.5769751779624053,0.0
CSO-10-5A-GZAMA,0.0,0.0,0.0,-0.30151134457776363,0.0,0.0,0.0,0.0,-1.8019723214034804,0.0,0.0,0.0,-1.8019723214034804,-1.801972321403481,0.0
CSO-10-5A-JANORO,0.0,0.0,0.0,-0.3515615246553262,0.0,0.0,0.0,0.0,-0.6081636405595374,0.0,0.0,0.0,-0.7955870797707358,-0.6962155967839564,0.0
CSO-10-5A-JANORO,0.0,0.0,0.0,-0.29488391230979427,0.0,0.0,0.0,0.0,-0.9611874017309742,0.0,0.0,0.0,-1.1663253013751425,-1.0460972067362848,0.0
CSO-10-5A-JJSEMO,0.0,0.0,0.0,0.0,0.0,0.0,0.0,0.0,0.0,0.0,0.0,0.0,0.0,0.0,0.0
CSO-10-5A-JJSEMO,0.0,0.0,0.0,0.0,0.0,0.0,0.0,0.0,0.0,0.0,0.0,0.0,0.0,0.0,0.0
CSO-10-5A-JJSEMO,0.0,0.0,0.0,0.0,0.0,0.0,0.0,0.0,0.0,0.0,0.0,0.0,0.0,0.0,0.0
CSO-10-5A-JJSEMO,0.0,0.0,0.0,0.0,0.0,0.0,0.0,0.0,0.0,0.0,0.0,0.0,0.0,0.0,0.0
CSO-10-5A-JLCARI,0.0,0.0,0.0,0.0,0.0,0.0,0.0,0.0,0.0,0.0,0.0,0.0,0.0,0.0,0.0
CSO-10-5A-JLCARI,0.0,0.0,0.0,0.0,0.0,0.0,0.0,0.0,0.0,0.0,0.0,0.0,0.0,0.0,0.0
CSO-10-5A-JLCARI,0.0,0.0,0.0,0.0,0.0,0.0,0.0,0.0,0.0,0.0,0.0,0.0,0.0,0.0,0.0
CSO-10-5A-MAARAN,0.0,0.0,0.0,2.7696939358658925,0.0,0.0,0.0,0.0,-1.1820004355407463,0.0,0.0,0.0,-0.8306585409829943,-0.9670222162139281,0.0
CSO-10-5A-MAARAN,0.0,0.0,0.0,1.0493871434026054,0.0,0.0,0.0,0.0,-1.2597171343139355,0.0,0.0,0.0,-0.7399814119849533,-0.958755589821032,0.0
CSO-10-5A-RVMOIB,0.0,0.0,0.0,-0.33333333333333337,0.0,0.0,0.0,0.0,-0.05951397006436117,0.0,0.0,0.0,0.03562603678842229,-0.05698512661465628,0.0
CSO-10-5A-SVHEES,0.0,0.0,0.0,1.3693603236340992,0.0,0.0,0.0,0.0,-0.9424763293061086,0.0,0.0,0.0,-0.0324613736580598,-0.45942192625049066,0.0
CSO-10-5A-SVHEES,0.0,0.0,0.0,1.1823733976405875,0.0,0.0,0.0,0.0,-0.8283695165902745,0.0,0.0,0.0,0.5465357250000211,-0.2519174186587286,0.0
CSO-11-5A-MDVOSPE,0.0,0.0,0.0,-0.4525696378552518,0.0,0.0,0.0,0.0,0.2032463388717991,0.0,0.0,0.0,0.030875376054721945,0.17666026773398014,0.0
CSO-11-5A-MDVOSPE,0.0,0.0,0.0,-0.5488212999484517,0.0,0.0,0.0,0.0,-0.5690733745859908,0.0,0.0,0.0,-0.36560536352050266,-0.5153713116066618,0.0
CSO-11-5A-MDVOSPE,0.0,0.0,0.0,-0.6311687442672026,0.0,0.0,0.0,0.0,-0.6553464994241572,0.0,0.0,0.0,-0.586264274155729,-0.6397877395358399,0.0
CSO-11-5A-MTAGA,0.0,0.0,0.0,3.653789882493951,0.0,0.0,0.0,0.0,-2.5432210513473446,0.0,0.0,0.0,-2.2234719615241088,-2.3255729391242608,0.0
CSO-11-5A-MTAGA,0.0,0.0,0.0,0.0,0.0,0.0,0.0,0.0,0.0,0.0,0.0,0.0,0.0,0.0,0.0
CSO-11-5A-MTAGA,0.0,0.0,0.0,-0.5155800469472481,0.0,0.0,0.0,0.0,0.31166767670244083,0.0,0.0,0.0,-0.041243201876208384,0.12695166138673578,0.0
CSO-11-5A-MTAGA,0.0,0.0,0.0,-0.5310850045437944,0.0,0.0,0.0,0.0,-0.7494957464887063,0.0,0.0,0.0,-0.14469926926455587,-0.45214607483011054,0.0
CSO-11-6A-CAPAMU,0.0,0.0,0.0,2.5002164408471224,0.0,0.0,0.0,0.0,-0.5090192947210221,0.0,0.0,0.0,0.5122795669846522,0.39214295885602946,0.0
CSO-11-6A-DSCACH,0.0,0.0,0.0,-0.5089133578079825,0.0,0.0,0.0,0.0,-0.6363252234533516,0.0,0.0,0.0,-0.5294009255439897,-0.5510262755816455,0.0
CSO-11-6A-DSCACH,0.0,0.0,0.0,-0.43643578047198484,0.0,0.0,0.0,0.0,-0.2339261196569316,0.0,0.0,0.0,-0.21821789023599258,-0.21821789023599164,0.0
CSO-11-6A-DSCACH,0.0,0.0,0.0,-0.25264557631995566,0.0,0.0,0.0,0.0,0.659512305289325,0.0,0.0,0.0,0.6595123052893258,0.6595123052893264,0.0
CSO-11-6A-DSCACH,0.0,0.0,0.0,0.0,0.0,0.0,0.0,0.0,0.0,0.0,0.0,0.0,0.0,0.0,0.0
CSO-11-6A-EROMO,0.0,0.0,0.0,0.0,0.0,0.0,0.0,0.0,0.0,0.0,0.0,0.0,0.0,0.0,0.0
CSO-11-6A-FSOVRE,0.0,0.0,0.0,0.0,0.0,0.0,0.0,0.0,0.0,0.0,0.0,0.0,0.0,0.0,0.0
CSO-11-6A-FSOVRE,0.0,0.0,0.0,0.0,0.0,0.0,0.0,0.0,0.0,0.0,0.0,0.0,0.0,0.0,0.0
CSO-11-6B-DISEMO,0.0,0.0,0.0,3.004462435823633,0.0,0.0,0.0,0.0,-2.8515686785800347,0.0,0.0,0.0,0.4766644271991388,-0.31322223239930796,0.0
CSO-11-6B-DISEMO,0.0,0.0,0.0,1.778001778002667,0.0,0.0,0.0,0.0,-1.5330328220150646,0.0,0.0,0.0,0.6663980841002036,-0.04405399354162072,0.0
CSO-11-6B-LHFDLACH,0.0,0.0,0.0,-0.5310850045437944,0.0,0.0,0.0,0.0,0.0589369352032003,0.0,0.0,0.0,0.8240265866215016,0.48554774437552445,0.0
CSO-11-6B-LHFDLACH,0.0,0.0,0.0,-0.36927447293799814,0.0,0.0,0.0,0.0,-0.18685913465155424,0.0,0.0,0.0,-0.7209416334945394,-0.4842842867856334,0.0
CSO-11-6B-LHFDLACH,0.0,0.0,0.0,-0.6453143380561521,0.0,0.0,0.0,0.0,0.35355339059327356,0.0,0.0,0.0,0.5210598485243356,0.36152912606398496,0.0
CSO-11-6B-LHFDLACH,0.0,0.0,0.0,-0.5175218286277214,0.0,0.0,0.0,0.0,0.07297607893649781,0.0,0.0,0.0,0.08247860988423196,0.12652598885358401,0.0
CSO-11-6B-RJGIHE,0.0,0.0,0.0,3.1797973380564857,0.0,0.0,0.0,0.0,-1.9124901970613197,0.0,0.0,0.0,-0.8644876072314966,-1.4633089334622134,0.0
CSO-11-6B-RJGIHE,0.0,0.0,0.0,2.844452335847639,0.0,0.0,0.0,0.0,-2.4709867402464383,0.0,0.0,0.0,-1.6867605906952474,-2.305135617225131,0.0
CSO-11-6B-RJGIHE,0.0,0.0,0.0,1.6870547845739468,0.0,0.0,0.0,0.0,-1.8138719385421227,0.0,0.0,0.0,-1.9125797789977257,-1.9043425182160822,0.0
CSO-11-6B-SFLVA,0.0,0.0,0.0,0.9801960588196068,0.0,0.0,0.0,0.0,-0.7568810524708407,0.0,0.0,0.0,0.5243342889332726,-0.2917836379190963,0.0
CSO-11-6B-SFLVA,0.0,0.0,0.0,1.117621076856269,0.0,0.0,0.0,0.0,-0.5151693014035738,0.0,0.0,0.0,0.7808688094430303,0.17743215811483085,0.0
CSO-11-6B-VCOMA,0.0,0.0,0.0,-0.25264557631995566,0.0,0.0,0.0,0.0,-0.08043733802575728,0.0,0.0,0.0,-0.08043733802575788,-0.08043733802575696,0.0
CSO-11-6B-VCOMA,0.0,0.0,0.0,0.0,0.0,0.0,0.0,0.0,0.0,0.0,0.0,0.0,0.0,0.0,0.0
CSO-12-6A-DGISE,0.0,0.0,0.0,-0.46852128566581813,0.0,0.0,0.0,0.0,-1.120857087759742,0.0,0.0,0.0,-0.7620007620011431,-0.9051063631977112,0.0
CSO-12-6A-DGISE,0.0,0.0,0.0,-0.27435163058436723,0.0,0.0,0.0,0.0,-0.4373374709924628,0.0,0.0,0.0,-0.4373374709924628,-0.4373374709924628,0.0
CSO-12-6A-DGISE,0.0,0.0,0.0,-0.14285714285714288,0.0,0.0,0.0,0.0,1.431789207065373,0.0,0.0,0.0,1.431789207065373,1.4317892070653733,0.0
CSO-12-6A-FJOVRE,0.0,0.0,0.0,0.33307959703003864,0.0,0.0,0.0,0.0,-0.59233265768823,0.0,0.0,0.0,-0.433738196957187,-0.4032679190657267,0.0
CSO-12-6A-FJOVRE,0.0,0.0,0.0,0.7228973960122489,0.0,0.0,0.0,0.0,-0.6945347267928573,0.0,0.0,0.0,-0.4876032907086365,-0.5538182537006832,0.0
CSO-12-6A-FJOVRE,0.0,0.0,0.0,0.0,0.0,0.0,0.0,0.0,0.0,0.0,0.0,0.0,0.0,0.0,0.0
CSO-12-6A-FJOVRE,0.0,0.0,0.0,0.0,0.0,0.0,0.0,0.0,0.0,0.0,0.0,0.0,0.0,0.0,0.0
CSO-12-6B-GQULO,0.0,0.0,0.0,1.8829377433825436,0.0,0.0,0.0,0.0,0.2860280321207893,0.0,0.0,0.0,0.3481553119113956,0.6479057043278506,0.0
CSO-12-6B-GQULO,0.0,0.0,0.0,2.4659848095803594,0.0,0.0,0.0,0.0,-0.7057297462259693,0.0,0.0,0.0,-0.3265007344862586,-0.22133106595150198,0.0
CSO-12-6B-LJHEFE,0.0,0.0,0.0,-0.21821789023599233,0.0,0.0,0.0,0.0,-1.5472672686195368,0.0,0.0,0.0,-1.4108384682425499,-1.859193119994157,0.0
CSO-12-6B-LJHEFE,0.0,0.0,0.0,-0.18359701840863127,0.0,0.0,0.0,0.0,-1.6744897437817288,0.0,0.0,0.0,-1.6648244834196693,-2.121574508548833,0.0
CSO-12-6B-LJHEFE,0.0,0.0,0.0,1.7677162272184144,0.0,0.0,0.0,0.0,-2.2198136557524335,0.0,0.0,0.0,-2.3613286278514605,-2.3566180167502058,0.0
CSO-12-6B-VPAMA,0.0,0.0,0.0,2.1343747458109497,0.0,0.0,0.0,0.0,-1.6431676725154982,0.0,0.0,0.0,-1.3378351130848638,-1.5380555821960598,0.0
CSO-12-6B-VPAMA,0.0,0.0,0.0,1.2506408613597126,0.0,0.0,0.0,0.0,-1.1968354082812622,0.0,0.0,0.0,-0.9801960588196067,-1.064753402327876,0.0
CSO-12-7A-ESALA,0.0,0.0,0.0,3.9447988023552765,0.0,0.0,0.0,0.0,-1.3690933610645362,0.0,0.0,0.0,-1.0241141940695515,-1.19474985625949,0.0
CSO-12-7A-ESALA,0.0,0.0,0.0,3.2716515254078797,0.0,0.0,0.0,0.0,-0.6054614282901365,0.0,0.0,0.0,0.2732805011048336,0.02225655589008907,0.0
CSO-12-7A-ESALA,0.0,0.0,0.0,1.4396993938364324,0.0,0.0,0.0,0.0,-0.18569533817705203,0.0,0.0,0.0,-0.1513819720672619,-0.1513819720672619,0.0
CSO-12-7A-ESALA,0.0,0.0,0.0,1.605663235430161,0.0,0.0,0.0,0.0,-0.8792151454272206,0.0,0.0,0.0,-0.8027055346737424,-0.8027055346737425,0.0
CSO-12-7A-ESALA,0.0,0.0,0.0,-0.4034732923929645,0.0,0.0,0.0,0.0,0.847631093546744,0.0,0.0,0.0,0.8476310935467435,0.8476310935467437,0.0
CSO-12-7A-IMERO,0.0,0.0,0.0,1.03193834852778,0.0,0.0,0.0,0.0,0.1295925999977633,0.0,0.0,0.0,0.8259143846462907,0.6345876234203824,0.0
CSO-12-7A-IMERO,0.0,0.0,0.0,1.472946743017361,0.0,0.0,0.0,0.0,-0.1319018941727237,0.0,0.0,0.0,0.5848153099281101,0.5793274839241397,0.0
CSO-12-7A-IMERO,0.0,0.0,0.0,0.0,0.0,0.0,0.0,0.0,0.0,0.0,0.0,0.0,0.0,0.0,0.0
CSO-12-7A-IMERO,0.0,0.0,0.0,0.0,0.0,0.0,0.0,0.0,0.0,0.0,0.0,0.0,0.0,0.0,0.0
CSO-12-7A-JHEZA,0.0,0.0,0.0,0.6041648507114487,0.0,0.0,0.0,0.0,-0.030221020775882502,0.0,0.0,0.0,0.33104235544094746,0.4569057025433996,0.0
CSO-12-7A-JHEZA,0.0,0.0,0.0,0.6442781539231649,0.0,0.0,0.0,0.0,0.12202014070512796,0.0,0.0,0.0,0.5012804118276032,0.5918461677684401,0.0
CSO-12-7A-LSARAR,0.0,0.0,0.0,-0.5923326576882296,0.0,0.0,0.0,0.0,1.0189677345126118,0.0,0.0,0.0,0.9421167085968966,0.819675156638369,0.0
CSO-12-7A-LSARAR,0.0,0.0,0.0,-0.8896802485305647,0.0,0.0,0.0,0.0,1.26714772718117,0.0,0.0,0.0,0.4715153174492647,0.8757570868519529,0.0
CSO-12-7A-LSARAR,0.0,0.0,0.0,-1.0090262421252756,0.0,0.0,0.0,0.0,1.3657213944270867,0.0,0.0,0.0,1.3490023824239226,1.213472815269638,0.0
CSO-12-7A-LSARAR,0.0,0.0,0.0,-0.8392543274162824,0.0,0.0,0.0,0.0,1.1671730289611126,0.0,0.0,0.0,0.9218120106421627,1.049561626111091,0.0
CSO-12-7A-LSARAR,0.0,0.0,0.0,-0.42008402520840293,0.0,0.0,0.0,0.0,0.7575872930485166,0.0,0.0,0.0,0.8336157713463012,0.8007295089278776,0.0
CSO-12-7A-LSARAR,0.0,0.0,0.0,0.0,0.0,0.0,0.0,0.0,0.0,0.0,0.0,0.0,0.0,0.0,0.0
CSO-12-7A-SCAHO,0.0,0.0,0.0,-0.29488391230979427,0.0,0.0,0.0,0.0,1.6455937064354413,0.0,0.0,0.0,1.76017404644195,1.7540753000847396,0.0
CSO-12-7A-SCAHO,0.0,0.0,0.0,0.9996923550150238,0.0,0.0,0.0,0.0,-0.16245910832216484,0.0,0.0,0.0,0.7720346004719033,0.3540606363889283,0.0
CSO-12-7A-SCAHO,0.0,0.0,0.0,3.1797973380564857,0.0,0.0,0.0,0.0,-1.2015028183722212,0.0,0.0,0.0,-0.07647191129018698,-0.6141254545382954,0.0
CSO-12-7B-DVAGRO,0.0,0.0,0.0,1.4248870236980298,0.0,0.0,0.0,0.0,-1.5639237958484218,0.0,0.0,0.0,-1.4248870236980298,-1.491576041686973,0.0
CSO-12-7B-DVAGRO,0.0,0.0,0.0,0.5632351276341859,0.0,0.0,0.0,0.0,-0.8817666365027148,0.0,0.0,0.0,-0.7358815332846306,-0.7221072780126755,0.0
CSO-12-7B-DVAGRO,0.0,0.0,0.0,-0.7238423518714864,0.0,0.0,0.0,0.0,-0.22989353452116823,0.0,0.0,0.0,-0.4472135954999579,-0.35997278749521183,0.0
CSO-12-7B-SMUGU,0.0,0.0,0.0,3.487120692059042,0.0,0.0,0.0,0.0,-2.375018613127486,0.0,0.0,0.0,-2.2153257619618594,-2.304849219604443,0.0
CSO-12-7B-SMUGU,0.0,0.0,0.0,1.3065491598369758,0.0,0.0,0.0,0.0,-1.351386138464446,0.0,0.0,0.0,-1.0433041288342146,-1.2074687403610056,0.0
CSO-12-7B-SMUGU,0.0,0.0,0.0,1.0090262421252758,0.0,0.0,0.0,0.0,-0.9857160402833807,0.0,0.0,0.0,-1.1636775081122717,-1.0648078138595367,0.0
CSO-12-7B-SMUGU,0.0,0.0,0.0,0.9801960588196068,0.0,0.0,0.0,0.0,-0.33311439515974034,0.0,0.0,0.0,0.35659143260357473,0.18654659881093666,0.0
CSO-12-7B-SMUGU,0.0,0.0,0.0,-0.29488391230979427,0.0,0.0,0.0,0.0,-0.7074187630156192,0.0,0.0,0.0,-1.6045149064768403,-1.150864397283387,0.0
CSO-12-7B-SSARA,0.0,0.0,0.0,0.0,0.0,0.0,0.0,0.0,0.0,0.0,0.0,0.0,0.0,0.0,0.0
CSO-12-7B-SSARA,0.0,0.0,0.0,1.4596008983995234,0.0,0.0,0.0,0.0,-0.4108168125611903,0.0,0.0,0.0,0.9648221651451785,0.4461680587234631,0.0
CSO-12-7B-SSARA,0.0,0.0,0.0,1.6787321676122227,0.0,0.0,0.0,0.0,-1.1414394807292947,0.0,0.0,0.0,0.21081851067789215,-0.2621205214617824,0.0
CSO-12-7B-SSARA,0.0,0.0,0.0,2.070731543474052,0.0,0.0,0.0,0.0,-1.4051602492771453,0.0,0.0,0.0,-0.9555330859059089,-1.1640680601117315,0.0
CSO-12-8A-YTOME,0.0,0.0,0.0,0.0,0.0,0.0,0.0,0.0,0.0,0.0,0.0,0.0,0.0,0.0,0.0
CSO-12-8A-YTOME,0.0,0.0,0.0,0.0,0.0,0.0,0.0,0.0,0.0,0.0,0.0,0.0,0.0,0.0,0.0
CSO-12-8A-YTOME,0.0,0.0,0.0,-0.6410832172066031,0.0,0.0,0.0,0.0,0.9441049996392771,0.0,0.0,0.0,0.8908708063747479,1.1474444891268312,0.0
CSO-13-6A-ANASA,0.0,0.0,0.0,-0.8006407690254357,0.0,0.0,0.0,0.0,0.4262603236172267,0.0,0.0,0.0,-0.16489491297879422,0.07414633977921564,0.0
CSO-13-6A-ANASA,0.0,0.0,0.0,-0.8703882797784892,0.0,0.0,0.0,0.0,1.3874725956976732,0.0,0.0,0.0,0.944319874948176,1.1901782885937595,0.0
CSO-13-6A-ANASA,0.0,0.0,0.0,-0.42008402520840293,0.0,0.0,0.0,0.0,0.383892939350573,0.0,0.0,0.0,0.0,0.13942096197115833,0.0
CSO-13-6A-ANASA,0.0,0.0,0.0,0.0,0.0,0.0,0.0,0.0,0.0,0.0,0.0,0.0,0.0,0.0,0.0
CSO-13-6A-ANASA,0.0,0.0,0.0,0.0,0.0,0.0,0.0,0.0,0.0,0.0,0.0,0.0,0.0,0.0,0.0
CSO-13-6B-JETAVE,0.0,0.0,0.0,0.0,0.0,0.0,0.0,0.0,0.0,0.0,0.0,0.0,0.0,0.0,0.0
CSO-13-6B-JETAVE,0.0,0.0,0.0,-0.7828813612588126,0.0,0.0,0.0,0.0,0.7828813612588125,0.0,0.0,0.0,0.7828813612588125,0.7828813612588129,0.0
CSO-13-6B-JETAVE,0.0,0.0,0.0,0.0,0.0,0.0,0.0,0.0,0.0,0.0,0.0,0.0,0.0,0.0,0.0
CSO-13-6B-JETAVE,0.0,0.0,0.0,-0.7177405625652735,0.0,0.0,0.0,0.0,0.4757386126530807,0.0,0.0,0.0,0.32961712654360753,0.313823974926544,0.0
CSO-13-6B-JETAVE,0.0,0.0,0.0,-0.7177405625652735,0.0,0.0,0.0,0.0,0.4757386126530807,0.0,0.0,0.0,0.32961712654360753,0.313823974926544,0.0
CSO-13-6B-JETAVE,0.0,0.0,0.0,-0.4034732923929645,0.0,0.0,0.0,0.0,1.555542877376196,0.0,0.0,0.0,1.752919642404429,1.7759654131205325,0.0
CSO-13-6B-JETAVE,0.0,0.0,0.0,0.0,0.0,0.0,0.0,0.0,0.0,0.0,0.0,0.0,0.0,0.0,0.0
CSO-13-6B-LFMIES,0.0,0.0,0.0,0.2612983410540945,0.0,0.0,0.0,0.0,-0.0856328097317856,0.0,0.0,0.0,-0.6889986220041334,-0.34001221369341206,0.0
CSO-13-6B-LFMIES,0.0,0.0,0.0,0.08109438009766802,0.0,0.0,0.0,0.0,-0.41160517061577334,0.0,0.0,0.0,-0.6663980841002036,-0.6682374153518165,0.0
CSO-13-6B-LJMAHU,0.0,0.0,0.0,0.0,0.0,0.0,0.0,0.0,0.0,0.0,0.0,0.0,0.0,0.0,0.0
CSO-13-6B-LJMAHU,0.0,0.0,0.0,0.0,0.0,0.0,0.0,0.0,0.0,0.0,0.0,0.0,0.0,0.0,0.0
CSO-13-6B-LJMAHU,0.0,0.0,0.0,0.5165361446928164,0.0,0.0,0.0,0.0,-0.5427628252422064,0.0,0.0,0.0,-0.45562108082561015,-0.6291954284068607,0.0
CSO-13-7A-CAPAMU,0.0,0.0,0.0,0.0,0.0,0.0,0.0,0.0,0.0,0.0,0.0,0.0,0.0,0.0,0.0
CSO-13-7A-CAPAMU,0.0,0.0,0.0,0.0,0.0,0.0,0.0,0.0,0.0,0.0,0.0,0.0,0.0,0.0,0.0
CSO-13-7A-CAPAMU,0.0,0.0,0.0,0.0,0.0,0.0,0.0,0.0,0.0,0.0,0.0,0.0,0.0,0.0,0.0
CSO-13-7A-CDDITR,0.0,0.0,0.0,2.1343747458109497,0.0,0.0,0.0,0.0,-1.1777567992861369,0.0,0.0,0.0,-0.5918428832143185,-0.8705523723992484,0.0
CSO-13-7A-CDDITR,0.0,0.0,0.0,1.1338934190276815,0.0,0.0,0.0,0.0,-0.5421594230646988,0.0,0.0,0.0,0.5718233701549151,-0.0871480271614898,0.0
CSO-13-7A-CDDITR,0.0,0.0,0.0,0.0,0.0,0.0,0.0,0.0,0.0,0.0,0.0,0.0,0.0,0.0,0.0
CSO-13-7A-JJATFL,0.0,0.0,0.0,0.0,0.0,0.0,0.0,0.0,0.0,0.0,0.0,0.0,0.0,0.0,0.0
CSO-13-7A-JJATFL,0.0,0.0,0.0,0.0,0.0,0.0,0.0,0.0,0.0,0.0,0.0,0.0,0.0,0.0,0.0
CSO-13-7A-JJATFL,0.0,0.0,0.0,0.0,0.0,0.0,0.0,0.0,0.0,0.0,0.0,0.0,0.0,0.0,0.0
CSO-13-7A-JJATFL,0.0,0.0,0.0,0.0,0.0,0.0,0.0,0.0,0.0,0.0,0.0,0.0,0.0,0.0,0.0
CSO-13-7A-RXCHLU,0.0,0.0,0.0,4.013316667180289,0.0,0.0,0.0,0.0,-2.952359240355279,0.0,0.0,0.0,-2.8138629510511692,-3.2580580353540034,0.0
CSO-13-7A-RXCHLU,0.0,0.0,0.0,3.3548948044515745,0.0,0.0,0.0,0.0,-2.585525118544846,0.0,0.0,0.0,-2.1514114968019085,-2.559938368447376,0.0
CSO-13-7A-RXCHLU,0.0,0.0,0.0,1.9051586888313607,0.0,0.0,0.0,0.0,-1.417012385664509,0.0,0.0,0.0,-0.2644746993271308,-0.7407008103934462,0.0
CSO-13-7A-YAMEZA,0.0,0.0,0.0,-0.7624928516630234,0.0,0.0,0.0,0.0,0.8477235874507787,0.0,0.0,0.0,-0.08296513077499633,0.29734053013677947,0.0
CSO-13-8A-KIGAGU,0.0,0.0,0.0,1.3693603236340992,0.0,0.0,0.0,0.0,-1.4198850960946143,0.0,0.0,0.0,-1.150404631965015,-1.2826053659967456,0.0
CSO-13-8A-KIGAGU,0.0,0.0,0.0,0.9723812481885868,0.0,0.0,0.0,0.0,-0.7932822293729964,0.0,0.0,0.0,0.23839923334082241,-0.1636037533467471,0.0
CSO-13-8A-KIGAGU,0.0,0.0,0.0,0.795468402859874,0.0,0.0,0.0,0.0,-1.3439610587208575,0.0,0.0,0.0,-0.6430159665192747,-1.0676882367980336,0.0
CSO-13-8A-KIGAGU,0.0,0.0,0.0,0.7475904326336433,0.0,0.0,0.0,0.0,-1.8540931537733527,0.0,0.0,0.0,-2.0263940091071015,-2.0168548560569026,0.0
CSO-13-8A-MBUAN,0.0,0.0,0.0,-0.3144854510165755,0.0,0.0,0.0,0.0,0.18067900652188315,0.0,0.0,0.0,0.3820457914059537,0.24589652035866122,0.0
CSO-13-8A-MBUAN,0.0,0.0,0.0,-0.48705678739484887,0.0,0.0,0.0,0.0,-0.5047901911020485,0.0,0.0,0.0,-0.9344045068798318,-1.130685076807364,0.0
CSO-13-8A-MBUAN,0.0,0.0,0.0,-0.3515615246553262,0.0,0.0,0.0,0.0,0.15456644196893143,0.0,0.0,0.0,0.04048512950656946,-0.5395463689888034,0.0
CSO-13-8A-MBUAN,0.0,0.0,0.0,-0.6527533657682195,0.0,0.0,0.0,0.0,-0.6785076214448141,0.0,0.0,0.0,-1.1629723290856593,-1.3407319838848402,0.0
CSO-13-8A-MBUAN,0.0,0.0,0.0,-0.4714045207910317,0.0,0.0,0.0,0.0,-0.6149400462680908,0.0,0.0,0.0,-0.9998843997452933,-0.7946228911211344,0.0
CSO-13-8A-MGAAN,0.0,0.0,0.0,-0.17586311452816475,0.0,0.0,0.0,0.0,-0.7302967433402213,0.0,0.0,0.0,-0.7302967433402213,-0.7302967433402211,0.0
CSO-13-8A-MGAAN,0.0,0.0,0.0,-0.25264557631995566,0.0,0.0,0.0,0.0,-0.7423074889580905,0.0,0.0,0.0,-0.7423074889580905,-0.7423074889580907,0.0
CSO-13-8A-MGAAN,0.0,0.0,0.0,-0.36927447293799814,0.0,0.0,0.0,0.0,0.34956331860724593,0.0,0.0,0.0,0.3611575592573074,0.3611575592573079,0.0
CSO-13-8A-MGAAN,0.0,0.0,0.0,-0.7337993857053428,0.0,0.0,0.0,0.0,1.2854873642550775,0.0,0.0,0.0,0.6531972647421808,0.9462593510681346,0.0
CSO-13-8A-MGAAN,0.0,0.0,0.0,-0.6081636405595374,0.0,0.0,0.0,0.0,1.2456821978060995,0.0,0.0,0.0,0.6882472016116855,1.2195361155414655,0.0
CSO-13-8A-MGAAN,0.0,0.0,0.0,1.2210105739320751,0.0,0.0,0.0,0.0,-0.3407771005482387,0.0,0.0,0.0,-0.31508506537090414,-0.02304727703732331,0.0
CSO-13-8A-MGAAN,0.0,0.0,0.0,1.689306053002671,0.0,0.0,0.0,0.0,-1.1237391515848092,0.0,0.0,0.0,0.11412537853628012,-0.3079729700341556,0.0
CSO-13-8A-MGAHE,0.0,0.0,0.0,-0.27435163058436723,0.0,0.0,0.0,0.0,1.1606937237201884,0.0,0.0,0.0,1.160693723720188,1.1606937237201882,0.0
CSO-13-8A-MGAHE,0.0,0.0,0.0,0.0,0.0,0.0,0.0,0.0,0.0,0.0,0.0,0.0,0.0,0.0,0.0
CSO-13-8A-MGAHE,0.0,0.0,0.0,0.0,0.0,0.0,0.0,0.0,0.0,0.0,0.0,0.0,0.0,0.0,0.0
CSO-13-8A-MJAGA,0.0,0.0,0.0,2.6765507367509525,0.0,0.0,0.0,0.0,-2.3237900077244498,0.0,0.0,0.0,-2.384680634387767,-2.6024463483672537,0.0
CSO-13-8A-MJAGA,0.0,0.0,0.0,5.686240703077327,0.0,0.0,0.0,0.0,-2.7439773622801407,0.0,0.0,0.0,-2.743977362280141,-2.743977362280141,0.0
CSO-13-8A-MJAGA,0.0,0.0,0.0,-0.20412414523193154,0.0,0.0,0.0,0.0,1.008802787994071,0.0,0.0,0.0,1.008802787994071,1.0088027879940715,0.0
CSO-13-8A-VHODU,0.0,0.0,0.0,-0.36927447293799814,0.0,0.0,0.0,0.0,-1.050225294383551,0.0,0.0,0.0,-1.541741298122904,-1.3092969848212308,0.0
CSO-13-8B-FCJISA,0.0,0.0,0.0,0.0,0.0,0.0,0.0,0.0,0.0,0.0,0.0,0.0,0.0,0.0,0.0
CSO-13-8B-FCJISA,0.0,0.0,0.0,0.0,0.0,0.0,0.0,0.0,0.0,0.0,0.0,0.0,0.0,0.0,0.0
CSO-13-8B-FCJISA,0.0,0.0,0.0,0.0,0.0,0.0,0.0,0.0,0.0,0.0,0.0,0.0,0.0,0.0,0.0
CSO-13-8B-FCJISA,0.0,0.0,0.0,0.0,0.0,0.0,0.0,0.0,0.0,0.0,0.0,0.0,0.0,0.0,0.0
CSO-13-8B-JEMABE,0.0,0.0,0.0,-0.33333333333333337,0.0,0.0,0.0,0.0,1.1639376774772938,0.0,0.0,0.0,0.8953491550484841,1.062419823505811,0.0
CSO-13-8B-JEMABE,0.0,0.0,0.0,0.0,0.0,0.0,0.0,0.0,0.0,0.0,0.0,0.0,0.0,0.0,0.0
CSO-13-9B-DMLLLU,0.0,0.0,0.0,2.586949495507729,0.0,0.0,0.0,0.0,-2.054210364052382,0.0,0.0,0.0,-1.785687331332957,-2.030347038796368,0.0
CSO-14-7A-MVEBE,0.0,0.0,0.0,0.0,0.0,0.0,0.0,0.0,0.0,0.0,0.0,0.0,0.0,0.0,0.0
CSO-14-7B-EVEGO,0.0,0.0,0.0,0.8330937369456018,0.0,0.0,0.0,0.0,-0.9724829460709048,0.0,0.0,0.0,-0.6277052972051467,-0.8391992048198893,0.0
CSO-14-7B-EVEGO,0.0,0.0,0.0,0.5598314517495387,0.0,0.0,0.0,0.0,-0.9457499496674225,0.0,0.0,0.0,-0.738105125376532,-0.8296069653700388,0.0
CSO-14-7B-EVEGO,0.0,0.0,0.0,0.7711356597650746,0.0,0.0,0.0,0.0,-0.9593959826845798,0.0,0.0,0.0,-0.6363750879797684,-0.7884550497752683,0.0
CSO-14-7B-EVEGO,0.0,0.0,0.0,-0.025408222923375655,0.0,0.0,0.0,0.0,-0.4994842701051496,0.0,0.0,0.0,0.07322520259382131,-0.5613240835551636,0.0
CSO-14-8A-MCIDOS,0.0,0.0,0.0,2.9440479384362264,0.0,0.0,0.0,0.0,-2.9004028617092437,0.0,0.0,0.0,-2.031401056084517,-3.2160435765328215,0.0
CSO-14-8A-SZARA,0.0,0.0,0.0,0.36498741712045063,0.0,0.0,0.0,0.0,-0.09675846276697206,0.0,0.0,0.0,0.1486417687622573,0.18158204125408842,0.0
CSO-14-8A-SZARA,0.0,0.0,0.0,-0.17349447958987196,0.0,0.0,0.0,0.0,-1.0521048966105824,0.0,0.0,0.0,-0.5267181732813611,-0.8758806362097276,0.0
CSO-14-8A-SZARA,0.0,0.0,0.0,-0.5948030041269223,0.0,0.0,0.0,0.0,-0.21117313514268768,0.0,0.0,0.0,-0.16349933391129354,-0.14021460927284204,0.0
CSO-14-8A-SZARA,0.0,0.0,0.0,-0.43643578047198484,0.0,0.0,0.0,0.0,0.27044598447717116,0.0,0.0,0.0,0.13346049915463987,0.24316336379283515,0.0
CSO-14-8A-SZARA,0.0,0.0,0.0,3.6449573777637356,0.0,0.0,0.0,0.0,-1.3615849348817222,0.0,0.0,0.0,-1.3615849348817222,-1.361584934881723,0.0
CSO-14-8A-SZARA,0.0,0.0,0.0,3.0,0.0,0.0,0.0,0.0,-2.193541257075642,0.0,0.0,0.0,-2.193541257075642,-2.193541257075641,0.0
CSO-14-8A-SZARA,0.0,0.0,0.0,4.358898943540674,0.0,0.0,0.0,0.0,-2.0933928829953197,0.0,0.0,0.0,-2.093392882995319,-2.0933928829953197,0.0
CSO-14-8A-SZARA,0.0,0.0,0.0,3.391164991562634,0.0,0.0,0.0,0.0,-1.3489065468669246,0.0,0.0,0.0,-1.3489065468669246,-1.3489065468669241,0.0
CSO-14-8B-JLLORA,0.0,0.0,0.0,1.2506408613597126,0.0,0.0,0.0,0.0,-1.8359316954833855,0.0,0.0,0.0,-2.0426487199475702,-2.0830612606284302,0.0
CSO-14-8B-JLLORA,0.0,0.0,0.0,1.3627702877384935,0.0,0.0,0.0,0.0,-1.3627702877384935,0.0,0.0,0.0,-1.3627702877384935,-1.3627702877384928,0.0
CSO-14-8B-JLLORA,0.0,0.0,0.0,0.56239160503386,0.0,0.0,0.0,0.0,-1.2763876342421312,0.0,0.0,0.0,-3.0434144156217395,-2.235590489247556,0.0
CSO-14-8B-JLLORA,0.0,0.0,0.0,2.2096047024697585,0.0,0.0,0.0,0.0,-0.6749263711465149,0.0,0.0,0.0,-1.5075567228888183,-1.022393972785339,0.0
CSO-14-8B-JLLORA,0.0,0.0,0.0,2.70801280154532,0.0,0.0,0.0,0.0,-0.5738311490488169,0.0,0.0,0.0,-1.4009951428812546,-0.9525528584959906,0.0
CSO-14-9A-AEDCAGO,0.0,0.0,0.0,0.0,0.0,0.0,0.0,0.0,0.0,0.0,0.0,0.0,0.0,0.0,0.0
CSO-14-9A-AEDCAGO,0.0,0.0,0.0,-0.17586311452816475,0.0,0.0,0.0,0.0,1.4611736337794805,0.0,0.0,0.0,1.4611736337794812,1.4611736337794812,0.0
CSO-14-9A-AEDCAGO,0.0,0.0,0.0,-0.25264557631995566,0.0,0.0,0.0,0.0,1.5430334996209192,0.0,0.0,0.0,1.5430334996209192,1.5430334996209196,0.0
CSO-14-9A-AEDCAGO,0.0,0.0,0.0,-0.3515615246553262,0.0,0.0,0.0,0.0,1.4725381770607116,0.0,0.0,0.0,1.4725381770607116,1.4725381770607118,0.0
CSO-14-9A-AEDCAGO,0.0,0.0,0.0,0.0,0.0,0.0,0.0,0.0,0.0,0.0,0.0,0.0,0.0,0.0,0.0
CSO-14-9A-AEDCAGO,0.0,0.0,0.0,0.0,0.0,0.0,0.0,0.0,0.0,0.0,0.0,0.0,0.0,0.0,0.0
CSO-14-9A-AEDCAGO,0.0,0.0,0.0,0.5085355509246748,0.0,0.0,0.0,0.0,-0.622484848392557,0.0,0.0,0.0,-0.31383419340400726,-0.4842282545631705,0.0
CSO-14-9A-HASACA,0.0,0.0,0.0,0.5419280762020164,0.0,0.0,0.0,0.0,-1.5809565616825598,0.0,0.0,0.0,-1.9610972156342898,-1.7111350617703518,0.0
CSO-14-9A-HASACA,0.0,0.0,0.0,0.6595123052893256,0.0,0.0,0.0,0.0,-1.1600837868547964,0.0,0.0,0.0,-1.7406130986843178,-1.5484962224771979,0.0
CSO-14-9A-HASACA,0.0,0.0,0.0,1.3471506281091268,0.0,0.0,0.0,0.0,-0.9234023939238091,0.0,0.0,0.0,-1.3370616928659909,-1.286813935891431,0.0
CSO-14-9A-HASACA,0.0,0.0,0.0,0.6081636405595372,0.0,0.0,0.0,0.0,-1.2567574357593625,0.0,0.0,0.0,-1.3733420180638294,-1.372663862215431,0.0
CSO-14-9A-HASACA,0.0,0.0,0.0,0.7578757672667772,0.0,0.0,0.0,0.0,-0.09277272140854273,0.0,0.0,0.0,-0.2808922563998753,0.0873306582914177,0.0
CSO-14-9A-MARJA,0.0,0.0,0.0,1.3397876906064712,0.0,0.0,0.0,0.0,-0.07692307692307665,0.0,0.0,0.0,-0.0435698712974526,-0.04356987129745292,0.0
CSO-14-9A-MARJA,0.0,0.0,0.0,1.0675205573203959,0.0,0.0,0.0,0.0,0.06425457802908753,0.0,0.0,0.0,-0.24651472039504863,-0.15413488450917712,0.0
CSO-14-9A-MARJA,0.0,0.0,0.0,-0.9423064972256977,0.0,0.0,0.0,0.0,1.24604416365002,0.0,0.0,0.0,1.3080139425608772,1.2072791643620335,0.0
CSO-14-9A-MARJA,0.0,0.0,0.0,-0.4525696378552518,0.0,0.0,0.0,0.0,0.40706796126676287,0.0,0.0,0.0,0.29621739072356595,0.40847528424868856,0.0
CSO-14-9A-MARJA,0.0,0.0,0.0,-0.36927447293799814,0.0,0.0,0.0,0.0,-0.2773500981126148,0.0,0.0,0.0,-0.260030110492976,-0.26003011049297564,0.0
CSO-14-9A-MARJA,0.0,0.0,0.0,-0.29488391230979427,0.0,0.0,0.0,0.0,1.0645161290322582,0.0,0.0,0.0,1.0645161290322582,1.0645161290322587,0.0
CSO-14-9A-MARJA,0.0,0.0,0.0,-0.17586311452816475,0.0,0.0,0.0,0.0,1.0526333125289102,0.0,0.0,0.0,1.0526333125289102,1.05263331252891,0.0
CSO-14-9A-MARJA,0.0,0.0,0.0,0.0,0.0,0.0,0.0,0.0,0.0,0.0,0.0,0.0,0.0,0.0,0.0
CSO-14-9A-MARJA,0.0,0.0,0.0,0.0,0.0,0.0,0.0,0.0,0.0,0.0,0.0,0.0,0.0,0.0,0.0
CSO-14-9A-MARJA,0.0,0.0,0.0,1.7320508075688774,0.0,0.0,0.0,0.0,-1.5353879199076645,0.0,0.0,0.0,-1.0834726777719228,-1.3392804651209027,0.0
CSO-14-9A-MARJA,0.0,0.0,0.0,1.4919136877222166,0.0,0.0,0.0,0.0,-1.2778926827937722,0.0,0.0,0.0,-0.8333356293305377,-1.0157306693105697,0.0
CSO-14-9A-MARJA,0.0,0.0,0.0,1.9395630337539336,0.0,0.0,0.0,0.0,-1.6135685927792485,0.0,0.0,0.0,-1.132220226459534,-1.312084043882247,0.0
CSO-14-9A-MARJA,0.0,0.0,0.0,0.0,0.0,0.0,0.0,0.0,0.0,0.0,0.0,0.0,0.0,0.0,0.0
CSO-14-9A-MARJA,0.0,0.0,0.0,0.0,0.0,0.0,0.0,0.0,0.0,0.0,0.0,0.0,0.0,0.0,0.0
CSO-14-9A-MARJA,0.0,0.0,0.0,0.0,0.0,0.0,0.0,0.0,0.0,0.0,0.0,0.0,0.0,0.0,0.0
CSO-14-9A-SORZU,0.0,0.0,0.0,2.2951702045395823,0.0,0.0,0.0,0.0,-2.391759193357997,0.0,0.0,0.0,-2.020643028157617,-2.284104874641292,0.0
CSO-14-9A-SORZU,0.0,0.0,0.0,2.844452335847639,0.0,0.0,0.0,0.0,-1.7978292392812996,0.0,0.0,0.0,-1.1602286017365844,-1.5559084558784517,0.0
CSO-14-9A-SORZU,0.0,0.0,0.0,2.0,0.0,0.0,0.0,0.0,-1.409043891506246,0.0,0.0,0.0,-0.8317236731339229,-1.2053194218755199,0.0
CSO-14-9A-SORZU,0.0,0.0,0.0,0.0,0.0,0.0,0.0,0.0,0.0,0.0,0.0,0.0,0.0,0.0,0.0
CSO-14-9A-SORZU,0.0,0.0,0.0,0.0,0.0,0.0,0.0,0.0,0.0,0.0,0.0,0.0,0.0,0.0,0.0
CSO-14-9A-SORZU,0.0,0.0,0.0,0.0,0.0,0.0,0.0,0.0,0.0,0.0,0.0,0.0,0.0,0.0,0.0
CSO-14-9A-SORZU,0.0,0.0,0.0,0.0,0.0,0.0,0.0,0.0,0.0,0.0,0.0,0.0,0.0,0.0,0.0
CSO-14-9A-SORZU,0.0,0.0,0.0,0.0,0.0,0.0,0.0,0.0,0.0,0.0,0.0,0.0,0.0,0.0,0.0
CSO-14-9A-SORZU,0.0,0.0,0.0,0.0,0.0,0.0,0.0,0.0,0.0,0.0,0.0,0.0,0.0,0.0,0.0
CSO-14-9A-SORZU,0.0,0.0,0.0,0.0,0.0,0.0,0.0,0.0,0.0,0.0,0.0,0.0,0.0,0.0,0.0
CSO-14-9A-SORZU,0.0,0.0,0.0,0.0,0.0,0.0,0.0,0.0,0.0,0.0,0.0,0.0,0.0,0.0,0.0
CSO-14-9A-SORZU,0.0,0.0,0.0,0.0,0.0,0.0,0.0,0.0,0.0,0.0,0.0,0.0,0.0,0.0,0.0
CSO-14-9A-SORZU,0.0,0.0,0.0,0.0,0.0,0.0,0.0,0.0,0.0,0.0,0.0,0.0,0.0,0.0,0.0
CSO-14-9A-SORZU,0.0,0.0,0.0,0.0,0.0,0.0,0.0,0.0,0.0,0.0,0.0,0.0,0.0,0.0,0.0
CSO-14-9A-SORZU,0.0,0.0,0.0,0.0,0.0,0.0,0.0,0.0,0.0,0.0,0.0,0.0,0.0,0.0,0.0
CSO-14-9A-SORZU,0.0,0.0,0.0,0.0,0.0,0.0,0.0,0.0,0.0,0.0,0.0,0.0,0.0,0.0,0.0
CSO-14-9A-SORZU,0.0,0.0,0.0,0.0,0.0,0.0,0.0,0.0,0.0,0.0,0.0,0.0,0.0,0.0,0.0
CSO-14-9A-SORZU,0.0,0.0,0.0,1.457737973711325,0.0,0.0,0.0,0.0,-1.4577379737113256,0.0,0.0,0.0,-1.457737973711325,-1.457737973711325,0.0
CSO-14-9A-SORZU,0.0,0.0,0.0,1.1751393027860064,0.0,0.0,0.0,0.0,-1.135231910882079,0.0,0.0,0.0,-1.0202040612204066,-1.0908060981529444,0.0
CSO-14-9A-SORZU,0.0,0.0,0.0,0.6702800625998364,0.0,0.0,0.0,0.0,-0.6702800625998364,0.0,0.0,0.0,-0.6702800625998364,-0.6702800625998361,0.0
CSO-14-9A-SORZU,0.0,0.0,0.0,1.151338957626657,0.0,0.0,0.0,0.0,-1.1513389576266566,0.0,0.0,0.0,-1.1513389576266566,-1.1513389576266562,0.0
CSO-14-9A-SORZU,0.0,0.0,0.0,1.6870547845739468,0.0,0.0,0.0,0.0,-1.479549275700378,0.0,0.0,0.0,-1.0,-1.270404061575533,0.0
CSO-14-9A-SORZU,0.0,0.0,0.0,2.2096047024697585,0.0,0.0,0.0,0.0,-1.7550578621511523,0.0,0.0,0.0,-1.0995249992067468,-1.4814714674987248,0.0
CSO-14-9B-ERAGA,0.0,0.0,0.0,3.194823399144957,0.0,0.0,0.0,0.0,-2.285629499710036,0.0,0.0,0.0,-1.0227483037762295,-1.605695928815305,0.0
CSO-14-9B-ERAGA,0.0,0.0,0.0,3.194823399144957,0.0,0.0,0.0,0.0,-2.285629499710036,0.0,0.0,0.0,-1.0227483037762295,-1.605695928815305,0.0
CSO-14-9B-ERAGA,0.0,0.0,0.0,2.7061713780915877,0.0,0.0,0.0,0.0,-1.792504487189863,0.0,0.0,0.0,-0.2927858357513117,-0.9958124923606804,0.0
CSO-14-9B-ERAGA,0.0,0.0,0.0,0.0,0.0,0.0,0.0,0.0,0.0,0.0,0.0,0.0,0.0,0.0,0.0
CSO-14-9B-MFEGA,0.0,0.0,0.0,2.3438230508096156,0.0,0.0,0.0,0.0,-1.629457882349026,0.0,0.0,0.0,-1.0278289395756341,-1.3256908914747851,0.0
CSO-14-9B-MFEGA,0.0,0.0,0.0,1.9663403574605596,0.0,0.0,0.0,0.0,-1.764161063004567,0.0,0.0,0.0,-1.5245117640659442,-1.6771738790970852,0.0
CSO-15-10A-LJRAGU,0.0,0.0,0.0,0.0,0.0,0.0,0.0,0.0,0.0,0.0,0.0,0.0,0.0,0.0,0.0
CSO-15-10A-LJRAGU,0.0,0.0,0.0,-0.5,0.0,0.0,0.0,0.0,1.2122562507124077,0.0,0.0,0.0,1.2858119020324041,1.2769213909752677,0.0
CSO-15-10A-LJRAGU,0.0,0.0,0.0,1.0398998685278071,0.0,0.0,0.0,0.0,-0.9090166466971243,0.0,0.0,0.0,-0.35355339059327406,-0.48318775595000546,0.0
CSO-15-10A-MAARLO,0.0,0.0,0.0,2.2452510468485447,0.0,0.0,0.0,0.0,-2.1092534310048303,0.0,0.0,0.0,-1.7382312047537365,-1.7214428719476604,0.0
CSO-15-10A-MAARLO,0.0,0.0,0.0,2.2745536115970846,0.0,0.0,0.0,0.0,-2.3952193593676183,0.0,0.0,0.0,-1.7441631985447623,-1.8608111167787584,0.0
CSO-15-10A-MAARLO,0.0,0.0,0.0,-0.27435163058436723,0.0,0.0,0.0,0.0,-0.10998081114469256,0.0,0.0,0.0,-0.10998081114469187,-0.1099808111446915,0.0
CSO-15-10A-MAARLO,0.0,0.0,0.0,0.0,0.0,0.0,0.0,0.0,0.0,0.0,0.0,0.0,0.0,0.0,0.0
CSO-15-10A-SFEGA,0.0,0.0,0.0,5.686240703077327,0.0,0.0,0.0,0.0,-1.3389594082846539,0.0,0.0,0.0,-1.3389594082846539,-1.3389594082846532,0.0
CSO-15-10A-SFEGA,0.0,0.0,0.0,4.898979485566357,0.0,0.0,0.0,0.0,-1.052273583003294,0.0,0.0,0.0,-1.052273583003294,-1.052273583003294,0.0
CSO-15-10A-SFEGA,0.0,0.0,0.0,0.0,0.0,0.0,0.0,0.0,0.0,0.0,0.0,0.0,0.0,0.0,0.0
CSO-15-10B-MEBUAR,0.0,0.0,0.0,0.11233337871356197,0.0,0.0,0.0,0.0,-1.1825251283860971,0.0,0.0,0.0,-1.3650491217755971,-1.196862448170265,0.0
CSO-15-10B-MEBUAR,0.0,0.0,0.0,0.9618692838696562,0.0,0.0,0.0,0.0,-1.1306500101554682,0.0,0.0,0.0,-0.7647278475077622,-0.8299424279233949,0.0
CSO-15-10B-YVBUAN,0.0,0.0,0.0,0.0,0.0,0.0,0.0,0.0,0.0,0.0,0.0,0.0,0.0,0.0,0.0
CSO-15-10B-YVBUAN,0.0,0.0,0.0,0.0,0.0,0.0,0.0,0.0,0.0,0.0,0.0,0.0,0.0,0.0,0.0
CSO-15-10B-YVBUAN,0.0,0.0,0.0,0.0,0.0,0.0,0.0,0.0,0.0,0.0,0.0,0.0,0.0,0.0,0.0
CSO-15-10B-YVBUAN,0.0,0.0,0.0,0.0,0.0,0.0,0.0,0.0,0.0,0.0,0.0,0.0,0.0,0.0,0.0
CSO-15-10C-ALBAHO,0.0,0.0,0.0,0.0,0.0,0.0,0.0,0.0,0.0,0.0,0.0,0.0,0.0,0.0,0.0
CSO-15-10C-ALBAHO,0.0,0.0,0.0,0.0,0.0,0.0,0.0,0.0,0.0,0.0,0.0,0.0,0.0,0.0,0.0
CSO-15-10C-SSCAMO,0.0,0.0,0.0,-0.9108272928607652,0.0,0.0,0.0,0.0,-0.11833383772672393,0.0,0.0,0.0,-0.01924857385381291,-0.6191974304496803,0.0
CSO-15-10C-SSCAMO,0.0,0.0,0.0,-0.6612233653467519,0.0,0.0,0.0,0.0,-0.2134302263368807,0.0,0.0,0.0,-1.071409591126328,-0.7792910062799262,0.0
CSO-15-10C-SSCAMO,0.0,0.0,0.0,-0.6989262981388241,0.0,0.0,0.0,0.0,0.401624353636326,0.0,0.0,0.0,-0.36212356143988006,-0.10951488695877874,0.0
CSO-15-10C-SSCAMO,0.0,0.0,0.0,0.0,0.0,0.0,0.0,0.0,0.0,0.0,0.0,0.0,0.0,0.0,0.0
CSO-15-10C-SSCAMO,0.0,0.0,0.0,0.0,0.0,0.0,0.0,0.0,0.0,0.0,0.0,0.0,0.0,0.0,0.0
CSO-15-10C-SSCAMO,0.0,0.0,0.0,0.0,0.0,0.0,0.0,0.0,0.0,0.0,0.0,0.0,0.0,0.0,0.0
CSO-15-10C-SSCAMO,0.0,0.0,0.0,2.53374176431701,0.0,0.0,0.0,0.0,-2.4480974299096423,0.0,0.0,0.0,-2.7990234679439037,-2.7150491434173936,0.0
CSO-15-10C-SSCAMO,0.0,0.0,0.0,2.437950406210368,0.0,0.0,0.0,0.0,-2.296038210929169,0.0,0.0,0.0,-2.515385955351921,-2.7506110615934065,0.0
CSO-15-10C-SSCAMO,0.0,0.0,0.0,3.258452951779933,0.0,0.0,0.0,0.0,-2.5958947986711824,0.0,0.0,0.0,-2.711630722733202,-2.929208759982392,0.0
CSO-15-10C-SSCAMO,0.0,0.0,0.0,2.3526882071890887,0.0,0.0,0.0,0.0,-2.181381893729783,0.0,0.0,0.0,-2.3272728832143046,-2.4834476377549923,0.0
CSO-15-10C-SSCAMO,0.0,0.0,0.0,0.0,0.0,0.0,0.0,0.0,0.0,0.0,0.0,0.0,0.0,0.0,0.0
CSO-15-10C-SSCAMO,0.0,0.0,0.0,0.0,0.0,0.0,0.0,0.0,0.0,0.0,0.0,0.0,0.0,0.0,0.0
CSO-15-10C-SSCAMO,0.0,0.0,0.0,-1.0090262421252756,0.0,0.0,0.0,0.0,1.1925225533647212,0.0,0.0,0.0,0.9618692838696562,1.0557202959228338,0.0
CSO-15-10C-SSCAMO,0.0,0.0,0.0,-0.29943907710356976,0.0,0.0,0.0,0.0,1.0102072098043227,0.0,0.0,0.0,0.06273298074652231,0.25384269437106793,0.0
CSO-15-10C-SSCAMO,0.0,0.0,0.0,0.7269004605005986,0.0,0.0,0.0,0.0,0.379663198301,0.0,0.0,0.0,-0.24426598437301575,0.13458057859660894,0.0
CSO-15-10C-SSCAMO,0.0,0.0,0.0,0.24015228322440882,0.0,0.0,0.0,0.0,0.7150590628993002,0.0,0.0,0.0,0.02901429951384536,0.269766988103306,0.0
CSO-15-10C-SSCAMO,0.0,0.0,0.0,3.0,0.0,0.0,0.0,0.0,-1.3603017225602287,0.0,0.0,0.0,-0.5820662416228547,-0.9212138320108577,0.0
CSO-15-10C-SSCAMO,0.0,0.0,0.0,0.0,0.0,0.0,0.0,0.0,0.0,0.0,0.0,0.0,0.0,0.0,0.0
CSO-15-10C-SSCAMO,0.0,0.0,0.0,0.0,0.0,0.0,0.0,0.0,0.0,0.0,0.0,0.0,0.0,0.0,0.0
CSO-15-10C-SSCAMO,0.0,0.0,0.0,-0.8164965809277261,0.0,0.0,0.0,0.0,0.8164965809277259,0.0,0.0,0.0,0.8164965809277259,0.8164965809277265,0.0
CSO-15-10C-SSCAMO,0.0,0.0,0.0,0.0,0.0,0.0,0.0,0.0,0.0,0.0,0.0,0.0,0.0,0.0,0.0
CSO-15-10C-SSCAMO,0.0,0.0,0.0,0.0,0.0,0.0,0.0,0.0,0.0,0.0,0.0,0.0,0.0,0.0,0.0
CSO-15-10C-SSCAMO,0.0,0.0,0.0,0.35805743701971643,0.0,0.0,0.0,0.0,-0.0964065358616312,0.0,0.0,0.0,0.5794738635559413,0.20529733304956918,0.0
CSO-15-10C-SSCAMO,0.0,0.0,0.0,-0.47301616487964027,0.0,0.0,0.0,0.0,0.5515759345815747,0.0,0.0,0.0,0.5999999999999996,0.5759024231019433,0.0
CSO-15-10C-SSCAMO,0.0,0.0,0.0,-1.08793895799924,0.0,0.0,0.0,0.0,1.050662299656894,0.0,0.0,0.0,0.7319745408718105,0.7742497812113612,0.0
CSO-15-10C-SSCAMO,0.0,0.0,0.0,-0.07832604499879546,0.0,0.0,0.0,0.0,0.25840283834906097,0.0,0.0,0.0,0.533465069369265,0.35440256757566085,0.0
CSO-15-10C-SSCAMO,0.0,0.0,0.0,1.5275252316519468,0.0,0.0,0.0,0.0,-1.4085904245475276,0.0,0.0,0.0,-1.105541596785133,-1.3336057384103037,0.0
CSO-15-10C-SSCAMO,0.0,0.0,0.0,1.4474387886825664,0.0,0.0,0.0,0.0,-0.8842521077799697,0.0,0.0,0.0,-1.2302232146135328,-1.1148500529600975,0.0
CSO-15-10C-SSCAMO,0.0,0.0,0.0,2.323453317182786,0.0,0.0,0.0,0.0,-1.33411324239382,0.0,0.0,0.0,-1.4401774197411708,-1.4097913407250628,0.0
CSO-15-10C-SSCAMO,0.0,0.0,0.0,3.0107846638460374,0.0,0.0,0.0,0.0,-1.6732875896776416,0.0,0.0,0.0,-1.6129024195378798,-1.5111326947957144,0.0
CSO-15-10C-SSCAMO,0.0,0.0,0.0,4.513076474061066,0.0,0.0,0.0,0.0,-2.4603053410397373,0.0,0.0,0.0,-2.192193943453518,-2.2793659821533496,0.0
CSO-15-10C-SSCAMO,0.0,0.0,0.0,0.0,0.0,0.0,0.0,0.0,0.0,0.0,0.0,0.0,0.0,0.0,0.0
CSO-15-10C-SSCAMO,0.0,0.0,0.0,0.0,0.0,0.0,0.0,0.0,0.0,0.0,0.0,0.0,0.0,0.0,0.0
CSO-15-10C-SSCAMO,0.0,0.0,0.0,0.0,0.0,0.0,0.0,0.0,0.0,0.0,0.0,0.0,0.0,0.0,0.0
CSO-15-10C-SSCAMO,0.0,0.0,0.0,0.0,0.0,0.0,0.0,0.0,0.0,0.0,0.0,0.0,0.0,0.0,0.0
CSO-15-10C-SSCAMO,0.0,0.0,0.0,0.0,0.0,0.0,0.0,0.0,0.0,0.0,0.0,0.0,0.0,0.0,0.0
CSO-15-10C-SSCAMO,0.0,0.0,0.0,-0.6311687442672026,0.0,0.0,0.0,0.0,1.5012289436871598,0.0,0.0,0.0,0.7886715544981134,1.212626848145569,0.0
CSO-15-10C-SSCAMO,0.0,0.0,0.0,-0.5570860145311556,0.0,0.0,0.0,0.0,1.1673238813788858,0.0,0.0,0.0,0.527644853011086,0.9379532245669651,0.0
CSO-15-10C-SSCAMO,0.0,0.0,0.0,-0.6989262981388241,0.0,0.0,0.0,0.0,1.046461587998183,0.0,0.0,0.0,1.3306189054816329,0.9691733631967754,0.0
CSO-15-10C-SSCAMO,0.0,0.0,0.0,-0.6859943405700354,0.0,0.0,0.0,0.0,0.5578560024792013,0.0,0.0,0.0,0.5248906591678237,0.4279268648867238,0.0
CSO-15-10C-SSCAMO,0.0,0.0,0.0,1.5275252316519468,0.0,0.0,0.0,0.0,-1.80101331498105,0.0,0.0,0.0,-1.5275252316519465,-1.7204662307511411,0.0
CSO-15-10C-SSCAMO,0.0,0.0,0.0,1.5275252316519468,0.0,0.0,0.0,0.0,-1.80101331498105,0.0,0.0,0.0,-1.5275252316519465,-1.7204662307511411,0.0
CSO-15-10C-SSCAMO,0.0,0.0,0.0,1.1055415967851334,0.0,0.0,0.0,0.0,-1.105541596785133,0.0,0.0,0.0,-1.105541596785133,-1.1055415967851336,0.0
CSO-15-10C-SSCAMO,0.0,0.0,0.0,0.0,0.0,0.0,0.0,0.0,0.0,0.0,0.0,0.0,0.0,0.0,0.0
CSO-15-10C-SSCAMO,0.0,0.0,0.0,0.0,0.0,0.0,0.0,0.0,0.0,0.0,0.0,0.0,0.0,0.0,0.0
CSO-15-10C-SSCAMO,0.0,0.0,0.0,-0.4843221048378526,0.0,0.0,0.0,0.0,0.6943138434075833,0.0,0.0,0.0,0.6943138434075833,0.6943138434075835,0.0
CSO-15-10C-SSCAMO,0.0,0.0,0.0,-0.8164965809277261,0.0,0.0,0.0,0.0,0.8164965809277259,0.0,0.0,0.0,0.8164965809277259,0.8164965809277265,0.0
CSO-15-10C-SSCAMO,0.0,0.0,0.0,-0.5175218286277214,0.0,0.0,0.0,0.0,-0.4348218089197519,0.0,0.0,0.0,-0.3504981884891992,-0.35049818848919995,0.0
CSO-15-10C-SSCAMO,0.0,0.0,0.0,-0.4155813868856491,0.0,0.0,0.0,0.0,-0.2381016276837879,0.0,0.0,0.0,-0.19064955134186606,-0.19064955134186606,0.0
CSO-15-10C-SSCAMO,0.0,0.0,0.0,-0.29488391230979427,0.0,0.0,0.0,0.0,0.9129613975298102,0.0,0.0,0.0,0.9129613975298102,0.9129613975298102,0.0
CSO-15-10C-SSCAMO,0.0,0.0,0.0,-0.3515615246553262,0.0,-0.5,0.0,0.0,1.259945854730001,0.0,0.0,0.0,1.1852591217115656,1.1852591217115653,-0.25264557631995566
CSO-15-10C-SSCAMO,0.0,0.0,0.0,0.0,0.0,0.0,0.0,0.0,0.0,0.0,0.0,0.0,0.0,0.0,0.0
CSO-15-10C-SSCAMO,0.0,0.0,0.0,0.0,0.0,0.0,0.0,0.0,0.0,0.0,0.0,0.0,0.0,0.0,0.0
CSO-15-11C-JETALO,0.0,0.0,0.0,-0.4034732923929645,0.0,0.0,0.0,0.0,0.5650320466312659,0.0,0.0,0.0,0.5650320466312654,0.5650320466312649,0.0
CSO-15-11C-JETALO,0.0,0.0,0.0,-0.14285714285714288,0.0,0.0,0.0,0.0,-1.2437015296835077,0.0,0.0,0.0,-1.2437015296835077,-1.2437015296835081,0.0
CSO-15-11C-JETALO,0.0,0.0,0.0,0.0,0.0,0.0,0.0,0.0,0.0,0.0,0.0,0.0,0.0,0.0,0.0
CSO-15-11C-JETALO,0.0,0.0,0.0,-0.27435163058436723,0.0,0.0,0.0,0.0,0.21877338852188316,0.0,0.0,0.0,0.21877338852188316,0.21877338852188274,0.0
CSO-15-11C-JETALO,0.0,0.0,0.0,1.9344942598098123,0.0,0.0,0.0,0.0,-1.4739148304257774,0.0,0.0,0.0,-0.5487396847647236,-0.8554953995035146,0.0
CSO-15-7B-JCRAGA,0.0,0.0,0.0,0.0,0.0,0.0,0.0,0.0,0.0,0.0,0.0,0.0,0.0,0.0,0.0
CSO-15-7B-JCRAGA,0.0,0.0,0.0,0.0,0.0,0.0,0.0,0.0,0.0,0.0,0.0,0.0,0.0,0.0,0.0
CSO-15-7B-JCRAGA,0.0,0.0,0.0,0.0,0.0,0.0,0.0,0.0,0.0,0.0,0.0,0.0,0.0,0.0,0.0
CSO-15-8A-VBMABR,0.0,0.0,0.0,0.0,0.0,0.0,0.0,0.0,0.0,0.0,0.0,0.0,0.0,0.0,0.0
CSO-15-8B-KEPOGO,0.0,0.0,0.0,2.100029086476867,0.0,0.0,0.0,0.0,-1.7127059643286604,0.0,0.0,0.0,-1.0184482869119422,-1.2912272957303341,0.0
CSO-15-9B-ALRIHE,0.0,0.0,0.0,-0.5180653234396059,0.0,0.0,0.0,0.0,1.5914220539567434,0.0,0.0,0.0,0.9755233420341523,1.376158618592367,0.0
CSO-15-9B-ALRIHE,0.0,0.0,0.0,-0.6564879518897746,0.0,0.0,0.0,0.0,1.5986105077709065,0.0,0.0,0.0,0.6897304947150054,1.412522837391616,0.0
CSO-15-9B-ALRIHE,0.0,0.0,0.0,0.32002844823759896,0.0,0.0,0.0,0.0,-0.4602114013670391,0.0,0.0,0.0,0.2789143089943901,0.1390638512963972,0.0
CSO-15-9B-AMSAGO,0.0,0.0,0.0,-0.27435163058436723,0.0,0.0,0.0,0.0,0.48432210483785243,0.0,0.0,0.0,-0.030875376054721945,0.1914942608606707,0.0
CSO-15-9B-JCAPA,0.0,0.0,0.0,2.7202821099636503,0.0,-0.5773502691896258,0.0,0.0,-2.0584834431209575,0.0,0.0,0.0,-1.0234323588315197,-1.3683055974816067,-0.5806292908321091
CSO-15-9B-JCAPA,0.0,0.0,0.0,3.698713775409053,0.0,-0.4843221048378526,0.0,0.0,-1.2565232176082806,0.0,0.0,0.0,-1.0461563727995078,-1.1185567457154548,-0.17339961530660378
CSO-15-9B-JCAPA,0.0,0.0,0.0,1.8829377433825436,0.0,0.0,0.0,0.0,-1.7074923532430928,0.0,0.0,0.0,-1.30487650860252,-1.6029206323587313,0.0
CSO-15-9B-JCAPA,0.0,0.0,0.0,1.9395630337539336,0.0,0.0,0.0,0.0,-1.857530123603808,0.0,0.0,0.0,-1.6442942874387492,-1.8065683874994447,0.0
CSO-15-9B-JCAPA,0.0,0.0,0.0,0.0,0.0,0.0,0.0,0.0,0.0,0.0,0.0,0.0,0.0,0.0,0.0
CSO-15-9B-JCAPA,0.0,0.0,0.0,0.0,0.0,0.0,0.0,0.0,0.0,0.0,0.0,0.0,0.0,0.0,0.0
CSO-15-9B-JCAPA,0.0,0.0,0.0,0.0,0.0,0.0,0.0,0.0,0.0,0.0,0.0,0.0,0.0,0.0,0.0
CSO-15-9B-JCAPA,0.0,0.0,0.0,-0.3144854510165755,0.0,0.0,0.0,0.0,1.8056539938742615,0.0,0.0,0.0,1.8056539938742615,1.805653993874262,0.0
CSO-15-9B-KSBEJA,0.0,0.0,0.0,0.9436124220076891,0.0,0.0,0.0,0.0,-1.25861245603273,0.0,0.0,0.0,-0.992846101294353,-1.04971196354168,0.0
CSO-15-9B-KSBEJA,0.0,0.0,0.0,-0.2128289624261385,0.0,0.0,0.0,0.0,0.2128289624261385,0.0,0.0,0.0,0.5927489783638187,0.4151455012699976,0.0
CSO-15-9B-KSBEJA,0.0,0.0,0.0,-0.850962943396763,0.0,0.0,0.0,0.0,0.850962943396763,0.0,0.0,0.0,0.850962943396763,0.8509629433967628,0.0
CSO-15-9B-KSBEJA,0.0,0.0,0.0,-0.25264557631995566,0.0,0.0,0.0,0.0,0.7423074889580905,0.0,0.0,0.0,0.7423074889580905,0.7423074889580907,0.0
CSO-15-9B-KSBEJA,0.0,0.0,0.0,0.0,0.0,0.0,0.0,0.0,0.0,0.0,0.0,0.0,0.0,0.0,0.0
CSO-15-9B-KSBEJA,0.0,0.0,0.0,0.0,0.0,0.0,0.0,0.0,0.0,0.0,0.0,0.0,0.0,0.0,0.0
CSO-15-9B-KSBEJA,0.0,0.0,0.0,0.0,0.0,0.0,0.0,0.0,0.0,0.0,0.0,0.0,0.0,0.0,0.0
CSO-15-9B-RMCHLU,0.0,0.0,0.0,1.1487330537883809,0.0,0.0,0.0,0.0,-1.555688936525195,0.0,0.0,0.0,-1.9441322054851125,-1.675898951469907,0.0
CSO-15-9B-RMCHLU,0.0,0.0,0.0,2.2912878474779204,0.0,0.0,0.0,0.0,-0.9477624210116441,0.0,0.0,0.0,-0.0965999787480068,-0.4946653211889658,0.0
CSO-15-9B-RMCHLU,0.0,0.0,0.0,-0.3144854510165755,0.0,0.0,0.0,0.0,0.6410832172066033,0.0,0.0,0.0,0.6410832172066033,0.6410832172066029,0.0
CSO-15-9B-SJAGRO,0.0,0.0,0.0,-0.6989262981388241,0.0,0.0,0.0,0.0,0.6485844825308963,0.0,0.0,0.0,0.1831985899975101,0.2521880846740918,0.0
CSO-15-9B-SJAGRO,0.0,0.0,0.0,-0.48705678739484887,0.0,0.0,0.0,0.0,-0.017835985284589063,0.0,0.0,0.0,0.5812366838114492,0.08203827994143721,0.0
CSO-16-10A-JEGAHE,0.0,0.0,0.0,2.3804761428476167,0.0,0.0,0.0,0.0,-1.5586493991631947,0.0,0.0,0.0,-1.8578705426674964,-1.6925113775247616,0.0
CSO-16-10A-JEGAHE,0.0,0.0,0.0,1.8394844222389106,0.0,0.0,0.0,0.0,-1.599187207107044,0.0,0.0,0.0,-1.0713619811770296,-1.3151657903286942,0.0
CSO-16-10A-MSACO,0.0,0.0,0.0,0.0,0.0,0.0,0.0,0.0,0.0,0.0,0.0,0.0,0.0,0.0,0.0
CSO-16-10A-MSACO,0.0,0.0,0.0,0.0,0.0,0.0,0.0,0.0,0.0,0.0,0.0,0.0,0.0,0.0,0.0
CSO-16-10A-MSACO,0.0,0.0,0.0,0.0,0.0,0.0,0.0,0.0,0.0,0.0,0.0,0.0,0.0,0.0,0.0
CSO-16-10A-MSACO,0.0,0.0,0.0,-0.25264557631995566,0.0,0.0,0.0,0.0,-0.7269004605005986,0.0,0.0,0.0,-0.7269004605005986,-0.7269004605005988,0.0
CSO-16-10A-MSACO,0.0,0.0,0.0,-0.3144854510165755,0.0,0.0,0.0,0.0,-0.8027266799048053,0.0,0.0,0.0,-0.8704065458676145,-0.8389374184927454,0.0
CSO-16-10A-MSACO,0.0,0.0,0.0,-0.3515615246553262,0.0,0.0,0.0,0.0,-0.7629998962435244,0.0,0.0,0.0,-0.7629998962435244,-0.7629998962435243,0.0
CSO-16-10A-SMOUT,0.0,0.0,0.0,0.0,0.0,0.0,0.0,0.0,0.0,0.0,0.0,0.0,0.0,0.0,0.0
CSO-16-10A-SMOUT,0.0,0.0,0.0,0.0,0.0,0.0,0.0,0.0,0.0,0.0,0.0,0.0,0.0,0.0,0.0
CSO-16-10A-SMOUT,0.0,0.0,0.0,0.0,0.0,0.0,0.0,0.0,0.0,0.0,0.0,0.0,0.0,0.0,0.0
CSO-16-10A-SMOUT,0.0,0.0,0.0,0.0,0.0,0.0,0.0,0.0,0.0,0.0,0.0,0.0,0.0,0.0,0.0
CSO-16-10B-JESUGU,0.0,0.0,0.0,0.0,0.0,0.0,0.0,0.0,0.0,0.0,0.0,0.0,0.0,0.0,0.0
CSO-16-10B-JESUGU,0.0,0.0,0.0,0.0,0.0,0.0,0.0,0.0,0.0,0.0,0.0,0.0,0.0,0.0,0.0
CSO-16-10B-JESUGU,0.0,0.0,0.0,0.0,0.0,0.0,0.0,0.0,0.0,0.0,0.0,0.0,0.0,0.0,0.0
CSO-16-10B-JESUGU,0.0,0.0,0.0,0.0,0.0,0.0,0.0,0.0,0.0,0.0,0.0,0.0,0.0,0.0,0.0
CSO-16-10B-LTVIFA,0.0,0.0,0.0,0.0,0.0,0.0,0.0,0.0,0.0,0.0,0.0,0.0,0.0,0.0,0.0
CSO-16-10B-LTVIFA,0.0,0.0,0.0,0.0,0.0,0.0,0.0,0.0,0.0,0.0,0.0,0.0,0.0,0.0,0.0
CSO-16-10B-LTVIFA,0.0,0.0,0.0,0.0,0.0,0.0,0.0,0.0,0.0,0.0,0.0,0.0,0.0,0.0,0.0
CSO-16-10B-VVILI,0.0,0.0,0.0,0.0,0.0,0.0,0.0,0.0,0.0,0.0,0.0,0.0,0.0,0.0,0.0
CSO-16-10B-VVILI,0.0,0.0,0.0,0.0,0.0,0.0,0.0,0.0,0.0,0.0,0.0,0.0,0.0,0.0,0.0
CSO-16-10B-VVILI,0.0,0.0,0.0,0.0,0.0,0.0,0.0,0.0,0.0,0.0,0.0,0.0,0.0,0.0,0.0
CSO-16-10C-MAVAVE,0.0,0.0,0.0,0.0,0.0,0.0,0.0,0.0,0.0,0.0,0.0,0.0,0.0,0.0,0.0
CSO-16-10C-MAVAVE,0.0,0.0,0.0,0.0,0.0,0.0,0.0,0.0,0.0,0.0,0.0,0.0,0.0,0.0,0.0
CSO-16-10C-MAVAVE,0.0,0.0,0.0,0.0,0.0,0.0,0.0,0.0,0.0,0.0,0.0,0.0,0.0,0.0,0.0
CSO-16-10C-MAVAVE,0.0,0.0,0.0,0.0,0.0,0.0,0.0,0.0,0.0,0.0,0.0,0.0,0.0,0.0,0.0
CSO-16-10C-MAVAVE,0.0,0.0,0.0,0.0,0.0,0.0,0.0,0.0,0.0,0.0,0.0,0.0,0.0,0.0,0.0
CSO-16-10C-MAVAVE,0.0,0.0,0.0,0.0,0.0,0.0,0.0,0.0,0.0,0.0,0.0,0.0,0.0,0.0,0.0
CSO-16-10C-MAVAVE,0.0,0.0,0.0,0.0,0.0,0.0,0.0,0.0,0.0,0.0,0.0,0.0,0.0,0.0,0.0
CSO-16-11A-JAVABO,0.0,0.0,0.0,-0.6564879518897746,0.0,0.0,0.0,0.0,-0.5812905252821773,0.0,0.0,0.0,-0.10121628003605426,-0.29826872158161694,0.0
CSO-16-11A-JDMUVA,0.0,0.0,0.0,0.0,0.0,0.0,0.0,0.0,0.0,0.0,0.0,0.0,0.0,0.0,0.0
CSO-16-11A-JDMUVA,0.0,0.0,0.0,-0.3865556717425342,0.0,0.0,0.0,0.0,1.2102845667008921,0.0,0.0,0.0,1.4009951428812546,1.252719259641685,0.0
CSO-16-11A-JDMUVA,0.0,0.0,0.0,-0.43643578047198484,0.0,0.0,0.0,0.0,1.3741242748232818,0.0,0.0,0.0,1.6038085220112883,1.4230269783138396,0.0
CSO-16-11A-VZAOR,0.0,0.0,0.0,0.0,0.0,0.0,0.0,0.0,0.0,0.0,0.0,0.0,0.0,0.0,0.0
CSO-16-11A-VZAOR,0.0,0.0,0.0,0.0,0.0,0.0,0.0,0.0,0.0,0.0,0.0,0.0,0.0,0.0,0.0
CSO-16-11A-VZAOR,0.0,0.0,0.0,2.0,0.0,0.0,0.0,0.0,-0.4929376939576629,0.0,0.0,0.0,-1.3000224919331835,-0.8240986160215517,0.0
CSO-16-11A-VZAOR,0.0,0.0,0.0,2.161290322580645,0.0,0.0,0.0,0.0,-1.2986059311773344,0.0,0.0,0.0,-2.3920854589302856,-1.8153948235916626,0.0
CSO-16-11A-VZAOR,0.0,0.0,0.0,3.4617476395169877,0.0,0.0,0.0,0.0,-3.0852579354685186,0.0,0.0,0.0,-1.7346568663044148,-1.863035307046296,0.0
CSO-16-11A-VZAOR,0.0,0.0,0.0,3.1404808243813096,0.0,0.0,0.0,0.0,-3.7141949848834206,0.0,0.0,0.0,-1.802401928919464,-1.6778319324369615,0.0
CSO-16-11A-VZAOR,0.0,0.0,0.0,4.156125755431858,0.0,0.0,0.0,0.0,-2.5294109151550135,0.0,0.0,0.0,-3.049887759725035,-3.0137855649572867,0.0
CSO-16-11B-KRORE,0.0,0.0,0.0,0.0,0.0,0.0,0.0,0.0,0.0,0.0,0.0,0.0,0.0,0.0,0.0
CSO-16-11B-KRORE,0.0,0.0,0.0,0.7624928516630234,0.0,0.0,0.0,0.0,-0.38747495851619607,0.0,0.0,0.0,-1.225645882968903,-0.7277278908681307,0.0
CSO-16-11B-KRORE,0.0,0.0,0.0,0.6308932681440448,0.0,0.0,0.0,0.0,0.7275746024673905,0.0,0.0,0.0,0.5301847333907642,0.41923275181935055,0.0
CSO-16-11B-LLOZA,0.0,0.0,0.0,-0.948291522977829,0.0,0.0,0.0,0.0,1.5678672046330173,0.0,0.0,0.0,1.143456544913842,1.2778829408909014,0.0
CSO-16-11B-LLOZA,0.0,0.0,0.0,-1.0459949717224581,0.0,0.0,0.0,0.0,1.2194816546399667,0.0,0.0,0.0,0.9058216273156764,0.957647176937435,0.0
CSO-16-11B-YAROMO,0.0,0.0,0.0,2.3804761428476167,0.0,0.0,0.0,0.0,-1.6685290982142786,0.0,0.0,0.0,-1.6685290982142786,-1.6685290982142786,0.0
CSO-16-11B-YAROMO,0.0,0.0,0.0,0.4411052032842577,0.0,0.0,0.0,0.0,-0.061900406142175034,0.0,0.0,0.0,-0.27272727272727254,-0.3809987488956804,0.0
CSO-16-11B-YAROMO,0.0,0.0,0.0,-0.7784798067841147,0.0,0.0,0.0,0.0,1.0366421106976322,0.0,0.0,0.0,1.1147719101474263,1.0234821467517623,0.0
CSO-16-11B-YAROMO,0.0,0.0,0.0,-0.8565647611324375,0.0,0.0,0.0,0.0,1.3248125585025525,0.0,0.0,0.0,1.4807866043446705,1.328415653085619,0.0
CSO-16-11B-YAROMO,0.0,0.0,0.0,-0.850962943396763,0.0,0.0,0.0,0.0,0.9049590767686998,0.0,0.0,0.0,0.9229582069908971,0.917708459003131,0.0
CSO-16-11B-YAROMO,0.0,0.0,0.0,0.0,0.0,0.0,0.0,0.0,0.0,0.0,0.0,0.0,0.0,0.0,0.0
CSO-16-11B-YAROMO,0.0,0.0,0.0,0.0,0.0,0.0,0.0,0.0,0.0,0.0,0.0,0.0,0.0,0.0,0.0
CSO-16-11B-YAROMO,0.0,0.0,0.0,-0.4525696378552518,0.0,0.0,0.0,0.0,0.6123551103662389,0.0,0.0,0.0,0.6123551103662389,0.6123551103662387,0.0
CSO-16-11B-YAROMO,0.0,0.0,0.0,-0.4525696378552518,0.0,0.0,0.0,0.0,0.6123551103662389,0.0,0.0,0.0,0.6123551103662389,0.6123551103662387,0.0
CSO-16-9A-JALEMO,0.0,0.0,0.0,1.4991914030326596,0.0,0.0,0.0,0.0,-1.4396993938364324,0.0,0.0,0.0,-1.2755611407978755,-1.2755611407978753,0.0
CSO-16-9A-JPROSO,0.0,0.0,0.0,-0.25264557631995566,0.0,0.0,0.0,0.0,1.5531078547858574,0.0,0.0,0.0,1.630561690567237,1.6686221194372957,0.0
CSO-16-9A-JPROSO,0.0,0.0,0.0,-0.25264557631995566,0.0,0.0,0.0,0.0,1.8073922282301282,0.0,0.0,0.0,1.443562780851213,1.7151626449775828,0.0
CSO-16-9A-JPROSO,0.0,0.0,0.0,-0.25264557631995566,0.0,0.0,0.0,0.0,1.611558966391945,0.0,0.0,0.0,1.2450029232454058,1.4808629905402144,0.0
CSO-16-9A-JPROSO,0.0,0.0,0.0,-0.4843221048378526,0.0,0.0,0.0,0.0,-0.8169765813107005,0.0,0.0,0.0,0.9612689431212759,0.438522484285396,0.0
CSO-16-9A-JPROSO,0.0,0.0,0.0,0.0,0.0,0.0,0.0,0.0,0.0,0.0,0.0,0.0,0.0,0.0,0.0
CSO-16-9A-JSMAGU,0.0,0.0,0.0,2.3566045906361883,0.0,0.0,0.0,0.0,-0.7669902912621359,0.0,0.0,0.0,-0.8369846885619233,-0.9838982086363877,0.0
CSO-16-9A-JSMAGU,0.0,0.0,0.0,2.4498759975460507,0.0,0.0,0.0,0.0,-0.808207835484318,0.0,0.0,0.0,-1.0303513041098173,-1.0143535425351877,0.0
CSO-16-9A-JSMAGU,0.0,0.0,0.0,2.7305461638546187,0.0,0.0,0.0,0.0,-1.4768412112094613,0.0,0.0,0.0,-1.618379953791124,-1.5575510107897874,0.0
CSO-16-9B-SJPAJI,0.0,0.0,0.0,1.5350186552432912,0.0,0.0,0.0,0.0,-1.5748270624733396,0.0,0.0,0.0,-0.981677266544479,-1.3321798336190338,0.0
CSO-17-10A-YVGOCA,0.0,0.0,0.0,1.3419697099515442,0.0,0.0,0.0,0.0,-0.9945029648567477,0.0,0.0,0.0,-0.6950952204628563,-0.5470088869300285,0.0
CSO-17-10A-YVGOCA,0.0,0.0,0.0,1.8829377433825436,0.0,0.0,0.0,0.0,-1.4956050443372666,0.0,0.0,0.0,-1.7260884807271526,-1.6499765349991007,0.0
CSO-17-10B-EHECO,0.0,0.0,0.0,1.028991510855053,0.0,0.0,0.0,0.0,-1.0046342519011084,0.0,0.0,0.0,-0.5331206627912339,-0.6921447354648307,0.0
CSO-17-10B-EHECO,0.0,0.0,0.0,-0.5155800469472481,0.0,0.0,0.0,0.0,-0.25822404062290244,0.0,0.0,0.0,-0.2891482670706076,-0.3750830021784935,0.0
CSO-17-11A-JDAMO,0.0,0.0,0.0,-0.7948923108829166,0.0,0.0,0.0,0.0,0.38691161626706844,0.0,0.0,0.0,-0.521904725868689,0.09127872829795673,0.0
CSO-17-11A-JDAMO,0.0,0.0,0.0,-0.5,0.0,0.0,0.0,0.0,0.39605901719067005,0.0,0.0,0.0,0.30599503068105227,0.3223225914626049,0.0
CSO-17-11A-JDAMO,0.0,0.0,0.0,-0.3515615246553262,0.0,0.0,0.0,0.0,0.9139127647640632,0.0,0.0,0.0,0.9139127647640639,0.9139127647640639,0.0
CSO-17-11A-JDAMO,0.0,0.0,0.0,-0.33333333333333337,0.0,0.0,0.0,0.0,0.9359303235360177,0.0,0.0,0.0,0.9359303235360177,0.9359303235360179,0.0
CSO-17-11A-JDAMO,0.0,0.0,0.0,0.0,0.0,0.0,0.0,0.0,0.0,0.0,0.0,0.0,0.0,0.0,0.0
CSO-17-11A-JDAMO,0.0,0.0,0.0,0.0,0.0,0.0,0.0,0.0,0.0,0.0,0.0,0.0,0.0,0.0,0.0
CSO-17-11A-NPAHE,0.0,0.0,0.0,0.0,0.0,0.0,0.0,0.0,0.0,0.0,0.0,0.0,0.0,0.0,0.0
CSO-17-11A-NPAHE,0.0,0.0,0.0,1.9395630337539336,0.0,0.0,0.0,0.0,-1.3203105809585245,0.0,0.0,0.0,-1.333333333333333,-1.2706812039254989,0.0
CSO-17-11A-RLPAIG,0.0,0.0,0.0,-0.4034732923929645,0.0,0.0,0.0,0.0,0.3959767893249731,0.0,0.0,0.0,0.10264194434004931,0.23493107701709506,0.0
CSO-17-11A-RLPAIG,0.0,0.0,0.0,-1.131370849898476,0.0,0.0,0.0,0.0,1.6369915103671593,0.0,0.0,0.0,0.49535030901731997,1.3525563092555803,0.0
CSO-17-11A-RLPAIG,0.0,0.0,0.0,-1.4457372170173262,0.0,0.0,0.0,0.0,1.6576994539646792,0.0,0.0,0.0,0.39056673294247135,1.2651958161136492,0.0
CSO-17-11A-RLPAIG,0.0,0.0,0.0,1.0888113882585517,0.0,0.0,0.0,0.0,-0.40961596025952024,0.0,0.0,0.0,-0.7191949522280763,-0.172129516356871,0.0
CSO-17-11A-SPUVA,0.0,0.0,0.0,0.0,0.0,0.0,0.0,0.0,0.0,0.0,0.0,0.0,0.0,0.0,0.0
CSO-17-11A-SPUVA,0.0,0.0,0.0,0.0,0.0,0.0,0.0,0.0,0.0,0.0,0.0,0.0,0.0,0.0,0.0
CSO-17-11B-CDBEBU,0.0,0.0,0.0,0.0,0.0,0.0,0.0,0.0,0.0,0.0,0.0,0.0,0.0,0.0,0.0
CSO-17-11B-CDBEBU,0.0,0.0,0.0,0.0,0.0,0.0,0.0,0.0,0.0,0.0,0.0,0.0,0.0,0.0,0.0
CSO-17-11B-CDBEBU,0.0,0.0,0.0,-0.36927447293799814,0.0,0.0,0.0,0.0,0.8823915077589172,0.0,0.0,0.0,0.8823915077589172,0.8823915077589173,0.0
CSO-17-11C-JDAAG,0.0,0.0,0.0,0.0,0.0,0.0,0.0,0.0,0.0,0.0,0.0,0.0,0.0,0.0,0.0
CSO-17-11C-JDAAG,0.0,0.0,0.0,0.0,0.0,0.0,0.0,0.0,0.0,0.0,0.0,0.0,0.0,0.0,0.0
CSO-17-11C-MAPAMA,0.0,0.0,0.0,0.0,0.0,0.0,0.0,0.0,0.0,0.0,0.0,0.0,0.0,0.0,0.0
CSO-17-11C-MAPAMA,0.0,0.0,0.0,0.0,0.0,0.0,0.0,0.0,0.0,0.0,0.0,0.0,0.0,0.0,0.0
CSO-17-11C-MAPAMA,0.0,0.0,0.0,-0.29488391230979427,0.0,0.0,0.0,0.0,-0.6570525562495044,0.0,0.0,0.0,-1.7170652269320241,-1.1695757206860034,0.0
CSO-17-11C-MCAAG,0.0,0.0,0.0,0.0,0.0,0.0,0.0,0.0,0.0,0.0,0.0,0.0,0.0,0.0,0.0
CSO-17-11C-MCAAG,0.0,0.0,0.0,0.0,0.0,0.0,0.0,0.0,0.0,0.0,0.0,0.0,0.0,0.0,0.0
CSO-17-11C-MCAAG,0.0,0.0,0.0,0.0,0.0,0.0,0.0,0.0,0.0,0.0,0.0,0.0,0.0,0.0,0.0
CSO-17-11C-MCAAG,0.0,0.0,0.0,0.0,0.0,0.0,0.0,0.0,0.0,0.0,0.0,0.0,0.0,0.0,0.0
CSO-17-11C-MCAAG,0.0,0.0,0.0,-0.20412414523193154,0.0,0.0,0.0,0.0,-0.7071067811865474,0.0,0.0,0.0,-0.7071067811865474,-0.707106781186547,0.0
CSO-17-11C-SARJA,0.0,0.0,0.0,0.0,0.0,0.0,0.0,0.0,0.0,0.0,0.0,0.0,0.0,0.0,0.0
CSO-17-11C-SARJA,0.0,0.0,0.0,0.0,0.0,0.0,0.0,0.0,0.0,0.0,0.0,0.0,0.0,0.0,0.0
CSO-17-11C-SARJA,0.0,0.0,0.0,-0.25264557631995566,0.0,0.0,0.0,0.0,0.35538041522494496,0.0,0.0,0.0,0.1490711984999861,0.22478353617807892,0.0
CSO-17-11C-SARJA,0.0,0.0,0.0,0.0,0.0,0.0,0.0,0.0,0.0,0.0,0.0,0.0,0.0,0.0,0.0
CSO-18-11A-ADBAHO,0.0,0.0,0.0,-0.17586311452816475,0.0,0.0,0.0,0.0,1.6698627306300449,0.0,0.0,0.0,1.2231605964025065,1.479813288059827,0.0
CSO-18-11A-ADBAHO,0.0,0.0,0.0,0.0,0.0,0.0,0.0,0.0,0.0,0.0,0.0,0.0,0.0,0.0,0.0
CSO-18-9B-MAMOLO,0.0,0.0,0.0,-0.8644876072314966,0.0,0.0,0.0,0.0,0.7269004605005985,0.0,0.0,0.0,0.8628403050799635,0.5877544273308266,0.0
CSO-18-9B-MAMOLO,0.0,0.0,0.0,-0.8496601585286936,0.0,0.0,0.0,0.0,0.7834886629774606,0.0,0.0,0.0,0.9281416589977772,0.6643292744498561,0.0
CSO-18-9B-MAMOLO,0.0,0.0,0.0,-0.5619514869490164,0.0,0.0,0.0,0.0,-0.25128535551620856,0.0,0.0,0.0,-0.5918428832143185,-0.4220311618207885,0.0
CSO-18-9B-MAMOLO,0.0,0.0,0.0,1.2307692307692308,0.0,0.0,0.0,0.0,-1.2410104559880462,0.0,0.0,0.0,-1.0462920559529363,-1.0275704903947351,0.0
CSO-18-9B-MAMOLO,0.0,0.0,0.0,3.0,0.0,0.0,0.0,0.0,-1.274483970972249,0.0,0.0,0.0,-1.274483970972249,-1.2744839709722504,0.0
CSO-18-9B-MAMOLO,0.0,0.0,0.0,3.1797973380564857,0.0,0.0,0.0,0.0,-1.9698979902488203,0.0,0.0,0.0,-1.969897990248821,-1.9698979902488216,0.0
CSO-18-9B-MAMOLO,0.0,0.0,0.0,3.6449573777637356,0.0,0.0,0.0,0.0,-1.7368421052631582,0.0,0.0,0.0,-1.7368421052631577,-1.7368421052631584,0.0
CSO-8-3A-AIPRBR,0.0,0.0,0.0,2.258840898497371,0.0,0.0,0.0,0.0,-1.572381652036093,0.0,0.0,0.0,0.3127369361261395,-1.0828562414316334,0.0
CSO-8-3A-AIPRBR,0.0,0.0,0.0,2.6806245824956574,0.0,0.0,0.0,0.0,-2.374925882982206,0.0,0.0,0.0,0.0,-2.2076021566856805,0.0
CSO-8-3A-AIPRBR,0.0,0.0,0.0,2.471190423011166,0.0,0.0,0.0,0.0,-2.074501569752005,0.0,0.0,0.0,0.0,-1.6383261926941044,0.0
CSO-8-3A-AIPRBR,0.0,0.0,0.0,2.1257524245935198,0.0,0.0,0.0,0.0,-2.1016837141687525,0.0,0.0,0.0,-0.726900460500599,-1.1623377399092867,0.0
CSO-8-3A-AIPRBR,0.0,0.0,0.0,0.9955849673999579,0.0,0.0,0.0,0.0,-1.5980110906424954,0.0,0.0,0.0,-0.5620508696427929,-0.8548846591144891,0.0
CSO-8-3A-DAPAVA,0.0,0.0,0.0,1.1751393027860064,0.0,0.0,0.0,0.0,-1.3914097290807417,0.0,0.0,0.0,-1.1751393027860064,-1.3137859596233965,0.0
CSO-8-3A-DAPAVA,0.0,0.0,0.0,0.13538810472195723,0.0,0.0,0.0,0.0,-2.1481030882564456,0.0,0.0,0.0,-2.1924077354417184,-2.378139694219912,0.0
CSO-8-3A-DAPAVA,0.0,0.0,0.0,0.41208169184606713,0.0,0.0,0.0,0.0,-1.5840148892139614,0.0,0.0,0.0,-1.0489535098849787,-1.1417566205979868,0.0
CSO-8-3A-DAPAVA,0.0,0.0,0.0,0.0,0.0,0.0,0.0,0.0,-1.9599974623075749,0.0,0.0,0.0,-1.8708286933869704,-2.246140988544692,0.0
CSO-8-4A-ARAGR,0.0,0.0,0.0,1.3333333333333335,0.0,0.0,0.0,0.0,-1.272963911881266,0.0,0.0,0.0,-1.105541596785133,-1.2338928429009974,0.0
CSO-8-4A-ARAGR,0.0,0.0,0.0,0.8685539504902849,0.0,0.0,0.0,0.0,-0.8685539504902854,0.0,0.0,0.0,-0.8685539504902854,-0.8685539504902853,0.0
CSO-8-4A-JRAAR,0.0,0.0,0.0,0.3437051115341479,0.0,0.0,0.0,0.0,-0.4693146639657672,0.0,0.0,0.0,-0.32451179824887827,-0.17544960132722173,0.0
CSO-9-2A-EXMOCO,0.0,0.0,0.0,0.0,0.0,0.0,0.0,0.0,0.0,0.0,0.0,0.0,0.0,0.0,0.0
CSO-9-2A-EXMOCO,0.0,0.0,0.0,2.8284271247461903,0.0,0.0,0.0,0.0,-1.030396754807726,0.0,0.0,0.0,-0.2145346233187323,-0.4878735103419904,0.0
CSO-9-2A-EXMOCO,0.0,0.0,0.0,2.5038550788849063,0.0,0.0,0.0,0.0,-1.2798530896729814,0.0,0.0,0.0,-0.8879704084851348,-0.7773898730151821,0.0
CSO-9-2A-EXMOCO,0.0,0.0,0.0,2.1005224504796827,0.0,-0.33333333333333337,0.0,0.0,-1.1396597908747883,0.0,0.0,0.0,-1.0952771037955082,-0.8576500762982171,-0.3528425429397158
CSO-9-2A-EXMOCO,0.0,0.0,0.0,2.056918625482481,0.0,-0.29488391230979427,0.0,0.0,-0.7267168357848899,0.0,0.0,0.0,-0.6767155423319647,-0.3711358243211851,-0.38926837530097214
CSO-9-2A-EXMOCO,0.0,0.0,0.0,1.019644980921942,0.0,0.0,0.0,0.0,-0.8385481602338828,0.0,0.0,0.0,0.4074074074074077,-0.3863439972631672,0.0
CSO-9-4A-AGAPE,0.0,0.0,0.0,0.30757951863131244,0.0,0.0,0.0,0.0,0.1640251553132814,0.0,0.0,0.0,0.9024390243902443,0.1922299297431464,0.0
CSO-9-4A-DKVIMO,0.0,0.0,0.0,0.8090895879409022,0.0,0.0,0.0,0.0,-1.052670163987324,0.0,0.0,0.0,0.3015113445777639,-0.933897979796678,0.0
CSO-9-4A-DSMOMU,0.0,0.0,0.0,-0.42354655255943036,0.0,0.0,0.0,0.0,1.3406260939550096,0.0,0.0,0.0,1.321586856914401,1.3215868569144007,0.0
CSO-9-4A-DSMOMU,0.0,0.0,0.0,0.75,0.0,0.0,0.0,0.0,-0.15829386472065302,0.0,0.0,0.0,-0.582168150878784,-0.33303831103431586,0.0
CSO-9-4A-DSMOMU,0.0,0.0,0.0,0.7475904326336433,0.0,0.0,0.0,0.0,-0.5268827217186971,0.0,0.0,0.0,-0.5471922955867167,-0.4469674963405199,0.0
CSO-9-4A-DSMOMU,0.0,0.0,0.0,1.2789772271638904,0.0,0.0,0.0,0.0,-1.441992044340187,0.0,0.0,0.0,-1.0945409092309877,-1.2287485971675245,0.0
CSO-9-4A-DSMOMU,0.0,0.0,0.0,-0.7398102321278026,0.0,0.0,0.0,0.0,1.200735369285645,0.0,0.0,0.0,1.2423086659126459,1.4878474884388015,0.0
CSO-9-4A-DSMOMU,0.0,0.0,0.0,-0.6767155423319645,0.0,0.0,0.0,0.0,1.173754158593495,0.0,0.0,0.0,1.1882738677914872,1.3904186424566158,0.0
CSO-9-4A-DSMOMU,0.0,0.0,0.0,-0.58481530992811,0.0,0.0,0.0,0.0,1.30487650860252,0.0,0.0,0.0,1.2760614636078544,1.2760614636078538,0.0
CSO-9-4A-DSMOMU,0.0,0.0,0.0,-0.29488391230979427,0.0,0.0,0.0,0.0,-0.3608308675945585,0.0,0.0,0.0,-0.3608308675945585,-0.3608308675945575,0.0
CSO-9-4A-DSMOMU,0.0,0.0,0.0,0.0,0.0,0.0,0.0,0.0,0.0,0.0,0.0,0.0,0.0,0.0,0.0
CSO-9-4A-DSMOMU,0.0,0.0,0.0,0.0,0.0,0.0,0.0,0.0,0.0,0.0,0.0,0.0,0.0,0.0,0.0
CSO-9-4A-DSMOMU,0.0,0.0,0.0,0.0,0.0,0.0,0.0,0.0,0.0,0.0,0.0,0.0,0.0,0.0,0.0
CSO-9-4A-DSMOMU,0.0,0.0,0.0,0.0,0.0,0.0,0.0,0.0,0.0,0.0,0.0,0.0,0.0,0.0,0.0
CSO-9-4A-DSMOMU,0.0,0.0,0.0,0.27435163058436723,0.0,0.0,0.0,0.0,-0.08804509063256208,0.0,0.0,0.0,0.7573401631618395,0.4376349788741573,0.0
CSO-9-4A-DSMOMU,0.0,0.0,0.0,0.8980265101338745,0.0,0.0,0.0,0.0,-0.4338088408707994,0.0,0.0,0.0,0.9008852329229017,0.26260844044505005,0.0
CSO-9-4A-DSMOMU,0.0,0.0,0.0,2.2096047024697585,0.0,0.0,0.0,0.0,-1.9660191746653235,0.0,0.0,0.0,-1.4577379737113256,-1.8281924057794787,0.0
CSO-9-4A-DSMOMU,0.0,0.0,0.0,2.647585454308147,0.0,0.0,0.0,0.0,-2.286460281221625,0.0,0.0,0.0,-2.129273572479754,-2.390564991945867,0.0
CSO-9-4A-DSMOMU,0.0,0.0,0.0,1.8297065576087663,0.0,0.0,0.0,0.0,-1.9455926984139424,0.0,0.0,0.0,-1.536272089039081,-1.9227963814888789,0.0
CSO-9-4A-DSMOMU,0.0,0.0,0.0,0.9702918332486785,0.0,0.0,0.0,0.0,-1.181011352509416,0.0,0.0,0.0,-0.9290596857920678,-1.010393351262338,0.0
CSO-9-4A-DSMOMU,0.0,0.0,0.0,0.8006407690254357,0.0,0.0,0.0,0.0,-1.2657166436429412,0.0,0.0,0.0,-1.0920309926620977,-1.1101312392749596,0.0
CSO-9-4A-DSMOMU,0.0,0.0,0.0,-0.3865556717425342,0.0,0.0,0.0,0.0,-0.2148344622118304,0.0,0.0,0.0,-0.21483446221182975,-0.21483446221182909,0.0
CSO-9-4A-DSMOMU,0.0,0.0,0.0,0.0,0.0,0.0,0.0,0.0,0.0,0.0,0.0,0.0,0.0,0.0,0.0
CSO-9-4A-DVGATO,0.0,0.0,0.0,2.312986095527877,0.0,0.0,0.0,0.0,-0.8369846885619233,0.0,0.0,0.0,-0.242758851613762,-0.3365330548980776,0.0
CSO-9-4A-DVGATO,0.0,0.0,0.0,1.5383550878276167,0.0,0.0,0.0,0.0,-1.6566423362809306,0.0,0.0,0.0,-1.3724871329934425,-1.721871323633494,0.0
CSO-9-4A-EGCAMO,0.0,0.0,0.0,-0.36927447293799814,0.0,0.0,0.0,0.0,0.7877263614433759,0.0,0.0,0.0,0.7877263614433759,0.787726361443376,0.0
CSO-9-4A-EGCAMO,0.0,0.0,0.0,0.0,0.0,0.0,0.0,0.0,0.0,0.0,0.0,0.0,0.0,0.0,0.0
CSO-9-4A-EGCAMO,0.0,0.0,0.0,0.0,0.0,0.0,0.0,0.0,0.0,0.0,0.0,0.0,0.0,0.0,0.0
CSO-9-4A-EGCAMO,0.0,0.0,0.0,0.0,0.0,0.0,0.0,0.0,0.0,0.0,0.0,0.0,0.0,0.0,0.0
CSO-9-4A-FAGIGA,0.0,0.0,0.0,0.0,0.0,0.0,0.0,0.0,0.0,0.0,0.0,0.0,0.0,0.0,0.0
CSO-9-4A-FAGIGA,0.0,0.0,0.0,-0.6081636405595374,0.0,0.0,0.0,0.0,0.5170100894872698,0.0,0.0,0.0,0.6255432421712239,0.41895468520862933,0.0
CSO-9-4A-FAGIGA,0.0,0.0,0.0,-0.7194246902796883,0.0,0.0,0.0,0.0,0.7439906087868114,0.0,0.0,0.0,0.6372395473602606,0.6374706805440976,0.0
CSO-9-4A-FAGIGA,0.0,0.0,0.0,-1.1026456085839622,0.0,0.0,0.0,0.0,1.370252650579616,0.0,0.0,0.0,0.39056673294247135,1.2147833972027142,0.0
CSO-9-4A-KEMOCO,0.0,0.0,0.0,1.0,0.0,0.0,0.0,0.0,-1.0116467664054982,0.0,0.0,0.0,-0.9072647087265544,-0.9177030050235423,0.0
CSO-9-4A-KEMOCO,0.0,0.0,0.0,1.3645083495840589,0.0,0.0,0.0,0.0,-1.4678729099946617,0.0,0.0,0.0,-1.2622840392917207,-1.4285376370611924,0.0
CSO-9-4A-KEMOCO,0.0,0.0,0.0,2.70801280154532,0.0,0.0,0.0,0.0,-2.115863133948935,0.0,0.0,0.0,-1.4430043957169285,-1.9401148216287614,0.0
CSO-9-4A-KEMOCO,0.0,0.0,0.0,2.586949495507729,0.0,0.0,0.0,0.0,-2.012089770980868,0.0,0.0,0.0,-1.1281521496355325,-1.7336087100176436,0.0
CSO-9-4A-KEMOCO,0.0,0.0,0.0,-0.42008402520840293,0.0,0.0,0.0,0.0,2.1968258696660357,0.0,0.0,0.0,2.1968258696660357,2.196825869666035,0.0
CSO-9-4A-LCOMO,0.0,0.0,0.0,-0.17586311452816475,0.0,0.0,0.0,0.0,-0.746194940815452,0.0,0.0,0.0,-0.746194940815452,-0.7461949408154519,0.0
CSO-9-4A-LCOMO,0.0,0.0,0.0,1.566725631095693,0.0,0.0,0.0,0.0,-0.26426864600202865,0.0,0.0,0.0,0.365854557880757,0.18989034849165676,0.0
CSO-9-4A-LCOMO,0.0,0.0,0.0,2.064741604835056,0.0,0.0,0.0,0.0,-0.31244954293855765,0.0,0.0,0.0,0.5827715174143582,0.3250616766636851,0.0
CSO-9-4A-LCOMO,0.0,0.0,0.0,0.331861655799986,0.0,0.0,0.0,0.0,0.07247019002648593,0.0,0.0,0.0,0.4367450067861074,0.4297611870535095,0.0
CSO-9-4A-MLORO,0.0,0.0,0.0,0.0,0.0,0.0,0.0,0.0,0.0,0.0,0.0,0.0,0.0,0.0,0.0
CSO-9-4A-MLORO,0.0,0.0,0.0,0.0,0.0,0.0,0.0,0.0,0.0,0.0,0.0,0.0,0.0,0.0,0.0
CSO-9-4A-MLORO,0.0,0.0,0.0,0.0,0.0,0.0,0.0,0.0,0.0,0.0,0.0,0.0,0.0,0.0,0.0
CSO-9-4A-MLORO,0.0,0.0,0.0,0.0,0.0,0.0,0.0,0.0,0.0,0.0,0.0,0.0,0.0,0.0,0.0
CSO-9-4A-MLORO,0.0,0.0,0.0,0.0,0.0,0.0,0.0,0.0,0.0,0.0,0.0,0.0,0.0,0.0,0.0
CSO-9-4A-MLORO,0.0,0.0,0.0,-0.4525696378552518,0.0,0.0,0.0,0.0,0.6123551103662389,0.0,0.0,0.0,0.6123551103662389,0.6123551103662387,0.0
CSO-9-4A-MLORO,0.0,0.0,0.0,-0.2294157338705618,0.0,0.0,0.0,0.0,0.7633700367119741,0.0,0.0,0.0,0.7633700367119741,0.7633700367119743,0.0
CSO-9-4A-MLORO,0.0,0.0,0.0,-0.6236095644623236,0.0,0.0,0.0,0.0,1.0235851404870344,0.0,0.0,0.0,1.1488131230623193,1.044665012406948,0.0
CSO-9-4A-MLORO,0.0,0.0,0.0,-0.6236095644623236,0.0,0.0,0.0,0.0,1.1994462866076612,0.0,0.0,0.0,1.3431298444348785,1.3316602631060679,0.0
CSO-9-4A-MLORO,0.0,0.0,0.0,0.0,0.0,0.0,0.0,0.0,0.0,0.0,0.0,0.0,0.0,0.0,0.0
CSO-9-4A-MLORO,0.0,0.0,0.0,0.0,0.0,0.0,0.0,0.0,0.0,0.0,0.0,0.0,0.0,0.0,0.0
CSO-9-4A-MLORO,0.0,0.0,0.0,0.0,0.0,0.0,0.0,0.0,0.0,0.0,0.0,0.0,0.0,0.0,0.0
CSO-9-4A-MPAME,0.0,0.0,0.0,0.0,0.0,0.0,0.0,0.0,0.0,0.0,0.0,0.0,0.0,0.0,0.0
CSO-9-4A-MPAME,0.0,0.0,0.0,0.0,0.0,0.0,0.0,0.0,0.0,0.0,0.0,0.0,0.0,0.0,0.0
CSO-9-4A-NSARPA,0.0,0.0,0.0,1.0891178609735856,0.0,0.0,0.0,0.0,-0.8931005878765537,0.0,0.0,0.0,-0.9000005681106251,-0.8143449077925193,0.0
CSO-9-4A-NSARPA,0.0,0.0,0.0,1.639783183499846,0.0,0.0,0.0,0.0,-1.9513720527458027,0.0,0.0,0.0,-1.2063752554035772,-1.523316476017447,0.0
CSO-9-4A-YVDITR,0.0,0.0,0.0,0.0,0.0,0.0,0.0,0.0,0.0,0.0,0.0,0.0,0.0,0.0,0.0
CSO-9-4A-YVDITR,0.0,0.0,0.0,0.5207556439232954,0.0,0.0,0.0,0.0,-0.4558499394749827,0.0,0.0,0.0,0.09808718133344856,0.06112250491942552,0.0
