file,wc,nodes,edges,re,pe,l1,l2,l3,lcc,lsc,atd,density,diameter,asp,cc
CDMS-10-4A-JURAN,3.0,12.333333333333334,10.5,1.0,0.0,0.0,0.0,0.0,5.833333333333333,1.0,0.9632351444851445,0.16717541717541717,3.1666666666666665,1.7325396825396826,0.2701388888888889
CDMS-10-5A-HEPIHO,3.0,13.666666666666666,14.333333333333334,5.666666666666667,0.0,3.0,0.0,0.0,10.0,1.0,1.4703425229741018,0.1671957671957672,2.6666666666666665,1.8709401709401707,0.16159781576448243
CDMS-10-5A-KSRAGU,3.0,16.0,16.0,2.5,0.0,1.0,0.0,0.0,11.0,1.0,1.1623376623376624,0.13852813852813853,3.5,2.080952380952381,0.3499470899470899
CDMS-10-5A-SROPU,3.0,12.666666666666666,9.333333333333334,0.0,0.0,0.0,0.0,0.0,4.0,1.0,0.7245495245495245,0.12602305102305103,2.5,1.4944444444444445,0.18611111111111112
CDMS-10-5A-SZURO,3.0,10.5,8.5,0.0,0.0,0.0,0.0,0.0,6.5,1.0,0.8090909090909091,0.1707070707070707,3.0,1.8285714285714287,0.33055555555555555
CDMS-10-5B-SRAJA,3.0,18.75,17.5,4.75,0.0,1.5,0.0,0.0,10.75,1.0,1.1914104278074866,0.10360451596906706,3.0,1.926068376068376,0.30496364746364746
CDMS-10-5C-DAAUSA,3.0,17.0,14.0,1.6666666666666667,0.0,0.0,0.0,0.0,9.666666666666666,1.0,0.930392156862745,0.10633994488483652,4.333333333333333,2.1703703703703705,0.24500881834215163
CDMS-10-5C-ICAPA,3.0,8.0,7.0,1.0,0.0,0.0,0.0,0.0,5.0,1.0,1.0,0.25,3.0,1.7,0.4666666666666667
CDMS-10-5C-JFALGI,3.0,11.5,11.5,1.0,0.0,0.0,0.0,0.0,9.5,1.0,1.0769230769230769,0.19444444444444442,3.0,1.9527777777777777,0.36957671957671956
CDMS-10-5C-MAORTO,3.0,8.0,8.0,1.0,0.0,0.0,0.0,0.0,6.0,1.0,1.125,0.2857142857142857,3.0,1.7333333333333334,0.5
CDMS-10-6B-ASCACO,3.0,5.714285714285714,5.142857142857143,0.7142857142857143,0.0,0.7142857142857143,0.0,0.0,4.142857142857143,1.0,1.0380952380952382,0.35714285714285715,2.142857142857143,1.4952380952380953,0.15
CDMS-11-4A-GACHSA,3.0,8.555555555555555,8.11111111111111,0.5555555555555556,0.0,0.3333333333333333,0.0,0.0,5.888888888888889,1.0,0.9949735449735448,0.25053711720378385,2.7777777777777777,1.6811287477954144,0.3460361552028218
CDMS-11-5A-EAARCA,3.0,9.3,8.0,1.6,0.0,0.6,0.0,0.0,6.0,1.0,1.0591608391608391,0.2099200799200799,3.1,1.8132539682539683,0.20992063492063492
CDMS-11-5A-MGTHAR,3.0,19.5,18.5,12.0,0.0,6.0,0.0,0.0,10.5,1.0,1.5657894736842106,0.09736842105263158,4.0,2.111111111111111,0.34145021645021645
CDMS-11-6A-NMREPR,3.0,13.0,13.25,0.0,0.0,0.0,0.0,0.0,7.75,1.0,1.0245920745920745,0.1746253746253746,3.25,1.7773809523809523,0.342526455026455
CDMS-11-6B-ARAHE,3.0,8.11111111111111,7.111111111111111,0.8888888888888888,0.0,0.0,0.0,0.0,5.111111111111111,1.0,0.9477513227513228,0.24638447971781308,2.3333333333333335,1.502910052910053,0.5835390946502057
CDMS-11-6B-AVROTO,3.0,15.5,14.5,7.0,0.0,1.0,0.0,0.0,10.0,1.0,1.3895833333333334,0.12083333333333333,3.5,2.0,0.17083333333333334
CDMS-11-6B-EAFESA,3.0,10.666666666666666,8.666666666666666,0.0,0.0,0.0,0.0,0.0,6.666666666666667,1.0,0.7916666666666666,0.16558441558441558,3.3333333333333335,1.837037037037037,0.23465608465608465
CDMS-11-6B-EFRGR,3.0,10.222222222222221,8.666666666666666,1.6666666666666667,0.0,0.0,0.0,0.0,5.111111111111111,1.0,1.0089722006388673,0.18921140587807256,2.5555555555555554,1.5555555555555556,0.49620811287477956
CDMS-11-6B-EROCO,3.0,8.666666666666666,9.666666666666666,0.6666666666666666,0.0,0.6666666666666666,0.0,0.0,6.666666666666667,1.0,1.1944444444444444,0.27116402116402116,3.0,1.7142857142857142,0.4706349206349207
CDMS-11-6B-JACUPE,3.0,12.0,15.0,7.5,0.0,0.0,0.0,0.0,12.0,1.0,1.8928571428571428,0.23785103785103784,3.5,2.0046398046398046,0.4103174603174603
CDMS-11-6B-JDCHBA,3.0,14.6,15.6,2.4,0.0,0.0,0.0,0.0,9.6,1.0,1.26988344988345,0.17383406583096986,2.6,1.7989466089466088,0.6731481481481482
CDMS-11-6B-JFSAHE,3.0,9.5,7.875,0.625,0.0,0.0,0.0,0.0,5.125,1.0,0.8786075036075036,0.2695200632700633,2.5,1.6006944444444444,0.29384920634920636
CDMS-11-6B-JLPENA,3.0,9.0,6.0,1.2,0.0,0.0,0.0,0.0,3.8,1.0,0.8,0.16746031746031748,1.6,1.3,0.25999999999999995
CDMS-11-6B-JMARME,3.0,9.153846153846153,7.0,0.23076923076923078,0.0,0.0,0.0,0.0,4.384615384615385,1.0,0.7909788929019699,0.2392603123372354,2.6153846153846154,1.5564102564102564,0.3411477411477411
CDMS-11-6B-JPSAMA,3.0,5.333333333333333,5.333333333333333,0.0,0.0,0.0,0.0,0.0,4.333333333333333,1.0,1.0,0.5396825396825397,2.0,1.3888888888888886,0.5333333333333333
CDMS-11-6B-LESTA,3.0,8.857142857142858,8.142857142857142,0.5714285714285714,0.0,0.0,0.0,0.0,5.714285714285714,1.0,0.9994331065759637,0.36611404468547326,3.0,1.7476190476190474,0.18862433862433864
CDMS-11-6B-MEBRTA,3.0,8.0,6.5,0.25,0.0,0.0,0.0,0.0,6.0,1.0,0.7857142857142857,0.2591575091575091,2.75,1.6976190476190476,0.12589285714285714
CDMS-11-6B-MMAMO,3.0,15.5,16.25,2.0,0.0,0.75,0.0,0.0,9.5,1.0,1.1865707821590175,0.14276287438052143,4.0,1.9916666666666667,0.31560846560846556
CDMS-11-6B-RSECA,3.0,11.0,7.333333333333333,0.3333333333333333,0.0,0.0,0.0,0.0,4.333333333333333,1.0,0.6891025641025642,0.13838938838938838,2.3333333333333335,1.5888888888888888,0.0
CDMS-11-6B-SCAPA,3.0,14.0,11.75,1.5,0.0,0.5,0.0,0.0,7.0,1.0,0.9264763014763016,0.12477848948437184,3.5,1.9613095238095237,0.28125
CDMS-11-6B-VZAPE,3.0,9.428571428571429,7.142857142857143,0.8571428571428571,0.0,0.0,0.0,0.0,5.142857142857143,1.0,0.8586580086580087,0.1991341991341991,2.7142857142857144,1.638095238095238,0.3020408163265306
CDMS-11-6B-YLNIME,3.0,13.0,12.5,2.5,0.0,0.0,0.0,0.0,7.0,1.0,1.1696969696969697,0.16666666666666669,3.0,1.7642857142857142,0.7972222222222223
CDMS-11-7C-ICARE,3.0,6.0,4.5,1.0,0.0,1.0,0.0,0.0,3.0,1.0,0.9166666666666667,0.23333333333333334,1.5,1.25,0.0
CDMS-11-7C-IMOIB,3.0,15.0,14.2,2.8,0.0,1.2,0.0,0.0,8.0,1.0,1.0982768865121806,0.12979203802733214,2.8,1.7642424242424242,0.3301414141414141
CDMS-11-7C-SALMA,3.0,15.5,19.0,8.0,0.0,1.0,0.0,0.0,13.5,1.0,1.7375,0.1595238095238095,4.0,2.3049450549450547,0.3395757020757021
CDMS-11-7C-SPGAVE,3.0,12.666666666666666,13.666666666666666,0.6666666666666666,0.0,0.0,0.0,0.0,9.333333333333334,1.0,1.0916666666666666,0.19126984126984126,3.3333333333333335,1.9696969696969697,0.4404761904761905
CDMS-12-5A-SRIGO,3.0,10.375,9.25,0.5,0.0,0.0,0.0,0.0,5.875,1.0,0.9416666666666667,0.19787157287157287,3.0,1.7285714285714286,0.34246031746031746
CDMS-12-6A-FAROPA,3.0,13.0,11.0,1.5,0.0,0.0,0.0,0.0,8.5,1.0,0.9545454545454546,0.14372294372294372,5.0,2.357142857142857,0.06999999999999999
CDMS-12-6A-JGIGA,3.0,15.0,14.0,2.0,0.0,0.0,0.0,0.0,13.0,1.0,1.0666666666666667,0.13333333333333333,4.0,2.5384615384615383,0.056410256410256404
CDMS-12-6A-SROAL,3.0,5.25,4.0,0.25,0.0,0.0,0.0,0.0,3.5,1.0,0.84375,0.4625,1.75,1.3,0.3472222222222222
CDMS-12-6B-IJDAGA,3.0,12.857142857142858,11.857142857142858,2.2857142857142856,0.0,0.0,0.0,0.0,8.285714285714286,1.0,1.0856286570572284,0.15614623471766328,3.857142857142857,2.047976626548055,0.27756208832739443
CDMS-12-6B-SCLAG,3.0,4.5,3.5,4.5,0.0,0.0,0.0,0.0,3.0,1.0,1.8333333333333335,0.5,1.5,1.1666666666666665,0.5
CDMS-12-7C-CATRAR,3.0,11.0,9.5,0.0,0.0,0.0,0.0,0.0,7.0,1.0,0.8583333333333334,0.17222222222222222,3.5,1.9,0.3326388888888889
CDMS-12-7C-DLOLO,3.0,10.5,9.0,2.0,0.0,0.0,0.0,0.0,5.5,1.0,0.9642857142857142,0.19047619047619047,2.0,1.3928571428571428,0.7625
CDMS-12-7C-JSZAOR,3.0,9.0,8.666666666666666,0.6666666666666666,0.0,0.0,0.0,0.0,5.0,1.0,1.0303030303030303,0.2518518518518518,2.3333333333333335,1.4444444444444444,0.5425925925925926
CDMS-12-7C-MAROBE,3.0,10.0,9.666666666666666,5.0,0.0,0.0,0.0,0.0,7.666666666666667,1.0,1.5617715617715617,0.2512820512820513,2.6666666666666665,1.7939153439153437,0.3544532627865961
CDMS-12-7C-VMAPA,3.0,8.6,7.2,0.0,0.0,0.0,0.0,0.0,4.2,1.0,0.8177777777777777,0.22222222222222224,2.2,1.3199999999999998,0.5688888888888889
CDMS-12-7C-VQURA,3.0,8.5,8.0,0.0,0.0,0.0,0.0,0.0,4.75,1.0,0.9444444444444444,0.28968253968253965,2.75,1.5583333333333333,0.5125
CDMS-13-6B-JDTAHE,3.0,4.714285714285714,2.7142857142857144,0.0,0.0,0.0,0.0,0.0,2.7142857142857144,1.0,0.5785714285714285,0.3238095238095238,1.5714285714285714,1.2142857142857142,0.0
CDMS-13-7C-MVEAR,3.0,8.5,6.833333333333333,0.0,0.0,0.0,0.0,0.0,5.166666666666667,1.0,0.7634920634920634,0.22722462722462722,1.8333333333333333,1.4373015873015873,0.3956349206349206
CDMS-13-7C-RAIZAC,3.0,6.4,3.8,0.0,0.0,0.0,0.0,0.0,2.4,1.0,0.6028571428571429,0.2361904761904762,1.0,1.0,0.4
CDMS-13-7C-SSOSLO,3.0,13.5,13.5,0.0,0.0,0.0,0.0,0.0,8.0,1.0,0.9918154761904763,0.1599587912087912,3.0,1.7786796536796539,0.5611111111111111
CDMS-14-10A-IMORTO,3.0,8.0,7.0,0.0,0.0,0.0,0.0,0.0,4.0,1.0,0.862962962962963,0.2740740740740741,1.6666666666666667,1.2777777777777777,0.6722222222222222
CDMS-14-10A-JCVANI,3.0,9.88888888888889,9.222222222222221,1.3333333333333333,0.0,0.0,0.0,0.0,6.555555555555555,1.0,1.0930911680911681,0.27904872904872907,3.3333333333333335,1.7579525412858747,0.40702260702260706
CDMS-14-6B-KDCAHE,3.0,5.25,2.75,0.75,0.0,0.0,0.0,0.0,2.25,1.0,0.6577380952380952,0.2642857142857143,1.25,1.0833333333333333,0.0
CDMS-15-10A-AMALOS,3.0,7.666666666666667,6.444444444444445,0.0,0.0,0.0,0.0,0.0,4.666666666666667,1.0,0.8134495134495134,0.33976763976763974,2.0,1.4317460317460318,0.5007936507936508
CDMS-15-10A-JJMACH,3.0,15.25,14.75,0.0,0.0,0.0,0.0,0.0,8.5,1.0,0.9730392156862745,0.14066399286987522,4.0,2.194017094017094,0.44905372405372407
CDMS-15-10A-MAALCA,3.0,11.8,8.0,0.6,0.0,0.6,0.0,0.0,3.8,1.0,0.7126340326340326,0.11834831834831835,2.6,1.5066666666666666,0.08888888888888888
CDMS-15-10A-MAALRI,3.0,8.4,7.5,2.3,0.0,1.2,0.0,0.0,5.4,1.0,1.11010989010989,0.24178266178266178,2.4,1.5709523809523809,0.24857142857142858
CDMS-15-10A-SGOMO,3.0,10.166666666666666,5.666666666666667,0.0,0.0,0.0,0.0,0.0,2.5,1.0,0.5495337995337995,0.12262552262552262,1.1666666666666667,1.0555555555555556,0.3333333333333333
CDMS-15-10A-SHEGA,3.0,16.333333333333332,12.666666666666666,1.6666666666666667,0.0,0.0,0.0,0.0,9.0,1.0,0.875462962962963,0.10153283535636477,3.6666666666666665,1.980952380952381,0.16031746031746033
CDMS-15-11B-JEMOLO,3.0,10.0,8.5,3.0,0.0,0.0,0.0,0.0,6.5,1.0,1.1363636363636362,0.18813131313131315,2.0,1.6071428571428572,0.34464285714285714
CDMS-15-11B-VSAHO,3.0,13.5,11.25,0.25,0.0,0.0,0.0,0.0,8.0,1.0,0.8372549019607843,0.13529358713182243,3.0,1.784848484848485,0.4599025974025974
CDMS-16-10A-SGALO,3.0,11.0,12.0,0.0,0.0,0.0,0.0,0.0,7.0,1.0,1.0909090909090908,0.21818181818181817,3.0,1.7619047619047619,0.5047619047619047
CDMS-16-11B-NGABE,3.0,16.5,18.5,2.5,0.0,0.0,0.0,0.0,10.5,1.0,1.2628676470588234,0.14240196078431372,2.5,1.7495421245421245,0.5526889776889776
CDMS-17-10A-ASSAMO,3.0,11.8,9.8,0.4,0.0,0.0,0.0,0.0,6.6,1.0,0.8502553002553002,0.1528860028860029,2.6,1.6984126984126984,0.33952380952380956
CDMS-18-7C-VVECA,3.0,13.166666666666666,13.5,1.3333333333333333,0.0,1.0,0.0,0.0,6.833333333333333,1.0,1.1527332144979203,0.1672897908192026,3.0,1.678042328042328,0.4413139329805997
CDMS-8-4A-DOSTR,3.0,10.333333333333334,9.0,1.0,0.0,0.0,0.0,0.0,6.0,1.0,0.8961640211640213,0.17928367928367928,3.6666666666666665,1.8444444444444443,0.2814814814814815
CDMS-8-4A-LGOPA,3.0,8.0,7.0,1.0,0.0,0.0,0.0,0.0,6.0,1.0,1.0,0.25,2.0,1.6,0.35000000000000003
CDMS-9-4A-CARGA,3.0,4.833333333333333,4.333333333333333,0.6666666666666666,0.0,0.3333333333333333,0.0,0.0,4.0,1.0,1.0138888888888888,0.5808080808080808,2.1666666666666665,1.4206349206349207,0.24444444444444446
CDMS-9-4A-CRAAG,3.0,7.0,9.5,2.0,0.0,0.0,0.0,0.0,7.0,1.0,1.6777777777777778,0.5166666666666666,3.0,1.6638888888888888,0.7092592592592593
CDMS-9-4A-EROHI,3.0,9.0,7.5,2.0,0.0,0.0,0.0,0.0,5.0,1.0,1.05,0.20714285714285713,2.0,1.4333333333333333,0.6416666666666667
CDMS-9-4A-ILOSE,3.0,9.666666666666666,8.666666666666666,1.0,0.0,0.6666666666666666,0.0,0.0,5.666666666666667,1.0,1.0401425734759069,0.21160999494332827,2.6666666666666665,1.6721340388007055,0.2397854203409759
CDMS-9-4A-TGAFR,3.0,6.6,3.8,0.0,0.0,0.0,0.0,0.0,3.0,1.0,0.5700000000000001,0.21142857142857144,1.6,1.2666666666666666,0.0
CDMS-9-4C-SCAMO,3.0,14.666666666666666,12.666666666666666,0.0,0.0,0.0,0.0,0.0,5.333333333333333,1.0,0.8957714398890869,0.145038975186034,2.5,1.465873015873016,0.5819444444444445
CDMS-9-5A-ABERO,3.0,7.25,7.5,2.5,0.0,0.75,0.0,0.0,4.75,1.0,1.4196428571428572,0.32083333333333336,2.0,1.3833333333333333,0.38611111111111107
CDMS-9-5A-PAGACO,3.0,15.0,17.0,5.5,0.0,1.0,0.0,0.0,11.0,1.0,1.5044642857142856,0.15325091575091576,3.0,1.9161616161616162,0.5933531746031746
CDMS-9-5A-VVAAR,3.0,8.0,7.0,0.0,0.0,0.0,0.0,0.0,4.333333333333333,1.0,0.9074074074074074,0.28518518518518515,2.0,1.3333333333333333,0.7314814814814815
CDMS-9-5C-JDMADE,3.0,7.7272727272727275,5.181818181818182,0.18181818181818182,0.0,0.0,0.0,0.0,3.090909090909091,1.0,0.7201462678735406,0.3685935276844368,1.5454545454545454,1.1666666666666665,0.45454545454545453
CDMS-9-5C-LVIZAC,3.0,6.777777777777778,5.666666666666667,0.4444444444444444,0.0,0.0,0.0,0.0,4.0,1.0,0.8781305114638448,0.30423280423280424,1.6666666666666667,1.2677248677248678,0.5986772486772486
CDMS-9-5C-MLOGO,3.0,7.25,6.5,0.25,0.0,0.0,0.0,0.0,5.25,1.0,0.9193948412698413,0.2998015873015873,2.625,1.5833333333333333,0.34486607142857145
CDMS-XX-10A-VGILO,3.0,8.857142857142858,7.428571428571429,0.8571428571428571,0.0,0.42857142857142855,0.0,0.0,5.285714285714286,1.0,0.9402958152958153,0.20752422180993607,2.857142857142857,1.6666666666666665,0.3541666666666667
CDMS-XX-5C-MJSARU,3.0,14.5,13.0,0.25,0.0,0.0,0.0,0.0,7.5,1.0,0.9093073593073593,0.13611486552663024,3.5,1.886111111111111,0.45321428571428574
CDMS-XX-5C-MPCAQU,3.0,8.5,7.4,1.3,0.0,0.0,0.0,0.0,5.4,1.0,1.1216596638655463,0.31668067226890756,1.9,1.4842857142857144,0.44142857142857145
CDMS-XX-6B-SPUCA,3.0,9.777777777777779,10.222222222222221,1.2222222222222223,0.0,0.0,0.0,0.0,6.0,1.0,1.1171889838556506,0.23941552274885605,2.5555555555555554,1.510918710918711,0.5340388007054674
CSO-10-4A-KCOMO,3.0,7.0,5.333333333333333,0.6666666666666666,0.0,0.0,0.0,0.0,3.6666666666666665,1.0,0.9,0.2962962962962963,1.6666666666666667,1.222222222222222,0.7222222222222223
CSO-10-4A-LRAVI,3.0,9.5,6.5,0.0,0.0,0.0,0.0,0.0,4.0,1.0,0.6794871794871795,0.191025641025641,2.0,1.4166666666666665,0.2916666666666667
CSO-10-4A-LSCAVA,3.0,4.625,3.4375,0.5625,0.0,0.1875,0.0,0.0,3.1875,1.0,0.934672619047619,0.5037202380952381,1.625,1.24375,0.20416666666666666
CSO-10-5A-ACAVA,3.0,6.75,5.25,0.0,0.0,0.0,0.0,0.0,4.75,1.0,0.775,0.3340909090909091,2.5,1.575,0.125
CSO-10-5A-ARACA,3.0,6.0,4.2,1.0,0.0,0.0,0.0,0.0,3.8,1.0,0.8707142857142858,0.36603174603174604,1.9,1.3599999999999999,0.25833333333333336
CSO-10-5A-DABRZA,3.0,12.666666666666666,13.0,2.0,0.0,0.0,0.0,0.0,9.333333333333334,1.0,1.1767195767195766,0.1863858363858364,4.333333333333333,2.199374699374699,0.3884038800705467
CSO-10-5A-GZAMA,3.0,15.0,12.0,2.0,0.0,0.0,0.0,0.0,8.0,1.0,0.9333333333333333,0.11428571428571428,4.0,2.1785714285714284,0.2625
CSO-10-5A-IPECA,3.0,13.5,10.5,2.5,0.0,0.0,0.0,0.0,9.5,1.0,0.9583333333333333,0.1253246753246753,4.0,2.2889610389610393,0.0
CSO-10-5A-JANORO,3.0,10.333333333333334,7.222222222222222,0.4444444444444444,0.0,0.0,0.0,0.0,3.6666666666666665,1.0,0.7347513597513597,0.15380175380175382,1.8888888888888888,1.2518518518518518,0.4660493827160494
CSO-10-5A-JBUVE,3.0,7.666666666666667,6.0,1.0,0.0,0.0,0.0,0.0,4.0,1.0,0.8851190476190475,0.225,1.8333333333333333,1.3555555555555554,0.3768518518518518
CSO-10-5A-JJSEMO,3.0,8.0,7.5,0.0,0.0,0.0,0.0,0.0,7.0,1.0,0.9444444444444444,0.2777777777777778,4.0,2.142857142857143,0.3095238095238095
CSO-10-5A-JLCARI,3.0,10.5,11.25,2.25,0.0,0.0,0.0,0.0,8.0,1.0,1.276190476190476,0.2511904761904762,3.25,1.8373778998778998,0.32725885225885226
CSO-10-5A-MAARAN,3.0,7.5,5.0,0.0,0.0,0.0,0.0,0.0,4.5,1.0,0.6666666666666666,0.21666666666666667,3.0,1.7333333333333334,0.0
CSO-10-5A-MAOSMO,3.0,11.4,8.2,0.0,0.0,0.0,0.0,0.0,4.6,1.0,0.7328446553446553,0.15875513375513375,2.4,1.5266666666666668,0.25
CSO-10-5A-RVMOIB,3.0,12.714285714285714,11.571428571428571,2.5714285714285716,0.0,1.2857142857142858,0.0,0.0,7.142857142857143,1.0,1.1087434973989596,0.14381780684301693,3.142857142857143,1.85,0.2007343846629561
CSO-10-5A-SVHEES,3.0,11.8,11.8,2.4,0.0,1.2,0.0,0.0,9.4,1.0,1.1910714285714286,0.21261904761904762,3.6,2.082092352092352,0.16238095238095238
CSO-11-5A-MDVOSPE,3.0,7.833333333333333,7.166666666666667,1.3333333333333333,0.0,0.0,0.0,0.0,4.833333333333333,1.0,1.0166666666666666,0.2794973544973545,1.8333333333333333,1.3555555555555554,0.5175925925925926
CSO-11-5A-MTAGA,3.0,8.25,8.75,2.0,0.0,0.0,0.0,0.0,7.25,1.0,1.2916666666666667,0.2906746031746032,2.0,1.623015873015873,0.5535714285714286
CSO-11-6A-CAPAMU,3.0,5.166666666666667,3.1666666666666665,0.16666666666666666,0.0,0.0,0.0,0.0,2.6666666666666665,1.0,0.6664351851851852,0.380026455026455,1.3333333333333333,1.125,0.25
CSO-11-6A-DSCACH,3.0,10.0,8.125,0.875,0.0,0.0,0.0,0.0,5.625,1.0,0.8901487401487401,0.2747863247863248,2.125,1.5555555555555556,0.21607142857142858
CSO-11-6A-EROMO,3.0,10.125,7.125,0.375,0.0,0.0,0.0,0.0,4.0,1.0,0.729004329004329,0.1525974025974026,2.25,1.469047619047619,0.2682291666666667
CSO-11-6A-FSOVRE,3.0,8.555555555555555,8.333333333333334,0.3333333333333333,0.0,0.0,0.0,0.0,5.222222222222222,1.0,1.0090828924162258,0.27125220458553795,2.0,1.3950617283950617,0.7209288653733098
CSO-11-6B-ANREVA,3.0,17.0,16.5,6.0,0.0,0.0,0.0,0.0,12.0,1.0,1.323529411764706,0.1213235294117647,5.0,2.3923076923076922,0.3165001665001665
CSO-11-6B-LHFDLACH,3.0,8.428571428571429,4.714285714285714,0.0,0.0,0.0,0.0,0.0,2.857142857142857,1.0,0.5543960008245723,0.16044114615543187,1.7142857142857142,1.2619047619047616,0.0
CSO-11-6B-RJGIHE,3.0,10.0,8.333333333333334,0.0,0.0,0.0,0.0,0.0,5.666666666666667,1.0,0.8425925925925926,0.19360269360269358,2.0,1.5333333333333332,0.5222222222222223
CSO-11-6B-SFLVA,3.0,10.0,7.0,4.0,0.0,0.0,0.0,0.0,6.0,1.0,1.1,0.15555555555555556,4.0,2.066666666666667,0.0
CSO-11-6B-VCOMA,3.0,17.0,16.25,4.0,0.0,0.0,0.0,0.0,10.0,1.0,1.166216824111561,0.12039572914185917,2.25,1.7775252525252525,0.38997946497946495
CSO-12-6A-DGISE,3.0,6.0,3.0,0.0,0.0,0.0,0.0,0.0,2.0,1.0,0.5,0.2,1.0,1.0,0.0
CSO-12-6A-FJOVRE,3.0,9.666666666666666,5.666666666666667,0.0,0.0,0.0,0.0,0.0,3.3333333333333335,1.0,0.5730935730935731,0.1442890442890443,1.6666666666666667,1.3222222222222222,0.0
CSO-12-6B-GQULO,3.0,8.555555555555555,8.222222222222221,0.5555555555555556,0.0,0.0,0.0,0.0,5.0,1.0,1.0496873496873498,0.2995140661807329,2.111111111111111,1.3539682539682538,0.7286155202821869
CSO-12-6B-LJHEFE,3.0,15.4,11.4,1.6,0.0,0.0,0.0,0.0,7.2,1.0,0.8445658263305322,0.10425878043525103,3.6,1.985873015873016,0.0
CSO-12-7A-DALRE,3.0,7.0,9.0,5.0,0.0,0.0,0.0,0.0,7.0,1.0,2.0,0.42857142857142855,3.0,1.7142857142857142,0.6142857142857142
CSO-12-7A-ESALA,3.0,5.75,4.25,0.25,0.0,0.0,0.0,0.0,3.125,1.0,0.7654761904761904,0.4228174603174603,1.375,1.1416666666666666,0.5729166666666666
CSO-12-7A-IMERO,3.0,13.333333333333334,13.0,5.0,0.0,0.6666666666666666,0.0,0.0,6.333333333333333,1.0,1.3499999999999999,0.15128205128205127,2.3333333333333335,1.603174603174603,0.5027777777777778
CSO-12-7A-JHEZA,3.0,9.384615384615385,9.692307692307692,0.6923076923076923,0.0,0.0,0.0,0.0,5.538461538461538,1.0,1.0975885225885227,0.25093538939692783,2.5384615384615383,1.5171162171162171,0.6121420246420246
CSO-12-7A-LSARAR,3.0,5.6,4.8,0.6,0.0,0.0,0.0,0.0,4.4,1.0,0.9057142857142857,0.35333333333333333,2.0,1.4066666666666667,0.24666666666666667
CSO-12-7A-SCAHO,3.0,11.9,11.5,0.6,0.0,0.0,0.0,0.0,7.4,1.0,1.0472922502334268,0.22130072541837248,2.7,1.7325396825396826,0.5183068783068783
CSO-12-7B-DVAGRO,3.0,11.333333333333334,8.833333333333334,1.0,0.0,0.0,0.0,0.0,4.333333333333333,1.0,0.8436285936285935,0.1477022977022977,2.1666666666666665,1.488888888888889,0.19259259259259257
CSO-12-7B-SMUGU,3.0,9.333333333333334,9.0,4.0,0.0,0.0,0.0,0.0,5.333333333333333,1.0,1.3861471861471861,0.2373256373256373,2.0,1.5666666666666667,0.2611111111111111
CSO-12-7B-SSARA,3.0,13.11111111111111,10.444444444444445,0.0,0.0,0.0,0.0,0.0,5.666666666666667,1.0,0.7958683473389355,0.14299832339048024,2.7777777777777777,1.6137566137566137,0.4886904761904762
CSO-12-7B-VHOMA,3.0,8.166666666666666,5.166666666666667,0.0,0.0,0.0,0.0,0.0,2.8333333333333335,1.0,0.6045454545454545,0.18879268879268882,1.5,1.1666666666666667,0.19444444444444445
CSO-12-8A-YTOME,3.0,11.0,7.5,0.0,0.0,0.0,0.0,0.0,6.0,1.0,0.6833333333333333,0.1383838383838384,3.0,1.8666666666666667,0.0
CSO-13-6A-ANASA,3.0,9.25,7.125,0.75,0.0,0.0,0.0,0.0,4.625,1.0,0.8114583333333334,0.19208152958152958,2.875,1.6311507936507936,0.20892857142857144
CSO-13-6B-JETAVE,3.0,4.6,3.6,0.2,0.0,0.0,0.0,0.0,3.0,1.0,0.7916666666666666,0.5222222222222223,1.5333333333333334,1.1555555555555554,0.29111111111111115
CSO-13-6B-LFMIES,3.0,5.666666666666667,5.666666666666667,0.0,0.0,0.0,0.0,0.0,5.666666666666667,1.0,1.0,0.43333333333333335,3.0,1.7666666666666666,0.3962962962962963
CSO-13-6B-LJMAHU,3.0,3.25,2.25,0.25,0.0,0.0,0.0,0.0,2.75,1.0,0.7291666666666666,0.6666666666666666,1.5,1.1666666666666665,0.14583333333333334
CSO-13-7A-CAPAMU,3.0,6.75,7.25,1.5,0.0,0.625,0.0,0.0,5.25,1.0,1.3058035714285714,0.350297619047619,2.25,1.5220238095238094,0.6131944444444445
CSO-13-7A-CDDITR,3.0,14.0,15.0,1.0,0.0,0.0,0.0,0.0,10.0,1.0,1.1428571428571428,0.16483516483516483,3.0,1.9777777777777779,0.61
CSO-13-7A-RXCHLU,3.0,7.8,8.4,0.8,0.0,0.0,0.0,0.0,7.0,1.0,1.1745454545454546,0.33616161616161616,2.4,1.5626262626262626,0.5212265512265513
CSO-13-7A-YAMEZA,3.0,11.0,9.0,1.1111111111111112,0.0,0.2222222222222222,0.0,0.0,6.111111111111111,1.0,0.8697737447737448,0.15910447577114245,2.4444444444444446,1.5183403016736348,0.24286834564612342
CSO-13-8A-MBUAN,3.0,8.0,5.0,1.0,0.0,1.0,0.0,0.0,2.0,1.0,0.75,0.14285714285714285,1.0,1.0,0.0
CSO-13-8A-MGAAN,3.0,7.533333333333333,6.4,0.6,0.0,0.0,0.0,0.0,4.666666666666667,1.0,0.8803703703703704,0.32006253006253005,2.4,1.5006349206349205,0.358994708994709
CSO-13-8A-MGAHE,3.0,10.125,9.5,1.25,0.0,0.5,0.0,0.0,5.75,1.0,1.0507575757575758,0.2176948051948052,2.125,1.5208333333333333,0.4976686507936508
CSO-13-8A-MJAGA,3.0,11.25,9.5,1.25,0.0,0.5,0.0,0.0,6.75,1.0,0.9861111111111112,0.16964285714285715,2.5,1.675,0.3163690476190476
CSO-13-8A-VHODU,3.0,7.857142857142857,7.714285714285714,1.8571428571428572,0.0,0.42857142857142855,0.0,0.0,6.428571428571429,1.0,1.1503052503052502,0.4195970695970696,2.142857142857143,1.5629767058338488,0.2798958977530406
CSO-13-8B-FCJISA,3.0,8.0,7.714285714285714,0.5714285714285714,0.0,0.42857142857142855,0.0,0.0,5.285714285714286,1.0,0.9992784992784992,0.25735930735930734,1.8571428571428572,1.4080498866213151,0.5952380952380952
CSO-13-8B-JEMABE,3.0,12.0,10.0,1.0,0.0,0.0,0.0,0.0,7.0,1.0,0.9166666666666666,0.15151515151515152,3.0,1.8571428571428572,0.3
CSO-13-9B-DMLLLU,3.0,7.0,8.0,1.0,0.0,1.0,0.0,0.0,7.0,1.0,1.2857142857142858,0.3333333333333333,3.0,1.8571428571428572,0.3
CSO-14-7B-EVEGO,3.0,8.272727272727273,7.181818181818182,0.7272727272727273,0.0,0.0,0.0,0.0,4.909090909090909,1.0,0.9886363636363636,0.2722091040272858,2.5454545454545454,1.5,0.5222222222222223
CSO-14-8A-AQUMA,3.0,5.4,5.0,1.1,0.0,0.0,0.0,0.0,3.8,1.0,1.1214285714285714,0.45999999999999996,1.8,1.2566666666666666,0.5794444444444444
CSO-14-8A-SZARA,3.0,8.0,8.5,1.0,0.0,0.5,0.0,0.0,5.666666666666667,1.0,1.058838383838384,0.29696969696969694,2.6666666666666665,1.5357142857142858,0.5369598765432099
CSO-14-9A-AEDCAGO,3.0,5.818181818181818,3.727272727272727,0.0,0.0,0.0,0.0,0.0,3.090909090909091,1.0,0.6269119769119769,0.30656565656565654,1.7272727272727273,1.2575757575757576,0.18333333333333332
CSO-14-9A-HASACA,3.0,8.5,7.0,1.0,0.0,0.0,0.0,0.0,4.75,1.0,0.9120879120879121,0.24633699633699632,2.0,1.4166666666666667,0.5333333333333333
CSO-14-9A-JSMAAL,3.0,6.333333333333333,6.666666666666667,0.0,0.0,0.0,0.0,0.0,5.0,1.0,0.9444444444444443,0.5777777777777778,2.6666666666666665,1.5174603174603174,0.3703703703703704
CSO-14-9A-MARJA,3.0,7.5,5.625,0.0,0.0,0.0,0.0,0.0,3.75,1.0,0.7522321428571428,0.23660714285714285,2.125,1.4291666666666667,0.19791666666666669
CSO-14-9A-SORZU,3.0,8.75,8.5,3.5,0.0,0.0,0.0,0.0,6.25,1.0,1.3784722222222223,0.251984126984127,2.25,1.5904761904761906,0.6880952380952381
CSO-14-9B-ERAGA,3.0,8.5,9.0,3.5,0.0,0.0,0.0,0.0,6.5,1.0,1.3916666666666666,0.3060606060606061,2.0,1.4222222222222223,0.7404761904761905
CSO-14-9B-MFEGA,3.0,7.0,6.111111111111111,0.5555555555555556,0.0,0.3333333333333333,0.0,0.0,4.444444444444445,1.0,0.9430295013628347,0.3024931858265192,1.8888888888888888,1.3925925925925926,0.46419753086419757
CSO-15-10A-LJRAGU,3.0,17.0,15.333333333333334,1.0,0.0,1.0,0.0,0.0,6.333333333333333,1.0,0.9606481481481483,0.10555555555555556,3.3333333333333335,1.847619047619048,0.3703703703703704
CSO-15-10A-MAARLO,3.0,15.666666666666666,12.666666666666666,0.6666666666666666,0.0,0.0,0.0,0.0,4.666666666666667,1.0,0.8468567251461989,0.1150274676590466,2.0,1.3777777777777775,0.5944444444444444
CSO-15-10A-SFEGA,3.0,8.666666666666666,5.333333333333333,0.0,0.0,0.0,0.0,0.0,2.6666666666666665,1.0,0.6168831168831169,0.16940836940836937,1.0,1.0,0.6666666666666666
CSO-15-10B-MEBUAR,3.0,10.25,9.0,1.25,0.0,0.0,0.0,0.0,7.25,1.0,0.9553571428571428,0.1996031746031746,3.0,1.8216991341991342,0.21532738095238094
CSO-15-10B-YVBUAN,3.0,8.0,7.0,0.0,0.0,0.0,0.0,0.0,6.0,1.0,0.875,0.25,3.0,1.8,0.3611111111111111
CSO-15-10C-SSCAMO,3.0,9.7,8.9,1.5,0.0,0.4,0.0,0.0,6.1,1.0,1.0898484848484848,0.20944444444444446,3.0,1.7079365079365079,0.33886243386243386
CSO-15-11C-JETALO,3.0,7.666666666666667,7.111111111111111,1.2222222222222223,0.0,0.3333333333333333,0.0,0.0,5.888888888888889,1.0,1.1068742985409652,0.2755010421677089,2.4444444444444446,1.628395061728395,0.261875367430923
CSO-15-7B-JCRAGA,3.0,7.0,5.0,0.0,0.0,0.0,0.0,0.0,3.6666666666666665,1.0,0.7023809523809524,0.2333333333333333,1.6666666666666667,1.2777777777777777,0.33888888888888885
CSO-15-8A-VBMABR,3.0,6.75,7.75,0.75,0.0,0.0,0.0,0.0,6.25,1.0,1.2619047619047619,0.4023809523809524,3.0,1.7214285714285715,0.5880952380952381
CSO-15-8B-KEPOGO,3.0,13.166666666666666,13.333333333333334,1.5,0.0,0.0,0.0,0.0,9.0,1.0,1.1363562091503268,0.19654450296865159,4.0,2.1294973544973543,0.34833333333333333
CSO-15-9B-ALRIHE,3.0,10.714285714285714,8.857142857142858,0.8571428571428571,0.0,0.0,0.0,0.0,5.571428571428571,1.0,0.9260858189429618,0.2018457732743447,3.142857142857143,1.7591836734693878,0.3817460317460317
CSO-15-9B-AMSAGO,3.0,12.0,11.0,2.5,0.0,0.0,0.0,0.0,9.0,1.0,1.1293706293706294,0.17051282051282052,3.5,2.013888888888889,0.27010582010582007
CSO-15-9B-JCAPA,3.0,7.666666666666667,7.833333333333333,2.1666666666666665,0.0,1.0,0.0,0.0,6.0,1.0,1.2916666666666667,0.2767195767195767,2.1666666666666665,1.5726190476190478,0.3189814814814815
CSO-15-9B-KSBEJA,3.0,8.6,8.6,2.6,0.0,1.2,0.0,0.0,6.4,1.0,1.288888888888889,0.2373015873015873,2.0,1.573809523809524,0.4226455026455026
CSO-15-9B-RMCHLU,3.0,9.4,9.4,1.2,0.0,0.6,0.0,0.0,6.0,1.0,1.12,0.23555555555555557,2.8,1.6738095238095236,0.37583333333333335
CSO-15-9B-SJAGRO,3.0,10.222222222222221,7.888888888888889,0.8888888888888888,0.0,0.0,0.0,0.0,4.111111111111111,1.0,0.8563627730294397,0.1824989824989825,2.3333333333333335,1.3925925925925926,0.5246913580246912
CSO-16-10A-MSACO,3.0,10.0,7.0,1.0,0.0,0.0,0.0,0.0,4.0,1.0,0.8,0.15555555555555556,2.0,1.3333333333333333,0.5833333333333334
CSO-16-10B-JESUGU,3.0,5.4,3.8,0.6,0.0,0.6,0.0,0.0,3.0,1.0,0.85,0.29333333333333333,1.6,1.2666666666666666,0.0
CSO-16-10B-LTVIFA,3.0,9.2,8.0,0.0,0.0,0.0,0.0,0.0,5.0,1.0,0.8755555555555554,0.21714285714285714,2.0,1.4266666666666665,0.6866666666666668
CSO-16-10B-VVILI,3.0,8.6,6.6,0.0,0.0,0.0,0.0,0.0,4.2,1.0,0.7666666666666667,0.20238095238095238,2.2,1.4533333333333334,0.24
CSO-16-10C-ACALGU,3.0,9.8,6.6,2.8,0.0,0.4,0.0,0.0,4.4,1.0,0.9772727272727273,0.14779220779220778,2.0,1.54,0.0
CSO-16-10C-MAVAVE,3.0,4.545454545454546,3.1818181818181817,0.18181818181818182,0.0,0.0,0.0,0.0,2.909090909090909,1.0,0.7025974025974026,0.5443001443001443,1.6363636363636365,1.212121212121212,0.196969696969697
CSO-16-11A-JAVABO,3.0,15.0,15.0,0.0,0.0,0.0,0.0,0.0,11.0,1.0,1.0,0.14285714285714285,3.0,1.981818181818182,0.49134199134199136
CSO-16-11A-JDMUVA,3.0,7.25,6.5,0.375,0.0,0.375,0.0,0.0,5.25,1.0,0.8886363636363637,0.27610028860028857,2.375,1.5425595238095238,0.3537037037037037
CSO-16-11A-VZAOR,3.0,9.75,8.75,4.0,0.0,0.0,0.0,0.0,6.0,1.0,1.3952991452991452,0.22725885225885228,2.5,1.7029761904761904,0.3029761904761905
CSO-16-11B-KRORE,3.0,6.888888888888889,4.333333333333333,0.1111111111111111,0.0,0.0,0.0,0.0,3.111111111111111,1.0,0.62996632996633,0.29853294853294854,1.5555555555555556,1.2222222222222223,0.24074074074074078
CSO-16-11B-LLOZA,3.0,10.0,6.571428571428571,0.0,0.0,0.0,0.0,0.0,3.857142857142857,1.0,0.6596578025149453,0.1586453229310372,2.2857142857142856,1.4857142857142858,0.14285714285714285
CSO-16-11B-YAROMO,3.0,7.888888888888889,7.111111111111111,0.4444444444444444,0.0,0.16666666666666666,0.0,0.0,4.777777777777778,1.0,0.9405844155844156,0.2557840307840308,2.0555555555555554,1.4273809523809524,0.42014256319811877
CSO-16-9A-JALEMO,3.0,9.166666666666666,6.666666666666667,0.0,0.0,0.0,0.0,0.0,3.6666666666666665,1.0,0.7208994708994708,0.18662818662818662,1.8333333333333333,1.2666666666666666,0.5023148148148148
CSO-16-9A-JPROSO,3.0,9.5,6.916666666666667,0.6666666666666666,0.0,0.0,0.0,0.0,3.8333333333333335,1.0,0.8347104284604284,0.218500481000481,2.0,1.3055555555555556,0.5194444444444445
CSO-16-9A-JSMAGU,3.0,11.0,10.4,0.4,0.0,0.0,0.0,0.0,6.2,1.0,0.9508333333333333,0.20166666666666666,2.8,1.6044444444444443,0.5725925925925927
CSO-16-9B-SJPAJI,3.0,8.0,8.0,3.0,0.0,1.0,0.0,0.0,6.0,1.0,1.375,0.25,2.0,1.6,0.35000000000000003
CSO-17-10A-YVGOCA,3.0,13.666666666666666,13.0,0.6666666666666666,0.0,0.0,0.0,0.0,7.666666666666667,1.0,0.9754901960784315,0.1501782531194296,3.0,1.8225108225108224,0.42923280423280424
CSO-17-10B-EHECO,3.0,5.857142857142857,5.714285714285714,0.5714285714285714,0.0,0.14285714285714285,0.0,0.0,4.714285714285714,1.0,1.019387755102041,0.3625850340136054,1.8571428571428572,1.3931972789115648,0.45731292517006805
CSO-17-10B-YCQUVE,3.0,10.0,7.0,0.8,0.0,0.0,0.0,0.0,4.6,1.0,0.6866666666666668,0.15619047619047619,2.2,1.4746031746031747,0.10083333333333333
CSO-17-11A-DJAPA,3.0,8.5,7.5,0.0,0.0,0.0,0.0,0.0,6.5,1.0,0.8785714285714286,0.24285714285714285,3.0,1.7678571428571428,0.30624999999999997
CSO-17-11A-JDAMO,3.0,7.8,4.8,0.4,0.0,0.0,0.0,0.0,3.2,1.0,0.6619047619047619,0.18095238095238095,2.0,1.3666666666666667,0.0
CSO-17-11A-NPAHE,3.0,6.25,4.875,0.0,0.0,0.0,0.0,0.0,4.5,1.0,0.7639204545454545,0.3287067099567099,2.25,1.4648809523809523,0.25364583333333335
CSO-17-11A-RLPAIG,3.0,9.166666666666666,8.5,1.0,0.0,0.0,0.0,0.0,7.166666666666667,1.0,1.026190476190476,0.28095238095238095,3.0,1.822727272727273,0.30883838383838386
CSO-17-11B-CDBEBU,3.0,7.5,4.0,1.25,0.0,0.0,0.0,0.0,2.5,1.0,0.7395833333333334,0.18015873015873016,1.25,1.125,0.0
CSO-17-11C-JDAAG,3.0,6.75,5.375,0.25,0.0,0.0,0.0,0.0,5.25,1.0,0.7845643939393939,0.4198593073593074,2.5,1.6236111111111111,0.1438888888888889
CSO-17-11C-MAPAMA,3.0,7.333333333333333,5.75,0.75,0.0,0.0,0.0,0.0,4.083333333333333,1.0,0.8430555555555556,0.2441798941798942,2.0833333333333335,1.4023809523809525,0.29074074074074074
CSO-17-11C-MCAAG,3.0,8.25,7.5,1.1666666666666667,0.0,0.0,0.0,0.0,5.583333333333333,1.0,1.0535714285714286,0.2681758056758057,2.0833333333333335,1.5006613756613756,0.6358355379188713
CSO-17-11C-SARJA,3.0,8.571428571428571,9.571428571428571,0.8571428571428571,0.0,0.42857142857142855,0.0,0.0,7.428571428571429,1.0,1.134126984126984,0.2985260770975056,2.857142857142857,1.720800627943485,0.4262442583871155
CSO-18-11A-ADBAHO,3.0,13.75,12.5,0.0,0.0,0.0,0.0,0.0,8.25,1.0,0.8895833333333334,0.1494047619047619,3.5,1.8708333333333336,0.439484126984127
CSO-18-11B-YLLRE,3.0,10.090909090909092,9.272727272727273,0.2727272727272727,0.0,0.2727272727272727,0.0,0.0,6.363636363636363,1.0,0.8717106126197035,0.216514264107847,2.8181818181818183,1.6468319559228648,0.3066120387548959
CSO-18-9B-MAMOLO,3.0,9.285714285714286,9.5,2.357142857142857,0.0,0.0,0.0,0.0,7.428571428571429,1.0,1.277538136466708,0.25932757718472005,3.142857142857143,1.8438157081014224,0.39912226001511714
CSO-8-3A-DAPAVA,3.0,7.666666666666667,6.333333333333333,0.25,0.0,0.25,0.0,0.0,5.0,1.0,0.8624669312169312,0.25496031746031744,2.25,1.5206349206349206,0.2791666666666666
CSO-8-3A-KVPECO,3.0,10.0,9.0,0.0,0.0,0.0,0.0,0.0,5.0,1.0,0.9,0.2,3.0,1.6,0.3333333333333333
CSO-8-4A-ARAGR,3.0,9.4,8.0,1.8,0.0,0.0,0.0,0.0,5.6,1.0,1.0474747474747474,0.2158730158730159,2.4,1.5566666666666666,0.4442857142857143
CSO-9-2A-EXMOCO,3.0,6.846153846153846,6.230769230769231,0.46153846153846156,0.0,0.46153846153846156,0.0,0.0,4.923076923076923,1.0,0.9720215681754143,0.3564563641486718,2.230769230769231,1.4869130869130869,0.33573648573648573
CSO-9-4A-AGAPE,3.0,15.0,11.333333333333334,2.0,0.0,0.0,0.0,0.0,5.666666666666667,1.0,0.8913398692810457,0.110650623885918,2.6666666666666665,1.7015873015873015,0.19444444444444445
CSO-9-4A-DKVIMO,3.0,7.625,7.25,0.625,0.0,0.375,0.0,0.0,4.5,1.0,1.016517857142857,0.260515873015873,2.25,1.4136904761904763,0.32708333333333334
CSO-9-4A-DSMOMU,3.0,9.5,6.75,0.125,0.0,0.0,0.0,0.0,4.25,1.0,0.7203282828282829,0.16747835497835498,2.0,1.3898809523809523,0.2511904761904762
CSO-9-4A-DVGATO,3.0,13.5,11.25,2.0,0.0,0.0,0.0,0.0,7.0,1.0,0.9827410130718954,0.13993983957219253,2.75,1.7063492063492065,0.6057870370370371
CSO-9-4A-EGCAMO,3.0,8.2,8.4,1.8,0.0,0.8,0.0,0.0,6.0,1.0,1.1846320346320347,0.3155844155844156,2.0,1.5257142857142856,0.5372222222222223
CSO-9-4A-FAGIGA,3.0,15.5,12.0,0.5,0.0,0.0,0.0,0.0,6.0,1.0,0.8046218487394958,0.10823367808661927,3.0,1.6845238095238093,0.38125000000000003
CSO-9-4A-GSBRCO,3.0,7.0,8.333333333333334,0.3333333333333333,0.0,0.0,0.0,0.0,6.333333333333333,1.0,1.25,0.4079365079365079,2.3333333333333335,1.5507936507936506,0.7953703703703704
CSO-9-4A-LCOMO,3.0,6.5,9.0,5.5,0.0,0.0,0.0,0.0,6.5,1.0,2.2261904761904763,0.5047619047619047,3.5,1.680952380952381,0.5257936507936508
CSO-9-4A-MLORO,3.0,9.25,11.0,1.25,0.0,0.75,0.0,0.0,7.25,1.0,1.3194444444444444,0.26666666666666666,3.0,1.7301587301587302,0.5324404761904762
CSO-9-4A-MPAME,3.0,6.0,4.75,0.0,0.0,0.0,0.0,0.0,4.0,1.0,0.780952380952381,0.3130952380952381,2.0,1.375,0.4
CSO-9-4A-NSARPA,3.0,10.666666666666666,10.333333333333334,0.0,0.0,0.0,0.0,0.0,8.666666666666666,1.0,0.9833333333333334,0.2084175084175084,2.6666666666666665,1.8222222222222222,0.33888888888888885
CSO-9-4A-SLOCA,3.0,13.0,14.5,1.0,0.0,0.0,0.0,0.0,11.0,1.0,1.1785714285714286,0.18431568431568432,4.0,2.06010101010101,0.44126984126984126
