file,wc,nodes,edges,re,pe,l1,l2,l3,lcc,lsc,atd,density,diameter,asp,cc
CDMS-10-4A-JURAN-CorrEtiq.txt,30.0,22.5,29.0,1.293103448275862,1.3793103448275863,0.5,0.9482758620689655,0.7758620689655172,22.5,18.905172413793103,2.581724073028421,0.10895873833418218,8.810344827586206,3.9081878020319984,0.06656845819514486
CDMS-10-5A-HEPIHO-CorrEtiq.txt,30.0,22.2020202020202,28.92929292929293,1.2121212121212122,0.2828282828282828,0.0,0.2828282828282828,0.8181818181818182,22.1010101010101,18.78787878787879,2.6155981228139886,0.11764976759412978,7.3232323232323235,3.297777093310976,0.054466909073336206
CDMS-10-5A-KSRAGU-CorrEtiq.txt,30.0,22.011363636363637,29.0,1.5113636363636365,0.4659090909090909,0.9431818181818182,0.4659090909090909,1.1136363636363635,22.011363636363637,18.65909090909091,2.673644978828795,0.11628847602975406,8.431818181818182,3.6902020701605482,0.10294680091755129
CDMS-10-5A-SROPU-CorrEtiq.txt,30.0,23.42142857142857,29.0,1.6571428571428573,1.0785714285714285,0.39285714285714285,0.7928571428571428,0.30714285714285716,23.42142857142857,18.52857142857143,2.507991464524482,0.10161127291361124,9.514285714285714,4.200343149686344,0.05247672408629887
CDMS-10-5A-SZURO-CorrEtiq.txt,30.0,23.333333333333332,28.333333333333332,1.0,0.0,0.1111111111111111,0.0,0.0,23.333333333333332,15.88888888888889,2.42914653784219,0.10456009369052847,8.666666666666666,3.5849070414287802,0.02698604401502952
CDMS-10-5B-SRAJA-CorrEtiq.txt,30.0,21.938650306748468,29.0,1.9447852760736197,0.5950920245398773,0.3067484662576687,0.5950920245398773,2.8773006134969323,21.938650306748468,17.766871165644172,2.6793523835992623,0.11740885047689668,9.042944785276074,3.883149075885744,0.11697458855024781
CDMS-10-5C-DAAUSA-CorrEtiq.txt,30.0,22.83606557377049,29.0,1.540983606557377,0.8524590163934426,0.13114754098360656,0.45081967213114754,3.0327868852459017,22.83606557377049,18.18032786885246,2.5609770830470837,0.10951924733741229,8.639344262295081,3.8076411069722944,0.0813063397909592
CDMS-10-5C-ICAPA-CorrEtiq.txt,30.0,20.956521739130434,28.17391304347826,1.826086956521739,0.391304347826087,2.1739130434782608,0.391304347826087,0.21739130434782608,20.956521739130434,18.91304347826087,2.707462748065673,0.11492957683913223,8.043478260869565,3.6713768240508338,0.008388468809073724
CDMS-10-5C-JFALGI-CorrEtiq.txt,30.0,24.489795918367346,29.0,0.3877551020408163,0.0,0.0,0.0,0.5102040816326531,24.489795918367346,21.53061224489796,2.377625584511121,0.10060754290567954,8.591836734693878,3.799280701223913,0.03394775211830605
CDMS-10-5C-NBEMO-CorrEtiq.txt,30.0,23.915254237288135,28.305084745762713,0.15254237288135594,1.1694915254237288,0.864406779661017,1.11864406779661,0.288135593220339,22.694915254237287,16.559322033898304,2.3738395729110544,0.09590274323509401,9.576271186440678,3.9733483404832057,0.030421074282641753
CDMS-10-6B-ASCACO-CorrEtiq.txt,30.0,21.786516853932586,28.910112359550563,1.6292134831460674,2.797752808988764,1.0,1.3370786516853932,0.8202247191011236,21.764044943820224,17.337078651685392,2.6872556652444612,0.11329704010492629,8.865168539325843,3.826342265445605,0.06585264137441227
CDMS-10-6B-JJMOBE-CorrEtiq.txt,30.0,24.5,28.0,0.75,1.0,0.0,1.0,0.0,24.5,7.0,2.290490523968785,0.09167832167832168,11.5,4.9468974865714,0.016304347826086956
CDMS-11-5A-EAARCA-CorrEtiq.txt,30.0,23.919254658385093,29.0,1.0,0.9937888198757764,0.7204968944099379,0.8757763975155279,0.9565217391304348,23.919254658385093,17.70186335403727,2.444639305480871,0.09856551800523261,10.621118012422361,4.413287205030599,0.060637272195647095
CDMS-11-5A-MGTHAR-CorrEtiq.txt,30.0,24.253164556962027,28.911392405063292,0.16455696202531644,0.0,0.6582278481012658,0.0,0.6708860759493671,23.89873417721519,19.40506329113924,2.389712890301773,0.10026487729844911,8.582278481012658,3.796206296800973,0.0419205272216298
CDMS-11-6A-DFVEBE-CorrEtiq.txt,30.0,20.818181818181817,29.0,1.121212121212121,0.8484848484848485,0.7272727272727273,0.8484848484848485,3.272727272727273,20.818181818181817,18.333333333333332,2.7900067872399887,0.12798174019309863,8.424242424242424,3.6173850904660143,0.1794649012237945
CDMS-11-6A-NMREPR-CorrEtiq.txt,30.0,23.267441860465116,29.0,1.4534883720930232,0.13953488372093023,1.1627906976744187,0.13953488372093023,4.151162790697675,23.267441860465116,15.69767441860465,2.5033677300866377,0.10199451237527976,10.767441860465116,4.6082327688631235,0.06688229212647817
CDMS-11-6B-ARAHE-CorrEtiq.txt,30.0,21.607954545454547,29.0,2.653409090909091,0.8125,1.4318181818181819,0.5738636363636364,0.8977272727272727,21.607954545454547,17.630681818181817,2.7262235989920187,0.11515867568635284,8.698863636363637,3.833208872744144,0.04927892900388806
CDMS-11-6B-AVROTO-CorrEtiq.txt,30.0,23.121951219512194,29.0,0.8373983739837398,0.45528455284552843,0.4715447154471545,0.45528455284552843,1.5365853658536586,23.121951219512194,19.3739837398374,2.543077611505734,0.11082260374057955,8.94308943089431,3.866836438544582,0.07430618694747335
CDMS-11-6B-EAFESA-CorrEtiq.txt,30.0,23.905263157894737,29.0,0.9894736842105263,0.3157894736842105,1.1263157894736842,0.3157894736842105,0.0,23.905263157894737,17.021052631578947,2.4373865923888807,0.0982690245730111,11.336842105263157,4.684021306005408,0.0032835250180787935
CDMS-11-6B-EFRGR-CorrEtiq.txt,30.0,22.041884816753928,29.0,1.6073298429319371,0.4397905759162304,1.4293193717277486,0.4397905759162304,0.418848167539267,22.041884816753928,18.465968586387433,2.6505149899534506,0.11262396509663657,8.916230366492147,3.867941489724308,0.035387232889988476
CDMS-11-6B-EROCO-CorrEtiq.txt,30.0,23.491525423728813,29.0,0.8135593220338984,0.6949152542372882,1.88135593220339,0.6949152542372882,1.8305084745762712,23.491525423728813,18.847457627118644,2.492259022528192,0.10042420538832904,10.576271186440678,4.547969395951012,0.07712298310685399
CDMS-11-6B-JACUPE-CorrEtiq.txt,30.0,19.087209302325583,28.83139534883721,2.058139534883721,1.7732558139534884,2.2732558139534884,1.3604651162790697,1.436046511627907,19.08139534883721,15.813953488372093,3.053161510958618,0.1398026816350122,6.901162790697675,3.142302784982576,0.07812500862856424
CDMS-11-6B-JDCHBA-CorrEtiq.txt,30.0,22.72661870503597,28.81294964028777,1.1510791366906474,0.15827338129496402,1.0431654676258992,0.15827338129496402,3.093525179856115,22.697841726618705,16.697841726618705,2.5626615954614045,0.11001057027397511,9.582733812949641,4.053866320587812,0.12280649191025668
CDMS-11-6B-JFSAHE-CorrEtiq.txt,30.0,23.887323943661972,29.0,1.1971830985915493,0.5,0.19014084507042253,0.4507042253521127,0.5211267605633803,23.887323943661972,19.54225352112676,2.4506022467473785,0.10157583468232258,9.78169014084507,4.178945392569822,0.03207350807320189
CDMS-11-6B-JLPENA-CorrEtiq.txt,30.0,21.83606557377049,27.78688524590164,0.9180327868852459,0.45901639344262296,1.7540983606557377,0.45901639344262296,0.36065573770491804,19.9672131147541,13.557377049180328,2.600508788706635,0.11319335744777467,8.80327868852459,3.79263370305113,0.07373125396871781
CDMS-11-6B-JMARME-CorrEtiq.txt,30.0,23.482625482625483,28.888030888030887,0.888030888030888,0.9961389961389961,0.8108108108108109,0.9420849420849421,0.5868725868725869,23.45945945945946,17.127413127413128,2.4721772343511472,0.10060877687879977,10.16988416988417,4.325295893589454,0.04334612154487931
CDMS-11-6B-JPSAMA-CorrEtiq.txt,30.0,24.650793650793652,29.0,0.0,0.6031746031746031,0.4603174603174603,0.6031746031746031,0.8571428571428571,24.650793650793652,19.19047619047619,2.361690971656465,0.09666165442562957,10.46031746031746,4.418681303360393,0.06963175162047949
CDMS-11-6B-LESTA-CorrEtiq.txt,30.0,23.78494623655914,28.301075268817204,0.6989247311827957,0.6236559139784946,0.5161290322580645,0.6236559139784946,0.8387096774193549,23.440860215053764,13.408602150537634,2.384745815021645,0.09832530411773048,11.172043010752688,4.583165542148589,0.03764076239642786
CDMS-11-6B-MEBRTA-CorrEtiq.txt,30.0,22.682242990654206,29.0,1.8037383177570094,0.794392523364486,2.0934579439252334,0.794392523364486,0.40186915887850466,22.682242990654206,14.205607476635514,2.590356243800714,0.10507956472148329,11.205607476635514,4.603378019270713,0.04619685696392854
CDMS-11-6B-MMAMO-CorrEtiq.txt,30.0,22.610526315789475,29.0,1.263157894736842,0.9052631578947369,0.5894736842105263,0.5105263157894737,1.0842105263157895,22.610526315789475,18.694736842105264,2.5864252199265767,0.11111463148385309,8.836842105263157,3.8215489465703136,0.0503079411169446
CDMS-11-6B-RSECA-CorrEtiq.txt,30.0,25.83606557377049,29.0,0.45901639344262296,0.6065573770491803,0.3770491803278688,0.6065573770491803,0.6229508196721312,25.83606557377049,18.131147540983605,2.25598916038688,0.08677273071428453,12.508196721311476,5.147003444473643,0.02239018826355486
CDMS-11-6B-SCAPA-CorrEtiq.txt,30.0,25.0,29.0,0.7142857142857143,0.0,0.0,0.0,1.1607142857142858,25.0,18.678571428571427,2.3266236031336964,0.09489503078012394,10.535714285714286,4.46086742392643,0.07450049763924635
CDMS-11-6B-VZAPE-CorrEtiq.txt,30.0,22.756302521008404,29.0,0.08403361344537816,0.8403361344537815,1.949579831932773,0.8403361344537815,0.5798319327731093,22.756302521008404,19.319327731092436,2.567260697191278,0.10724752246587525,8.445378151260504,3.788048377953576,0.05043390215111077
CDMS-11-6B-YLNIME-CorrEtiq.txt,30.0,24.767857142857142,29.0,0.4642857142857143,0.0,0.0,0.0,0.8214285714285714,24.767857142857142,19.982142857142858,2.3548633127282197,0.09844239726227304,9.982142857142858,4.21690009179916,0.047883933699151095
CDMS-11-7C-ICARE-CorrEtiq.txt,30.0,21.318181818181817,29.0,1.7727272727272727,1.8636363636363635,0.0,1.2727272727272727,1.6590909090909092,21.318181818181817,19.522727272727273,2.7265187875365737,0.1217922073419265,6.9772727272727275,3.2296144151251287,0.09618828744816886
CDMS-11-7C-SALMA-CorrEtiq.txt,30.0,22.106666666666666,29.0,1.56,0.3333333333333333,0.14666666666666667,0.3333333333333333,0.24,22.106666666666666,19.586666666666666,2.6335568393975715,0.11677323171785416,7.773333333333333,3.4843038659450563,0.04913324347529425
CDMS-11-7C-SPGAVE-CorrEtiq.txt,30.0,23.20408163265306,28.20408163265306,0.42857142857142855,0.4489795918367347,0.7551020408163265,0.4489795918367347,1.2244897959183674,23.183673469387756,16.489795918367346,2.4469480046634113,0.10483411710843644,10.10204081632653,4.290350788239454,0.06901017090635547
CDMS-12-5A-SRIGO-CorrEtiq.txt,30.0,23.212290502793294,29.0,1.541899441340782,1.4134078212290502,0.16201117318435754,0.8268156424581006,1.2793296089385475,23.212290502793294,18.094972067039105,2.5112566187196412,0.10352887853124357,9.988826815642458,4.166823656329428,0.040556971365237476
CDMS-12-6A-FAROPA-CorrEtiq.txt,30.0,22.99375,29.0,0.64375,0.35,1.425,0.35,0.95,22.99375,18.71875,2.5376465340109506,0.10738487984442184,8.55,3.718408335582148,0.08158474560686323
CDMS-12-6A-JGIGA-CorrEtiq.txt,30.0,23.963963963963963,29.0,0.7837837837837838,0.2882882882882883,0.15315315315315314,0.2882882882882883,0.18018018018018017,23.963963963963963,17.684684684684683,2.443747325318645,0.1026023755861778,9.99099099099099,4.147453274608567,0.015329885003798048
CDMS-12-6A-SROAL-CorrEtiq.txt,30.0,21.791666666666668,29.0,1.9375,0.08333333333333333,0.4375,0.08333333333333333,1.5,21.791666666666668,18.416666666666668,2.6777363310157933,0.11881109551733121,8.0,3.483815019891965,0.0869976862514763
CDMS-12-6B-IJDAGA-CorrEtiq.txt,30.0,22.478048780487804,29.0,1.3804878048780487,1.5902439024390245,1.497560975609756,1.0682926829268293,1.5609756097560976,22.478048780487804,17.165853658536584,2.604026159423626,0.1064748338870451,9.546341463414635,4.097145333612334,0.04978660192434562
CDMS-12-6B-SCLAG-CorrEtiq.txt,30.0,18.03125,28.84375,3.5,1.90625,1.96875,1.40625,5.5,17.84375,16.09375,3.221546743697479,0.1492232419283503,5.75,2.731220975232198,0.0789918174415234
CDMS-12-7C-CATRAR-CorrEtiq.txt,30.0,23.710526315789473,29.0,0.21052631578947367,0.0,0.0,0.0,1.605263157894737,23.710526315789473,19.63157894736842,2.451536979420274,0.10758345011205424,8.5,3.604734209345193,0.1270636101122371
CDMS-12-7C-DLOLO-CorrEtiq.txt,30.0,22.8,29.0,1.1111111111111112,1.0888888888888888,0.0,1.0888888888888888,0.9333333333333333,22.8,17.644444444444446,2.571001395417871,0.11064355194484866,9.177777777777777,3.948731126883682,0.11351365148760811
CDMS-12-7C-JSZAOR-CorrEtiq.txt,30.0,21.216216216216218,28.60810810810811,1.7432432432432432,0.8783783783783784,2.3378378378378377,0.5405405405405406,1.6486486486486487,21.135135135135137,15.675675675675675,2.7123115546227674,0.11502874477164421,9.837837837837839,4.055067283650539,0.08025706570786661
CDMS-12-7C-MAROBE-CorrEtiq.txt,30.0,23.958333333333332,29.0,0.7604166666666666,0.0,0.6041666666666666,0.0,1.53125,23.958333333333332,20.020833333333332,2.4372766543373428,0.10190206499965271,9.1875,4.071078663015244,0.05320322619518594
CDMS-12-7C-VMAPA-CorrEtiq.txt,30.0,24.115384615384617,29.0,0.8846153846153846,0.0,0.0,0.0,0.0,24.115384615384617,21.51923076923077,2.4119086694922816,0.10151289779216201,8.057692307692308,3.6934029039212986,0.0
CDMS-12-7C-VQURA-CorrEtiq.txt,30.0,22.875,29.0,1.2211538461538463,0.5480769230769231,0.7403846153846154,0.5480769230769231,0.25,22.875,19.673076923076923,2.551322307840086,0.10757156723689903,8.759615384615385,3.831761125054999,0.015304017588056489
CDMS-13-6B-JDTAHE-CorrEtiq.txt,30.0,23.181818181818183,28.753246753246753,0.44155844155844154,1.4285714285714286,1.2337662337662338,1.077922077922078,0.6233766233766234,23.16883116883117,16.207792207792206,2.486387064845563,0.10190336484520561,9.948051948051948,4.236549505454079,0.03940928808941231
CDMS-13-7C-MVEAR-CorrEtiq.txt,30.0,22.452380952380953,29.0,0.9523809523809523,2.0238095238095237,1.0357142857142858,1.380952380952381,0.5476190476190477,22.452380952380953,17.511904761904763,2.594269431578193,0.1069914453773558,8.988095238095237,3.8160181210916746,0.03353472334256496
CDMS-13-7C-RAIZAC-CorrEtiq.txt,30.0,23.97590361445783,29.0,0.7349397590361446,0.4939759036144578,0.6987951807228916,0.3132530120481928,2.3132530120481927,23.97590361445783,17.03614457831325,2.441299471922835,0.10111346255318023,11.566265060240964,4.8047735138741725,0.09508447836237255
CDMS-13-7C-SSOSLO-CorrEtiq.txt,30.0,23.181818181818183,29.0,0.9696969696969697,1.292929292929293,0.45454545454545453,0.797979797979798,1.9090909090909092,23.181818181818183,16.2020202020202,2.5198977715053807,0.10641402575189224,11.515151515151516,4.646733423505913,0.10013431070090341
CDMS-14-10A-IMORTO-CorrEtiq.txt,30.0,23.857142857142858,29.0,0.6530612244897959,0.5714285714285714,0.0,0.5714285714285714,1.5918367346938775,23.857142857142858,19.571428571428573,2.4499960793749613,0.10389618583426083,8.448979591836734,3.722451740365157,0.0301577931101635
CDMS-14-10A-JCVANI-CorrEtiq.txt,30.0,22.48792270531401,29.0,1.2946859903381642,0.6811594202898551,0.5603864734299517,0.42028985507246375,1.7246376811594204,22.48792270531401,17.82608695652174,2.6227413628948124,0.11500148836665283,8.468599033816425,3.7720418613810778,0.09166790473412202
CDMS-14-6B-KDCAHE-CorrEtiq.txt,30.0,22.65,27.75,0.0,1.65,0.75,1.65,1.55,19.75,10.7,2.4542443064182193,0.10362601166948993,7.25,3.409877379111967,0.13727894839141305
CDMS-15-10A-AMALOS-CorrEtiq.txt,30.0,23.897959183673468,29.0,0.8571428571428571,0.9455782312925171,0.7755102040816326,0.7346938775510204,0.6462585034013606,23.897959183673468,17.20408163265306,2.4349152857286542,0.09890835729936587,10.843537414965986,4.547932518695607,0.0514707296384315
CDMS-15-10A-JJMACH-CorrEtiq.txt,30.0,24.488505747126435,29.0,1.293103448275862,0.16091954022988506,0.47126436781609193,0.16091954022988506,1.0977011494252873,24.488505747126435,20.75862068965517,2.3777346566477,0.09480287262198937,10.344827586206897,4.505442723223044,0.029069778064988793
CDMS-15-10A-MAALCA-CorrEtiq.txt,30.0,23.622448979591837,29.0,0.35714285714285715,1.8979591836734695,0.3163265306122449,1.6224489795918366,0.6122448979591837,23.622448979591837,19.693877551020407,2.468673319680418,0.10154052302957174,8.857142857142858,3.867571086202292,0.052326948157123084
CDMS-15-10A-MAALRI-CorrEtiq.txt,30.0,23.472602739726028,28.904109589041095,1.095890410958904,0.5684931506849316,1.3904109589041096,0.5684931506849316,0.9452054794520548,23.472602739726028,16.273972602739725,2.498088607836412,0.10195178797244102,11.184931506849315,4.670104931453938,0.05235891490291131
CDMS-15-10A-SGOMO-CorrEtiq.txt,30.0,23.18045112781955,29.0,0.7744360902255639,1.5639097744360901,0.43609022556390975,0.9774436090225563,0.5263157894736842,23.18045112781955,19.015037593984964,2.5157289108286167,0.10558294825134694,8.62406015037594,3.779955776581265,0.03703663030186637
CDMS-15-10A-SHEGA-CorrEtiq.txt,30.0,21.396341463414632,28.823170731707318,2.152439024390244,1.8353658536585367,1.1097560975609757,1.024390243902439,1.3231707317073171,21.396341463414632,16.884146341463413,2.705557400885162,0.11599439125683507,8.829268292682928,3.826046623743356,0.06637019760748022
CDMS-15-11B-JEMOLO-CorrEtiq.txt,30.0,21.753246753246753,28.623376623376622,2.3766233766233764,0.7012987012987013,1.4805194805194806,0.36363636363636365,1.5064935064935066,21.714285714285715,13.96103896103896,2.6384815652909803,0.10997345913420686,10.025974025974026,4.128946011573429,0.03880323359431208
CDMS-15-11B-VSAHO-CorrEtiq.txt,30.0,23.95967741935484,29.0,0.7096774193548387,0.717741935483871,1.0161290322580645,0.717741935483871,0.28225806451612906,23.95967741935484,16.508064516129032,2.4347456468549695,0.09868165075166625,11.346774193548388,4.704875468259613,0.037534957162945
CDMS-16-10A-SGALO-CorrEtiq.txt,30.0,24.79310344827586,29.0,0.3448275862068966,0.0,0.0,0.0,0.5172413793103449,24.79310344827586,21.689655172413794,2.348742143524752,0.09824867674942636,9.586206896551724,4.125844612381344,0.0451270616455881
CDMS-16-11B-NGABE-CorrEtiq.txt,30.0,23.87878787878788,29.0,0.6439393939393939,0.6363636363636364,0.5454545454545454,0.6363636363636364,1.6136363636363635,23.87878787878788,19.060606060606062,2.4420115210266724,0.10155813188421883,9.515151515151516,4.084181100824711,0.08033337160779283
CDMS-17-10A-ASSAMO-CorrEtiq.txt,30.0,24.428571428571427,29.0,0.924812030075188,0.5413533834586466,0.0,0.3383458646616541,0.3007518796992481,24.428571428571427,19.203007518796994,2.3840511030867355,0.09766233947665788,10.533834586466165,4.472649435728874,0.025996033531121253
CDMS-18-7C-VVECA-CorrEtiq.txt,30.0,22.94701986754967,29.0,1.9403973509933774,0.18543046357615894,0.3841059602649007,0.18543046357615894,3.390728476821192,22.94701986754967,17.28476821192053,2.5871693433971297,0.11169663914103327,10.298013245033113,4.351044216787781,0.03906106429006311
CDMS-8-4A-DJAVDA-CorrEtiq.txt,30.0,19.96,29.0,2.36,0.0,2.0,0.0,0.0,19.96,17.36,2.9136994000151897,0.13151023726875122,6.68,3.0446551852000767,0.031784902733023035
CDMS-8-4A-DOSTR-CorrEtiq.txt,30.0,20.649484536082475,29.0,2.216494845360825,0.6494845360824743,1.8041237113402062,0.6494845360824743,1.4742268041237114,20.649484536082475,15.391752577319588,2.836557535743944,0.12400331671883115,8.154639175257731,3.5692793433470262,0.0673344624681481
CDMS-8-4A-LGOPA-CorrEtiq.txt,30.0,19.658536585365855,27.951219512195124,1.975609756097561,0.8780487804878049,0.14634146341463414,0.8780487804878049,0.4634146341463415,19.634146341463413,15.560975609756097,2.8713864669300517,0.13909787985444033,7.439024390243903,3.2928537816935792,0.03757171780946852
CDMS-8-4C-JDBUTU-CorrEtiq.txt,30.0,16.61111111111111,27.0,3.611111111111111,2.2222222222222223,5.0,1.4444444444444444,2.5,14.61111111111111,6.888888888888889,3.31761247008925,0.1504447550500182,6.944444444444445,3.1624324658638385,0.2862127590395564
CDMS-9-4A-CARGA-CorrEtiq.txt,30.0,21.54368932038835,29.0,1.6019417475728155,0.6601941747572816,0.3106796116504854,0.6601941747572816,0.9805825242718447,21.54368932038835,18.398058252427184,2.7058375566971113,0.12089525720835453,7.679611650485437,3.3771939689827604,0.09669581933793493
CDMS-9-4A-CRAAG-CorrEtiq.txt,30.0,20.8,29.0,3.0,2.92,1.56,1.04,0.0,20.8,19.36,2.799585868492047,0.12006495973328656,7.36,3.3697947558192545,0.0
CDMS-9-4A-EROHI-CorrEtiq.txt,30.0,22.5625,29.0,2.375,0.375,1.0,0.375,0.3125,22.5625,20.3125,2.5731666431394693,0.10387492941840767,9.375,4.131732895727461,0.03782266570989397
CDMS-9-4A-ILOSE-CorrEtiq.txt,30.0,24.041095890410958,28.801369863013697,1.1164383561643836,0.1917808219178082,0.0,0.1917808219178082,0.684931506849315,23.972602739726028,18.47945205479452,2.415870171960088,0.10135785118154286,9.102739726027398,3.9835857890265363,0.04119492447317089
CDMS-9-4A-TGAFR-CorrEtiq.txt,30.0,22.142857142857142,28.38095238095238,0.3333333333333333,1.1904761904761905,1.5714285714285714,1.1904761904761905,0.6428571428571429,21.88095238095238,17.142857142857142,2.5699194697641903,0.10990024468285339,7.380952380952381,3.3220746137717274,0.062495939136648054
CDMS-9-4C-SCAMO-CorrEtiq.txt,30.0,24.01875,28.81875,1.175,0.35,0.18125,0.35,0.9125,23.9,18.4875,2.412227400819792,0.09935464190441308,9.64375,4.150896836980504,0.03868198298447393
CDMS-9-5A-ABERO-CorrEtiq.txt,30.0,20.65714285714286,29.0,1.8171428571428572,2.337142857142857,2.4057142857142857,1.8628571428571428,1.3257142857142856,20.65714285714286,14.342857142857143,2.8763902185689583,0.11956251180015193,10.188571428571429,4.252961823852188,0.07484814497736184
CDMS-9-5A-VVAAR-CorrEtiq.txt,30.0,24.625,29.0,0.175,0.125,0.45,0.075,0.625,24.625,18.425,2.368134664852056,0.09865806415806415,11.1,4.681119784402393,0.03222738603988604
CDMS-9-5C-JDMADE-CorrEtiq.txt,30.0,22.653465346534652,28.856435643564357,1.7772277227722773,1.004950495049505,1.5792079207920793,0.5792079207920792,1.6782178217821782,22.623762376237625,16.613861386138613,2.5729834232892626,0.10619214114406224,9.584158415841584,4.102273624454181,0.05540555104621182
CDMS-9-5C-LVIZAC-CorrEtiq.txt,30.0,21.62878787878788,28.651515151515152,1.5909090909090908,1.6666666666666667,1.696969696969697,1.0833333333333333,2.537878787878788,21.62878787878788,15.454545454545455,2.665746497911906,0.11023883268237396,10.409090909090908,4.326326818439837,0.0824948120863162
CDMS-9-5C-MLOGO-CorrEtiq.txt,30.0,21.56122448979592,29.0,1.6938775510204083,1.3673469387755102,1.183673469387755,0.8571428571428571,2.357142857142857,21.56122448979592,16.091836734693878,2.702235527513629,0.11586286641019747,8.418367346938776,3.705016177749097,0.09608687501309474
CDMS-XX-10A-VGILO-CorrEtiq.txt,30.0,23.89,28.9,0.99,0.0,0.57,0.0,0.39,23.34,20.35,2.426039602265689,0.10095037281559022,8.53,3.8523157098282286,0.035882625393929744
CDMS-XX-5C-MPCAQU-CorrEtiq.txt,30.0,22.1375,29.0,1.2875,0.875,0.54375,0.875,1.05,22.1375,17.8375,2.641568954246872,0.11452512021394948,8.8375,3.829773645841976,0.06370742879215727
CDMS-XX-6B-SPUCA-CorrEtiq.txt,30.0,22.993827160493826,28.98148148148148,1.5864197530864197,1.3271604938271604,0.043209876543209874,0.845679012345679,0.24074074074074073,22.993827160493826,19.537037037037038,2.54705925396676,0.10674125134898647,8.67283950617284,3.840732396347561,0.00802884736512889
CSO-10-4A-KCOMO-CorrEtiq.txt,30.0,24.634146341463413,28.646341463414632,0.6585365853658537,0.0,0.2073170731707317,0.0,0.524390243902439,24.5,17.79268292682927,2.3327631272541134,0.09606015837192931,10.134146341463415,4.278598143343637,0.04521006638583521
CSO-10-4A-LRAVI-CorrEtiq.txt,30.0,24.695652173913043,29.0,0.4782608695652174,1.0,0.0,1.0,0.0,24.695652173913043,18.652173913043477,2.357163868827385,0.09494530394341359,9.782608695652174,4.122947344610861,0.0
CSO-10-4A-LSCAVA-CorrEtiq.txt,30.0,24.4093567251462,29.0,0.783625730994152,0.5555555555555556,0.1695906432748538,0.5555555555555556,1.263157894736842,24.4093567251462,16.88888888888889,2.388699594517037,0.09775561864494314,11.467836257309942,4.674618581345486,0.05804605562055952
CSO-10-5A-ACAVA-CorrEtiq.txt,30.0,21.775,28.275,1.2,0.35,2.1,0.35,1.1,21.15,15.1,2.601566440805571,0.11206734722180947,8.725,3.625711538203798,0.07277309735927748
CSO-10-5A-ARACA-CorrEtiq.txt,30.0,20.98507462686567,29.0,2.470149253731343,1.4328358208955223,0.8059701492537313,0.8507462686567164,2.298507462686567,20.98507462686567,16.58955223880597,2.8045677480337385,0.12191306581106137,8.208955223880597,3.5688031293594507,0.04748730639100985
CSO-10-5A-DABRZA-CorrEtiq.txt,30.0,20.646341463414632,28.823170731707318,2.823170731707317,2.0548780487804876,1.7317073170731707,1.3902439024390243,2.8048780487804876,20.640243902439025,16.359756097560975,2.824540595785626,0.11849018187019561,8.463414634146341,3.788417798804188,0.06879285939165282
CSO-10-5A-GZAMA-CorrEtiq.txt,30.0,21.16417910447761,28.970149253731343,3.029850746268657,0.0,0.16417910447761194,0.0,0.7313432835820896,21.119402985074625,18.65671641791045,2.7487737839081805,0.12102384449117604,8.044776119402986,3.479596411042157,0.04723407110076249
CSO-10-5A-IPECA-CorrEtiq.txt,30.0,24.666666666666668,29.0,0.42342342342342343,0.25225225225225223,0.46846846846846846,0.25225225225225223,0.5585585585585585,24.666666666666668,20.126126126126128,2.3571321793060926,0.0959786658337383,9.63063063063063,4.137484460527939,0.04237334175498427
CSO-10-5A-JANORO-CorrEtiq.txt,30.0,24.125874125874127,28.958041958041957,1.5104895104895104,0.3916083916083916,0.0,0.3916083916083916,1.097902097902098,24.104895104895103,18.321678321678323,2.414821256975327,0.09822449438602164,10.678321678321678,4.461470375537681,0.03246233426982388
CSO-10-5A-JBUVE-CorrEtiq.txt,30.0,24.44,29.0,0.46,1.37,1.26,1.1,0.34,24.44,17.8,2.3845411684933424,0.09217970283805524,11.54,4.821777005814763,0.018105853446070838
CSO-10-5A-JJSEMO-CorrEtiq.txt,30.0,23.466666666666665,28.0,1.6666666666666667,2.1333333333333333,0.0,1.1333333333333333,1.8,23.133333333333333,9.266666666666667,2.389751427316645,0.09585193550410942,11.2,4.5108956823327535,0.14228139903998027
CSO-10-5A-JLCARI-CorrEtiq.txt,30.0,22.568181818181817,28.954545454545453,1.1363636363636365,2.227272727272727,0.7045454545454546,1.6136363636363635,0.75,22.53409090909091,17.147727272727273,2.5846504108712867,0.10656362233333318,10.159090909090908,4.231979712639948,0.05071632366287296
CSO-10-5A-MAARAN-CorrEtiq.txt,30.0,22.65714285714286,29.0,0.9714285714285714,0.4,0.08571428571428572,0.4,2.0285714285714285,22.65714285714286,20.185714285714287,2.5657720953994247,0.11278441020677045,7.371428571428571,3.3267136403968705,0.06920894526453532
CSO-10-5A-RVMOIB-CorrEtiq.txt,30.0,24.21818181818182,28.86060606060606,0.8181818181818182,0.6787878787878788,0.24242424242424243,0.5151515151515151,0.8,23.915151515151514,16.921212121212122,2.397809519227174,0.09846279277844357,10.842424242424242,4.5271291579993305,0.04103413121284458
CSO-10-5A-SVHEES-CorrEtiq.txt,30.0,22.55421686746988,28.825301204819276,0.7228915662650602,1.1325301204819278,1.572289156626506,1.0,0.42168674698795183,22.46385542168675,15.963855421686747,2.5718646902250883,0.10764180476871055,9.765060240963855,4.125952144957411,0.04506009109080433
CSO-11-5A-MDVOSPE-CorrEtiq.txt,30.0,22.703125,29.0,1.625,1.015625,0.15625,0.6640625,2.0625,22.703125,18.328125,2.5751953970525197,0.10957356164181822,9.0390625,3.990764716673434,0.054168957703854305
CSO-11-5A-MTAGA-CorrEtiq.txt,30.0,24.65573770491803,27.80327868852459,0.18032786885245902,0.0,0.47540983606557374,0.0,0.4426229508196721,24.098360655737704,16.868852459016395,2.260242005559183,0.09364829146725084,8.639344262295081,3.889712498067152,0.030959041790703534
CSO-11-6A-CAPAMU-CorrEtiq.txt,30.0,22.661016949152543,28.88135593220339,0.8757062146892656,1.073446327683616,0.327683615819209,0.8700564971751412,1.0847457627118644,22.519774011299436,18.593220338983052,2.5582451995766973,0.11019924477590382,8.892655367231638,3.8022829391684727,0.08632632821542827
CSO-11-6A-DSCACH-CorrEtiq.txt,30.0,24.306569343065693,29.0,0.7591240875912408,0.2773722627737226,0.18248175182481752,0.2773722627737226,0.1678832116788321,24.306569343065693,18.32116788321168,2.3977553309321,0.09922655189771727,10.211678832116789,4.293586992000528,0.010568359591949987
CSO-11-6A-EROMO-CorrEtiq.txt,30.0,24.18954248366013,28.81045751633987,1.1568627450980393,0.5424836601307189,0.1895424836601307,0.5424836601307189,0.0915032679738562,23.751633986928105,17.869281045751634,2.4109378175324614,0.0985538423995666,9.895424836601308,4.254321832834357,0.003619292834979109
CSO-11-6A-FSOVRE-CorrEtiq.txt,30.0,22.78813559322034,28.364406779661017,1.5932203389830508,1.4661016949152543,0.5338983050847458,0.8135593220338984,0.8813559322033898,21.43220338983051,13.94915254237288,2.520974572723012,0.10466338367947044,10.016949152542374,4.236562082764539,0.059385001642244216
CSO-11-6B-ANREVA-CorrEtiq.txt,30.0,23.080459770114942,29.0,0.632183908045977,0.5057471264367817,0.6666666666666666,0.5057471264367817,0.04597701149425287,23.080459770114942,19.74712643678161,2.524890134020569,0.10805918736479772,7.988505747126437,3.536349638245006,0.009139433409798227
CSO-11-6B-DISEMO-CorrEtiq.txt,30.0,24.0,26.0,1.0,0.0,1.0,0.0,0.0,19.5,9.0,2.1666666666666665,0.08695652173913043,9.0,3.8660818713450293,0.0
CSO-11-6B-LHFDLACH-CorrEtiq.txt,30.0,23.309352517985612,29.0,1.6474820143884892,1.3669064748201438,0.4172661870503597,0.9784172661870504,0.8273381294964028,23.309352517985612,15.043165467625899,2.50362299582506,0.10114398250364534,11.474820143884893,4.7435638718881235,0.03117300778505479
CSO-11-6B-RJGIHE-CorrEtiq.txt,30.0,22.458333333333332,29.0,0.4375,0.3541666666666667,2.4375,0.3541666666666667,0.5208333333333334,22.458333333333332,17.770833333333332,2.585987985444507,0.10802159796725014,8.583333333333334,3.728440852625635,0.04953396543070456
CSO-11-6B-SFLVA-CorrEtiq.txt,30.0,24.266666666666666,29.0,1.2222222222222223,1.0444444444444445,0.0,0.7111111111111111,0.26666666666666666,24.266666666666666,18.42222222222222,2.4005666224989897,0.09672518821311092,11.244444444444444,4.611510520254481,0.029738425253401098
CSO-11-6B-VCOMA-CorrEtiq.txt,30.0,23.70175438596491,29.0,1.3801169590643274,0.7368421052631579,0.3391812865497076,0.3508771929824561,0.8187134502923976,23.70175438596491,18.27485380116959,2.462359387464905,0.10166903523200445,10.286549707602338,4.367959411002488,0.06390671433641176
CSO-12-6A-FJOVRE-CorrEtiq.txt,30.0,21.11627906976744,28.82170542635659,1.4883720930232558,1.627906976744186,2.062015503875969,1.2093023255813953,1.0310077519379846,20.92248062015504,15.255813953488373,2.7409475968009307,0.11562910785251267,9.465116279069768,3.925781890488712,0.08263554412479257
CSO-12-6B-GQULO-CorrEtiq.txt,30.0,23.554794520547944,29.0,0.6506849315068494,0.773972602739726,0.7191780821917808,0.773972602739726,1.095890410958904,23.554794520547944,15.0,2.4981554163849986,0.10474827225475832,10.773972602739725,4.4322681120980825,0.08095070167488132
CSO-12-6B-LJHEFE-CorrEtiq.txt,30.0,23.56544502617801,28.952879581151834,1.1675392670157068,1.3717277486910995,0.7643979057591623,0.743455497382199,0.9947643979057592,23.56544502617801,14.115183246073299,2.4875700212614063,0.10141040744951837,11.74869109947644,4.8576265005020085,0.061295049366534585
CSO-12-7A-DALRE-CorrEtiq.txt,30.0,15.612903225806452,29.0,5.870967741935484,0.25806451612903225,0.0,0.25806451612903225,5.419354838709677,15.612903225806452,14.193548387096774,3.768013179325973,0.20631878496903963,4.741935483870968,2.390078642575397,0.13481980153662323
CSO-12-7A-ESALA-CorrEtiq.txt,30.0,24.902439024390244,29.0,0.8292682926829268,0.04878048780487805,0.35365853658536583,0.04878048780487805,0.08536585365853659,24.902439024390244,19.658536585365855,2.340975304888348,0.0941702653420575,10.292682926829269,4.407633281254702,0.015139101207499934
CSO-12-7A-IMERO-CorrEtiq.txt,30.0,22.34108527131783,29.0,1.1705426356589148,0.8837209302325582,1.124031007751938,0.6744186046511628,0.6821705426356589,22.34108527131783,18.05426356589147,2.6124832386954324,0.11077570898657547,9.248062015503876,4.001857165720937,0.05531435146616933
CSO-12-7A-JHEZA-CorrEtiq.txt,30.0,21.747311827956988,29.0,2.1344086021505375,0.946236559139785,0.3118279569892473,0.8010752688172043,3.435483870967742,21.747311827956988,17.887096774193548,2.7012028278214917,0.11647457990728405,8.327956989247312,3.7124380067311322,0.04789966318392589
CSO-12-7A-LSARAR-CorrEtiq.txt,30.0,25.82051282051282,28.692307692307693,0.9743589743589743,0.0,1.435897435897436,0.0,0.1794871794871795,23.974358974358974,14.846153846153847,2.2366971346673803,0.08330462618049593,13.692307692307692,5.4483470903760765,0.0
CSO-12-7A-SCAHO-CorrEtiq.txt,30.0,23.363057324840764,28.910828025477706,1.4904458598726114,0.45222929936305734,0.18471337579617833,0.3630573248407643,0.7707006369426752,22.828025477707005,17.94904458598726,2.4884601563139364,0.1039661823404481,9.51592356687898,4.003769834400655,0.06946063912220993
CSO-12-7B-DVAGRO-CorrEtiq.txt,30.0,22.276785714285715,29.0,1.4196428571428572,3.4107142857142856,1.3392857142857142,1.2857142857142858,0.6160714285714286,22.276785714285715,18.357142857142858,2.633416379350472,0.10954054677946809,9.276785714285714,3.975046570652197,0.05962709006077426
CSO-12-7B-SMUGU-CorrEtiq.txt,30.0,22.675324675324674,28.90909090909091,1.7662337662337662,0.3246753246753247,0.6753246753246753,0.16883116883116883,0.35064935064935066,22.545454545454547,18.051948051948052,2.5631304443028418,0.10854013530824135,8.220779220779221,3.672260587903549,0.02375664295342443
CSO-12-7B-SSARA-CorrEtiq.txt,30.0,23.788359788359788,29.0,1.0158730158730158,1.0317460317460319,0.2857142857142857,0.7037037037037037,0.544973544973545,23.788359788359788,17.936507936507937,2.4502166555168627,0.10074284645422635,10.142857142857142,4.326325719897815,0.03665810363103241
CSO-12-7B-VHOMA-CorrEtiq.txt,30.0,24.164948453608247,29.0,0.7422680412371134,0.9587628865979382,0.25773195876288657,0.8556701030927835,1.402061855670103,24.164948453608247,16.164948453608247,2.4117967760280625,0.09852241299739471,11.443298969072165,4.721261644778359,0.10704790639494809
CSO-12-8A-YTOME-CorrEtiq.txt,30.0,23.25,29.0,0.7403846153846154,2.019230769230769,0.5576923076923077,1.625,1.4615384615384615,23.25,18.76923076923077,2.5047281787331954,0.10167156363556645,8.875,4.0349785021790385,0.09553722953931984
CSO-13-6A-ANASA-CorrEtiq.txt,30.0,24.788235294117648,28.82941176470588,0.4588235294117647,0.38823529411764707,0.1588235294117647,0.22941176470588234,0.8,24.78235294117647,17.68235294117647,2.3371619316555376,0.09605353479522279,10.729411764705882,4.407062799034755,0.05600664239773362
CSO-13-6B-JETAVE-CorrEtiq.txt,30.0,22.396946564885496,28.69465648854962,2.0839694656488548,1.2748091603053435,0.44274809160305345,0.5877862595419847,0.5343511450381679,22.35114503816794,18.229007633587788,2.5924924943924963,0.10864713280360543,8.870229007633588,3.829689190089026,0.04982498038105524
CSO-13-6B-LFMIES-CorrEtiq.txt,30.0,25.666666666666668,28.242424242424242,0.0,0.8787878787878788,0.15151515151515152,0.8787878787878788,0.0,25.363636363636363,15.727272727272727,2.2083900157813203,0.08648289494139295,10.93939393939394,4.688335142630268,0.0
CSO-13-6B-LJMAHU-CorrEtiq.txt,30.0,23.102564102564102,28.256410256410255,0.9230769230769231,1.6923076923076923,1.4871794871794872,1.4871794871794872,0.0,22.46153846153846,14.179487179487179,2.453382418399141,0.09881689844900547,10.820512820512821,4.157707946704602,0.0
CSO-13-7A-CAPAMU-CorrEtiq.txt,30.0,22.776,28.768,0.776,0.84,0.504,0.624,0.744,22.768,18.704,2.538834744386049,0.10988096687446801,8.64,3.756623020488284,0.047829720634093305
CSO-13-7A-CDDITR-CorrEtiq.txt,30.0,22.45,29.0,0.5,0.9333333333333333,0.0,0.9333333333333333,1.2166666666666666,22.45,19.233333333333334,2.5972456794413312,0.1158451850717297,6.883333333333334,3.249025803715735,0.1025606533476875
CSO-13-7A-JJATFL-CorrEtiq.txt,30.0,23.24137931034483,28.724137931034484,1.6206896551724137,0.3103448275862069,0.0,0.20689655172413793,1.0689655172413792,23.24137931034483,17.689655172413794,2.4756662577802007,0.10442622844421946,8.827586206896552,3.848778403006289,0.02494283161449578
CSO-13-7A-RXCHLU-CorrEtiq.txt,30.0,20.504761904761907,29.0,2.857142857142857,1.7047619047619047,0.0,1.180952380952381,0.10476190476190476,20.504761904761907,17.066666666666666,2.8586882695633538,0.1276373260585325,7.561904761904762,3.392272929709597,0.044023534653288385
CSO-13-7A-YAMEZA-CorrEtiq.txt,30.0,23.44610778443114,29.0,1.0658682634730539,0.47305389221556887,0.17365269461077845,0.4251497005988024,1.437125748502994,23.44610778443114,17.994011976047904,2.490311582255292,0.10573053333995443,9.68562874251497,4.155016108239586,0.06055500260541779
CSO-13-8A-KIGAGU-CorrEtiq.txt,30.0,23.633333333333333,29.0,0.9111111111111111,0.8444444444444444,1.6444444444444444,0.5666666666666667,1.2,23.633333333333333,16.488888888888887,2.465928156295306,0.09915374260454352,11.533333333333333,4.794844781260494,0.06870065388181329
CSO-13-8A-MGAAN-CorrEtiq.txt,30.0,24.41777777777778,28.76888888888889,1.0,0.24888888888888888,0.48444444444444446,0.24888888888888888,0.6177777777777778,24.351111111111113,17.84,2.3708403413813377,0.09576883018635475,10.515555555555556,4.427361706076082,0.021042519393477246
CSO-13-8A-MGAHE-CorrEtiq.txt,30.0,22.04494382022472,29.0,1.1853932584269662,1.2865168539325842,0.3258426966292135,0.949438202247191,1.0730337078651686,22.04494382022472,19.365168539325843,2.6677428755057613,0.11709864032189538,7.325842696629214,3.3054370495589995,0.03779325440334566
CSO-13-8A-MJAGA-CorrEtiq.txt,30.0,23.33093525179856,29.0,1.20863309352518,1.525179856115108,1.3669064748201438,1.079136690647482,1.5107913669064748,23.33093525179856,15.23021582733813,2.5092020538019253,0.1006876798708053,11.446043165467627,4.778363349884454,0.07193627624780147
CSO-13-8A-VHODU-CorrEtiq.txt,30.0,22.087591240875913,28.78832116788321,2.605839416058394,0.6423357664233577,0.2116788321167883,0.41605839416058393,1.1751824817518248,22.087591240875913,18.240875912408757,2.6293297607349952,0.1117614606036484,8.751824817518248,3.8278712417584444,0.050986761824793905
CSO-13-8B-FCJISA-CorrEtiq.txt,30.0,24.594202898550726,28.855072463768117,0.7391304347826086,0.4057971014492754,0.0,0.4057971014492754,0.21739130434782608,24.594202898550726,20.28985507246377,2.349834318170802,0.09579895424885973,9.898550724637682,4.131644377466684,0.019622103199607926
CSO-13-8B-JEMABE-CorrEtiq.txt,30.0,19.5,28.35,1.95,1.9,0.9,0.95,5.05,19.5,12.9,2.921194295900178,0.13766883787007628,8.35,3.5094599634112016,0.31095192526771476
CSO-13-9B-DMLLLU-CorrEtiq.txt,30.0,23.448275862068964,27.24137931034483,0.13793103448275862,0.6551724137931034,2.103448275862069,0.6551724137931034,0.0,23.310344827586206,7.068965517241379,2.3264822134387355,0.09288589471498018,11.0,4.521516903885719,0.0
CSO-14-7B-EVEGO-CorrEtiq.txt,30.0,24.4421768707483,29.0,1.0136054421768708,0.41496598639455784,0.20408163265306123,0.4013605442176871,0.9931972789115646,24.4421768707483,17.20408163265306,2.3936496090552035,0.097906953933044,11.551020408163266,4.751293633873531,0.04202423633590763
CSO-14-8A-AQUMA-CorrEtiq.txt,30.0,22.594059405940595,28.712871287128714,1.1782178217821782,0.33663366336633666,0.42574257425742573,0.33663366336633666,1.2475247524752475,22.524752475247524,15.752475247524753,2.565441109143898,0.11205423386060147,9.415841584158416,3.9843124041029228,0.06681929620334015
CSO-14-8A-SZARA-CorrEtiq.txt,30.0,21.941176470588236,28.705882352941178,0.9558823529411765,1.7352941176470589,0.0,1.661764705882353,1.3823529411764706,21.941176470588236,17.852941176470587,2.637622319798925,0.1158606723215015,7.838235294117647,3.5592199617734686,0.07003912723469528
CSO-14-8B-JLLORA-CorrEtiq.txt,30.0,22.493150684931507,29.0,1.0684931506849316,0.0,1.0273972602739727,0.0,0.9041095890410958,22.493150684931507,17.45205479452055,2.59897479541033,0.11402991277101807,9.561643835616438,3.9785402332639097,0.05339754449692786
CSO-14-9A-AEDCAGO-CorrEtiq.txt,30.0,24.013422818791945,28.80536912751678,0.6845637583892618,0.436241610738255,0.19463087248322147,0.3691275167785235,0.1342281879194631,24.013422818791945,16.859060402684563,2.4180156490796456,0.10145610204047074,9.765100671140939,4.182646361619377,0.012454167455418028
CSO-14-9A-HASACA-CorrEtiq.txt,30.0,22.745454545454546,28.863636363636363,1.6272727272727272,0.0,0.4,0.0,0.32727272727272727,22.745454545454546,18.227272727272727,2.588905860277793,0.11283521972601623,9.236363636363636,4.024397974402064,0.0340385928467665
CSO-14-9A-JSMAAL-CorrEtiq.txt,30.0,24.0,29.0,0.35,0.35,0.3625,0.35,0.6125,24.0,17.3875,2.4353041471411037,0.10351827391186659,10.075,4.219201666733131,0.05692002190643495
CSO-14-9A-MARJA-CorrEtiq.txt,30.0,24.76595744680851,29.0,1.053191489361702,0.0,0.43617021276595747,0.0,0.8297872340425532,24.76595744680851,18.319148936170212,2.358100334413933,0.0950249516871553,11.372340425531915,4.619874091867793,0.0662098507527123
CSO-14-9A-SORZU-CorrEtiq.txt,30.0,20.88157894736842,28.776315789473685,1.9605263157894737,0.8026315789473685,1.0,0.4473684210526316,1.894736842105263,20.68421052631579,16.86842105263158,2.8124708230804543,0.12714843914967364,7.5,3.24577876326973,0.10843007819519959
CSO-14-9B-ERAGA-CorrEtiq.txt,30.0,22.375,29.0,1.2045454545454546,0.22727272727272727,0.9659090909090909,0.22727272727272727,1.7954545454545454,22.375,18.806818181818183,2.604672532931322,0.11277820854687923,8.318181818181818,3.6565087473894944,0.06844817213563313
CSO-14-9B-MFEGA-CorrEtiq.txt,30.0,23.2,29.0,0.9391304347826087,1.434782608695652,0.7043478260869566,0.8260869565217391,0.45217391304347826,23.2,18.47826086956522,2.5143253420947183,0.10414226186228973,9.304347826086957,3.9608110160658168,0.029806235262621977
CSO-15-10A-LJRAGU-CorrEtiq.txt,30.0,24.00653594771242,28.9281045751634,0.23529411764705882,1.2418300653594772,0.3464052287581699,1.065359477124183,0.9215686274509803,23.986928104575163,18.0,2.4261703449629146,0.10046797489192907,10.137254901960784,4.220393874643737,0.05207658139954104
CSO-15-10A-MAARLO-CorrEtiq.txt,30.0,22.966666666666665,28.45,0.8833333333333333,0.9333333333333333,1.4666666666666666,0.9333333333333333,1.1666666666666667,22.633333333333333,14.983333333333333,2.5036691207202266,0.10363674554673792,10.133333333333333,4.317525397085545,0.10749812551373064
CSO-15-10A-SFEGA-CorrEtiq.txt,30.0,24.9,28.0,0.0,0.0,1.0,0.0,0.0,24.9,20.9,2.250051282051282,0.09087290969899665,10.2,4.333180602006689,0.0
CSO-15-10B-MEBUAR-CorrEtiq.txt,30.0,22.161616161616163,29.0,2.717171717171717,0.5050505050505051,0.29292929292929293,0.5050505050505051,4.353535353535354,22.161616161616163,16.484848484848484,2.6477839181606835,0.11104590663327854,9.606060606060606,4.083706592985762,0.06408732496729168
CSO-15-10B-YVBUAN-CorrEtiq.txt,30.0,23.0,29.0,0.6078431372549019,0.47058823529411764,1.0588235294117647,0.47058823529411764,0.27450980392156865,23.0,17.529411764705884,2.5285815292976417,0.1068667223654436,9.313725490196079,3.9798217355250602,0.03278621373889916
CSO-15-10C-SSCAMO-CorrEtiq.txt,30.0,22.78181818181818,29.0,1.7545454545454546,0.0,0.8136363636363636,0.0,2.5636363636363635,22.78181818181818,16.46818181818182,2.6114510370325177,0.11225644671595122,10.55,4.3741225518480595,0.08260355941170013
CSO-15-11C-JETALO-CorrEtiq.txt,30.0,22.325966850828728,29.0,1.6740331491712708,2.149171270718232,0.4972375690607735,0.8011049723756906,2.8287292817679557,22.325966850828728,15.298342541436464,2.611761793503579,0.11132193185077617,10.049723756906078,4.1993233379232855,0.10262010777581787
CSO-15-7B-JCRAGA-CorrEtiq.txt,30.0,24.59090909090909,29.0,0.0,0.0,0.6818181818181818,0.0,0.5454545454545454,24.59090909090909,19.045454545454547,2.3720196645690717,0.09898226499017014,8.363636363636363,3.6257878024478813,0.028363147520756214
CSO-15-8A-VBMABR-CorrEtiq.txt,30.0,22.080459770114942,29.0,1.5172413793103448,0.6436781609195402,0.4827586206896552,0.3333333333333333,0.5402298850574713,22.080459770114942,19.183908045977013,2.637828548263331,0.1157002034237101,7.574712643678161,3.414430923329369,0.034073775316011336
CSO-15-8B-KEPOGO-CorrEtiq.txt,30.0,23.710843373493976,29.0,0.6807228915662651,0.6807228915662651,0.1746987951807229,0.5421686746987951,0.6927710843373494,23.710843373493976,19.96385542168675,2.4632788388003295,0.1041354525256265,9.13855421686747,3.9941408532599842,0.05396945758621064
CSO-15-9B-ALRIHE-CorrEtiq.txt,30.0,25.2,29.0,1.0,0.2074074074074074,0.42962962962962964,0.2074074074074074,0.0,25.2,17.28148148148148,2.32218935856295,0.09176093400875161,12.792592592592593,5.258896180028239,0.008890574267385862
CSO-15-9B-AMSAGO-CorrEtiq.txt,30.0,23.897435897435898,29.0,1.7179487179487178,0.358974358974359,0.0,0.358974358974359,0.0,23.897435897435898,17.384615384615383,2.4329977788840664,0.09894475646984008,11.256410256410257,4.637027405890282,0.008226535943927247
CSO-15-9B-JCAPA-CorrEtiq.txt,30.0,22.38053097345133,28.86725663716814,1.5398230088495575,0.7433628318584071,0.5132743362831859,0.7433628318584071,1.9380530973451326,22.24778761061947,18.07079646017699,2.593216888550114,0.10997444691173047,9.185840707964601,3.880918562491387,0.10048095262683292
CSO-15-9B-KSBEJA-CorrEtiq.txt,30.0,23.047619047619047,28.523809523809526,1.0833333333333333,0.11904761904761904,0.34523809523809523,0.11904761904761904,0.8571428571428571,23.0,18.083333333333332,2.4886481502164735,0.10768829293428836,8.797619047619047,3.743210744050343,0.05443278487754974
CSO-15-9B-RMCHLU-CorrEtiq.txt,30.0,23.340425531914892,29.0,0.9787234042553191,0.6276595744680851,0.0,0.46808510638297873,0.23404255319148937,23.340425531914892,20.43617021276596,2.498616810947986,0.107238099550773,8.212765957446809,3.6803413777095555,0.022840278361786225
CSO-16-10A-MSACO-CorrEtiq.txt,30.0,22.166666666666668,29.0,2.9166666666666665,0.0,0.0,0.0,4.0,22.166666666666668,15.333333333333334,2.6207847104586235,0.11169380136771441,10.833333333333334,4.290600884622624,0.07530990547294894
CSO-16-10A-YKMUJO-CorrEtiq.txt,30.0,22.05,29.0,0.45,1.55,0.0,1.55,0.0,22.05,19.3,2.634535102578581,0.11656671322575211,7.2,3.3168270478567963,0.0
CSO-16-10B-JESUGU-CorrEtiq.txt,30.0,23.62295081967213,28.918032786885245,0.5409836065573771,0.0,0.6557377049180327,0.0,0.4262295081967213,23.57377049180328,19.59016393442623,2.452733443795454,0.10424372016674227,9.0,3.913200192537327,0.03568571778265293
CSO-16-10B-LTVIFA-CorrEtiq.txt,30.0,24.869565217391305,29.0,0.21739130434782608,0.2391304347826087,0.0,0.2391304347826087,1.4782608695652173,24.869565217391305,20.782608695652176,2.336575757086154,0.09664968476877739,10.673913043478262,4.4634437438218155,0.10377040903797363
CSO-16-10B-VVILI-CorrEtiq.txt,30.0,24.897435897435898,29.0,0.2905982905982906,0.5128205128205128,0.42735042735042733,0.5128205128205128,0.0,24.897435897435898,19.196581196581196,2.3421822377080646,0.09455855112859944,10.435897435897436,4.398647873177787,0.0
CSO-16-10C-ACALGU-CorrEtiq.txt,30.0,22.69078947368421,28.68421052631579,1.3092105263157894,0.7368421052631579,0.16447368421052633,0.506578947368421,1.6513157894736843,22.63157894736842,18.32894736842105,2.5511173999922043,0.1111991321583797,8.519736842105264,3.7483987167056543,0.09290627669599126
CSO-16-10C-MAVAVE-CorrEtiq.txt,30.0,23.808695652173913,29.0,0.7217391304347827,0.5391304347826087,0.0,0.4956521739130435,0.2956521739130435,23.808695652173913,19.330434782608695,2.4470751616233657,0.10340483428693556,9.521739130434783,4.0111411535135435,0.0338253768487695
CSO-16-11A-JAVABO-CorrEtiq.txt,30.0,23.360655737704917,29.0,0.4426229508196721,0.819672131147541,0.22950819672131148,0.819672131147541,0.7704918032786885,23.360655737704917,18.57377049180328,2.491584481092678,0.10634645705921543,8.80327868852459,3.8013023683372937,0.06920018176433002
CSO-16-11A-JDMUVA-CorrEtiq.txt,30.0,25.041666666666668,29.0,0.2708333333333333,0.75,0.3333333333333333,0.5625,0.04861111111111111,25.041666666666668,20.604166666666668,2.3196981536534675,0.09282991096396893,9.944444444444445,4.289118437252495,0.005299471747388413
CSO-16-11A-VZAOR-CorrEtiq.txt,30.0,24.310924369747898,29.0,1.7058823529411764,0.47058823529411764,0.24369747899159663,0.47058823529411764,1.5210084033613445,24.310924369747898,17.058823529411764,2.402538747332317,0.09496962239900147,12.210084033613445,4.935652269509931,0.05123691044608107
CSO-16-11B-KRORE-CorrEtiq.txt,30.0,23.359649122807017,29.0,1.2105263157894737,0.32456140350877194,0.17543859649122806,0.18421052631578946,1.4912280701754386,23.359649122807017,19.087719298245613,2.5275868513131914,0.10892369343268853,8.605263157894736,3.8385712920579027,0.06252153399659882
CSO-16-11B-LLOZA-CorrEtiq.txt,30.0,24.706766917293233,28.924812030075188,0.6766917293233082,1.5338345864661653,0.0,0.9398496240601504,0.8045112781954887,24.593984962406015,18.06015037593985,2.3741092930915886,0.09683114850846065,11.601503759398497,4.718718859614675,0.050471684979071174
CSO-16-11B-YAROMO-CorrEtiq.txt,30.0,23.588983050847457,28.877118644067796,1.5805084745762712,1.0508474576271187,0.2076271186440678,0.4872881355932203,0.7584745762711864,23.572033898305083,17.97457627118644,2.4787633829784923,0.10286142427971517,9.932203389830509,4.237683963373095,0.034345500373573465
CSO-16-9A-JALEMO-CorrEtiq.txt,30.0,24.70984455958549,29.0,1.0414507772020725,0.47150259067357514,0.43005181347150256,0.47150259067357514,0.8652849740932642,24.70984455958549,18.60103626943005,2.3617391528565217,0.09365310769183144,10.849740932642487,4.557960467588783,0.022580789876689853
CSO-16-9A-JPROSO-CorrEtiq.txt,30.0,23.772727272727273,29.0,0.9545454545454546,0.8772727272727273,0.5909090909090909,0.5181818181818182,0.8454545454545455,23.772727272727273,17.495454545454546,2.4548340756662994,0.10122846705798651,10.459090909090909,4.351974334993994,0.05691470596572705
CSO-16-9A-JSMAGU-CorrEtiq.txt,30.0,22.429752066115704,29.0,2.0661157024793386,0.7355371900826446,0.33884297520661155,0.47107438016528924,0.7520661157024794,22.429752066115704,18.975206611570247,2.6352530108172725,0.11241215854697864,8.859504132231406,3.847455170182287,0.030214406696856533
CSO-16-9B-SJPAJI-CorrEtiq.txt,30.0,20.47826086956522,28.869565217391305,0.30434782608695654,0.6521739130434783,0.8695652173913043,0.6521739130434783,1.3043478260869565,20.434782608695652,18.130434782608695,2.823443985457715,0.13618235311599156,6.695652173913044,2.9977493139964535,0.07310899118679438
CSO-17-10A-YVGOCA-CorrEtiq.txt,30.0,25.60377358490566,28.849056603773583,0.4528301886792453,0.0,0.5471698113207547,0.0,0.0,25.11320754716981,19.962264150943398,2.2571036929527493,0.08883812568800263,10.660377358490566,4.484814847899343,0.0
CSO-17-10B-EHECO-CorrEtiq.txt,30.0,24.43103448275862,28.53448275862069,0.9137931034482759,0.06896551724137931,0.0,0.06896551724137931,1.0172413793103448,24.32758620689655,16.82758620689655,2.346777984356695,0.09740258270243278,9.879310344827585,4.162800483430169,0.04976673041453151
CSO-17-10B-YCQUVE-CorrEtiq.txt,30.0,24.37037037037037,27.962962962962962,0.49074074074074076,0.9074074074074074,0.5833333333333334,0.6574074074074074,0.49074074074074076,22.574074074074073,11.731481481481481,2.3101090546299887,0.09366050619186479,11.796296296296296,4.807889803506375,0.04284263065609035
CSO-17-11A-DJAPA-CorrEtiq.txt,30.0,19.944444444444443,28.52777777777778,1.0,1.3611111111111112,0.2777777777777778,0.7222222222222222,2.611111111111111,19.666666666666668,17.444444444444443,2.8878520127896445,0.1446060279739106,6.472222222222222,3.0883842919588536,0.10292343034700313
CSO-17-11A-JDAMO-CorrEtiq.txt,30.0,22.738095238095237,29.0,1.0476190476190477,0.0,0.0,0.0,0.19047619047619047,22.738095238095237,19.928571428571427,2.5694156116102285,0.11513893140949912,7.4523809523809526,3.3778266683655156,0.027926213480561304
CSO-17-11A-NPAHE-CorrEtiq.txt,30.0,22.348148148148148,29.0,1.325925925925926,2.2222222222222223,0.5037037037037037,1.4814814814814814,0.7407407407407407,22.348148148148148,17.177777777777777,2.6158115213160555,0.10925585298549109,9.192592592592593,3.9228497109392095,0.06714067255265864
CSO-17-11A-RLPAIG-CorrEtiq.txt,30.0,22.39325842696629,29.0,1.1123595505617978,1.752808988764045,0.7303370786516854,0.9325842696629213,0.898876404494382,22.39325842696629,16.97752808988764,2.609752543214092,0.11147722667504695,8.910112359550562,3.777572192486172,0.08186556793698364
CSO-17-11A-SPUVA-CorrEtiq.txt,30.0,22.35483870967742,29.0,2.4516129032258065,0.0,2.032258064516129,0.0,2.467741935483871,22.35483870967742,14.370967741935484,2.61802359185396,0.10748328409030365,11.96774193548387,5.037976554094709,0.06330225619121684
CSO-17-11B-CDBEBU-CorrEtiq.txt,30.0,24.852941176470587,27.61764705882353,0.9117647058823529,1.088235294117647,0.0,1.088235294117647,0.7352941176470589,24.58823529411765,6.617647058823529,2.2371407580866087,0.08782791034797385,15.794117647058824,6.032728985989856,0.06515854950360492
CSO-17-11C-JDAAG-CorrEtiq.txt,30.0,23.992,29.0,0.904,1.392,0.0,1.072,0.368,23.992,19.032,2.4314368306090044,0.09911166916311082,9.952,4.238633974030038,0.03790883076343946
CSO-17-11C-MAPAMA-CorrEtiq.txt,30.0,23.52413793103448,28.875862068965517,0.8827586206896552,0.6275862068965518,0.4,0.6137931034482759,1.0482758620689656,23.52413793103448,18.73103448275862,2.470720067258377,0.10354690651589571,9.751724137931035,4.122735830307676,0.03611760612311502
CSO-17-11C-MCAAG-CorrEtiq.txt,30.0,25.328205128205127,29.0,0.441025641025641,0.717948717948718,0.14871794871794872,0.717948717948718,0.5794871794871795,25.328205128205127,17.01025641025641,2.303256792338292,0.09125515390292718,12.482051282051282,5.0973566005433915,0.026791660618836977
CSO-17-11C-SARJA-CorrEtiq.txt,30.0,23.925233644859812,29.0,0.7289719626168224,0.2616822429906542,0.0,0.2616822429906542,0.8130841121495327,23.925233644859812,17.588785046728972,2.442987522049093,0.10452078744001154,10.94392523364486,4.474096000586088,0.0558412017211571
CSO-18-11A-ADBAHO-CorrEtiq.txt,30.0,24.559139784946236,29.0,0.5053763440860215,0.23655913978494625,0.3118279569892473,0.23655913978494625,0.8709677419354839,24.559139784946236,19.032258064516128,2.364038311696096,0.09687865819703126,9.795698924731182,4.250043721277943,0.03807405951795854
CSO-18-11B-YLLRE-CorrEtiq.txt,30.0,24.517391304347825,29.0,0.782608695652174,0.7,0.12608695652173912,0.5478260869565217,1.3478260869565217,24.517391304347825,18.16521739130435,2.3906497900887516,0.09757253136101011,11.004347826086956,4.557348937826622,0.06180820729493996
CSO-18-9B-MAMOLO-CorrEtiq.txt,30.0,21.425595238095237,28.913690476190474,2.675595238095238,1.3779761904761905,1.4166666666666667,0.8839285714285714,2.1547619047619047,21.416666666666668,15.288690476190476,2.7366008355415117,0.11293081304866884,10.050595238095237,4.200627468349974,0.06522819751622069
CSO-8-3A-DAPAVA-CorrEtiq.txt,30.0,23.134328358208954,28.71144278606965,1.3482587064676617,0.8059701492537313,1.1194029850746268,0.8059701492537313,2.527363184079602,22.860696517412936,15.129353233830846,2.507073301424657,0.10226826222275681,11.009950248756219,4.585638895755884,0.06727876282620297
CSO-8-3A-KVPECO-CorrEtiq.txt,30.0,23.875,25.75,2.125,3.375,0.0,1.75,0.0,18.0,2.0,2.161052371541502,0.08120882740447957,12.75,5.273380566801619,0.00625
CSO-8-4A-ARAGR-CorrEtiq.txt,30.0,21.666666666666668,28.454545454545453,2.515151515151515,1.2121212121212122,0.0,1.2121212121212122,0.18181818181818182,21.363636363636363,15.515151515151516,2.647274216202862,0.1123011615356113,9.0,3.8959834398548776,0.016083097110765096
CSO-9-2A-EXMOCO-CorrEtiq.txt,30.0,24.42105263157895,28.403508771929825,0.7719298245614035,0.43859649122807015,0.5614035087719298,0.43859649122807015,0.14912280701754385,24.42105263157895,16.526315789473685,2.338527959031391,0.09408543923799455,11.18421052631579,4.732833502257737,0.022439917720873736
CSO-9-4A-AGAPE-CorrEtiq.txt,30.0,24.21276595744681,29.0,1.1063829787234043,1.0921985815602837,0.41134751773049644,0.6666666666666666,0.3617021276595745,24.21276595744681,18.80141843971631,2.413291013756632,0.09697701329961907,11.170212765957446,4.607798958089126,0.029651910942382727
CSO-9-4A-DKVIMO-CorrEtiq.txt,30.0,22.442307692307693,29.0,0.8653846153846154,0.5384615384615384,0.38461538461538464,0.5384615384615384,1.1538461538461537,22.442307692307693,19.5,2.604382442744527,0.11531728913716861,7.8076923076923075,3.5094844058147694,0.04727665058900757
CSO-9-4A-DSMOMU-CorrEtiq.txt,30.0,24.016666666666666,29.0,0.6,0.8416666666666667,0.375,0.8416666666666667,1.075,24.016666666666666,18.15,2.4265696229428113,0.09960811772768294,9.95,4.201403099986433,0.08476139238512427
CSO-9-4A-DVGATO-CorrEtiq.txt,30.0,22.60135135135135,29.0,1.3108108108108107,1.445945945945946,1.0135135135135136,1.2162162162162162,0.8716216216216216,22.60135135135135,15.013513513513514,2.5882648717693812,0.10673539532840919,10.047297297297296,4.228507600656107,0.07089527116365701
CSO-9-4A-FAGIGA-CorrEtiq.txt,30.0,22.632183908045977,29.0,1.735632183908046,1.7816091954022988,0.47126436781609193,0.9770114942528736,1.0229885057471264,22.632183908045977,18.20689655172414,2.582055909172614,0.10681099633494952,9.011494252873563,3.9346090080293408,0.03043569741925827
CSO-9-4A-GSBRCO-CorrEtiq.txt,30.0,22.830188679245282,29.0,2.0754716981132075,0.03773584905660377,1.1886792452830188,0.03773584905660377,1.471698113207547,22.830188679245282,18.71698113207547,2.5541943047525706,0.10499771182384196,9.849056603773585,4.134770679814071,0.03358830008747974
CSO-9-4A-KEMOCO-CorrEtiq.txt,30.0,21.72,28.8,1.2,0.0,0.64,0.0,1.28,21.72,15.48,2.660353849049501,0.1207292935897055,9.0,3.777989875875459,0.09699836878097746
CSO-9-4A-LCOMO-CorrEtiq.txt,30.0,13.615384615384615,29.0,5.846153846153846,2.5384615384615383,1.0,1.8461538461538463,5.3076923076923075,13.615384615384615,12.692307692307692,4.299337841645534,0.24123376623376622,4.384615384615385,2.198867798867799,0.22533976707053627
CSO-9-4A-MLORO-CorrEtiq.txt,30.0,20.175,28.775,1.275,1.9,0.925,1.9,2.025,19.05,17.075,2.8633505123150433,0.13030438560557014,6.35,2.925548359019721,0.1545865781985309
CSO-9-4A-MPAME-CorrEtiq.txt,30.0,22.6,29.0,0.5,1.0666666666666667,2.966666666666667,1.0,0.0,22.6,14.166666666666666,2.5739351276742584,0.10095016196618027,11.0,4.424105041919687,0.022472133341698557
CSO-9-4A-NSARPA-CorrEtiq.txt,30.0,23.43243243243243,28.64864864864865,0.7027027027027027,0.6216216216216216,0.0,0.6216216216216216,1.6756756756756757,22.594594594594593,17.81081081081081,2.450342884690711,0.10456558717428283,8.621621621621621,3.6222286660905585,0.08430501844824095
CSO-9-4A-SLOCA-CorrEtiq.txt,30.0,19.79310344827586,29.0,2.086206896551724,2.5172413793103448,2.6379310344827585,1.5,0.43103448275862066,19.79310344827586,17.086206896551722,2.954596655942732,0.12767899486119322,7.206896551724138,3.268306950538107,0.011483488773976657
CSO-9-4A-YVDITR-CorrEtiq.txt,30.0,25.571428571428573,29.0,0.0,0.0,0.5714285714285714,0.0,0.2857142857142857,25.571428571428573,17.714285714285715,2.269010989010989,0.09058608058608057,9.714285714285714,4.413333333333333,0.022885923600209312
