file,wc,nodes,edges,re,pe,l1,l2,l3,lcc,lsc,atd,density,diameter,asp,cc
CDMS-10-4A-JURAN-CorrEtiq.txt,20.0,17.0,19.0,0.0,0.0,0.0,0.0,0.0,17.0,9.0,2.235294117647059,0.1323529411764706,9.0,3.8823529411764706,0.0
CDMS-10-5A-HEPIHO-CorrEtiq.txt,20.0,16.0,19.0,0.0,0.0,0.0,0.0,0.0,16.0,13.0,2.375,0.15,7.0,3.2941176470588234,0.02222222222222222
CDMS-10-5A-KSRAGU-CorrEtiq.txt,20.0,16.0,19.0,0.0,0.0,1.0,0.0,1.0,16.0,12.0,2.375,0.14583333333333331,8.0,3.5597069597069595,0.08888888888888888
CDMS-10-5A-SROPU-CorrEtiq.txt,20.0,17.0,19.0,0.0,0.0,0.0,0.0,0.0,17.0,9.0,2.235294117647059,0.1323529411764706,10.0,4.12475759534583,0.0
CDMS-10-5A-SZURO-CorrEtiq.txt,20.0,16.0,19.0,1.0,0.0,0.0,0.0,0.0,16.0,11.0,2.25,0.14166666666666666,7.0,3.2573529411764706,0.0
CDMS-10-5B-SRAJA-CorrEtiq.txt,20.0,16.0,19.0,1.0,0.0,0.0,0.0,0.0,16.0,7.0,2.375,0.15,8.0,3.5714285714285716,0.08823529411764706
CDMS-10-5C-DAAUSA-CorrEtiq.txt,20.0,17.0,19.0,0.0,0.0,0.0,0.0,0.0,17.0,9.0,2.235294117647059,0.13970588235294118,8.0,3.6056372549019606,0.0
CDMS-10-5C-ICAPA-CorrEtiq.txt,20.0,16.0,18.0,0.0,0.0,1.0,0.0,0.0,16.0,11.0,2.25,0.13333333333333333,9.0,3.8333333333333335,0.0
CDMS-10-5C-JFALGI-CorrEtiq.txt,20.0,18.0,19.0,0.0,0.0,0.0,0.0,0.0,18.0,12.0,2.111111111111111,0.12418300653594772,9.0,3.7941176470588234,0.0
CDMS-10-5C-NBEMO-CorrEtiq.txt,20.0,17.0,19.0,0.0,0.0,0.0,0.0,0.0,16.0,9.0,2.1176470588235294,0.1323529411764706,9.0,3.7426470588235294,0.0
CDMS-10-6B-ASCACO-CorrEtiq.txt,20.0,16.0,19.0,1.0,1.0,1.0,1.0,0.0,16.0,11.0,2.375,0.13970588235294118,8.0,3.6285714285714286,0.0
CDMS-10-6B-JJMOBE-CorrEtiq.txt,20.0,18.0,18.0,0.0,1.0,0.0,1.0,0.0,12.5,7.0,2.0,0.1111111111111111,7.5,3.243006993006993,0.0
CDMS-11-5A-EAARCA-CorrEtiq.txt,20.0,17.0,19.0,0.0,0.0,0.0,0.0,0.0,17.0,10.0,2.235294117647059,0.1323529411764706,9.0,3.8676470588235294,0.0
CDMS-11-5A-MGTHAR-CorrEtiq.txt,20.0,17.0,19.0,0.0,0.0,0.0,0.0,0.0,17.0,11.0,2.235294117647059,0.1323529411764706,8.0,3.607843137254902,0.0
CDMS-11-6A-DFVEBE-CorrEtiq.txt,20.0,15.0,19.0,1.0,0.0,1.0,0.0,2.0,15.0,8.0,2.533333333333333,0.1619047619047619,9.0,3.7,0.12444444444444444
CDMS-11-6A-NMREPR-CorrEtiq.txt,20.0,17.0,19.0,0.0,0.0,0.0,0.0,0.0,17.0,7.0,2.235294117647059,0.1323529411764706,10.0,4.0719771241830065,0.0
CDMS-11-6B-ARAHE-CorrEtiq.txt,20.0,16.0,19.0,1.0,0.0,0.5,0.0,0.0,16.0,9.0,2.375,0.15,8.0,3.5928030303030303,0.0
CDMS-11-6B-AVROTO-CorrEtiq.txt,20.0,17.0,19.0,0.0,0.0,0.0,0.0,0.0,17.0,12.0,2.235294117647059,0.13333333333333333,8.0,3.7058823529411766,0.0
CDMS-11-6B-EAFESA-CorrEtiq.txt,20.0,17.0,19.0,0.0,0.0,1.0,0.0,0.0,17.0,7.0,2.235294117647059,0.125,12.0,4.601307189542483,0.0
CDMS-11-6B-EFRGR-CorrEtiq.txt,20.0,16.0,19.0,0.0,0.0,1.0,0.0,0.0,16.0,12.0,2.375,0.14166666666666666,8.0,3.580952380952381,0.0
CDMS-11-6B-EROCO-CorrEtiq.txt,20.0,16.0,19.0,0.0,1.0,1.0,1.0,0.0,16.0,6.0,2.375,0.14166666666666666,10.0,4.247619047619048,0.0
CDMS-11-6B-JACUPE-CorrEtiq.txt,20.0,14.0,19.0,1.0,1.0,1.0,1.0,0.0,14.0,11.0,2.7142857142857144,0.17582417582417584,7.0,2.9725274725274726,0.0
CDMS-11-6B-JDCHBA-CorrEtiq.txt,20.0,16.0,19.0,0.0,0.0,0.0,0.0,1.0,16.0,11.0,2.375,0.14166666666666666,9.0,3.735294117647059,0.12037037037037036
CDMS-11-6B-JFSAHE-CorrEtiq.txt,20.0,17.0,19.0,0.0,0.0,0.0,0.0,0.0,17.0,13.0,2.235294117647059,0.125,9.5,4.088235294117647,0.0
CDMS-11-6B-JLPENA-CorrEtiq.txt,20.0,17.0,19.0,0.0,0.0,1.0,0.0,0.0,15.0,7.0,2.235294117647059,0.13970588235294118,7.0,3.2476190476190476,0.0
CDMS-11-6B-JMARME-CorrEtiq.txt,20.0,17.0,19.0,0.0,0.0,0.0,0.0,0.0,17.0,9.0,2.235294117647059,0.1323529411764706,9.0,4.051470588235294,0.0
CDMS-11-6B-JPSAMA-CorrEtiq.txt,20.0,17.0,19.0,0.0,0.0,0.0,0.0,0.0,17.0,9.0,2.235294117647059,0.1323529411764706,10.0,3.9338235294117645,0.0
CDMS-11-6B-LESTA-CorrEtiq.txt,20.0,17.0,19.0,0.0,0.0,0.0,0.0,0.0,16.0,8.0,2.235294117647059,0.1323529411764706,9.0,3.791208791208791,0.0
CDMS-11-6B-MAGIMU-CorrEtiq.txt,20.0,16.0,19.0,0.0,0.0,2.0,0.0,0.0,16.0,10.0,2.375,0.14166666666666666,10.0,3.933333333333333,0.0
CDMS-11-6B-MEBRTA-CorrEtiq.txt,20.0,17.0,19.0,1.0,0.0,1.0,0.0,0.0,17.0,7.0,2.235294117647059,0.1323529411764706,10.0,4.095588235294118,0.0
CDMS-11-6B-MMAMO-CorrEtiq.txt,20.0,17.0,19.0,0.0,0.0,0.0,0.0,0.0,17.0,12.0,2.235294117647059,0.13970588235294118,8.0,3.574264705882353,0.0
CDMS-11-6B-RSECA-CorrEtiq.txt,20.0,18.0,19.0,0.0,0.0,0.0,0.0,0.0,18.0,8.0,2.111111111111111,0.11764705882352941,11.0,4.631578947368421,0.0
CDMS-11-6B-SCAPA-CorrEtiq.txt,20.0,18.0,19.0,0.0,0.0,0.0,0.0,1.0,18.0,9.5,2.111111111111111,0.12418300653594772,9.0,3.926470588235294,0.0857843137254902
CDMS-11-6B-VZAPE-CorrEtiq.txt,20.0,16.0,19.0,0.0,0.0,1.0,0.0,0.0,16.0,12.0,2.375,0.14166666666666666,8.0,3.466666666666667,0.0
CDMS-11-6B-YLNIME-CorrEtiq.txt,20.0,18.0,19.0,0.0,0.0,0.0,0.0,0.0,18.0,12.0,2.111111111111111,0.12418300653594772,9.5,3.98218954248366,0.0
CDMS-11-7C-ICARE-CorrEtiq.txt,20.0,16.0,19.0,0.0,1.0,0.0,1.0,1.0,16.0,14.0,2.375,0.15,7.0,3.2583333333333333,0.12472222222222222
CDMS-11-7C-SALMA-CorrEtiq.txt,20.0,16.0,19.0,0.0,0.0,0.0,0.0,0.0,16.0,12.0,2.375,0.14166666666666666,8.0,3.408333333333333,0.0
CDMS-11-7C-SPGAVE-CorrEtiq.txt,20.0,17.0,19.0,0.0,0.0,0.0,0.0,1.0,16.0,9.0,2.235294117647059,0.1323529411764706,8.0,3.5588235294117645,0.08333333333333333
CDMS-12-5A-SRIGO-CorrEtiq.txt,20.0,17.0,19.0,1.0,0.0,0.0,0.0,0.0,17.0,10.0,2.235294117647059,0.13970588235294118,9.0,3.8131868131868134,0.0
CDMS-12-6A-FAROPA-CorrEtiq.txt,20.0,16.0,19.0,0.0,0.0,1.0,0.0,0.0,16.0,11.0,2.375,0.13970588235294118,9.0,3.7232843137254905,0.0
CDMS-12-6A-JGIGA-CorrEtiq.txt,20.0,18.0,19.0,0.0,0.0,0.0,0.0,0.0,18.0,11.0,2.111111111111111,0.12418300653594772,9.0,3.7142857142857144,0.0
CDMS-12-6A-SROAL-CorrEtiq.txt,20.0,16.0,19.0,1.0,0.0,0.0,0.0,0.0,16.0,12.0,2.375,0.15192307692307694,8.0,3.2384615384615385,0.0
CDMS-12-6B-IJDAGA-CorrEtiq.txt,20.0,16.0,19.0,0.0,0.0,1.0,0.0,0.0,16.0,10.0,2.375,0.13333333333333333,9.0,3.8970588235294117,0.0
CDMS-12-6B-SCLAG-CorrEtiq.txt,20.0,13.5,19.0,1.0,1.0,1.0,1.0,1.0,13.0,11.0,2.741758241758242,0.17765567765567766,5.0,2.63003663003663,0.10485347985347984
CDMS-12-7C-CATRAR-CorrEtiq.txt,20.0,17.0,19.0,0.0,0.0,0.0,0.0,1.0,17.0,9.5,2.235294117647059,0.13970588235294118,8.0,3.485294117647059,0.12037037037037036
CDMS-12-7C-DLOLO-CorrEtiq.txt,20.0,16.0,19.0,0.0,1.0,0.0,1.0,1.0,16.0,11.0,2.375,0.15,9.0,3.6923076923076925,0.04444444444444444
CDMS-12-7C-JSZAOR-CorrEtiq.txt,20.0,16.0,19.0,0.0,0.0,1.5,0.0,1.0,16.0,9.0,2.375,0.15,9.0,3.5604395604395602,0.09131944444444444
CDMS-12-7C-MAROBE-CorrEtiq.txt,20.0,18.0,19.0,0.0,0.0,0.0,0.0,0.0,18.0,10.0,2.111111111111111,0.12418300653594772,10.0,4.192401960784314,0.0
CDMS-12-7C-VMAPA-CorrEtiq.txt,20.0,18.0,19.0,0.0,0.0,0.0,0.0,0.0,18.0,14.0,2.111111111111111,0.12418300653594772,9.0,3.7483660130718954,0.0
CDMS-12-7C-VQURA-CorrEtiq.txt,20.0,16.0,19.0,0.0,0.0,0.0,0.0,0.0,16.0,11.0,2.375,0.13970588235294118,8.0,3.670238095238095,0.0
CDMS-13-6B-JDTAHE-CorrEtiq.txt,20.0,16.0,19.0,0.0,1.0,1.0,1.0,0.0,16.0,8.0,2.25,0.13333333333333333,9.0,3.8833333333333333,0.0
CDMS-13-7C-MVEAR-CorrEtiq.txt,20.0,16.0,19.0,0.0,1.0,1.0,1.0,0.0,16.0,9.0,2.375,0.14285714285714285,8.0,3.520833333333333,0.0
CDMS-13-7C-RAIZAC-CorrEtiq.txt,20.0,17.0,19.0,0.0,0.0,1.0,0.0,1.0,17.0,8.0,2.235294117647059,0.13333333333333333,9.0,3.985294117647059,0.0784313725490196
CDMS-13-7C-SSOSLO-CorrEtiq.txt,20.0,16.0,19.0,0.0,1.0,0.0,1.0,1.0,16.0,6.0,2.375,0.13333333333333333,11.0,4.366666666666666,0.09375
CDMS-14-10A-IMORTO-CorrEtiq.txt,20.0,18.0,19.0,0.0,0.0,0.0,0.0,0.0,18.0,11.0,2.111111111111111,0.12418300653594772,9.0,3.888888888888889,0.0
CDMS-14-10A-JCVANI-CorrEtiq.txt,20.0,16.0,19.0,0.0,0.0,0.0,0.0,1.0,16.0,10.0,2.375,0.13970588235294118,8.0,3.5661764705882355,0.10416666666666666
CDMS-14-6B-KDCAHE-CorrEtiq.txt,20.0,16.0,18.0,0.0,1.0,0.5,1.0,0.0,13.0,7.0,2.25,0.14166666666666666,5.0,2.7714285714285714,0.08384353741496597
CDMS-15-10A-AMALOS-CorrEtiq.txt,20.0,17.0,19.0,0.0,0.0,0.0,0.0,0.0,17.0,8.0,2.235294117647059,0.1323529411764706,10.0,4.330882352941177,0.0
CDMS-15-10A-JJMACH-CorrEtiq.txt,20.0,18.0,19.0,0.0,0.0,0.0,0.0,0.0,18.0,9.0,2.111111111111111,0.12418300653594772,11.0,4.637426900584796,0.0
CDMS-15-10A-MAALCA-CorrEtiq.txt,20.0,17.0,19.0,0.0,1.0,0.0,1.0,0.0,17.0,11.0,2.235294117647059,0.13284313725490196,8.5,3.829901960784314,0.0
CDMS-15-10A-MAALRI-CorrEtiq.txt,20.0,17.0,19.0,0.0,0.0,1.0,0.0,0.0,17.0,8.0,2.235294117647059,0.13333333333333333,10.0,4.048121812827695,0.0
CDMS-15-10A-SGOMO-CorrEtiq.txt,20.0,16.0,19.0,0.0,1.0,0.0,1.0,0.0,16.0,11.0,2.375,0.13970588235294118,8.0,3.4901960784313726,0.0
CDMS-15-10A-SHEGA-CorrEtiq.txt,20.0,16.0,19.0,1.0,1.0,0.0,1.0,0.0,16.0,10.0,2.375,0.15,8.0,3.5235805860805858,0.0
CDMS-15-11B-JEMOLO-CorrEtiq.txt,20.0,16.0,19.0,1.0,0.0,1.0,0.0,0.0,16.0,8.0,2.375,0.15,9.0,3.841666666666667,0.0
CDMS-15-11B-VSAHO-CorrEtiq.txt,20.0,17.0,19.0,0.0,0.0,1.0,0.0,0.0,17.0,9.0,2.235294117647059,0.12867647058823528,10.0,4.152369281045752,0.0
CDMS-16-10A-SGALO-CorrEtiq.txt,20.0,18.0,19.0,0.0,0.0,0.0,0.0,0.0,18.0,10.0,2.111111111111111,0.12418300653594772,10.0,4.045751633986928,0.0
CDMS-16-11B-NGABE-CorrEtiq.txt,20.0,17.0,19.0,0.0,0.0,0.0,0.0,0.0,17.0,11.0,2.235294117647059,0.1323529411764706,9.0,3.80718954248366,0.0
CDMS-17-10A-ASSAMO-CorrEtiq.txt,20.0,17.0,19.0,0.0,0.0,0.0,0.0,0.0,17.0,10.0,2.235294117647059,0.1323529411764706,11.0,4.3088235294117645,0.0
CDMS-18-7C-VVECA-CorrEtiq.txt,20.0,17.0,19.0,1.0,0.0,0.0,0.0,0.0,17.0,10.0,2.235294117647059,0.1323529411764706,9.0,3.801470588235294,0.0
CDMS-8-4A-DJAVDA-CorrEtiq.txt,20.0,15.0,19.0,1.0,0.0,1.0,0.0,0.0,15.0,12.0,2.533333333333333,0.17142857142857143,6.0,2.7333333333333334,0.0
CDMS-8-4A-DOSTR-CorrEtiq.txt,20.0,15.0,19.0,1.0,0.0,1.0,0.0,0.0,15.0,10.0,2.533333333333333,0.1619047619047619,7.0,3.120879120879121,0.0
CDMS-8-4A-LGOPA-CorrEtiq.txt,20.0,15.0,18.0,1.0,1.0,0.0,1.0,0.0,15.0,9.0,2.4,0.1523809523809524,7.0,3.125,0.0
CDMS-8-4C-JDBUTU-CorrEtiq.txt,20.0,12.0,17.0,2.0,1.5,4.0,1.0,1.0,10.0,4.5,2.8333333333333335,0.17424242424242425,5.5,2.6444444444444444,0.2236111111111111
CDMS-9-4A-ACDUTR-CorrEtiq.txt,20.0,17.0,18.0,0.0,0.0,1.0,0.0,0.0,15.0,11.0,2.1176470588235294,0.125,5.0,2.7892857142857146,0.0
CDMS-9-4A-CARGA-CorrEtiq.txt,20.0,16.0,19.0,1.0,0.0,0.0,0.0,0.0,16.0,12.0,2.375,0.15,7.0,3.123809523809524,0.08444444444444445
CDMS-9-4A-CRAAG-CorrEtiq.txt,20.0,15.0,19.0,2.0,0.0,2.0,0.0,0.0,15.0,9.0,2.533333333333333,0.1523809523809524,8.0,3.525,0.0
CDMS-9-4A-EROHI-CorrEtiq.txt,20.0,17.0,19.0,1.0,0.0,1.0,0.0,0.0,17.0,8.5,2.235294117647059,0.12867647058823528,10.5,4.326388888888889,0.0
CDMS-9-4A-ILOSE-CorrEtiq.txt,20.0,18.0,19.0,0.0,0.0,0.0,0.0,0.0,17.0,11.0,2.111111111111111,0.12418300653594772,9.0,3.9934640522875817,0.0
CDMS-9-4A-TGAFR-CorrEtiq.txt,20.0,16.0,19.0,0.0,1.0,1.0,1.0,0.0,15.0,11.0,2.375,0.15,7.5,3.1952380952380954,0.0
CDMS-9-4C-SCAMO-CorrEtiq.txt,20.0,17.0,19.0,0.0,0.0,0.0,0.0,0.0,17.0,10.0,2.235294117647059,0.1323529411764706,9.0,3.9869281045751634,0.0
CDMS-9-5A-ABERO-CorrEtiq.txt,20.0,15.0,19.0,1.0,1.0,2.0,1.0,0.0,15.0,9.0,2.533333333333333,0.1523809523809524,8.0,3.638095238095238,0.0
CDMS-9-5A-VVAAR-CorrEtiq.txt,20.0,17.0,19.0,0.0,0.0,0.0,0.0,0.0,17.0,8.0,2.235294117647059,0.12867647058823528,10.0,4.207924836601308,0.0
CDMS-9-5C-JDMADE-CorrEtiq.txt,20.0,16.0,19.0,1.0,0.0,1.0,0.0,0.0,16.0,10.0,2.375,0.13970588235294118,8.0,3.7083333333333335,0.0
CDMS-9-5C-LVIZAC-CorrEtiq.txt,20.0,15.0,19.0,1.0,1.0,1.0,1.0,0.0,15.0,9.0,2.4,0.14285714285714285,9.0,3.7734432234432234,0.05381944444444444
CDMS-9-5C-MLOGO-CorrEtiq.txt,20.0,15.0,19.0,1.0,0.0,0.5,0.0,2.0,15.0,11.0,2.533333333333333,0.1619047619047619,8.0,3.354656862745098,0.09465277777777778
CDMS-XX-10A-VGILO-CorrEtiq.txt,20.0,18.0,19.0,0.0,0.0,0.0,0.0,0.0,17.0,12.0,2.111111111111111,0.12418300653594772,9.0,3.855392156862745,0.0
CDMS-XX-5C-MPCAQU-CorrEtiq.txt,20.0,16.0,19.0,0.0,0.0,0.0,0.0,0.0,16.0,11.5,2.375,0.13970588235294118,8.0,3.6637254901960783,0.04444444444444444
CDMS-XX-6B-SPUCA-CorrEtiq.txt,20.0,17.0,19.0,0.0,0.0,0.0,0.0,0.0,17.0,11.5,2.235294117647059,0.1323529411764706,8.0,3.7713352007469654,0.0
CSO-10-4A-KCOMO-CorrEtiq.txt,20.0,18.0,19.0,0.0,0.0,0.0,0.0,0.0,18.0,10.0,2.111111111111111,0.12091503267973856,10.0,4.1797385620915035,0.0
CSO-10-4A-LRAVI-CorrEtiq.txt,20.0,18.0,19.0,0.0,1.0,0.0,1.0,0.0,18.0,12.0,2.111111111111111,0.12418300653594772,9.0,4.052287581699346,0.0
CSO-10-4A-LSCAVA-CorrEtiq.txt,20.0,17.0,19.0,0.0,0.0,0.0,0.0,0.0,17.0,10.0,2.235294117647059,0.1323529411764706,10.0,4.032679738562091,0.0
CSO-10-5A-ACAVA-CorrEtiq.txt,20.0,15.0,19.0,0.0,0.0,1.0,0.0,0.5,15.0,9.5,2.4,0.1511904761904762,8.0,3.5113553113553113,0.041666666666666664
CSO-10-5A-ARACA-CorrEtiq.txt,20.0,16.0,19.0,1.0,0.0,0.0,0.0,0.0,16.0,11.0,2.375,0.15,7.0,3.211904761904762,0.0
CSO-10-5A-DABRZA-CorrEtiq.txt,20.0,15.0,19.0,1.0,1.0,1.0,1.0,0.0,15.0,9.0,2.4,0.15,8.0,3.552380952380952,0.0
CSO-10-5A-GZAMA-CorrEtiq.txt,20.0,16.0,19.0,0.0,0.0,0.0,0.0,0.0,16.0,13.0,2.375,0.15,7.0,3.301470588235294,0.0
CSO-10-5A-IPECA-CorrEtiq.txt,20.0,18.0,19.0,0.0,0.0,0.0,0.0,0.0,18.0,9.0,2.111111111111111,0.12418300653594772,9.0,3.895424836601307,0.0
CSO-10-5A-JANORO-CorrEtiq.txt,20.0,17.0,19.0,0.0,0.0,0.0,0.0,0.0,17.0,9.0,2.235294117647059,0.125,10.0,4.114285714285714,0.0
CSO-10-5A-JBUVE-CorrEtiq.txt,20.0,17.0,19.0,0.0,0.0,1.0,0.0,0.0,17.0,8.0,2.235294117647059,0.12418300653594772,11.5,4.603371173030616,0.0
CSO-10-5A-JJSEMO-CorrEtiq.txt,20.0,17.0,18.0,1.0,2.0,0.0,1.0,1.0,15.0,3.0,2.1176470588235294,0.125,10.0,4.0,0.13125
CSO-10-5A-JLCARI-CorrEtiq.txt,20.0,16.0,19.0,0.0,1.0,0.0,1.0,0.0,16.0,10.5,2.375,0.14166666666666666,9.0,3.7875,0.0
CSO-10-5A-MAARAN-CorrEtiq.txt,20.0,16.0,19.0,0.0,0.0,0.0,0.0,1.0,16.0,13.0,2.375,0.14166666666666666,7.0,3.198529411764706,0.08333333333333333
CSO-10-5A-RVMOIB-CorrEtiq.txt,20.0,18.0,19.0,0.0,0.0,0.0,0.0,0.0,17.0,9.0,2.111111111111111,0.12418300653594772,9.0,4.051470588235294,0.0
CSO-10-5A-SVHEES-CorrEtiq.txt,20.0,16.0,19.0,0.0,0.0,1.0,0.0,0.0,16.0,10.0,2.375,0.14166666666666666,9.0,3.712820512820513,0.0
CSO-11-5A-MDVOSPE-CorrEtiq.txt,20.0,17.0,19.0,0.0,0.0,0.0,0.0,0.0,17.0,9.5,2.235294117647059,0.13333333333333333,9.0,3.980672268907563,0.0
CSO-11-5A-MTAGA-CorrEtiq.txt,20.0,17.0,18.0,0.0,0.0,0.0,0.0,0.0,17.0,9.0,2.0,0.11764705882352941,8.0,3.7573529411764706,0.0
CSO-11-6A-CAPAMU-CorrEtiq.txt,20.0,17.0,19.0,0.0,1.0,0.0,1.0,0.0,16.0,10.0,2.235294117647059,0.13970588235294118,9.0,3.7058823529411766,0.0
CSO-11-6A-DSCACH-CorrEtiq.txt,20.0,17.0,19.0,0.0,0.0,0.0,0.0,0.0,17.0,10.0,2.235294117647059,0.1323529411764706,10.0,4.073529411764706,0.0
CSO-11-6A-EROMO-CorrEtiq.txt,20.0,17.0,19.0,0.0,0.0,0.0,0.0,0.0,17.0,12.0,2.235294117647059,0.125,9.0,3.816993464052288,0.0
CSO-11-6A-FSOVRE-CorrEtiq.txt,20.0,16.0,19.0,0.0,1.0,0.0,1.0,0.0,16.0,6.0,2.25,0.13333333333333333,9.0,3.6752450980392153,0.0
CSO-11-6B-ANREVA-CorrEtiq.txt,20.0,17.0,19.0,0.0,0.0,0.0,0.0,0.0,17.0,13.0,2.235294117647059,0.13970588235294118,7.0,3.286764705882353,0.0
CSO-11-6B-DISEMO-CorrEtiq.txt,20.0,16.0,17.0,1.0,0.0,0.5,0.0,0.0,15.0,5.0,2.125,0.125,9.0,3.7908424908424907,0.0
CSO-11-6B-LHFDLACH-CorrEtiq.txt,20.0,16.0,19.0,1.0,0.0,0.0,0.0,0.0,16.0,7.0,2.375,0.13970588235294118,10.0,4.052287581699346,0.0
CSO-11-6B-RJGIHE-CorrEtiq.txt,20.0,16.0,19.0,0.0,0.0,2.0,0.0,0.0,16.0,11.0,2.375,0.14068627450980392,8.0,3.4875,0.0
CSO-11-6B-SFLVA-CorrEtiq.txt,20.0,17.0,19.0,1.0,0.0,0.0,0.0,0.0,17.0,9.0,2.235294117647059,0.125,10.0,4.279411764705882,0.0
CSO-11-6B-VCOMA-CorrEtiq.txt,20.0,17.0,19.0,1.0,0.0,0.0,0.0,0.0,17.0,10.0,2.235294117647059,0.13970588235294118,9.0,3.9558823529411766,0.0
CSO-12-6A-DGISE-CorrEtiq.txt,20.0,16.0,17.0,1.0,0.0,0.0,0.0,0.0,12.0,10.0,2.125,0.13333333333333333,5.0,2.6818181818181817,0.0
CSO-12-6A-FJOVRE-CorrEtiq.txt,20.0,15.0,19.0,1.0,1.0,1.0,1.0,0.0,15.0,9.0,2.533333333333333,0.14285714285714285,8.0,3.447619047619048,0.0
CSO-12-6B-GQULO-CorrEtiq.txt,20.0,17.0,19.0,0.0,0.0,0.0,0.0,0.0,17.0,10.0,2.235294117647059,0.1323529411764706,9.0,3.973856209150327,0.06481481481481481
CSO-12-6B-LJHEFE-CorrEtiq.txt,20.0,17.0,19.0,0.0,0.0,0.0,0.0,0.0,17.0,7.0,2.235294117647059,0.13970588235294118,9.0,3.9044117647058822,0.0
CSO-12-6B-VPAMA-CorrEtiq.txt,20.0,18.0,19.0,0.0,0.0,1.0,0.0,0.0,18.0,8.0,2.111111111111111,0.11764705882352941,11.5,4.633986928104575,0.0
CSO-12-7A-DALRE-CorrEtiq.txt,20.0,13.0,19.0,3.0,0.0,0.0,0.0,1.0,13.0,11.0,2.923076923076923,0.21794871794871795,5.0,2.423076923076923,0.06666666666666667
CSO-12-7A-ESALA-CorrEtiq.txt,20.0,18.0,19.0,0.0,0.0,0.0,0.0,0.0,18.0,10.0,2.111111111111111,0.12418300653594772,11.0,4.381535947712418,0.0
CSO-12-7A-IMERO-CorrEtiq.txt,20.0,16.0,19.0,0.0,0.0,1.0,0.0,0.0,16.0,9.0,2.375,0.14166666666666666,10.0,3.9,0.0
CSO-12-7A-JHEZA-CorrEtiq.txt,20.0,16.0,19.0,1.0,0.0,0.0,0.0,0.0,16.0,10.0,2.375,0.14166666666666666,9.0,3.6797619047619046,0.0
CSO-12-7A-LSARAR-CorrEtiq.txt,20.0,18.0,19.0,0.0,0.0,1.0,0.0,0.0,17.0,9.0,2.111111111111111,0.11764705882352941,11.0,4.562091503267974,0.0
CSO-12-7A-SCAHO-CorrEtiq.txt,20.0,17.0,19.0,0.0,0.0,0.0,0.0,0.0,17.0,10.0,2.235294117647059,0.1323529411764706,8.0,3.6470588235294117,0.0
CSO-12-7B-DVAGRO-CorrEtiq.txt,20.0,16.0,19.0,0.0,0.0,1.0,0.0,0.0,16.0,11.0,2.375,0.14166666666666666,8.0,3.5583333333333336,0.0
CSO-12-7B-SMUGU-CorrEtiq.txt,20.0,16.0,19.0,1.0,0.0,0.0,0.0,0.0,16.0,11.0,2.375,0.13970588235294118,8.0,3.3333333333333335,0.0
CSO-12-7B-SSARA-CorrEtiq.txt,20.0,17.0,19.0,0.0,0.0,0.0,0.0,0.0,17.0,11.0,2.235294117647059,0.125,9.0,3.8300653594771243,0.0
CSO-12-7B-VHOMA-CorrEtiq.txt,20.0,17.0,19.0,0.0,1.0,0.0,1.0,1.0,17.0,9.0,2.235294117647059,0.1323529411764706,10.0,3.9934640522875817,0.08630952380952381
CSO-12-8A-YTOME-CorrEtiq.txt,20.0,17.0,19.0,0.0,1.0,0.0,1.0,0.0,17.0,12.0,2.235294117647059,0.1323529411764706,9.0,3.7426470588235294,0.0
CSO-13-6A-ANASA-CorrEtiq.txt,20.0,18.0,19.0,0.0,0.0,0.0,0.0,0.0,18.0,10.0,2.111111111111111,0.12418300653594772,10.0,4.055147058823529,0.0
CSO-13-6B-JETAVE-CorrEtiq.txt,20.0,17.0,19.0,0.0,0.0,0.0,0.0,0.0,17.0,9.0,2.235294117647059,0.1323529411764706,9.0,3.6993464052287583,0.0
CSO-13-6B-LFMIES-CorrEtiq.txt,20.0,18.0,19.0,0.0,0.0,0.0,0.0,0.0,18.0,6.0,2.0,0.11764705882352941,10.0,4.382352941176471,0.0
CSO-13-6B-LJMAHU-CorrEtiq.txt,20.0,17.0,19.0,0.0,1.0,0.0,1.0,0.0,16.0,7.0,2.235294117647059,0.125,9.0,3.7205882352941178,0.0
CSO-13-7A-CAPAMU-CorrEtiq.txt,20.0,16.0,19.0,0.0,0.0,0.0,0.0,0.0,16.0,11.0,2.375,0.14166666666666666,9.0,3.591666666666667,0.0
CSO-13-7A-CDDITR-CorrEtiq.txt,20.0,16.0,19.0,0.0,0.0,0.0,0.0,0.5,16.0,12.0,2.375,0.15,6.0,3.020833333333333,0.04444444444444444
CSO-13-7A-JJATFL-CorrEtiq.txt,20.0,17.0,19.0,0.0,0.0,0.0,0.0,0.0,17.0,10.0,2.235294117647059,0.1323529411764706,9.0,3.786764705882353,0.0
CSO-13-7A-KRAMA-CorrEtiq.txt,20.0,17.0,18.0,0.0,1.0,0.0,1.0,0.0,16.0,7.0,2.1176470588235294,0.125,9.0,3.911764705882353,0.0
CSO-13-7A-RXCHLU-CorrEtiq.txt,20.0,16.0,19.0,1.0,1.0,0.0,1.0,0.0,16.0,11.0,2.375,0.1523809523809524,7.0,3.3076923076923075,0.0
CSO-13-7A-YAMEZA-CorrEtiq.txt,20.0,17.0,19.0,0.0,0.0,0.0,0.0,0.0,17.0,9.0,2.235294117647059,0.1323529411764706,9.0,3.9411764705882355,0.0
CSO-13-8A-KIGAGU-CorrEtiq.txt,20.0,17.0,19.0,0.0,0.0,1.0,0.0,0.0,17.0,8.0,2.235294117647059,0.125,11.0,4.544966063348417,0.0
CSO-13-8A-MBUAN-CorrEtiq.txt,20.0,18.0,17.0,0.0,0.0,0.0,0.0,0.0,17.5,1.0,1.8888888888888888,0.1111111111111111,8.5,3.6764705882352944,0.0
CSO-13-8A-MGAAN-CorrEtiq.txt,20.0,18.0,19.0,0.0,0.0,0.0,0.0,0.0,18.0,10.0,2.111111111111111,0.12418300653594772,10.0,4.057142857142857,0.0
CSO-13-8A-MGAHE-CorrEtiq.txt,20.0,16.5,19.0,0.0,0.0,0.0,0.0,0.0,16.5,12.0,2.3051470588235294,0.14068627450980392,7.0,3.3,0.0
CSO-13-8A-MJAGA-CorrEtiq.txt,20.0,17.0,19.0,0.0,1.0,1.0,1.0,1.0,17.0,9.0,2.235294117647059,0.1323529411764706,9.0,4.022058823529412,0.08823529411764706
CSO-13-8A-VHODU-CorrEtiq.txt,20.0,16.0,19.0,1.0,0.0,0.0,0.0,0.0,16.0,12.0,2.375,0.13970588235294118,8.0,3.6838235294117645,0.0
CSO-13-8B-FCJISA-CorrEtiq.txt,20.0,18.0,19.0,0.0,0.0,0.0,0.0,0.0,18.0,13.0,2.111111111111111,0.12418300653594772,10.0,4.065359477124183,0.0
CSO-13-8B-JEMABE-CorrEtiq.txt,20.0,13.0,19.0,1.0,1.5,1.0,1.0,3.0,13.0,8.0,2.769230769230769,0.19230769230769232,7.0,3.358974358974359,0.28516483516483515
CSO-13-9B-DMLLLU-CorrEtiq.txt,20.0,17.0,18.0,0.0,0.0,1.0,0.0,0.0,16.0,2.0,2.1176470588235294,0.125,11.0,4.316666666666666,0.0
CSO-14-7A-MVEBE-CorrEtiq.txt,20.0,16.0,19.0,0.0,0.0,0.0,0.0,0.0,16.0,15.0,2.375,0.15833333333333333,6.0,2.9833333333333334,0.0
CSO-14-7B-EVEGO-CorrEtiq.txt,20.0,17.0,19.0,0.0,0.0,0.0,0.0,0.0,17.0,10.0,2.235294117647059,0.125,10.0,4.2745098039215685,0.0
CSO-14-8A-AQUMA-CorrEtiq.txt,20.0,16.0,19.0,0.0,0.0,0.0,0.0,1.0,16.0,9.0,2.375,0.15,8.0,3.275,0.08222222222222222
CSO-14-8A-MCIDOS-CorrEtiq.txt,20.0,16.0,19.0,0.0,2.0,1.0,2.0,0.0,16.0,9.5,2.375,0.13333333333333333,8.5,3.7916666666666665,0.0
CSO-14-8A-SZARA-CorrEtiq.txt,20.0,16.0,19.0,0.0,1.0,0.0,1.0,0.0,16.0,8.5,2.375,0.14226190476190476,8.0,3.571428571428571,0.0
CSO-14-8B-JLLORA-CorrEtiq.txt,20.0,16.0,19.0,0.0,0.0,1.0,0.0,0.0,16.0,12.0,2.375,0.15833333333333333,7.0,3.1083333333333334,0.0
CSO-14-9A-AEDCAGO-CorrEtiq.txt,20.0,17.0,19.0,0.0,0.0,0.0,0.0,0.0,17.0,8.0,2.235294117647059,0.1323529411764706,9.0,3.823529411764706,0.0
CSO-14-9A-HASACA-CorrEtiq.txt,20.0,17.0,19.0,0.0,0.0,0.0,0.0,0.0,17.0,12.0,2.235294117647059,0.1360294117647059,8.0,3.6066176470588234,0.0
CSO-14-9A-JSMAAL-CorrEtiq.txt,20.0,17.0,19.0,0.0,0.0,0.0,0.0,0.0,17.0,11.0,2.235294117647059,0.1323529411764706,8.0,3.633986928104575,0.0
CSO-14-9A-MARJA-CorrEtiq.txt,20.0,17.0,19.0,0.0,0.0,0.0,0.0,0.0,17.0,11.0,2.235294117647059,0.12867647058823528,10.0,4.150326797385621,0.0
CSO-14-9A-SORZU-CorrEtiq.txt,20.0,16.0,19.0,1.0,0.0,1.0,0.0,0.0,16.0,10.0,2.375,0.15,7.0,3.1291666666666664,0.1
CSO-14-9B-ERAGA-CorrEtiq.txt,20.0,16.0,19.0,0.0,0.0,1.0,0.0,0.5,16.0,11.0,2.375,0.14166666666666666,8.0,3.5166666666666666,0.0392156862745098
CSO-14-9B-MFEGA-CorrEtiq.txt,20.0,17.0,19.0,0.0,1.0,0.0,1.0,0.0,17.0,11.0,2.235294117647059,0.13333333333333333,9.0,3.875,0.0
CSO-15-10A-LJRAGU-CorrEtiq.txt,20.0,17.0,19.0,0.0,1.0,0.0,1.0,0.0,17.0,11.0,2.235294117647059,0.1323529411764706,9.0,3.8833333333333333,0.0
CSO-15-10A-MAARLO-CorrEtiq.txt,20.0,16.0,19.0,0.0,0.0,1.0,0.0,1.0,16.0,7.0,2.375,0.13333333333333333,9.0,3.845833333333333,0.10714285714285714
CSO-15-10A-SFEGA-CorrEtiq.txt,20.0,17.0,18.0,0.0,0.0,1.0,0.0,0.0,17.0,11.0,2.1176470588235294,0.125,9.5,4.132352941176471,0.0
CSO-15-10B-MEBUAR-CorrEtiq.txt,20.0,16.0,19.0,1.0,0.0,0.0,0.0,0.0,16.0,11.0,2.375,0.14166666666666666,8.0,3.6209150326797386,0.0
CSO-15-10B-YVBUAN-CorrEtiq.txt,20.0,17.0,19.0,0.0,0.0,1.0,0.0,0.0,17.0,11.0,2.235294117647059,0.13970588235294118,8.0,3.549019607843137,0.0
CSO-15-10C-SSCAMO-CorrEtiq.txt,20.0,17.0,19.0,0.0,0.0,0.0,0.0,1.0,17.0,9.0,2.235294117647059,0.13970588235294118,9.0,3.9444444444444446,0.07407407407407407
CSO-15-11C-JETALO-CorrEtiq.txt,20.0,16.0,19.0,1.0,0.0,0.0,0.0,1.0,16.0,8.0,2.375,0.15,9.0,3.661764705882353,0.11481481481481483
CSO-15-7B-JCRAGA-CorrEtiq.txt,20.0,18.0,19.0,0.0,0.0,0.0,0.0,0.0,18.0,12.0,2.111111111111111,0.12418300653594772,8.0,3.486519607843137,0.0
CSO-15-8A-VBMABR-CorrEtiq.txt,20.0,16.0,19.0,0.0,0.0,0.0,0.0,0.0,16.0,11.0,2.375,0.14166666666666666,8.0,3.316666666666667,0.0
CSO-15-8B-KEPOGO-CorrEtiq.txt,20.0,17.0,19.0,0.0,0.0,0.0,0.0,0.0,17.0,10.0,2.235294117647059,0.1323529411764706,9.0,3.963235294117647,0.0
CSO-15-9B-ALRIHE-CorrEtiq.txt,20.0,17.0,19.0,0.0,0.0,0.0,0.0,0.0,17.0,9.0,2.235294117647059,0.125,11.0,4.816993464052287,0.0
CSO-15-9B-AMSAGO-CorrEtiq.txt,20.0,18.0,19.0,1.0,0.0,0.0,0.0,0.0,18.0,8.0,2.111111111111111,0.12418300653594772,11.0,4.594771241830065,0.0
CSO-15-9B-JCAPA-CorrEtiq.txt,20.0,16.0,19.0,0.0,0.0,0.0,0.0,1.0,16.0,12.0,2.25,0.14166666666666666,8.0,3.5166666666666666,0.09375
CSO-15-9B-KSBEJA-CorrEtiq.txt,20.0,17.0,19.0,0.0,0.0,0.0,0.0,0.0,17.0,10.5,2.235294117647059,0.13970588235294118,8.0,3.4047969187675067,0.0
CSO-15-9B-RMCHLU-CorrEtiq.txt,20.0,17.0,19.0,0.0,0.0,0.0,0.0,0.0,17.0,12.0,2.235294117647059,0.13284313725490196,8.0,3.552287581699346,0.0
CSO-16-10A-JEGAHE-CorrEtiq.txt,20.0,14.0,19.0,2.0,0.0,0.0,0.0,3.0,14.0,8.0,2.7142857142857144,0.18131868131868134,8.0,3.21978021978022,0.12393162393162394
CSO-16-10A-MSACO-CorrEtiq.txt,20.0,15.0,19.0,2.0,0.0,0.0,0.0,4.0,15.0,7.0,2.533333333333333,0.1619047619047619,8.0,3.5095238095238095,0.1111111111111111
CSO-16-10A-YKMUJO-CorrEtiq.txt,20.0,16.5,19.0,0.0,1.0,0.0,1.0,0.0,16.5,14.0,2.3051470588235294,0.14485294117647057,7.0,3.4558823529411766,0.0
CSO-16-10B-JESUGU-CorrEtiq.txt,20.0,17.0,19.0,0.0,0.0,0.0,0.0,0.0,17.0,9.0,2.235294117647059,0.1323529411764706,9.0,4.0130718954248366,0.0
CSO-16-10B-LTVIFA-CorrEtiq.txt,20.0,18.0,19.0,0.0,0.0,0.0,0.0,1.0,18.0,8.0,2.111111111111111,0.12418300653594772,10.5,4.290849673202614,0.08047619047619048
CSO-16-10B-VVILI-CorrEtiq.txt,20.0,18.0,19.0,0.0,0.0,0.0,0.0,0.0,18.0,11.0,2.111111111111111,0.12418300653594772,10.0,4.0588235294117645,0.0
CSO-16-10C-ACALGU-CorrEtiq.txt,20.0,16.0,19.0,0.0,0.0,0.0,0.0,0.0,16.0,11.0,2.3125,0.14068627450980392,8.0,3.5982843137254905,0.0
CSO-16-10C-MAVAVE-CorrEtiq.txt,20.0,17.0,19.0,0.0,0.0,0.0,0.0,0.0,17.0,12.0,2.235294117647059,0.1323529411764706,8.0,3.581699346405229,0.0
CSO-16-11A-JAVABO-CorrEtiq.txt,20.0,17.0,19.0,0.0,1.0,0.0,1.0,0.0,17.0,13.0,2.235294117647059,0.13970588235294118,8.0,3.4338235294117645,0.0
CSO-16-11A-JDMUVA-CorrEtiq.txt,20.0,18.0,19.0,0.0,0.0,0.0,0.0,0.0,18.0,10.0,2.111111111111111,0.12418300653594772,10.0,4.298245614035087,0.0
CSO-16-11A-VZAOR-CorrEtiq.txt,20.0,18.0,19.0,0.0,0.0,0.0,0.0,0.0,18.0,7.0,2.111111111111111,0.12418300653594772,10.0,4.313725490196078,0.0
CSO-16-11B-KRORE-CorrEtiq.txt,20.0,18.0,19.0,0.0,0.0,0.0,0.0,0.0,18.0,12.0,2.111111111111111,0.12418300653594772,8.0,3.616013071895425,0.0
CSO-16-11B-LLOZA-CorrEtiq.txt,20.0,18.0,19.0,0.0,0.0,0.0,0.0,0.0,18.0,8.0,2.111111111111111,0.11764705882352941,11.0,4.432748538011696,0.0
CSO-16-11B-YAROMO-CorrEtiq.txt,20.0,17.0,19.0,0.0,0.0,0.0,0.0,0.0,17.0,11.0,2.235294117647059,0.1323529411764706,9.0,3.9541316526610646,0.0
CSO-16-9A-JALEMO-CorrEtiq.txt,20.0,17.0,19.0,0.0,0.0,0.0,0.0,0.0,17.0,11.0,2.235294117647059,0.125,10.0,4.1911764705882355,0.0
CSO-16-9A-JPROSO-CorrEtiq.txt,20.0,17.0,19.0,0.0,0.0,0.0,0.0,0.0,17.0,9.5,2.235294117647059,0.12867647058823528,9.0,4.065359477124183,0.0
CSO-16-9A-JSMAGU-CorrEtiq.txt,20.0,17.0,19.0,0.0,0.0,0.0,0.0,0.0,17.0,12.0,2.235294117647059,0.13970588235294118,8.0,3.7279411764705883,0.0
CSO-16-9B-SJPAJI-CorrEtiq.txt,20.0,15.0,19.0,0.0,0.0,1.0,0.0,1.0,15.0,11.0,2.533333333333333,0.1619047619047619,7.0,2.9166666666666665,0.06666666666666667
CSO-17-10A-YVGOCA-CorrEtiq.txt,20.0,18.0,19.0,0.0,0.0,0.0,0.0,0.0,18.0,11.0,2.111111111111111,0.11764705882352941,10.0,4.385964912280702,0.0
CSO-17-10B-EHECO-CorrEtiq.txt,20.0,18.0,19.0,0.0,0.0,0.0,0.0,0.0,17.0,8.0,2.111111111111111,0.12418300653594772,9.0,4.030392156862745,0.0
CSO-17-10B-YCQUVE-CorrEtiq.txt,20.0,17.0,18.0,0.0,0.0,0.0,0.0,0.0,17.0,6.0,2.1176470588235294,0.11764705882352941,11.0,4.411227210182318,0.0
CSO-17-11A-DJAPA-CorrEtiq.txt,20.0,15.0,19.0,0.0,0.0,0.0,0.0,1.0,15.0,11.5,2.4285714285714284,0.1619047619047619,6.5,3.0875000000000004,0.08888888888888888
CSO-17-11A-JDAMO-CorrEtiq.txt,20.0,16.0,19.0,0.0,0.0,0.0,0.0,0.0,16.0,12.5,2.375,0.15,7.0,3.110294117647059,0.0
CSO-17-11A-NPAHE-CorrEtiq.txt,20.0,16.0,19.0,1.0,1.0,0.0,1.0,0.0,16.0,10.0,2.375,0.14166666666666666,8.0,3.514705882352941,0.0
CSO-17-11A-RLPAIG-CorrEtiq.txt,20.0,16.0,19.0,0.0,1.0,0.0,1.0,0.0,16.0,12.0,2.375,0.15,7.0,3.276190476190476,0.08888888888888888
CSO-17-11A-SPUVA-CorrEtiq.txt,20.0,16.0,19.0,1.0,0.0,1.0,0.0,0.0,16.0,6.0,2.375,0.14166666666666666,11.0,4.441941391941392,0.08180555555555555
CSO-17-11B-CDBEBU-CorrEtiq.txt,20.0,17.0,18.0,0.0,1.0,0.0,1.0,0.0,17.0,3.0,2.1176470588235294,0.11764705882352941,11.0,4.487091503267974,0.0
CSO-17-11C-JDAAG-CorrEtiq.txt,20.0,17.0,19.0,0.0,1.0,0.0,1.0,0.0,17.0,10.0,2.235294117647059,0.1323529411764706,9.0,3.985294117647059,0.0
CSO-17-11C-MAPAMA-CorrEtiq.txt,20.0,17.0,19.0,0.0,0.0,0.0,0.0,0.0,17.0,10.0,2.235294117647059,0.1323529411764706,9.0,3.816666666666667,0.0
CSO-17-11C-MCAAG-CorrEtiq.txt,20.0,18.0,19.0,0.0,0.0,0.0,0.0,0.0,18.0,7.0,2.111111111111111,0.12418300653594772,12.0,4.985294117647059,0.0
CSO-17-11C-SARJA-CorrEtiq.txt,20.0,17.0,19.0,0.0,0.0,0.0,0.0,0.0,17.0,11.0,2.235294117647059,0.125,9.0,3.7908496732026142,0.0
CSO-18-11A-ADBAHO-CorrEtiq.txt,20.0,18.0,19.0,0.0,0.0,0.0,0.0,0.0,18.0,13.0,2.111111111111111,0.12418300653594772,10.0,4.091503267973856,0.0
CSO-18-11B-YLLRE-CorrEtiq.txt,20.0,18.0,19.0,0.0,0.0,0.0,0.0,0.0,18.0,10.0,2.111111111111111,0.12418300653594772,10.0,4.258986928104575,0.0
CSO-18-9B-MAMOLO-CorrEtiq.txt,20.0,15.0,19.0,1.0,0.0,1.0,0.0,0.0,15.0,9.0,2.533333333333333,0.15,9.0,3.7100840336134455,0.07571644042232278
CSO-8-3A-DAPAVA-CorrEtiq.txt,20.0,16.0,19.0,0.0,0.0,1.0,0.0,0.0,16.0,9.0,2.375,0.13333333333333333,9.0,3.869281045751634,0.0
CSO-8-3A-KVPECO-CorrEtiq.txt,20.0,17.0,16.5,1.0,2.0,0.0,1.0,0.0,12.5,2.0,2.0,0.11029411764705882,9.0,3.8974358974358974,0.0
CSO-8-4A-ARAGR-CorrEtiq.txt,20.0,17.0,19.0,1.0,1.0,0.0,1.0,0.0,16.0,11.0,2.235294117647059,0.1323529411764706,9.0,4.0,0.0
CSO-8-4A-JRAAR-CorrEtiq.txt,20.0,20.0,17.0,0.0,0.0,0.0,0.0,0.0,10.0,1.0,1.7,0.08947368421052632,9.0,3.6666666666666665,0.0
CSO-9-2A-EXMOCO-CorrEtiq.txt,20.0,18.0,19.0,0.0,0.0,0.0,0.0,0.0,17.0,9.0,2.111111111111111,0.11764705882352941,11.0,4.419117647058824,0.0
CSO-9-4A-AGAPE-CorrEtiq.txt,20.0,17.0,19.0,0.0,0.0,0.0,0.0,0.0,17.0,10.0,2.235294117647059,0.125,10.0,4.248366013071895,0.0
CSO-9-4A-DKVIMO-CorrEtiq.txt,20.0,17.0,19.0,0.0,0.0,0.0,0.0,0.0,17.0,13.0,2.235294117647059,0.1323529411764706,8.0,3.5784313725490193,0.0
CSO-9-4A-DSMOMU-CorrEtiq.txt,20.0,17.0,19.0,0.0,0.0,0.0,0.0,0.0,17.0,11.0,2.235294117647059,0.1323529411764706,9.0,3.8125,0.0
CSO-9-4A-DVGATO-CorrEtiq.txt,20.0,16.0,19.0,0.0,1.0,1.0,1.0,0.0,16.0,8.0,2.375,0.13970588235294118,9.0,3.673400129282482,0.0
CSO-9-4A-FAGIGA-CorrEtiq.txt,20.0,18.0,19.0,0.0,1.0,0.0,1.0,0.0,18.0,12.0,2.111111111111111,0.12418300653594772,9.0,3.9934640522875817,0.0
CSO-9-4A-GSBRCO-CorrEtiq.txt,20.0,16.0,19.0,1.0,0.0,1.0,0.0,0.0,16.0,10.0,2.375,0.13333333333333333,9.0,3.769230769230769,0.0
CSO-9-4A-KEMOCO-CorrEtiq.txt,20.0,16.0,19.0,0.0,0.0,0.0,0.0,1.0,16.0,9.0,2.375,0.15,7.0,3.3088235294117645,0.07407407407407407
CSO-9-4A-LCOMO-CorrEtiq.txt,20.0,11.0,19.0,3.0,2.0,0.0,1.0,1.0,11.0,10.0,3.4545454545454546,0.28888888888888886,4.0,2.0545454545454547,0.14848484848484847
CSO-9-4A-MLORO-CorrEtiq.txt,20.0,15.0,19.0,0.0,1.0,1.0,1.0,1.0,14.0,12.0,2.533333333333333,0.1619047619047619,6.0,2.8594405594405594,0.10327380952380952
CSO-9-4A-MPAME-CorrEtiq.txt,20.0,16.0,19.0,0.0,1.0,2.0,1.0,0.0,16.0,6.0,2.375,0.13333333333333333,10.0,4.15,0.0
CSO-9-4A-NSARPA-CorrEtiq.txt,20.0,17.0,19.0,0.0,0.0,0.0,0.0,1.0,17.0,10.0,2.235294117647059,0.13970588235294118,8.0,3.4558823529411766,0.0980392156862745
CSO-9-4A-SLOCA-CorrEtiq.txt,20.0,14.5,19.0,1.0,1.5,1.0,1.0,0.0,14.5,11.0,2.623809523809524,0.15384615384615385,7.0,3.3424908424908426,0.0
CSO-9-4A-YVDITR-CorrEtiq.txt,20.0,18.0,19.0,0.0,0.0,0.0,0.0,0.0,18.0,11.0,2.111111111111111,0.12418300653594772,10.0,4.309941520467836,0.0
