file,window,wc,nodes,edges,re,pe,l1,l2,l3,lcc,lsc,atd,density,diameter,asp,cc
CDMS-10-4A-JURAN,0,4,16,14,0,0,0,0,0,6,1,0.875,0.058333333333333334,3.0,1.6666666666666667,0.4166666666666667
CDMS-10-4A-JURAN,1,4,17,13,1,0,0,0,0,5,1,0.7647058823529411,0.04779411764705882,3.0,1.8,0.0
CDMS-10-4A-JURAN,2,4,18,14,1,0,0,0,0,7,1,0.7777777777777778,0.0457516339869281,4.0,2.0952380952380953,0.0
CDMS-10-4A-JURAN,3,4,19,18,1,0,0,0,0,10,1,0.9473684210526315,0.05263157894736842,4.0,2.2,0.24
CDMS-10-4A-JURAN,4,4,14,20,4,0,0,0,0,10,1,1.4285714285714286,0.10989010989010989,4.0,2.088888888888889,0.37
CDMS-10-5A-HEPIHO,0,4,17,26,8,0,4,0,0,13,1,1.5294117647058822,0.09558823529411764,3.0,2.0128205128205128,0.23247863247863249
CDMS-10-5A-HEPIHO,1,4,21,30,8,0,4,0,0,14,1,1.4285714285714286,0.07142857142857142,3.0,2.021978021978022,0.21558441558441557
CDMS-10-5A-KSRAGU,0,4,22,25,3,0,1,0,0,16,1,1.1363636363636365,0.05411255411255411,4.0,2.433333333333333,0.2722222222222222
CDMS-10-5A-SROPU,0,4,17,12,0,0,0,0,0,5,1,0.7058823529411765,0.04411764705882353,3.0,1.8,0.0
CDMS-10-5A-SROPU,1,4,17,12,0,0,0,0,0,5,1,0.7058823529411765,0.04411764705882353,3.0,1.8,0.0
CDMS-10-5A-SROPU,2,4,15,11,0,0,0,0,0,4,1,0.7333333333333333,0.05238095238095238,2.0,1.3333333333333333,0.5833333333333334
CDMS-10-5A-SROPU,3,4,13,10,0,0,0,0,0,4,1,0.7692307692307693,0.0641025641025641,2.0,1.3333333333333333,0.5833333333333334
CDMS-10-5A-SROPU,4,4,18,15,0,0,0,0,0,5,1,0.8333333333333334,0.049019607843137254,3.0,1.5,0.5333333333333333
CDMS-10-5A-SZURO,0,4,11,9,0,0,0,0,0,7,1,0.8181818181818182,0.08181818181818182,3.0,1.8571428571428572,0.3
CDMS-10-5B-SRAJA,0,4,24,33,8,0,2,0,0,12,1,1.375,0.059782608695652176,3.0,1.9242424242424243,0.2625
CDMS-10-5B-SRAJA,1,4,26,30,6,0,2,0,0,15,1,1.1538461538461537,0.046153846153846156,4.0,2.057142857142857,0.26969696969696966
CDMS-10-5B-SRAJA,2,4,21,26,6,0,2,0,0,14,1,1.2380952380952381,0.06190476190476191,3.0,1.956043956043956,0.2878787878787879
CDMS-10-5C-DAAUSA,0,4,19,18,2,0,0,0,0,11,1,0.9473684210526315,0.05263157894736842,5.0,2.309090909090909,0.12554112554112554
CDMS-10-5C-DAAUSA,1,4,21,22,3,0,0,0,0,13,1,1.0476190476190477,0.05238095238095238,5.0,2.269230769230769,0.4166666666666667
CDMS-10-5C-JFALGI,0,4,18,20,2,0,0,0,0,14,1,1.1111111111111112,0.06535947712418301,4.0,2.1648351648351647,0.3380952380952381
CDMS-10-6B-ASCACO,0,4,11,12,1,0,1,0,0,6,1,1.0909090909090908,0.10909090909090909,3.0,1.8,0.3611111111111111
CDMS-10-6B-ASCACO,1,4,7,8,1,0,1,0,0,5,1,1.1428571428571428,0.19047619047619047,2.0,1.5,0.4333333333333333
CDMS-10-6B-ASCACO,2,4,6,6,1,0,1,0,0,4,1,1.0,0.2,2.0,1.5,0.0
CDMS-10-6B-ASCACO,3,4,5,6,1,0,1,0,0,5,1,1.2,0.3,2.0,1.6,0.0
CDMS-10-6B-ASCACO,4,4,6,7,1,0,1,0,0,6,1,1.1666666666666667,0.23333333333333334,2.0,1.6666666666666667,0.0
CDMS-10-6B-ASCACO,5,4,7,7,1,0,1,0,0,5,1,1.0,0.16666666666666666,2.0,1.6,0.0
CDMS-11-4A-GACHSA,0,4,13,13,1,0,0,0,0,9,1,1.0,0.08333333333333333,3.0,1.9722222222222223,0.1925925925925926
CDMS-11-4A-GACHSA,1,4,9,10,0,0,0,0,0,7,1,1.1111111111111112,0.1388888888888889,3.0,1.6666666666666667,0.4714285714285714
CDMS-11-4A-GACHSA,2,4,11,10,0,0,0,0,0,9,1,0.9090909090909091,0.09090909090909091,5.0,2.388888888888889,0.09259259259259259
CDMS-11-4A-GACHSA,3,4,11,15,1,0,1,0,0,11,1,1.3636363636363635,0.13636363636363635,4.0,2.1818181818181817,0.24025974025974026
CDMS-11-4A-GACHSA,4,4,13,16,1,0,1,0,0,10,1,1.2307692307692308,0.10256410256410256,4.0,2.1777777777777776,0.32999999999999996
CDMS-11-4A-GACHSA,5,4,12,13,1,0,1,0,0,5,1,1.0833333333333333,0.09848484848484848,2.0,1.5,0.4333333333333333
CDMS-11-4A-GACHSA,6,4,10,12,2,0,1,0,0,5,1,1.2,0.13333333333333333,2.0,1.5,0.4333333333333333
CDMS-11-4A-GACHSA,7,4,8,7,1,0,0,0,0,3,1,0.875,0.125,1.0,1.0,1.0
CDMS-11-5A-EAARCA,0,4,14,12,1,0,0,0,0,8,1,0.8571428571428571,0.06593406593406594,5.0,2.5714285714285716,0.0
CDMS-11-5A-EAARCA,1,4,12,8,0,0,0,0,0,6,1,0.6666666666666666,0.06060606060606061,4.0,2.066666666666667,0.0
CDMS-11-5A-EAARCA,2,4,14,11,1,0,0,0,0,6,1,0.7857142857142857,0.06043956043956044,3.0,1.8666666666666667,0.3888888888888889
CDMS-11-5A-EAARCA,3,4,10,12,2,0,0,0,0,8,1,1.2,0.13333333333333333,3.0,1.9642857142857142,0.525
CDMS-11-5A-EAARCA,4,4,11,14,2,0,0,0,0,9,1,1.2727272727272727,0.12727272727272726,3.0,1.8611111111111112,0.6825396825396826
CDMS-11-5A-EAARCA,5,4,11,19,5,0,2,0,0,11,1,1.7272727272727273,0.17272727272727273,4.0,2.0545454545454547,0.5551948051948051
CDMS-11-5A-EAARCA,6,4,12,17,4,0,2,0,0,10,1,1.4166666666666667,0.12878787878787878,3.0,1.9111111111111112,0.40714285714285714
CDMS-11-5A-EAARCA,7,4,10,13,3,0,2,0,0,8,1,1.3,0.14444444444444443,4.0,2.1785714285714284,0.2625
CDMS-11-5A-EAARCA,8,4,9,11,3,0,2,0,0,7,1,1.2222222222222223,0.1527777777777778,4.0,2.1904761904761907,0.0
CDMS-11-5A-MGTHAR,0,4,22,35,12,0,6,0,0,13,1,1.5909090909090908,0.07575757575757576,5.0,2.269230769230769,0.37728937728937734
CDMS-11-6A-NMREPR,0,4,17,16,0,0,0,0,0,8,1,0.9411764705882353,0.058823529411764705,4.0,1.8928571428571428,0.35833333333333334
CDMS-11-6A-NMREPR,1,4,18,20,0,0,0,0,0,13,1,1.1111111111111112,0.06535947712418301,4.0,2.141025641025641,0.36538461538461536
CDMS-11-6A-NMREPR,2,4,15,17,0,0,0,0,0,10,1,1.1333333333333333,0.08095238095238096,3.0,1.8,0.47738095238095235
CDMS-11-6B-ARAHE,0,4,8,6,0,0,0,0,0,3,1,0.75,0.10714285714285714,2.0,1.3333333333333333,0.0
CDMS-11-6B-ARAHE,1,4,7,6,1,0,0,0,0,3,1,0.8571428571428571,0.14285714285714285,1.0,1.0,1.0
CDMS-11-6B-ARAHE,2,4,10,10,1,0,0,0,0,6,1,1.0,0.1111111111111111,2.0,1.5333333333333334,0.7000000000000001
CDMS-11-6B-ARAHE,3,4,11,14,3,0,0,0,0,7,1,1.2727272727272727,0.12727272727272726,2.0,1.5714285714285714,0.6952380952380952
CDMS-11-6B-ARAHE,4,4,11,13,2,0,0,0,0,9,1,1.1818181818181819,0.11818181818181818,5.0,2.25,0.31851851851851853
CDMS-11-6B-ARAHE,5,4,11,15,2,0,0,0,0,11,1,1.3636363636363635,0.13636363636363635,5.0,2.327272727272727,0.4303030303030303
CDMS-11-6B-ARAHE,6,4,10,12,2,0,0,0,0,8,1,1.2,0.13333333333333333,4.0,2.0,0.44166666666666665
CDMS-11-6B-ARAHE,7,4,12,13,1,0,0,0,0,9,1,1.0833333333333333,0.09848484848484848,6.0,2.7222222222222223,0.4444444444444444
CDMS-11-6B-AVROTO,0,4,20,25,7,0,1,0,0,11,1,1.25,0.06578947368421052,4.0,2.0727272727272728,0.12445887445887446
CDMS-11-6B-EAFESA,0,4,12,9,0,0,0,0,0,6,1,0.75,0.06818181818181818,3.0,1.8,0.3611111111111111
CDMS-11-6B-EAFESA,1,4,16,16,0,0,0,0,0,12,1,1.0,0.06666666666666667,4.0,2.196969696969697,0.2837301587301587
CDMS-11-6B-EFRGR,0,4,11,13,2,0,0,0,0,6,1,1.1818181818181819,0.11818181818181818,2.0,1.4666666666666666,0.6055555555555555
CDMS-11-6B-EFRGR,1,4,14,15,2,0,0,0,0,7,1,1.0714285714285714,0.08241758241758242,3.0,1.6666666666666667,0.4714285714285714
CDMS-11-6B-EFRGR,2,4,13,15,2,0,0,0,0,7,1,1.1538461538461537,0.09615384615384616,3.0,1.6666666666666667,0.4714285714285714
CDMS-11-6B-EFRGR,3,4,16,18,3,0,0,0,0,11,1,1.125,0.075,4.0,2.2,0.1904761904761905
CDMS-11-6B-EFRGR,4,4,13,11,2,0,0,0,0,6,1,0.8461538461538461,0.07051282051282051,4.0,2.066666666666667,0.0
CDMS-11-6B-EFRGR,5,4,13,12,2,0,0,0,0,6,1,0.9230769230769231,0.07692307692307693,4.0,2.066666666666667,0.0
CDMS-11-6B-EFRGR,6,4,14,17,4,0,0,0,0,8,1,1.2142857142857142,0.09340659340659341,4.0,2.0714285714285716,0.2625
CDMS-11-6B-EFRGR,7,4,9,10,2,0,0,0,0,3,1,1.1111111111111112,0.1388888888888889,1.0,1.0,1.0
CDMS-11-6B-EROCO,0,4,12,14,1,0,1,0,0,8,1,1.1666666666666667,0.10606060606060606,3.0,1.7857142857142858,0.5583333333333333
CDMS-11-6B-EROCO,1,4,10,12,1,0,1,0,0,8,1,1.2,0.13333333333333333,3.0,1.8214285714285714,0.3
CDMS-11-6B-JACUPE,0,4,15,27,9,0,0,0,0,15,1,1.8,0.12857142857142856,4.0,2.1619047619047618,0.31595959595959594
CDMS-11-6B-JDCHBA,0,4,20,23,2,0,0,0,0,15,1,1.15,0.060526315789473685,5.0,2.4,0.45037037037037037
CDMS-11-6B-JDCHBA,1,4,21,27,4,1,0,1,0,13,2,1.2857142857142858,0.06428571428571428,3.0,1.8974358974358974,0.6223776223776224
CDMS-11-6B-JDCHBA,2,4,18,24,3,0,0,0,0,13,1,1.3333333333333333,0.0784313725490196,2.0,1.7820512820512822,0.7750582750582751
CDMS-11-6B-JDCHBA,3,4,15,22,3,0,0,0,0,12,1,1.4666666666666666,0.10476190476190476,3.0,1.9696969696969697,0.7870370370370371
CDMS-11-6B-JFSAHE,0,4,13,11,1,0,0,0,0,5,1,0.8461538461538461,0.07051282051282051,3.0,1.7,0.4666666666666667
CDMS-11-6B-JFSAHE,1,4,14,14,1,0,0,0,0,9,1,1.0,0.07692307692307693,4.0,2.138888888888889,0.15555555555555556
CDMS-11-6B-JFSAHE,2,4,14,14,1,0,0,0,0,9,1,1.0,0.07692307692307693,4.0,2.138888888888889,0.15555555555555556
CDMS-11-6B-JFSAHE,3,4,9,9,1,0,0,0,0,7,1,1.0,0.125,2.0,1.6666666666666667,0.29523809523809524
CDMS-11-6B-JFSAHE,4,4,5,5,0,0,0,0,0,5,1,1.0,0.25,2.0,1.5,0.4333333333333333
CDMS-11-6B-JFSAHE,5,4,3,2,0,0,0,0,0,3,1,0.6666666666666666,0.3333333333333333,2.0,1.3333333333333333,0.0
CDMS-11-6B-JFSAHE,6,4,11,10,1,0,0,0,0,4,1,0.9090909090909091,0.09090909090909091,3.0,1.6666666666666667,0.0
CDMS-11-6B-JFSAHE,7,4,14,12,1,0,0,0,0,5,1,0.8571428571428571,0.06593406593406594,3.0,1.8,0.0
CDMS-11-6B-JLPENA,0,4,11,10,2,0,0,0,0,5,1,0.9090909090909091,0.09090909090909091,2.0,1.5,0.4333333333333333
CDMS-11-6B-JLPENA,1,4,12,11,2,0,0,0,0,6,1,0.9166666666666666,0.08333333333333333,2.0,1.6,0.35000000000000003
CDMS-11-6B-JLPENA,2,4,11,10,2,0,0,0,0,5,1,0.9090909090909091,0.09090909090909091,2.0,1.5,0.4333333333333333
CDMS-11-6B-JLPENA,3,4,13,11,2,0,0,0,0,5,1,0.8461538461538461,0.07051282051282051,2.0,1.5,0.4333333333333333
CDMS-11-6B-JMARME,0,4,17,13,0,0,0,0,0,5,1,0.7647058823529411,0.04779411764705882,4.0,2.0,0.0
CDMS-11-6B-JMARME,1,4,14,10,0,0,0,0,0,5,1,0.7142857142857143,0.054945054945054944,4.0,2.0,0.0
CDMS-11-6B-JMARME,2,4,9,5,0,0,0,0,0,3,1,0.5555555555555556,0.06944444444444445,2.0,1.3333333333333333,0.0
CDMS-11-6B-JMARME,3,4,8,5,0,0,0,0,0,3,1,0.625,0.08928571428571429,2.0,1.3333333333333333,0.0
CDMS-11-6B-JMARME,4,4,5,5,0,0,0,0,0,5,1,1.0,0.25,2.0,1.5,0.4333333333333333
CDMS-11-6B-JMARME,5,4,9,9,0,0,0,0,0,7,1,1.0,0.125,3.0,1.8095238095238095,0.5
CDMS-11-6B-JMARME,6,4,10,10,0,0,0,0,0,8,1,1.0,0.1111111111111111,4.0,2.142857142857143,0.375
CDMS-11-6B-JMARME,7,4,10,11,1,0,0,0,0,8,1,1.1,0.12222222222222222,4.0,2.142857142857143,0.375
CDMS-11-6B-JMARME,8,4,15,12,1,0,0,0,0,4,1,0.8,0.05714285714285714,3.0,1.6666666666666667,0.0
CDMS-11-6B-JMARME,9,4,12,9,1,0,0,0,0,5,1,0.75,0.06818181818181818,4.0,2.0,0.0
CDMS-11-6B-JMARME,10,4,14,12,1,0,0,0,0,6,1,0.8571428571428571,0.06593406593406594,4.0,2.1333333333333333,0.0
CDMS-11-6B-JMARME,11,4,15,13,0,0,0,0,0,5,1,0.8666666666666667,0.06190476190476191,4.0,2.0,0.0
CDMS-11-6B-JPSAMA,0,4,6,7,0,0,0,0,0,6,1,1.1666666666666667,0.23333333333333334,2.0,1.5333333333333334,0.7000000000000001
CDMS-11-6B-JPSAMA,1,4,8,8,0,0,0,0,0,5,1,1.0,0.14285714285714285,2.0,1.5,0.4333333333333333
CDMS-11-6B-LESTA,0,4,5,6,1,0,0,0,0,5,1,1.2,0.3,3.0,1.7,0.4666666666666667
CDMS-11-6B-LESTA,1,4,8,8,0,0,0,0,0,5,1,1.0,0.14285714285714285,3.0,1.7,0.4666666666666667
CDMS-11-6B-LESTA,2,4,9,11,0,0,0,0,0,9,1,1.2222222222222223,0.1527777777777778,5.0,2.1666666666666665,0.2037037037037037
CDMS-11-6B-LESTA,3,4,15,17,0,0,0,0,0,12,1,1.1333333333333333,0.08095238095238096,5.0,2.5303030303030303,0.125
CDMS-11-6B-LESTA,4,4,14,15,1,0,0,0,0,11,1,1.0714285714285714,0.08241758241758242,4.0,2.5090909090909093,0.0606060606060606
CDMS-11-6B-LESTA,5,4,17,15,2,0,0,0,0,6,1,0.8823529411764706,0.05514705882352941,4.0,2.1333333333333333,0.0
CDMS-11-6B-MEBRTA,0,4,9,6,0,0,0,0,0,5,1,0.6666666666666666,0.08333333333333333,4.0,2.0,0.0
CDMS-11-6B-MEBRTA,1,4,9,8,0,0,0,0,0,7,1,0.8888888888888888,0.1111111111111111,3.0,1.8571428571428572,0.3
CDMS-11-6B-MEBRTA,2,4,14,13,1,0,0,0,0,10,1,0.9285714285714286,0.07142857142857142,3.0,1.9333333333333333,0.20357142857142857
CDMS-11-6B-MMAMO,0,4,19,21,4,0,1,0,0,10,1,1.105263157894737,0.06140350877192982,3.0,1.8888888888888888,0.2369047619047619
CDMS-11-6B-MMAMO,1,4,21,26,2,0,1,0,0,14,1,1.2380952380952381,0.06190476190476191,5.0,2.1758241758241756,0.3380952380952381
CDMS-11-6B-MMAMO,2,4,18,26,4,0,1,0,0,11,1,1.4444444444444444,0.08496732026143791,5.0,2.1272727272727274,0.4372294372294372
CDMS-11-6B-RSECA,0,4,14,10,0,0,0,0,0,5,1,0.7142857142857143,0.054945054945054944,3.0,1.8,0.0
CDMS-11-6B-RSECA,1,4,13,10,1,0,0,0,0,6,1,0.7692307692307693,0.0641025641025641,3.0,1.8666666666666667,0.0
CDMS-11-6B-SCAPA,0,4,15,13,2,0,0,0,0,8,1,0.8666666666666667,0.06190476190476191,5.0,2.392857142857143,0.0
CDMS-11-6B-SCAPA,1,4,18,20,3,0,1,0,0,10,1,1.1111111111111112,0.06535947712418301,5.0,2.3555555555555556,0.2066666666666667
CDMS-11-6B-SCAPA,2,4,19,20,2,0,1,0,0,9,1,1.0526315789473684,0.05847953216374269,3.0,1.9166666666666667,0.6074074074074074
CDMS-11-6B-VZAPE,0,4,12,10,1,0,0,0,0,6,1,0.8333333333333334,0.07575757575757576,3.0,1.8666666666666667,0.3888888888888889
CDMS-11-6B-VZAPE,1,4,10,8,0,0,0,0,0,6,1,0.8,0.08888888888888889,3.0,1.8,0.3611111111111111
CDMS-11-6B-VZAPE,2,4,9,9,1,0,0,0,0,5,1,1.0,0.125,2.0,1.4,0.6
CDMS-11-6B-VZAPE,3,4,13,13,2,0,0,0,0,7,1,1.0,0.08333333333333333,3.0,1.7142857142857142,0.3619047619047619
CDMS-11-6B-VZAPE,4,4,14,12,1,0,0,0,0,8,1,0.8571428571428571,0.06593406593406594,4.0,2.0357142857142856,0.17916666666666667
CDMS-11-6B-VZAPE,5,4,12,12,2,0,0,0,0,8,1,1.0,0.09090909090909091,4.0,2.0357142857142856,0.17916666666666667
CDMS-11-6B-YLNIME,0,4,17,21,3,0,0,0,0,10,1,1.2352941176470589,0.07720588235294118,3.0,1.9555555555555555,0.8166666666666667
CDMS-11-7C-ICARE,0,4,9,8,1,0,1,0,0,4,1,0.8888888888888888,0.1111111111111111,2.0,1.5,0.0
CDMS-11-7C-IMOIB,0,4,20,25,5,0,2,0,0,13,1,1.25,0.06578947368421052,4.0,2.1538461538461537,0.24786324786324787
CDMS-11-7C-IMOIB,1,4,23,27,5,0,2,0,0,11,1,1.173913043478261,0.0533596837944664,3.0,1.9272727272727272,0.3686868686868687
CDMS-11-7C-IMOIB,2,4,20,24,5,0,2,0,0,11,1,1.2,0.06315789473684211,3.0,1.9272727272727272,0.3686868686868687
CDMS-11-7C-IMOIB,3,4,14,15,2,0,1,0,0,7,1,1.0714285714285714,0.08241758241758242,2.0,1.6666666666666667,0.29523809523809524
CDMS-11-7C-SALMA,0,4,22,36,10,0,1,0,0,18,1,1.6363636363636365,0.07792207792207792,4.0,2.4313725490196076,0.32839506172839505
CDMS-11-7C-SPGAVE,0,4,16,18,0,0,0,0,0,12,1,1.125,0.075,4.0,2.287878787878788,0.36904761904761907
CDMS-11-7C-SPGAVE,1,4,15,19,2,0,0,0,0,12,1,1.2666666666666666,0.09047619047619047,4.0,2.287878787878788,0.36904761904761907
CDMS-12-5A-SRIGO,0,4,13,15,1,0,0,0,0,9,1,1.1538461538461537,0.09615384615384616,4.0,2.1944444444444446,0.27037037037037037
CDMS-12-5A-SRIGO,1,4,13,12,1,0,0,0,0,6,1,0.9230769230769231,0.07692307692307693,3.0,1.8666666666666667,0.0
CDMS-12-5A-SRIGO,2,4,15,13,1,0,0,0,0,7,1,0.8666666666666667,0.06190476190476191,3.0,1.9047619047619047,0.0
CDMS-12-5A-SRIGO,3,4,15,14,1,0,0,0,0,9,1,0.9333333333333333,0.06666666666666667,4.0,2.0277777777777777,0.26666666666666666
CDMS-12-5A-SRIGO,4,4,15,15,1,0,0,0,0,9,1,1.0,0.07142857142857142,4.0,1.9722222222222223,0.4222222222222222
CDMS-12-5A-SRIGO,5,4,12,12,0,0,0,0,0,8,1,1.0,0.09090909090909091,3.0,1.7857142857142858,0.5583333333333333
CDMS-12-5A-SRIGO,6,4,11,11,0,0,0,0,0,7,1,1.0,0.1,3.0,1.7142857142857142,0.6476190476190476
CDMS-12-6A-FAROPA,0,4,16,16,2,0,0,0,0,10,1,1.0,0.06666666666666667,5.0,2.3333333333333335,0.13999999999999999
CDMS-12-6A-SROAL,0,4,8,8,1,0,0,0,0,6,1,1.0,0.14285714285714285,3.0,1.8666666666666667,0.3888888888888889
CDMS-12-6A-SROAL,1,4,5,5,1,0,0,0,0,3,1,1.0,0.25,1.0,1.0,1.0
CDMS-12-6A-SROAL,2,4,6,4,0,0,0,0,0,3,1,0.6666666666666666,0.13333333333333333,2.0,1.3333333333333333,0.0
CDMS-12-6B-IJDAGA,0,4,16,16,2,0,0,0,0,10,1,1.0,0.06666666666666667,4.0,2.1555555555555554,0.2633333333333333
CDMS-12-6B-IJDAGA,1,4,19,26,6,0,0,0,0,15,1,1.368421052631579,0.07602339181286549,6.0,2.5428571428571427,0.2857142857142857
CDMS-12-6B-IJDAGA,2,4,17,25,6,0,0,0,0,15,1,1.4705882352941178,0.09191176470588236,5.0,2.5904761904761906,0.33015873015873015
CDMS-12-6B-IJDAGA,3,4,12,15,3,0,0,0,0,10,1,1.25,0.11363636363636363,5.0,2.5555555555555554,0.21666666666666665
CDMS-12-6B-IJDAGA,4,4,17,19,3,0,0,0,0,10,1,1.1176470588235294,0.06985294117647059,5.0,2.311111111111111,0.24
CDMS-12-6B-IJDAGA,5,4,14,12,0,0,0,0,0,7,1,0.8571428571428571,0.06593406593406594,3.0,1.8095238095238095,0.20476190476190476
CDMS-12-6B-SCLAG,0,4,6,10,5,0,0,0,0,3,1,1.6666666666666667,0.3333333333333333,1.0,1.0,1.0
CDMS-12-7C-CATRAR,0,4,16,16,0,0,0,0,0,12,1,1.0,0.06666666666666667,4.0,2.1818181818181817,0.3670634920634921
CDMS-12-7C-DLOLO,0,4,14,17,4,0,0,0,0,8,1,1.2142857142857142,0.09340659340659341,3.0,1.7857142857142858,0.525
CDMS-12-7C-JSZAOR,0,4,13,13,1,0,0,0,0,6,1,1.0,0.08333333333333333,3.0,1.6,0.4444444444444444
CDMS-12-7C-JSZAOR,1,4,11,12,1,0,0,0,0,6,1,1.0909090909090908,0.10909090909090909,3.0,1.6,0.4444444444444444
CDMS-12-7C-MAROBE,0,4,14,19,5,0,0,0,0,9,1,1.3571428571428572,0.1043956043956044,3.0,1.8888888888888888,0.455026455026455
CDMS-12-7C-MAROBE,1,4,12,18,6,0,0,0,0,10,1,1.5,0.13636363636363635,3.0,1.9111111111111112,0.40714285714285714
CDMS-12-7C-VMAPA,0,4,13,12,0,0,0,0,0,6,1,0.9230769230769231,0.07692307692307693,3.0,1.6,0.7777777777777778
CDMS-12-7C-VMAPA,1,4,12,12,0,0,0,0,0,7,1,1.0,0.09090909090909091,3.0,1.7142857142857142,0.6476190476190476
CDMS-12-7C-VMAPA,2,4,11,9,0,0,0,0,0,5,1,0.8181818181818182,0.08181818181818182,3.0,1.5,0.5333333333333333
CDMS-12-7C-VMAPA,3,4,9,8,0,0,0,0,0,5,1,0.8888888888888888,0.1111111111111111,3.0,1.5,0.5333333333333333
CDMS-12-7C-VQURA,0,4,9,10,0,0,0,0,0,5,1,1.1111111111111112,0.1388888888888889,3.0,1.7,0.4666666666666667
CDMS-12-7C-VQURA,1,4,9,7,0,0,0,0,0,5,1,0.7777777777777778,0.09722222222222222,3.0,1.7,0.4666666666666667
CDMS-12-7C-VQURA,2,4,16,15,0,0,0,0,0,5,1,0.9375,0.0625,3.0,1.5,0.5333333333333333
CDMS-13-6B-JDTAHE,0,4,6,3,0,0,0,0,0,2,1,0.5,0.1,1.0,1.0,0.0
CDMS-13-6B-JDTAHE,1,4,7,4,0,0,0,0,0,3,1,0.5714285714285714,0.09523809523809523,2.0,1.3333333333333333,0.0
CDMS-13-6B-JDTAHE,2,4,7,4,0,0,0,0,0,3,1,0.5714285714285714,0.09523809523809523,2.0,1.3333333333333333,0.0
CDMS-13-6B-JDTAHE,3,4,5,3,0,0,0,0,0,3,1,0.6,0.15,2.0,1.3333333333333333,0.0
CDMS-13-6B-JDTAHE,4,4,6,4,0,0,0,0,0,4,1,0.6666666666666666,0.13333333333333333,2.0,1.5,0.0
CDMS-13-6B-JDTAHE,5,4,6,4,0,0,0,0,0,4,1,0.6666666666666666,0.13333333333333333,2.0,1.5,0.0
CDMS-13-7C-MVEAR,0,4,7,4,0,0,0,0,0,3,1,0.5714285714285714,0.09523809523809523,2.0,1.3333333333333333,0.0
CDMS-13-7C-MVEAR,1,4,8,6,0,0,0,0,0,3,1,0.75,0.10714285714285714,2.0,1.3333333333333333,0.0
CDMS-13-7C-MVEAR,2,4,12,11,0,0,0,0,0,8,1,0.9166666666666666,0.08333333333333333,2.0,1.6785714285714286,0.5119047619047619
CDMS-13-7C-MVEAR,3,4,14,12,0,0,0,0,0,8,1,0.8571428571428571,0.06593406593406594,2.0,1.6785714285714286,0.5119047619047619
CDMS-13-7C-MVEAR,4,4,14,12,0,0,0,0,0,8,1,0.8571428571428571,0.06593406593406594,2.0,1.6785714285714286,0.5119047619047619
CDMS-13-7C-RAIZAC,0,4,8,4,0,0,0,0,0,2,1,0.5,0.07142857142857142,1.0,1.0,0.0
CDMS-13-7C-RAIZAC,1,4,6,3,0,0,0,0,0,2,1,0.5,0.1,1.0,1.0,0.0
CDMS-13-7C-RAIZAC,2,4,10,7,0,0,0,0,0,4,1,0.7,0.07777777777777778,2.0,1.3333333333333333,0.5833333333333334
CDMS-13-7C-RAIZAC,3,4,7,5,0,0,0,0,0,3,1,0.7142857142857143,0.11904761904761904,1.0,1.0,1.0
CDMS-13-7C-SSOSLO,0,4,16,14,0,0,0,0,0,6,1,0.875,0.058333333333333334,3.0,1.6666666666666667,0.611111111111111
CDMS-13-7C-SSOSLO,1,4,16,17,0,0,0,0,0,8,1,1.0625,0.07083333333333333,3.0,1.8571428571428572,0.5166666666666667
CDMS-13-7C-SSOSLO,2,4,19,23,0,0,0,0,0,17,1,1.2105263157894737,0.06725146198830409,6.0,2.5441176470588234,0.4650623885918004
CDMS-14-10A-IMORTO,0,4,10,9,0,0,0,0,0,5,1,0.9,0.1,2.0,1.5,0.4333333333333333
CDMS-14-10A-IMORTO,1,4,13,12,0,0,0,0,0,5,1,0.9230769230769231,0.07692307692307693,2.0,1.5,0.4333333333333333
CDMS-14-10A-JCVANI,0,4,15,13,1,0,0,0,0,7,1,0.8666666666666667,0.06190476190476191,4.0,2.0,0.3333333333333333
CDMS-14-10A-JCVANI,1,4,15,14,1,0,0,0,0,9,1,0.9333333333333333,0.06666666666666667,4.0,2.1944444444444446,0.24444444444444446
CDMS-14-10A-JCVANI,2,4,12,14,2,0,0,0,0,8,1,1.1666666666666667,0.10606060606060606,4.0,1.9285714285714286,0.4125
CDMS-14-10A-JCVANI,3,4,9,12,2,0,0,0,0,7,1,1.3333333333333333,0.16666666666666666,3.0,1.6666666666666667,0.48095238095238096
CDMS-14-10A-JCVANI,4,4,6,10,2,0,0,0,0,6,1,1.6666666666666667,0.3333333333333333,3.0,1.5333333333333334,0.5833333333333334
CDMS-14-10A-JCVANI,5,4,9,9,0,0,0,0,0,7,1,1.0,0.125,3.0,1.7619047619047619,0.5047619047619047
CDMS-14-10A-JCVANI,6,4,15,17,3,0,0,0,0,9,1,1.1333333333333333,0.08095238095238096,4.0,1.9722222222222223,0.36666666666666664
CDMS-14-10A-JCVANI,7,4,15,18,3,0,0,0,0,11,1,1.2,0.08571428571428572,4.0,2.1636363636363636,0.29653679653679654
CDMS-14-6B-KDCAHE,0,4,7,5,1,0,0,0,0,3,1,0.7142857142857143,0.11904761904761904,2.0,1.3333333333333333,0.0
CDMS-14-6B-KDCAHE,1,4,7,5,1,0,0,0,0,3,1,0.7142857142857143,0.11904761904761904,2.0,1.3333333333333333,0.0
CDMS-14-6B-KDCAHE,2,4,6,4,1,0,0,0,0,2,1,0.6666666666666666,0.13333333333333333,1.0,1.0,0.0
CDMS-15-10A-AMALOS,0,4,14,13,0,0,0,0,0,6,1,0.9285714285714286,0.07142857142857142,4.0,2.066666666666667,0.0
CDMS-15-10A-AMALOS,1,4,14,12,0,0,0,0,0,7,1,0.8571428571428571,0.06593406593406594,2.0,1.619047619047619,0.5904761904761905
CDMS-15-10A-AMALOS,2,4,12,11,0,0,0,0,0,8,1,0.9166666666666666,0.08333333333333333,2.0,1.6785714285714286,0.5119047619047619
CDMS-15-10A-AMALOS,3,4,6,6,0,0,0,0,0,6,1,1.0,0.2,2.0,1.6,0.35000000000000003
CDMS-15-10A-AMALOS,4,4,4,3,0,0,0,0,0,4,1,0.75,0.25,2.0,1.5,0.0
CDMS-15-10A-AMALOS,5,4,6,5,0,0,0,0,0,3,1,0.8333333333333334,0.16666666666666666,2.0,1.3333333333333333,0.0
CDMS-15-10A-AMALOS,6,4,7,5,0,0,0,0,0,3,1,0.7142857142857143,0.11904761904761904,1.0,1.0,1.0
CDMS-15-10A-AMALOS,7,4,12,10,0,0,0,0,0,5,1,0.8333333333333334,0.07575757575757576,2.0,1.4,0.8666666666666666
CDMS-15-10A-JJMACH,0,4,19,19,0,0,0,0,0,13,1,1.0,0.05555555555555555,5.0,2.6538461538461537,0.5073260073260073
CDMS-15-10A-JJMACH,1,4,20,20,0,0,0,0,0,14,1,1.0,0.05263157894736842,5.0,2.7032967032967035,0.4663265306122449
CDMS-15-10A-JJMACH,2,4,20,20,0,0,0,0,0,10,1,1.0,0.05263157894736842,5.0,2.5555555555555554,0.4666666666666667
CDMS-15-10A-MAALCA,0,4,15,15,1,0,1,0,0,9,1,1.0,0.07142857142857142,5.0,2.3055555555555554,0.24074074074074073
CDMS-15-10A-MAALCA,1,4,17,12,1,0,1,0,0,4,1,0.7058823529411765,0.04411764705882353,3.0,1.6666666666666667,0.0
CDMS-15-10A-MAALCA,2,4,15,12,2,0,1,0,0,4,1,0.8,0.05714285714285714,3.0,1.6666666666666667,0.0
CDMS-15-10A-MAALCA,3,4,13,9,1,0,1,0,0,3,1,0.6923076923076923,0.057692307692307696,2.0,1.3333333333333333,0.0
CDMS-15-10A-MAALRI,0,4,14,12,2,0,1,0,0,6,1,0.8571428571428571,0.06593406593406594,3.0,1.8666666666666667,0.0
CDMS-15-10A-MAALRI,1,4,13,11,2,0,1,0,0,5,1,0.8461538461538461,0.07051282051282051,3.0,1.8,0.0
CDMS-15-10A-MAALRI,2,4,8,7,1,0,1,0,0,4,1,0.875,0.125,3.0,1.6666666666666667,0.0
CDMS-15-10A-MAALRI,3,4,6,4,0,0,0,0,0,4,1,0.6666666666666666,0.13333333333333333,3.0,1.6666666666666667,0.0
CDMS-15-10A-MAALRI,4,4,8,10,4,0,2,0,0,4,1,1.25,0.17857142857142858,2.0,1.5,0.0
CDMS-15-10A-MAALRI,5,4,12,19,6,0,3,0,0,10,1,1.5833333333333333,0.14393939393939395,3.0,1.9111111111111112,0.40714285714285714
CDMS-15-10A-MAALRI,6,4,10,21,8,0,3,0,0,10,1,2.1,0.23333333333333334,3.0,1.8888888888888888,0.47738095238095235
CDMS-15-10A-MAALRI,7,4,12,21,7,0,3,0,0,10,1,1.75,0.1590909090909091,3.0,1.8888888888888888,0.47738095238095235
CDMS-15-10A-MAALRI,8,4,10,14,2,0,1,0,0,8,1,1.4,0.15555555555555556,2.0,1.6428571428571428,0.6011904761904762
CDMS-15-10A-SGOMO,0,4,15,9,0,0,0,0,0,3,1,0.6,0.04285714285714286,1.0,1.0,1.0
CDMS-15-10A-SGOMO,1,4,14,9,0,0,0,0,0,4,1,0.6428571428571429,0.04945054945054945,2.0,1.3333333333333333,0.5833333333333334
CDMS-15-10A-SGOMO,2,4,11,6,0,0,0,0,0,3,1,0.5454545454545454,0.05454545454545454,2.0,1.3333333333333333,0.0
CDMS-15-10A-SGOMO,3,4,10,5,0,0,0,0,0,2,1,0.5,0.05555555555555555,1.0,1.0,0.0
CDMS-15-10A-SGOMO,4,4,14,8,0,0,0,0,0,4,1,0.5714285714285714,0.04395604395604396,3.0,1.6666666666666667,0.0
CDMS-15-10A-SHEGA,0,4,19,17,2,0,0,0,0,10,1,0.8947368421052632,0.049707602339181284,4.0,2.066666666666667,0.1380952380952381
CDMS-15-10A-SHEGA,1,4,23,19,2,0,0,0,0,11,1,0.8260869565217391,0.037549407114624504,4.0,2.1636363636363636,0.11038961038961038
CDMS-15-11B-JEMOLO,0,4,14,17,5,0,0,0,0,8,1,1.2142857142857142,0.09340659340659341,2.0,1.7142857142857142,0.25595238095238093
CDMS-15-11B-VSAHO,0,4,12,10,0,0,0,0,0,6,1,0.8333333333333334,0.07575757575757576,2.0,1.5333333333333334,0.7000000000000001
CDMS-15-11B-VSAHO,1,4,19,16,0,0,0,0,0,11,1,0.8421052631578947,0.04678362573099415,4.0,2.0727272727272728,0.3701298701298701
CDMS-15-11B-VSAHO,2,4,22,20,1,0,0,0,0,14,1,0.9090909090909091,0.04329004329004329,4.0,2.1758241758241756,0.28888888888888886
CDMS-16-11B-NGABE,0,4,21,31,5,0,0,0,0,13,1,1.4761904761904763,0.07380952380952381,3.0,1.8205128205128205,0.5934731934731935
CDMS-17-10A-ASSAMO,0,4,15,12,0,0,0,0,0,6,1,0.8,0.05714285714285714,2.0,1.5333333333333334,0.7000000000000001
CDMS-17-10A-ASSAMO,1,4,16,13,0,0,0,0,0,7,1,0.8125,0.05416666666666667,2.0,1.619047619047619,0.5904761904761905
CDMS-17-10A-ASSAMO,2,4,14,14,1,0,0,0,0,10,1,1.0,0.07692307692307693,3.0,1.9111111111111112,0.40714285714285714
CDMS-17-10A-ASSAMO,3,4,18,19,1,0,0,0,0,14,1,1.0555555555555556,0.06209150326797386,4.0,2.2637362637362637,0.38492063492063494
CDMS-18-7C-VVECA,0,4,15,17,1,0,1,0,0,9,1,1.1333333333333333,0.08095238095238096,4.0,2.138888888888889,0.6518518518518518
CDMS-18-7C-VVECA,1,4,15,14,1,0,1,0,0,6,1,0.9333333333333333,0.06666666666666667,2.0,1.6,0.35000000000000003
CDMS-18-7C-VVECA,2,4,16,24,5,0,2,0,0,9,1,1.5,0.1,2.0,1.6388888888888888,0.42724867724867727
CDMS-18-7C-VVECA,3,4,17,21,3,0,1,0,0,9,1,1.2352941176470589,0.07720588235294118,3.0,1.7222222222222223,0.39682539682539686
CDMS-18-7C-VVECA,4,4,17,18,1,0,1,0,0,9,1,1.0588235294117647,0.0661764705882353,4.0,1.9444444444444444,0.274074074074074
CDMS-8-4A-DOSTR,0,4,10,8,0,0,0,0,0,6,1,0.8,0.08888888888888889,3.0,1.8,0.3611111111111111
CDMS-8-4A-DOSTR,1,4,16,19,3,0,0,0,0,9,1,1.1875,0.07916666666666666,5.0,2.1666666666666665,0.37777777777777777
CDMS-9-4A-CARGA,0,4,13,14,2,0,1,0,0,8,1,1.0769230769230769,0.08974358974358974,3.0,1.8928571428571428,0.25833333333333336
CDMS-9-4A-CARGA,1,4,3,5,2,0,1,0,0,3,1,1.6666666666666667,0.8333333333333334,2.0,1.3333333333333333,0.0
CDMS-9-4A-CARGA,2,4,4,3,0,0,0,0,0,4,1,0.75,0.25,2.0,1.5,0.0
CDMS-9-4A-CARGA,3,4,5,5,0,0,0,0,0,5,1,1.0,0.25,2.0,1.5,0.4333333333333333
CDMS-9-4A-CARGA,4,4,4,4,0,0,0,0,0,4,1,1.0,0.3333333333333333,2.0,1.3333333333333333,0.5833333333333334
CDMS-9-4A-CRAAG,0,4,10,17,3,0,0,0,0,10,1,1.7,0.18888888888888888,4.0,2.022222222222222,0.67
CDMS-9-4A-EROHI,0,4,12,12,2,0,0,0,0,6,1,1.0,0.09090909090909091,2.0,1.5333333333333334,0.7000000000000001
CDMS-9-4A-ILOSE,0,4,13,11,1,0,0,0,0,5,1,0.8461538461538461,0.07051282051282051,2.0,1.6,0.0
CDMS-9-4A-ILOSE,1,4,12,8,0,0,0,0,0,4,1,0.6666666666666666,0.06060606060606061,2.0,1.5,0.0
CDMS-9-4A-ILOSE,2,4,11,11,1,0,1,0,0,6,1,1.0,0.1,2.0,1.6,0.35000000000000003
CDMS-9-4A-ILOSE,3,4,9,12,3,0,2,0,0,7,1,1.3333333333333333,0.16666666666666666,2.0,1.6666666666666667,0.29523809523809524
CDMS-9-4A-ILOSE,4,4,10,15,3,0,2,0,0,8,1,1.5,0.16666666666666666,3.0,1.7857142857142858,0.5583333333333333
CDMS-9-4A-ILOSE,5,4,12,17,3,0,2,0,0,10,1,1.4166666666666667,0.12878787878787878,4.0,2.022222222222222,0.4428571428571429
CDMS-9-4A-ILOSE,6,4,14,16,1,0,1,0,0,10,1,1.1428571428571428,0.08791208791208792,4.0,2.1555555555555554,0.4066666666666666
CDMS-9-4A-ILOSE,7,4,15,14,0,0,0,0,0,9,1,0.9333333333333333,0.06666666666666667,4.0,2.111111111111111,0.4592592592592592
CDMS-9-4A-TGAFR,0,4,8,5,0,0,0,0,0,4,1,0.625,0.08928571428571429,2.0,1.5,0.0
CDMS-9-4A-TGAFR,1,4,8,5,0,0,0,0,0,4,1,0.625,0.08928571428571429,2.0,1.5,0.0
CDMS-9-4A-TGAFR,2,4,10,6,0,0,0,0,0,4,1,0.6,0.06666666666666667,2.0,1.5,0.0
CDMS-9-4A-TGAFR,3,4,10,5,0,0,0,0,0,2,1,0.5,0.05555555555555555,1.0,1.0,0.0
CDMS-9-4C-SCAMO,0,4,20,14,0,0,0,0,0,5,1,0.7,0.03684210526315789,3.0,1.6,0.3333333333333333
CDMS-9-4C-SCAMO,1,4,20,20,1,0,0,0,0,9,1,1.0,0.05263157894736842,4.0,1.9166666666666667,0.3814814814814815
CDMS-9-4C-SCAMO,2,4,17,16,0,0,0,0,0,8,1,0.9411764705882353,0.058823529411764705,4.0,1.9285714285714286,0.30833333333333335
CDMS-9-4C-SCAMO,3,4,14,15,0,0,0,0,0,6,1,1.0714285714285714,0.08241758241758242,2.0,1.4666666666666666,0.6333333333333333
CDMS-9-4C-SCAMO,4,4,20,20,0,0,0,0,0,8,1,1.0,0.05263157894736842,4.0,1.9642857142857142,0.5833333333333334
CDMS-9-5A-ABERO,0,4,9,11,3,0,1,0,0,5,1,1.2222222222222223,0.1527777777777778,3.0,1.6,0.3333333333333333
CDMS-9-5A-ABERO,1,4,9,15,4,0,1,0,0,7,1,1.6666666666666667,0.20833333333333334,3.0,1.6666666666666667,0.4714285714285714
CDMS-9-5A-ABERO,2,4,9,14,3,0,1,0,0,7,1,1.5555555555555556,0.19444444444444445,2.0,1.5714285714285714,0.5047619047619047
CDMS-9-5A-PAGACO,0,4,20,28,6,0,1,0,0,14,1,1.4,0.07368421052631578,4.0,2.120879120879121,0.5777777777777777
CDMS-9-5A-VVAAR,0,4,11,9,0,0,0,0,0,4,1,0.8181818181818182,0.08181818181818182,2.0,1.3333333333333333,0.5833333333333334
CDMS-9-5A-VVAAR,1,4,11,11,0,0,0,0,0,6,1,1.0,0.1,3.0,1.6666666666666667,0.611111111111111
CDMS-9-5C-JDMADE,0,4,11,9,0,0,0,0,0,4,1,0.8181818181818182,0.08181818181818182,2.0,1.1666666666666667,0.8333333333333333
CDMS-9-5C-JDMADE,1,4,7,4,0,0,0,0,0,3,1,0.5714285714285714,0.09523809523809523,2.0,1.3333333333333333,0.0
CDMS-9-5C-JDMADE,2,4,5,3,0,0,0,0,0,3,1,0.6,0.15,2.0,1.3333333333333333,0.0
CDMS-9-5C-JDMADE,3,4,5,3,0,0,0,0,0,3,1,0.6,0.15,2.0,1.3333333333333333,0.0
CDMS-9-5C-JDMADE,4,4,3,4,1,0,0,0,0,3,1,1.3333333333333333,0.6666666666666666,1.0,1.0,1.0
CDMS-9-5C-JDMADE,5,4,9,7,1,0,0,0,0,3,1,0.7777777777777778,0.09722222222222222,1.0,1.0,1.0
CDMS-9-5C-JDMADE,6,4,11,10,1,0,0,0,0,4,1,0.9090909090909091,0.09090909090909091,2.0,1.3333333333333333,0.5833333333333334
CDMS-9-5C-JDMADE,7,4,16,12,0,0,0,0,0,4,1,0.75,0.05,2.0,1.3333333333333333,0.5833333333333334
CDMS-9-5C-JDMADE,8,4,16,10,0,0,0,0,0,4,1,0.625,0.041666666666666664,2.0,1.3333333333333333,0.5833333333333334
CDMS-9-5C-JDMADE,9,4,15,9,0,0,0,0,0,3,1,0.6,0.04285714285714286,1.0,1.0,1.0
CDMS-9-5C-LVIZAC,0,4,9,8,0,0,0,0,0,4,1,0.8888888888888888,0.1111111111111111,2.0,1.1666666666666667,0.8333333333333333
CDMS-9-5C-LVIZAC,1,4,8,6,0,0,0,0,0,3,1,0.75,0.10714285714285714,2.0,1.3333333333333333,0.0
CDMS-9-5C-LVIZAC,2,4,8,8,1,0,0,0,0,6,1,1.0,0.14285714285714285,2.0,1.6,0.35000000000000003
CDMS-9-5C-LVIZAC,3,4,12,12,1,0,0,0,0,7,1,1.0,0.09090909090909091,3.0,1.8095238095238095,0.20476190476190476
CDMS-9-5C-LVIZAC,4,4,10,11,1,0,0,0,0,7,1,1.1,0.12222222222222222,3.0,1.8095238095238095,0.20476190476190476
CDMS-9-5C-LVIZAC,5,4,11,9,1,0,0,0,0,4,1,0.8181818181818182,0.08181818181818182,2.0,1.5,0.0
CDMS-9-5C-LVIZAC,6,4,10,8,0,0,0,0,0,3,1,0.8,0.08888888888888889,1.0,1.0,1.0
CDMS-9-5C-LVIZAC,7,4,5,5,1,0,0,0,0,3,1,1.0,0.25,1.0,1.0,1.0
CDMS-9-5C-MLOGO,0,4,9,7,0,0,0,0,0,5,1,0.7777777777777778,0.09722222222222222,2.0,1.5,0.4333333333333333
CDMS-9-5C-MLOGO,1,4,8,6,0,0,0,0,0,4,1,0.75,0.10714285714285714,2.0,1.3333333333333333,0.5833333333333334
CDMS-9-5C-MLOGO,2,4,7,6,0,0,0,0,0,5,1,0.8571428571428571,0.14285714285714285,2.0,1.5,0.4333333333333333
CDMS-9-5C-MLOGO,3,4,8,11,1,0,0,0,0,8,1,1.375,0.19642857142857142,3.0,1.7857142857142858,0.5583333333333333
CDMS-9-5C-MLOGO,4,4,9,13,2,0,0,0,0,9,1,1.4444444444444444,0.18055555555555555,4.0,2.138888888888889,0.42962962962962964
CDMS-9-5C-MLOGO,5,4,10,11,1,0,0,0,0,8,1,1.1,0.12222222222222222,4.0,2.0,0.30416666666666664
CDMS-9-5C-MLOGO,6,4,12,11,0,0,0,0,0,8,1,0.9166666666666666,0.08333333333333333,4.0,2.0,0.30416666666666664
CDMS-XX-10A-VGILO,0,4,10,8,1,0,0,0,0,4,1,0.8,0.08888888888888889,2.0,1.3333333333333333,0.5833333333333334
CDMS-XX-10A-VGILO,1,4,9,10,2,0,0,0,0,4,1,1.1111111111111112,0.1388888888888889,2.0,1.3333333333333333,0.5833333333333334
CDMS-XX-10A-VGILO,2,4,12,12,1,0,0,0,0,8,1,1.0,0.09090909090909091,5.0,2.5714285714285716,0.5833333333333334
CDMS-XX-10A-VGILO,3,4,10,12,2,0,1,0,0,8,1,1.2,0.13333333333333333,4.0,2.0714285714285716,0.2625
CDMS-XX-10A-VGILO,4,4,11,12,1,0,1,0,0,9,1,1.0909090909090908,0.10909090909090909,4.0,2.0833333333333335,0.22962962962962966
CDMS-XX-10A-VGILO,5,4,14,12,1,0,1,0,0,8,1,0.8571428571428571,0.06593406593406594,4.0,2.2142857142857144,0.0
CDMS-XX-5C-MJSARU,0,4,19,16,0,0,0,0,0,9,1,0.8421052631578947,0.04678362573099415,4.0,2.1666666666666665,0.4592592592592593
CDMS-XX-5C-MJSARU,1,4,18,17,0,0,0,0,0,11,1,0.9444444444444444,0.05555555555555555,5.0,2.290909090909091,0.4025974025974026
CDMS-XX-5C-MJSARU,2,4,19,20,1,0,0,0,0,10,1,1.0526315789473684,0.05847953216374269,4.0,2.0444444444444443,0.4533333333333333
CDMS-XX-5C-MPCAQU,0,4,18,13,0,0,0,0,0,5,1,0.7222222222222222,0.042483660130718956,2.0,1.5,0.4333333333333333
CDMS-XX-5C-MPCAQU,1,4,17,12,0,0,0,0,0,6,1,0.7058823529411765,0.04411764705882353,3.0,1.8666666666666667,0.0
CDMS-XX-5C-MPCAQU,2,4,8,8,1,0,0,0,0,6,1,1.0,0.14285714285714285,2.0,1.6,0.35000000000000003
CDMS-XX-5C-MPCAQU,3,4,8,12,3,0,0,0,0,8,1,1.5,0.21428571428571427,2.0,1.6785714285714286,0.5119047619047619
CDMS-XX-5C-MPCAQU,4,4,9,13,3,0,0,0,0,9,1,1.4444444444444444,0.18055555555555555,2.0,1.7222222222222223,0.45238095238095233
CDMS-XX-5C-MPCAQU,5,4,10,16,4,0,0,0,0,10,1,1.6,0.17777777777777778,2.0,1.7333333333333334,0.6083333333333333
CDMS-XX-5C-MPCAQU,6,4,8,13,4,0,0,0,0,8,1,1.625,0.23214285714285715,2.0,1.6785714285714286,0.5119047619047619
CDMS-XX-5C-MPCAQU,7,4,7,9,2,0,0,0,0,7,1,1.2857142857142858,0.21428571428571427,2.0,1.6666666666666667,0.29523809523809524
CDMS-XX-5C-MPCAQU,8,4,9,10,1,0,0,0,0,6,1,1.1111111111111112,0.1388888888888889,2.0,1.6,0.35000000000000003
CDMS-XX-6B-SPUCA,0,4,7,8,1,0,0,0,0,5,1,1.1428571428571428,0.19047619047619047,3.0,1.5,0.5333333333333333
CDMS-XX-6B-SPUCA,1,4,9,8,1,0,0,0,0,3,1,0.8888888888888888,0.1111111111111111,2.0,1.3333333333333333,0.0
CDMS-XX-6B-SPUCA,2,4,11,10,0,0,0,0,0,5,1,0.9090909090909091,0.09090909090909091,2.0,1.4,0.8666666666666666
CDMS-XX-6B-SPUCA,3,4,14,15,0,0,0,0,0,8,1,1.0714285714285714,0.08241758241758242,3.0,1.75,0.8166666666666667
CDMS-XX-6B-SPUCA,4,4,16,16,0,0,0,0,0,8,1,1.0,0.06666666666666667,3.0,1.75,0.8166666666666667
CDMS-XX-6B-SPUCA,5,4,12,16,2,0,0,0,0,7,1,1.3333333333333333,0.12121212121212122,3.0,1.5714285714285714,0.7095238095238096
CDMS-XX-6B-SPUCA,6,4,13,24,7,0,0,0,0,8,1,1.8461538461538463,0.15384615384615385,3.0,1.5357142857142858,0.525
CDMS-XX-6B-SPUCA,7,4,16,23,4,0,0,0,0,12,1,1.4375,0.09583333333333334,4.0,2.1363636363636362,0.5369047619047619
CSO-10-4A-KCOMO,0,4,12,11,1,0,0,0,0,6,1,0.9166666666666666,0.08333333333333333,2.0,1.5333333333333334,0.7000000000000001
CSO-10-4A-KCOMO,1,4,6,6,1,0,0,0,0,4,1,1.0,0.2,2.0,1.3333333333333333,0.5833333333333334
CSO-10-4A-LRAVI,0,4,14,10,0,0,0,0,0,4,1,0.7142857142857143,0.054945054945054944,2.0,1.5,0.0
CSO-10-4A-LSCAVA,0,4,6,4,0,0,0,0,0,3,1,0.6666666666666666,0.13333333333333333,2.0,1.3333333333333333,0.0
CSO-10-4A-LSCAVA,1,4,8,6,1,0,0,0,0,3,1,0.75,0.10714285714285714,2.0,1.3333333333333333,0.0
CSO-10-4A-LSCAVA,2,4,9,8,1,0,0,0,0,5,1,0.8888888888888888,0.1111111111111111,2.0,1.5,0.4333333333333333
CSO-10-4A-LSCAVA,3,4,10,8,1,0,0,0,0,4,1,0.8,0.08888888888888889,2.0,1.3333333333333333,0.5833333333333334
CSO-10-4A-LSCAVA,4,4,7,6,1,0,0,0,0,3,1,0.8571428571428571,0.14285714285714285,1.0,1.0,1.0
CSO-10-4A-LSCAVA,5,4,6,5,0,0,0,0,0,4,1,0.8333333333333334,0.16666666666666666,2.0,1.3333333333333333,0.5833333333333334
CSO-10-4A-LSCAVA,6,4,6,5,1,0,0,0,0,4,1,0.8333333333333334,0.16666666666666666,2.0,1.5,0.0
CSO-10-4A-LSCAVA,7,4,4,4,1,0,0,0,0,4,1,1.0,0.3333333333333333,2.0,1.5,0.0
CSO-10-4A-LSCAVA,8,4,4,4,1,0,0,0,0,4,1,1.0,0.3333333333333333,2.0,1.5,0.0
CSO-10-4A-LSCAVA,9,4,4,6,2,0,1,0,0,4,1,1.5,0.5,2.0,1.5,0.0
CSO-10-4A-LSCAVA,10,4,2,3,1,0,1,0,0,2,1,1.5,1.5,1.0,1.0,0.0
CSO-10-4A-LSCAVA,11,4,2,3,1,0,1,0,0,2,1,1.5,1.5,1.0,1.0,0.0
CSO-10-4A-LSCAVA,12,4,4,5,1,0,1,0,0,4,1,1.25,0.4166666666666667,2.0,1.5,0.0
CSO-10-4A-LSCAVA,13,4,5,5,0,0,0,0,0,5,1,1.0,0.25,2.0,1.5,0.4333333333333333
CSO-10-4A-LSCAVA,14,4,8,7,0,0,0,0,0,6,1,0.875,0.125,3.0,1.7333333333333334,0.25
CSO-10-5A-ACAVA,0,4,13,10,0,0,0,0,0,7,1,0.7692307692307693,0.0641025641025641,3.0,1.8571428571428572,0.19047619047619047
CSO-10-5A-ACAVA,1,4,7,7,0,0,0,0,0,7,1,1.0,0.16666666666666666,3.0,1.8095238095238095,0.20476190476190476
CSO-10-5A-ACAVA,2,4,6,4,0,0,0,0,0,4,1,0.6666666666666666,0.13333333333333333,2.0,1.5,0.0
CSO-10-5A-ARACA,0,4,8,9,3,0,0,0,0,4,1,1.125,0.16071428571428573,2.0,1.3333333333333333,0.5833333333333334
CSO-10-5A-ARACA,1,4,7,8,3,0,0,0,0,3,1,1.1428571428571428,0.19047619047619047,1.0,1.0,1.0
CSO-10-5A-ARACA,2,4,7,5,0,0,0,0,0,3,1,0.7142857142857143,0.11904761904761904,1.0,1.0,1.0
CSO-10-5A-ARACA,3,4,6,3,0,0,0,0,0,2,1,0.5,0.1,1.0,1.0,0.0
CSO-10-5A-ARACA,4,4,5,4,1,0,0,0,0,3,1,0.8,0.2,2.0,1.3333333333333333,0.0
CSO-10-5A-ARACA,5,4,5,5,2,0,0,0,0,3,1,1.0,0.25,2.0,1.3333333333333333,0.0
CSO-10-5A-ARACA,6,4,10,9,2,0,0,0,0,6,1,0.9,0.1,3.0,1.8666666666666667,0.0
CSO-10-5A-ARACA,7,4,11,9,1,0,0,0,0,7,1,0.8181818181818182,0.08181818181818182,3.0,1.9047619047619047,0.0
CSO-10-5A-ARACA,8,4,9,7,0,0,0,0,0,7,1,0.7777777777777778,0.09722222222222222,3.0,1.9047619047619047,0.0
CSO-10-5A-DABRZA,0,4,16,23,2,0,0,0,0,14,1,1.4375,0.09583333333333334,4.0,2.32967032967033,0.3574829931972789
CSO-10-5A-DABRZA,1,4,17,18,3,0,0,0,0,9,1,1.0588235294117647,0.0661764705882353,4.0,2.111111111111111,0.5037037037037037
CSO-10-5A-IPECA,0,4,15,15,3,0,0,0,0,11,1,1.0,0.07142857142857142,4.0,2.3636363636363638,0.0
CSO-10-5A-JANORO,0,4,13,8,1,0,0,0,0,3,1,0.6153846153846154,0.05128205128205128,2.0,1.3333333333333333,0.0
CSO-10-5A-JANORO,1,4,13,9,0,0,0,0,0,5,1,0.6923076923076923,0.057692307692307696,2.0,1.5,0.4333333333333333
CSO-10-5A-JANORO,2,4,14,10,1,0,0,0,0,4,1,0.7142857142857143,0.054945054945054944,2.0,1.3333333333333333,0.5833333333333334
CSO-10-5A-JANORO,3,4,18,16,1,0,0,0,0,7,1,0.8888888888888888,0.05228758169934641,3.0,1.7142857142857142,0.6476190476190476
CSO-10-5A-JANORO,4,4,15,13,0,0,0,0,0,6,1,0.8666666666666667,0.06190476190476191,3.0,1.6,0.7777777777777778
CSO-10-5A-JANORO,5,4,15,11,0,0,0,0,0,4,1,0.7333333333333333,0.05238095238095238,2.0,1.1666666666666667,0.8333333333333333
CSO-10-5A-JANORO,6,4,13,11,1,0,0,0,0,5,1,0.8461538461538461,0.07051282051282051,3.0,1.5,0.5333333333333333
CSO-10-5A-JANORO,7,4,10,8,1,0,0,0,0,4,1,0.8,0.08888888888888889,2.0,1.3333333333333333,0.5833333333333334
CSO-10-5A-JBUVE,0,4,9,6,0,0,0,0,0,5,1,0.6666666666666666,0.08333333333333333,2.0,1.6,0.0
CSO-10-5A-JBUVE,1,4,10,6,0,0,0,0,0,4,1,0.6,0.06666666666666667,2.0,1.5,0.0
CSO-10-5A-JBUVE,2,4,9,9,2,0,0,0,0,5,1,1.0,0.125,2.0,1.5,0.4333333333333333
CSO-10-5A-JBUVE,3,4,9,9,2,0,0,0,0,5,1,1.0,0.125,2.0,1.5,0.4333333333333333
CSO-10-5A-JBUVE,4,4,11,15,2,0,0,0,0,6,1,1.3636363636363635,0.13636363636363635,2.0,1.4666666666666666,0.8277777777777778
CSO-10-5A-JJSEMO,0,4,9,8,0,0,0,0,0,7,1,0.8888888888888888,0.1111111111111111,4.0,2.142857142857143,0.3095238095238095
CSO-10-5A-JLCARI,0,4,16,22,3,0,0,0,0,14,1,1.375,0.09166666666666666,4.0,2.2857142857142856,0.4981292517006803
CSO-10-5A-JLCARI,1,4,15,20,4,0,0,0,0,9,1,1.3333333333333333,0.09523809523809523,4.0,1.9722222222222223,0.4222222222222222
CSO-10-5A-JLCARI,2,4,9,12,3,0,0,0,0,7,1,1.3333333333333333,0.16666666666666666,3.0,1.7619047619047619,0.3476190476190476
CSO-10-5A-MAARAN,0,4,11,7,0,0,0,0,0,5,1,0.6363636363636364,0.06363636363636363,3.0,1.8,0.0
CSO-10-5A-MAOSMO,0,4,17,14,0,0,0,0,0,8,1,0.8235294117647058,0.051470588235294115,4.0,1.9642857142857142,0.35833333333333334
CSO-10-5A-MAOSMO,1,4,14,10,0,0,0,0,0,5,1,0.7142857142857143,0.054945054945054944,3.0,1.6,0.3333333333333333
CSO-10-5A-MAOSMO,2,4,12,9,0,0,0,0,0,4,1,0.75,0.06818181818181818,2.0,1.3333333333333333,0.5833333333333334
CSO-10-5A-MAOSMO,3,4,14,11,0,0,0,0,0,5,1,0.7857142857142857,0.06043956043956044,2.0,1.6,0.0
CSO-10-5A-RVMOIB,0,4,13,13,3,0,2,0,0,4,1,1.0,0.08333333333333333,3.0,1.6666666666666667,0.0
CSO-10-5A-RVMOIB,1,4,16,19,5,0,3,0,0,9,1,1.1875,0.07916666666666666,3.0,1.9166666666666667,0.2275132275132275
CSO-10-5A-RVMOIB,2,4,14,19,6,0,3,0,0,10,1,1.3571428571428572,0.1043956043956044,4.0,2.088888888888889,0.20476190476190476
CSO-10-5A-RVMOIB,3,4,18,20,2,0,1,0,0,11,1,1.1111111111111112,0.06535947712418301,4.0,2.2,0.3116883116883117
CSO-10-5A-RVMOIB,4,4,16,20,3,0,1,0,0,11,1,1.25,0.08333333333333333,4.0,2.2,0.3116883116883117
CSO-10-5A-RVMOIB,5,4,19,21,3,0,0,0,0,10,1,1.105263157894737,0.06140350877192982,4.0,2.022222222222222,0.28095238095238095
CSO-10-5A-SVHEES,0,4,19,23,4,0,2,0,0,15,1,1.2105263157894737,0.06725146198830409,6.0,2.761904761904762,0.0
CSO-10-5A-SVHEES,1,4,17,20,4,0,2,0,0,12,1,1.1764705882352942,0.07352941176470588,4.0,2.212121212121212,0.0
CSO-10-5A-SVHEES,2,4,14,19,4,0,2,0,0,11,1,1.3571428571428572,0.1043956043956044,3.0,1.9454545454545455,0.18434343434343434
CSO-10-5A-SVHEES,3,4,10,12,1,0,0,0,0,10,1,1.2,0.13333333333333333,3.0,1.9111111111111112,0.40714285714285714
CSO-11-5A-MDVOSPE,0,4,7,5,0,0,0,0,0,3,1,0.7142857142857143,0.11904761904761904,1.0,1.0,1.0
CSO-11-5A-MDVOSPE,1,4,10,11,1,0,0,0,0,6,1,1.1,0.12222222222222222,2.0,1.4666666666666666,0.6055555555555555
CSO-11-5A-MDVOSPE,2,4,10,13,3,0,0,0,0,6,1,1.3,0.14444444444444443,2.0,1.4666666666666666,0.6055555555555555
CSO-11-5A-MDVOSPE,3,4,11,15,4,0,0,0,0,7,1,1.3636363636363635,0.13636363636363635,2.0,1.5714285714285714,0.5047619047619047
CSO-11-5A-MDVOSPE,4,4,12,17,4,0,0,0,0,8,1,1.4166666666666667,0.12878787878787878,3.0,1.7142857142857142,0.5041666666666667
CSO-11-5A-MTAGA,0,4,11,15,3,0,0,0,0,9,1,1.3636363636363635,0.13636363636363635,2.0,1.6944444444444444,0.6785714285714285
CSO-11-5A-MTAGA,1,4,10,15,3,0,0,0,0,10,1,1.5,0.16666666666666666,2.0,1.7333333333333334,0.6083333333333333
CSO-11-5A-MTAGA,2,4,10,13,3,0,0,0,0,8,1,1.3,0.14444444444444443,2.0,1.6785714285714286,0.5119047619047619
CSO-11-6A-CAPAMU,0,4,6,5,0,0,0,0,0,3,1,0.8333333333333334,0.16666666666666666,2.0,1.3333333333333333,0.0
CSO-11-6A-CAPAMU,1,4,5,4,0,0,0,0,0,3,1,0.8,0.2,1.0,1.0,1.0
CSO-11-6A-CAPAMU,2,4,5,4,0,0,0,0,0,3,1,0.8,0.2,1.0,1.0,1.0
CSO-11-6A-CAPAMU,3,4,6,5,0,0,0,0,0,4,1,0.8333333333333334,0.16666666666666666,2.0,1.3333333333333333,0.5833333333333334
CSO-11-6A-CAPAMU,4,4,4,3,1,0,0,0,0,2,1,0.75,0.25,1.0,1.0,0.0
CSO-11-6A-CAPAMU,5,4,5,4,1,0,0,0,0,3,1,0.8,0.2,2.0,1.3333333333333333,0.0
CSO-11-6A-CAPAMU,6,4,10,7,1,0,0,0,0,4,1,0.7,0.07777777777777778,2.0,1.5,0.0
CSO-11-6A-CAPAMU,7,4,10,6,0,0,0,0,0,4,1,0.6,0.06666666666666667,2.0,1.5,0.0
CSO-11-6A-CAPAMU,8,4,9,5,0,0,0,0,0,3,1,0.5555555555555556,0.06944444444444445,2.0,1.3333333333333333,0.0
CSO-11-6A-CAPAMU,9,4,9,5,0,0,0,0,0,3,1,0.5555555555555556,0.06944444444444445,2.0,1.3333333333333333,0.0
CSO-11-6A-CAPAMU,10,4,6,3,0,0,0,0,0,2,1,0.5,0.1,1.0,1.0,0.0
CSO-11-6A-DSCACH,0,4,9,6,0,0,0,0,0,3,1,0.6666666666666666,0.08333333333333333,1.0,1.0,1.0
CSO-11-6A-DSCACH,1,4,13,11,1,0,0,0,0,7,1,0.8461538461538461,0.07051282051282051,3.0,1.9047619047619047,0.0
CSO-11-6A-DSCACH,2,4,14,13,2,0,0,0,0,8,1,0.9285714285714286,0.07142857142857142,3.0,1.9285714285714286,0.0
CSO-11-6A-DSCACH,3,4,16,16,3,0,0,0,0,10,1,1.0,0.06666666666666667,3.0,1.9555555555555555,0.0
CSO-11-6A-DSCACH,4,4,17,16,2,0,0,0,0,9,1,0.9411764705882353,0.058823529411764705,3.0,1.9444444444444444,0.0
CSO-11-6A-DSCACH,5,4,14,14,1,0,0,0,0,8,1,1.0,0.07692307692307693,2.0,1.7142857142857142,0.25595238095238093
CSO-11-6A-DSCACH,6,4,11,12,1,0,0,0,0,7,1,1.0909090909090908,0.10909090909090909,2.0,1.6666666666666667,0.29523809523809524
CSO-11-6A-EROMO,0,4,13,9,0,0,0,0,0,3,1,0.6923076923076923,0.057692307692307696,1.0,1.0,1.0
CSO-11-6A-EROMO,1,4,12,7,0,0,0,0,0,3,1,0.5833333333333334,0.05303030303030303,2.0,1.3333333333333333,0.0
CSO-11-6A-EROMO,2,4,13,8,1,0,0,0,0,3,1,0.6153846153846154,0.05128205128205128,2.0,1.3333333333333333,0.0
CSO-11-6A-EROMO,3,4,12,8,1,0,0,0,0,4,1,0.6666666666666666,0.06060606060606061,3.0,1.6666666666666667,0.0
CSO-11-6A-EROMO,4,4,12,9,1,0,0,0,0,5,1,0.75,0.06818181818181818,3.0,1.8,0.0
CSO-11-6A-EROMO,5,4,15,15,1,0,0,0,0,9,1,1.0,0.07142857142857142,4.0,2.3333333333333335,0.49259259259259264
CSO-11-6A-EROMO,6,4,13,12,0,0,0,0,0,8,1,0.9230769230769231,0.07692307692307693,4.0,2.2857142857142856,0.5625
CSO-11-6A-FSOVRE,0,4,9,9,0,0,0,0,0,4,1,1.0,0.125,2.0,1.1666666666666667,0.8333333333333333
CSO-11-6A-FSOVRE,1,4,9,9,0,0,0,0,0,4,1,1.0,0.125,2.0,1.1666666666666667,0.8333333333333333
CSO-11-6A-FSOVRE,2,4,10,13,1,0,0,0,0,8,1,1.3,0.14444444444444443,3.0,1.8214285714285714,0.7875
CSO-11-6A-FSOVRE,3,4,11,12,1,0,0,0,0,7,1,1.0909090909090908,0.10909090909090909,3.0,1.7142857142857142,0.6142857142857142
CSO-11-6A-FSOVRE,4,4,12,12,1,0,0,0,0,6,1,1.0,0.09090909090909091,2.0,1.4666666666666666,0.8277777777777778
CSO-11-6A-FSOVRE,5,4,11,12,1,0,0,0,0,7,1,1.0909090909090908,0.10909090909090909,2.0,1.5714285714285714,0.6952380952380952
CSO-11-6A-FSOVRE,6,4,13,12,0,0,0,0,0,9,1,0.9230769230769231,0.07692307692307693,3.0,1.8888888888888888,0.455026455026455
CSO-11-6A-FSOVRE,7,4,13,16,0,0,0,0,0,13,1,1.2307692307692308,0.10256410256410256,4.0,2.4615384615384617,0.5439560439560439
CSO-11-6B-ANREVA,0,4,19,24,6,0,0,0,0,13,1,1.263157894736842,0.07017543859649122,5.0,2.3846153846153846,0.2875457875457875
CSO-11-6B-LHFDLACH,0,4,13,7,0,0,0,0,0,3,1,0.5384615384615384,0.04487179487179487,2.0,1.3333333333333333,0.0
CSO-11-6B-LHFDLACH,1,4,12,7,0,0,0,0,0,3,1,0.5833333333333334,0.05303030303030303,2.0,1.3333333333333333,0.0
CSO-11-6B-LHFDLACH,2,4,12,7,0,0,0,0,0,3,1,0.5833333333333334,0.05303030303030303,2.0,1.3333333333333333,0.0
CSO-11-6B-LHFDLACH,3,4,9,5,0,0,0,0,0,3,1,0.5555555555555556,0.06944444444444445,2.0,1.3333333333333333,0.0
CSO-11-6B-LHFDLACH,4,4,9,5,0,0,0,0,0,3,1,0.5555555555555556,0.06944444444444445,2.0,1.3333333333333333,0.0
CSO-11-6B-LHFDLACH,5,4,8,5,0,0,0,0,0,4,1,0.625,0.08928571428571429,2.0,1.5,0.0
CSO-11-6B-RJGIHE,0,4,14,12,0,0,0,0,0,8,1,0.8571428571428571,0.06593406593406594,2.0,1.6785714285714286,0.5119047619047619
CSO-11-6B-RJGIHE,1,4,13,10,0,0,0,0,0,6,1,0.7692307692307693,0.0641025641025641,2.0,1.6,0.35000000000000003
CSO-11-6B-VCOMA,0,4,22,22,3,0,0,0,0,9,1,1.0,0.047619047619047616,2.0,1.7222222222222223,0.45238095238095233
CSO-11-6B-VCOMA,1,4,21,27,6,0,0,0,0,12,1,1.2857142857142858,0.06428571428571428,2.0,1.7878787878787878,0.3934343434343434
CSO-11-6B-VCOMA,2,4,23,32,7,0,0,0,0,18,1,1.391304347826087,0.06324110671936758,3.0,2.026143790849673,0.3724867724867725
CSO-12-6A-FJOVRE,0,4,15,9,0,0,0,0,0,4,1,0.6,0.04285714285714286,2.0,1.5,0.0
CSO-12-6A-FJOVRE,1,4,15,9,0,0,0,0,0,4,1,0.6,0.04285714285714286,2.0,1.5,0.0
CSO-12-6A-FJOVRE,2,4,14,9,0,0,0,0,0,5,1,0.6428571428571429,0.04945054945054945,2.0,1.6,0.0
CSO-12-6A-FJOVRE,3,4,13,8,0,0,0,0,0,5,1,0.6153846153846154,0.05128205128205128,2.0,1.6,0.0
CSO-12-6A-FJOVRE,4,4,9,5,0,0,0,0,0,3,1,0.5555555555555556,0.06944444444444445,2.0,1.3333333333333333,0.0
CSO-12-6B-GQULO,0,4,16,15,0,0,0,0,0,9,1,0.9375,0.0625,4.0,2.0555555555555554,0.5407407407407407
CSO-12-6B-GQULO,1,4,13,13,0,0,0,0,0,9,1,1.0,0.08333333333333333,3.0,1.9444444444444444,0.6000000000000001
CSO-12-6B-GQULO,2,4,12,13,1,0,0,0,0,8,1,1.0833333333333333,0.09848484848484848,3.0,1.7857142857142858,0.6916666666666667
CSO-12-6B-GQULO,3,4,8,9,1,0,0,0,0,6,1,1.125,0.16071428571428573,3.0,1.6666666666666667,0.611111111111111
CSO-12-6B-GQULO,4,4,7,5,0,0,0,0,0,3,1,0.7142857142857143,0.11904761904761904,1.0,1.0,1.0
CSO-12-6B-GQULO,5,4,8,9,0,0,0,0,0,6,1,1.125,0.16071428571428573,3.0,1.6,0.7777777777777778
CSO-12-6B-GQULO,6,4,9,12,2,0,0,0,0,5,1,1.3333333333333333,0.16666666666666666,2.0,1.2,0.6666666666666666
CSO-12-6B-GQULO,7,4,9,12,2,0,0,0,0,5,1,1.3333333333333333,0.16666666666666666,2.0,1.2,0.6666666666666666
CSO-12-6B-LJHEFE,0,4,19,16,3,0,0,0,0,5,1,0.8421052631578947,0.04678362573099415,3.0,1.8,0.0
CSO-12-6B-LJHEFE,1,4,21,20,3,0,0,0,0,11,1,0.9523809523809523,0.047619047619047616,4.0,2.2545454545454544,0.0
CSO-12-6B-LJHEFE,2,4,21,17,1,0,0,0,0,10,1,0.8095238095238095,0.04047619047619048,4.0,2.111111111111111,0.0
CSO-12-6B-LJHEFE,3,4,17,13,1,0,0,0,0,9,1,0.7647058823529411,0.04779411764705882,4.0,2.111111111111111,0.0
CSO-12-7A-ESALA,0,4,9,7,1,0,0,0,0,3,1,0.7777777777777778,0.09722222222222222,1.0,1.0,1.0
CSO-12-7A-ESALA,1,4,7,6,1,0,0,0,0,3,1,0.8571428571428571,0.14285714285714285,1.0,1.0,1.0
CSO-12-7A-ESALA,2,4,6,6,1,0,0,0,0,4,1,1.0,0.2,2.0,1.3333333333333333,0.5833333333333334
CSO-12-7A-ESALA,3,4,4,2,0,0,0,0,0,2,1,0.5,0.16666666666666666,1.0,1.0,0.0
CSO-12-7A-ESALA,4,4,4,4,0,0,0,0,0,4,1,1.0,0.3333333333333333,2.0,1.3333333333333333,0.5833333333333334
CSO-12-7A-ESALA,5,4,6,5,0,0,0,0,0,4,1,0.8333333333333334,0.16666666666666666,2.0,1.3333333333333333,0.5833333333333334
CSO-12-7A-ESALA,6,4,10,8,0,0,0,0,0,5,1,0.8,0.08888888888888889,3.0,1.8,0.0
CSO-12-7A-IMERO,0,4,17,28,8,0,1,0,0,10,1,1.6470588235294117,0.10294117647058823,3.0,1.9333333333333333,0.6142857142857142
CSO-12-7A-IMERO,1,4,16,23,7,0,1,0,0,9,1,1.4375,0.09583333333333334,3.0,1.9166666666666667,0.4592592592592592
CSO-12-7A-JHEZA,0,4,9,17,4,0,0,0,0,7,1,1.8888888888888888,0.2361111111111111,2.0,1.4285714285714286,0.6523809523809524
CSO-12-7A-JHEZA,1,4,10,13,2,0,0,0,0,6,1,1.3,0.14444444444444443,2.0,1.4,0.7333333333333334
CSO-12-7A-JHEZA,2,4,11,15,2,0,0,0,0,9,1,1.3636363636363635,0.13636363636363635,5.0,2.2777777777777777,0.45185185185185184
CSO-12-7A-JHEZA,3,4,10,11,1,0,0,0,0,7,1,1.1,0.12222222222222222,5.0,2.238095238095238,0.38095238095238093
CSO-12-7A-JHEZA,4,4,11,9,0,0,0,0,0,5,1,0.8181818181818182,0.08181818181818182,4.0,2.0,0.0
CSO-12-7A-JHEZA,5,4,11,9,0,0,0,0,0,5,1,0.8181818181818182,0.08181818181818182,4.0,2.0,0.0
CSO-12-7A-JHEZA,6,4,10,7,0,0,0,0,0,3,1,0.7,0.07777777777777778,1.0,1.0,1.0
CSO-12-7A-JHEZA,7,4,11,14,1,0,0,0,0,9,1,1.2727272727272727,0.12727272727272726,4.0,2.111111111111111,0.537037037037037
CSO-12-7A-JHEZA,8,4,11,14,1,0,0,0,0,9,1,1.2727272727272727,0.12727272727272726,4.0,2.0833333333333335,0.462962962962963
CSO-12-7A-JHEZA,9,4,16,20,1,0,0,0,0,11,1,1.25,0.08333333333333333,4.0,2.1272727272727274,0.6393939393939394
CSO-12-7A-JHEZA,10,4,15,20,1,0,0,0,0,12,1,1.3333333333333333,0.09523809523809523,5.0,2.3181818181818183,0.5305555555555556
CSO-12-7A-JHEZA,11,4,14,15,0,0,0,0,0,6,1,1.0714285714285714,0.08241758241758242,2.0,1.5333333333333334,0.7000000000000001
CSO-12-7A-LSARAR,0,4,8,11,3,0,0,0,0,6,1,1.375,0.19642857142857142,3.0,1.6666666666666667,0.4166666666666667
CSO-12-7A-LSARAR,1,4,5,3,0,0,0,0,0,3,1,0.6,0.15,2.0,1.3333333333333333,0.0
CSO-12-7A-LSARAR,2,4,8,7,0,0,0,0,0,6,1,0.875,0.125,2.0,1.6,0.35000000000000003
CSO-12-7A-LSARAR,3,4,7,7,0,0,0,0,0,7,1,1.0,0.16666666666666666,2.0,1.6666666666666667,0.29523809523809524
CSO-12-7A-SCAHO,0,4,16,17,1,0,0,0,0,9,1,1.0625,0.07083333333333333,4.0,2.111111111111111,0.5037037037037037
CSO-12-7A-SCAHO,1,4,17,16,0,0,0,0,0,10,1,0.9411764705882353,0.058823529411764705,3.0,2.022222222222222,0.4095238095238095
CSO-12-7A-SCAHO,2,4,18,17,0,0,0,0,0,11,1,0.9444444444444444,0.05555555555555555,3.0,2.036363636363636,0.3701298701298701
CSO-12-7A-SCAHO,3,4,18,19,1,0,0,0,0,11,1,1.0555555555555556,0.06209150326797386,3.0,2.018181818181818,0.5551948051948051
CSO-12-7A-SCAHO,4,4,17,19,2,0,0,0,0,10,1,1.1176470588235294,0.06985294117647059,3.0,1.8666666666666667,0.40714285714285714
CSO-12-7A-SCAHO,5,4,18,19,2,0,0,0,0,9,1,1.0555555555555556,0.06209150326797386,3.0,1.8333333333333333,0.455026455026455
CSO-12-7A-SCAHO,6,4,16,18,2,0,0,0,0,10,1,1.125,0.075,3.0,1.8444444444444446,0.47738095238095235
CSO-12-7A-SCAHO,7,4,16,16,1,0,0,0,0,10,1,1.0,0.06666666666666667,3.0,1.8666666666666667,0.40714285714285714
CSO-12-7A-SCAHO,8,4,10,11,0,0,0,0,0,8,1,1.1,0.12222222222222222,3.0,1.8571428571428572,0.6916666666666667
CSO-12-7B-DVAGRO,0,4,12,8,0,0,0,0,0,3,1,0.6666666666666666,0.06060606060606061,2.0,1.3333333333333333,0.0
CSO-12-7B-DVAGRO,1,4,15,10,0,0,0,0,0,4,1,0.6666666666666666,0.047619047619047616,2.0,1.5,0.0
CSO-12-7B-DVAGRO,2,4,16,16,2,0,0,0,0,6,1,1.0,0.06666666666666667,2.0,1.6,0.35000000000000003
CSO-12-7B-DVAGRO,3,4,17,17,2,0,0,0,0,7,1,1.0,0.0625,3.0,1.8571428571428572,0.3
CSO-12-7B-DVAGRO,4,4,14,14,2,0,0,0,0,7,1,1.0,0.07692307692307693,3.0,1.8571428571428572,0.3
CSO-12-7B-SMUGU,0,4,12,17,5,0,0,0,0,6,1,1.4166666666666667,0.12878787878787878,2.0,1.6,0.35000000000000003
CSO-12-7B-SMUGU,1,4,12,17,5,0,0,0,0,6,1,1.4166666666666667,0.12878787878787878,2.0,1.6,0.35000000000000003
CSO-12-7B-SSARA,0,4,13,12,0,0,0,0,0,8,1,0.9230769230769231,0.07692307692307693,4.0,2.0,0.44166666666666665
CSO-12-7B-SSARA,1,4,16,12,0,0,0,0,0,7,1,0.75,0.05,4.0,2.0,0.21428571428571427
CSO-12-7B-SSARA,2,4,16,13,0,0,0,0,0,7,1,0.8125,0.05416666666666667,3.0,1.7619047619047619,0.5047619047619047
CSO-12-7B-SSARA,3,4,20,19,0,0,0,0,0,12,1,0.95,0.05,4.0,2.106060606060606,0.44246031746031744
CSO-12-7B-SSARA,4,4,19,17,0,0,0,0,0,9,1,0.8947368421052632,0.049707602339181284,4.0,1.9722222222222223,0.3925925925925926
CSO-12-7B-SSARA,5,4,18,17,0,0,0,0,0,10,1,0.9444444444444444,0.05555555555555555,4.0,2.111111111111111,0.55
CSO-12-7B-SSARA,6,4,20,16,0,0,0,0,0,7,1,0.8,0.042105263157894736,3.0,1.7142857142857142,0.6476190476190476
CSO-12-7B-SSARA,7,4,17,11,0,0,0,0,0,3,1,0.6470588235294118,0.04044117647058824,2.0,1.3333333333333333,0.0
CSO-12-7B-VHOMA,0,4,8,4,0,0,0,0,0,2,1,0.5,0.07142857142857142,1.0,1.0,0.0
CSO-12-7B-VHOMA,1,4,8,4,0,0,0,0,0,2,1,0.5,0.07142857142857142,1.0,1.0,0.0
CSO-12-7B-VHOMA,2,4,13,9,0,0,0,0,0,3,1,0.6923076923076923,0.057692307692307696,2.0,1.3333333333333333,0.0
CSO-12-7B-VHOMA,3,4,11,9,0,0,0,0,0,6,1,0.8181818181818182,0.08181818181818182,4.0,2.066666666666667,0.3888888888888889
CSO-12-7B-VHOMA,4,4,10,7,0,0,0,0,0,4,1,0.7,0.07777777777777778,2.0,1.3333333333333333,0.5833333333333334
CSO-12-8A-YTOME,0,4,17,12,0,0,0,0,0,8,1,0.7058823529411765,0.04411764705882353,4.0,2.107142857142857,0.0
CSO-13-6A-ANASA,0,4,10,6,0,0,0,0,0,3,1,0.6,0.06666666666666667,2.0,1.3333333333333333,0.0
CSO-13-6A-ANASA,1,4,11,6,0,0,0,0,0,3,1,0.5454545454545454,0.05454545454545454,2.0,1.3333333333333333,0.0
CSO-13-6A-ANASA,2,4,10,6,0,0,0,0,0,3,1,0.6,0.06666666666666667,2.0,1.3333333333333333,0.0
CSO-13-6A-ANASA,3,4,11,11,2,0,0,0,0,7,1,1.0,0.1,5.0,2.238095238095238,0.23809523809523808
CSO-13-6A-ANASA,4,4,13,14,2,0,0,0,0,9,1,1.0769230769230769,0.08974358974358974,6.0,2.7222222222222223,0.4444444444444444
CSO-13-6A-ANASA,5,4,11,12,2,0,0,0,0,5,1,1.0909090909090908,0.10909090909090909,3.0,1.7,0.4666666666666667
CSO-13-6A-ANASA,6,4,16,19,2,0,0,0,0,14,1,1.1875,0.07916666666666666,7.0,3.087912087912088,0.36666666666666664
CSO-13-6B-JETAVE,0,4,4,7,3,0,0,0,0,4,1,1.75,0.5833333333333334,2.0,1.3333333333333333,0.5833333333333334
CSO-13-6B-JETAVE,1,4,6,5,0,0,0,0,0,4,1,0.8333333333333334,0.16666666666666666,2.0,1.3333333333333333,0.5833333333333334
CSO-13-6B-JETAVE,2,4,6,3,0,0,0,0,0,2,1,0.5,0.1,1.0,1.0,0.0
CSO-13-6B-JETAVE,3,4,6,3,0,0,0,0,0,2,1,0.5,0.1,1.0,1.0,0.0
CSO-13-6B-JETAVE,4,4,4,2,0,0,0,0,0,2,1,0.5,0.16666666666666666,1.0,1.0,0.0
CSO-13-6B-JETAVE,5,4,2,2,1,0,0,0,0,2,1,1.0,1.0,1.0,1.0,0.0
CSO-13-6B-JETAVE,6,4,4,2,0,0,0,0,0,2,1,0.5,0.16666666666666666,1.0,1.0,0.0
CSO-13-6B-JETAVE,7,4,4,2,0,0,0,0,0,2,1,0.5,0.16666666666666666,1.0,1.0,0.0
CSO-13-6B-JETAVE,8,4,5,3,0,0,0,0,0,3,1,0.6,0.15,2.0,1.3333333333333333,0.0
CSO-13-6B-JETAVE,9,4,4,3,0,0,0,0,0,4,1,0.75,0.25,3.0,1.6666666666666667,0.0
CSO-13-6B-JETAVE,10,4,6,7,0,0,0,0,0,6,1,1.1666666666666667,0.23333333333333334,3.0,1.6666666666666667,0.4166666666666667
CSO-13-6B-JETAVE,11,4,8,8,0,0,0,0,0,6,1,1.0,0.14285714285714285,3.0,1.6666666666666667,0.4166666666666667
CSO-13-6B-JETAVE,12,4,10,10,0,0,0,0,0,5,1,1.0,0.1111111111111111,3.0,1.5,0.5333333333333333
CSO-13-6B-JETAVE,13,4,11,12,0,0,0,0,0,6,1,1.0909090909090908,0.10909090909090909,2.0,1.4666666666666666,0.8277777777777778
CSO-13-6B-LFMIES,0,4,6,6,0,0,0,0,0,6,1,1.0,0.2,3.0,1.8,0.3611111111111111
CSO-13-6B-LFMIES,1,4,8,8,0,0,0,0,0,8,1,1.0,0.14285714285714285,4.0,2.0714285714285716,0.2625
CSO-13-6B-LJMAHU,0,4,4,5,1,0,0,0,0,4,1,1.25,0.4166666666666667,2.0,1.3333333333333333,0.5833333333333334
CSO-13-6B-LJMAHU,1,4,5,3,0,0,0,0,0,3,1,0.6,0.15,2.0,1.3333333333333333,0.0
CSO-13-6B-LJMAHU,2,4,4,2,0,0,0,0,0,2,1,0.5,0.16666666666666666,1.0,1.0,0.0
CSO-13-7A-CAPAMU,0,4,8,11,2,0,1,0,0,5,1,1.375,0.19642857142857142,2.0,1.4,0.8666666666666666
CSO-13-7A-CAPAMU,1,4,9,11,1,0,1,0,0,6,1,1.2222222222222223,0.1527777777777778,2.0,1.5333333333333334,0.7000000000000001
CSO-13-7A-CAPAMU,2,4,9,13,3,0,1,0,0,6,1,1.4444444444444444,0.18055555555555555,2.0,1.5333333333333334,0.7000000000000001
CSO-13-7A-CAPAMU,3,4,8,13,3,0,1,0,0,8,1,1.625,0.23214285714285715,3.0,1.8571428571428572,0.5166666666666667
CSO-13-7A-CAPAMU,4,4,8,11,2,0,0,0,0,8,1,1.375,0.19642857142857142,3.0,1.8571428571428572,0.5166666666666667
CSO-13-7A-CAPAMU,5,4,8,13,3,0,1,0,0,8,1,1.625,0.23214285714285715,3.0,1.8571428571428572,0.5166666666666667
CSO-13-7A-CAPAMU,6,4,10,11,1,0,1,0,0,7,1,1.1,0.12222222222222222,3.0,1.8571428571428572,0.3
CSO-13-7A-RXCHLU,0,4,6,8,2,0,0,0,0,4,1,1.3333333333333333,0.26666666666666666,2.0,1.1666666666666667,0.8333333333333333
CSO-13-7A-RXCHLU,1,4,8,10,2,0,0,0,0,6,1,1.25,0.17857142857142858,2.0,1.5333333333333334,0.4777777777777778
CSO-13-7A-RXCHLU,2,4,12,17,2,0,0,0,0,12,1,1.4166666666666667,0.12878787878787878,3.0,1.893939393939394,0.4101851851851852
CSO-13-7A-RXCHLU,3,4,11,14,1,0,0,0,0,11,1,1.2727272727272727,0.12727272727272726,3.0,1.8909090909090909,0.37121212121212116
CSO-13-7A-YAMEZA,0,4,10,8,0,0,0,0,0,4,1,0.8,0.08888888888888889,2.0,1.1666666666666667,0.8333333333333333
CSO-13-7A-YAMEZA,1,4,10,5,0,0,0,0,0,2,1,0.5,0.05555555555555555,1.0,1.0,0.0
CSO-13-7A-YAMEZA,2,4,15,8,0,0,0,0,0,3,1,0.5333333333333333,0.0380952380952381,2.0,1.3333333333333333,0.0
CSO-13-7A-YAMEZA,3,4,14,8,0,0,0,0,0,3,1,0.5714285714285714,0.04395604395604396,2.0,1.3333333333333333,0.0
CSO-13-7A-YAMEZA,4,4,15,14,1,0,0,0,0,9,1,0.9333333333333333,0.06666666666666667,4.0,2.0,0.3111111111111111
CSO-13-7A-YAMEZA,5,4,16,17,2,0,0,0,0,12,1,1.0625,0.07083333333333333,4.0,2.1818181818181817,0.22817460317460317
CSO-13-7A-YAMEZA,6,4,15,21,4,0,1,0,0,13,1,1.4,0.1,4.0,2.051282051282051,0.4153846153846154
CSO-13-7A-YAMEZA,7,4,19,25,4,0,1,0,0,16,1,1.3157894736842106,0.07309941520467836,4.0,2.058333333333333,0.33573717948717946
CSO-13-8A-MGAAN,0,4,6,4,0,0,0,0,0,4,1,0.6666666666666666,0.13333333333333333,3.0,1.6666666666666667,0.0
CSO-13-8A-MGAAN,1,4,5,3,0,0,0,0,0,3,1,0.6,0.15,2.0,1.3333333333333333,0.0
CSO-13-8A-MGAAN,2,4,5,3,0,0,0,0,0,3,1,0.6,0.15,2.0,1.3333333333333333,0.0
CSO-13-8A-MGAAN,3,4,9,9,0,0,0,0,0,4,1,1.0,0.125,2.0,1.1666666666666667,0.8333333333333333
CSO-13-8A-MGAAN,4,4,10,10,0,0,0,0,0,5,1,1.0,0.1111111111111111,3.0,1.5,0.5333333333333333
CSO-13-8A-MGAAN,5,4,12,12,0,0,0,0,0,7,1,1.0,0.09090909090909091,4.0,1.9523809523809523,0.35714285714285715
CSO-13-8A-MGAAN,6,4,12,16,2,0,0,0,0,9,1,1.3333333333333333,0.12121212121212122,4.0,2.0,0.4962962962962963
CSO-13-8A-MGAAN,7,4,12,12,2,0,0,0,0,8,1,1.0,0.09090909090909091,3.0,1.8928571428571428,0.25833333333333336
CSO-13-8A-MGAAN,8,4,12,14,3,0,0,0,0,8,1,1.1666666666666667,0.10606060606060606,3.0,1.8571428571428572,0.5166666666666667
CSO-13-8A-MGAAN,9,4,11,13,3,0,0,0,0,7,1,1.1818181818181819,0.11818181818181818,2.0,1.619047619047619,0.5904761904761905
CSO-13-8A-MGAAN,10,4,13,12,1,0,0,0,0,7,1,0.9230769230769231,0.07692307692307693,2.0,1.619047619047619,0.5904761904761905
CSO-13-8A-MGAAN,11,4,10,9,0,0,0,0,0,6,1,0.9,0.1,2.0,1.5333333333333334,0.7000000000000001
CSO-13-8A-MGAAN,12,4,9,7,0,0,0,0,0,5,1,0.7777777777777778,0.09722222222222222,2.0,1.5,0.4333333333333333
CSO-13-8A-MGAAN,13,4,12,10,1,0,0,0,0,6,1,0.8333333333333334,0.07575757575757576,3.0,1.8,0.3611111111111111
CSO-13-8A-MGAHE,0,4,9,11,1,0,1,0,0,7,1,1.2222222222222223,0.1527777777777778,3.0,1.7619047619047619,0.5047619047619047
CSO-13-8A-MGAHE,1,4,13,12,1,0,1,0,0,6,1,0.9230769230769231,0.07692307692307693,2.0,1.6,0.35000000000000003
CSO-13-8A-MGAHE,2,4,13,14,1,0,1,0,0,8,1,1.0769230769230769,0.08974358974358974,2.0,1.6785714285714286,0.5119047619047619
CSO-13-8A-MGAHE,3,4,15,21,4,0,1,0,0,10,1,1.4,0.1,2.0,1.711111111111111,0.6777777777777778
CSO-13-8A-MGAHE,4,4,16,18,3,0,0,0,0,8,1,1.125,0.075,2.0,1.6428571428571428,0.6011904761904762
CSO-13-8A-MGAHE,5,4,12,15,3,0,0,0,0,7,1,1.25,0.11363636363636363,2.0,1.5714285714285714,0.6952380952380952
CSO-13-8A-MGAHE,6,4,15,16,1,0,1,0,0,8,1,1.0666666666666667,0.0761904761904762,2.0,1.6428571428571428,0.6011904761904762
CSO-13-8A-MJAGA,0,4,19,14,1,0,0,0,0,7,1,0.7368421052631579,0.04093567251461988,3.0,1.8095238095238095,0.20476190476190476
CSO-13-8A-MJAGA,1,4,11,12,2,0,1,0,0,7,1,1.0909090909090908,0.10909090909090909,2.0,1.6666666666666667,0.29523809523809524
CSO-13-8A-MJAGA,2,4,14,17,2,0,1,0,0,12,1,1.2142857142857142,0.09340659340659341,3.0,1.9393939393939394,0.337037037037037
CSO-13-8A-VHODU,0,4,2,1,0,0,0,0,0,2,1,0.5,0.5,1.0,1.0,0.0
CSO-13-8A-VHODU,1,4,3,3,1,0,0,0,0,3,1,1.0,0.5,2.0,1.3333333333333333,0.0
CSO-13-8A-VHODU,2,4,5,8,3,0,0,0,0,5,1,1.6,0.4,2.0,1.5,0.4333333333333333
CSO-13-8A-VHODU,3,4,10,12,3,0,0,0,0,8,1,1.2,0.13333333333333333,3.0,1.8571428571428572,0.175
CSO-13-8A-VHODU,4,4,14,19,4,0,1,0,0,12,1,1.3571428571428572,0.1043956043956044,3.0,1.9242424242424243,0.2814814814814815
CSO-13-8A-VHODU,5,4,15,19,2,0,1,0,0,13,1,1.2666666666666666,0.09047619047619047,3.0,1.9230769230769231,0.4144522144522144
CSO-13-8A-VHODU,6,4,15,17,3,0,1,0,0,9,1,1.1333333333333333,0.08095238095238096,2.0,1.7222222222222223,0.45238095238095233
CSO-13-8B-FCJISA,0,4,11,14,1,0,1,0,0,9,1,1.2727272727272727,0.12727272727272726,2.0,1.6944444444444444,0.6785714285714285
CSO-13-8B-FCJISA,1,4,13,15,1,0,1,0,0,9,1,1.1538461538461537,0.09615384615384616,2.0,1.6944444444444444,0.6785714285714285
CSO-13-8B-FCJISA,2,4,11,14,1,0,1,0,0,9,1,1.2727272727272727,0.12727272727272726,3.0,1.8333333333333333,0.6084656084656085
CSO-13-8B-FCJISA,3,4,11,12,1,0,1,0,0,7,1,1.0909090909090908,0.10909090909090909,3.0,1.7619047619047619,0.5047619047619047
CSO-13-8B-FCJISA,4,4,9,7,0,0,0,0,0,4,1,0.7777777777777778,0.09722222222222222,2.0,1.3333333333333333,0.5833333333333334
CSO-13-8B-FCJISA,5,4,8,7,1,0,0,0,0,3,1,0.875,0.125,1.0,1.0,1.0
CSO-14-7B-EVEGO,0,4,12,10,1,0,0,0,0,4,1,0.8333333333333334,0.07575757575757576,2.0,1.1666666666666667,0.8333333333333333
CSO-14-7B-EVEGO,1,4,15,11,0,0,0,0,0,4,1,0.7333333333333333,0.05238095238095238,2.0,1.1666666666666667,0.8333333333333333
CSO-14-7B-EVEGO,2,4,11,12,0,0,0,0,0,6,1,1.0909090909090908,0.10909090909090909,2.0,1.4,0.6777777777777777
CSO-14-7B-EVEGO,3,4,11,10,1,0,0,0,0,6,1,0.9090909090909091,0.09090909090909091,3.0,1.8,0.3611111111111111
CSO-14-7B-EVEGO,4,4,10,9,1,0,0,0,0,6,1,0.9,0.1,3.0,1.8,0.3611111111111111
CSO-14-7B-EVEGO,5,4,8,10,1,0,0,0,0,8,1,1.25,0.17857142857142858,3.0,1.8571428571428572,0.5166666666666667
CSO-14-7B-EVEGO,6,4,8,10,2,0,0,0,0,6,1,1.25,0.17857142857142858,3.0,1.7333333333333334,0.5
CSO-14-7B-EVEGO,7,4,8,10,2,0,0,0,0,6,1,1.25,0.17857142857142858,3.0,1.6666666666666667,0.38888888888888884
CSO-14-7B-EVEGO,8,4,9,11,2,0,0,0,0,7,1,1.2222222222222223,0.1527777777777778,3.0,1.7619047619047619,0.31428571428571433
CSO-14-7B-EVEGO,9,4,11,11,1,0,0,0,0,6,1,1.0,0.1,3.0,1.7333333333333334,0.25
CSO-14-8A-AQUMA,0,4,8,6,0,0,0,0,0,3,1,0.75,0.10714285714285714,2.0,1.3333333333333333,0.0
CSO-14-8A-AQUMA,1,4,7,8,1,0,0,0,0,4,1,1.1428571428571428,0.19047619047619047,2.0,1.1666666666666667,0.8333333333333333
CSO-14-8A-AQUMA,2,4,7,12,5,0,0,0,0,5,1,1.7142857142857142,0.2857142857142857,2.0,1.4,0.6
CSO-14-8A-AQUMA,3,4,7,12,5,0,0,0,0,5,1,1.7142857142857142,0.2857142857142857,2.0,1.4,0.6
CSO-14-8A-AQUMA,4,4,6,11,4,0,0,0,0,6,1,1.8333333333333333,0.36666666666666664,3.0,1.6666666666666667,0.611111111111111
CSO-14-8A-AQUMA,5,4,6,8,1,0,0,0,0,6,1,1.3333333333333333,0.26666666666666666,3.0,1.6666666666666667,0.611111111111111
CSO-14-8A-AQUMA,6,4,6,6,0,0,0,0,0,3,1,1.0,0.2,1.0,1.0,1.0
CSO-14-8A-AQUMA,7,4,9,8,0,0,0,0,0,4,1,0.8888888888888888,0.1111111111111111,2.0,1.3333333333333333,0.5833333333333334
CSO-14-8A-AQUMA,8,4,6,5,0,0,0,0,0,4,1,0.8333333333333334,0.16666666666666666,2.0,1.3333333333333333,0.5833333333333334
CSO-14-8A-SZARA,0,4,11,14,1,0,1,0,0,8,1,1.2727272727272727,0.12727272727272726,5.0,2.2142857142857144,0.22916666666666666
CSO-14-8A-SZARA,1,4,13,18,2,0,1,0,0,10,1,1.3846153846153846,0.11538461538461539,5.0,2.2444444444444445,0.38
CSO-14-8A-SZARA,2,4,14,18,2,0,1,0,0,9,1,1.2857142857142858,0.0989010989010989,4.0,2.0,0.4962962962962963
CSO-14-8A-SZARA,3,4,11,15,2,0,1,0,0,9,1,1.3636363636363635,0.13636363636363635,4.0,2.0,0.4962962962962963
CSO-14-8A-SZARA,4,4,7,6,1,0,0,0,0,3,1,0.8571428571428571,0.14285714285714285,1.0,1.0,1.0
CSO-14-9A-AEDCAGO,0,4,5,4,0,0,0,0,0,5,1,0.8,0.2,4.0,2.0,0.0
CSO-14-9A-AEDCAGO,1,4,7,4,0,0,0,0,0,3,1,0.5714285714285714,0.09523809523809523,2.0,1.3333333333333333,0.0
CSO-14-9A-AEDCAGO,2,4,5,3,0,0,0,0,0,3,1,0.6,0.15,2.0,1.3333333333333333,0.0
CSO-14-9A-AEDCAGO,3,4,7,6,0,0,0,0,0,5,1,0.8571428571428571,0.14285714285714285,2.0,1.5,0.4333333333333333
CSO-14-9A-AEDCAGO,4,4,11,8,0,0,0,0,0,5,1,0.7272727272727273,0.07272727272727272,2.0,1.5,0.4333333333333333
CSO-14-9A-AEDCAGO,5,4,10,7,0,0,0,0,0,4,1,0.7,0.07777777777777778,2.0,1.3333333333333333,0.5833333333333334
CSO-14-9A-AEDCAGO,6,4,9,6,0,0,0,0,0,3,1,0.6666666666666666,0.08333333333333333,1.0,1.0,1.0
CSO-14-9A-AEDCAGO,7,4,7,4,0,0,0,0,0,3,1,0.5714285714285714,0.09523809523809523,2.0,1.3333333333333333,0.0
CSO-14-9A-AEDCAGO,8,4,6,3,0,0,0,0,0,2,1,0.5,0.1,1.0,1.0,0.0
CSO-14-9A-AEDCAGO,9,4,9,5,0,0,0,0,0,3,1,0.5555555555555556,0.06944444444444445,2.0,1.3333333333333333,0.0
CSO-14-9A-HASACA,0,4,14,15,4,0,0,0,0,5,1,1.0714285714285714,0.08241758241758242,2.0,1.4,0.6
CSO-14-9A-HASACA,1,4,10,10,0,0,0,0,0,8,1,1.0,0.1111111111111111,2.0,1.6785714285714286,0.5119047619047619
CSO-14-9A-HASACA,2,4,9,7,0,0,0,0,0,5,1,0.7777777777777778,0.09722222222222222,2.0,1.5,0.4333333333333333
CSO-14-9A-JSMAAL,0,4,11,11,0,0,0,0,0,7,1,1.0,0.1,4.0,1.9523809523809523,0.3333333333333333
CSO-14-9A-JSMAAL,1,4,7,9,0,0,0,0,0,7,1,1.2857142857142858,0.21428571428571427,3.0,1.7142857142857142,0.6476190476190476
CSO-14-9A-MARJA,0,4,9,6,0,0,0,0,0,5,1,0.6666666666666666,0.08333333333333333,3.0,1.8,0.0
CSO-14-9A-MARJA,1,4,10,7,0,0,0,0,0,3,1,0.7,0.07777777777777778,2.0,1.3333333333333333,0.0
CSO-14-9A-MARJA,2,4,11,9,0,0,0,0,0,5,1,0.8181818181818182,0.08181818181818182,3.0,1.8,0.0
CSO-14-9A-MARJA,3,4,9,8,0,0,0,0,0,5,1,0.8888888888888888,0.1111111111111111,2.0,1.6,0.0
CSO-14-9A-MARJA,4,4,9,8,0,0,0,0,0,5,1,0.8888888888888888,0.1111111111111111,2.0,1.6,0.0
CSO-14-9A-MARJA,5,4,11,9,0,0,0,0,0,6,1,0.8181818181818182,0.08181818181818182,3.0,1.8666666666666667,0.0
CSO-14-9A-MARJA,6,4,7,6,0,0,0,0,0,4,1,0.8571428571428571,0.14285714285714285,3.0,1.6666666666666667,0.0
CSO-14-9A-SORZU,0,4,11,16,5,0,0,0,0,7,1,1.4545454545454546,0.14545454545454545,2.0,1.5714285714285714,0.8857142857142858
CSO-14-9A-SORZU,1,4,11,17,6,0,0,0,0,7,1,1.5454545454545454,0.15454545454545454,2.0,1.5714285714285714,0.8857142857142858
CSO-14-9A-SORZU,2,4,10,15,5,0,0,0,0,8,1,1.5,0.16666666666666666,3.0,1.8571428571428572,0.5166666666666667
CSO-14-9B-ERAGA,0,4,14,20,5,0,0,0,0,10,1,1.4285714285714286,0.10989010989010989,3.0,1.8444444444444446,0.4809523809523809
CSO-14-9B-MFEGA,0,4,11,13,2,0,1,0,0,5,1,1.1818181818181819,0.11818181818181818,2.0,1.4,0.8666666666666666
CSO-14-9B-MFEGA,1,4,10,12,2,0,1,0,0,6,1,1.2,0.13333333333333333,3.0,1.6666666666666667,0.611111111111111
CSO-14-9B-MFEGA,2,4,6,10,2,0,1,0,0,6,1,1.6666666666666667,0.3333333333333333,3.0,1.6666666666666667,0.611111111111111
CSO-14-9B-MFEGA,3,4,7,7,0,0,0,0,0,5,1,1.0,0.16666666666666666,2.0,1.4,0.8666666666666666
CSO-14-9B-MFEGA,4,4,8,7,0,0,0,0,0,6,1,0.875,0.125,2.0,1.6,0.35000000000000003
CSO-14-9B-MFEGA,5,4,8,7,0,0,0,0,0,6,1,0.875,0.125,2.0,1.6,0.35000000000000003
CSO-14-9B-MFEGA,6,4,9,8,0,0,0,0,0,7,1,0.8888888888888888,0.1111111111111111,2.0,1.6666666666666667,0.29523809523809524
CSO-14-9B-MFEGA,7,4,9,6,0,0,0,0,0,5,1,0.6666666666666666,0.08333333333333333,2.0,1.6,0.0
CSO-15-10A-LJRAGU,0,4,23,22,1,0,1,0,0,7,1,0.9565217391304348,0.043478260869565216,3.0,1.8095238095238095,0.5
CSO-15-10A-LJRAGU,1,4,21,19,1,0,1,0,0,7,1,0.9047619047619048,0.04523809523809524,3.0,1.8095238095238095,0.5
CSO-15-10A-MAARLO,0,4,21,18,1,0,0,0,0,5,1,0.8571428571428571,0.04285714285714286,2.0,1.4,0.6
CSO-15-10A-MAARLO,1,4,19,17,1,0,0,0,0,5,1,0.8947368421052632,0.049707602339181284,2.0,1.4,0.6
CSO-15-10A-SFEGA,0,4,13,8,0,0,0,0,0,3,1,0.6153846153846154,0.05128205128205128,1.0,1.0,1.0
CSO-15-10A-SFEGA,1,4,11,7,0,0,0,0,0,3,1,0.6363636363636364,0.06363636363636363,1.0,1.0,1.0
CSO-15-10B-MEBUAR,0,4,11,10,1,0,0,0,0,5,1,0.9090909090909091,0.09090909090909091,2.0,1.5,0.4333333333333333
CSO-15-10B-MEBUAR,1,4,12,13,2,0,0,0,0,8,1,1.0833333333333333,0.09848484848484848,3.0,1.8928571428571428,0.25833333333333336
CSO-15-10B-MEBUAR,2,4,17,18,2,0,0,0,0,12,1,1.0588235294117647,0.0661764705882353,4.0,2.227272727272727,0.16964285714285712
CSO-15-10C-SSCAMO,0,4,12,16,4,0,1,0,0,7,1,1.3333333333333333,0.12121212121212122,4.0,2.0,0.5238095238095238
CSO-15-10C-SSCAMO,1,4,12,17,5,0,1,0,0,8,1,1.4166666666666667,0.12878787878787878,4.0,2.0714285714285716,0.44166666666666665
CSO-15-10C-SSCAMO,2,4,13,18,5,0,1,0,0,9,1,1.3846153846153846,0.11538461538461539,4.0,2.138888888888889,0.37407407407407406
CSO-15-10C-SSCAMO,3,4,13,17,3,0,1,0,0,11,1,1.3076923076923077,0.10897435897435898,5.0,2.327272727272727,0.23939393939393938
CSO-15-10C-SSCAMO,4,4,12,9,1,0,1,0,0,4,1,0.75,0.06818181818181818,2.0,1.5,0.0
CSO-15-10C-SSCAMO,5,4,13,11,0,0,0,0,0,7,1,0.8461538461538461,0.07051282051282051,4.0,1.9523809523809523,0.35714285714285715
CSO-15-10C-SSCAMO,6,4,14,11,0,0,0,0,0,6,1,0.7857142857142857,0.06043956043956044,3.0,1.6666666666666667,0.4166666666666667
CSO-15-10C-SSCAMO,7,4,12,12,0,0,0,0,0,8,1,1.0,0.09090909090909091,3.0,1.7857142857142858,0.5583333333333333
CSO-15-10C-SSCAMO,8,4,13,17,0,0,0,0,0,13,1,1.3076923076923077,0.10897435897435898,5.0,2.282051282051282,0.5467032967032966
CSO-15-11C-JETALO,0,4,10,14,2,0,0,0,0,10,1,1.4,0.15555555555555556,4.0,2.066666666666667,0.44333333333333336
CSO-15-11C-JETALO,1,4,9,12,2,0,0,0,0,9,1,1.3333333333333333,0.16666666666666666,3.0,1.8888888888888888,0.30687830687830686
CSO-15-11C-JETALO,2,4,11,13,2,0,0,0,0,9,1,1.1818181818181819,0.11818181818181818,3.0,1.8888888888888888,0.30687830687830686
CSO-15-11C-JETALO,3,4,10,12,2,0,1,0,0,8,1,1.2,0.13333333333333333,2.0,1.7142857142857142,0.25595238095238093
CSO-15-11C-JETALO,4,4,7,8,2,0,1,0,0,5,1,1.1428571428571428,0.19047619047619047,2.0,1.6,0.0
CSO-15-11C-JETALO,5,4,7,8,2,0,1,0,0,5,1,1.1428571428571428,0.19047619047619047,2.0,1.6,0.0
CSO-15-11C-JETALO,6,4,12,13,2,0,1,0,0,8,1,1.0833333333333333,0.09848484848484848,3.0,1.8571428571428572,0.175
CSO-15-11C-JETALO,7,4,11,10,1,0,0,0,0,7,1,0.9090909090909091,0.09090909090909091,3.0,1.8095238095238095,0.20476190476190476
CSO-15-7B-JCRAGA,0,4,10,7,0,0,0,0,0,4,1,0.7,0.07777777777777778,2.0,1.3333333333333333,0.5833333333333334
CSO-15-7B-JCRAGA,1,4,9,7,0,0,0,0,0,5,1,0.7777777777777778,0.09722222222222222,2.0,1.5,0.4333333333333333
CSO-15-8A-VBMABR,0,4,10,14,1,0,0,0,0,10,1,1.4,0.15555555555555556,5.0,2.3333333333333335,0.36333333333333334
CSO-15-8A-VBMABR,1,4,7,11,1,0,0,0,0,7,1,1.5714285714285714,0.2619047619047619,3.0,1.6666666666666667,0.5476190476190477
CSO-15-8A-VBMABR,2,4,8,9,1,0,0,0,0,6,1,1.125,0.16071428571428573,2.0,1.5333333333333334,0.7000000000000001
CSO-15-8B-KEPOGO,0,4,24,27,4,0,0,0,0,14,1,1.125,0.04891304347826087,5.0,2.681318681318681,0.3523809523809524
CSO-15-8B-KEPOGO,1,4,20,26,4,0,0,0,0,13,1,1.3,0.06842105263157895,5.0,2.282051282051282,0.4056776556776557
CSO-15-8B-KEPOGO,2,4,13,15,1,0,0,0,0,11,1,1.1538461538461537,0.09615384615384616,5.0,2.418181818181818,0.34545454545454546
CSO-15-8B-KEPOGO,3,4,12,15,1,0,0,0,0,12,1,1.25,0.11363636363636363,4.0,2.1666666666666665,0.3115079365079365
CSO-15-8B-KEPOGO,4,4,15,18,0,0,0,0,0,11,1,1.2,0.08571428571428572,3.0,1.981818181818182,0.3701298701298701
CSO-15-9B-ALRIHE,0,4,9,10,1,0,0,0,0,7,1,1.1111111111111112,0.1388888888888889,4.0,1.9047619047619047,0.42857142857142855
CSO-15-9B-ALRIHE,1,4,9,9,0,0,0,0,0,7,1,1.0,0.125,4.0,1.9047619047619047,0.42857142857142855
CSO-15-9B-ALRIHE,2,4,14,15,1,0,0,0,0,10,1,1.0714285714285714,0.08241758241758242,3.0,2.0,0.53
CSO-15-9B-ALRIHE,3,4,15,15,2,0,0,0,0,5,1,1.0,0.07142857142857142,2.0,1.4,0.8666666666666666
CSO-15-9B-ALRIHE,4,4,15,14,2,0,0,0,0,7,1,0.9333333333333333,0.06666666666666667,4.0,2.0952380952380953,0.0
CSO-15-9B-ALRIHE,5,4,19,17,2,0,0,0,0,8,1,0.8947368421052632,0.049707602339181284,5.0,2.392857142857143,0.0
CSO-15-9B-AMSAGO,0,4,15,18,3,0,0,0,0,11,1,1.2,0.08571428571428572,4.0,2.018181818181818,0.31277056277056275
CSO-15-9B-JCAPA,0,4,10,11,1,0,1,0,0,6,1,1.1,0.12222222222222222,2.0,1.5333333333333334,0.4777777777777778
CSO-15-9B-JCAPA,1,4,9,14,4,0,2,0,0,7,1,1.5555555555555556,0.19444444444444445,2.0,1.619047619047619,0.39999999999999997
CSO-15-9B-JCAPA,2,4,9,15,5,0,2,0,0,7,1,1.6666666666666667,0.20833333333333334,2.0,1.619047619047619,0.39999999999999997
CSO-15-9B-JCAPA,3,4,11,19,5,0,2,0,0,11,1,1.7272727272727273,0.17272727272727273,3.0,1.9090909090909092,0.4318181818181818
CSO-15-9B-JCAPA,4,4,11,13,2,0,1,0,0,9,1,1.1818181818181819,0.11818181818181818,3.0,1.9166666666666667,0.2275132275132275
CSO-15-9B-KSBEJA,0,4,10,15,4,0,2,0,0,10,1,1.5,0.16666666666666666,3.0,1.9333333333333333,0.20357142857142857
CSO-15-9B-KSBEJA,1,4,11,16,5,0,2,0,0,9,1,1.4545454545454546,0.14545454545454545,3.0,1.9166666666666667,0.2275132275132275
CSO-15-9B-KSBEJA,2,4,11,17,5,0,2,0,0,9,1,1.5454545454545454,0.15454545454545454,2.0,1.7222222222222223,0.45238095238095233
CSO-15-9B-KSBEJA,3,4,11,15,2,0,1,0,0,9,1,1.3636363636363635,0.13636363636363635,3.0,1.9166666666666667,0.6074074074074074
CSO-15-9B-RMCHLU,0,4,12,14,2,0,1,0,0,8,1,1.1666666666666667,0.10606060606060606,3.0,1.8928571428571428,0.42916666666666664
CSO-15-9B-RMCHLU,1,4,13,15,2,0,1,0,0,8,1,1.1538461538461537,0.09615384615384616,3.0,1.8928571428571428,0.42916666666666664
CSO-15-9B-RMCHLU,2,4,14,17,2,0,1,0,0,8,1,1.2142857142857142,0.09340659340659341,3.0,1.8214285714285714,0.3
CSO-15-9B-RMCHLU,3,4,9,10,1,0,0,0,0,6,1,1.1111111111111112,0.1388888888888889,3.0,1.6666666666666667,0.4166666666666667
CSO-15-9B-SJAGRO,0,4,10,9,0,0,0,0,0,4,1,0.9,0.1,2.0,1.1666666666666667,0.8333333333333333
CSO-15-9B-SJAGRO,1,4,10,9,0,0,0,0,0,4,1,0.9,0.1,3.0,1.6666666666666667,0.0
CSO-15-9B-SJAGRO,2,4,13,10,0,0,0,0,0,4,1,0.7692307692307693,0.0641025641025641,2.0,1.1666666666666667,0.8333333333333333
CSO-15-9B-SJAGRO,3,4,14,12,0,0,0,0,0,4,1,0.8571428571428571,0.06593406593406594,2.0,1.1666666666666667,0.8333333333333333
CSO-15-9B-SJAGRO,4,4,16,16,1,0,0,0,0,9,1,1.0,0.06666666666666667,5.0,2.4444444444444446,0.537037037037037
CSO-15-9B-SJAGRO,5,4,17,14,2,0,0,0,0,6,1,0.8235294117647058,0.051470588235294115,4.0,2.066666666666667,0.3888888888888889
CSO-15-9B-SJAGRO,6,4,15,13,3,0,0,0,0,3,1,0.8666666666666667,0.06190476190476191,1.0,1.0,1.0
CSO-15-9B-SJAGRO,7,4,13,13,4,0,0,0,0,6,1,1.0,0.08333333333333333,3.0,1.8666666666666667,0.0
CSO-16-10B-JESUGU,0,4,8,4,0,0,0,0,0,2,1,0.5,0.07142857142857142,1.0,1.0,0.0
CSO-16-10B-JESUGU,1,4,7,6,1,0,1,0,0,3,1,0.8571428571428571,0.14285714285714285,2.0,1.3333333333333333,0.0
CSO-16-10B-JESUGU,2,4,6,6,1,0,1,0,0,4,1,1.0,0.2,2.0,1.5,0.0
CSO-16-10B-JESUGU,3,4,7,7,1,0,1,0,0,5,1,1.0,0.16666666666666666,2.0,1.6,0.0
CSO-16-10B-LTVIFA,0,4,12,10,0,0,0,0,0,6,1,0.8333333333333334,0.07575757575757576,2.0,1.5333333333333334,0.7000000000000001
CSO-16-10B-LTVIFA,1,4,12,12,0,0,0,0,0,8,1,1.0,0.09090909090909091,2.0,1.6428571428571428,0.7678571428571429
CSO-16-10B-LTVIFA,2,4,12,10,0,0,0,0,0,6,1,0.8333333333333334,0.07575757575757576,2.0,1.5333333333333334,0.7000000000000001
CSO-16-10B-LTVIFA,3,4,12,10,0,0,0,0,0,4,1,0.8333333333333334,0.07575757575757576,2.0,1.3333333333333333,0.5833333333333334
CSO-16-10B-VVILI,0,4,9,7,0,0,0,0,0,4,1,0.7777777777777778,0.09722222222222222,3.0,1.6666666666666667,0.0
CSO-16-10B-VVILI,1,4,10,8,0,0,0,0,0,5,1,0.8,0.08888888888888889,3.0,1.6,0.3333333333333333
CSO-16-10B-VVILI,2,4,12,11,0,0,0,0,0,8,1,0.9166666666666666,0.08333333333333333,3.0,1.8214285714285714,0.43333333333333335
CSO-16-10B-VVILI,3,4,11,8,0,0,0,0,0,5,1,0.7272727272727273,0.07272727272727272,2.0,1.5,0.4333333333333333
CSO-16-10C-ACALGU,0,4,12,10,2,0,0,0,0,5,1,0.8333333333333334,0.07575757575757576,2.0,1.6,0.0
CSO-16-10C-ACALGU,1,4,11,9,2,0,0,0,0,5,1,0.8181818181818182,0.08181818181818182,2.0,1.6,0.0
CSO-16-10C-ACALGU,2,4,14,16,6,0,1,0,0,6,1,1.1428571428571428,0.08791208791208792,2.0,1.6666666666666667,0.0
CSO-16-10C-ACALGU,3,4,11,13,5,0,1,0,0,5,1,1.1818181818181819,0.11818181818181818,2.0,1.6,0.0
CSO-16-10C-MAVAVE,0,4,7,4,0,0,0,0,0,3,1,0.5714285714285714,0.09523809523809523,2.0,1.3333333333333333,0.0
CSO-16-10C-MAVAVE,1,4,9,7,0,0,0,0,0,4,1,0.7777777777777778,0.09722222222222222,2.0,1.3333333333333333,0.5833333333333334
CSO-16-10C-MAVAVE,2,4,10,8,0,0,0,0,0,4,1,0.8,0.08888888888888889,2.0,1.3333333333333333,0.5833333333333334
CSO-16-10C-MAVAVE,3,4,10,9,1,0,0,0,0,4,1,0.9,0.1,2.0,1.3333333333333333,0.5833333333333334
CSO-16-10C-MAVAVE,4,4,6,6,1,0,0,0,0,3,1,1.0,0.2,1.0,1.0,1.0
CSO-16-10C-MAVAVE,5,4,4,4,1,0,0,0,0,4,1,1.0,0.3333333333333333,3.0,1.6666666666666667,0.0
CSO-16-10C-MAVAVE,6,4,4,3,0,0,0,0,0,4,1,0.75,0.25,2.0,1.5,0.0
CSO-16-10C-MAVAVE,7,4,3,2,0,0,0,0,0,3,1,0.6666666666666666,0.3333333333333333,2.0,1.3333333333333333,0.0
CSO-16-10C-MAVAVE,8,4,5,3,0,0,0,0,0,3,1,0.6,0.15,2.0,1.3333333333333333,0.0
CSO-16-10C-MAVAVE,9,4,4,2,0,0,0,0,0,2,1,0.5,0.16666666666666666,1.0,1.0,0.0
CSO-16-11A-JDMUVA,0,4,6,3,0,0,0,0,0,2,1,0.5,0.1,1.0,1.0,0.0
CSO-16-11A-JDMUVA,1,4,7,7,1,0,1,0,0,3,1,1.0,0.16666666666666666,1.0,1.0,1.0
CSO-16-11A-JDMUVA,2,4,10,10,1,0,1,0,0,6,1,1.0,0.1111111111111111,3.0,1.8,0.3611111111111111
CSO-16-11A-JDMUVA,3,4,12,13,1,0,1,0,0,8,1,1.0833333333333333,0.09848484848484848,3.0,1.8571428571428572,0.5166666666666667
CSO-16-11A-JDMUVA,4,4,13,15,1,0,1,0,0,11,1,1.1538461538461537,0.09615384615384616,4.0,2.0727272727272728,0.3701298701298701
CSO-16-11A-JDMUVA,5,4,11,10,0,0,0,0,0,9,1,0.9090909090909091,0.09090909090909091,4.0,2.0833333333333335,0.22962962962962966
CSO-16-11A-JDMUVA,6,4,10,10,0,0,0,0,0,8,1,1.0,0.1111111111111111,3.0,1.8571428571428572,0.5166666666666667
CSO-16-11A-VZAOR,0,4,14,11,1,0,0,0,0,5,1,0.7857142857142857,0.06043956043956044,3.0,1.8,0.0
CSO-16-11A-VZAOR,1,4,13,20,7,0,0,0,0,8,1,1.5384615384615385,0.1282051282051282,2.0,1.6785714285714286,0.5119047619047619
CSO-16-11A-VZAOR,2,4,11,20,8,0,0,0,0,8,1,1.8181818181818181,0.18181818181818182,2.0,1.6785714285714286,0.5119047619047619
CSO-16-11B-KRORE,0,4,7,4,0,0,0,0,0,3,1,0.5714285714285714,0.09523809523809523,2.0,1.3333333333333333,0.0
CSO-16-11B-KRORE,1,4,6,3,0,0,0,0,0,2,1,0.5,0.1,1.0,1.0,0.0
CSO-16-11B-KRORE,2,4,11,7,0,0,0,0,0,3,1,0.6363636363636364,0.06363636363636363,1.0,1.0,1.0
CSO-16-11B-KRORE,3,4,12,8,0,0,0,0,0,4,1,0.6666666666666666,0.06060606060606061,2.0,1.3333333333333333,0.5833333333333334
CSO-16-11B-KRORE,4,4,8,6,0,0,0,0,0,4,1,0.75,0.10714285714285714,2.0,1.3333333333333333,0.5833333333333334
CSO-16-11B-KRORE,5,4,9,7,0,0,0,0,0,5,1,0.7777777777777778,0.09722222222222222,2.0,1.5,0.4333333333333333
CSO-16-11B-KRORE,6,4,11,7,0,0,0,0,0,5,1,0.6363636363636364,0.06363636363636363,2.0,1.6,0.0
CSO-16-11B-KRORE,7,4,10,7,1,0,0,0,0,4,1,0.7,0.07777777777777778,2.0,1.5,0.0
CSO-16-11B-LLOZA,0,4,9,7,0,0,0,0,0,5,1,0.7777777777777778,0.09722222222222222,3.0,1.8,0.0
CSO-16-11B-LLOZA,1,4,11,8,0,0,0,0,0,5,1,0.7272727272727273,0.07272727272727272,3.0,1.8,0.0
CSO-16-11B-LLOZA,2,4,14,10,0,0,0,0,0,6,1,0.7142857142857143,0.054945054945054944,4.0,2.066666666666667,0.0
CSO-16-11B-LLOZA,3,4,13,8,0,0,0,0,0,5,1,0.6153846153846154,0.05128205128205128,3.0,1.8,0.0
CSO-16-11B-LLOZA,4,4,16,10,0,0,0,0,0,3,1,0.625,0.041666666666666664,2.0,1.3333333333333333,0.0
CSO-16-11B-LLOZA,5,4,14,9,0,0,0,0,0,3,1,0.6428571428571429,0.04945054945054945,2.0,1.3333333333333333,0.0
CSO-16-11B-YAROMO,0,4,11,6,0,0,0,0,0,3,1,0.5454545454545454,0.05454545454545454,2.0,1.3333333333333333,0.0
CSO-16-11B-YAROMO,1,4,9,6,1,0,0,0,0,3,1,0.6666666666666666,0.08333333333333333,2.0,1.3333333333333333,0.0
CSO-16-11B-YAROMO,2,4,6,5,2,0,0,0,0,2,1,0.8333333333333334,0.16666666666666666,1.0,1.0,0.0
CSO-16-11B-YAROMO,3,4,6,5,2,0,0,0,0,2,1,0.8333333333333334,0.16666666666666666,1.0,1.0,0.0
CSO-16-11B-YAROMO,4,4,8,7,1,0,0,0,0,4,1,0.875,0.125,2.0,1.3333333333333333,0.5833333333333334
CSO-16-11B-YAROMO,5,4,8,9,1,0,0,0,0,4,1,1.125,0.16071428571428573,2.0,1.3333333333333333,0.5833333333333334
CSO-16-11B-YAROMO,6,4,10,11,0,0,0,0,0,6,1,1.1,0.12222222222222222,2.0,1.5333333333333334,0.7000000000000001
CSO-16-11B-YAROMO,7,4,11,14,0,0,0,0,0,11,1,1.2727272727272727,0.12727272727272726,4.0,2.1454545454545455,0.6190476190476191
CSO-16-11B-YAROMO,8,4,10,11,0,0,0,0,0,8,1,1.1,0.12222222222222222,2.0,1.6428571428571428,0.7678571428571429
CSO-16-11B-YAROMO,9,4,12,14,1,0,1,0,0,8,1,1.1666666666666667,0.10606060606060606,3.0,1.8571428571428572,0.6916666666666667
CSO-16-11B-YAROMO,10,4,9,10,1,0,1,0,0,5,1,1.1111111111111112,0.1388888888888889,2.0,1.4,0.8666666666666666
CSO-16-11B-YAROMO,11,4,10,10,1,0,1,0,0,3,1,1.0,0.1111111111111111,1.0,1.0,1.0
CSO-16-11B-YAROMO,12,4,13,13,1,0,1,0,0,6,1,1.0,0.08333333333333333,3.0,1.8,0.3611111111111111
CSO-16-11B-YAROMO,13,4,12,12,0,0,0,0,0,10,1,1.0,0.09090909090909091,4.0,2.066666666666667,0.4095238095238095
CSO-16-11B-YAROMO,14,4,13,13,0,0,0,0,0,11,1,1.0,0.08333333333333333,4.0,2.0727272727272728,0.3701298701298701
CSO-16-11B-YAROMO,15,4,14,15,0,0,0,0,0,12,1,1.0714285714285714,0.08241758241758242,5.0,2.606060606060606,0.4222222222222222
CSO-16-11B-YAROMO,16,4,12,13,0,0,0,0,0,8,1,1.0833333333333333,0.09848484848484848,3.0,1.8928571428571428,0.25833333333333336
CSO-16-9A-JALEMO,0,4,13,12,0,0,0,0,0,6,1,0.9230769230769231,0.07692307692307693,3.0,1.6,0.7777777777777778
CSO-16-9A-JALEMO,1,4,11,8,0,0,0,0,0,4,1,0.7272727272727273,0.07272727272727272,2.0,1.3333333333333333,0.5833333333333334
CSO-16-9A-JALEMO,2,4,10,7,0,0,0,0,0,4,1,0.7,0.07777777777777778,2.0,1.3333333333333333,0.5833333333333334
CSO-16-9A-JALEMO,3,4,10,7,0,0,0,0,0,4,1,0.7,0.07777777777777778,2.0,1.3333333333333333,0.5833333333333334
CSO-16-9A-JALEMO,4,4,11,8,0,0,0,0,0,5,1,0.7272727272727273,0.07272727272727272,3.0,1.6,0.3333333333333333
CSO-16-9A-JALEMO,5,4,11,9,0,0,0,0,0,4,1,0.8181818181818182,0.08181818181818182,2.0,1.3333333333333333,0.5833333333333334
CSO-16-9A-JALEMO,6,4,9,8,0,0,0,0,0,4,1,0.8888888888888888,0.1111111111111111,2.0,1.3333333333333333,0.5833333333333334
CSO-16-9A-JALEMO,7,4,11,7,0,0,0,0,0,3,1,0.6363636363636364,0.06363636363636363,1.0,1.0,1.0
CSO-16-9A-JALEMO,8,4,10,7,0,0,0,0,0,4,1,0.7,0.07777777777777778,2.0,1.3333333333333333,0.5833333333333334
CSO-16-9A-JALEMO,9,4,15,10,0,0,0,0,0,4,1,0.6666666666666666,0.047619047619047616,2.0,1.3333333333333333,0.5833333333333334
CSO-16-9A-JALEMO,10,4,16,11,0,0,0,0,0,5,1,0.6875,0.04583333333333333,3.0,1.6,0.3333333333333333
CSO-16-9A-JPROSO,0,4,10,7,0,0,0,0,0,3,1,0.7,0.07777777777777778,1.0,1.0,1.0
CSO-16-9A-JPROSO,1,4,10,8,0,0,0,0,0,5,1,0.8,0.08888888888888889,3.0,1.7,0.4666666666666667
CSO-16-9A-JPROSO,2,4,14,11,1,0,0,0,0,4,1,0.7857142857142857,0.06043956043956044,2.0,1.3333333333333333,0.5833333333333334
CSO-16-9A-JPROSO,3,4,14,11,1,0,0,0,0,4,1,0.7857142857142857,0.06043956043956044,2.0,1.3333333333333333,0.5833333333333334
CSO-16-9A-JPROSO,4,4,17,13,1,0,0,0,0,4,1,0.7647058823529411,0.04779411764705882,2.0,1.3333333333333333,0.5833333333333334
CSO-16-9A-JPROSO,5,4,16,12,1,0,0,0,0,5,1,0.75,0.05,2.0,1.5,0.4333333333333333
CSO-16-9A-JPROSO,6,4,13,8,1,0,0,0,0,3,1,0.6153846153846154,0.05128205128205128,2.0,1.3333333333333333,0.0
CSO-16-9A-JPROSO,7,4,14,13,2,0,0,0,0,6,1,0.9285714285714286,0.07142857142857142,3.0,1.6666666666666667,0.4166666666666667
CSO-16-9A-JPROSO,8,4,8,10,2,0,0,0,0,6,1,1.25,0.17857142857142858,3.0,1.6666666666666667,0.4166666666666667
CSO-16-9A-JPROSO,9,4,7,8,1,0,0,0,0,5,1,1.1428571428571428,0.19047619047619047,3.0,1.5,0.5333333333333333
CSO-16-9A-JPROSO,10,4,14,14,1,0,0,0,0,6,1,1.0,0.07692307692307693,3.0,1.6666666666666667,0.4166666666666667
CSO-16-9A-JSMAGU,0,4,10,9,0,0,0,0,0,5,1,0.9,0.1,3.0,1.6,0.3333333333333333
CSO-16-9A-JSMAGU,1,4,10,9,0,0,0,0,0,5,1,0.9,0.1,3.0,1.6,0.3333333333333333
CSO-16-9A-JSMAGU,2,4,17,17,0,0,0,0,0,10,1,1.0,0.0625,4.0,2.1555555555555554,0.38
CSO-16-9A-JSMAGU,3,4,17,22,3,0,0,0,0,11,1,1.2941176470588236,0.08088235294117647,4.0,2.0545454545454547,0.496969696969697
CSO-17-10A-YVGOCA,0,4,13,12,0,0,0,0,0,7,1,0.9230769230769231,0.07692307692307693,3.0,1.9523809523809523,0.3095238095238095
CSO-17-10A-YVGOCA,1,4,19,21,2,0,0,0,0,12,1,1.105263157894737,0.06140350877192982,4.0,2.1818181818181817,0.3948412698412698
CSO-17-10B-EHECO,0,4,6,3,0,0,0,0,0,2,1,0.5,0.1,1.0,1.0,0.0
CSO-17-10B-EHECO,1,4,8,8,0,0,0,0,0,6,1,1.0,0.14285714285714285,2.0,1.5333333333333334,0.7000000000000001
CSO-17-10B-EHECO,2,4,10,11,0,0,0,0,0,8,1,1.1,0.12222222222222222,3.0,1.8571428571428572,0.6916666666666667
CSO-17-10B-EHECO,3,4,8,10,0,0,0,0,0,8,1,1.25,0.17857142857142858,3.0,1.8571428571428572,0.6916666666666667
CSO-17-10B-EHECO,4,4,8,11,1,0,0,0,0,8,1,1.375,0.19642857142857142,3.0,1.8571428571428572,0.6916666666666667
CSO-17-10B-EHECO,5,4,7,11,3,0,1,0,0,7,1,1.5714285714285714,0.2619047619047619,3.0,1.9523809523809523,0.33333333333333337
CSO-17-10B-YCQUVE,0,4,10,5,0,0,0,0,0,2,1,0.5,0.05555555555555555,1.0,1.0,0.0
CSO-17-10B-YCQUVE,1,4,8,4,0,0,0,0,0,2,1,0.5,0.07142857142857142,1.0,1.0,0.0
CSO-17-10B-YCQUVE,2,4,17,15,2,0,0,0,0,9,1,0.8823529411764706,0.05514705882352941,4.0,2.1944444444444446,0.23333333333333334
CSO-17-10B-YCQUVE,3,4,18,17,2,0,0,0,0,9,1,0.9444444444444444,0.05555555555555555,4.0,2.1944444444444446,0.23333333333333334
CSO-17-11A-DJAPA,0,4,12,10,0,0,0,0,0,8,1,0.8333333333333334,0.07575757575757576,4.0,2.0357142857142856,0.17916666666666667
CSO-17-11A-JDAMO,0,4,11,7,0,0,0,0,0,4,1,0.6363636363636364,0.06363636363636363,2.0,1.5,0.0
CSO-17-11A-JDAMO,1,4,11,8,1,0,0,0,0,4,1,0.7272727272727273,0.07272727272727272,2.0,1.5,0.0
CSO-17-11A-JDAMO,2,4,9,7,1,0,0,0,0,4,1,0.7777777777777778,0.09722222222222222,2.0,1.5,0.0
CSO-17-11A-JDAMO,3,4,10,7,1,0,0,0,0,3,1,0.7,0.07777777777777778,2.0,1.3333333333333333,0.0
CSO-17-11A-NPAHE,0,4,12,8,0,0,0,0,0,3,1,0.6666666666666666,0.06060606060606061,1.0,1.0,1.0
CSO-17-11A-NPAHE,1,4,6,3,0,0,0,0,0,2,1,0.5,0.1,1.0,1.0,0.0
CSO-17-11A-NPAHE,2,4,5,3,0,0,0,0,0,3,1,0.6,0.15,2.0,1.3333333333333333,0.0
CSO-17-11A-NPAHE,3,4,6,6,0,0,0,0,0,6,1,1.0,0.2,3.0,1.7333333333333334,0.25
CSO-17-11A-NPAHE,4,4,6,6,0,0,0,0,0,6,1,1.0,0.2,3.0,1.7333333333333334,0.25
CSO-17-11A-NPAHE,5,4,8,9,1,0,0,0,0,8,1,1.125,0.16071428571428573,4.0,2.0714285714285716,0.2625
CSO-17-11A-NPAHE,6,4,10,10,0,0,0,0,0,10,1,1.0,0.1111111111111111,4.0,2.2,0.2066666666666667
CSO-17-11A-RLPAIG,0,4,7,7,0,0,0,0,0,7,1,1.0,0.16666666666666666,3.0,1.8571428571428572,0.19047619047619047
CSO-17-11A-RLPAIG,1,4,8,7,0,0,0,0,0,6,1,0.875,0.125,3.0,1.7333333333333334,0.25
CSO-17-11A-RLPAIG,2,4,9,11,2,0,0,0,0,5,1,1.2222222222222223,0.1527777777777778,2.0,1.5,0.4333333333333333
CSO-17-11A-RLPAIG,3,4,16,17,2,0,0,0,0,12,1,1.0625,0.07083333333333333,4.0,2.3181818181818183,0.15
CSO-17-11A-RLPAIG,4,4,16,17,2,0,0,0,0,12,1,1.0625,0.07083333333333333,4.0,2.378787878787879,0.14166666666666666
CSO-17-11B-CDBEBU,0,4,10,6,1,0,0,0,0,2,1,0.6,0.06666666666666667,1.0,1.0,0.0
CSO-17-11B-CDBEBU,1,4,8,6,2,0,0,0,0,2,1,0.75,0.10714285714285714,1.0,1.0,0.0
CSO-17-11B-CDBEBU,2,4,10,9,3,0,0,0,0,4,1,0.9,0.1,2.0,1.5,0.0
CSO-17-11C-JDAAG,0,4,12,12,1,0,0,0,0,10,1,1.0,0.09090909090909091,4.0,2.2444444444444445,0.2066666666666667
CSO-17-11C-JDAAG,1,4,13,13,1,0,0,0,0,11,1,1.0,0.08333333333333333,4.0,2.2363636363636363,0.18614718614718614
CSO-17-11C-JDAAG,2,4,8,8,1,0,0,0,0,6,1,1.0,0.14285714285714285,3.0,1.8,0.3611111111111111
CSO-17-11C-JDAAG,3,4,4,4,0,0,0,0,0,4,1,1.0,0.3333333333333333,2.0,1.3333333333333333,0.5833333333333334
CSO-17-11C-JDAAG,4,4,4,3,0,0,0,0,0,4,1,0.75,0.25,2.0,1.5,0.0
CSO-17-11C-JDAAG,5,4,6,4,0,0,0,0,0,4,1,0.6666666666666666,0.13333333333333333,2.0,1.5,0.0
CSO-17-11C-JDAAG,6,4,8,5,0,0,0,0,0,4,1,0.625,0.08928571428571429,2.0,1.5,0.0
CSO-17-11C-MAPAMA,0,4,10,10,0,0,0,0,0,6,1,1.0,0.1111111111111111,2.0,1.4666666666666666,0.8277777777777778
CSO-17-11C-MAPAMA,1,4,11,11,0,0,0,0,0,7,1,1.0,0.1,3.0,1.7142857142857142,0.6142857142857142
CSO-17-11C-MAPAMA,2,4,10,8,0,0,0,0,0,4,1,0.8,0.08888888888888889,2.0,1.1666666666666667,0.8333333333333333
CSO-17-11C-MAPAMA,3,4,10,7,1,0,0,0,0,4,1,0.7,0.07777777777777778,2.0,1.5,0.0
CSO-17-11C-MAPAMA,4,4,11,12,3,0,0,0,0,6,1,1.0909090909090908,0.10909090909090909,4.0,2.1333333333333333,0.0
CSO-17-11C-MAPAMA,5,4,10,12,3,0,0,0,0,7,1,1.2,0.13333333333333333,4.0,2.0952380952380953,0.0
CSO-17-11C-MAPAMA,6,4,10,12,3,0,0,0,0,7,1,1.2,0.13333333333333333,4.0,2.0952380952380953,0.0
CSO-17-11C-MAPAMA,7,4,10,10,2,0,0,0,0,6,1,1.0,0.1111111111111111,4.0,2.066666666666667,0.3888888888888889
CSO-17-11C-MAPAMA,8,4,7,5,0,0,0,0,0,5,1,0.7142857142857143,0.11904761904761904,3.0,1.8,0.0
CSO-17-11C-MAPAMA,9,4,5,3,0,0,0,0,0,3,1,0.6,0.15,2.0,1.3333333333333333,0.0
CSO-17-11C-MAPAMA,10,4,8,5,0,0,0,0,0,3,1,0.625,0.08928571428571429,2.0,1.3333333333333333,0.0
CSO-17-11C-MCAAG,0,4,7,6,1,0,0,0,0,3,1,0.8571428571428571,0.14285714285714285,1.0,1.0,1.0
CSO-17-11C-MCAAG,1,4,12,10,1,0,0,0,0,3,1,0.8333333333333334,0.07575757575757576,1.0,1.0,1.0
CSO-17-11C-MCAAG,2,4,12,9,0,0,0,0,0,3,1,0.75,0.06818181818181818,1.0,1.0,1.0
CSO-17-11C-MCAAG,3,4,10,7,0,0,0,0,0,4,1,0.7,0.07777777777777778,2.0,1.3333333333333333,0.5833333333333334
CSO-17-11C-MCAAG,4,4,13,13,2,0,0,0,0,7,1,1.0,0.08333333333333333,2.0,1.619047619047619,0.5904761904761905
CSO-17-11C-MCAAG,5,4,10,11,2,0,0,0,0,5,1,1.1,0.12222222222222222,2.0,1.5,0.4333333333333333
CSO-17-11C-MCAAG,6,4,11,15,3,0,0,0,0,9,1,1.3636363636363635,0.13636363636363635,3.0,1.9722222222222223,0.5703703703703703
CSO-17-11C-MCAAG,7,4,12,19,5,0,0,0,0,10,1,1.5833333333333333,0.14393939393939395,3.0,1.9777777777777779,0.7142857142857142
CSO-17-11C-MCAAG,8,4,11,15,2,0,0,0,0,11,1,1.3636363636363635,0.13636363636363635,4.0,2.1636363636363636,0.5844155844155844
CSO-17-11C-MCAAG,9,4,10,13,2,0,0,0,0,10,1,1.3,0.14444444444444443,3.0,1.9111111111111112,0.40714285714285714
CSO-17-11C-MCAAG,10,4,10,12,2,0,0,0,0,10,1,1.2,0.13333333333333333,3.0,2.0444444444444443,0.20476190476190476
CSO-17-11C-SARJA,0,4,12,12,2,0,1,0,0,6,1,1.0,0.09090909090909091,3.0,1.8,0.3611111111111111
CSO-17-11C-SARJA,1,4,9,11,2,0,1,0,0,7,1,1.2222222222222223,0.1527777777777778,3.0,1.8571428571428572,0.3
CSO-17-11C-SARJA,2,4,15,20,2,0,1,0,0,13,1,1.3333333333333333,0.09523809523809523,4.0,2.0384615384615383,0.49230769230769234
CSO-17-11C-SARJA,3,4,16,23,2,0,1,0,0,16,1,1.4375,0.09583333333333334,4.0,2.1416666666666666,0.48295454545454547
CSO-17-11C-SARJA,4,4,10,13,0,0,0,0,0,10,1,1.3,0.14444444444444443,3.0,1.8444444444444446,0.6440476190476191
CSO-17-11C-SARJA,5,4,11,14,0,0,0,0,0,11,1,1.2727272727272727,0.12727272727272726,4.0,2.018181818181818,0.5854978354978355
CSO-18-11A-ADBAHO,0,4,15,14,0,0,0,0,0,9,1,0.9333333333333333,0.06666666666666667,4.0,1.9722222222222223,0.4222222222222222
CSO-18-11A-ADBAHO,1,4,18,19,0,0,0,0,0,14,1,1.0555555555555556,0.06209150326797386,5.0,2.340659340659341,0.3154761904761905
CSO-18-11A-ADBAHO,2,4,19,17,0,0,0,0,0,10,1,0.8947368421052632,0.049707602339181284,4.0,2.088888888888889,0.3761904761904762
CSO-18-11B-YLLRE,0,4,16,21,1,0,1,0,0,14,1,1.3125,0.0875,5.0,2.5054945054945055,0.46258503401360546
CSO-18-11B-YLLRE,1,4,19,25,1,0,1,0,0,15,1,1.3157894736842106,0.07309941520467836,5.0,2.342857142857143,0.45185185185185184
CSO-18-11B-YLLRE,2,4,18,22,2,0,1,0,0,14,1,1.2222222222222223,0.0718954248366013,5.0,2.4285714285714284,0.38860544217687076
CSO-18-11B-YLLRE,3,4,19,22,1,0,1,0,0,15,1,1.1578947368421053,0.06432748538011696,5.0,2.419047619047619,0.3611111111111111
CSO-18-11B-YLLRE,4,4,12,12,0,0,0,0,0,10,1,1.0,0.09090909090909091,4.0,2.2888888888888888,0.3433333333333333
CSO-18-11B-YLLRE,5,4,8,7,0,0,0,0,0,6,1,0.875,0.125,3.0,1.8,0.3611111111111111
CSO-18-11B-YLLRE,6,4,9,7,0,0,0,0,0,5,1,0.7777777777777778,0.09722222222222222,2.0,1.5,0.4333333333333333
CSO-18-11B-YLLRE,7,4,10,7,0,0,0,0,0,4,1,0.7,0.07777777777777778,2.0,1.3333333333333333,0.5833333333333334
CSO-18-11B-YLLRE,8,4,8,4,0,0,0,0,0,2,1,0.5,0.07142857142857142,1.0,1.0,0.0
CSO-18-11B-YLLRE,9,4,11,6,0,0,0,0,0,3,1,0.5454545454545454,0.05454545454545454,2.0,1.3333333333333333,0.0
CSO-18-9B-MAMOLO,0,4,11,15,2,0,0,0,0,11,1,1.3636363636363635,0.13636363636363635,4.0,2.327272727272727,0.2818181818181818
CSO-18-9B-MAMOLO,1,4,10,13,1,0,0,0,0,10,1,1.3,0.14444444444444443,4.0,2.1555555555555554,0.32
CSO-18-9B-MAMOLO,2,4,12,20,5,0,0,0,0,12,1,1.6666666666666667,0.15151515151515152,4.0,2.196969696969697,0.4222222222222222
CSO-18-9B-MAMOLO,3,4,11,18,5,0,0,0,0,11,1,1.6363636363636365,0.16363636363636364,3.0,2.036363636363636,0.33419913419913416
CSO-18-9B-MAMOLO,4,4,13,18,5,0,0,0,0,11,1,1.3846153846153846,0.11538461538461539,5.0,2.581818181818182,0.3121212121212121
CSO-18-9B-MAMOLO,5,4,13,18,5,0,0,0,0,11,1,1.3846153846153846,0.11538461538461539,5.0,2.4545454545454546,0.3
CSO-18-9B-MAMOLO,6,4,12,11,2,0,0,0,0,4,1,0.9166666666666666,0.08333333333333333,2.0,1.5,0.0
CSO-18-9B-MAMOLO,7,4,9,9,2,0,0,0,0,4,1,1.0,0.125,2.0,1.3333333333333333,0.5833333333333334
CSO-18-9B-MAMOLO,8,4,8,10,2,0,0,0,0,6,1,1.25,0.17857142857142858,3.0,1.6666666666666667,0.4166666666666667
CSO-18-9B-MAMOLO,9,4,10,19,8,0,0,0,0,8,1,1.9,0.2111111111111111,3.0,1.7857142857142858,0.5583333333333333
CSO-18-9B-MAMOLO,10,4,11,17,5,0,0,0,0,9,1,1.5454545454545454,0.15454545454545454,3.0,1.9166666666666667,0.4592592592592592
CSO-18-9B-MAMOLO,11,4,14,21,5,0,0,0,0,12,1,1.5,0.11538461538461539,3.0,1.9848484848484849,0.5069444444444444
CSO-18-9B-MAMOLO,12,4,17,19,0,0,0,0,0,12,1,1.1176470588235294,0.06985294117647059,3.0,1.9848484848484849,0.5069444444444444
CSO-8-3A-DAPAVA,0,4,9,10,1,0,1,0,0,5,1,1.1111111111111112,0.1388888888888889,3.0,1.5,0.5333333333333333
CSO-8-3A-DAPAVA,1,4,9,7,1,0,1,0,0,3,1,0.7777777777777778,0.09722222222222222,2.0,1.3333333333333333,0.0
CSO-8-3A-DAPAVA,2,4,10,8,1,0,1,0,0,4,1,0.8,0.08888888888888889,2.0,1.5,0.0
CSO-8-3A-DAPAVA,3,4,10,10,1,0,1,0,0,6,1,1.0,0.1111111111111111,2.0,1.6,0.35000000000000003
CSO-8-3A-DAPAVA,4,4,8,7,0,0,0,0,0,6,1,0.875,0.125,2.0,1.6,0.35000000000000003
CSO-8-3A-DAPAVA,5,4,8,7,0,0,0,0,0,6,1,0.875,0.125,2.0,1.6,0.35000000000000003
CSO-8-3A-DAPAVA,6,4,9,7,0,0,0,0,0,5,1,0.7777777777777778,0.09722222222222222,2.0,1.5,0.4333333333333333
CSO-8-3A-DAPAVA,7,4,10,8,0,0,0,0,0,8,1,0.8,0.08888888888888889,4.0,2.107142857142857,0.0
CSO-8-3A-DAPAVA,8,4,12,11,0,0,0,0,0,10,1,0.9166666666666666,0.08333333333333333,4.0,2.088888888888889,0.20476190476190476
CSO-8-3A-DAPAVA,9,4,11,10,0,0,0,0,0,8,1,0.9090909090909091,0.09090909090909091,3.0,1.8928571428571428,0.25833333333333336
CSO-8-3A-DAPAVA,10,4,12,12,0,0,0,0,0,10,1,1.0,0.09090909090909091,3.0,1.9111111111111112,0.40714285714285714
CSO-8-4A-ARAGR,0,4,11,9,1,0,0,0,0,4,1,0.8181818181818182,0.08181818181818182,2.0,1.3333333333333333,0.5833333333333334
CSO-8-4A-ARAGR,1,4,13,13,2,0,0,0,0,6,1,1.0,0.08333333333333333,2.0,1.5333333333333334,0.7000000000000001
CSO-8-4A-ARAGR,2,4,14,15,3,0,0,0,0,8,1,1.0714285714285714,0.08241758241758242,3.0,1.8214285714285714,0.43333333333333335
CSO-8-4A-ARAGR,3,4,12,14,3,0,0,0,0,8,1,1.1666666666666667,0.10606060606060606,3.0,1.8214285714285714,0.43333333333333335
CSO-9-2A-EXMOCO,0,4,7,7,1,0,0,0,0,5,1,1.0,0.16666666666666666,2.0,1.5,0.4333333333333333
CSO-9-2A-EXMOCO,1,4,10,8,0,0,0,0,0,6,1,0.8,0.08888888888888889,2.0,1.6,0.35000000000000003
CSO-9-2A-EXMOCO,2,4,9,8,0,0,0,0,0,7,1,0.8888888888888888,0.1111111111111111,3.0,1.8095238095238095,0.20476190476190476
CSO-9-2A-EXMOCO,3,4,10,8,0,0,0,0,0,6,1,0.8,0.08888888888888889,2.0,1.6,0.35000000000000003
CSO-9-2A-EXMOCO,4,4,9,9,1,0,1,0,0,5,1,1.0,0.125,2.0,1.5,0.4333333333333333
CSO-9-2A-EXMOCO,5,4,6,7,1,0,1,0,0,4,1,1.1666666666666667,0.23333333333333334,2.0,1.3333333333333333,0.5833333333333334
CSO-9-2A-EXMOCO,6,4,6,7,1,0,1,0,0,4,1,1.1666666666666667,0.23333333333333334,2.0,1.3333333333333333,0.5833333333333334
CSO-9-2A-EXMOCO,7,4,4,4,1,0,1,0,0,2,1,1.0,0.3333333333333333,1.0,1.0,0.0
CSO-9-2A-EXMOCO,8,4,6,6,1,0,1,0,0,4,1,1.0,0.2,3.0,1.6666666666666667,0.0
CSO-9-2A-EXMOCO,9,4,8,9,1,0,1,0,0,6,1,1.125,0.16071428571428573,3.0,1.8,0.3611111111111111
CSO-9-2A-EXMOCO,10,4,11,14,1,0,1,0,0,11,1,1.2727272727272727,0.12727272727272726,4.0,2.0727272727272728,0.3701298701298701
CSO-9-2A-EXMOCO,11,4,16,17,1,0,1,0,0,11,1,1.0625,0.07083333333333333,4.0,2.0727272727272728,0.3701298701298701
CSO-9-4A-AGAPE,0,4,17,15,2,0,0,0,0,7,1,0.8823529411764706,0.05514705882352941,3.0,1.9047619047619047,0.0
CSO-9-4A-AGAPE,1,4,19,18,2,0,0,0,0,7,1,0.9473684210526315,0.05263157894736842,3.0,1.9047619047619047,0.0
CSO-9-4A-DKVIMO,0,4,7,6,1,0,1,0,0,3,1,0.8571428571428571,0.14285714285714285,2.0,1.3333333333333333,0.0
CSO-9-4A-DKVIMO,1,4,10,9,1,0,1,0,0,3,1,0.9,0.1,2.0,1.3333333333333333,0.0
CSO-9-4A-DKVIMO,2,4,9,9,1,0,1,0,0,4,1,1.0,0.125,2.0,1.5,0.0
CSO-9-4A-DKVIMO,3,4,8,7,1,0,0,0,0,3,1,0.875,0.125,2.0,1.3333333333333333,0.0
CSO-9-4A-DKVIMO,4,4,8,11,3,0,0,0,0,6,1,1.375,0.19642857142857142,3.0,1.6666666666666667,0.4166666666666667
CSO-9-4A-DKVIMO,5,4,11,13,1,0,0,0,0,9,1,1.1818181818181819,0.11818181818181818,4.0,2.0555555555555554,0.4222222222222222
CSO-9-4A-DKVIMO,6,4,11,15,1,0,0,0,0,9,1,1.3636363636363635,0.13636363636363635,3.0,1.7222222222222223,0.6264550264550265
CSO-9-4A-DSMOMU,0,4,12,10,0,0,0,0,0,8,1,0.8333333333333334,0.07575757575757576,3.0,1.8571428571428572,0.175
CSO-9-4A-DSMOMU,1,4,11,9,0,0,0,0,0,7,1,0.8181818181818182,0.08181818181818182,3.0,1.8095238095238095,0.20476190476190476
CSO-9-4A-DSMOMU,2,4,14,12,0,0,0,0,0,7,1,0.8571428571428571,0.06593406593406594,2.0,1.619047619047619,0.5904761904761905
CSO-9-4A-DSMOMU,3,4,11,8,0,0,0,0,0,4,1,0.7272727272727273,0.07272727272727272,2.0,1.3333333333333333,0.5833333333333334
CSO-9-4A-DSMOMU,4,4,11,9,1,0,0,0,0,4,1,0.8181818181818182,0.08181818181818182,2.0,1.3333333333333333,0.5833333333333334
CSO-9-4A-DSMOMU,5,4,12,9,1,0,0,0,0,4,1,0.75,0.06818181818181818,2.0,1.3333333333333333,0.5833333333333334
CSO-9-4A-DSMOMU,6,4,12,6,0,0,0,0,0,2,1,0.5,0.045454545454545456,1.0,1.0,0.0
CSO-9-4A-DVGATO,0,4,18,18,2,0,0,0,0,10,1,1.0,0.058823529411764705,4.0,2.111111111111111,0.4133333333333333
CSO-9-4A-DVGATO,1,4,19,16,1,0,0,0,0,9,1,0.8421052631578947,0.04678362573099415,4.0,2.111111111111111,0.3814814814814815
CSO-9-4A-DVGATO,2,4,14,19,6,0,0,0,0,8,1,1.3571428571428572,0.1043956043956044,3.0,1.8571428571428572,0.6916666666666667
CSO-9-4A-EGCAMO,0,4,8,9,1,0,0,0,0,6,1,1.125,0.16071428571428573,2.0,1.5333333333333334,0.7000000000000001
CSO-9-4A-EGCAMO,1,4,8,9,0,0,0,0,0,8,1,1.125,0.16071428571428573,2.0,1.6785714285714286,0.5119047619047619
CSO-9-4A-EGCAMO,2,4,13,18,4,0,2,0,0,9,1,1.3846153846153846,0.11538461538461539,2.0,1.6944444444444444,0.5304232804232805
CSO-9-4A-EGCAMO,3,4,13,18,4,0,2,0,0,8,1,1.3846153846153846,0.11538461538461539,2.0,1.6428571428571428,0.6011904761904762
CSO-9-4A-FAGIGA,0,4,20,20,1,0,0,0,0,10,1,1.0,0.05263157894736842,4.0,2.0444444444444443,0.34285714285714286
CSO-9-4A-GSBRCO,0,4,8,10,1,0,0,0,0,6,1,1.25,0.17857142857142858,2.0,1.4666666666666666,0.8277777777777778
CSO-9-4A-GSBRCO,1,4,9,13,1,0,0,0,0,9,1,1.4444444444444444,0.18055555555555555,3.0,1.7777777777777777,0.7248677248677249
CSO-9-4A-LCOMO,0,4,7,19,9,0,0,0,0,7,1,2.7142857142857144,0.4523809523809524,4.0,1.7619047619047619,0.5238095238095238
CSO-9-4A-MLORO,0,4,11,15,2,0,1,0,0,7,1,1.3636363636363635,0.13636363636363635,3.0,1.7619047619047619,0.5047619047619047
CSO-9-4A-MLORO,1,4,13,18,2,0,1,0,0,11,1,1.3846153846153846,0.11538461538461539,4.0,2.0,0.5248917748917749
CSO-9-4A-MLORO,2,4,12,16,1,0,1,0,0,10,1,1.3333333333333333,0.12121212121212122,3.0,1.8444444444444446,0.6440476190476191
CSO-9-4A-MPAME,0,4,7,6,0,0,0,0,0,5,1,0.8571428571428571,0.14285714285714285,2.0,1.5,0.4333333333333333
CSO-9-4A-MPAME,1,4,8,7,0,0,0,0,0,5,1,0.875,0.125,2.0,1.5,0.4333333333333333
CSO-9-4A-MPAME,2,4,7,6,0,0,0,0,0,5,1,0.8571428571428571,0.14285714285714285,2.0,1.5,0.4333333333333333
CSO-9-4A-NSARPA,0,4,14,13,0,0,0,0,0,10,1,0.9285714285714286,0.07142857142857142,3.0,1.8888888888888888,0.3404761904761905
CSO-9-4A-NSARPA,1,4,11,12,0,0,0,0,0,11,1,1.0909090909090908,0.10909090909090909,3.0,2.0,0.2943722943722944
CSO-9-4A-SLOCA,0,4,16,21,2,0,0,0,0,14,1,1.3125,0.0875,4.0,2.21978021978022,0.46031746031746035
