file,z_wc,z_nodes,z_edges,z_re,z_pe,z_l1,z_l2,z_l3,z_lcc,z_lsc,z_atd,z_density,z_diameter,z_asp,z_cc
CDMS-10-4A-JURAN-CorrEtiq.txt,0.0,0.0,0.0,2.599231247623482,0.7389180656207051,-0.8207797697457422,0.039677217171788744,-0.5135564227302065,0.0,0.22913297878616246,0.0,-1.6384682033938218,0.6115011665386403,1.044101602265096,-0.26990457953255825
CDMS-10-5A-HEPIHO-CorrEtiq.txt,0.0,0.0,0.0,1.9414506867883017,-0.7260040234340799,-1.080267712290198,-0.6216142641389736,-0.31200181528856974,0.0,0.22043203474906076,0.0,0.2941491000204425,-0.39502913155079683,-0.4867235705609214,-0.43034692595529433
CDMS-10-5A-KSRAGU-CorrEtiq.txt,0.0,0.0,0.0,4.444345246907436,-0.8074375550718249,0.4908761740444981,-0.8201112292576651,-0.009469613938232764,0.0,-0.24131219894078193,0.0,-1.5155910580507657,0.6900140604081297,0.9286929382756226,0.6183297404140001
CDMS-10-5A-SROPU-CorrEtiq.txt,0.0,0.0,0.0,3.927433122224837,-0.7700108648691031,-0.644278153923165,-0.7749409033247822,-0.7209511228905965,0.0,0.10324532778101504,0.0,-1.4914423635780567,0.18528423084649015,0.774563223028319,-0.007844461446918107
CDMS-10-5B-SRAJA-CorrEtiq.txt,0.0,0.0,0.0,3.9581140290126386,-0.7813995533054403,-0.928279121632914,-0.754153881853439,1.0786732816761853,0.0,0.044155860705710155,0.0,-1.4442170641155758,0.5868614620921717,1.07068838526712,0.9035698774942249
CDMS-10-5C-DAAUSA-CorrEtiq.txt,0.0,0.0,0.0,4.258169355828971,0.004079161853715211,-0.8630270066294892,-0.5043473037835615,0.20004666447406272,0.0,0.022448918689785654,0.0,-1.09953078341759,-0.14760226309068075,0.24961956974455762,0.08854307439669296
CDMS-10-5C-ICAPA-CorrEtiq.txt,0.0,0.0,0.0,4.946833263565836,-0.6794148934878445,1.5353879199076645,-0.5773502691896257,-1.4879614267733015,0.0,0.0883840854012924,0.0,-3.7442263245202985,0.8518303703241816,1.7628386502520612,-1.6739160150741337
CDMS-10-5C-JFALGI-CorrEtiq.txt,0.0,0.0,0.0,2.0029810718587293,-0.8666399694942736,-0.7572712299036657,-0.8787760582097436,0.18090680674665824,0.0,0.5211496563507921,0.0,0.42951271096118326,-0.37221525834070823,-0.7160361154130354,-0.03353762234927021
CDMS-10-5C-NBEMO-CorrEtiq.txt,0.0,0.0,0.0,-0.4843221048378526,0.8169442952679603,0.6738202810148577,0.9308086350736662,-1.0080322575483704,0.0,-0.1220383287586654,0.0,-0.9015040142190459,0.1776022062829871,0.17444396018389666,-1.1000385130577885
CDMS-10-6B-ASCACO-CorrEtiq.txt,0.0,0.0,0.0,2.883223386981425,1.516096863438451,0.21700484447435126,0.42662232744423273,-0.44183608216846226,0.0,0.03365890346038229,0.0,-1.635768967562176,0.7537075808102847,1.4845331386327447,-0.03651796962015681
CDMS-11-4A-GACHSA-CorrEtiq.txt,0.0,0.0,0.0,5.937055234919602,0.07647191129018732,-0.8796372624671773,0.1437655657392251,-1.178777738957723,0.0,-0.11011568223143237,0.0,-1.9745605094183902,0.9536319281314393,1.287309382133733,-0.8978680072249268
CDMS-11-5A-EAARCA-CorrEtiq.txt,0.0,0.0,0.0,2.777492088041789,0.7791523391749189,-0.5893552199187599,0.5973509804399746,0.37547108295135456,0.0,-0.11692135627205617,0.0,-1.5329534812325485,0.5348078560288932,0.8598102777595933,-0.1408016772712826
CDMS-11-5A-MGTHAR-CorrEtiq.txt,0.0,0.0,0.0,-0.3322429367794645,-0.9801960588196069,0.3042120759380363,-0.9784921095801632,-0.04885319687460319,0.0,-0.02935960489805849,0.0,0.3865556717425377,-0.422141256049335,-0.4212941643668428,-0.13328267000864885
CDMS-11-6A-DFVEBE-CorrEtiq.txt,0.0,0.0,0.0,1.8080601485146532,-0.49762544170029765,-0.17586311452816467,-0.4476110598908094,2.099040839437282,0.0,-0.37429118355241203,0.0,-0.57436652689419,1.6697886558955863,2.0830169444258093,1.4323156158247243
CDMS-11-6A-NMREPR-CorrEtiq.txt,0.0,0.0,0.0,3.103659224986236,-0.9928403802246843,0.7154724520289684,-1.0011441774672107,2.248781983005263,0.0,-0.6949265999967523,0.0,-1.9070272494815863,1.2932848341776362,2.2382464885120767,0.5882876307932681
CDMS-11-6B-ARAHE-CorrEtiq.txt,0.0,0.0,0.0,4.959330694084818,-0.6266310376963913,0.19899066213064,-0.6281099207070422,-0.5546689218390684,0.0,0.22019250585221264,0.0,-2.445949987124835,0.9664873678021575,1.6523987163398854,-0.891094847627492
CDMS-11-6B-AVROTO-CorrEtiq.txt,0.0,0.0,0.0,1.8322612478187175,-0.6131420609140771,-0.5474433209040426,-0.5568156500335373,-0.09967060971582273,0.0,0.10126318257939439,0.0,-0.14955994272178436,0.33839231181401286,0.3393831083166403,-0.5253351144008126
CDMS-11-6B-EAFESA-CorrEtiq.txt,0.0,0.0,0.0,4.682676706745446,-0.7209416334945394,1.3536040812270764,-0.728645783975875,-0.9957736368748837,0.0,-0.48943719964412935,0.0,-2.256809687181825,0.8611821341211492,1.410263319141844,-0.964906950224968
CDMS-11-6B-EFRGR-CorrEtiq.txt,0.0,0.0,0.0,3.288164185183188,-0.9701425001453319,0.6305148009460186,-0.9853430041498524,-0.9958705948858224,0.0,-0.004415150889753626,0.0,-1.9766778250972132,0.9532238953904952,1.6185952110697515,-1.0912323651979987
CDMS-11-6B-EROCO-CorrEtiq.txt,0.0,0.0,0.0,1.8856180831641267,-0.31448545101657555,1.3728129459672884,-0.2510700709556062,0.6543947608023762,0.0,0.22029672379664053,0.0,-1.6296434287653345,0.32255429398930263,1.3751037598482185,-0.03369582314917171
CDMS-11-6B-JACUPE-CorrEtiq.txt,0.0,0.0,0.0,2.1068962769142954,-0.18774686899903453,1.1061807004994382,-0.5331727411428484,-1.1097780860710078,0.0,-0.031524959359946716,0.0,-1.5492193852790483,0.48675467595086486,1.3311607990465708,-0.6770567788424744
CDMS-11-6B-JDCHBA-CorrEtiq.txt,0.0,0.0,0.0,3.1173596631026013,-1.0675205573203956,0.2976489126979631,-1.0923502680398947,1.7574048622517098,0.0,-0.21786595146980758,0.0,-1.0804808106872623,0.5669747560502306,0.8421148159968852,0.9971101499459004
CDMS-11-6B-JFSAHE-CorrEtiq.txt,0.0,0.0,0.0,3.8592102925221594,-0.16712359931490667,-0.8089531652633173,-0.11773987765267828,-0.7129646498686277,0.0,-0.03726736410504175,0.0,-1.0560307845989105,0.3916743676025255,0.4797974734455641,-0.3707110545998854
CDMS-11-6B-JLPENA-CorrEtiq.txt,0.0,0.0,0.0,1.4396993938364324,-0.4951656716054007,1.6748268241758764,-0.44925645468434133,-1.2222222222222223,0.0,-1.9526783822196767,0.0,-1.6928458725382824,0.7815472583826008,1.3525333561992074,-0.7891974451348526
CDMS-11-6B-JMARME-CorrEtiq.txt,0.0,0.0,0.0,2.7790907386594226,-0.010977087289206652,0.34956331860724565,0.03420817057106023,-0.28727468523766664,0.0,0.10223760862353715,0.0,-1.920944287109309,0.47743423912415506,1.1936844242745113,-0.20851525402086749
CDMS-11-6B-JPSAMA-CorrEtiq.txt,0.0,0.0,0.0,-0.4418360821684622,-0.605743969982087,0.22029992084162914,-0.605743969982087,0.4330382838319156,0.0,0.35136008450709205,0.0,0.2710410824318246,-0.2762858331426916,0.044158164597235344,0.352667656836295
CDMS-11-6B-LESTA-CorrEtiq.txt,0.0,0.0,0.0,2.6666666666666665,0.08462884367481803,-0.29510399795557785,0.10383482633023296,0.8442226823202544,0.0,-0.6375300509082159,0.0,-1.2380263157802405,0.6234014990202005,1.0243479427200977,-0.22571372499445427
CDMS-11-6B-MEBRTA-CorrEtiq.txt,0.0,0.0,0.0,3.478176691560263,-0.15093078638240176,2.0678603203653303,-0.07277860041532232,-0.9147170783486612,0.0,-0.42447373715502634,0.0,-2.4543977848796246,1.3753252354268857,1.9489676727601146,-0.45448273921901067
CDMS-11-6B-MMAMO-CorrEtiq.txt,0.0,0.0,0.0,2.899559121549302,-0.7785568547449804,-0.01656738693070092,-0.794202530170244,0.4031526636709968,0.0,0.17750982251509398,0.0,-1.1349024093703433,0.25361237512205254,0.548767465575488,-0.15132905074591155
CDMS-11-6B-RSECA-CorrEtiq.txt,0.0,0.0,0.0,2.7136021011998728,-0.5351200496725209,-0.5175218286277214,-0.5570860145311556,-0.5079907656453765,0.0,0.2475683950296546,0.0,-1.4731859561109255,0.29223314743765477,0.4445191644664938,-0.5264729533114679
CDMS-11-6B-SCAPA-CorrEtiq.txt,0.0,0.0,0.0,-0.17586311452816475,-0.8031871044829793,-0.7485067314074227,-0.8129239458315475,1.1065559442326802,0.0,0.1374053218172333,0.0,0.9184942858592926,-0.143943337527281,-0.2739798054197695,1.3737198976031653
CDMS-11-6B-VZAPE-CorrEtiq.txt,0.0,0.0,0.0,-0.42008402520840293,0.29943907710356976,1.941947286971898,0.3554170247467232,-0.8704065458676146,0.0,0.130450834414257,0.0,-1.6565023392678955,0.3167971952373696,0.7467625615077444,-0.9442480730260251
CDMS-11-6B-YLNIME-CorrEtiq.txt,0.0,0.0,0.0,1.9125905584590301,-0.8839067601825775,-0.8046630926972971,-0.8879497611932853,1.0683865563312431,0.0,0.29465464739968034,0.0,0.6181895757296101,-0.29971520854630423,-0.47619741980796493,0.18131759317240326
CDMS-11-7C-ICARE-CorrEtiq.txt,0.0,0.0,0.0,4.539055578819065,1.7637596208594277,-1.0686632894391912,0.35129492262994677,0.7078175871764218,0.0,0.11821013854894082,0.0,-1.126980308941207,-0.32838970941463186,0.1545814127651513,0.12904726441604777
CDMS-11-7C-IMOIB-CorrEtiq.txt,0.0,0.0,0.0,3.6449573777637356,-0.975523342034152,-0.8800077834713143,-0.9885229992426252,-0.10902852279917641,0.0,0.20313387799478472,0.0,-0.030513909884868635,-0.13595437138135313,0.026603486446501408,0.4274945641431603
CDMS-11-7C-SALMA-CorrEtiq.txt,0.0,0.0,0.0,4.9639727679577,-0.9735086637523162,-0.9705390431825927,-1.0125791108334214,-1.057007021569965,0.0,0.10570572477084855,0.0,-1.050225294383555,0.2157998551806398,0.48126214523304695,-0.6155638152024361
CDMS-11-7C-SPGAVE-CorrEtiq.txt,0.0,0.0,0.0,1.8322612478187175,0.24618298195866542,-0.5794738635559413,0.3081493505722873,0.6731302691998614,0.0,-0.7953395106630985,0.0,-0.8146881698903526,0.7715280052453067,1.3376199015024444,0.22768665445735653
CDMS-12-5A-SRIGO-CorrEtiq.txt,0.0,0.0,0.0,4.333333333333333,1.1060641817976131,-0.8015119452662606,0.21531809081405442,-0.15022315323773586,0.0,-0.15379156298021626,0.0,-1.6524831065603558,0.6288959357045805,0.8816768724322059,-0.4135567416275745
CDMS-12-6A-FAROPA-CorrEtiq.txt,0.0,0.0,0.0,0.7523668100861034,-1.0017794583346529,0.8181512348743418,-1.0087505781783332,-0.1559865243800981,0.0,-0.1387380452905712,0.0,-0.694881559725066,0.16845531751060372,0.06064298439009927,0.38789236294493085
CDMS-12-6A-JGIGA-CorrEtiq.txt,0.0,0.0,0.0,-0.25264557631995566,-0.5544954504367372,-0.7727697877610933,-0.5098499285104608,-0.8006407690254357,0.0,0.07931406146128452,0.0,0.7142857142857105,0.11032175315897357,-0.1358252822141061,-0.7341152936504878
CDMS-12-6A-SROAL-CorrEtiq.txt,0.0,0.0,0.0,4.333333333333333,-1.2145082683643853,-0.8661036172122543,-1.2264008971044538,0.8629138334056259,0.0,0.250163305648434,0.0,-0.7483963260714988,0.40385144588076427,0.2778300098730473,0.18834721244064848
CDMS-12-6B-IJDAGA-CorrEtiq.txt,0.0,0.0,0.0,2.2096047024697585,1.244794390985461,1.3833614278351087,0.43495883620083997,-0.04421576882853823,0.0,-0.32824854297645,0.0,-2.3601608868281687,0.8071653316626909,1.296951086393584,-0.5466037965377569
CDMS-12-6B-SCLAG-CorrEtiq.txt,0.0,0.0,0.0,1.9475281830313378,-0.7157499273542041,1.366063981498611,-0.968234201550723,-0.23385038372581485,0.0,-0.026000171732899917,0.0,-1.2728147654146533,1.2541181743484584,1.2645816758583732,-1.0209380138997222
CDMS-12-7C-CATRAR-CorrEtiq.txt,0.0,0.0,0.0,-0.5620736857882744,-1.1072949646792476,-0.9948340836003735,-1.143048271600476,1.466722829257162,0.0,0.5978918938033052,0.0,1.6744119170579177,-0.3756856145422315,-0.8593537793386401,1.5633325903375686
CDMS-12-7C-DLOLO-CorrEtiq.txt,0.0,0.0,0.0,3.869565217391304,0.87942440763307,-0.8958280175293669,0.9433414969939034,0.09605842128561477,0.0,-0.9366166693906484,0.0,-1.692058948603785,1.008233897393455,1.464750410576378,1.239022189048097
CDMS-12-7C-JSZAOR-CorrEtiq.txt,0.0,0.0,0.0,3.589131706156346,-0.26600026904833923,2.357145242784007,-0.5650891958959285,0.2609953531222377,0.0,-0.2066259911753997,0.0,-2.4259258272653623,1.9639097906847047,2.4533410561309554,-0.019937276193096407
CDMS-12-7C-MAROBE-CorrEtiq.txt,0.0,0.0,0.0,2.653873768012023,-0.9768523612859615,0.06906070165197649,-0.9898432436431781,0.9008490216874245,0.0,0.3127628023708555,0.0,-0.5758085090330824,-0.37408786617167283,0.1846817783196094,0.28293989890085386
CDMS-12-7C-VMAPA-CorrEtiq.txt,0.0,0.0,0.0,4.247228329942969,-0.9865153589873112,-0.8479657817778292,-0.9941311909818915,-1.0130012651262423,0.0,0.4120562161677063,0.0,-0.3184632294127685,-0.4406222989538344,-0.4597759987675123,-1.0617698276869139
CDMS-12-7C-VQURA-CorrEtiq.txt,0.0,0.0,0.0,2.8519315903247557,-0.9185999880791522,-0.7509476143210077,-0.921602215463934,-0.9112488078616054,0.0,0.3280794972491159,0.0,-1.591493627169243,0.42841232483005365,0.8300306542250875,-1.1044165258035537
CDMS-13-6B-JDTAHE-CorrEtiq.txt,0.0,0.0,0.0,1.1721705250676622,0.5824120670226641,1.3590876157237257,0.618309370051277,-0.03335186729825353,0.0,-0.6426606200615042,0.0,-1.846518375651108,0.8172055300765955,1.1897317873788138,-0.619396518157713
CDMS-13-7C-MVEAR-CorrEtiq.txt,0.0,0.0,0.0,1.891319798381538,1.9624354089412521,1.0065945643081444,1.0008703226778093,-0.28173000108787744,0.0,0.04927334443173704,0.0,-2.0465979030162247,0.7358356842570997,0.5845057938314419,-0.30182447727602907
CDMS-13-7C-RAIZAC-CorrEtiq.txt,0.0,0.0,0.0,-0.14285714285714288,-0.7755149821534617,0.3684140531264434,-0.7961173386514129,1.936858734517232,0.0,0.2993245939707433,0.0,-0.26261286571945147,0.5695214286468866,0.8869418473105014,1.1464706552426158
CDMS-13-7C-SSOSLO-CorrEtiq.txt,0.0,0.0,0.0,2.943628450332726,1.0084152956251229,0.33780480521758294,0.33826725689894793,2.140574938819543,0.0,-1.5063419644096865,0.0,-1.3834107020295034,1.9127423454697603,1.8018210329151296,1.1720152484124848
CDMS-14-10A-IMORTO-CorrEtiq.txt,0.0,0.0,0.0,1.2637011476362499,-0.07706279322804935,-0.9145744353193775,0.0,1.1225055186184985,0.0,-0.2074867643355478,0.0,-0.008873914467755338,-0.5406292920885893,-0.5813046553105797,-0.636671884578262
CDMS-14-10A-JCVANI-CorrEtiq.txt,0.0,0.0,0.0,2.28747855498907,-0.7323338372368241,-0.24542526091865186,-0.8328051723366823,0.5933998694520431,0.0,0.1567456494274083,0.0,-0.63940090872926,-0.006189963188707739,0.33405968870193337,0.48724368637418264
CDMS-14-6B-KDCAHE-CorrEtiq.txt,0.0,0.0,0.0,-0.8054417244707233,0.8887420663350297,-0.3459016944887464,1.0511523748040528,0.8579802403495818,0.0,-0.8652923521247791,0.0,-0.23739769073213765,0.21434818958773205,0.2793555235334189,1.1370488960042597
CDMS-15-10A-AMALOS-CorrEtiq.txt,0.0,0.0,0.0,2.796430553026888,0.5804294924639213,0.31884080937173015,0.27951262518087505,0.11624763874381928,0.0,0.03928030270698608,0.0,-1.6082762786186569,0.513890590917863,0.998870212672464,0.575444498825907
CDMS-15-10A-JJMACH-CorrEtiq.txt,0.0,0.0,0.0,4.758228818557699,-0.8328659512046239,-0.5953081261938795,-0.8340237435991981,-0.7548242816521149,0.0,0.2240830333741068,0.0,-1.4612647201434004,0.20388276314226406,0.5053002497216159,-0.6277594599851088
CDMS-15-10A-MAALCA-CorrEtiq.txt,0.0,0.0,0.0,0.06564886107414389,1.5947493751815283,-0.856651856260132,1.1626388324061034,-0.33506756815186367,0.0,0.5193510007620354,0.0,-0.8140168048869919,-0.23508961294839964,-0.30784143038057366,-0.17221687136729505
CDMS-15-10A-MAALRI-CorrEtiq.txt,0.0,0.0,0.0,3.8344897248740395,-0.5773502691896258,1.1190685825917395,-0.5555374150901005,-0.19753928302788382,0.0,-0.11812923215908827,0.0,-1.8640881865875065,0.5638962373724388,1.196247146049286,-0.45579074134966197
CDMS-15-10A-SGOMO-CorrEtiq.txt,0.0,0.0,0.0,2.064741604835056,1.5884065066450412,-0.16950986246488045,0.4828347854512469,-0.7428041493700419,0.0,-0.2845038404574862,0.0,-1.2911404392879824,0.02046411381906197,0.2391470902995953,-0.7380245502384916
CDMS-15-10A-SHEGA-CorrEtiq.txt,0.0,0.0,0.0,3.7242175748422124,0.18156584383284552,0.2438768739415068,-0.15133029571597767,0.2010714132877286,0.0,0.18661980851311605,0.0,-1.6564425289952798,0.6630594761747415,0.956170881738633,-0.31868206791035486
CDMS-15-11B-JEMOLO-CorrEtiq.txt,0.0,0.0,0.0,6.658192629638272,-0.9483730542214112,0.6587131135923012,-0.9582133094589198,1.7760405152147818,0.0,-1.4938742355567385,0.0,-2.5445472626628853,2.037275001986872,2.4797941211502876,-0.2642488771856434
CDMS-15-11B-VSAHO-CorrEtiq.txt,0.0,0.0,0.0,2.3061094960352917,-0.6586730977230144,0.9069233152263558,-0.6632831457472697,-0.8248716475275668,0.0,-0.4117509673744637,0.0,-1.1880262095304248,0.8099144390076216,1.5019152416853767,-0.2909356235361903
CDMS-16-10A-SGALO-CorrEtiq.txt,0.0,0.0,0.0,1.7795130420052185,-0.8357986896261175,-0.7637540635798535,-0.8357986896261175,0.22029992084162914,0.0,0.5235128319002442,0.0,0.5575655492314722,-0.06468462273531486,-0.46631767125524765,-0.30850181373442553
CDMS-16-11B-NGABE-CorrEtiq.txt,0.0,0.0,0.0,2.5573575238375597,-0.14507400532747078,-0.5833527445541928,-0.20116373263647347,1.034085737705109,0.0,0.22246030723326732,0.0,-0.7279296003561296,0.05423716123195255,0.22162214783673273,0.3785218728105573
CDMS-17-10A-ASSAMO-CorrEtiq.txt,0.0,0.0,0.0,3.4634153146624436,-0.6451416204711966,-0.7865998269480571,-0.6445033866354897,-0.8166921161895103,0.0,0.2998696596765117,0.0,-0.39565155518384665,0.08082364962283588,0.31584576050461116,-0.8417045590500287
CDMS-18-7C-VVECA-CorrEtiq.txt,0.0,0.0,0.0,4.97885231291723,-0.9498772410058983,-0.7198051755130666,-0.9662823901213163,0.27276299185466146,0.0,0.08910873261996462,0.0,-1.2441826009302823,0.5893309045553642,1.1187511753314456,-0.5456447682628814
CDMS-8-4A-DJAVDA-CorrEtiq.txt,0.0,0.0,0.0,2.61815645848017,-1.5526846926137108,0.9733285267845752,-1.5831077279320547,-1.6274669424134698,0.0,0.25954475401982063,0.0,-1.4722339938012663,-0.01048342439537376,0.49941965111372033,-1.421174298600158
CDMS-8-4A-DOSTR-CorrEtiq.txt,0.0,0.0,0.0,4.946833263565836,-0.48652674699673704,1.2172124651472678,-0.42214125604933483,-0.11347042117083499,0.0,-2.0535423368822094,0.0,-2.6508445805467824,1.453568949634348,2.0228985409652624,-0.6332203652479664
CDMS-8-4A-LGOPA-CorrEtiq.txt,0.0,0.0,0.0,4.419957134897672,-0.5211004071769555,-1.3333333333333333,-0.4875923620361497,-1.2257526431998795,0.0,0.5407012019247769,0.0,-0.5684503102806134,-0.2367930516229836,-0.2185137890156144,-0.9320751278857365
CDMS-8-4C-JDBUTU-CorrEtiq.txt,0.0,0.0,0.0,2.8854094601587903,-0.2363756795603909,2.862794928737154,-0.6420218147637012,-0.5267272290918115,0.0,-2.9224925788071365,0.0,-2.6478149509397495,2.971278296157922,4.295588039533072,0.8717640612044152
CDMS-9-4A-CARGA-CorrEtiq.txt,0.0,0.0,0.0,2.8675183341304797,-0.6163156344279367,-1.0412500903862965,-0.5527512143002188,-0.3925016174390258,0.0,0.046392600042613745,0.0,-0.6658963987414352,0.3471667229642731,0.26402558346011995,0.4533662025116077
CDMS-9-4A-CRAAG-CorrEtiq.txt,0.0,0.0,0.0,5.196152422706632,2.5351982263618673,0.6164977103003061,0.033586181457325254,-1.7158819513824777,0.0,0.8730837061800458,0.0,-2.430010130395373,-0.14376556573922492,0.7116141362947617,-1.9023573460553866
CDMS-9-4A-EROHI-CorrEtiq.txt,0.0,0.0,0.0,4.051288947769418,-0.16065401487545794,0.005971809576508898,-0.08810998132393154,-0.44575743081463615,0.0,0.23105871342695522,0.0,-1.8878404035790917,0.4601992570732327,0.8876200210885021,0.19829865321554443
CDMS-9-4A-ILOSE-CorrEtiq.txt,0.0,0.0,0.0,3.734446021674035,-0.7982666147882376,-0.7868006875296003,-0.8071000393861918,-0.05629422965389459,0.0,0.12074274718298811,0.0,-0.8189739360930757,-0.16378005394751333,0.016336381186650345,-0.5763811166902446
CDMS-9-4A-TGAFR-CorrEtiq.txt,0.0,0.0,0.0,-0.7808354482217548,0.09680321050455949,0.7582348145376407,0.2811120878093748,-0.4521670120215593,0.0,0.21616716873832134,0.0,-0.31386467610415303,-0.2558652074227943,-0.22038874008691217,0.03532459176439583
CDMS-9-4C-SCAMO-CorrEtiq.txt,0.0,0.0,0.0,3.7871257619886425,-0.7816206717984189,-0.8115294577434502,-0.7827797605574922,-0.7009706471773263,0.0,-0.17126609631704334,0.0,-0.8802916194889443,-0.01811935396087804,0.09128169194951188,-0.2660931276172058
CDMS-9-5A-ABERO-CorrEtiq.txt,0.0,0.0,0.0,2.9613136617824396,0.422141256049335,1.241805845873564,0.5629784083986619,-0.5495483776729031,0.0,-1.892483043977995,0.0,-3.4042072244206687,2.0476234041042325,3.8149026538545026,-0.3545572212599175
CDMS-9-5A-PAGACO-CorrEtiq.txt,0.0,0.0,0.0,2.7719184868234326,1.2191078641777524,1.5540503351974575,0.44501909655260186,-0.24599310291414037,0.0,0.12527837557703211,0.0,-2.4084356998854943,1.275003657802485,2.4062022748506138,-0.1157625962663753
CDMS-9-5A-VVAAR-CorrEtiq.txt,0.0,0.0,0.0,-0.3330138646350318,-0.8339244919819806,0.503323448333313,-0.8414532833969106,0.7575868312413512,0.0,0.48067137167671964,0.0,0.24323581498096222,0.02544352647393408,0.3500316787385316,0.19122493841637073
CDMS-9-5C-JDMADE-CorrEtiq.txt,0.0,0.0,0.0,4.156150649675697,-0.05502163012079093,1.867519194983104,-0.40506157292392186,0.14507257450853717,0.0,-0.11183357458534968,0.0,-1.9011901520021626,0.655572069591134,1.1053399392490915,-0.1455835853842794
CDMS-9-5C-LVIZAC-CorrEtiq.txt,0.0,0.0,0.0,2.694605507268297,1.0754628610563495,1.262280679736445,0.4757827272756552,1.6147268912492077,0.0,-0.761139574532344,0.0,-3.09524565383977,2.233212917795413,2.6039922018033232,0.1495520660227765
CDMS-9-5C-MLOGO-CorrEtiq.txt,0.0,0.0,0.0,2.3668706246689153,-1.0200107587417655,0.8659973741433842,-1.0595511317507142,1.1296687435645028,0.0,-0.9896390168494966,0.0,-0.9963779728024555,0.5293755209365669,0.6215059138410757,0.11502643980746066
CDMS-XX-10A-VGILO-CorrEtiq.txt,0.0,0.0,0.0,3.559551320699964,-1.0585242246206374,-0.8364304085165588,-1.071966044365643,-0.18228763152741917,0.0,0.23522662027582847,0.0,-0.17476915619081268,-0.43261373417633864,-0.3592460601567196,-0.20435988603538072
CDMS-XX-5C-MJSARU-CorrEtiq.txt,0.0,0.0,0.0,4.024922359499621,1.3081131677413,0.1703768624216466,0.5765539224736007,-0.8511118908526498,0.0,-0.1451951977193192,0.0,-2.4863087376016137,0.9560051260952251,1.731725719854675,-0.5873248133465083
CDMS-XX-5C-MPCAQU-CorrEtiq.txt,0.0,0.0,0.0,2.729197628813945,-0.13699079410478154,0.08232814318021725,-0.09169737939688721,-0.35505154351612533,0.0,-0.4159862804266545,0.0,-1.4032453292122105,0.9532441325265881,1.187937675275105,-0.4385143475125772
CDMS-XX-6B-SPUCA-CorrEtiq.txt,0.0,0.0,0.0,4.18822377498236,0.11763914880606137,-0.9282103903153457,-0.15785304739930614,-1.0145141263246669,0.0,0.21150606667176522,0.0,-1.5436775853979348,0.23881687838345073,0.7171196749744609,-1.0822540652817345
CSO-10-4A-KCOMO-CorrEtiq.txt,0.0,0.0,0.0,2.0508357371268184,-0.8119116058403206,-0.6271199268285568,-0.8300242200546928,0.527990304026416,0.0,0.29194873032421864,0.0,-0.034552231285714226,-0.26254163206552866,-0.18112914449208822,0.761039264536016
CSO-10-4A-LRAVI-CorrEtiq.txt,0.0,0.0,0.0,2.2096047024697585,0.3080430342483094,-0.7908930712210546,0.36084056621755917,-0.9104583457243342,0.0,-0.3500923808530274,0.0,-0.48038446141525826,0.21321018079600132,-0.11326480000708909,-0.9438742928594553
CSO-10-4A-LSCAVA-CorrEtiq.txt,0.0,0.0,0.0,2.70801280154532,-0.7725782923982687,-0.7145446229081066,-0.7869391982470799,-0.702557018636262,0.0,-0.05077457890594893,0.0,-0.6213739167539784,0.32781988776330284,0.7593468151004353,0.0506677485443138
CSO-10-5A-ACAVA-CorrEtiq.txt,0.0,0.0,0.0,1.3667356454490664,-1.2842482510880329,1.0314350471038631,-1.3160296697034288,0.12513234214079394,0.0,-0.44690855841299143,0.0,-0.35018934851640493,0.003015555049911703,0.07497437548866762,-0.1600869841193286
CSO-10-5A-ARACA-CorrEtiq.txt,0.0,0.0,0.0,3.8880264299073524,0.14459131111994883,0.13634142674511213,-0.08895917608216222,0.3981798365226348,0.0,-0.2710378020348463,0.0,-2.248818224791311,0.6718119344280382,1.4674229651044584,-0.9489145442741908
CSO-10-5A-DABRZA-CorrEtiq.txt,0.0,0.0,0.0,4.742303731703695,0.4275824554616151,0.6955321096971686,0.30470240893005296,-0.14102796183726315,0.0,-0.30637348025027544,0.0,-3.0429303775130037,1.0505568812673367,2.069483572906915,-0.3410112009705356
CSO-10-5A-GZAMA-CorrEtiq.txt,0.0,0.0,0.0,6.226030709955184,-1.279606574445114,-1.0199581613645337,-1.3248125585025528,-0.37845881050631597,0.0,0.014588051152682273,0.0,-1.2134984739167078,0.6704954395785557,1.2202228082680984,-0.45463230900294166
CSO-10-5A-IPECA-CorrEtiq.txt,0.0,0.0,0.0,1.9503783489443587,-0.7428041493700419,0.3494139409932611,-0.7481552592933911,0.13604549993582005,0.0,0.4323951605041977,0.0,-0.38481221232810914,-0.5052762628886847,-0.31919777580147407,0.41483636954337344
CSO-10-5A-JANORO-CorrEtiq.txt,0.0,0.0,0.0,5.560454662757992,-0.05368281270950194,-0.8205527240271441,0.0,-0.09510007474790226,0.0,0.23653232366945443,0.0,-1.2763876342421343,0.42206593044480645,0.6417141856900169,-0.38328637888807604
CSO-10-5A-JBUVE-CorrEtiq.txt,0.0,0.0,0.0,-0.2917252574661255,0.4475375214241126,1.9266755794533719,0.5050127509563297,-0.8834132626064004,0.0,0.022454347252346737,0.0,-1.9129953724323485,0.5208681037697611,1.1342481939638227,-0.7538599440787678
CSO-10-5A-JJSEMO-CorrEtiq.txt,0.0,0.0,0.0,4.489993648609566,2.437235665211971,-1.0425392285426334,0.8124785444672152,1.4032928308912467,0.0,-0.8349976467603946,0.0,-1.8407159732336866,1.2357814698711413,1.529769958087334,2.3079637101568546
CSO-10-5A-JLCARI-CorrEtiq.txt,0.0,0.0,0.0,2.5694972725751395,2.4507637218317804,-0.6671566814620551,1.6850779563865474,-0.1268101655704992,0.0,-0.30245396311893225,0.0,-2.447931420669639,0.5840715764721751,1.1834850836624788,-0.41125113926056034
CSO-10-5A-MAARAN-CorrEtiq.txt,0.0,0.0,0.0,2.353613222985328,-0.9841628857760062,-1.0067263066457361,-1.0083637029725114,1.3228446881096048,0.0,0.5152843845893826,0.0,0.0812957807414963,-0.8932305732796959,-0.8376206110505823,-0.3338367036392199
CSO-10-5A-MAOSMO-CorrEtiq.txt,0.0,0.0,0.0,3.668996928526714,0.618309370051277,-0.911322376865767,0.062004119966183456,-0.9421167085968967,0.0,0.10203081796123929,0.0,-1.0919574422261156,0.020207175225248442,0.12390543977479086,-0.9988538086255445
CSO-10-5A-RVMOIB-CorrEtiq.txt,0.0,0.0,0.0,2.844452335847639,0.10976425998969032,-0.7078383972965656,0.15093078638240187,0.268452428509859,0.0,-0.1740078953350814,0.0,-0.9786943457785615,0.4415620518553097,0.5936689179221367,-0.6134071125491848
CSO-10-5A-SVHEES-CorrEtiq.txt,0.0,0.0,0.0,1.5668129063829723,0.1032423407991943,1.2999147239269058,0.1730838805713335,-0.5828493147507341,0.0,0.028940025535470964,0.0,-1.4762222066239614,0.31024024084881374,0.779371573501746,-0.5237257191411537
CSO-11-5A-MDVOSPE-CorrEtiq.txt,0.0,0.0,0.0,4.246455208746746,0.6280976580011384,-0.8989947352927458,0.0061896742776339775,0.2758083435464279,0.0,0.10742119135996578,0.0,-1.4745922700649174,0.489698808703368,1.4059563243793796,-0.4735022395725683
CSO-11-5A-MTAGA-CorrEtiq.txt,0.0,0.0,0.0,-0.20412414523193154,-0.9239766551809907,0.326947045638107,-0.9293009831096516,-0.21568925295135247,0.0,-0.1265705669413574,0.0,0.3820457914059509,-0.9857426511607844,-1.0668179303663374,-0.3020016908228843
CSO-11-6A-CAPAMU-CorrEtiq.txt,0.0,0.0,0.0,1.4501047335684953,0.1336969553464759,-0.816639532516077,0.054312544659356886,0.1089888736112612,0.0,0.10680559083048823,0.0,-0.6947404073297059,0.40214952859683584,0.5095543104532652,0.56227684035869
CSO-11-6A-DSCACH-CorrEtiq.txt,0.0,0.0,0.0,1.8322612478187175,-0.7793252697074516,-0.7738257069169828,-0.786333650994934,-0.9132233209773137,0.0,0.3460337309092307,0.0,-0.3506990849314709,-0.05391774248056234,0.03842475740900649,-0.9110807774479286
CSO-11-6A-EROMO-CorrEtiq.txt,0.0,0.0,0.0,4.300231781407442,-0.32035815410904733,-0.7419491891959544,-0.3203581541090473,-0.9769116251168077,0.0,0.13671718540493216,0.0,-1.3829224376543958,-0.06704957005124886,0.2838895411811493,-1.0355082418370543
CSO-11-6A-FSOVRE-CorrEtiq.txt,0.0,0.0,0.0,2.6578549084646594,0.9844270502564858,0.0628571975018345,0.1344226502634426,-0.09099010592498079,0.0,-0.3749975357854415,0.0,-1.8366191869529493,1.1269205619580098,1.7566745228719236,-0.37378740172695335
CSO-11-6B-ANREVA-CorrEtiq.txt,0.0,0.0,0.0,-0.3665083330689156,-0.07706279322804935,0.35514240260228874,-0.05564148840746577,-1.108337609335445,0.0,0.37557845499919856,0.0,-0.7507484882404067,-0.2826610982800683,-0.16867114430980126,-1.0548064543529456
CSO-11-6B-LHFDLACH-CorrEtiq.txt,0.0,0.0,0.0,4.644198375781977,0.7049344049891616,-0.7049344049891616,0.7293249574894728,0.15922346773028262,0.0,-0.9903787172387535,0.0,-2.2888082590110637,1.8624342501373303,1.9214982540290624,-0.5688518526781876
CSO-11-6B-RJGIHE-CorrEtiq.txt,0.0,0.0,0.0,1.1299821871957434,-0.9745980732208424,2.844882134823317,-0.9724910844829633,-0.5300656489487432,0.0,0.10304428726889742,0.0,-1.544553928631415,0.2120094880240029,0.5352609131996767,-0.19300207207980546
CSO-11-6B-SFLVA-CorrEtiq.txt,0.0,0.0,0.0,5.728715546977509,1.1059630927007047,-0.7575872930485172,0.3833593192297691,-0.7592247407659274,0.0,-0.15977117318782758,0.0,-1.5127561144502655,0.9418708081176933,1.4103989054311428,-0.34338511260963145
CSO-11-6B-VCOMA-CorrEtiq.txt,0.0,0.0,0.0,4.5267593630144765,-0.7056503290095427,-0.5793584501023474,-0.711643585451541,0.11111111111111106,0.0,-0.13014301244038476,0.0,-1.2023328837640774,0.3387537429470787,0.591064583006894,0.5933578482139815
CSO-12-6A-FJOVRE-CorrEtiq.txt,0.0,0.0,0.0,1.472946743017361,0.6137949055234261,1.338830397644914,0.16823439212702382,-0.3580340185012952,0.0,-0.4851073915245904,0.0,-2.5769799052837956,1.689241878468408,2.224059671262941,0.09377920264019954
CSO-12-6B-GQULO-CorrEtiq.txt,0.0,0.0,0.0,-0.17069214612431916,0.1058197282612334,0.3479120512535183,0.13086000257606445,0.48041952314114533,0.0,-0.9933239865938239,0.0,-1.3015406432214425,1.0946012399004366,1.2350941300041682,0.8293531342652682
CSO-12-6B-LJHEFE-CorrEtiq.txt,0.0,0.0,0.0,2.883223386981425,0.8553372034476997,-0.03667547436594546,0.04421576882853823,0.09273423870123486,0.0,-0.6955465365102137,0.0,-2.038166446249664,0.8328051723366822,1.4953035063770375,-0.5598354942946653
CSO-12-7A-DALRE-CorrEtiq.txt,0.0,0.0,0.0,6.4198205608981,-2.049642574190866,-1.5195066711140857,-2.154072489157025,1.198278713145209,0.0,-1.6566423362809306,0.0,-1.7637497628900576,1.0475005644810675,1.3396296869447455,-0.9463121660951617
CSO-12-7A-ESALA-CorrEtiq.txt,0.0,0.0,0.0,2.382578388617692,-0.8197427203758323,-0.6419861485417446,-0.8227906856762672,-0.8927740220936772,0.0,0.490823655823748,0.0,-0.3414891706688029,-0.07642878653927077,-0.09967209480778212,-0.7627398617497989
CSO-12-7A-IMERO-CorrEtiq.txt,0.0,0.0,0.0,2.06418738616856,0.3735460329654776,1.269903854854872,-0.16054876959089046,-0.6401843996644799,0.0,-0.07161148740394262,0.0,-1.9066244191788526,1.0102899051243133,1.7343482360057076,-0.41434821196201294
CSO-12-7A-JHEZA-CorrEtiq.txt,0.0,0.0,0.0,4.901349505991698,-0.5096857819556159,-0.8393891416715902,-0.4560549005368173,-0.8440214292396652,0.0,-0.17706089156805233,0.0,-1.8538300096939717,0.5500562498398418,1.2126667508451872,-0.9359614093221585
CSO-12-7A-LSARAR-CorrEtiq.txt,0.0,0.0,0.0,5.504335556964539,-0.816679500163152,2.251225247386383,-0.8166921161895103,-0.8090895879409022,0.0,-0.48348345800278053,0.0,-2.866824969751911,1.1645636799992256,1.123666336933658,-0.8653189427384966
CSO-12-7A-SCAHO-CorrEtiq.txt,0.0,0.0,0.0,4.5,-0.17259885313770235,-0.8283247669754626,-0.1360454999358199,-0.26642096665248355,0.0,-0.25954475401982063,0.0,-1.145427316145244,0.5813183589761799,0.5292176054174963,0.3423787016555042
CSO-12-7B-DVAGRO-CorrEtiq.txt,0.0,0.0,0.0,1.5692930533589187,0.2428522987075851,1.4421588933690663,0.2621612587200237,-0.8011855625352124,0.0,0.029863837414544302,0.0,-2.0834277627034,0.5418669438753612,1.000233498165139,-0.13659260243675758
CSO-12-7B-SMUGU-CorrEtiq.txt,0.0,0.0,0.0,4.041451884327381,-1.0080322575483704,-0.6445248380833071,-1.0151625576092178,-1.1925225533647212,0.0,-0.0327841548090648,0.0,-0.3900181517862145,-0.12751534261266775,0.2222878766368199,-0.637074102839251
CSO-12-7B-SSARA-CorrEtiq.txt,0.0,0.0,0.0,2.947109812029524,0.8103941293130267,-0.8191674960786206,0.12471847716906716,-0.07706279322804935,0.0,0.005220028627760317,0.0,-1.1966256978540502,0.5364799360395373,0.9186544915191168,-0.4454047638328725
CSO-12-7B-VHOMA-CorrEtiq.txt,0.0,0.0,0.0,3.241246954210959,0.7690096033344016,-0.8626621856275073,0.44183608216846215,0.8911483716013531,0.0,-0.1283740414907742,0.0,-1.3713187761412675,0.7976543244073806,1.1512886434072687,0.7725090907140311
CSO-12-8A-YTOME-CorrEtiq.txt,0.0,0.0,0.0,1.419750301837884,1.6250843099444419,-0.23626910438972049,1.131874886919677,0.3327380705403158,0.0,0.05292414674900206,0.0,-1.5833751552996596,0.028930598486199118,0.6121090310731098,0.2632251705469898
CSO-13-6A-ANASA-CorrEtiq.txt,0.0,0.0,0.0,2.3378231736935993,-0.7055410456515048,-0.7868431925566766,-0.7028263764962193,0.8751883980428654,0.0,-0.007636998971074529,0.0,-0.24595240662792325,0.014442223799038735,0.09836134726597759,-0.16920100464484744
CSO-13-6B-JETAVE-CorrEtiq.txt,0.0,0.0,0.0,5.4144645390624735,0.21707238158772652,-0.032556809195484274,-0.2136474478737556,-0.8628517975502713,0.0,-0.1775662640362281,0.0,-2.216800834443363,0.4468416038523776,1.1944104453510092,-0.5667539777806021
CSO-13-6B-LFMIES-CorrEtiq.txt,0.0,0.0,0.0,-0.29488391230979427,0.9910081668184008,-0.7228973960122489,1.0614524142547914,-0.7888883784951475,0.0,0.1119017933192887,0.0,-0.08278509340245,-0.4159001959280294,-0.39869020756923873,-0.4833292477376025
CSO-13-6B-LJMAHU-CorrEtiq.txt,0.0,0.0,0.0,2.193541257075642,1.3540589994940546,0.6877463849533246,0.6702800625998364,-1.2207132525988331,0.0,-0.7967278421409241,0.0,-1.8245255390437713,1.7923800222323472,1.5556126796714564,-1.3181381844549194
CSO-13-7A-CAPAMU-CorrEtiq.txt,0.0,0.0,0.0,1.1587867289140288,-0.08496996423022274,-0.8633538537567981,-0.23107638336914174,-0.291004712697813,0.0,0.3262178621308462,0.0,-0.47331593865234367,0.10130641191738113,-0.0012473693394354087,-0.42880827523078263
CSO-13-7A-CDDITR-CorrEtiq.txt,0.0,0.0,0.0,1.0663825266402087,0.1433127643101619,-1.0641287657465623,0.3194115445826327,-0.2736722512081228,0.0,0.44015085087527295,0.0,-0.015398002260231847,-0.8106471550306983,-0.7287214370554229,0.9099428859350316
CSO-13-7A-JJATFL-CorrEtiq.txt,0.0,0.0,0.0,5.533761519643884,-0.8484341333093024,-0.7869391982470799,-0.8484341333093024,-0.9608855728141772,0.0,-0.2828898086342072,0.0,-1.2481746328791883,0.7477945020767084,0.9845003360126195,-1.0640798098234863
CSO-13-7A-RXCHLU-CorrEtiq.txt,0.0,0.0,0.0,5.560454662757992,1.3164797647746407,-1.1457116071894509,0.3960590171906696,-1.4858876281164664,0.0,-0.06513327793840869,0.0,-2.084993588776891,0.14754017441125725,0.767571612347519,-1.0211316026418689
CSO-13-7A-YAMEZA-CorrEtiq.txt,0.0,0.0,0.0,3.5331473724979237,-0.6660311891836322,-0.8385481602338832,-0.6774204551193113,1.163060613783168,0.0,0.011748042111971637,0.0,-0.5830203847461344,0.8016519930809392,0.8990069827469575,0.1116390757422806
CSO-13-8A-KIGAGU-CorrEtiq.txt,0.0,0.0,0.0,2.5894690984677373,0.045432447614403376,2.378119634429923,-0.40638995102349956,1.3115861141200904,0.0,0.1313380036239007,0.0,-1.9030440612767756,0.7420860102481124,1.3494885747050183,0.5519015378870158
CSO-13-8A-MGAAN-CorrEtiq.txt,0.0,0.0,0.0,2.2951702045395823,-0.6344189708206865,0.19483240965739324,-0.6344189708206865,-0.7481552592933911,0.0,0.1933385161995009,0.0,-0.8821463137889469,0.07053456158585958,0.2866721649638136,-0.7192225867490166
CSO-13-8A-MGAHE-CorrEtiq.txt,0.0,0.0,0.0,1.7541890830678926,-0.23690130049844876,-0.9106113946873502,-0.3025984724297128,-0.48610770681625926,0.0,0.23309059224934775,0.0,-0.47893110270260086,-0.37994758696635117,-0.6418767571080438,-0.9297793170574906
CSO-13-8A-MJAGA-CorrEtiq.txt,0.0,0.0,0.0,3.0,0.7663560447348133,1.1026456085839622,0.6585046078685182,0.8221786020271294,0.0,-0.12496095580101532,0.0,-2.3679734424323042,1.0370654891554296,1.536593892447075,0.491069124025298
CSO-13-8A-VHODU-CorrEtiq.txt,0.0,0.0,0.0,7.027819284987273,-0.8666399694942736,-0.8634461058207968,-0.8789200363050959,-0.6652435052101486,0.0,0.33894819619989464,0.0,-2.313800741785469,0.6226627211776682,1.1329505271149851,-0.6998976605498587
CSO-13-8B-FCJISA-CorrEtiq.txt,0.0,0.0,0.0,2.517008013757081,0.05496497099293132,-0.8118121097900859,0.09151304177121303,-0.8183879352825012,0.0,0.23865669600115874,0.0,-0.3200284482376,-0.3403421251709332,-0.3090906017464321,-0.9034414957856426
CSO-13-8B-JEMABE-CorrEtiq.txt,0.0,0.0,0.0,3.066020007587139,-1.0955928680927145,1.790517343135491,-1.0202633578774942,0.42157111720652085,0.0,-1.9654902726983081,0.0,-1.8712738929862884,1.7676829760836936,2.5678847939522447,1.922872614728175
CSO-13-9B-DMLLLU-CorrEtiq.txt,0.0,0.0,0.0,1.7410005887489768,0.6608271381079535,1.616687006105066,-0.24663181183349503,0.6972071391076163,0.0,-1.7003615693660592,0.0,-2.2272127958834678,3.1587505095942245,3.3534054900422645,-0.3329263731900978
CSO-14-7B-EVEGO-CorrEtiq.txt,0.0,0.0,0.0,4.024922359499621,0.0,-0.7284313590846836,-0.29559878344928797,0.12471847716906716,0.0,-0.3581722542222891,0.0,-1.2162263991012425,0.35348808540323606,0.5915690168336717,-0.6767800939590398
CSO-14-8A-AQUMA-CorrEtiq.txt,0.0,0.0,0.0,2.213211486674006,-0.7593263966019992,-0.7001400420140049,-0.7678930805087066,0.268452428509859,0.0,-0.5069719851645088,0.0,-0.478212730305511,0.6359987280038165,0.5975228138637552,-0.10716300693294825
CSO-14-8A-SZARA-CorrEtiq.txt,0.0,0.0,0.0,1.468882984402724,1.6239421569769474,-0.9691152917214501,1.5275967072527785,0.40407976169795345,0.0,-0.640047438669013,0.0,-1.216095410904563,0.3499019261922176,0.4176968005760688,0.02049666907227316
CSO-14-8B-JLLORA-CorrEtiq.txt,0.0,0.0,0.0,1.2572371141874243,-1.0378590151420244,0.337868689199743,-1.0504080223949317,-0.2238307405179226,0.0,-0.3736650806032844,0.0,-0.5039032598602669,0.6302631618404747,0.662704808260145,0.39019964340644864
CSO-14-9A-AEDCAGO-CorrEtiq.txt,0.0,0.0,0.0,1.8394844222389106,-0.7142857142857143,-0.711643585451541,-0.7148145064814466,-0.8389696242290767,0.0,0.002976150933631916,0.0,-0.02209169409030005,-0.14004877405870494,-0.01602157003338966,-0.8728468529896365
CSO-14-9A-HASACA-CorrEtiq.txt,0.0,0.0,0.0,2.5715158760621106,-0.9647551340766445,-0.41151081803907724,-0.9713155937006339,-0.8262715767829218,0.0,0.11307086379103631,0.0,-0.26941610355852896,0.029920979974981516,0.1363156179655629,-0.6894171851375983
CSO-14-9A-JSMAAL-CorrEtiq.txt,0.0,0.0,0.0,0.7766807340798416,-0.6660806414200875,-0.2666977519157703,-0.6694811530916835,0.2165256041623228,0.0,-0.8133870966309152,0.0,-0.24862751029025187,0.5419955509980652,0.24972560049080542,0.7235528611737964
CSO-14-9A-MARJA-CorrEtiq.txt,0.0,0.0,0.0,4.265502678934032,-0.8277110388475182,0.20315666242140074,-0.8358209485897425,0.4350851109570837,0.0,0.18964025694030417,0.0,-0.7527749595254238,0.3569236482632778,0.41802553952971483,0.7620868755062163
CSO-14-9A-SORZU-CorrEtiq.txt,0.0,0.0,0.0,2.915433153987886,-0.424788103878488,0.1906562915133193,-1.0315247941241572,0.37265596812255686,0.0,-0.07366634149626382,0.0,-1.3168244168481955,0.18697147691524996,0.316977739903482,-0.005666643080615815
CSO-14-9B-ERAGA-CorrEtiq.txt,0.0,0.0,0.0,2.9235757499401016,-0.9602260453084741,0.33213380798051567,-0.9739785350051933,2.0320597171432104,0.0,-0.07798517244048248,0.0,-1.0655222877766448,0.29476527365910915,0.6477808094380414,0.06652892439822589
CSO-14-9B-MFEGA-CorrEtiq.txt,0.0,0.0,0.0,2.342606428329091,0.8879051519545105,0.010600574354678236,-0.02848629071066995,-0.8551861104941364,0.0,-0.03646476350538987,0.0,-1.4827941462833867,0.23144930060502814,0.14992464626023036,-0.7776825824016094
CSO-15-10A-LJRAGU-CorrEtiq.txt,0.0,0.0,0.0,-0.36927447293799814,0.7504283707412239,-0.7440916048338274,0.6101418254388846,0.508704398957941,0.0,-0.22294794613980304,0.0,-0.37713209216671195,0.3050042725869042,0.3253898569879123,0.06522232605525699
CSO-15-10A-MAARLO-CorrEtiq.txt,0.0,0.0,0.0,2.827256630354891,0.7024940627160616,1.0676606755380713,0.8443471996206504,0.3082022543278095,0.0,-0.8259395021103659,0.0,-1.963949452232002,0.5755973497199468,0.9370714342019472,1.083363203651929
CSO-15-10B-MEBUAR-CorrEtiq.txt,0.0,0.0,0.0,6.283841245868922,-0.5365305641380628,-0.8666399694942736,-0.448321933248046,1.8578705426674964,0.0,-0.6497061793287201,0.0,-2.045472009090403,1.5090918253082088,1.7204881759304969,-0.19625322050153796
CSO-15-10B-YVBUAN-CorrEtiq.txt,0.0,0.0,0.0,2.319057151249943,-0.10666772018021678,1.1985333056242342,-0.08002744268561658,-1.1281521496355325,0.0,0.07950542444263022,0.0,-1.5685778309429843,0.3848122123281117,1.2095693365685807,-0.7680035135277643
CSO-15-10C-SSCAMO-CorrEtiq.txt,0.0,0.0,0.0,4.349644619913374,-1.0645529544902943,0.011396797721793138,-1.0912104482888982,1.8938169468138697,0.0,-0.4117064943000195,0.0,-1.2063283656184671,0.8761476257538066,1.350218582149909,-0.05781368577526759
CSO-15-11C-JETALO-CorrEtiq.txt,0.0,0.0,0.0,3.841749099639162,-0.3739811296685952,-0.7782809423375181,-0.3301837932290282,1.4655814525582807,0.0,-0.27029495135979464,0.0,-1.029080677899363,0.7372097807744856,1.056281142747329,0.6841175963259752
CSO-15-7B-JCRAGA-CorrEtiq.txt,0.0,0.0,0.0,-0.5794531766083744,-1.0781770073849142,0.3803222461952362,-1.0914481982500908,-0.166100650127434,0.0,-0.3947047283671805,0.0,0.6429982077332347,-0.8197484747451569,-1.091846196256983,-0.453738567000758
CSO-15-8A-VBMABR-CorrEtiq.txt,0.0,0.0,0.0,3.214699023779111,-0.9331389496316869,0.01084716097799346,-0.9733285267845752,-1.169357030401321,0.0,0.3976459451756536,0.0,-0.6065593164902335,-0.08715343707250706,0.3139803371755929,-0.9713462020606507
CSO-15-8B-KEPOGO-CorrEtiq.txt,0.0,0.0,0.0,2.5002164408471224,-0.17532560877296255,-0.773921826177284,-0.27883774640591835,-0.2584048578959097,0.0,0.31079821976276956,0.0,-0.6488990934755321,-0.0020917688699511362,0.12795247085905798,-0.3153519000168773
CSO-15-9B-ALRIHE-CorrEtiq.txt,0.0,0.0,0.0,4.898979485566357,-0.6877463849533246,0.3218965868571585,-0.6877463849533246,-0.8205527240271441,0.0,0.021892270492319205,0.0,-1.4985372985307084,0.40214952859683584,0.7028452197498274,-0.7079876281836097
CSO-15-9B-AMSAGO-CorrEtiq.txt,0.0,0.0,0.0,6.3508529610858835,-0.8014585244561053,-0.8367811998831766,-0.8513996795881237,-1.0004167535084025,0.0,-0.10988782545683201,0.0,-1.4857178739757708,0.8833415385625049,1.3251140903246699,-0.8800128671901641
CSO-15-9B-JCAPA-CorrEtiq.txt,0.0,0.0,0.0,3.841749099639162,0.028155054514749197,0.09583691783584446,0.13756036123821558,0.8340165443290146,0.0,-0.004761958752673627,0.0,-1.6977493752543327,0.7724706898204029,1.5665473330461654,0.6350342481234977
CSO-15-9B-KSBEJA-CorrEtiq.txt,0.0,0.0,0.0,3.0,-0.9845114566882154,0.0370375205208156,-0.9978774973155579,-0.654882467901337,0.0,0.1376617878982647,0.0,-0.5541386369865995,-0.04616765107550838,-0.16659049739460183,0.08309852652340916
CSO-15-9B-RMCHLU-CorrEtiq.txt,0.0,0.0,0.0,1.8894110894882643,-0.30073765987695483,-0.9673369947809741,-0.2561088777229168,-0.9737450199139658,0.0,0.35106394600384017,0.0,-0.05347647751168122,-0.4738555949617549,-0.24605234279911503,-1.0246737341880507
CSO-15-9B-SJAGRO-CorrEtiq.txt,0.0,0.0,0.0,5.504335556964539,-0.6455054518231969,-0.6358292590904736,-0.6478092171231393,-0.7480974704077259,0.0,-0.6215105892544175,0.0,-1.2110820768300243,0.5634340639984041,0.5936688852545069,-0.8131058104776276
CSO-16-10A-MSACO-CorrEtiq.txt,0.0,0.0,0.0,8.141677638209458,-0.7999062169617931,-0.776162107478608,-0.8045117117613858,3.5919052803097222,0.0,-2.9668201285038505,0.0,-1.9084987858181197,3.706837470318572,3.88190752946697,0.14720796386793028
CSO-16-10A-YKMUJO-CorrEtiq.txt,0.0,0.0,0.0,0.39452000548960076,0.8050309393546125,-0.907928205299529,0.9553775791085901,-1.2366670945612732,0.0,0.0708873561146496,0.0,-0.47574292403688667,-0.3817346189193231,-0.32598893696615583,-1.3595772948884433
CSO-16-10B-JESUGU-CorrEtiq.txt,0.0,0.0,0.0,1.78195548330132,-0.9159675038736245,0.40510652969003275,-0.928279121632914,-0.9656163955153612,0.0,0.08226471092483992,0.0,0.17908632585271236,-0.34634648975843024,0.010938490411753675,-0.1665528028086502
CSO-16-10B-LTVIFA-CorrEtiq.txt,0.0,0.0,0.0,1.1307161687489955,-0.8304038932523392,-0.8589241480608218,-0.83441574711051,1.3292672455914323,0.0,0.6085935908190538,0.0,0.5579862736531906,0.4187593782888368,0.39221247202795534,1.7057734418159392
CSO-16-10B-VVILI-CorrEtiq.txt,0.0,0.0,0.0,0.9733285267845752,-0.49535030901731997,0.0680939436535107,-0.49535030901731997,-0.9058216273156765,0.0,0.14303912191598742,0.0,-0.604164850711443,-0.22174153331361715,-0.4038454494604345,-0.9858527224118594
CSO-16-10C-ACALGU-CorrEtiq.txt,0.0,0.0,0.0,3.4813528436892147,-0.5526489161640249,-0.9499725586238369,-0.5106758729893784,1.2407802603621683,0.0,0.1308553199111884,0.0,-0.36942925893728107,0.08878934231606721,0.04552444948569646,0.2164498299457251
CSO-16-10C-MAVAVE-CorrEtiq.txt,0.0,0.0,0.0,2.2951702045395823,0.022651349466027846,-0.8666399694942736,0.07357830138463445,-0.8496601585286936,0.0,0.23851627332789063,0.0,-0.4186505317765265,-0.06984302957695758,-0.21562837728992057,-0.16947962623872007
CSO-16-11A-JAVABO-CorrEtiq.txt,0.0,0.0,0.0,1.4396993938364324,0.14597530030481035,-0.8333356293305377,0.18929940971212045,-0.10482848367219193,0.0,0.27852515329507366,0.0,-0.4131794398992062,-0.26130556114905085,-0.12928574398336024,0.28051518939103937
CSO-16-11A-JDMUVA-CorrEtiq.txt,0.0,0.0,0.0,-0.29488391230979427,0.2879477867570851,-0.6650589666272297,0.25328776499954014,-0.8630541457241521,0.0,0.4092175045185258,0.0,-0.27097876701656326,-0.1544576780935682,-0.2943199485367033,-0.9281777897331883
CSO-16-11A-VZAOR-CorrEtiq.txt,0.0,0.0,0.0,6.599663291074442,0.04476614810358456,-0.700071439506233,0.08462884367481803,0.36650833306891567,0.0,-0.34392105017451285,0.0,-2.2991922574067494,1.4877565538286106,2.2680128798666273,0.5941597608460082
CSO-16-11B-KRORE-CorrEtiq.txt,0.0,0.0,0.0,3.0622368676107117,-0.8460801587057265,-0.7744785634699494,-0.8733752628794624,0.8513299258303746,0.0,-0.032345841450600626,0.0,-0.05283498967429835,-0.19280585739316589,-0.14036599741566408,-0.46363411120289555
CSO-16-11B-LLOZA-CorrEtiq.txt,0.0,0.0,0.0,-0.14285714285714288,0.5405982989935795,-0.711643585451541,0.5621515423088804,0.7674708990781742,0.0,0.3918906342301173,0.0,0.20152288791368564,0.2050148433926064,0.1175858993089405,0.6175007598105651
CSO-16-11B-YAROMO-CorrEtiq.txt,0.0,0.0,0.0,4.41152658298213,-0.6449844508648266,-0.8034114435034636,-0.6552284711142983,-0.22176705339854114,0.0,0.07688395966491787,0.0,-1.2671733982432785,0.31979185562540546,0.4165210111104457,-0.6289406929926792
CSO-16-9A-JALEMO-CorrEtiq.txt,0.0,0.0,0.0,4.358898943540674,0.1424278062402048,-0.030474525901541854,0.2081794509266513,-0.6581451817144175,0.0,0.16270272647227707,0.0,-1.5911089491172692,0.274497426598688,0.40167164009545314,-0.6768451321778772
CSO-16-9A-JPROSO-CorrEtiq.txt,0.0,0.0,0.0,2.844452335847639,-0.6193392207527779,0.28818828479429465,-0.6421412801239877,0.1803366310301261,0.0,-0.041687618185699514,0.0,-1.075312142682414,0.4485163487004757,0.3996409275914528,0.0185214508781869
CSO-16-9A-JSMAGU-CorrEtiq.txt,0.0,0.0,0.0,3.875,-0.2020305089104421,-0.9494795720948667,-0.4981610824055757,-0.6859943405700353,0.0,-0.0037662445968234437,0.0,-0.9247289737602351,0.5095200347328932,1.0953723916583056,-0.8356752071710144
CSO-16-9B-SJPAJI-CorrEtiq.txt,0.0,0.0,0.0,0.7305300471651177,-0.489947945795992,0.20282414382021755,-0.4556779494943454,-0.25452638525123616,0.0,0.17888967232517744,0.0,-0.397046493416602,1.5000000000000002,0.5140928894122678,-0.4225273142246614
CSO-17-10A-YVGOCA-CorrEtiq.txt,0.0,0.0,0.0,-0.27435163058436723,-0.8173068387245352,0.7305300471651177,-0.8219949365267866,-0.8543701342034534,0.0,0.4379042842713554,0.0,-0.03218002519267921,-0.6123000982747526,-0.3530182133737611,-0.8544063987527851
CSO-17-10B-EHECO-CorrEtiq.txt,0.0,0.0,0.0,4.216245724072927,-0.7814586317373081,-0.7078094477840016,-0.792127364113807,-0.4399297724669927,0.0,0.10286740031540356,0.0,-0.3600514991616603,-0.2398676761986272,-0.07684853981227738,-0.476859318560382
CSO-17-10B-YCQUVE-CorrEtiq.txt,0.0,0.0,0.0,2.0096507986968755,-0.6371694367739869,1.1690725117737855,-0.5823719994507525,0.8022423325827844,0.0,-0.30329238951914633,0.0,-1.1773569414721998,0.6129324747636056,0.69603008736558,-0.6308356354903881
CSO-17-11A-DJAPA-CorrEtiq.txt,0.0,0.0,0.0,0.8854740365319994,-0.05413949470920315,-0.9331361718875544,-0.6563100584267317,0.8494913013411975,0.0,0.13346867131269963,0.0,0.5348315734139879,-0.346505545901016,-0.29054766214027866,0.033699964664737
CSO-17-11A-JDAMO-CorrEtiq.txt,0.0,0.0,0.0,2.8574471961923535,-1.0657177538794147,-0.9497545343235096,-1.1242914730691607,-1.0917413992978977,0.0,0.14096651309655414,0.0,0.23404746813635685,-0.37054046151740444,-0.6056522133521631,-0.4737012530462182
CSO-17-11A-NPAHE-CorrEtiq.txt,0.0,0.0,0.0,2.8554897927658787,1.6300367030747887,-0.29621739072356573,0.4364357804719847,-0.21761148373916456,0.0,0.015571866496607158,0.0,-1.7466499286914454,0.6128432546826975,0.9117665075948272,0.15772806304954956
CSO-17-11A-RLPAIG-CorrEtiq.txt,0.0,0.0,0.0,2.142857142857143,1.1358152736593492,-0.02041666843894701,0.0984533052354934,-0.30269606955252715,0.0,0.05793042831735805,0.0,-1.2970777759814263,0.5990422978731539,0.8636475482377562,0.19315149899910458
CSO-17-11A-SPUVA-CorrEtiq.txt,0.0,0.0,0.0,5.149158157152343,-1.3025795630416246,1.7971469912076656,-1.3769644073651228,2.371188875344594,0.0,-0.6623926808765844,0.0,-2.211162967853641,2.8631038153182256,4.403649215614638,-0.5707652288564247
CSO-17-11B-CDBEBU-CorrEtiq.txt,0.0,0.0,0.0,3.13375916706524,3.3838200420017728,-1.0016283623508315,2.1332152583370254,-0.017104085285530115,0.0,-1.4475747999697348,0.0,-2.0976361127275913,1.4439313856663025,2.214431622021139,0.5607204041908155
CSO-17-11C-JDAAG-CorrEtiq.txt,0.0,0.0,0.0,3.391164991562634,1.1663253013751427,-0.8787760582097436,0.7755149821534617,-0.5747716147045338,0.0,0.2624492347246761,0.0,-1.3234482050745897,0.2731884284044879,0.7090876028998266,-0.36317166948404694
CSO-17-11C-MAPAMA-CorrEtiq.txt,0.0,0.0,0.0,1.8932040958124017,-0.30313169722911343,0.02108653748577926,-0.26192109359641097,0.6922904198253372,0.0,0.21312747667074425,0.0,-0.8444407432001213,0.0701862406343594,0.361289935455207,-0.44556653751506725
CSO-17-11C-MCAAG-CorrEtiq.txt,0.0,0.0,0.0,1.6525736108817581,0.4961414475496834,-0.6304883249912806,0.5345224838248488,-0.5180653234396059,0.0,0.05139471092412399,0.0,-0.9107233530411163,0.5525835662907186,0.7150725195274261,-0.3684379132247319
CSO-17-11C-SARJA-CorrEtiq.txt,0.0,0.0,0.0,3.4907779823157337,-0.7578391517481176,-0.7784798067841147,-0.7588209270431127,-0.058376365729025104,0.0,-0.30281016100450014,0.0,-0.07088812050083458,0.647893769465504,0.6604129831148283,-0.16711879535611973
CSO-18-11A-ADBAHO-CorrEtiq.txt,0.0,0.0,0.0,2.2912878474779204,-0.8589493963513654,-0.6859943405700353,-0.8704065458676146,0.5763406941759943,0.0,0.26444775856424324,0.0,-0.256402354585687,-0.17224727032917275,-0.042269938008031575,-0.08498578540004567
CSO-18-11B-YLLRE-CorrEtiq.txt,0.0,0.0,0.0,2.137743713949008,-0.615537505113138,-0.6989262981388241,-0.6101482075500473,1.1161175195183173,0.0,0.07233561862723226,0.0,0.011341001871439353,0.0648289733821439,0.506488281793278,0.21968971979213386
CSO-18-9B-MAMOLO-CorrEtiq.txt,0.0,0.0,0.0,6.0322083912092594,0.16382424842073645,1.1261909927855114,-0.05621374802001157,1.288399832362352,0.0,-0.8700679731522192,0.0,-3.458911075296516,2.3380765259109184,2.9031563903489266,-0.3627654667365272
CSO-8-3A-DAPAVA-CorrEtiq.txt,0.0,0.0,0.0,3.4118903442972988,-0.15922346773028248,0.6445248380833071,-0.1316728045881862,1.7525464073112362,0.0,-0.1598006930251483,0.0,-1.7756954869967734,0.8081220356417684,1.1565733897412998,-0.08205623889878144
CSO-8-4A-ARAGR-CorrEtiq.txt,0.0,0.0,0.0,5.480484858633794,-0.0285830975237515,0.6293109955894051,0.07155714363788923,-1.064724781089078,0.0,-0.6611099775215873,0.0,-2.7783792274815307,0.7547319081399414,1.4136919070269005,-1.5345644338451154
CSO-9-2A-EXMOCO-CorrEtiq.txt,0.0,0.0,0.0,3.649373630128843,-0.6053224411209401,-0.1900605133456959,-0.6053224411209401,-0.9613817019726834,0.0,0.8119813265151958,0.0,-1.6775270356879353,0.2899107564124578,0.934557786564604,-0.6130643185392317
CSO-9-4A-AGAPE-CorrEtiq.txt,0.0,0.0,0.0,3.9581140290126386,1.2927269235406538,-0.4833682445228318,0.22808942858744619,-0.8180438564882008,0.0,0.12301156053642971,0.0,-1.3595384807637654,0.7549305314189925,1.0439586265750727,-0.7578398456410078
CSO-9-4A-DKVIMO-CorrEtiq.txt,0.0,0.0,0.0,2.657475899239741,-0.21629388086232798,-0.8762950851577218,-0.1834520356521533,0.5767703927410075,0.0,0.3709918465663091,0.0,-0.8561040149651173,0.048275823914871216,0.06742743377940093,-0.223885884205431
CSO-9-4A-DSMOMU-CorrEtiq.txt,0.0,0.0,0.0,2.138754229541724,0.14575313188431493,-0.46746061381538995,0.19479287923688363,0.44150634272058764,0.0,-0.23277264804119138,0.0,-1.1169279026944139,0.07853844924429308,0.2196082888521934,0.7324458104613849
CSO-9-4A-DVGATO-CorrEtiq.txt,0.0,0.0,0.0,3.4672063515377003,0.8171169534311762,0.19829563121565114,0.20226942212150875,-0.17860635376849898,0.0,-1.577051556699122,0.0,-2.336510564608439,1.7458588336668388,2.3590196010924482,0.05177171830197748
CSO-9-4A-EGCAMO-CorrEtiq.txt,0.0,0.0,0.0,-0.27435163058436723,-0.815946849983474,-0.6778685308174162,-0.819990377720392,-1.0574797166123489,0.0,0.4135748588087786,0.0,0.8401825032545442,-0.7090335615289749,-0.8105002792332164,-1.173052549395662
CSO-9-4A-FAGIGA-CorrEtiq.txt,0.0,0.0,0.0,4.682676706745446,1.6466586148432636,-0.6488856845230502,0.4668018466179152,-0.054312544659356886,0.0,-0.18993524246449406,0.0,-2.2364906347150764,0.9662823901213161,1.7905259490526206,-0.7532411339877099
CSO-9-4A-GSBRCO-CorrEtiq.txt,0.0,0.0,0.0,2.6289877325624653,-1.1732144213909654,0.7173643054164833,-1.2055346550254074,-0.831784016934645,0.0,0.3650044140963428,0.0,-0.7668257811161487,0.9797958971132714,1.40570136463487,-0.8701205630746323
CSO-9-4A-KEMOCO-CorrEtiq.txt,0.0,0.0,0.0,4.75548205461743,-1.016001016001524,0.3494139409932611,-1.0140993866100705,0.8180438564882009,0.0,0.009091284771597116,0.0,-1.4121150101524953,1.9275723380886651,3.0431218354591,0.7768463420236866
CSO-9-4A-LCOMO-CorrEtiq.txt,0.0,0.0,0.0,2.1071683034701705,-0.46113291247455845,-0.21115394209236663,-0.8691065426144612,0.23069344867920502,0.0,-1.6693179575320158,0.0,-0.6581637602751403,1.5606146130296523,1.4691009688170953,0.07719033509281767
CSO-9-4A-MLORO-CorrEtiq.txt,0.0,0.0,0.0,1.5761805721068132,0.5789917051613072,-0.25273002378334,0.9566169380090357,0.058553816506734614,0.0,-0.010984858238665421,0.0,-1.4840222172751378,0.25655127003420347,0.4242826359927504,0.4517194370744051
CSO-9-4A-MPAME-CorrEtiq.txt,0.0,0.0,0.0,-0.3714534159082674,0.8200905490678979,4.573517348961024,0.8866275461295898,-1.0129168975591334,0.0,-2.670112523700089,0.0,-3.8367544390893205,2.8409110467491203,3.627657110285969,-0.15652866087441158
CSO-9-4A-NSARPA-CorrEtiq.txt,0.0,0.0,0.0,2.62938568200791,-0.07125443195446196,-0.9938219009886321,-0.03181602722446298,1.5071787790721851,0.0,0.47776085300938964,0.0,-0.7453559924999319,-0.17309692896316634,0.15070090870760336,0.6062741699440892
CSO-9-4A-SLOCA-CorrEtiq.txt,0.0,0.0,0.0,2.478831884330872,0.841663268718018,1.7627000778822393,-0.13338004038497325,-1.5915563005558555,0.0,-0.024196695924791706,0.0,-2.311675973814477,0.7316621702996997,1.5186170382969375,-1.8435477504921085
