file,z_wc,z_nodes,z_edges,z_re,z_pe,z_l1,z_l2,z_l3,z_lcc,z_lsc,z_atd,z_density,z_diameter,z_asp,z_cc
CDMS-10-4A-JURAN-CorrEtiq.txt,0.0,0.0,0.0,0.48444321200631846,0.4003625051077743,-0.1158073847608759,0.18154577345337766,-0.002499532077767236,0.0,-0.19272894886721129,-0.41007194244604317,0.1167614385190582,0.2788144589449428,-0.05296809506375969,0.0011869802027188875
CDMS-10-5A-HEPIHO-CorrEtiq.txt,0.0,0.0,0.0,0.18237714515822237,-0.1069221256747005,-0.2737096618957843,-0.10821269298582194,0.15441969739395206,0.0,0.25673076965068375,-0.421875,0.7890655302463766,-0.19571833591974172,-0.6512809307365753,0.0892410659088485
CDMS-10-5A-KSRAGU-CorrEtiq.txt,0.0,0.0,0.0,0.12629282007492834,-0.1371806834445431,0.2763487395537625,-0.13373518845089657,0.2049287497603422,0.0,-0.16765773417289973,-0.3761467889908257,0.1266184926041469,0.2060795105606332,-0.05546796970664142,0.14641407649790183
CDMS-10-5A-SROPU-CorrEtiq.txt,0.0,0.0,0.0,0.471407394967102,0.017812096124653023,-0.05734957307550868,-0.03060731236000545,-0.04854202989459215,0.0,-0.023169943484705777,-0.5182926829268293,0.36000305638226787,0.057298872513658124,-0.3586659398084355,-0.05071107885411981
CDMS-10-5A-SZURO-CorrEtiq.txt,0.0,0.0,0.0,0.4113559086297731,-0.03688703879187252,-0.2444781938520446,-0.09247228902780315,-0.21703129577329483,0.0,0.406725386346959,-0.09090909090909091,0.7274313416314672,-0.1959168655995468,-0.543893902369894,-0.22298855571193754
CDMS-10-5B-SRAJA-CorrEtiq.txt,0.0,0.0,0.0,0.4605342405899535,-0.061030994866379834,-0.16935199701672116,-0.059611169744281406,0.4562917223745178,0.0,-0.027688700594570716,-0.3010752688172043,0.2154222219493888,0.04365422491606398,-0.1761375894294885,0.2446211018283627
CDMS-10-5C-DAAUSA-CorrEtiq.txt,0.0,0.0,0.0,0.374725611800348,-0.1049519094901377,-0.24931122404093187,-0.157535564981444,0.2677735694195852,0.0,0.2011654431220472,-0.4896551724137931,0.6314700625542965,-0.13856328259670983,-0.5957807338493744,0.09993817318161473
CDMS-10-5C-ICAPA-CorrEtiq.txt,0.0,0.0,0.0,-0.06996421189446318,-0.07178901510610346,0.5968379631332568,-0.06481875811933542,-0.27644261420034244,0.0,-0.21618917579451186,-0.13953488372093023,-0.13434168398725974,0.5360276881950973,0.3589125371716612,-0.27884620585413855
CDMS-10-5C-JFALGI-CorrEtiq.txt,0.0,0.0,0.0,-0.010015360988167871,-0.2376791125752045,-0.2542253123788656,-0.2381462134592814,0.05972019913464371,0.0,0.3146725926727744,-0.5068493150684932,0.9128104026469047,-0.3454362018162748,-0.928780072932654,0.05756750565225719
CDMS-10-5C-MAORTO-CorrEtiq.txt,0.0,0.0,0.0,0.27868222616068683,-0.16521526381972682,-0.12640856376837187,-0.16521526381972682,-0.143582994858795,0.0,0.2760260911752241,0.0,0.6522187258573983,0.06965409726198984,-0.15553897732732813,-0.15689411861661634
CDMS-10-5C-NBEMO-CorrEtiq.txt,0.0,0.0,0.0,0.03677575648192821,0.4138681635468145,0.06579616921689206,0.3797959200324294,-0.10044374593750541,0.0,-0.20172914537428524,-0.13953488372093023,0.09871582939860643,0.27547177024345004,0.05964581680551095,-0.1086627300049375
CDMS-10-6B-ASCACO-CorrEtiq.txt,0.0,0.0,0.0,0.5420640196219471,0.4815864988339251,0.07460220492754323,0.2156926325161567,-0.18808755327784435,0.0,-0.333978856611052,-0.2905982905982906,-0.17470658126734867,0.4685542189420009,0.2522373440576507,-0.18663834774761393
CDMS-10-6B-JJMOBE-CorrEtiq.txt,0.0,0.0,0.0,-0.00486009869599837,-0.24643105124362596,-0.2518210657868967,-0.24643105124362596,-0.21550850581065367,0.0,0.5818487282021526,-0.11904761904761904,0.9072183639281389,-0.4321076616752816,-0.7705808834843101,-0.2162371856721373
CDMS-11-5A-EAARCA-CorrEtiq.txt,0.0,0.0,0.0,0.2662704812140447,0.13862111715349046,-0.033336069232410025,0.1445222085103311,0.21955185221125562,0.0,-0.1393031957123815,-0.44505494505494503,0.2941969122755924,0.1274727627641589,-0.2748360161673088,0.14944388004193535
CDMS-11-5A-MGTHAR-CorrEtiq.txt,0.0,0.0,0.0,-0.02626240781933162,-0.2458536627772647,0.17052226096505868,-0.24270442644589466,0.05967508154037136,0.0,0.017544538536786516,-0.28440366972477066,0.4653560128349716,-0.0052360539691494856,-0.36770862649311353,0.06101687048304026
CDMS-11-6A-DFVEBE-CorrEtiq.txt,0.0,0.0,0.0,0.41866741946382724,-0.2730527391495483,0.03199935644828643,-0.26681419153422087,0.2646302099072116,0.0,-0.15677509886310584,-0.41509433962264153,0.22915996998409266,0.24375826168122966,-0.006217054312649193,0.21436347423793914
CDMS-11-6A-NMREPR-CorrEtiq.txt,0.0,0.0,0.0,0.2993434217627824,-0.32257666584295774,0.16373515980815365,-0.322170139664174,0.645198909541188,0.0,-0.20825187187925445,-0.48623853211009177,0.2771117936391952,0.21576322521837102,-0.07599827397052031,0.24018302675024092
CDMS-11-6B-ARAHE-CorrEtiq.txt,0.0,0.0,0.0,0.7790769830330245,-0.15012669103736725,0.07180497631551802,-0.22412935831571545,0.11479502019423894,0.0,-0.193417157375732,-0.495,0.25971027915812384,0.35136541869141114,-0.05167830971685135,0.012588303970758585
CDMS-11-6B-AVROTO-CorrEtiq.txt,0.0,0.0,0.0,0.11009058199324268,-0.018402371115540432,-0.05308184170025789,-0.019178560280248398,0.08135074152750968,0.0,-0.08072406319249953,-0.5174825174825175,0.5261836822749735,0.08136654825319939,-0.42677189237883123,0.04939987356586638
CDMS-11-6B-EAFESA-CorrEtiq.txt,0.0,0.0,0.0,0.1305603606744086,-0.12718530952390011,0.4877450298275293,-0.12738296635325302,-0.29032623289714854,0.0,-0.13366539730586255,-0.5126050420168067,0.0863012470076646,0.2597972855093788,-0.2188834044803857,-0.3013926495374951
CDMS-11-6B-EFRGR-CorrEtiq.txt,0.0,0.0,0.0,0.35790884296034414,-0.18185915966789604,0.3981782836265036,-0.18290011889371732,-0.18804779024060891,0.0,-0.1748949331663721,-0.3691588785046729,0.001387813618070222,0.22487451472245829,-0.04461020226323285,-0.18269360252835068
CDMS-11-6B-EROCO-CorrEtiq.txt,0.0,0.0,0.0,0.1442811184217557,-0.1404188342417767,0.287654144030673,-0.13604514687481967,0.13612270120369327,0.0,-0.2984760005748729,-0.5180722891566265,0.22385997526868215,0.2837151648622736,-0.09866770222676793,0.13226797800619716
CDMS-11-6B-JACUPE-CorrEtiq.txt,0.0,0.0,0.0,0.23681937550103044,-0.05326987226678874,0.3120839039289307,-0.1324491984226121,-0.280643839761923,0.0,-0.21481168353908514,-0.24,-0.20220634470769308,0.24822191530334958,0.17706353651491394,-0.3901290802108332
CDMS-11-6B-JDCHBA-CorrEtiq.txt,0.0,0.0,0.0,0.41871591691400006,-0.21049204707196092,0.08302446292183255,-0.20830942640599545,0.6674366526808906,0.0,-0.21127693533301672,-0.3626373626373626,0.28401795646614647,0.23083707218289057,-0.05905613205102136,0.46080368576642766
CDMS-11-6B-JFSAHE-CorrEtiq.txt,0.0,0.0,0.0,0.15422622238400044,0.20497667958557908,-0.07670049675990087,0.2047467386601719,-0.008416345131995795,0.0,0.010533363572992643,-0.6358024691358025,0.5021009179856187,0.046261449426619736,-0.5652349995358422,-0.07649936663224807
CDMS-11-6B-JLPENA-CorrEtiq.txt,0.0,0.0,0.0,0.11397674833598045,-0.22589590302155227,0.27018114688011813,-0.2223234734582503,0.019460458387966423,0.0,-0.17176228843141098,-0.1388888888888889,0.2782713269427575,0.2794800772502287,0.014435662243924239,-0.01618796347664058
CDMS-11-6B-JMARME-CorrEtiq.txt,0.0,0.0,0.0,0.2416176700378194,0.12265612677362325,0.06566821927874217,0.08527830992180802,-0.06924135065347597,0.0,-0.18955363946752882,-0.4486301369863014,0.17257588088561998,0.21987148111442686,-0.16437398976450718,-0.060374204222355274
CDMS-11-6B-JPSAMA-CorrEtiq.txt,0.0,0.0,0.0,-0.043911784465343204,0.1859822712747588,-0.13588726630304637,0.18857392661979494,0.12848323977670167,0.0,0.049082990198590346,-0.47619047619047616,0.4678222658730462,-0.03231267506102544,-0.4795761188165024,0.1337110809287278
CDMS-11-6B-LESTA-CorrEtiq.txt,0.0,0.0,0.0,0.2804673872505423,-0.03833764476018642,0.0167331807127901,-0.03746091883937319,-0.058028845057388485,0.0,0.06270319287092092,-0.13740458015267176,0.376160048759262,0.061979331636796586,-0.22906511014775705,-0.1356970448152425
CDMS-11-6B-MAGIMU-CorrEtiq.txt,0.0,0.0,0.0,0.8245542317638554,-0.5228572587935332,1.1955122350558842,-0.5252178479932761,-0.4478071009330538,0.0,-0.9100565573822664,-0.10526315789473684,-0.742321041632532,1.0528999490919433,0.9541405732002425,-0.4629574194283786
CDMS-11-6B-MEBRTA-CorrEtiq.txt,0.0,0.0,0.0,0.7208961242828028,-0.041760710106286854,0.3937289842724097,-0.055950280294484005,-0.2699995892510215,0.0,-0.33481546631453546,-0.46564885496183206,-0.04873366117634464,0.42916736556657425,0.06292568473310428,-0.2542444741280578
CDMS-11-6B-MMAMO-CorrEtiq.txt,0.0,0.0,0.0,0.3354965719962404,0.01603492055749799,0.08604118788940292,-0.09919103426660916,-0.02250282405907538,0.0,-0.057862347822674944,-0.42857142857142855,0.3067210577330229,0.175815218597559,-0.2391085553810589,-0.08328770926865994
CDMS-11-6B-RSECA-CorrEtiq.txt,0.0,0.0,0.0,0.2738018504294131,0.1144831607785855,-0.08235007807926165,0.11918832089368048,0.12645247759285605,0.0,-0.12479374996507486,-0.6419753086419753,0.4665105850175832,0.2097334166321508,-0.4359575463003457,-0.006851310173455412
CDMS-11-6B-SCAPA-CorrEtiq.txt,0.0,0.0,0.0,0.34486379723077487,-0.23817327042398667,-0.23324803578517628,-0.23934600811155105,0.4430317891865565,0.0,0.18097627684223375,-0.5833333333333334,0.8700732698316525,-0.17372795966182505,-0.7390786437952718,0.40313872876502027
CDMS-11-6B-VZAPE-CorrEtiq.txt,0.0,0.0,0.0,-0.09353698298076328,0.16403449379884688,0.5430215400619938,0.17335931273183985,-0.22385032848089928,0.0,-0.38763928711410184,-0.33098591549295775,-0.28141730712328583,0.44140000040205324,0.18097189067332575,-0.21863027300620597
CDMS-11-6B-YLNIME-CorrEtiq.txt,0.0,0.0,0.0,0.043878533609995087,0.014434119042849535,-0.2435296962871733,0.015210318044791095,0.015466641487883985,0.0,0.23337677102288543,-0.5357142857142857,0.7263259091809535,-0.20471235887854466,-0.7413651282352731,0.007950453015248956
CDMS-11-7C-ICARE-CorrEtiq.txt,0.0,0.0,0.0,-0.033864168522511166,0.28580216811689985,-0.3633143878585458,0.28593804969123526,0.6918763681770234,0.0,-0.11258262214759243,-0.3181818181818182,0.42326628215389445,0.04471324095392132,-0.25253910262383944,0.592471380819329
CDMS-11-7C-SALMA-CorrEtiq.txt,0.0,0.0,0.0,0.29132962386604033,-0.11180703574459155,-0.1476725433251444,-0.11308430822753264,-0.30038588474794053,0.0,0.3591769281963513,-0.4791666666666667,0.5601715964797188,-0.269693301202713,-0.703720378968563,-0.2576644892102652
CDMS-11-7C-SPGAVE-CorrEtiq.txt,0.0,0.0,0.0,-0.06808729700482061,-0.0907222526179248,0.30765028663434646,-0.08504867479040756,0.024344826113120104,0.0,-0.18973531866496135,-0.013888888888888888,0.31997053410207194,0.19923316188062123,-0.0061019482073765285,0.006662129292047275
CDMS-12-5A-SRIGO-CorrEtiq.txt,0.0,0.0,0.0,0.45430849660281747,0.351104437973795,-0.29045392485001315,0.1919892345537809,-0.046154911475488385,0.0,-0.026724231343052244,-0.5097087378640777,0.42017090159843296,0.11490197137488979,-0.3805449807533887,-0.09575919201792378
CDMS-12-6A-FAROPA-CorrEtiq.txt,0.0,0.0,0.0,0.2530522926891636,-0.2411756301690522,0.34932876381162403,-0.23789190349722336,-0.028683741820062978,0.0,-0.07424327392185574,-0.3825136612021858,0.18310527794816958,0.14870766709744707,-0.16539611984523767,-0.0298442461215096
CDMS-12-6A-JGIGA-CorrEtiq.txt,0.0,0.0,0.0,0.13699904061139523,-0.11195001613089549,-0.0734616081386103,-0.11144115691624554,-0.2303962490697087,0.0,0.2512492013386039,-0.5481481481481482,0.6258866643170967,-0.09452712110616492,-0.6875512272638318,-0.2343031655193263
CDMS-12-6A-JSOTGU-CorrEtiq.txt,0.0,0.0,0.0,0.0,-0.0399438426216142,-0.05428462190564285,-0.0399438426216142,-0.030270131552365808,0.0,0.1302966807337842,-0.4375,1.0377229657171592,0.36035271510483313,-0.29786784033468455,-0.030265851410493413
CDMS-12-6A-SROAL-CorrEtiq.txt,0.0,0.0,0.0,0.3513153981033388,-0.29000136003023896,-0.06522257224805558,-0.2882205563568509,0.13468279896982843,0.0,0.38783744856899477,-0.36231884057971014,0.45333455288458496,-0.3239172903724601,-0.5109862277570044,0.1252657585267561
CDMS-12-6B-IJDAGA-CorrEtiq.txt,0.0,0.0,0.0,0.31193039926518895,0.17776741685668299,0.3503178732986388,0.06686240868862625,0.04069549196434036,0.0,-0.42156383737643405,-0.3333333333333333,-0.08983178017264153,0.42777925651175985,0.15394793204718196,0.03266938598508197
CDMS-12-6B-SCLAG-CorrEtiq.txt,0.0,0.0,0.0,0.31987418384123967,0.41163375177156,-0.26533642097778476,0.2026802377736771,0.477281279164659,0.0,-0.30494073362988194,-0.2222222222222222,0.0558416299335845,0.3028396025699963,0.2652076792323915,0.35314743805311155
CDMS-12-7C-ARAHE-CorrEtiq.txt,0.0,0.0,0.0,0.8580098774528994,0.7299575637371077,-0.28701910634489397,0.33774954253200723,-0.2230497267751053,0.0,-0.2243162345025696,-0.39285714285714285,0.26626370804306665,0.41090523673079843,-0.0863874030702189,-0.19602835299429122
CDMS-12-7C-CATRAR-CorrEtiq.txt,0.0,0.0,0.0,0.3598251111333905,-0.3901131099678812,-0.40958143636163624,-0.3907129420799934,0.4054936882641332,0.0,0.44780069990558025,-0.2413793103448276,0.8100958926484014,-0.46977944820563333,-0.7267454412783152,0.39955366955079685
CDMS-12-7C-DLOLO-CorrEtiq.txt,0.0,0.0,0.0,0.24473830830549564,0.2749390719705803,-0.2862191655566931,0.27924313772535225,-0.12746441397038086,0.0,0.09913452325727314,-0.5522388059701493,0.4925602434442274,0.02907168174300978,-0.5305061049427475,-0.15480620916330942
CDMS-12-7C-JSZAOR-CorrEtiq.txt,0.0,0.0,0.0,0.09986782140921334,-0.2651116889943341,0.6438912763153789,-0.32082937581706594,0.19360034577605148,0.0,-0.49580655700920634,-0.25,-0.07520021145535989,0.5085996434158245,0.2982523620343498,0.1538920629372115
CDMS-12-7C-MAROBE-CorrEtiq.txt,0.0,0.0,0.0,0.13773273812728104,-0.25409226795241147,0.08064918317913397,-0.2555633823486594,0.30707627592068654,0.0,-0.06468202741195633,-0.5603448275862069,0.6083988827657509,0.04187739632664635,-0.45693628935153086,0.16117060574189257
CDMS-12-7C-VMAPA-CorrEtiq.txt,0.0,0.0,0.0,0.0,-0.09450204743788904,-0.10155298763587482,-0.09450204743788904,-0.08581340837554005,0.0,0.22414905852016262,-0.8,0.9599417911923284,-0.1865844898921478,-0.9671976674228236,-0.08575639803510594
CDMS-12-7C-VQURA-CorrEtiq.txt,0.0,0.0,0.0,0.20214994575895015,0.09327568148436237,-0.06905384855187453,0.10953288924041504,-0.1340135998792378,0.0,-0.08781474056477949,-0.5149253731343284,0.37237479632959414,0.12191031423618409,-0.3391635956173405,-0.13699254822373175
CDMS-13-6B-ASUMO-CorrEtiq.txt,0.0,0.0,0.0,0.1789890995061288,-0.4602286208815018,-0.38788461336248,-0.4650952003124925,1.2605997844445471,0.0,0.08193352146990063,0.19047619047619047,0.7044461436868794,-0.10597679014985717,-0.17908613669632728,0.9393080255374916
CDMS-13-6B-JDTAHE-CorrEtiq.txt,0.0,0.0,0.0,0.144616579061637,0.21780723143466652,0.20460727405515938,0.12341403031637735,-0.1271898966868214,0.0,-0.3348822783040585,-0.07339449541284404,-0.1636610209552767,0.36123109844351425,0.2326220526571907,-0.15050452382997487
CDMS-13-7C-MVEAR-CorrEtiq.txt,0.0,0.0,0.0,0.5387706461276378,0.3731823318677827,0.16802115956378408,0.19020741350658896,-0.3648240978067575,0.0,-0.39027676877312084,-0.32710280373831774,-0.2888277557154195,0.5267486733633447,0.3389220607019091,-0.40086503729065415
CDMS-13-7C-RAIZAC-CorrEtiq.txt,0.0,0.0,0.0,0.21433550265323917,-0.09089765626225786,0.062212404075773664,-0.16549088239576779,0.35770810537751463,0.0,-0.25786574052700295,-0.4077669902912621,0.29391817412294186,0.21603276065703927,-0.11062720822832618,0.27447482252017763
CDMS-13-7C-SSOSLO-CorrEtiq.txt,0.0,0.0,0.0,0.608632669889574,0.32322447487497213,-0.36406783469109666,0.14456524977023824,0.4255876435532169,0.0,-0.14558251876185632,-0.3359375,0.26058340234905375,0.1935043572137199,-0.05388766919095231,0.3173926632378317
CDMS-14-10A-IMORTO-CorrEtiq.txt,0.0,0.0,0.0,0.29830745404792663,0.04571876609993143,-0.2347981493029351,0.04771340831015802,0.11857902298874394,0.0,0.20122806070079635,-0.6285714285714286,0.6435626359052032,-0.08633939504732693,-0.7173913793204556,-0.03433096224565836
CDMS-14-10A-JCVANI-CorrEtiq.txt,0.0,0.0,0.0,0.5575644370175016,-0.08582602203717546,-0.09084371267249021,-0.1860171736479053,0.41969733260658393,0.0,-0.1428401587018443,-0.40611353711790393,0.35981952703477,0.11557929345031023,-0.21381207672951652,0.24320120524922828
CDMS-14-6B-KDCAHE-CorrEtiq.txt,0.0,0.0,0.0,0.04170743924314063,-0.38852627514153354,0.2036099336529709,-0.3915276756822393,0.37274158953923536,0.0,-0.05617922501656703,0.15151515151515152,0.2798588307639444,0.03903813040964269,0.005281654572472515,0.22185422772041102
CDMS-15-10A-AMALOS-CorrEtiq.txt,0.0,0.0,0.0,0.17038053961629665,-0.02674846238976987,0.15612263077363253,-0.07989454050484614,-0.002298511433628491,0.0,-0.17654077590593964,-0.4913294797687861,0.3431593943053079,0.17842230284066624,-0.2610910940516865,-0.017650659061842676
CDMS-15-10A-JJMACH-CorrEtiq.txt,0.0,0.0,0.0,0.24065111763271874,0.025629647503405517,-0.10451038756960561,0.028909063863736515,-0.004467369710929393,0.0,0.08329591905385968,-0.6826923076923077,0.6051494975810319,0.0006599187307311244,-0.6330865761450274,-0.11618904591800522
CDMS-15-10A-MAALCA-CorrEtiq.txt,0.0,0.0,0.0,0.1762439941130404,0.8389475268156924,-0.13357119476413784,0.7656333114138452,-0.12135731160998889,0.0,-0.2816399340774824,-0.31932773109243695,-0.23427519417605677,0.27419766451624755,0.02608750210277374,-0.12252235304103513
CDMS-15-10A-MAALRI-CorrEtiq.txt,0.0,0.0,0.0,0.22578729362441335,-0.1907814910734149,0.2468643713017299,-0.17968276126901103,-0.06348303621362485,0.0,-0.04564011315400318,-0.4777777777777778,0.3331672698290912,0.15351438308480153,-0.29430180330371464,-0.04347566602886275
CDMS-15-10A-SGOMO-CorrEtiq.txt,0.0,0.0,0.0,0.4246678658550319,0.3798990379716671,-0.18375063698565922,0.20662620432114542,-0.24355664142371236,0.0,0.002318932982761789,-0.39215686274509803,0.22019506601101996,0.06484776909476646,-0.2915810320357936,-0.25003363298504305
CDMS-15-10A-SHEGA-CorrEtiq.txt,0.0,0.0,0.0,0.885937953958577,-0.006492766246618538,0.01698363599603763,-0.1842291709803316,0.02158843384498292,0.0,-0.16276922818925332,-0.3163265306122449,0.07967999921826062,0.3402652375050518,0.08895770204290054,-0.07464733538647803
CDMS-15-11B-JEMOLO-CorrEtiq.txt,0.0,0.0,0.0,0.9413320160453974,-0.22319365177563769,0.3164843740832417,-0.3332342504182939,0.23525644792490677,0.0,-0.42696408790660195,-0.19,-0.08161935542430304,0.5668800676483567,0.33144732950834166,-0.1033145924173902
CDMS-15-11B-VSAHO-CorrEtiq.txt,0.0,0.0,0.0,0.12328398914548926,0.10748555096487342,0.2725265772090753,0.11523995528183681,-0.13238778306375298,0.0,-0.1804468709963329,-0.4452054794520548,0.0690505922076113,0.2437904876444177,-0.1498800667261125,-0.12956652060886212
CDMS-16-10A-SGALO-CorrEtiq.txt,0.0,0.0,0.0,-0.015257235196848934,-0.139339468448509,-0.14420390426525484,-0.13958403391182314,0.19731984204998265,0.0,0.22674337176517503,-0.7254901960784313,0.9640448247134383,-0.1234777628781715,-0.858564294747525,0.2100153859898122
CDMS-16-11B-NGABE-CorrEtiq.txt,0.0,0.0,0.0,0.16394691375454554,0.34006515849370134,-0.06986498498856072,0.3386430168207692,0.12015718344252997,0.0,-0.18836243044840228,-0.47468354430379744,0.2250031884453478,0.2158501043145335,-0.23277278680659275,0.02545166462093464
CDMS-17-10A-ASSAMO-CorrEtiq.txt,0.0,0.0,0.0,0.43492660028000923,-0.24731251946199245,-0.26097555207549833,-0.2488883301207257,0.3079220333053977,0.0,0.13357001515766678,-0.6097560975609756,0.8447880978258078,-0.1436261706398752,-0.7363647165598165,0.18062839302990102
CDMS-18-7C-VVECA-CorrEtiq.txt,0.0,0.0,0.0,0.8906830479079857,-0.20141897376315843,-0.1404975389670766,-0.20538584227770454,0.25365462577706316,0.0,0.060508413268609416,-0.6235955056179775,0.5562599052066833,0.0228086918902343,-0.5238756350404279,-0.003141242658752191
CDMS-8-4A-DBEVA-CorrEtiq.txt,0.0,0.0,0.0,-0.043372661011134336,-0.12563672124941783,1.3189024352847845,-0.1082984651743327,-0.5254183741649933,0.0,-1.13900400059115,0.75,-1.0884276058333018,0.9502170591450311,0.8732078365545063,-0.42285071056536994
CDMS-8-4A-DJAVDA-CorrEtiq.txt,0.0,0.0,0.0,0.08426673679925234,-0.5824879285231715,0.4674955626960791,-0.5866611604520245,-0.5213450739822759,0.0,0.44663813778962297,-0.17391304347826086,0.1290821678839934,-0.1900168844938263,-0.2736185738695753,-0.531691734977828
CDMS-8-4A-DOSTR-CorrEtiq.txt,0.0,0.0,0.0,0.6423077149376638,-0.16420661149513305,0.3943687877830048,-0.15924976031270938,-0.15017836887900726,0.0,-0.3806038012801997,-0.3389830508474576,-0.23338099711134058,0.3389657647645249,0.18368825891400412,-0.20414201568006146
CDMS-8-4A-LGOPA-CorrEtiq.txt,0.0,0.0,0.0,0.17115881756643317,0.10789034163204185,-0.16836383520602619,0.11304362068918833,-0.003319938277804061,0.0,-0.03403478135666023,-0.011627906976744186,0.20802408514098522,-0.012349675464775911,-0.13160938152078686,-0.006048002131283507
CDMS-8-4C-JDBUTU-CorrEtiq.txt,0.0,0.0,0.0,0.7350775325372934,-0.04283341050485085,0.7291404854171715,-0.30260772636006766,0.1787745990066969,0.0,-1.1179524110630144,-0.15384615384615385,-0.5337536187536052,0.8968614781942091,1.0232803258446876,0.2668027577852314
CDMS-9-4A-ACDUTR-CorrEtiq.txt,0.0,0.0,0.0,0.4319532066382901,0.14803007906854257,0.2189830193412504,0.14182272402830418,-0.5228769819813609,0.0,-0.19712151648886733,0.07692307692307693,-0.23636458216926484,0.2939050582852437,0.28327683473114945,-0.5373416218643194
CDMS-9-4A-CARGA-CorrEtiq.txt,0.0,0.0,0.0,0.31935641317878,0.04384341213219017,-0.28032277844717784,0.04092067109840193,-0.050957952436936765,0.0,0.25807142157310714,-0.2601626016260163,0.3210229996706511,-0.2790581603308928,-0.458807074244311,-0.03030247768754153
CDMS-9-4A-CRAAG-CorrEtiq.txt,0.0,0.0,0.0,1.7983538822136513,0.38895188967137007,-0.04002847162991216,-0.12644269492781474,-0.5850110734232333,0.0,-0.1407132458176294,-0.3111111111111111,-0.22485118026951684,0.404883859772292,0.25733419429668264,-0.6182049455388637
CDMS-9-4A-EROHI-CorrEtiq.txt,0.0,0.0,0.0,0.5739731872161319,-0.11060042255512835,0.18908851057894244,-0.09694626370360576,-0.1527302440964767,0.0,-0.17088255347974746,-0.25,0.031151083908664265,0.17258355530094963,-0.10386476302812236,-0.202456419276274
CDMS-9-4A-ILOSE-CorrEtiq.txt,0.0,0.0,0.0,0.3237950712470261,-0.11829925889727583,-0.24481544702298236,-0.11882974885895559,0.1151292779950597,0.0,0.18967713143497222,-0.5321637426900585,0.7783984153012499,-0.1842531451487958,-0.7147603780127254,0.11277292966209027
CDMS-9-4A-TGAFR-CorrEtiq.txt,0.0,0.0,0.0,-0.11993040463017841,-0.21886149534327531,0.19334253324605977,-0.21451487846602144,0.20915851994272466,0.0,-0.041278423300516995,-0.023809523809523808,0.20798035120645847,0.06593729241579825,-0.036716438380012914,0.2740935319275817
CDMS-9-4C-SCAMO-CorrEtiq.txt,0.0,0.0,0.0,0.23004949039101877,-0.027064467699720225,-0.13102026763674274,-0.025742781977281064,0.02228996849885175,0.0,0.1959884195412361,-0.4972972972972973,0.6054452586205382,-0.10710263535777766,-0.6302432202230077,-0.03421399404488137
CDMS-9-5A-ABERO-CorrEtiq.txt,0.0,0.0,0.0,0.6746396401154312,0.267461906109708,0.5201687849000709,0.1848435437534694,-0.024592787428977858,0.0,-0.7621654844601369,-0.30845771144278605,-0.7261803201504401,0.785004131678607,0.8114449363092897,-0.13958115323726972
CDMS-9-5A-VVAAR-CorrEtiq.txt,0.0,0.0,0.0,0.10699969509582094,-0.13204356357420816,0.04721125417429451,-0.19475437031343626,0.005026701993655055,0.0,0.17611997238025046,-0.45,0.5269766107378447,-0.05927475457609039,-0.5230937813359792,-0.0349113110258477
CDMS-9-5C-JDMADE-CorrEtiq.txt,0.0,0.0,0.0,0.7927980374576247,0.03759687667467431,0.28360755470999305,-0.0934556952681935,0.008081162377564287,0.0,-0.3867969477879781,-0.37554585152838427,-0.01281423221244268,0.4543271842328555,0.1567160266982647,-0.14666107515256752
CDMS-9-5C-LVIZAC-CorrEtiq.txt,0.0,0.0,0.0,0.7554136684937903,0.09380531119467557,0.3658892336622804,-0.05671107516916575,0.2165901033181874,0.0,-0.7326660372123276,-0.17098445595854922,-0.4990365032987006,0.7622641906069476,0.6667843234967531,-0.06406600464267978
CDMS-9-5C-MLOGO-CorrEtiq.txt,0.0,0.0,0.0,0.9199526653139083,-0.3269990887907409,0.01663359842202999,-0.3563792056697422,0.5417878621526778,0.0,-0.17648467480242352,-0.31932773109243695,0.10759190852877769,0.1808126015323481,0.04843223600321423,0.2090488860653781
CDMS-9-5C-SCAAG-CorrEtiq.txt,0.0,0.0,0.0,1.3984058012682234,1.11409352248888,-0.7677020209108104,0.4900371360756435,0.6371178965157634,0.0,-0.4762335878211566,-0.08,-0.2988111380422315,0.40274319251317015,0.4769450006014071,-0.02194989576683841
CDMS-XX-10A-VGILO-CorrEtiq.txt,0.0,0.0,0.0,-0.004635804801524031,-0.0009337614499701443,0.20409052735811375,-0.0007150466612729064,-0.149009821455189,0.0,-0.12143128012465329,-0.5158730158730159,0.4996775057438279,0.15216719902706255,-0.4259558239769216,-0.14966091991177796
CDMS-XX-5C-MPCAQU-CorrEtiq.txt,0.0,0.0,0.0,0.14971383389549103,0.09155963115550404,-0.11045599527117492,0.10119096702119561,0.0346559208006656,0.0,-0.030132293458127048,-0.4207650273224044,0.31089779961958736,-0.0032666833712993388,-0.31169568508040835,-0.02699083495199248
CDMS-XX-6B-SPUCA-CorrEtiq.txt,0.0,0.0,0.0,0.5873631680674931,0.2346497267420393,-0.3156383885588461,0.13989377615805235,-0.30649624152072774,0.0,0.055893543854050695,-0.6042780748663101,0.42397173274205546,0.031380315297571466,-0.4836861538769854,-0.3242977611826377
CSO-10-4A-KCOMO-CorrEtiq.txt,0.0,0.0,0.0,0.19804869511056167,-0.054034318956785794,-0.07631152872085087,-0.05481478003986632,-0.0264524756063444,0.0,0.0949741834790644,-0.4672897196261682,0.6222800209121283,-0.06607395704290375,-0.5803279813024387,-0.009497920346807355
CSO-10-4A-LRAVI-CorrEtiq.txt,0.0,0.0,0.0,0.08283994040372127,0.2809358387729461,-0.23428755712211477,0.28083454010479963,-0.2000446692709209,0.0,0.050644727273542474,-0.5454545454545454,0.5115965942446007,-0.007972063239232486,-0.5705419674091403,-0.20152362946208877
CSO-10-4A-LSCAVA-CorrEtiq.txt,0.0,0.0,0.0,0.20749600690738812,0.09267135416525933,-0.20866593288633117,0.09058182987540903,0.11211353218283036,0.0,0.09241707322197362,-0.515625,0.49895855871795436,-0.013567760518837511,-0.5190732202519387,0.006879140861172712
CSO-10-5A-ACAVA-CorrEtiq.txt,0.0,0.0,0.0,-0.040253212353346536,-0.07421603864200715,0.0004962034694242562,-0.07291171609287508,-0.15823577660247393,0.0,-0.007196630332861773,-0.18478260869565216,0.3572318189621403,-0.017944133275014998,-0.22675893558809276,-0.1528593290412217
CSO-10-5A-ARACA-CorrEtiq.txt,0.0,0.0,0.0,0.7591020332118164,-0.03887282441341422,-0.1451089547129881,-0.13687006947015834,0.30072060251730776,0.0,-0.1489254802128298,-0.4810126582278481,0.18891221465001168,0.0973879040304002,-0.14472110094467638,0.016857550882306567
CSO-10-5A-DABRZA-CorrEtiq.txt,0.0,0.0,0.0,0.5723413909203469,0.3009228887497849,0.25826604396247116,0.14895194942673887,0.03497956169092518,0.0,-0.5562414099574047,-0.3155080213903743,-0.22994993546572065,0.561800218699693,0.38163325755666694,-0.05211217996854355
CSO-10-5A-GZAMA-CorrEtiq.txt,0.0,0.0,0.0,0.21938243057163376,-0.2969668903527886,-0.06597160949736905,-0.29760248644150356,-0.018573139934159634,0.0,0.32627495636003023,-0.38636363636363635,0.6634876788760139,-0.2581863094849957,-0.6175943734206046,-0.03366529495594477
CSO-10-5A-IPECA-CorrEtiq.txt,0.0,0.0,0.0,0.14277322748184682,-0.10060816316021386,0.025304873390241647,-0.10082086941957866,0.18969480939664843,0.0,-0.015302865045433546,-0.4666666666666667,0.49250005351435666,-0.0063153220822805434,-0.442440720985995,0.18921351952779236
CSO-10-5A-JANORO-CorrEtiq.txt,0.0,0.0,0.0,0.5150720775553348,-0.02631624511393904,-0.26803782741347054,-0.02702744083654182,0.10986954076445121,0.0,0.07978522198842486,-0.5117647058823529,0.6283204734439017,-0.05277833725512081,-0.549345407898531,-0.02680594424372994
CSO-10-5A-JBUVE-CorrEtiq.txt,0.0,0.0,0.0,0.4262224923277499,0.2859963486212515,0.4336843937725537,0.20636584257117818,0.04049324762149076,0.0,-0.653197474056306,-0.4,-0.36546568359403536,0.6812562235351892,0.40547257091616856,-0.1386698557454969
CSO-10-5A-JJSEMO-CorrEtiq.txt,0.0,0.0,0.0,0.4508890117707194,0.3891235716406488,0.021433694275175504,0.2447612352064161,-0.02518032442914915,0.0,-0.31241283642538664,-0.21153846153846154,-0.07520745886276163,0.4329258102221955,0.24820236636883072,-0.05046207346297364
CSO-10-5A-JLCARI-CorrEtiq.txt,0.0,0.0,0.0,0.6133990596215186,0.6614781923486621,-0.050401357870906084,0.4718595614031873,-0.11569089524547509,0.0,-0.4014256501457622,-0.33035714285714285,-0.25561863014174774,0.46499182484387,0.24294206769830937,-0.18537191996856914
CSO-10-5A-MAARAN-CorrEtiq.txt,0.0,0.0,0.0,0.30344014894469473,-0.16251801008040526,-0.31538853690136476,-0.164775760718473,0.18960163136686667,0.0,0.23106187897801134,-0.4270833333333333,0.6204984140287654,-0.213022674711131,-0.5753047252650018,-0.038238764297739536
CSO-10-5A-RVMOIB-CorrEtiq.txt,0.0,0.0,0.0,0.39880355515559557,0.14358744475063598,-0.11274684044497814,0.08847195099439814,-0.10581802380645265,0.0,-0.05230420387080697,-0.4482758620689655,0.3893704083330952,0.09367222337376022,-0.3389703156626097,-0.08240732239635085
CSO-10-5A-SVHEES-CorrEtiq.txt,0.0,0.0,0.0,0.22408153214885296,0.05054832401002807,0.3292180332384289,0.03674980688904724,-0.3436821085927397,0.0,-0.22429862111588167,-0.30687830687830686,-0.06447787042385446,0.30286712511658215,0.02041415105459191,-0.3234394475010577
CSO-11-5A-MDVOSPE-CorrEtiq.txt,0.0,0.0,0.0,0.47369475411038037,0.01889120160128159,-0.2756357187316536,-0.06612771781585532,0.4239846942919195,0.0,-0.06515475591194102,-0.4866666666666667,0.5453387060007864,0.05641138672954268,-0.4103670379814885,0.1987345113744872
CSO-11-5A-MTAGA-CorrEtiq.txt,0.0,0.0,0.0,-0.032017418671220974,-0.2897857532594968,0.17036545486356508,-0.29042830714719475,0.028592789097667316,0.0,0.037601799734085735,-0.25925925925925924,0.6368243191523109,0.0084001809351436,-0.4263751775168323,0.042803607293024785
CSO-11-6A-CAPAMU-CorrEtiq.txt,0.0,0.0,0.0,0.4696538811408269,0.21225263368696223,-0.2876897874711833,0.16197093882467298,0.15927412542775463,0.0,-0.08231243953453934,-0.2616822429906542,0.2116640824284257,0.13695774733696897,-0.14621237581652755,0.1359078315774445
CSO-11-6A-DSCACH-CorrEtiq.txt,0.0,0.0,0.0,0.0937397215587574,-0.05391771405198483,-0.15872421671429462,-0.05131118962805505,-0.13468176340536872,0.0,0.3157441250115072,-0.5061728395061729,0.6435836719434564,-0.23380035474204977,-0.7190309470887907,-0.147610487382414
CSO-11-6A-EROMO-CorrEtiq.txt,0.0,0.0,0.0,0.19358355895406448,0.1479193122804254,-0.09794703923103856,0.1508608730993636,-0.19019947061560274,0.0,0.017403244847343013,-0.5459770114942529,0.5271140104015245,0.017654301423445068,-0.5387946802164795,-0.19733458389833422
CSO-11-6A-FSOVRE-CorrEtiq.txt,0.0,0.0,0.0,0.4654417306475815,0.4284244203350556,-0.24723353759187586,0.27343720607252187,-0.05513787584847466,0.0,-0.04966755507768206,-0.125,0.10269158694760978,0.1847482896365135,0.03008123451716396,-0.09417535520859367
CSO-11-6B-ANREVA-CorrEtiq.txt,0.0,0.0,0.0,-0.03173524150062027,0.1566105744011921,0.0012958096076905045,0.15842669059800715,-0.25505912491286087,0.0,0.13260464555110807,-0.5,0.38530733554091595,-0.0967029613351589,-0.5266468954427653,-0.25982336302775316
CSO-11-6B-DISEMO-CorrEtiq.txt,0.0,0.0,0.0,0.2983844063948168,-0.21912252414583633,0.20803284034628142,-0.21912252414583633,-0.1840497435932254,0.0,-0.1926927200086233,0.30303030303030304,0.3234484768140749,0.07251991191945595,-0.04325734883087287,-0.20031768518913107
CSO-11-6B-LHFDLACH-CorrEtiq.txt,0.0,0.0,0.0,0.9722682049027258,0.36521774595031953,-0.20373690000494826,0.22623388021217541,-0.052714148244743735,0.0,-0.21765236086857273,-0.4573170731707317,0.041895567386238244,0.3854019094248598,0.02208877045995284,-0.20090514179801303
CSO-11-6B-RJGIHE-CorrEtiq.txt,0.0,0.0,0.0,-0.0690828332233518,-0.40024718743791887,0.8413339618761367,-0.4010646974603266,0.010443569206777723,0.0,-0.3939214043334832,-0.21739130434782608,-0.15371871764693043,0.3185290881914501,0.16913280158394253,0.04377224573888214
CSO-11-6B-SFLVA-CorrEtiq.txt,0.0,0.0,0.0,0.583684932533223,0.5762446987589449,-0.35021283440728695,0.38657906240212064,-0.1288318962221888,0.0,-0.16120245079986825,-0.47692307692307695,0.2312273816479553,0.2891980625116759,-0.13559304679143186,-0.08334583349941792
CSO-11-6B-VCOMA-CorrEtiq.txt,0.0,0.0,0.0,0.7368281590314978,0.051970030117483364,-0.14339983830164996,-0.07003026194069743,0.1811619663740884,0.0,-0.08090040669607172,-0.453125,0.3489054451665183,0.1630711055444347,-0.24522391334154517,0.13909008712739881
CSO-12-6A-DGISE-CorrEtiq.txt,0.0,0.0,0.0,-0.018791340846542052,0.4721422718148934,0.15514771516940526,0.47768052474057826,0.052794304001294534,0.0,-0.3961566225080288,-0.025,-0.15041077826614777,0.5397101361973649,0.38193476822427985,0.002592989858953737
CSO-12-6A-FJOVRE-CorrEtiq.txt,0.0,0.0,0.0,0.43241672260158487,0.08807837593933684,0.6111542959167147,-0.03770914794979577,-0.14956515506447624,0.0,-0.5887209756494708,-0.1069182389937107,-0.4836062983703293,0.7381904642349559,0.6642022338195144,-0.15485757574048675
CSO-12-6B-GQULO-CorrEtiq.txt,0.0,0.0,0.0,0.14224715936178906,0.07676644966767371,0.09517463812080199,0.08295039538133706,0.15822684847102828,0.0,-0.1619454888691804,-0.47337278106508873,0.2166123386476871,0.19017685273009977,-0.2035537990173172,0.11215848849367514
CSO-12-6B-LJHEFE-CorrEtiq.txt,0.0,0.0,0.0,0.24421296632060074,-0.04424422704593936,0.10506360342863177,-0.12488321729817835,0.03092962797789322,0.0,-0.17552878191735016,-0.2694063926940639,0.1195446887728341,0.21900965250879617,-0.029143284443699565,0.0014558144679086625
CSO-12-6B-VPAMA-CorrEtiq.txt,0.0,0.0,0.0,0.0,-0.2953952556161415,0.9297002265674372,-0.2953952556161415,-0.24964451750498076,0.0,-0.3634368356548615,-0.3888888888888889,-0.14728480729324678,0.521484895805317,0.13468564110655126,-0.24949646065105213
CSO-12-7A-DALRE-CorrEtiq.txt,0.0,0.0,0.0,1.253530410802606,-0.337850920282164,-0.6518056438284171,-0.3370376330307015,-0.41980906153782155,0.0,0.5552440308848134,-0.25925925925925924,0.36938358254774656,-0.6171635387467633,-0.5686152759196522,-0.4456792050840345
CSO-12-7A-ESALA-CorrEtiq.txt,0.0,0.0,0.0,-0.019457919215782,-0.06247958148176931,-0.03649597497644727,-0.06264795466647236,-0.08352968187164614,0.0,0.14990042201233547,-0.6826923076923077,0.7615582755688544,-0.13799123837520366,-0.8210706864324054,-0.08565307535227619
CSO-12-7A-IMERO-CorrEtiq.txt,0.0,0.0,0.0,0.34165465590898136,-0.08789969778285857,-0.02275768215253122,-0.0891980023284928,-0.06469584175086131,0.0,0.030661747163777932,-0.3225806451612903,0.2176945685704643,-0.004921658068351302,-0.266250969090118,-0.10669456249496607
CSO-12-7A-JHEZA-CorrEtiq.txt,0.0,0.0,0.0,0.43756124384122846,0.14071336180391592,-0.18552278695185437,0.10306573341102598,0.1838607220821236,0.0,-0.08023788162192913,-0.5260663507109005,0.35065843090199855,0.09861615505400463,-0.36611202215784805,-0.02794356195004506
CSO-12-7A-LSARAR-CorrEtiq.txt,0.0,0.0,0.0,0.2713671400776668,-0.2841275175852503,0.4257247407598708,-0.28496995823536775,-0.25543527571163427,0.0,-0.15230565169876562,-0.3,0.22689337013994673,0.3031416586537607,-0.10362756335750173,-0.2613946565522617
CSO-12-7A-SCAHO-CorrEtiq.txt,0.0,0.0,0.0,0.4198096013059281,-0.1043523770406318,-0.14276316798992056,-0.10276025458002201,0.13996439849457523,0.0,0.09601992099258057,-0.4148936170212766,0.5586422428544364,-0.07541599416068076,-0.48182291701552754,0.15506029349289507
CSO-12-7B-DVAGRO-CorrEtiq.txt,0.0,0.0,0.0,0.1856863470972479,0.08145177561234178,0.5065331459338311,-0.07341923469424533,0.02219901610808046,0.0,-0.5110740172309626,-0.33088235294117646,-0.185721827297039,0.5222902275480815,0.30049434381046913,-0.02817275055549485
CSO-12-7B-SMUGU-CorrEtiq.txt,0.0,0.0,0.0,0.5237320372302501,-0.1140018820645743,-0.1059711827733799,-0.2306660965720942,-0.14385379857973382,0.0,0.07922716493910671,-0.21782178217821782,0.3980945343260705,-0.019081673399837837,-0.28031511331792114,-0.2554912852317876
CSO-12-7B-SSARA-CorrEtiq.txt,0.0,0.0,0.0,0.5241360140554265,0.24529887803667244,-0.11972240482730138,0.09796552735370923,-0.05493888307245073,0.0,-0.03872174909595001,-0.4835680751173709,0.2783515795674167,0.12808063489548016,-0.2899243808627985,-0.07654579621442634
CSO-12-7B-VHOMA-CorrEtiq.txt,0.0,0.0,0.0,0.09953559023877113,0.1757154932826314,-0.1489097260111193,0.180050500698446,0.2821896708546151,0.0,-0.03891353975865346,-0.544,0.5034726650801264,0.04220392812228087,-0.4410299621389152,0.27235520361277255
CSO-12-8A-YTOME-CorrEtiq.txt,0.0,0.0,0.0,0.05048249160481305,0.44924135749712724,-0.2789106297703411,0.4072029943764058,0.11887207149219624,0.0,-0.16976974490312266,-0.43548387096774194,0.20637527496659747,0.08957036529359667,-0.2041255347945203,0.10576452974287676
CSO-13-6A-ANASA-CorrEtiq.txt,0.0,0.0,0.0,0.1483164465649558,-0.0844011286815162,-0.1762272173439291,-0.14778905068193618,0.15619358911750741,0.0,0.16945838578393924,-0.4896907216494845,0.7696755559755224,-0.12711846842697302,-0.6643928549916617,0.15148102199191965
CSO-13-6B-JETAVE-CorrEtiq.txt,0.0,0.0,0.0,0.3927344683974386,0.3746954261759049,-0.2168862378913567,0.23753339493155132,0.012364586892274949,0.0,-0.06078275801286175,-0.25287356321839083,0.3500554735581012,0.21242808849309303,-0.14127449965672895,-0.02037011031629308
CSO-13-6B-LFMIES-CorrEtiq.txt,0.0,0.0,0.0,-0.016365399850974675,0.08331300899289287,-0.20832357973787907,0.08331300899289287,0.14611546900348893,0.0,0.10263657214381727,-0.06060606060606061,0.7884996911807639,-0.153117258166335,-0.5738414178603184,0.12182080797273766
CSO-13-6B-LJMAHU-CorrEtiq.txt,0.0,0.0,0.0,0.18114136690218532,0.5456081290510146,-0.12355138919028552,0.5453996544177484,-0.3502235553449079,0.0,-0.1205736469737018,-0.2459016393442623,-0.010390549662220465,0.1179326809080348,-0.13877471046669287,-0.3329295803291546
CSO-13-7A-CAPAMU-CorrEtiq.txt,0.0,0.0,0.0,0.4068905417292319,0.1626803471474732,-0.23706668734486844,0.08984141915299679,0.06969573659508022,0.0,0.04060925267672397,-0.3,0.3022639364017913,-0.029508224669555907,-0.2779745480928915,0.00821875707508668
CSO-13-7A-CDDITR-CorrEtiq.txt,0.0,0.0,0.0,0.07719748154346365,0.11802902022201613,-0.4152837437828225,0.11740444888903408,0.3461996170047912,0.0,0.18169017072743932,-0.2261904761904762,0.47066244834539844,-0.22052540986243746,-0.43956565748655185,0.3573408928252701
CSO-13-7A-JJATFL-CorrEtiq.txt,0.0,0.0,0.0,0.6160086121418359,-0.010252867865846168,-0.2411637725482058,-0.010596974544100194,0.4941103331172511,0.0,0.0671505386673857,-0.40384615384615385,0.5734074550813005,0.05543459378811608,-0.3389139718934237,0.07778575831328151
CSO-13-7A-KRAMA-CorrEtiq.txt,0.0,0.0,0.0,-0.06084040099541115,0.198367669001553,0.18862427782373342,0.19581696383697644,0.15948942472333869,0.0,-0.1951484450799211,-0.21428571428571427,0.04453110699329605,0.21908341377035775,-0.030406850990291445,0.2228250283295023
CSO-13-7A-RXCHLU-CorrEtiq.txt,0.0,0.0,0.0,0.581747864393072,0.2337416731184837,-0.412271967519995,0.2331462763988107,-0.22746118508172314,0.0,0.3031903234954388,-0.384,0.3066758855031085,-0.1350477535072021,-0.45910583389765847,-0.20406558565376123
CSO-13-7A-YAMEZA-CorrEtiq.txt,0.0,0.0,0.0,0.42102546910155275,-0.004952523795000569,-0.23207733382594797,-0.003575415772295441,0.05160052324635039,0.0,0.03694775947545823,-0.4573002754820937,0.4654662467040507,0.017100970064245703,-0.42350088601139396,-0.0601428567220235
CSO-13-8A-KIGAGU-CorrEtiq.txt,0.0,0.0,0.0,0.6215940724139396,0.1551492340384481,0.4755010454967924,0.060175417617890914,0.074321157837956,0.0,-0.6449155480069921,-0.3333333333333333,-0.3031637863389735,0.7007097184729455,0.4150569592461415,-0.07648006016162627
CSO-13-8A-MBUAN-CorrEtiq.txt,0.0,0.0,0.0,0.0,-0.21804823026915554,-0.2510710126937558,-0.21804823026915554,0.4573549810963073,0.0,0.13981389029960276,0.3225806451612903,0.9463178295243612,-0.03479972141070819,-0.20441972315043314,0.4729850239148056
CSO-13-8A-MGAAN-CorrEtiq.txt,0.0,0.0,0.0,0.22182648146168482,-0.07733848414205066,0.05593456858795481,-0.07853471244098602,0.02273775461520653,0.0,-0.05866560109806502,-0.5340909090909091,0.5439844684078838,0.07779785946456276,-0.4935441788484259,-0.06298749166512674
CSO-13-8A-MGAHE-CorrEtiq.txt,0.0,0.0,0.0,0.13826612018678597,0.2938307391235115,-0.27442549140250566,0.23047320092914297,-0.1483475175289225,0.0,0.24150717338406713,-0.4855769230769231,0.44194521450181556,-0.14391935223077088,-0.5653434758696377,-0.17029639504756006
CSO-13-8A-MJAGA-CorrEtiq.txt,0.0,0.0,0.0,0.45067668847223413,0.2226059916969331,0.09098620510799105,0.043133139754450704,0.16416980960715277,0.0,-0.32804696446852655,-0.3333333333333333,-0.057384558759146415,0.3686657502695066,0.1998804696583544,0.10361353166773364
CSO-13-8A-VHODU-CorrEtiq.txt,0.0,0.0,0.0,0.3817644044731141,0.19121240293139716,-0.1508726947803314,0.11711636892546824,0.15274194298493726,0.0,-0.10519497482349624,-0.535031847133758,0.43822334029160703,0.12786075704535485,-0.3900151700107176,0.1060080818035654
CSO-13-8B-FCJISA-CorrEtiq.txt,0.0,0.0,0.0,0.23316226457043251,0.07053841178230774,-0.16490188446163573,0.07038108282983234,0.0596348225152233,0.0,0.14475967013308152,-0.5108695652173914,0.6133360254710104,-0.11515143877030186,-0.6090684111506227,0.05066261774887232
CSO-13-8B-JEMABE-CorrEtiq.txt,0.0,0.0,0.0,0.749020274824618,0.21695074514414664,-0.37338782691045397,0.12785305557363855,0.2714700540794387,0.0,-0.04699511659720651,-0.14754098360655737,0.1526645096066082,0.008775100793745204,-0.007040205269047498,0.028914277800254767
CSO-13-9B-DMLLLU-CorrEtiq.txt,0.0,0.0,0.0,0.21571423043945956,-0.2092597008628037,0.7459217119365945,-0.21212621962126946,-0.20567150236023163,0.0,-0.6839159255583024,0.05084745762711865,-0.3267347615476576,0.84435729730841,0.6482668251678575,-0.22608834967607008
CSO-14-7A-MVEBE-CorrEtiq.txt,0.0,0.0,0.0,0.0,-0.07257314804836561,-0.06999242273874577,-0.07257314804836561,-0.07272113858863782,0.0,0.14573111827078558,-0.8333333333333334,0.9451635855220754,-0.0891623346443788,-0.9933128402424036,-0.07267317843008682
CSO-14-7B-EALHU-CorrEtiq.txt,0.0,0.0,0.0,0.21550700375043694,0.5868445802900499,-0.22693978198617235,0.5868445802900499,-0.2133317974437226,0.0,-0.2101032918433482,0.3333333333333333,0.11351615326181112,0.1871573247710692,0.37991311669978023,-0.2430603587058854
CSO-14-7B-EVEGO-CorrEtiq.txt,0.0,0.0,0.0,0.18759083752582842,0.03297340488908702,-0.17152197632787491,0.006220719375256306,0.023044029746420867,0.0,0.09077744634415344,-0.4971751412429379,0.548796563115877,-0.07274440206986227,-0.5456413783332444,0.028462503934756134
CSO-14-8A-AQUMA-CorrEtiq.txt,0.0,0.0,0.0,0.18540507281465032,-0.19883569615343338,-0.2734953226128685,-0.1994960276450713,0.004154724991302817,0.0,0.2943895302609331,-0.36585365853658536,0.6192352853622494,-0.27396547772091145,-0.6465966873907687,-0.08575425010707355
CSO-14-8A-MCIDOS-CorrEtiq.txt,0.0,0.0,0.0,-0.1498119574187927,0.9332603123405188,0.09143831136815701,0.988915303345932,-0.5300230327585,0.0,-0.682601881623003,-0.2631578947368421,-0.8168624597834533,0.6325218111608072,0.5343913410936377,-0.547029981158826
CSO-14-8A-SZARA-CorrEtiq.txt,0.0,0.0,0.0,0.38922846653157583,0.29110732087276114,-0.547650426244722,0.2989585507043915,0.13026057842863314,0.0,-0.03141975867102743,-0.25842696629213485,0.2814090176704156,-0.031274806084747225,-0.2558478949569286,0.09061765210402788
CSO-14-8B-JLLORA-CorrEtiq.txt,0.0,0.0,0.0,0.3257301521151707,-0.485688515610659,0.17799268739329677,-0.4883087809835532,-0.047680728824126085,0.0,0.0695028023914125,-0.26881720430107525,0.27955877914799,0.04856796241308855,-0.17288773525156764,-0.06474593082278012
CSO-14-9A-AEDCAGO-CorrEtiq.txt,0.0,0.0,0.0,0.2631929727691968,-0.03148779487438475,-0.23631555989257114,-0.02847994037555573,-0.22616075100002136,0.0,0.15534410421889935,-0.32941176470588235,0.5374502411499029,-0.11922704216011688,-0.51623062794497,-0.2327902699109376
CSO-14-9A-HASACA-CorrEtiq.txt,0.0,0.0,0.0,0.048613484312558526,-0.16892923504365515,-0.039793557326326806,-0.16515440787315322,-0.12086735365853336,0.0,0.11640292249457516,-0.3007518796992481,0.5662915636529038,-0.14619145559913274,-0.5175700784121929,-0.12482235999996139
CSO-14-9A-JSMAAL-CorrEtiq.txt,0.0,0.0,0.0,-0.019034194286620006,-0.05597816452670453,-0.08145439487861553,-0.05551779093344835,-0.011868323507472956,0.0,0.1043872215327795,-0.46534653465346537,0.5937183159730633,-0.09764788605143068,-0.5879475244361557,-0.02340197674534129
CSO-14-9A-MARJA-CorrEtiq.txt,0.0,0.0,0.0,0.19276868353680607,-0.24590696894205497,0.12282695095854085,-0.24631136308563104,0.22597662161676893,0.0,0.07391062758332578,-0.5517241379310345,0.5807389903620372,-0.050865364943781036,-0.5363772590317268,0.21702607383645878
CSO-14-9A-SORZU-CorrEtiq.txt,0.0,0.0,0.0,0.663749951391976,-0.28379150583563556,0.012334883756976583,-0.38880438855490373,-0.10468391584505743,0.0,0.20256574825982537,-0.23008849557522124,0.2946408692612245,-0.05145083315871237,-0.2543591125999459,-0.20041447695863782
CSO-14-9B-ERAGA-CorrEtiq.txt,0.0,0.0,0.0,0.5205555510305373,-0.40416300935238564,0.3803170065254818,-0.4053985574251412,0.14687346577291652,0.0,-0.1385993280691182,-0.3761467889908257,0.19300329834721466,0.21271016653480618,-0.07722751926972873,-0.03723776883058491
CSO-14-9B-MFEGA-CorrEtiq.txt,0.0,0.0,0.0,0.32701702184167325,0.46431082939282087,-0.03201456152153752,0.30519090469853616,-0.24569090227515353,0.0,-0.17082923279416057,-0.32608695652173914,-0.03415050932870686,0.2765445737959564,-0.022192074275444777,-0.2794630934838364
CSO-15-10A-LJRAGU-CorrEtiq.txt,0.0,0.0,0.0,0.008835216116010933,0.3573571023043304,-0.15986821807261575,0.32217855631606734,0.03424115658785818,0.0,-0.11325005371944606,-0.3036649214659686,0.3537533532859571,0.08942361156393382,-0.281090777125014,-0.01621706261856658
CSO-15-10A-MAARLO-CorrEtiq.txt,0.0,0.0,0.0,0.22476109127106378,-0.046137877697078285,0.3540831677599993,-0.03674862233976752,0.37578386244700185,0.0,-0.48898505818516924,-0.13953488372093023,0.047787571648218126,0.3930510240886823,0.2519429913779282,0.3513008704283719
CSO-15-10A-SFEGA-CorrEtiq.txt,0.0,0.0,0.0,-0.009616195838384392,-0.2530029957449573,0.6131164888007709,-0.25336108104723903,-0.21778926943831203,0.0,-0.3254234513660613,-0.3541666666666667,0.22227251409057702,0.4926324112413704,0.07171793332759631,-0.21800088987199917
CSO-15-10B-MEBUAR-CorrEtiq.txt,0.0,0.0,0.0,0.6546533879703017,-0.008180076614606435,-0.2971164205137047,-0.01544873665172416,0.41415557607206227,0.0,-0.10973913612639952,-0.575,0.47234303095254915,0.1560520172289905,-0.3507312727476784,0.032628323211509234
CSO-15-10B-YVBUAN-CorrEtiq.txt,0.0,0.0,0.0,-0.03816291790565655,-0.17732612163986927,0.13954152956699195,-0.17739666505027707,-0.05739326018253648,0.0,0.04662323617171238,-0.3611111111111111,0.3442593051631085,0.04298358958854151,-0.3292666690045578,-0.07198279266640988
CSO-15-10C-ALBAHO-CorrEtiq.txt,0.0,0.0,0.0,0.0,0.0,0.0,0.0,0.0,0.0,0.0,-1.0,1.0,0.0,-1.0,0.0
CSO-15-10C-SSCAMO-CorrEtiq.txt,0.0,0.0,0.0,0.5675926245952961,-0.38787065055208786,-0.03439731288626745,-0.39435893435657693,0.46721307400579803,0.0,-0.08748596357563761,-0.5951417004048583,0.5502598780304709,0.0958055094597641,-0.37579484764324306,0.16777120754788194
CSO-15-11C-JETALO-CorrEtiq.txt,0.0,0.0,0.0,0.5581626456350371,-0.042035162184296135,-0.18690946188325863,-0.1405228587514996,0.27263345651617316,0.0,-0.0603087283067089,-0.39622641509433965,0.34004079777821833,0.09584481121481866,-0.21156833738581668,0.11378064061081765
CSO-15-7B-JCRAGA-CorrEtiq.txt,0.0,0.0,0.0,-0.05243217936195222,-0.3165135429879682,0.19925079062997664,-0.31973129526143745,-0.29327303044544756,0.0,0.2782960793420005,-0.5227272727272727,0.5583515957123274,-0.1798558856318369,-0.7021993674114609,-0.3046089026855247
CSO-15-8A-VBMABR-CorrEtiq.txt,0.0,0.0,0.0,0.3906136199534681,-0.08814127560103528,-0.03410191157111845,-0.20292262761227836,-0.1809960798123478,0.0,0.17570026789170895,-0.3577981651376147,0.39080786261452866,-0.09543597912856852,-0.42630521317585984,-0.1821732159313168
CSO-15-8B-KEPOGO-CorrEtiq.txt,0.0,0.0,0.0,0.0350423588919634,0.015114920387273674,-0.17444936485430437,0.020405010748250563,0.06355767279065723,0.0,0.1247169498072139,-0.5376344086021505,0.6284767811911428,-0.07163609965160316,-0.5880041821314529,0.06920479667355886
CSO-15-9B-ALRIHE-CorrEtiq.txt,0.0,0.0,0.0,0.19126655563694925,-0.10315387846657292,-0.016032057302226427,-0.10392712648045621,-0.005636670410710869,0.0,0.11893072022955106,-0.5941176470588235,0.6118780025690558,-0.08436946076275874,-0.6475969243356425,-0.012878656582341516
CSO-15-9B-AMSAGO-CorrEtiq.txt,0.0,0.0,0.0,0.05505671874140474,0.11084289006106532,-0.19519461591648488,0.11315725612936658,-0.17463425373111144,0.0,0.2736640463144847,-0.6721311475409836,0.7388905590836473,-0.18389160132210067,-0.8242703328736382,-0.1788986392947467
CSO-15-9B-JCAPA-CorrEtiq.txt,0.0,0.0,0.0,0.026092676007197797,0.033937824505490086,-0.08770637405830158,0.03986857608378795,0.26090799658724184,0.0,-0.07944997406027236,-0.375,0.4577595444690769,0.0002083166376319392,-0.3688399620460452,0.22257678683362128
CSO-15-9B-KSBEJA-CorrEtiq.txt,0.0,0.0,0.0,0.25611926148300285,-0.21504462567384883,-0.1008896610596392,-0.2165557856895528,0.14282677763962484,0.0,0.20877581771715065,-0.29411764705882354,0.5599304786057877,-0.04583026116032782,-0.41711475589128033,0.12625253878091966
CSO-15-9B-RMCHLU-CorrEtiq.txt,0.0,0.0,0.0,0.37157644133298756,0.13863262186832748,-0.2703850494615927,0.032306460771511274,0.025973130562052506,0.0,0.16456830726289248,-0.5344827586206896,0.6195379807305583,-0.06403129375487059,-0.5942232700162298,-0.010485801612520104
CSO-16-10A-JEGAHE-CorrEtiq.txt,0.0,0.0,0.0,1.2323512714176597,-0.7719030716145963,-0.11478217059628447,-0.7865808635499814,0.6114111717010194,0.0,0.008003570009467447,-0.045454545454545456,0.3373409036101917,-0.13226642495262222,-0.302363954215324,0.1388444297759105
CSO-16-10A-MSACO-CorrEtiq.txt,0.0,0.0,0.0,0.9660757938840834,-0.44976390135732297,-0.4588119071204119,-0.45346415921198274,0.6893564635299694,0.0,-0.0029761971390163677,-0.4411764705882353,0.6391392619688464,-0.2188768552473416,-0.465519059488268,0.044312000451703734
CSO-16-10A-SMOUT-CorrEtiq.txt,0.0,0.0,0.0,-0.05070762679689855,-0.29041270710714384,-0.3166505810606556,-0.29146964269958425,-0.28994909515397255,0.0,0.39839949826825444,0.5,1.0072466147825343,-0.4716064227645946,-0.499737444386108,-0.29598347145350806
CSO-16-10A-YKMUJO-CorrEtiq.txt,0.0,0.0,0.0,-0.04498389533770091,0.6522128693415539,-0.38722443656034033,0.652013187090179,-0.34446202126819747,0.0,0.1561192668159251,-0.325,0.17652047705583393,-0.0784769285112789,-0.46573241801247167,-0.3516910377311238
CSO-16-10B-JESUGU-CorrEtiq.txt,0.0,0.0,0.0,0.1709780097336895,-0.36575471037171964,0.09347042514012202,-0.36827424296910793,-0.03126918729531711,0.0,0.17893459931759165,-0.29069767441860467,0.502795356378278,-0.04678507357032621,-0.38326686128409704,-0.11653199386680883
CSO-16-10B-LTVIFA-CorrEtiq.txt,0.0,0.0,0.0,-0.044651977865128825,0.17171728624128751,-0.3022733237211747,0.18612712475191837,0.4869747962692409,0.0,-0.024044572485125395,-0.5441176470588235,0.6430583504987946,-0.09492445714273379,-0.5769586009476085,0.4872914139314701
CSO-16-10B-VVILI-CorrEtiq.txt,0.0,0.0,0.0,0.12977916510485835,0.13744495892673295,-0.009215101719280524,0.13778039175633233,-0.2267848034578236,0.0,0.006370692344320407,-0.539568345323741,0.4141473002035593,0.03098324334278016,-0.49977621017160273,-0.2287516117962749
CSO-16-10C-ACALGU-CorrEtiq.txt,0.0,0.0,0.0,0.28624060437246013,-0.03405549634098662,-0.2866180413714963,-0.03487130788896874,0.20230649233636644,0.0,0.14588231121446127,-0.37037037037037035,0.6125878904249563,-0.1522177083641135,-0.5440890434031748,0.11494952911901381
CSO-16-10C-MAVAVE-CorrEtiq.txt,0.0,0.0,0.0,0.26771951086686196,-0.04626152138488757,-0.20997390003405103,-0.04312305121474279,0.09359667968806011,0.0,0.15659084606776488,-0.6911764705882353,0.7790441456064237,-0.13783100173114327,-0.7795406227575488,0.02656853134591847
CSO-16-11A-JAVABO-CorrEtiq.txt,0.0,0.0,0.0,0.08731641992009845,0.16077165215306868,-0.11441617992392902,0.16096348505705022,0.11342309825983168,0.0,0.03236240303918347,-0.29411764705882354,0.24415918392424954,-0.056059325626418244,-0.2930190015161026,0.12010968835514618
CSO-16-11A-JDMUVA-CorrEtiq.txt,0.0,0.0,0.0,0.19297971425112526,0.14227393964794,-0.0007907864321456644,0.07810527435581427,-0.22361292415101738,0.0,-0.013945159151063985,-0.5783132530120482,0.43230063175751066,0.08564614013965251,-0.47313516813832784,-0.22871902314040854
CSO-16-11A-VZAOR-CorrEtiq.txt,0.0,0.0,0.0,0.4405880690005951,-0.01614859575728931,-0.1147480481829154,-0.012361324351712336,0.26556948813508996,0.0,0.011202855140425693,-0.5915492957746479,0.4907238690952693,0.03675525316746819,-0.4822666332761956,0.10764173764117617
CSO-16-11B-KRORE-CorrEtiq.txt,0.0,0.0,0.0,0.331885606242449,-0.178834987087076,-0.19653481851322208,-0.19348123246229937,0.24288047876223431,0.0,0.21939602384455023,-0.75,0.8382113642204245,-0.1405497503357772,-0.7924393100667385,0.11749788989479144
CSO-16-11B-LLOZA-CorrEtiq.txt,0.0,0.0,0.0,0.15578334311722636,0.3165795742415523,-0.31033720048727753,0.21677982934464343,0.16426430834396535,0.0,0.04314795950547866,-0.43103448275862066,0.5280974308122748,-0.005210849690448503,-0.4714207707302925,0.09769730983223651
CSO-16-11B-YAROMO-CorrEtiq.txt,0.0,0.0,0.0,0.38879353996922017,0.06282909378426647,-0.11940853598340881,-0.06562213658189396,0.03976316811507666,0.0,0.023202442731182937,-0.5369649805447471,0.5333781100976227,0.04843887681823992,-0.45286538264958887,-0.014820959239152255
CSO-16-9A-JALEMO-CorrEtiq.txt,0.0,0.0,0.0,0.3375205530875692,0.09160558002531899,-0.002866755557906154,0.09281613889478263,0.010014087313321315,0.0,-0.03924248089552712,-0.5529953917050692,0.3587787856214111,0.09002445954176155,-0.41597780451574384,-0.06244044136841216
CSO-16-9A-JPROSO-CorrEtiq.txt,0.0,0.0,0.0,0.28652594154724825,0.06054411575591918,0.06087054461290046,-0.0426140164237819,0.03955484097444335,0.0,-0.12750592475649064,-0.4268292682926829,0.28802639877274433,0.17931023435471416,-0.22542881529743122,0.01949415652655372
CSO-16-9A-JSMAGU-CorrEtiq.txt,0.0,0.0,0.0,0.264214796694159,-0.02315624194263189,-0.11507866408987244,-0.09953384935032676,-0.08920494588985468,0.0,0.13430512825448615,-0.5069444444444444,0.5192704252829432,-0.06484640238545011,-0.5616991481984697,-0.13339742458921536
CSO-16-9B-SJPAJI-CorrEtiq.txt,0.0,0.0,0.0,0.028504967371872438,-0.13670107970232073,0.10506015105856713,-0.12905649256911106,-0.2740848491318147,0.0,0.22300637819708743,-0.3181818181818182,0.17997754868222177,-0.029075235565191763,-0.3139829678612169,-0.3221516349008759
CSO-17-10A-YVGOCA-CorrEtiq.txt,0.0,0.0,0.0,-0.005562014293067369,-0.13320899291943894,0.12917973234682498,-0.13362322519533257,-0.12050730388362915,0.0,0.09964020763702729,-0.5128205128205128,0.7323193271203936,-0.07318651100531784,-0.6851274640725672,-0.1221771125000079
CSO-17-10B-EHECO-CorrEtiq.txt,0.0,0.0,0.0,0.001611828978543512,-0.18582025821204823,-0.1965995894730622,-0.18662327819498037,0.3221358364078438,0.0,0.15954957095911573,-0.5346534653465347,0.989999162328985,-0.22456882707491985,-0.7822499124568238,0.3406051208515238
CSO-17-10B-YCQUVE.txt,0.0,0.0,0.0,0.38408309287504866,0.3076386603823251,0.08396983353479262,0.17942100889674967,-0.12186286074568191,0.0,-0.2075353052409401,-0.18435754189944134,0.15809273965115675,0.29841491630756595,-0.03409654944767153,-0.11626772281887061
CSO-17-11A-DJAPA-CorrEtiq.txt,0.0,0.0,0.0,0.0953904687403258,-0.06643108156142428,-0.02236069192308057,-0.12987957578812367,-0.22132843769382127,0.0,-0.10204674204082043,-0.265625,0.3073655265020907,0.19063410099649888,-0.11334299706527669,-0.17355256426307492
CSO-17-11A-JDAMO-CorrEtiq.txt,0.0,0.0,0.0,0.3169159580252624,-0.3310077459753484,-0.3448618446957033,-0.3325929258116881,-0.04882397407881996,0.0,0.6465321404644062,-0.38095238095238093,0.8275322499856749,-0.4680074595900781,-0.8781630018838557,-0.042242116510989795
CSO-17-11A-NPAHE-CorrEtiq.txt,0.0,0.0,0.0,0.6537187913476069,0.4841555192842797,-0.10942884953243615,0.2861663382541042,-0.08797026049775561,0.0,-0.2933574386119484,-0.2645161290322581,-0.14437625316590616,0.37135180099236864,0.16550932411077485,-0.10291479159818491
CSO-17-11A-RLPAIG-CorrEtiq.txt,0.0,0.0,0.0,0.4341675964702824,-0.004713677898748121,0.03914328221673897,-0.10898982731606625,0.4722196608886559,0.0,-0.14566402587426927,-0.25,0.13900009030574267,0.17656297345880412,0.004289279619190949,0.4013716720843932
CSO-17-11A-SPUVA-CorrEtiq.txt,0.0,0.0,0.0,0.5452463398052418,-0.26436236613762554,0.3024584236965334,-0.26973343617583273,-0.08037116847312682,0.0,-0.33111141010084916,-0.4166666666666667,0.09295918814830548,0.40568140538243175,0.05957029348996142,-0.16745292474403725
CSO-17-11B-CDBEBU-CorrEtiq.txt,0.0,0.0,0.0,0.05471909584065329,0.5107847956768982,-0.4466908885230919,0.4373124729664878,0.06272350502119843,0.0,0.010905210178403098,-0.12087912087912088,0.35365732321828897,-0.05721928805931123,-0.2838342433023106,0.16943807308932424
CSO-17-11C-JDAAG-CorrEtiq.txt,0.0,0.0,0.0,0.19628409683405237,0.3684501897977069,-0.2766972859130563,0.28734411030775386,-0.006855596443478955,0.0,-0.018899915613388583,-0.49333333333333335,0.45361608657976965,0.059917757823215526,-0.4242698262773844,0.02652198925482088
CSO-17-11C-MAPAMA-CorrEtiq.txt,0.0,0.0,0.0,0.326854900519448,0.16072264784922266,-0.03725274827530216,0.14088017605991507,0.011338552161903282,0.0,-0.07350335750538815,-0.38922155688622756,0.32137938398994553,0.14373286320359963,-0.2674633583353367,-0.056895482055733186
CSO-17-11C-MCAAG-CorrEtiq.txt,0.0,0.0,0.0,0.168498288007349,0.23484557134210574,-0.19930911044250138,0.23526339852150127,0.010231842082286724,0.0,0.004471740947688784,-0.5458715596330275,0.45473806712050985,0.06366720014837048,-0.4765084226318986,-0.07989812630700298
CSO-17-11C-SARJA-CorrEtiq.txt,0.0,0.0,0.0,0.08662994325204822,-0.04352715462108816,-0.2540112786289457,-0.04362349295585475,0.020614977552914318,0.0,0.25722886462211164,-0.5606060606060606,0.7750153268337008,-0.2812414508455387,-0.8120632926125613,0.010091636303752215
CSO-18-11A-ADBAHO-CorrEtiq.txt,0.0,0.0,0.0,0.14835433166486406,-0.08222128878307022,-0.10017118694135897,-0.08341302455027051,0.123105391005301,0.0,-0.04070064824439257,-0.5166666666666667,0.5963130412072474,0.04707795488648705,-0.4958737746255259,0.02950872690705837
CSO-18-11B-YLLRE-CorrEtiq.txt,0.0,0.0,0.0,0.3522708746875698,0.1273137747148935,-0.20751191583544853,0.0831759838458731,0.3092819732269412,0.0,-0.053924500965973225,-0.6150793650793651,0.5454301525518465,0.0685275186164091,-0.48804610916451197,0.18675930117441839
CSO-18-9B-MAMOLO-CorrEtiq.txt,0.0,0.0,0.0,0.9093782965994383,-0.0013291637952978332,0.28087323069094655,-0.11347584818565738,0.16678728914778373,0.0,-0.5194804002661124,-0.34540389972144847,-0.26982876158636837,0.647719767951566,0.435618774850359,-0.12331569694547503
CSO-8-3A-AIPRBR-CorrEtiq.txt,0.0,0.0,0.0,0.0,-0.3342888221536465,0.5491100269061935,-0.3342888221536465,-0.17135972207254846,0.0,-0.46085143073801726,0.75,0.38566259125774033,0.13133278745711172,0.38475765413788027,-0.06048940525087446
CSO-8-3A-DAPAVA-CorrEtiq.txt,0.0,0.0,0.0,0.594642418466938,0.04849620136629263,0.1366548163544577,0.0541043284837962,0.5170052585392357,0.0,-0.4664327016582511,-0.329004329004329,-0.07571909441387276,0.47842849675777976,0.22397549438336647,0.10568146058421032
CSO-8-3A-KVPECO-CorrEtiq.txt,0.0,0.0,0.0,1.0161383708269134,0.8385250503151993,-0.15272610568847889,0.46481892295681704,-0.4457883874617442,0.0,-0.6131600981005967,0.27906976744186046,-0.43881760783066664,0.6672084531720296,0.6541590977450674,-0.47402389185622024
CSO-8-4A-ARAGR-CorrEtiq.txt,0.0,0.0,0.0,0.47719911969476625,-0.34238295181082334,-0.35953635820996965,-0.3446741595328623,0.12935395967771687,0.0,0.301408679481668,-0.13580246913580246,0.8117540955411857,-0.19233783426037931,-0.5597040916694003,0.06905803088338695
CSO-8-4A-JRAAR-CorrEtiq.txt,0.0,0.0,0.0,0.9264595772635594,0.43016207622083097,-0.34089189281236254,0.4317265184025966,0.5299148748009458,0.0,-0.3310957923160767,0.1111111111111111,0.19228039226617988,0.33311352772323316,0.4458573111067909,0.0572086769931558
CSO-9-2A-EXMOCO-CorrEtiq.txt,0.0,0.0,0.0,0.06877376121547724,0.0661216751885246,0.07050465751008114,0.06687444097350506,-0.1632747645771803,0.0,-0.029489963853486543,-0.3597122302158273,0.432491796205831,0.22852834496548682,-0.2261076011611686,-0.13780098121476098
CSO-9-4A-AGAPE-CorrEtiq.txt,0.0,0.0,0.0,0.47406368457618664,0.1945417816377558,-0.022283809987639912,0.05748520913129492,0.07825893480908501,0.0,-0.14401698216252823,-0.5548780487804879,0.3292405071718915,0.23572251084270243,-0.2879562242927451,0.0006952447815326137
CSO-9-4A-DKVIMO-CorrEtiq.txt,0.0,0.0,0.0,-0.01719592120163449,-0.025564677908091683,0.0807402366476526,-0.0244848358963051,-0.09229421544983446,0.0,0.07987843408876655,-0.569620253164557,0.5251862248870935,-0.007321669373016901,-0.5573432968677513,-0.08031019278225257
CSO-9-4A-DSMOMU-CorrEtiq.txt,0.0,0.0,0.0,-0.045060043295165726,0.21216474998305834,-0.13351175161451648,0.21281688078040817,0.25690278700363556,0.0,-0.036384794061429235,-0.3191489361702128,0.2900937510782184,-0.024914784461080603,-0.2929930709671744,0.2494326347940137
CSO-9-4A-DVGATO-CorrEtiq.txt,0.0,0.0,0.0,0.19798808859288997,0.25874987074292094,0.13568381035562846,0.2521443223053283,-0.08015210684729572,0.0,-0.257072805229243,-0.3273809523809524,-0.058952475227413925,0.25193055764546674,0.004357444558886198,-0.08767287966652218
CSO-9-4A-FAGIGA-CorrEtiq.txt,0.0,0.0,0.0,0.15791523855794493,0.2743061367606121,0.016352234459392143,0.16762143800792165,-0.13746439072599578,0.0,-0.15134870454021623,-0.4485981308411215,0.17886270700880053,0.18463339515809926,-0.23444015255448475,-0.22592082740211641
CSO-9-4A-GSBRCO-CorrEtiq.txt,0.0,0.0,0.0,0.7998175655952272,-0.3191618853699797,0.4980535061717257,-0.3253539287573446,0.03217269837388899,0.0,-0.11812871458905337,-0.3835616438356164,-0.0018974293064820422,0.33350678241541293,0.03386823658149916,-0.12845492722942917
CSO-9-4A-KEMOCO-CorrEtiq.txt,0.0,0.0,0.0,-0.0622724172889244,-0.3402760431066891,0.015281157094990472,-0.34382913376011986,-0.11302620965603062,0.0,0.32878942496617586,-0.13725490196078433,0.7218356142082881,-0.25807939832134125,-0.5768834537252692,-0.14266241581957773
CSO-9-4A-LCOMO-CorrEtiq.txt,0.0,0.0,0.0,0.6117262807580539,-0.16298195878064484,0.6777168115108426,-0.23910549956440433,-0.3674914694664012,0.0,-0.3000209669377958,-0.40298507462686567,-0.44914998137454687,0.5480772286375203,0.4165529517450554,-0.43274128735525313
CSO-9-4A-MLORO-CorrEtiq.txt,0.0,0.0,0.0,0.03757172710788675,0.20179074373869174,-0.02091085510618964,0.21495926870924822,0.2655002646752515,0.0,-0.39257152481102175,-0.0967741935483871,-0.012952883057729422,0.2932793366537326,0.18217957382464414,0.19655230593754747
CSO-9-4A-MPAME-CorrEtiq.txt,0.0,0.0,0.0,0.32429176436072066,0.2901067491278323,0.8085414699618417,0.21151441890120118,-0.5246673330670791,0.0,-0.7086002808274235,-0.13725490196078433,-0.9034594647624973,0.826805463749227,0.8037375271057728,-0.5529993934688627
CSO-9-4A-NSARPA-CorrEtiq.txt,0.0,0.0,0.0,0.34578093214746114,-0.20704663645572507,-0.2385182603454958,-0.20790849966522945,0.45757455106662265,0.0,0.06394405510049025,-0.38571428571428573,0.8211918721983779,-0.03133511110652328,-0.5233854787833828,0.30530261455933266
CSO-9-4A-SLOCA-CorrEtiq.txt,0.0,0.0,0.0,0.7148735107945277,0.22029186053165986,0.3919627482889992,0.0034846241276305758,-0.18139097029136433,0.0,-0.4995095261186548,-0.3875,-0.44633699717784125,0.7071043423730022,0.5784589091381266,-0.2104187375564262
CSO-9-4A-YVDITR-CorrEtiq.txt,0.0,0.0,0.0,-0.04752672201947445,-0.32197729289983,-0.08884985414949484,-0.32246867817076874,-0.11068959094372058,0.0,0.2664984813670261,-0.42857142857142855,0.7941009955675431,-0.3005392352149331,-0.8225356872716679,-0.11813978739268675
