file,z_wc,z_nodes,z_edges,z_re,z_pe,z_l1,z_l2,z_l3,z_lcc,z_lsc,z_atd,z_density,z_diameter,z_asp,z_cc
CDMS-10-4A-JURAN,0.0,2.3207885812205404,0.0,0.0,-0.5979707355027652,-0.955150127722723,-0.5979707355027652,-0.42425414299105474,-1.641977704156106,-0.6812491689452909,-1.9084169335928045,-1.4545462582719844,-1.4417601804303606,-1.5197104332662963,1.2230278954655556
CDMS-10-5A-HEPIHO,0.0,1.822032243016375,0.0,0.0,-0.7355350975475023,-0.09706364747143888,-0.7355350975475023,-0.5075368520343043,-1.162055512707039,-0.833954094289922,-1.6317161662074244,-1.3679193802704783,-2.6297867268657935,-2.315518628117987,2.0255869480630126
CDMS-10-5A-KSRAGU,0.0,2.042752923427805,0.0,0.0,-0.7633700367119738,-0.07513807567653451,-0.7633700367119738,-0.4981610824055757,-0.669013257587605,-0.7626693446587242,-1.812760358927699,-1.652985543792585,-2.329720139702641,-1.9252392520298098,3.5407056058705124
CDMS-10-5A-SROPU,0.0,2.6361370161627695,0.0,0.0,-0.5328094007393578,-0.8858116441726004,-0.5328094007393578,-0.24392277435902532,-2.2013601146306363,-0.538032668154386,-2.0933879338888,-1.6618892175337368,-1.8178520714508042,-2.0165300021495525,2.56795576870139
CDMS-10-5A-SZURO,0.0,1.8899430202441803,0.0,0.0,-0.4396787718714283,-1.1080464279410855,-0.4396787718714283,-0.29488391230979427,-0.1631688332912094,-0.4937419311010187,-1.5931115180861097,-1.1454436990821468,-1.046217438296718,-0.8028518621079891,1.0858682126045607
CDMS-10-5B-SRAJA,0.0,2.3902614720378326,0.0,0.0,-0.6934661386680533,0.018280729034568413,-0.6934661386680533,-0.4624254736341906,-1.870850680608666,-0.8452356744673262,-2.0607849494030446,-1.7613111719897427,-2.6804223341268076,-2.7068808069592145,3.728433456175994
CDMS-10-5C-DAAUSA,0.0,2.6935964072012966,0.0,0.0,-0.633935194099106,-1.0362371439348925,-0.633935194099106,-0.4622567774741074,-0.631814932159669,-0.7621534161519967,-2.294669043543169,-1.7281671421858666,-1.09363871409718,-1.4849618800201227,2.7496300848452835
CDMS-10-5C-JFALGI,0.0,1.7371980724307587,0.0,0.0,-0.6587131135923012,-1.176696810829104,-0.6587131135923012,-0.5180653234396059,0.01606070282495209,-0.7374337936822954,-1.5540526749740342,-0.9684904290011266,-1.7224514532305286,-1.7914589647032642,3.3790949324295645
CDMS-10-6B-ASCACO,0.0,1.0469383528527076,0.0,0.0,-0.6349196746786258,0.166656280523448,-0.6349196746786258,-0.35782259968839614,-0.031488185662461025,-0.7073717627899893,-0.9489816238750804,-0.7965613056545022,-1.052890371237546,-0.448440084253791,0.024137797160847685
CDMS-11-4A-GACHSA,0.0,1.3392674889218124,0.0,0.0,-0.7230971331260991,-0.5326363469440667,-0.7230971331260991,-0.4365649148593395,-0.9036378150231931,-0.7947986458738471,-1.2028029606869153,-0.6921499006889023,-1.4194045974984693,-1.3383676197343193,1.7986626882674661
CDMS-11-5A-EAARCA,0.0,1.5657177402457103,0.0,0.0,-0.6741697585805727,-0.4916800272556487,-0.6741697585805727,-0.42906170456046155,-0.04942585684013702,-0.7594995225049196,-1.3302681203094262,-0.9019908343187577,-0.7571699349211023,-0.5504504330010476,1.5569433085728042
CDMS-11-5A-MGTHAR,0.0,1.9808138342171224,0.0,0.0,-0.8167583037221927,-0.09407208683835983,-0.8167583037221927,-0.5098499285104608,-2.873524466076957,-0.8330937369456018,-1.7461124173701243,-1.5286035482882985,-1.753423139695472,-2.551487744438911,5.679374103577575
CDMS-11-6A-NMREPR,0.0,1.5982043193497228,0.0,0.0,-0.7386566607110009,-1.1021874060688808,-0.7386566607110009,-0.5180352970482089,-1.777813485594894,-0.8480015799530648,-1.4126174399569367,-0.837292544719871,-1.901001545670163,-2.162045805744657,3.3450672189274493
CDMS-11-6B-ARAHE,0.0,1.3446515568842121,0.0,0.0,-0.6296462952930287,-1.039621919373704,-0.6296462952930287,-0.37443845765695605,-0.564976264638444,-0.7229045100773176,-1.1935627848144514,-0.5683680714728514,-0.83607161565619,-0.9651444741819866,2.6332336242249643
CDMS-11-6B-AVROTO,0.0,2.326744929590519,0.0,0.0,-0.6611099775215864,0.037164707312358346,-0.6611099775215864,-0.42008402520840293,-1.5179382975107603,-0.7524519255760679,-1.99803977169021,-1.7439032045829501,-1.976704591374832,-2.116002081806535,0.9686410327029946
CDMS-11-6B-EAFESA,0.0,2.009669651602117,0.0,0.0,-0.6033132055211751,-0.9899214069664273,-0.6033132055211751,-0.4388386521378977,-0.5635739828554145,-0.702979114811773,-1.6749399120916926,-1.1696738442375045,-1.3217480379435105,-1.1882805798082048,1.6370361124785338
CDMS-11-6B-EFRGR,0.0,1.8787232674553904,0.0,0.0,-0.6468041166472682,-0.9637136762338823,-0.6468041166472682,-0.3797185852678315,-1.372198877913688,-0.7153982746565845,-1.6023704538305872,-1.0632018794204363,-1.3906733715118502,-1.4818418381364957,1.8543881085032359
CDMS-11-6B-EROCO,0.0,1.1454689523272796,0.0,0.0,-0.7549113750855195,0.05813715831542522,-0.7549113750855195,-0.5619429970948235,-1.0922742960321652,-0.866644845360576,-1.0774728422890982,-0.804606010005207,-1.554761183140728,-1.4726919030243277,2.163124611743034
CDMS-11-6B-JACUPE,0.0,1.3126793347313046,0.0,0.0,-0.8784585919193316,-1.108685816209871,-0.8784585919193316,-0.6755964113173945,1.2874236752548134,-0.9801960588196068,-1.2355290403652024,-0.5420184274715804,-1.2981493946532783,-1.329470371054813,1.7185988343838368
CDMS-11-6B-JDCHBA,0.0,1.5290217582283874,0.0,0.0,-0.4074842960617108,-1.2100961740075658,-0.4074842960617108,-0.5989651136654098,-1.4935455703938056,-0.8229747122269142,-1.3971992797381745,-0.7944291119118425,-2.3949563204623234,-2.254350159696441,6.772249103710703
CDMS-11-6B-JFSAHE,0.0,1.6520685031769018,0.0,0.0,-0.5884730513600274,-0.9910579133399229,-0.5884730513600274,-0.3168033088404145,-0.5164494631169552,-0.6466914977487122,-1.4149356258500672,-0.8229427552037951,-0.8249927761496441,-0.695927730286537,0.47624544604682284
CDMS-11-6B-JLPENA,0.0,2.3884006579156076,0.0,0.0,-0.4441314317826386,-0.9455473318411795,-0.4441314317826386,-0.24826793715091025,-0.9840826428814988,-0.4813864723535547,-1.9008766422242087,-1.4198303465682427,-1.803181143973792,-1.495501618650001,1.9817522125670097
CDMS-11-6B-JMARME,0.0,2.043579509438585,0.0,0.0,-0.5686241341716463,-0.898643514104009,-0.5686241341716463,-0.30611379467479477,-1.0341810182442792,-0.6091806222407173,-1.6565621282847915,-1.1104549250559548,-0.7684472866187031,-0.8129698840289917,0.22259040521839857
CDMS-11-6B-JPSAMA,0.0,1.0203847174410956,0.0,0.0,-0.7973762916580689,-1.3005011781124034,-0.7973762916580689,-0.46913714169561227,-0.150569035246866,-0.8401414890763117,-0.9369031095466955,0.11068831969382886,-1.4434499223798625,-0.9653116829174049,1.7913039430512718
CDMS-11-6B-LESTA,0.0,1.44437288670984,0.0,0.0,-0.7445500427830226,-1.0958047523039156,-0.7445500427830226,-0.4246069859441642,-0.2844591643158376,-0.8107844526818035,-1.2487332135829232,-0.5542342809903271,-0.33605461082414445,-0.3179074166216794,0.27994492607348853
CDMS-11-6B-MEBRTA,0.0,1.8706183299309693,0.0,0.0,-0.5564182443654886,-0.8809489589832338,-0.5564182443654886,-0.33894822271365466,0.22832438336129957,-0.6282389797007321,-1.5305698888553385,-1.0477211825827009,-0.4950037946211352,-0.3534770997298769,0.46998266856954024
CDMS-11-6B-MMAMO,0.0,1.868015425338287,0.0,0.0,-0.744355087731107,-0.16252861559222762,-0.744355087731107,-0.6073970254890153,-2.3398535419454447,-0.9318826202350999,-1.6780075834489672,-1.3129923076368282,-1.4781054720804383,-2.0530141675081404,3.245444549945789
CDMS-11-6B-RSECA,0.0,2.786946789895895,0.0,0.0,-0.5200808043849485,-0.8187242333958773,-0.5200808043849485,-0.2188705275834686,-1.0902353059095489,-0.5407794262928176,-2.197965199174653,-1.716667144837035,-1.2698649578706396,-1.1131717277138673,-0.4395160345771869
CDMS-11-6B-SCAPA,0.0,2.291629523429902,0.0,0.0,-0.6481849062958397,-0.25899606591890834,-0.6481849062958397,-0.43380012210020436,-1.17993737620964,-0.7364155918325892,-1.95618705000036,-1.6320608105616106,-0.9975209484622186,-1.0880210684565654,2.286952553712736
CDMS-11-6B-VZAPE,0.0,2.0085233825233146,0.0,0.0,-0.5584437265108054,-0.9297997897978575,-0.5584437265108054,-0.32730374190991535,-0.6279621487698793,-0.6071550278254723,-1.6870475124955284,-1.1645583026601833,-1.0874021212581517,-1.099183321476489,1.6049974868636045
CDMS-11-6B-YLNIME,0.0,1.6082762786186557,0.0,0.0,-0.6902013856519744,-1.0522735830032939,-0.6902013856519744,-0.5488212999484517,-2.2019275302527213,-0.8487921059564227,-1.4409819693894361,-0.9295987936176541,-2.4495601328756202,-2.1268581849269985,9.616558439252138
CDMS-11-7C-ICARE,0.0,1.7981317840404716,0.0,0.0,-0.5488212999484517,0.3833593192297691,-0.5488212999484517,-0.3203581541090473,-1.206916483789964,-0.5559385652911958,-1.4733821164756162,-1.3148262807559554,-1.376758334221415,-1.068776450711503,-0.6173211880515337
CDMS-11-7C-IMOIB,0.0,1.972099542688846,0.0,0.0,-0.6967080206323127,0.13592440967574743,-0.6967080206323127,-0.4887262124870436,-1.8012594535278983,-0.8263663822089943,-1.721854192991853,-1.512410338501002,-2.507447325287658,-2.2689679851703586,3.288975776315334
CDMS-11-7C-SALMA,0.0,1.561456977374253,0.0,0.0,-0.880696034077061,-0.20848014710301313,-0.880696034077061,-0.6559528457717391,-0.9156880180284748,-1.0441408883767547,-1.4517089466752797,-1.2004946580274127,-2.3762226307514402,-2.1658748623674016,4.303229118263058
CDMS-11-7C-SPGAVE,0.0,1.5213627558063108,0.0,0.0,-0.8486940751332857,-1.1234072425399697,-0.8486940751332857,-0.617581260595253,-0.8088289113391958,-0.9920110572389913,-1.4080270598703568,-0.7460503352576624,-1.5035777629281024,-1.2004935201875515,2.487156848259702
CDMS-12-5A-SRIGO,0.0,1.8015623371606446,0.0,0.0,-0.6750020390111391,-0.973366202768868,-0.6750020390111391,-0.37775524179912284,-1.0860550060338217,-0.7132965312996726,-1.597418345183383,-0.995556857275591,-1.386500066717204,-1.3749863675571616,1.9006101395333048
CDMS-12-6A-FAROPA,0.0,2.128608336760766,0.0,0.0,-0.6162495185552518,-1.0191303201465747,-0.6162495185552518,-0.47826086956521735,-0.6768557397784682,-0.7101793512948277,-1.8315166514800434,-1.2883100552337725,-0.7494957464887063,-1.0344655283569253,0.6896002387329688
CDMS-12-6A-SROAL,0.0,1.5633989960243015,0.0,0.0,-0.4994957925487733,-1.0706902934529305,-0.4994957925487733,-0.2462040605773533,-0.5349976203499133,-0.5356648095228439,-1.3113995261855613,-0.6606590116376623,-0.9869764155250178,-0.892204036638482,1.3457358153670944
CDMS-12-6B-IJDAGA,0.0,1.8172884226192165,0.0,0.0,-0.6735579259092573,-1.005483993728977,-0.6735579259092573,-0.5188440540377371,-0.507692973449384,-0.8344354602462706,-1.5888314955297025,-1.0639690481743649,-0.925565344105658,-0.9977430066088274,1.8431718241192945
CDMS-12-6B-SCLAG,0.0,1.191557244236089,0.0,0.0,-0.4714045207910317,-0.9783475653575591,-0.4714045207910317,-0.29488391230979427,-1.4961089428620893,-0.536417959573935,-1.0361237501694003,-0.5518370222404558,-2.064741604835056,-2.05892897917462,3.4932000468547155
CDMS-12-7C-CATRAR,0.0,1.7173215691241293,0.0,0.0,-0.7381051253765321,-1.0526701639873237,-0.7381051253765321,-0.5761659596980317,-0.25038157256099536,-0.8684814849414458,-1.5135228928361004,-1.0136276376538886,-1.414213562373095,-1.3325209186494802,2.5004616906839368
CDMS-12-7C-DLOLO,0.0,1.7107148322804402,0.0,0.0,-0.7071067811865476,-0.874329876391036,-0.7071067811865476,-0.4714045207910317,-1.179069275099429,-0.8337415481233154,-1.4562751386709725,-1.0638003320445426,-1.7171855767290858,-1.6801012761464793,3.268454552029365
CDMS-12-7C-JSZAOR,0.0,1.5239398119493666,0.0,0.0,-0.6590012984797902,-1.0656526363795669,-0.6590012984797902,-0.35941889577262187,-1.7279658885597367,-0.744191531462784,-1.3734341164407022,-0.730077688717776,-1.3643143172077035,-1.7581830206458293,2.439410906453075
CDMS-12-7C-MAROBE,0.0,1.4673640723866117,0.0,0.0,-0.7173075906328913,-1.01460668636689,-0.7173075906328913,-0.5288673288782171,-0.4543471698241846,-0.8560845843535756,-1.2980193819017805,-0.818691008800992,-1.767373516716361,-1.5036757027972132,2.8281915814201435
CDMS-12-7C-VMAPA,0.0,1.6146294530006173,0.0,0.0,-0.6097272040272892,-1.0295895697217126,-0.6097272040272892,-0.38667602548357793,-1.5049323051500438,-0.6613371312985268,-1.421780771289722,-0.8774512442651952,-1.2619896638966124,-1.664251383244589,3.3874427010397894
CDMS-12-7C-VQURA,0.0,1.6171558499705032,0.0,0.0,-0.6799104422431753,-0.9806310573427308,-0.6799104422431753,-0.42336355241287044,-2.13213415506208,-0.7315046816336078,-1.4145066227339333,-0.7330478725391151,-1.2878725979847918,-1.5196579061392306,2.4837358683338255
CDMS-13-6B-JDTAHE,0.0,2.046555591343115,0.0,0.0,-0.33077012466463573,-0.8289700736642848,-0.33077012466463573,-0.11724207635210983,-0.42953240713798096,-0.3511157214256495,-1.4816500513993394,-1.1310876721160599,-0.6243177816553463,-0.4697699768926171,-0.26128331169278857
CDMS-13-7C-MVEAR,0.0,1.8607281298598963,0.0,0.0,-0.522688232118681,-0.9041183112207942,-0.522688232118681,-0.3247836701004725,-0.9982787255357841,-0.6018853000286832,-1.517023704630985,-1.0916637314271707,-1.749630672703764,-1.5050687014941302,1.9392805567645328
CDMS-13-7C-RAIZAC,0.0,2.4010820046067045,0.0,0.0,-0.4032777557243532,-0.7297415816740994,-0.4032777557243532,-0.10206207261596577,-1.5780647646665695,-0.411002206414125,-1.6316761252938397,-1.314898494339401,-1.7307512925768673,-1.8556610204063393,2.1577385514282525
CDMS-13-7C-SSOSLO,0.0,1.7930523823474962,0.0,0.0,-0.7565327978307432,-1.065684452476951,-0.7565327978307432,-0.6202818806910287,-1.8597078144338814,-0.9333043989368485,-1.6031778983525549,-0.9679929881934656,-1.5579321128069346,-1.8899334258203868,4.550998355574158
CDMS-14-10A-IMORTO,0.0,1.7219893992693363,0.0,0.0,-0.6355304732433144,-0.9845942079329987,-0.6355304732433144,-0.37791507234026617,-2.115166206844408,-0.6978984979262657,-1.5127871734938507,-0.9340632833435891,-2.128083919274202,-2.0411855424290812,2.343782696453199
CDMS-14-10A-JCVANI,0.0,1.5419704789222628,0.0,0.0,-0.7593871735911308,-1.0228145144386294,-0.7593871735911308,-0.4257634350855691,-0.5721355330184671,-0.7832284600409132,-1.3906747484496358,-0.6053111394295229,-1.0000499829593537,-1.197548301376813,2.1108774155775953
CDMS-14-6B-KDCAHE,0.0,2.193350800601817,0.0,0.0,-0.28772957072843663,-0.7146743781006454,-0.28772957072843663,-0.11724207635210983,-1.0192485356824017,-0.31313533737162663,-1.5356082216727722,-1.3105856540755736,-0.8264019420212194,-0.883559540257116,-0.24938419630452632
CDMS-15-10A-AMALOS,0.0,1.4752721841337062,0.0,0.0,-0.5815142624741269,-0.961395054097987,-0.5815142624741269,-0.33678279289004415,-0.8322227828651356,-0.6439010348863106,-1.2722407431160065,-0.7538350497850175,-1.477471836902846,-1.2070695470373625,1.902657034690312
CDMS-15-10A-JJMACH,0.0,2.0332578853836263,0.0,0.0,-0.7435466049096146,-0.9699050994769225,-0.7435466049096146,-0.5564875426920431,-1.4675500076941574,-0.900179161660895,-1.8263099832892393,-1.2370763456853051,-1.384687558821912,-1.0851713182238654,5.377490211231148
CDMS-15-10A-MAALCA,0.0,2.966261399751107,0.0,0.0,-0.5262727469630551,0.5432354033417329,-0.5262727469630551,-0.1964330929950361,-1.807994496775546,-0.5307781393632454,-2.2859740183881776,-2.1528280389299357,-1.258733103337886,-1.485652819188041,0.16158315664623113
CDMS-15-10A-MAALRI,0.0,1.6719350184986448,0.0,0.0,-0.6313236760858664,0.06110296911774939,-0.6313236760858664,-0.3963279210942323,-0.4765595743994011,-0.7238702114914801,-1.3906046672278143,-1.0953468611540922,-1.2177829953275618,-0.9992793144325304,0.8877026237925624
CDMS-15-10A-SGOMO,0.0,3.4399144028728172,0.0,0.0,-0.38490240653027274,-0.7057391075963242,-0.38490240653027274,-0.16490057746199108,-1.7799786344230486,-0.3819580654198616,-2.4017922767247843,-1.8710152760699121,-1.7291116780259768,-1.8760278641658892,2.1191258360161536
CDMS-15-10A-SHEGA,0.0,3.1753849191773718,0.0,0.0,-0.5126365009827107,-0.8259104841337395,-0.5126365009827107,-0.3915778894831851,-0.5864466665494045,-0.6379410618178621,-2.5759696735469237,-2.13355709887643,-1.54388923743431,-1.6377552981971424,0.6861256811464688
CDMS-15-11B-JEMOLO,0.0,1.9485481079818483,0.0,0.0,-0.6304883249912806,-0.880643784118896,-0.6304883249912806,-0.3905667329424716,-0.9168426412846261,-0.7573358384663043,-1.6072256237779179,-1.208894145160292,-2.240622731910346,-1.7418120392663976,1.4878427288649754
CDMS-15-11B-VSAHO,0.0,2.385262485227436,0.0,0.0,-0.5948185326627885,-0.9339951348999898,-0.5948185326627885,-0.4431776802862024,-0.6960927726676833,-0.6929273815525351,-2.0284463547579263,-1.5312960017683424,-1.8386205065281211,-1.8324398868638845,3.4042173485126788
CDMS-16-11B-NGABE,0.0,1.7056057308448849,0.0,0.0,-0.9159337782355624,-1.4056188648019872,-0.9159337782355624,-0.6461434960606022,-4.1699646811666,-1.1093750100700295,-1.614402271083264,-0.7689301713780841,-3.0113336255537364,-3.288663386987811,7.204856508894039
CDMS-17-10A-ASSAMO,0.0,2.0767095534676074,0.0,0.0,-0.6421783515349248,-0.9632934141969933,-0.6421783515349248,-0.4296556525212707,-0.8374779728025344,-0.722419582263201,-1.7768421312086309,-1.2542576043520028,-2.0233669018651073,-1.8071514878762485,4.200176865744162
CDMS-18-7C-VVECA,0.0,1.7149377104684291,0.0,0.0,-0.7349260676331031,0.07337252781985094,-0.7349260676331031,-0.5307306664106821,-2.5402215146327327,-0.8761951326722665,-1.5375620596499053,-1.3163674856523104,-2.2911027461157616,-2.25477661490886,3.576531506499387
CDMS-8-4A-DOSTR,0.0,1.7930392965454178,0.0,0.0,-0.6052265508372467,-0.9766093520527881,-0.6052265508372467,-0.42525879514119946,-1.2029276425531648,-0.7015019843831471,-1.5671686772193594,-1.086176825657697,-0.8603039372183904,-1.1643372804408574,2.3812897220409015
CDMS-9-4A-CARGA,0.0,0.8951042362699958,0.0,0.0,-0.6151362616986105,-0.6882740494452645,-0.6151362616986105,-0.23200997212188584,0.6367146065111481,-0.6459356864617739,-0.8166029935884966,-0.15475221496567879,-0.2518506067043355,0.010274282313480909,0.4639475462160327
CDMS-9-4A-CRAAG,0.0,0.6634512665877933,0.0,0.0,-1.0504080223949317,-1.1704364983111044,-1.0504080223949317,-0.7305300471651177,0.8014795324000771,-1.3418752114077388,-0.6432982455950232,0.41381259646493024,-0.3313690655923462,-0.47788694946982085,3.336988785007769
CDMS-9-4A-EROHI,0.0,2.0011605342012473,0.0,0.0,-0.5773502691896258,-0.979199336857139,-0.5773502691896258,-0.3665083330689156,-1.3283772657300887,-0.6282642391460916,-1.6855809491713556,-1.1401506405295108,-2.1337146802499145,-1.8386686579517506,3.535999559275033
CDMS-9-4A-ILOSE,0.0,1.6638998713901016,0.0,0.0,-0.6629780339143423,-0.309011460956364,-0.6629780339143423,-0.43388100221609444,-0.9588174965540118,-0.7540753762877246,-1.4241888889895593,-1.0680293981588513,-1.5174389458913344,-1.3161281427029023,1.6227287749127375
CDMS-9-4A-TGAFR,0.0,2.82944294533029,0.0,0.0,-0.38592215025174825,-0.7187874088365884,-0.38592215025174825,-0.15110863577489836,-0.9392598995566669,-0.3809031744492751,-2.0346116895763644,-1.633823911443431,-1.2932265276206278,-1.0652790672580594,-0.24516225987204002
CDMS-9-4C-SCAMO,0.0,2.1256100391525905,0.0,0.0,-0.6844983165402566,-0.9263434069181045,-0.6844983165402566,-0.45229037590896964,-2.8634828488711372,-0.7925161961140854,-1.7846356077823962,-1.3346872030667156,-2.076653329862895,-2.375775330742328,4.584155143510186
CDMS-9-5A-ABERO,0.0,1.0387469182884717,0.0,0.0,-0.834285641633458,-0.0043072593903986005,-0.834285641633458,-0.47269943153757454,-1.0303501010810898,-0.890051699715336,-0.9712630836721236,-0.563824628302437,-1.4264134289785106,-1.4268305616297685,1.546789222827292
CDMS-9-5A-PAGACO,0.0,1.6398976532229042,0.0,0.0,-0.831784016934645,-0.19791075025865984,-0.831784016934645,-0.6073516944008988,-1.44220233509741,-0.9175386016825973,-1.4935070047002725,-1.1163475598386683,-2.1320071635561044,-2.2902870743700348,7.519523070729446
CDMS-9-5A-VVAAR,0.0,1.5469568763421684,0.0,0.0,-0.5329894362233636,-1.1237906558310078,-0.5329894362233636,-0.32222361545851996,-1.8827896080366395,-0.6264833359334732,-1.3567973606404529,-0.7907537539867173,-1.5727503002571388,-1.7983443035447468,3.1892057589831655
CDMS-9-5C-JDMADE,0.0,2.297326707993627,0.0,0.0,-0.4310426901256649,-0.9591525037251698,-0.4310426901256649,-0.2083597825680738,-1.2130420280453755,-0.47468703338866564,-1.7362198546263337,-1.108008566254935,-1.4035395930191186,-1.563608155739225,2.8462039041550606
CDMS-9-5C-LVIZAC,0.0,1.6077199398252684,0.0,0.0,-0.5451002301944128,-1.0229802623769508,-0.5451002301944128,-0.32756596787577985,-1.2987679575428166,-0.5955875109959413,-1.383336122874791,-0.788834005135469,-1.690161126252692,-1.7004241188713127,1.8938411991537922
CDMS-9-5C-MLOGO,0.0,1.3278187208593182,0.0,0.0,-0.6844908381100475,-1.0547188915034376,-0.6844908381100475,-0.42175120336631533,-0.02838373528207448,-0.7586249593629398,-1.1612381936504586,-0.4659155439382129,-0.8311835685551678,-0.771406049970623,1.6261981580858422
CDMS-XX-10A-VGILO,0.0,1.6889094443127695,0.0,0.0,-0.5977113280469647,-0.36532468637939747,-0.5977113280469647,-0.3653286777623647,-0.6623400699303934,-0.6643413603101219,-1.4492751717161412,-1.0821740086146951,-0.8156491434671921,-0.8401490453538093,2.0367155821917553
CDMS-XX-5C-MJSARU,0.0,2.3363946246032747,0.0,0.0,-0.6580339898474761,-0.9829599431580854,-0.6580339898474761,-0.5510889375052536,-1.4598622049969183,-0.8637627958377787,-2.0583353615320594,-1.4896787551454749,-1.3385996451407298,-1.5915290434370029,3.986071146842279
CDMS-XX-5C-MPCAQU,0.0,1.5094627199553428,0.0,0.0,-0.716140821573027,-1.0975593957915093,-0.716140821573027,-0.4169772047953846,0.18084080736912073,-0.7817038785300326,-1.2881802275874552,-0.5756097059857335,-1.778553452848153,-1.173952213355761,1.612955027111292
CDMS-XX-6B-SPUCA,0.0,1.3403939366340207,0.0,0.0,-0.7379420337295516,-1.0568869804048657,-0.7379420337295516,-0.542917678561188,-2.102471414325143,-0.872653965879636,-1.1905666386355103,-0.5842687026072316,-1.6653061115797667,-1.9886328393815118,3.7917756377602765
CSO-10-4A-KCOMO,0.0,1.5963588892186682,0.0,0.0,-0.5243773949903288,-0.978773451107349,-0.5243773949903288,-0.33069612268935494,-0.8927608324689749,-0.5823410993600133,-1.360852349670378,-0.8459938313849833,-1.5256888078660806,-1.4061185393922262,2.6735943988721944
CSO-10-4A-LRAVI,0.0,2.5175440748900675,0.0,0.0,-0.5465357250000211,-0.7745966692414833,-0.5465357250000211,-0.29488391230979427,-2.07352173506496,-0.5745868674211271,-1.9805314265449308,-1.559655404468544,-2.2088757685077813,-2.0301919622733697,-0.4669902794527978
CSO-10-4A-LSCAVA,0.0,1.2210366699035053,0.0,0.0,-0.5024578694275954,-0.6539107379643357,-0.5024578694275954,-0.19580442414071572,0.030570097873767414,-0.527028166634744,-1.0188528564825068,-0.5542639994775248,-0.622668620274052,-0.39789561886610925,0.7200500202236237
CSO-10-5A-ACAVA,0.0,1.6919756307581781,0.0,0.0,-0.5904779621913167,-0.951503691634714,-0.5904779621913167,-0.3077722215644036,0.4000754518380401,-0.6312794222289234,-1.396270455960728,-0.8595645341829506,-0.7327848461962061,-0.3716343399470097,0.12689785498388914
CSO-10-5A-ARACA,0.0,2.020731661811982,0.0,0.0,-0.4238534070970688,-0.8800096907475479,-0.4238534070970688,-0.15680070729123785,-0.4408546574320435,-0.4365464939603605,-1.5222028768400222,-1.070298727769225,-0.9587391584730626,-0.886873487434332,1.0050923255300115
CSO-10-5A-DABRZA,0.0,1.6206260763050437,0.0,0.0,-0.7726372656882341,-1.0882290701417208,-0.7726372656882341,-0.648693628379416,-0.9260357673579245,-1.0247457782998528,-1.4115033719935046,-0.8309190026976485,-1.5055276688222938,-1.2747780720092998,3.8017627941345307
CSO-10-5A-IPECA,0.0,2.3056176808149216,0.0,0.0,-0.6255432421712244,-0.8191674960786206,-0.6255432421712244,-0.28193917035448735,0.7050541517835257,-0.6173003741882411,-1.9664433191954025,-1.4667206750008401,-0.9594919492966377,-0.507606555838335,-0.573635385920177
CSO-10-5A-JANORO,0.0,2.7213524005159573,0.0,0.0,-0.5074733699543026,-0.845149672660599,-0.5074733699543026,-0.2264492476238756,-1.7096248420289695,-0.5176947320425624,-2.144259440003536,-1.6254650554674859,-1.7601911215150337,-2.0068961862650885,4.523077734266692
CSO-10-5A-JBUVE,0.0,1.8996400913521252,0.0,0.0,-0.5458714619799099,-0.8978574916695843,-0.5458714619799099,-0.31867348348543484,-0.8782064326784571,-0.6004328827069321,-1.4928556824943244,-0.9334442384017875,-1.5121158917589732,-1.199787032694038,1.4568331951672258
CSO-10-5A-JJSEMO,0.0,1.3573145169868968,0.0,0.0,-0.6152198555457548,-0.9455109766412951,-0.6152198555457548,-0.3736323588785367,0.47090030616961964,-0.6469966392206306,-1.2152099886654362,-0.6629838183010764,0.0998061208534974,0.3116203616960018,0.864887238567461
CSO-10-5A-JLCARI,0.0,1.3972979630854063,0.0,0.0,-0.7658480033731507,-1.0761259795062335,-0.7658480033731507,-0.5682021231494976,-0.7862507375769042,-0.923084068947543,-1.2822099522453896,-0.6223278580104941,-1.3477746652146447,-1.349218718472682,2.7063688131654176
CSO-10-5A-MAARAN,0.0,2.7504717267899736,0.0,0.0,-0.3515615246553262,-0.8173068387245352,-0.3515615246553262,-0.2294157338705618,-0.48746667822143236,-0.37371754637596794,-1.9743464138391487,-1.4151471079077487,-0.5055677954537702,-0.3861768396848223,-0.3544716940749347
CSO-10-5A-MAOSMO,0.0,2.3745174470476016,0.0,0.0,-0.5355878928542989,-0.865001320059215,-0.5355878928542989,-0.3029169401438446,-1.8094473670701396,-0.5906319008606188,-1.8934261168962574,-1.4743033557611094,-1.748341832583237,-1.8920774469466584,1.8492873516848687
CSO-10-5A-RVMOIB,0.0,1.992052641563262,0.0,0.0,-0.679445077587653,-0.07700747641228095,-0.679445077587653,-0.4904979307418003,-1.280823261342082,-0.7935090328685384,-1.7260075538162243,-1.4444752139770627,-1.4991209029676142,-1.523128087947855,1.5042632425343256
CSO-10-5A-SVHEES,0.0,1.6779789776358145,0.0,0.0,-0.7113707340002906,-0.19997899648646683,-0.7113707340002906,-0.5576007720623541,0.19319180129796742,-0.8988740899624466,-1.483461126433288,-1.1505567106744656,-1.3007126008011078,-1.1148404646554788,0.12193130191740453
CSO-11-5A-MDVOSPE,0.0,1.2776119538907094,0.0,0.0,-0.658041706070844,-0.991229567069604,-0.658041706070844,-0.41361606087208785,-1.3846899940362485,-0.7400853726914807,-1.1678537740401431,-0.5512406717142019,-2.1000309979939824,-2.0509179961184527,3.3508211876600646
CSO-11-5A-MTAGA,0.0,1.0224170615409731,0.0,0.0,-0.7660256840308954,-1.0891788700914105,-0.7660256840308954,-0.5138245000614502,0.2911688125028165,-0.8926929136606311,-0.9728477936678939,-0.21112900066319337,-2.3032050185603263,-1.601612538831439,3.375819307186679
CSO-11-6A-CAPAMU,0.0,2.0807429301750653,0.0,0.0,-0.3802746171746165,-0.8863601392784812,-0.3802746171746165,-0.15927743186121557,-0.8997621206137393,-0.40768580440885266,-1.530626551793545,-1.0583427264742515,-1.094073743239916,-1.0864521949846027,0.5489686958300738
CSO-11-6A-DSCACH,0.0,2.122148417886261,0.0,0.0,-0.580228323466037,-0.9296474241506812,-0.580228323466037,-0.34728334674511513,-0.8089566186345882,-0.665404551795181,-1.7424509013085103,-1.2466243774688717,-1.8680749278178705,-1.5737279845555143,0.7150307688528023
CSO-11-6A-EROMO,0.0,2.8551468458700278,0.0,0.0,-0.45342667422366123,-0.8629136239423805,-0.45342667422366123,-0.2446181183879241,-1.3500981807238823,-0.4843991223918997,-2.1484624664146916,-1.5710225562293094,-1.26039209522065,-1.2143326097338194,1.8148261533718062
CSO-11-6A-FSOVRE,0.0,1.272740517427104,0.0,0.0,-0.717517684591376,-1.0609839815678421,-0.717517684591376,-0.444878133775858,-1.0721758961735068,-0.8057687035994376,-1.1740909447838104,-0.4523094333438118,-1.6782583248375695,-1.6360737918927397,3.934457838969089
CSO-11-6B-ANREVA,0.0,2.29512766461424,0.0,0.0,-0.6902013856519744,-0.9521544595412742,-0.6902013856519744,-0.5773502691896257,-0.29768702687697807,-0.8792221142793217,-2.048430036355314,-1.5233682392297967,-0.9437452548082161,-1.1277056817967197,2.1318879666093475
CSO-11-6B-LHFDLACH,0.0,3.058440949642613,0.0,0.0,-0.3383363186666723,-0.7730644334684474,-0.3383363186666723,-0.1756531035300862,-1.2987161587988483,-0.36319710247994297,-2.1728788631706104,-1.6834264399564736,-1.1320427989526267,-1.1932380231956226,-0.27871840491359506
CSO-11-6B-RJGIHE,0.0,2.175546748038185,0.0,0.0,-0.6152441624956403,-0.908201721166565,-0.6152441624956403,-0.3427253226261329,-0.9373420649884725,-0.6950751731649338,-1.7854680176310664,-1.317129056551777,-2.101351242793507,-1.6888464112405028,2.7037114569928176
CSO-11-6B-VCOMA,0.0,2.1212165817909874,0.0,0.0,-0.6781608372459025,-1.0946351171464581,-0.6781608372459025,-0.49988762553877125,-1.7218642007720717,-0.7731928345541524,-1.8421379679678118,-1.3376442931575017,-3.1182904983649085,-2.78871902839288,5.162524910198349
CSO-12-6A-FJOVRE,0.0,3.3870174005246936,0.0,0.0,-0.41814449359988703,-0.7239716290430336,-0.41814449359988703,-0.16079124792771604,-1.2203835901310405,-0.43454736580043496,-2.4448481680884346,-1.941484890579422,-1.6631142886257926,-1.3885690893907907,-0.3062482889021051
CSO-12-6B-GQULO,0.0,1.3784598748037644,0.0,0.0,-0.7317447353319525,-1.0747172370489602,-0.7317447353319525,-0.43514355467744537,-1.2955438222377345,-0.7888776630594321,-1.2368003076647291,-0.5224706677858386,-1.5664645287519114,-1.7537760163748082,3.41010472794807
CSO-12-6B-LJHEFE,0.0,3.092681307655325,0.0,0.0,-0.5490731118798046,-0.893706291037266,-0.5490731118798046,-0.29018185593256496,-0.7993861516124244,-0.5691235836748636,-2.4146240493445337,-1.9213741047629105,-1.4471278983423752,-1.4236245219205048,-0.522758096675544
CSO-12-7A-ESALA,0.0,1.5160354857692198,0.0,0.0,-0.4581327419580941,-0.9109668933050805,-0.4581327419580941,-0.23082472700937676,-0.7233102980384747,-0.50597908210484,-1.2550317429706246,-0.706372205918621,-1.1208420110108772,-1.181571845779661,1.8506485859341448
CSO-12-7A-IMERO,0.0,1.5156677209778384,0.0,0.0,-0.7333754546762035,-0.04646863768221008,-0.7333754546762035,-0.5917588270494653,-2.6996670400577916,-0.9312548392758337,-1.3754344950176003,-1.143906650859572,-2.282367622189099,-2.1131375916256223,4.690499150374247
CSO-12-7A-JHEZA,0.0,1.3001406103773254,0.0,0.0,-0.7468511486193689,-1.1087142029586292,-0.7468511486193689,-0.5283431668434403,-1.4785952045405855,-0.8940539821290949,-1.1554346381289042,-0.438256524894131,-1.0669958198646385,-1.2483385063956784,3.078150482549244
CSO-12-7A-LSARAR,0.0,1.5112960545288352,0.0,0.0,-0.6051500581419977,-1.1286182078221274,-0.6051500581419977,-0.2982730625090038,0.2795332014635622,-0.6502155866288537,-1.2272962599306934,-0.5556247426159306,-0.8443102905889072,-0.5401734044774832,0.6578507675409112
CSO-12-7A-SCAHO,0.0,1.7785107242500426,0.0,0.0,-0.6992578707472199,-1.0682481842185796,-0.6992578707472199,-0.5151527213152286,-1.3525200301835345,-0.8094333560656011,-1.5617754587349872,-1.0140017577018308,-2.018271723407031,-1.8333604904693424,4.105503412689207
CSO-12-7B-DVAGRO,0.0,2.3908925344946086,0.0,0.0,-0.554822055811846,-0.875264633692318,-0.554822055811846,-0.34192181611253847,-2.1074189693933034,-0.6334053223023897,-1.8988356558211035,-1.4459533135893476,-2.018235428467905,-1.9194014204531082,1.2724806400256867
CSO-12-7B-SMUGU,0.0,1.367351383312816,0.0,0.0,-0.6923076923076923,-1.0730304852662655,-0.6923076923076923,-0.5089133578079825,-2.456645596696636,-0.7754516327128174,-1.2524165487207335,-0.6772858911332934,-2.6384686866811147,-2.198082788318742,2.0457820979161574
CSO-12-7B-SSARA,0.0,2.481597302853342,0.0,0.0,-0.612206455507676,-0.9359473641705438,-0.612206455507676,-0.40960497726506856,-1.6360232672353563,-0.7088419660885907,-2.0586334362590883,-1.549212766755157,-1.6294295448647074,-1.8460697907025176,3.7227691320621403
CSO-12-7B-VHOMA,0.0,2.7188867443150455,0.0,0.0,-0.4135823410460439,-0.832756123213788,-0.4135823410460439,-0.12837304007977374,-1.7182419464264505,-0.4308307925099382,-1.8879496395071276,-1.5137844961577909,-1.4920372894799268,-1.6391651356798278,1.1468961138766156
CSO-12-8A-YTOME,0.0,2.9108197533554088,0.0,0.0,-0.4714045207910317,-0.8321954658113967,-0.4714045207910317,-0.17586311452816475,-0.5391292551295485,-0.45886973490279426,-2.2061553911316567,-1.89981772448238,-0.8417543666234805,-0.9133245915016754,-0.4267612335974604
CSO-13-6A-ANASA,0.0,2.2411773047580015,0.0,0.0,-0.5003229203963271,-0.9297140033747097,-0.5003229203963271,-0.30897264119239803,-0.936104961431751,-0.555582228288164,-1.7432542323607747,-1.2511064207073441,-0.45222976168314666,-0.6496184379137695,1.0314428389493744
CSO-13-6B-JETAVE,0.0,1.4780988579453782,0.0,0.0,-0.4468103627510307,-0.9774210878586496,-0.4468103627510307,-0.18284748571856252,-0.43068924425625615,-0.4806526662767164,-1.1496598573243502,-0.45773993081173875,-0.66208210733049,-0.7534627793351563,0.897054747691044
CSO-13-6B-LFMIES,0.0,1.1500169353058975,0.0,0.0,-0.6933079497844559,-1.2345859206318472,-0.6933079497844559,-0.40533128562019727,1.312047564439902,-0.7462044004901185,-1.0394083581561067,-0.19452271201018034,0.13313056091602574,0.32502700908473503,0.6178168606149586
CSO-13-6B-LJMAHU,0.0,1.570441050598155,0.0,0.0,-0.38904367577884374,-1.0021141406023126,-0.38904367577884374,-0.0982946374365981,0.031098728065645214,-0.4136504361171298,-1.1789377461428934,-0.4925684402470292,-0.3051821379968411,-0.34482272889678606,0.322070858779746
CSO-13-7A-CAPAMU,0.0,1.0117255849821123,0.0,0.0,-0.8517748621794433,-0.2880358806093203,-0.8517748621794433,-0.5247510046099911,-0.30396134591906376,-0.9578934078703273,-0.9375390140010476,-0.47265289720843173,-1.2913090318505043,-0.9626974498478341,2.1106250489933474
CSO-13-7A-RXCHLU,0.0,1.0080620524830437,0.0,0.0,-0.7615582909418098,-1.2284888646924301,-0.7615582909418098,-0.5130748824627083,0.1715476572224573,-0.8878556449523105,-0.9295927846293027,-0.1104047543410438,-1.5284508056446136,-1.4208675623127367,1.9412188459304798
CSO-13-7A-YAMEZA,0.0,2.598788323193873,0.0,0.0,-0.5713536742916543,-0.6080132213880686,-0.5713536742916543,-0.3417330362768555,-1.0626743578647524,-0.6122351751457771,-2.0033023797497505,-1.5155937194829028,-1.630079736022543,-1.9060543976202955,1.7858916778254048
CSO-13-8A-MGAAN,0.0,1.7084249335752053,0.0,0.0,-0.5599497748990859,-1.0012336254720746,-0.5599497748990859,-0.33344802031748094,-0.8469548518366841,-0.6180897724682758,-1.4225628974598254,-0.8511513247274992,-1.1567060998617016,-1.1599615958027003,2.0885603026217168
CSO-13-8A-MGAHE,0.0,1.6313700498240018,0.0,0.0,-0.741116785966576,-0.23885129033189914,-0.741116785966576,-0.4536583771185305,-1.6074213133636985,-0.7751440103535706,-1.471326078004598,-1.1043175813925867,-2.411227217750295,-2.0648077678605303,3.7894812451465776
CSO-13-8A-MJAGA,0.0,2.0384567129659152,0.0,0.0,-0.5632268977780776,-0.14612788929271522,-0.5632268977780776,-0.4168364716429907,-0.4399258585888088,-0.7010464469490504,-1.6763722358733555,-1.488122521147977,-1.849754382402575,-1.5167549421463693,1.4448812037926195
CSO-13-8A-VHODU,0.0,1.328408157524525,0.0,0.0,-0.5655325460302152,-0.5382887510489106,-0.5655325460302152,-0.30641386704006407,0.4310373539835635,-0.6087657892080157,-1.2180733007171558,-0.4807303388483555,-1.03671409523329,-0.7900908540768571,1.301213309916142
CSO-13-8B-FCJISA,0.0,1.3005546499189398,0.0,0.0,-0.6824557019807519,-0.36376536232105255,-0.6824557019807519,-0.40414156038329146,-1.0033906199571168,-0.7782537399967643,-1.1372068538669942,-0.7389481049517516,-1.9060571737343237,-1.7390738718091991,3.636987386068728
CSO-14-7B-EVEGO,0.0,1.5778834392199177,0.0,0.0,-0.6210146030811698,-1.0843640474161553,-0.6210146030811698,-0.36547349328325035,-0.8619271091095981,-0.694463746296848,-1.3538094106903096,-0.731264078824185,-1.2416234077922135,-1.315092872374204,2.5334984621080476
CSO-14-8A-AQUMA,0.0,1.057253297982608,0.0,0.0,-0.6972847771346513,-1.098770727657053,-0.6972847771346513,-0.41066584794073013,-0.7368238437910821,-0.7429075068237868,-0.9481417642235813,-0.16917580448863564,-1.133862022798073,-1.2323056026713526,1.7321414024972954
CSO-14-8A-SZARA,0.0,1.0738470272313703,0.0,0.0,-0.7844474240927899,-0.24093301133282083,-0.7844474240927899,-0.49640045407402605,-1.257729694898812,-0.8972421082132007,-0.9767462341847903,-0.6183755879064565,-0.7982214355848292,-1.1638944464041914,2.512568050553812
CSO-14-9A-AEDCAGO,0.0,2.0960969772655766,0.0,0.0,-0.38423339038893084,-0.8631647713588613,-0.38423339038893084,-0.18396879542466366,-0.6455042126042401,-0.41828361995158075,-1.5647205847312735,-1.1383709499465475,-0.7530578959618184,-0.7780838385144287,1.0753454601512893
CSO-14-9A-HASACA,0.0,1.7897837343339151,0.0,0.0,-0.6121806898865664,-0.898001081154296,-0.6121806898865664,-0.3740709243693996,-0.85410899147743,-0.6621740173510112,-1.5088890117101108,-0.9493057846783706,-1.9920100769297717,-1.696035368283858,2.920290005034079
CSO-14-9A-JSMAAL,0.0,0.8763960161943041,0.0,0.0,-0.8252975700192333,-1.2262963543820091,-0.8252975700192333,-0.5615900084864728,-0.16421105432628064,-0.9824231952843128,-0.8291284181840801,0.0997719503081643,-0.518937486854357,-0.6997747569165867,1.7714758865275764
CSO-14-9A-MARJA,0.0,1.7758239520448043,0.0,0.0,-0.5063288101754286,-0.9487980677136082,-0.5063288101754286,-0.3064805412262679,-1.0320365165113201,-0.5546845778221245,-1.4736205283115165,-0.9752846915566883,-1.016029660807526,-0.8363328506971205,-0.5720356897914228
CSO-14-9A-SORZU,0.0,1.211108152305728,0.0,0.0,-0.6485059889116409,-1.0902800521600213,-0.6485059889116409,-0.38921597429343646,-0.6746192341692541,-0.7660647760503783,-1.132976250026454,-0.43862645251326776,-1.850528538517801,-1.5632196502246394,4.7397292316186785
CSO-14-9B-ERAGA,0.0,1.469867804816598,0.0,0.0,-0.7431605356175383,-0.9994596054725607,-0.7431605356175383,-0.5623916050338599,-0.8538112313420451,-0.9434563530497266,-1.2762879246541445,-0.8317738899901319,-1.7287858644065062,-1.6614601334404833,2.9885416677142276
CSO-14-9B-MFEGA,0.0,1.3328679728310246,0.0,0.0,-0.6849712175884306,-0.6650963234294668,-0.6849712175884306,-0.4001435818147777,-0.34460456025543124,-0.7436028853926144,-1.1689248307838158,-0.5985273446632866,-1.2998275262469425,-1.0607669157019248,1.9745559558483012
CSO-15-10A-LJRAGU,0.0,2.6379986659496346,0.0,0.0,-0.6099547918305153,0.18296323213778742,-0.6099547918305153,-0.43484489429675155,-2.9975351168999813,-0.6783131153000774,-2.2024891149924297,-1.9362385173101964,-2.369258121146506,-2.4741266806483466,6.3837534167929055
CSO-15-10A-MAARLO,0.0,2.912760169275959,0.0,0.0,-0.6368331407347473,-0.945475268584222,-0.6368331407347473,-0.4383680504365568,-2.7953934524132857,-0.7543708065651975,-2.412682368395763,-1.8338268049673014,-2.7592464563740995,-2.93574117372518,6.420169232204987
CSO-15-10A-SFEGA,0.0,3.0297960620532542,0.0,0.0,-0.38755403860737825,-0.7945759118562475,-0.38755403860737825,-0.1649597576982415,-1.894897125635887,-0.40669815912369806,-2.2185251691964814,-1.7230971129226318,-2.4332635212714786,-2.486429374170088,5.879971484471014
CSO-15-10B-MEBUAR,0.0,1.7755284503417033,0.0,0.0,-0.5777548903884459,-1.032061996039127,-0.5777548903884459,-0.4149127748539887,-0.7965032990709942,-0.6660939900370764,-1.515427749237742,-1.0747868504074278,-1.7101451243379824,-1.4548723190100417,1.405740914431175
CSO-15-10C-SSCAMO,0.0,1.6914641866411964,0.0,0.0,-0.6825999629523667,-0.369101790484164,-0.6825999629523667,-0.4474907536557314,-0.8330663686920999,-0.7356916741655865,-1.454982552375152,-1.0237185516182363,-1.0327199488572272,-1.1847828959956865,2.361284346362728
CSO-15-11C-JETALO,0.0,1.2888784518220138,0.0,0.0,-0.6532787228231028,-0.40758645415030337,-0.6532787228231028,-0.4170321719890001,0.18051538180376725,-0.7419835419233509,-1.1652782591641424,-0.7262462258669858,-1.2710890608107783,-0.8808349025960309,0.662242937383705
CSO-15-7B-JCRAGA,0.0,2.1250366571213086,0.0,0.0,-0.49015265011335735,-0.8217466980130761,-0.49015265011335735,-0.2622411496704894,-0.9806477813021368,-0.5031277811323535,-1.6878814468686563,-1.1733505501706587,-1.5164735526498063,-1.486450866586469,3.114435849988382
CSO-15-8A-VBMABR,0.0,0.8894233991401513,0.0,0.0,-0.9342898299012626,-1.2536927660852257,-0.9342898299012626,-0.6914513946147958,0.41100153583548327,-1.1639432222046173,-0.8239827949254703,0.24219607806634189,-0.4545427886324243,-0.4023920004370887,1.8065892829093937
CSO-15-8B-KEPOGO,0.0,1.521130151986576,0.0,0.0,-0.7753729675770904,-1.0587609788471462,-0.7753729675770904,-0.5760308298321004,-0.7052451623018948,-0.9019402503981346,-1.389010882448901,-0.7331394804745252,-1.3080182028882743,-1.272268373533794,3.004956579575238
CSO-15-9B-ALRIHE,0.0,1.8589764916674183,0.0,0.0,-0.6662377838523317,-0.9184986241040245,-0.6662377838523317,-0.4047158011606949,-0.9450055082195794,-0.7491012860111989,-1.6150343873598885,-1.058469338820818,-1.048553966850641,-1.1464924447679297,2.269763039705309
CSO-15-9B-AMSAGO,0.0,1.7441631985447614,0.0,0.0,-0.7473298985080157,-1.0208090550684275,-0.7473298985080157,-0.4364357804719848,-0.48980621404758673,-0.7588209270431127,-1.5886910913281385,-1.0249381260659831,-1.3558573863491312,-1.581368347543013,2.2261750426150124
CSO-15-9B-JCAPA,0.0,1.0601694339213596,0.0,0.0,-0.7985952641241132,-0.014380798526662426,-0.7985952641241132,-0.46413508716650337,-0.2987807850231789,-0.893873088415296,-1.002639997339499,-0.6414132187051285,-1.9176019581855002,-1.4607339742402978,1.6044749286390556
CSO-15-9B-KSBEJA,0.0,0.9884507744558588,0.0,0.0,-0.7419435141095432,-0.030830723169451263,-0.7419435141095432,-0.4707597717063872,0.18884581178115803,-0.8930605758127894,-0.9364198554912886,-0.6536946066590084,-1.6014692936439048,-1.1439653697892826,1.8076988249324328
CSO-15-9B-RMCHLU,0.0,1.410334810898591,0.0,0.0,-0.7194673278475887,-0.16889781219423144,-0.7194673278475887,-0.4774945604918839,-1.3069121625497653,-0.8031208781986144,-1.2703267455445388,-0.9210140448163858,-1.5278940637654155,-1.4406956119918286,1.9924110301438267
CSO-15-9B-SJAGRO,0.0,2.3238835385885515,0.0,0.0,-0.5698275435233537,-0.903112250667846,-0.5698275435233537,-0.3069580335350516,-2.0839437436462367,-0.6279637082243459,-1.884714869867444,-1.3960021686453818,-1.6477891505753406,-1.9737610275275665,3.99533098033062
CSO-16-10B-JESUGU,0.0,1.754601837100255,0.0,0.0,-0.4795049889873868,0.1932033053261641,-0.4795049889873868,-0.212642395549263,-0.953540550926237,-0.521559445740787,-1.2836523040536636,-1.2375664582143078,-1.1909167024032645,-0.9658509496348454,-0.4125527522954528
CSO-16-10B-LTVIFA,0.0,1.8427082464791393,0.0,0.0,-0.6060896249691424,-1.0026571239594206,-0.6060896249691424,-0.40210958925368234,-1.5995002175728328,-0.665061087537773,-1.5772898490587002,-1.0244344531804563,-2.2599031818577147,-2.0167551641326313,3.849819184637898
CSO-16-10B-VVILI,0.0,1.8283792429084058,0.0,0.0,-0.5134754493162669,-0.9412056209990372,-0.5134754493162669,-0.3329647600337762,-1.0304681129356232,-0.5574839817596684,-1.5435910133677564,-1.06172324187015,-1.192926997127786,-1.2603803328471272,1.4721212072259893
CSO-16-10C-ACALGU,0.0,2.518715746668069,0.0,0.0,-0.4229605500613279,-0.19878929793281921,-0.4229605500613279,-0.26825072683727264,-0.7977376223003817,-0.45979249763860286,-1.9108825645015899,-1.5785596489585378,-1.7032441357975086,-1.1908036320205502,-0.4259759464683685
CSO-16-10C-MAVAVE,0.0,1.562801780478591,0.0,0.0,-0.4063105231622134,-0.9238567493587967,-0.4063105231622134,-0.15408160051675832,-0.4426252211098439,-0.43037964867070577,-1.2736144061950339,-0.7545535106932446,-0.5747249957656548,-0.6094284697030687,1.231715179359834
CSO-16-11A-JDMUVA,0.0,1.539661569665601,0.0,0.0,-0.5944634483068743,-0.29794017018487345,-0.5944634483068743,-0.3617937426454061,-0.6788526040167323,-0.6604712036494612,-1.286303307083125,-0.9802226727302343,-1.3348953776186085,-1.292504734189374,2.002472504007206
CSO-16-11A-VZAOR,0.0,1.668990560999542,0.0,0.0,-0.6809990319371835,-0.9877573290062235,-0.6809990319371835,-0.3963885124817934,-1.2073787502130322,-0.7380301827042383,-1.420935330001318,-0.8301907212419394,-1.9658410764614491,-1.6258834719937376,1.758672623865903
CSO-16-11B-KRORE,0.0,2.397379808514295,0.0,0.0,-0.3795297911880351,-0.8133520807200746,-0.3795297911880351,-0.2011739533403499,-1.0389130751401554,-0.4052461380143037,-1.7438499674797805,-1.2941141941933998,-1.3922371048755617,-1.323111003959756,1.4559016249979637
CSO-16-11B-LLOZA,0.0,2.7272528560550064,0.0,0.0,-0.48027848823600006,-0.8362661635633102,-0.48027848823600006,-0.2498823210651047,-1.2269798903784528,-0.49959740989067475,-2.092633249824081,-1.592214878814274,-1.0287006601180313,-1.0328602959247075,-0.42200948015242434
CSO-16-11B-YAROMO,0.0,1.672727647351323,0.0,0.0,-0.627322682100449,-0.7181467882101079,-0.627322682100449,-0.38460801694499924,-1.1443915384666947,-0.698595140319121,-1.3470726268682025,-0.870610854834827,-1.4668621157638368,-1.4454324525613385,2.3394947683394736
CSO-16-9A-JALEMO,0.0,2.3317912564085232,0.0,0.0,-0.4786000631560603,-0.8917062574680519,-0.4786000631560603,-0.27031088748432575,-1.6115433788198297,-0.5158863851236918,-1.8470919178978789,-1.3325188267735497,-1.6272163498069476,-1.8643492155396588,3.726071234078638
CSO-16-9A-JPROSO,0.0,2.3142514335810622,0.0,0.0,-0.5489412316650059,-0.8821041270938846,-0.5489412316650059,-0.3071256127504562,-1.6145401440926919,-0.6008975469483656,-1.8305838751496104,-1.3318499830116104,-1.6089716033223687,-1.8307430546596435,3.2130350778165666
CSO-16-9A-JSMAGU,0.0,1.6281851674515713,0.0,0.0,-0.6388384503945345,-1.0150971579020944,-0.6388384503945345,-0.4612458602020068,-1.9677428417264697,-0.7792015846170481,-1.4419052923511928,-0.9001833801500805,-1.446148056114191,-1.7623466884109225,3.0688336109648775
CSO-17-10A-YVGOCA,0.0,2.045139352874682,0.0,0.0,-0.6893261705686025,-0.9789787356307156,-0.6893261705686025,-0.5018467218793423,-1.225376176481227,-0.8481812369044961,-1.837983085573264,-1.219505688757758,-1.562110382345001,-1.4186302652149545,2.4120031262475865
CSO-17-10B-EHECO,0.0,1.243805536705555,0.0,0.0,-0.777463269420422,-0.9986670166542382,-0.777463269420422,-0.4618123027262837,0.07000338384915988,-0.8688188426597794,-1.0198004698142997,-0.3476708271225379,-1.0004669099628258,-0.6286088948630653,1.9355775953476206
CSO-17-10B-YCQUVE,0.0,2.9380675522383077,0.0,0.0,-0.4291897184932333,-0.8179131169668654,-0.4291897184932333,-0.1757930516332654,-1.4115809570522093,-0.44365111631469867,-2.0417145967909245,-1.6745080006962043,-1.6386706986101829,-1.6398588403509828,0.9036281906582182
CSO-17-11A-DJAPA,0.0,2.0011605342012473,0.0,0.0,-0.5773502691896258,-0.979199336857139,-0.5773502691896258,-0.3665083330689156,-0.026046613053530607,-0.6282642391460916,-1.6855809491713556,-1.1401506405295108,-0.5413902920037095,-0.6906888308377721,0.4298750151890649
CSO-17-11A-JDAMO,0.0,2.654070128827893,0.0,0.0,-0.3707502977291327,-0.7949342881808161,-0.3707502977291327,-0.221835039647311,-1.1777976497350342,-0.40144600679410614,-1.928663837123784,-1.4177875407364922,-1.2726324010343786,-1.117418153231947,-0.3748726001410297
CSO-17-11A-NPAHE,0.0,1.7009922996302564,0.0,0.0,-0.5381616450842467,-1.0365767780577408,-0.5381616450842467,-0.27957268284050635,0.24434680795931252,-0.5806711440587853,-1.3185998544269084,-0.6703073217098483,-0.5620601801927048,-0.5126339283941757,1.0143347102274534
CSO-17-11A-RLPAIG,0.0,1.5153205665742224,0.0,0.0,-0.6843313316752717,-1.0642656196755622,-0.6843313316752717,-0.4396260130590455,0.010807191000121855,-0.7614501592596573,-1.349779428673227,-0.7051883430189582,-1.090975018351198,-0.7865219862032076,0.6651985840429508
CSO-17-11B-CDBEBU,0.0,3.1751720894115096,0.0,0.0,-0.34079285490611655,-0.6969592189652536,-0.34079285490611655,-0.10624008579510254,-1.6190911993102242,-0.34800381622704296,-2.0312021371780324,-1.683608977896003,-1.7330043983176273,-1.6876442846827455,-0.18551015158632386
CSO-17-11C-JDAAG,0.0,1.5219035661486497,0.0,0.0,-0.5476191448197186,-1.000439679724026,-0.5476191448197186,-0.26850191176423965,0.5088691460300557,-0.5817301474211052,-1.295908431382651,-0.6729263333233322,-0.5455525678315372,-0.2358486868275997,0.42013045260310655
CSO-17-11C-MAPAMA,0.0,1.8426613416316096,0.0,0.0,-0.498649305301266,-0.9325465014831742,-0.498649305301266,-0.2688752294412637,-0.768649332504501,-0.5518827270403857,-1.512803349479357,-1.0041286914778782,-0.7769443577847569,-0.8381085833966868,1.2575906015455094
CSO-17-11C-MCAAG,0.0,1.5847164692551097,0.0,0.0,-0.6265737598924861,-0.9965588110189851,-0.6265737598924861,-0.395944761224475,-0.7644878468441312,-0.7184164338381127,-1.357779523688353,-0.7452032237717302,-1.8479244865464155,-1.620613181153657,3.524468240980795
CSO-17-11C-SARJA,0.0,1.198884168876592,0.0,0.0,-0.8419193761551007,-0.37670806024265424,-0.8419193761551007,-0.6134648235402209,0.25872427914000445,-1.0280963330143988,-1.1011963899194326,-0.5799649633129195,-1.2174451317796666,-1.2350817955232916,2.772669142742938
CSO-18-11A-ADBAHO,0.0,2.005904495524645,0.0,0.0,-0.6683777232954452,-1.0203659153845075,-0.6683777232954452,-0.4931106175135092,-0.8571589390503535,-0.7896349852819992,-1.7781185241134239,-1.2111583256274898,-1.3347219021563814,-1.6126941365097318,3.2316963773134937
CSO-18-11B-YLLRE,0.0,1.9435934654156608,0.0,0.0,-0.6199755560855988,-0.6006576861209901,-0.6199755560855988,-0.44864485257320375,-0.7926541897431483,-0.7376801436757472,-1.5525356008112123,-1.0896998522419943,-1.174587088255422,-1.222730151713652,2.364977201646025
CSO-18-9B-MAMOLO,0.0,1.2984658931473567,0.0,0.0,-0.7370082304078301,-1.0962735554088316,-0.7370082304078301,-0.49910842346800977,-0.0938693172288559,-0.8518979118031788,-1.1605557539694262,-0.476042866921467,-1.1944970304841978,-0.9408252185702194,1.9500973264478034
CSO-8-3A-DAPAVA,0.0,1.7043684243992763,0.0,0.0,-0.5680187657337243,-0.5373503690638434,-0.5680187657337243,-0.34528068701671033,-0.36895508724594756,-0.6247784274480425,-1.452620021600408,-1.0194095925024358,-1.2876073001295463,-1.1156884270222558,0.9767899647302819
CSO-8-4A-ARAGR,0.0,1.942807582647206,0.0,0.0,-0.5714102035621713,-0.9672630271992588,-0.5714102035621713,-0.3605503598501843,-1.1435557760046053,-0.6354105340813845,-1.6390983170980598,-1.1481661943373473,-1.734126099653796,-1.6623487907100778,3.2174713911209802
CSO-9-2A-EXMOCO,0.0,1.2897274165425123,0.0,0.0,-0.6106010463243895,-0.2075552104943642,-0.6106010463243895,-0.3631134532591,-0.4787308317407028,-0.6776479857056737,-1.1467105804090318,-0.8763320484331573,-1.1051389394223852,-0.9911206438276382,1.2162746827090578
CSO-9-4A-AGAPE,0.0,2.668437988458508,0.0,0.0,-0.5452883114537029,-0.8521800629189654,-0.5452883114537029,-0.393700115235457,-1.7708856065983283,-0.6990356601202491,-2.1799318676054957,-1.7841511812376085,-1.9442880903372943,-1.794833576249855,-0.6573182713969189
CSO-9-4A-DKVIMO,0.0,1.3518250748606682,0.0,0.0,-0.6494781896475101,-0.4924857717738301,-0.6494781896475101,-0.3620546891701511,-1.2801403790015982,-0.7244119784086251,-1.173033447841293,-0.728186108913167,-1.2227980741581344,-1.360546912547805,0.7238924601728712
CSO-9-4A-DSMOMU,0.0,2.371004943639412,0.0,0.0,-0.4461147465820138,-0.9408695215893597,-0.4461147465820138,-0.2970197164723164,-1.179300751729181,-0.5033561573400964,-1.8264801918272044,-1.3348774544084436,-1.628715468533828,-1.600716356878747,1.9089954312074313
CSO-9-4A-DVGATO,0.0,2.268451916343522,0.0,0.0,-0.6343529343005527,-0.9327325119284717,-0.6343529343005527,-0.4415896261969421,-1.090782996189663,-0.7494451987798624,-1.9062980431940575,-1.4566411504135972,-1.6183489025009485,-1.6143048248882357,3.8245055614246333
CSO-9-4A-EGCAMO,0.0,1.285024673418551,0.0,0.0,-0.7769389826174306,-0.7168441797431793,-0.7769389826174306,-0.486179662682769,-0.5253527107425657,-0.8448510775467342,-1.1561483969693482,-0.5881582577896532,-2.00878746769619,-1.5333217359760882,2.7697798998183645
CSO-9-4A-FAGIGA,0.0,2.1281831142181304,0.0,0.0,-0.7305300471651177,-0.9152944397544557,-0.7305300471651177,-0.4418360821684622,-2.3779276570993613,-0.8219535608148234,-1.8723960493972147,-1.290314843848515,-2.0285416929576865,-2.2548627858161225,4.045092835867458
CSO-9-4A-GSBRCO,0.0,0.8925563123502895,0.0,0.0,-0.9496333965631564,-1.2682806577644539,-0.9496333965631564,-0.6040439839709142,0.0842819785376811,-1.0904129823568398,-0.8353898430074262,0.23842445717324195,-1.351269918359926,-1.1892565414332064,3.0041019726664056
CSO-9-4A-LCOMO,0.0,0.48432210483785365,0.0,0.0,-1.1525652085814473,-1.3420703177375473,-1.1525652085814473,-0.9506541513652698,0.5901334093700716,-1.4685194996208846,-0.48432210483785315,0.9574571560252321,1.0279458937667312,-0.10470064430748571,1.1245482116432057
CSO-9-4A-MLORO,0.0,0.9289461524397375,0.0,0.0,-0.8635222001498635,-0.19095276911488748,-0.8635222001498635,-0.6149767154838067,-1.033800372015773,-1.016764873024264,-0.8816175887740082,-0.4606950504611289,-1.5726089184612728,-1.6031649847119782,3.1866592858123295
CSO-9-4A-MPAME,0.0,1.3093553203596342,0.0,0.0,-0.5941857638580688,-1.0089465987040611,-0.5941857638580688,-0.34548546088132853,-0.2368781128370616,-0.671276373885845,-1.1421033724053415,-0.5680370258672663,-1.197157906531428,-0.8542722161942585,1.2073295287247976
CSO-9-4A-NSARPA,0.0,1.282950471387288,0.0,0.0,-0.7247071350723189,-1.021400566473908,-0.7247071350723189,-0.46710107282417734,0.48417523464420553,-0.8677993239007219,-1.1354119231128021,-0.5949273073387392,-1.5530591047305198,-1.1582534958232567,1.5485526001257766
CSO-9-4A-SLOCA,0.0,1.3950368977657706,0.0,0.0,-0.8489492083971341,-1.1397757014186278,-0.8489492083971341,-0.831784016934645,-0.021165107463195304,-1.2199275451288796,-1.281529659865964,-0.6638091527225142,-1.6851507019097463,-1.4787652741319308,3.5365983219073125
