file,z_wc,z_nodes,z_edges,z_re,z_pe,z_l1,z_l2,z_l3,z_lcc,z_lsc,z_atd,z_density,z_diameter,z_asp,z_cc
CDMS-10-4A-JURAN,0.0,2.0332772710881057,0.0,0.0,-0.5848576529912459,-0.9373938798390327,-0.5848576529912459,-0.41462671985207333,-1.5474750136745927,-0.6696435295229839,-1.6924117845325675,-1.218178306011853,-1.1410409451196797,-1.318903516825089,0.6507651390952338
CDMS-10-5A-HEPIHO,0.0,1.4444444444444453,0.0,0.0,-0.7293249574894728,0.06898830747274115,-0.7293249574894728,-0.5345575471253441,-0.03382550457458695,-0.8706820321593732,-1.351311129131209,-1.054191827125009,-2.2231793483584177,-1.8520986934941557,1.0722428073819887
CDMS-10-5A-KSRAGU,0.0,1.720230683577616,0.0,0.0,-0.6822026129759156,-0.03005353039004498,-0.6822026129759156,-0.40059463815211727,-0.8567738354198948,-0.7700187505188856,-1.5419581455257418,-1.2668475856319334,-1.7281845143932866,-1.5660822389417024,2.6417622780751
CDMS-10-5A-SROPU,0.0,2.4600447314922946,0.0,0.0,-0.5465357250000211,-0.8223329808443811,-0.5465357250000211,-0.29488391230979427,-2.0791177816976507,-0.5745868674211271,-1.963832964051134,-1.4925096862059029,-1.4965702197892297,-1.6913676775433135,-0.33206159161572935
CDMS-10-5A-SZURO,0.0,1.8793500221054433,0.0,0.0,-0.4560133740846948,-1.004297484029669,-0.4560133740846948,-0.2846177714470808,-0.3928470712009393,-0.5141322074629336,-1.606962989844364,-1.152084856371826,-1.0298592657734758,-0.8837460480536361,1.6247331600570272
CDMS-10-5B-SRAJA,0.0,2.1106272675894706,0.0,0.0,-0.6649969879601111,-0.022743751670673544,-0.6649969879601111,-0.4220853257742354,-1.1785932419342744,-0.72358839639501,-1.8008842469971937,-1.5559767290254811,-2.4066841513364965,-2.260117050795507,2.838230025271389
CDMS-10-5C-DAAUSA,0.0,2.3326715522958317,0.0,0.0,-0.5650320466312655,-0.880643784118896,-0.5650320466312655,-0.36927447293799814,-0.47152455018382466,-0.6859943405700352,-1.8614935347278674,-1.555433787567307,-0.6697205446030638,-1.0252404413305105,0.8336866596346098
CDMS-10-5C-ICAPA,0.0,1.571428571428571,0.0,0.0,-0.6236095644623236,-1.1717001988274147,-0.6236095644623236,-0.33333333333333337,-0.6429833293620107,-0.6726022302119343,-1.3722184106296906,-0.6242859664163231,-0.5373772707982376,-0.6486848802331486,1.6984603430399805
CDMS-10-5C-JFALGI,0.0,1.4298122448256467,0.0,0.0,-0.7235358237188819,-1.0059872251293054,-0.7235358237188819,-0.4500026429720405,0.3580682281971199,-0.7586957138163695,-1.312844099797081,-0.624307108190783,-1.5217782291506445,-1.065536366051678,1.869201243435778
CDMS-10-5C-MAORTO,0.0,1.3389594082846539,0.0,0.0,-0.7145446229081066,-1.2676690228914733,-0.7145446229081066,-0.4071892788474301,-0.35450928197437165,-0.779152339174919,-1.1719961924958537,-0.3858428445207326,-0.6463931265677829,-0.6546326378474283,1.7620242767371752
CDMS-10-6B-ASCACO,0.0,0.9610744623271414,0.0,0.0,-0.5793584501023474,0.05006261743217593,-0.5793584501023474,-0.29488391230979427,-0.45714439920786093,-0.6666386736928906,-0.9068205238163597,-0.6437184794253221,-0.59256775500325,-0.43088814166174194,-0.43357392730052935
CDMS-11-4A-GACHSA,0.0,1.372812945967288,0.0,0.0,-0.6236095644623236,-1.0653526916680511,-0.6236095644623236,-0.33333333333333337,-0.6324989360575136,-0.6726022302119343,-1.2524165487207335,-0.6242859664163231,-0.5373772707982376,-0.5878041098971,1.1213582728449345
CDMS-11-5A-EAARCA,0.0,1.6954319380089697,0.0,0.0,-0.6118047822311619,-0.7665069496843218,-0.6118047822311619,-0.3141086228215638,-0.035667405233094425,-0.6527083690377489,-1.405811633390102,-0.9890929747130959,-0.9045153053967772,-0.5851462115563748,-0.29396090334952163
CDMS-11-5A-MGTHAR,0.0,2.2865573719406536,0.0,0.0,-0.6740299111372551,0.023462086394680327,-0.6740299111372551,-0.5272514980145447,-1.7778146166129845,-0.8598280386127097,-2.0238104565750645,-1.7425964586868117,-1.7861960593706694,-1.9311613976075903,3.2671466975838133
CDMS-11-6A-NMREPR,0.0,1.4265174344959863,0.0,0.0,-0.8220330353945173,-1.0334681539764132,-0.8220330353945173,-0.518538227377475,-1.52377614984126,-0.8388981122522221,-1.3190893795525733,-0.6348807920162199,-1.345216101944657,-1.6975949100811385,2.326925135351926
CDMS-11-6B-ARAHE,0.0,1.5504315762261747,0.0,0.0,-0.5793584501023474,-0.9774180268277938,-0.5793584501023474,-0.3865556717425342,-0.6612416337794929,-0.6666386736928906,-1.3070111475603596,-0.8440349981429139,-1.2418058458735637,-1.1658741921351183,2.6006047952171705
CDMS-11-6B-AVROTO,0.0,1.9363857676527638,0.0,0.0,-0.6817897085316338,0.17402684455424128,-0.6817897085316338,-0.45734832501860107,-0.8466676511321602,-0.7345001391689702,-1.7101038714040908,-1.472659157380139,-1.7159471385328182,-1.6461131113874834,0.9141336894270373
CDMS-11-6B-EAFESA,0.0,2.3020177340801045,0.0,0.0,-0.46852128566581813,-0.9271726499455307,-0.46852128566581813,-0.30151134457776363,-0.4074074074074077,-0.5374767446821003,-1.836356931347285,-1.3257200508211204,-0.9685517963766118,-1.0755536491998807,1.5398744467382561
CDMS-11-6B-EFRGR,0.0,1.6000699070800959,0.0,0.0,-0.5793584501023474,-1.0140993866100705,-0.5793584501023474,-0.33333333333333337,-1.6443843832875569,-0.6469966392206306,-1.399189317301093,-0.8440349981429139,-1.8035102415288633,-2.036174699452576,3.045808655722227
CDMS-11-6B-EROCO,0.0,0.9839584362944952,0.0,0.0,-0.8664712341376681,-0.14708710135363814,-0.8664712341376681,-0.5222329678670935,-0.6261159257679,-0.9860235863218757,-0.8788621354336643,-0.3301128006379029,-0.9126134824596254,-0.8419005668368419,1.0922946193420981
CDMS-11-6B-JACUPE,0.0,0.937034681098655,0.0,0.0,-0.8774635771464273,-1.1212142044033093,-0.8774635771464273,-0.7217056070661431,1.097122029596388,-1.1462213322699835,-0.8803684619865022,-0.14309864814074752,-1.3337501656646047,-1.157744869047106,1.9334521932588364
CDMS-11-6B-JDCHBA,0.0,1.0741332637369,0.0,0.0,-0.7720346004719034,-1.0795322835112493,-0.7720346004719034,-0.5241424183609591,-1.335877464650292,-0.9454329301364374,-1.0052983441170273,-0.3337576408445644,-2.773360724685634,-2.054137548420882,5.030732082359665
CDMS-11-6B-JFSAHE,0.0,1.7544233081604559,0.0,0.0,-0.5718121520376871,-0.9707967082878766,-0.5718121520376871,-0.3076210332094208,-0.56942623666514,-0.6014676022559131,-1.4648286275732945,-1.0057808830674801,-1.0132067485581624,-0.8940513012370341,0.5666637360629074
CDMS-11-6B-JLPENA,0.0,1.7981317840404716,0.0,0.0,-0.5488212999484517,-0.8532836460275505,-0.5488212999484517,-0.3203581541090473,-0.4885138148673662,-0.5559385652911958,-1.4733821164756162,-0.9477614340904178,-1.376758334221415,-1.068776450711503,1.4672688835431065
CDMS-11-6B-JMARME,0.0,2.038098661460272,0.0,0.0,-0.4525696378552518,-0.935759658214234,-0.4525696378552518,-0.29488391230979427,-0.7707302980201671,-0.4937419311010187,-1.5269702769283708,-1.2853486423046225,-0.5180653234396059,-0.700471539450234,0.0
CDMS-11-6B-JPSAMA,0.0,0.6081636405595374,0.0,0.0,-0.6,-1.1725082063309369,-0.6,-0.29488391230979427,0.7965833358652985,-0.6738202810148577,-0.6081636405595381,0.5383832909272392,-0.10998081114469187,-0.19245008972987557,1.109069719196381
CDMS-11-6B-LESTA,0.0,0.9801960588196068,0.0,0.0,-0.6923076923076923,-1.020204061220407,-0.6923076923076923,-0.33333333333333337,-0.10979692792493423,-0.7300956427599691,-0.9801960588196068,-0.2214201194227363,-0.7657833824412567,-0.4350922325627828,0.0
CDMS-11-6B-MEBRTA,0.0,1.7231104412809768,0.0,0.0,-0.5730341859692644,-0.833488717556915,-0.5730341859692644,-0.29734543908720157,0.3157919586591457,-0.6424903457386953,-1.3573612720853774,-0.9746515449642177,-0.5903088651648565,-0.3684133439172612,0.15867340245568956
CDMS-11-6B-MMAMO,0.0,1.5734988060323423,0.0,0.0,-0.7295441434213004,-0.07154074982218464,-0.7295441434213004,-0.5081496551031865,-1.6902158451850982,-0.8462711682626796,-1.4293311864026486,-1.1805199275884022,-1.3579581538019316,-1.6561672049927818,2.1916659594420507
CDMS-11-6B-RSECA,0.0,2.709229488651933,0.0,0.0,-0.43643578047198484,-0.8626621856275073,-0.43643578047198484,-0.14285714285714288,-0.8045904832286851,-0.4503169969735112,-2.0127770847496933,-1.5299494136054526,-1.1581484425547641,-1.146692467439814,-0.41204178970157607
CDMS-11-6B-SCAPA,0.0,2.070133208143936,0.0,0.0,-0.6152441624956403,-0.518647137363798,-0.6152441624956403,-0.3427253226261329,-1.1878732504467238,-0.6950751731649338,-1.7291162384858796,-1.4505337145153014,-1.0099401788774294,-1.0313524518387691,1.2385471263026575
CDMS-11-6B-VZAPE,0.0,1.8899430202441803,0.0,0.0,-0.4525696378552518,-0.9275697986423841,-0.4525696378552518,-0.29488391230979427,-0.5185185185185182,-0.4937419311010187,-1.5931115180861097,-1.1454436990821468,-1.229282513513926,-0.9967832802676155,0.9063767827504927
CDMS-11-6B-YLNIME,0.0,1.6043853056733763,0.0,0.0,-0.6689718430134199,-1.043879313941117,-0.6689718430134199,-0.35803582583808063,-1.6733631788549057,-0.7290755194523759,-1.4502158210254743,-0.8154720283889586,-1.6606262475280569,-1.7241612700465114,6.179326224702423
CDMS-11-7C-ICARE,0.0,1.4687563574565674,0.0,0.0,-0.4374389065919981,0.5128914178476015,-0.4374389065919981,-0.2353735134189795,-1.3422008436201907,-0.4814096961425779,-1.2085962356144435,-1.2138996794779002,-1.4522307355399064,-1.2221672371646493,-0.44098548123157655
CDMS-11-7C-IMOIB,0.0,1.7998447411958312,0.0,0.0,-0.6587131135923012,-0.196116135138184,-0.6587131135923012,-0.48705678739484887,-1.590009579670291,-0.7374337936822954,-1.5783060179016792,-1.254488151079546,-1.8831913889340925,-2.0417628487604866,3.1548563418297513
CDMS-11-7C-SALMA,0.0,1.3181753815731152,0.0,0.0,-0.9093094355263153,-0.07947253894903104,-0.9093094355263153,-0.7206890354708523,-0.19588564782768533,-1.1166853845078168,-1.2473119789550096,-0.8858600509717127,-1.4878441559157838,-1.156451197968241,2.5064175978886376
CDMS-11-7C-SPGAVE,0.0,1.4444444444444453,0.0,0.0,-0.880696034077061,-1.0808168170729435,-0.880696034077061,-0.5345575471253441,-0.6217872277925695,-0.8706820321593732,-1.351311129131209,-0.6862141102336669,-1.40281796520033,-1.1197424898931687,2.2798794093477435
CDMS-12-5A-SRIGO,0.0,1.5883749107881326,0.0,0.0,-0.5962850623676903,-0.9966493617336047,-0.5962850623676903,-0.3665083330689156,-0.9839995849203422,-0.6376304391833612,-1.3273074224079748,-0.7588606241031043,-1.2465392211747082,-1.1862056396389886,1.980045386679074
CDMS-12-6A-FAROPA,0.0,2.0172476106830732,0.0,0.0,-0.5615542097464608,-0.9890578601941822,-0.5615542097464608,-0.3076210332094208,-0.15569790813470302,-0.5919844960556209,-1.7499403126036195,-1.2562392454200202,0.061668047843428164,-0.15241770619945422,0.08441977284746699
CDMS-12-6A-JGIGA,0.0,2.004799878906596,0.0,0.0,-0.711643585451541,-0.9482237441613042,-0.711643585451541,-0.3665083330689156,0.9247289737602368,-0.6989262981388241,-1.7799484388561526,-1.1948802478866294,-1.3562322652247583,-0.4897354607782401,-0.1598802338651391
CDMS-12-6A-SROAL,0.0,1.6586920210528082,0.0,0.0,-0.513541428427644,-1.0314242852143838,-0.513541428427644,-0.138183448027043,-0.2399436806976681,-0.5336922691300066,-1.3766435658445886,-0.7780977407995886,-0.7628316372874887,-0.7988263100768747,0.6586279435771563
CDMS-12-6B-IJDAGA,0.0,1.7107148322804402,0.0,0.0,-0.626300100575299,-0.9960824399344579,-0.626300100575299,-0.34956331860724565,-0.6324989360575136,-0.7573358384663043,-1.4647429906095044,-1.0638003320445426,-0.9148104645077745,-0.9343362969983594,1.9019418522494407
CDMS-12-6B-SCLAG,0.0,1.0858766515278482,0.0,0.0,-0.41148302272317894,-0.9917893192694998,-0.41148302272317894,-0.14744195615489714,-0.12806035245616332,-0.44398974211463077,-1.0081599044945035,-0.2512553299368785,-0.3868735780496252,-0.38396726521940727,1.7466000234273578
CDMS-12-7C-CATRAR,0.0,1.7088837456264248,0.0,0.0,-0.5489456092345928,-0.9577281990170703,-0.5489456092345928,-0.3685746277208451,-0.6484419474346361,-0.6167243909818363,-1.512553302061411,-1.0295851541335104,-0.9372242101485548,-1.0423374964037433,1.9059703776070198
CDMS-12-7C-DLOLO,0.0,1.6305732042533074,0.0,0.0,-0.6113434140668979,-0.8091602425889239,-0.6113434140668979,-0.3377643330114816,-1.2936063802515543,-0.6806932005672008,-1.381643143115666,-0.9939824252042908,-1.860992727817841,-1.90157450092461,3.69058343284589
CDMS-12-7C-JSZAOR,0.0,1.2039707324401565,0.0,0.0,-0.626300100575299,-1.0276030450885552,-0.626300100575299,-0.3736323588785367,-1.444444444444444,-0.7592247407659276,-1.1204832031947958,-0.43606380889128776,-1.3085351164349377,-1.5393547528328575,2.308518926607187
CDMS-12-7C-MAROBE,0.0,1.2039707324401565,0.0,0.0,-0.6720712766608051,-1.1395348837209303,-0.6720712766608051,-0.36927447293799814,0.25298221281347055,-0.7291583221596406,-1.1204832031947958,-0.43606380889128776,-1.262309211580185,-1.012559962090739,1.1140437686828955
CDMS-12-7C-VMAPA,0.0,1.3573145169868968,0.0,0.0,-0.6152198555457548,-0.9455109766412951,-0.6152198555457548,-0.34956331860724565,-1.5162850110068706,-0.6469966392206306,-1.2152099886654362,-0.6629838183010764,-1.262309211580185,-1.4750704009771485,1.9771936211554464
CDMS-12-7C-VQURA,0.0,1.3242056990563291,0.0,0.0,-0.6589254672394583,-1.0231645520873407,-0.6589254672394583,-0.3710487539048761,-1.5992292783685331,-0.7145109704493966,-1.225272485998425,-0.4655290995615727,-1.2621587890211083,-1.366702292347647,2.154620139251831
CDMS-13-6B-JDTAHE,0.0,2.2073702048991484,0.0,0.0,-0.3144854510165755,-1.0182385849843445,-0.3144854510165755,0.0,-0.04204551788887002,-0.31448545101657577,-1.520938201258747,-0.9909500401039306,0.057831493196624076,0.021378999081972275,-0.14285714285714288
CDMS-13-7C-MVEAR,0.0,1.8789008905626616,0.0,0.0,-0.49205066630653316,-1.0033391234770457,-0.49205066630653316,-0.2528177449048476,-0.3582020518237365,-0.5325607988465934,-1.4626151718894755,-0.9575572792339848,-2.0187675078161194,-1.5760487546245177,2.1382424642837297
CDMS-13-7C-RAIZAC,0.0,2.5038550788849068,0.0,0.0,-0.3515615246553262,-0.7013363202894909,-0.3515615246553262,0.0,-1.5162850110068706,-0.35156152465532653,-1.5528841111615748,-1.3610596776174753,-1.761285797244294,-1.7670162444672861,-0.10050378152592122
CDMS-13-7C-SSOSLO,0.0,1.5739946800077214,0.0,0.0,-0.7177341139626152,-1.0362450453694132,-0.7177341139626152,-0.5356524814209211,-1.8925114312133624,-0.859453992881272,-1.3891741672934557,-0.8691173621088047,-1.7661480529676847,-1.785083123445332,3.602479653961205
CDMS-14-10A-IMORTO,0.0,1.372812945967288,0.0,0.0,-0.5793584501023474,-0.9774180268277938,-0.5793584501023474,-0.3736323588785367,-1.6695556309650146,-0.6469966392206306,-1.2152099886654362,-0.6629838183010764,-1.761285797244294,-1.7670162444672861,2.3730909795727313
CDMS-14-10A-JCVANI,0.0,1.4940625069718252,0.0,0.0,-0.6,-1.0653526916680511,-0.6,-0.3144854510165755,-0.6324989360575136,-0.6738202810148577,-1.327757345441599,-0.8159243477713879,-0.3848867061008784,-0.853762781026674,1.5808672064848703
CDMS-14-6B-KDCAHE,0.0,1.9669439838980256,0.0,0.0,-0.2634986034521615,-0.7583151971675777,-0.2634986034521615,0.0,-0.71598596589983,-0.282552928434554,-1.4673408367693828,-1.1552436069345093,-0.8633970960424555,-0.8633970960424548,-0.07142857142857144
CDMS-15-10A-AMALOS,0.0,1.4940625069718252,0.0,0.0,-0.5155800469472481,-1.0052310731814404,-0.5155800469472481,-0.29488391230979427,-0.8033676599446836,-0.5276448530110864,-1.3070111475603596,-0.8159243477713879,-1.761285797244294,-1.5382395711878676,3.0582966281399755
CDMS-15-10A-JJMACH,0.0,1.868442307689711,0.0,0.0,-0.6532254521036132,-1.0357019515749344,-0.6532254521036132,-0.5135410847568346,-1.6314969912888215,-0.7794857286256252,-1.6362493104347398,-1.1089544244257132,-1.229283531505411,-1.1093386203999849,3.3121257997478484
CDMS-15-10A-MAALCA,0.0,3.0563495049017217,0.0,0.0,-0.4936258837698759,0.5067542303073022,-0.4936258837698759,-0.17586311452816475,-1.8634994428667675,-0.5069719851645081,-1.9743464138391487,-1.6909509077180769,-1.2777651028929045,-1.511708975951266,-0.3544716940749347
CDMS-15-10A-MAALRI,0.0,1.4616222610967313,0.0,0.0,-0.4936258837698759,-0.06267707347241029,-0.4936258837698759,-0.21676993955124668,-0.6302560295762722,-0.5178178093282315,-1.2439612972139331,-0.9909500401039306,-1.1581484425547641,-1.0653508978607622,-0.14285714285714288
CDMS-15-10A-SGOMO,0.0,3.130807799365624,0.0,0.0,-0.3515615246553262,-0.7094154302694851,-0.3515615246553262,-0.12168046219153206,-1.9150488145188203,-0.35156152465532653,-2.0672174019145664,-1.6510569423819237,-1.9522311404711723,-2.0330747868903107,-0.10050378152592122
CDMS-15-10A-SHEGA,0.0,2.5533076283443097,0.0,0.0,-0.5641519475835701,-0.9829794734892129,-0.5641519475835701,-0.30151134457776363,-0.29645153961585985,-0.5675318095554224,-2.1305973919941144,-1.579067245694021,-1.1783186948251656,-1.3537296309123956,0.9514189346063613
CDMS-15-11B-JEMOLO,0.0,1.6460971455061484,0.0,0.0,-0.5440760894088581,-0.9593181688478007,-0.5440760894088581,-0.3174218025628114,-0.24738809028545292,-0.582594374363995,-1.4005697309586076,-0.8818428909309028,-1.7175327508152303,-1.191685576701937,1.2631948953302752
CDMS-15-11B-VSAHO,0.0,2.0969490175151337,0.0,0.0,-0.5923509817952624,-0.8912666023826784,-0.5923509817952624,-0.3434332435889814,-0.8744984452944582,-0.6575335294447684,-1.7939808632165257,-1.349162076281699,-1.5471868810457736,-1.7053699141208185,3.446080657399946
CDMS-16-10A-SGALO,0.0,0.8551861104941356,0.0,0.0,-0.7423074889580903,-1.16847125655678,-0.7423074889580903,-0.46279762485732295,-1.3732245648508628,-0.9018570996781284,-0.814548707554632,-0.1260542826329358,-1.3889326327319538,-1.4288511416533132,2.77274753292658
CDMS-16-11B-NGABE,0.0,1.7795086796252795,0.0,0.0,-0.785586085089129,-1.1544595125282662,-0.785586085089129,-0.6326287259940794,-1.9515018619383868,-0.9984959290264257,-1.5467672162701755,-0.8013198088535236,-2.4785962316819017,-2.498344744371359,4.592675321839675
CDMS-17-10A-ASSAMO,0.0,2.1760540589805295,0.0,0.0,-0.5948030041269223,-0.9774180268277938,-0.5948030041269223,-0.3144854510165755,-0.9648221651451785,-0.6448314199366041,-1.8690001692215295,-1.2433651124604204,-1.8035102415288633,-1.4425117069432987,2.5163828310013665
CDMS-18-7C-VVECA,0.0,1.689202348079592,0.0,0.0,-0.7195161974461485,0.021944314653247088,-0.7195161974461485,-0.43395989037512384,-1.9848894017551004,-0.7590228339045202,-1.5230159369030354,-1.284675400711795,-1.8150631718195653,-2.026057307025783,2.6688342420671365
CDMS-8-4A-DOSTR,0.0,1.7981317840404716,0.0,0.0,-0.5488212999484517,-0.8532836460275505,-0.5488212999484517,-0.3203581541090473,-0.4885138148673662,-0.5559385652911958,-1.4733821164756162,-0.9477614340904178,-0.2254938084008485,-0.555411732849162,1.6276219659734639
CDMS-8-4A-LGOPA,0.0,1.571428571428571,0.0,0.0,-0.6236095644623236,-1.1717001988274147,-0.6236095644623236,-0.33333333333333337,0.18135427238415663,-0.6726022302119343,-1.3722184106296906,-0.6242859664163231,-1.480144412549532,-0.932691603570918,1.1266536592114786
CDMS-9-4A-CARGA,0.0,0.7941798496895723,0.0,0.0,-0.6,-1.0052310731814404,-0.6,-0.19769384691785774,0.7965833358652985,-0.657401693281825,-0.7941798496895724,0.10444364374472079,0.353257884891517,0.31202324559892525,0.5545348595981905
CDMS-9-4A-CRAAG,0.0,0.5938549300743089,0.0,0.0,-1.0501427756584385,-1.3712144325969637,-1.0501427756584385,-0.6490081897780723,0.6485993952364342,-1.1625749814768969,-0.5892366111618605,0.9841611685980864,-0.46551421766301293,-0.5957106053548329,1.9942772954639603
CDMS-9-4A-EROHI,0.0,1.709752605834732,0.0,0.0,-0.5159640439787996,-0.9957587067189322,-0.5159640439787996,-0.29533990848723285,-1.0164340764662931,-0.5750034591078612,-1.4192970867258032,-0.849386214024023,-1.7310374868246046,-1.7231579269357684,3.4404429693826812
CDMS-9-4A-ILOSE,0.0,1.6342414976144224,0.0,0.0,-0.7145446229081066,-0.7428041493700419,-0.7145446229081066,-0.4071892788474301,-0.7197798608412365,-0.7376465810134594,-1.4677258559043915,-0.8571492506942658,-1.1581484425547641,-1.0356461014679708,0.8308727462050767
CDMS-9-4A-TGAFR,0.0,2.4451776731001096,0.0,0.0,-0.3144854510165755,-0.7428041493700419,-0.3144854510165755,0.0,-0.4074074074074077,-0.31448545101657577,-1.5528841111615748,-1.3610596776174753,-0.8964171283339288,-0.559292043734017,-0.14285714285714288
CDMS-9-4C-SCAMO,0.0,2.1804369179451553,0.0,0.0,-0.5932718246771004,-0.973157921791829,-0.5932718246771004,-0.3489619803281151,-2.2586888282717146,-0.647650431541325,-1.8027435137510213,-1.3681670664699437,-2.213079462578143,-2.282370213990096,4.229331698939829
CDMS-9-5A-ABERO,0.0,0.8862073589004575,0.0,0.0,-0.8581260585794072,-0.41210729962407633,-0.8581260585794072,-0.5376161795164599,-0.7647095236430894,-0.9724132056974724,-0.8106613237934768,-0.48818146190585493,-1.505836812274969,-1.1554826045117716,0.8616169199564812
CDMS-9-5A-PAGACO,0.0,1.3946304276019523,0.0,0.0,-0.7943633583307068,-0.01938315138255342,-0.7943633583307068,-0.6634525373202305,-1.1079698074600812,-1.0083741165370896,-1.2665306762244837,-1.0321993005029424,-2.149512379124526,-1.9612759224276806,4.390116008211351
CDMS-9-5A-VVAAR,0.0,1.3573145169868968,0.0,0.0,-0.6152198555457548,-0.9455109766412951,-0.6152198555457548,-0.3736323588785367,-1.5380098631139434,-0.6469966392206306,-1.2152099886654362,-0.6629838183010764,-1.563629226704791,-1.7054679041367293,2.225687600244252
CDMS-9-5C-JDMADE,0.0,2.038098661460272,0.0,0.0,-0.3515615246553262,-0.9801960588196068,-0.3515615246553262,-0.17586311452816475,-1.4673209311081783,-0.37371754637596794,-1.5269702769283708,-1.1454436990821468,-1.480144412549532,-1.957153742130656,2.67980593435532
CDMS-9-5C-LVIZAC,0.0,1.372812945967288,0.0,0.0,-0.5155800469472481,-1.0475005644810669,-0.5155800469472481,-0.2294157338705618,-0.8033676599446836,-0.5276448530110864,-1.1809114468675066,-0.4437517397572277,-1.480144412549532,-1.7670162444672861,2.3714505700861697
CDMS-9-5C-MLOGO,0.0,1.1849379695306275,0.0,0.0,-0.6338605325838134,-0.9850589771978813,-0.6338605325838134,-0.32322271848256023,-0.031131879640724336,-0.7003545442413848,-1.0605002015341431,-0.49183214767498284,-0.5965861087554925,-0.6075051843237773,1.093094216470075
CDMS-XX-10A-VGILO,0.0,1.7981317840404716,0.0,0.0,-0.5488212999484517,-0.8532836460275505,-0.5488212999484517,-0.3203581541090473,-0.900951470178814,-0.5559385652911958,-1.4394048561505135,-0.8547374299051321,-0.7633700367119737,-0.6308006675549771,1.6276219659734639
CDMS-XX-5C-MJSARU,0.0,2.1178897235842915,0.0,0.0,-0.575944509329039,-1.0757374134477222,-0.575944509329039,-0.32684574372119035,-1.5047255325509865,-0.611458096844957,-1.7442170465255278,-1.3009239396348065,-1.224517701748524,-1.7077311582851789,2.7118571413982897
CDMS-XX-5C-MPCAQU,0.0,0.9839584362944952,0.0,0.0,-0.6821894844842487,-1.191849690096802,-0.6821894844842487,-0.3141086228215638,1.0575655986027717,-0.7216760522826435,-0.892841329625012,-0.0599066588993645,-1.3585723620575683,-0.7656773993068291,1.0470822998214022
CDMS-XX-6B-SPUCA,0.0,1.2039707324401565,0.0,0.0,-0.7473298985080157,-1.0276030450885552,-0.7473298985080157,-0.4525696378552518,-1.7530751639705076,-0.8071141923450709,-1.1204832031947958,-0.43606380889128776,-1.376758334221415,-1.7176354972004875,3.490451567996565
CSO-10-4A-KCOMO,0.0,1.372812945967288,0.0,0.0,-0.4714045207910317,-0.9783475653575591,-0.4714045207910317,-0.2294157338705618,-0.8033676599446836,-0.5079907656453765,-1.1809114468675066,-0.5518370222404558,-1.6561887710781977,-1.7670162444672861,3.0582966281399755
CSO-10-4A-LRAVI,0.0,2.4011524877893837,0.0,0.0,-0.4485495880814202,-0.8770000845758121,-0.4485495880814202,-0.1593601286926538,-0.8011005509063365,-0.46668670893786446,-1.898233846431931,-1.4027942001941902,-1.309568842459079,-1.1191358516779049,1.7043253361698922
CSO-10-4A-LSCAVA,0.0,1.1765045023934477,0.0,0.0,-0.4525696378552518,-0.9481897223913966,-0.4525696378552518,-0.10050378152592122,0.28395497206334525,-0.45256963785525156,-1.0805537528435567,-0.3319842095749829,-0.5277212971189218,-0.29942389781999823,0.0
CSO-10-5A-ACAVA,0.0,1.584222333613145,0.0,0.0,-0.46054546176053496,-1.0328695747327057,-0.46054546176053496,-0.20100756305184242,0.6242097274960533,-0.49654891275385504,-1.2138793625375532,-0.6145684529700434,0.05998423489837193,0.1118728059666051,0.0371437652422644
CSO-10-5A-ARACA,0.0,1.8194353045893685,0.0,0.0,-0.44202681906675734,-0.9971477227148386,-0.44202681906675734,-0.20412414523193154,-0.04204551788887002,-0.4668426207481715,-1.4235581263804542,-0.9241645183640389,-0.2985111570629966,-0.09622504486493778,-0.07142857142857144
CSO-10-5A-DABRZA,0.0,1.1909797880357287,0.0,0.0,-0.711643585451541,-1.007648294978144,-0.711643585451541,-0.4071892788474301,-0.02843825470686172,-0.7559289460184544,-1.084876652898886,-0.6143391227538294,-0.23003427296527143,-0.29338009042696117,1.3016663178745052
CSO-10-5A-GZAMA,0.0,2.3056176808149216,0.0,0.0,-0.6255432421712244,-0.8191674960786206,-0.6255432421712244,-0.28193917035448735,-0.677404969360643,-0.6173003741882411,-1.9664433191954025,-1.4667206750008401,-0.9594919492966377,-0.843850174184325,1.718765974077133
CSO-10-5A-IPECA,0.0,2.303817707447513,0.0,0.0,-0.5470322639185212,-0.8731700730120757,-0.5470322639185212,-0.2917252574661255,0.5733667313092021,-0.5773885594351706,-1.9014001252713437,-1.3962203629109804,-0.6926609197994238,-0.32804828758677673,-0.5463141735710761
CSO-10-5A-JANORO,0.0,2.5038550788849068,0.0,0.0,-0.3865556717425342,-0.8626621856275073,-0.3865556717425342,-0.27435163058436723,-1.5162850110068706,-0.4503169969735112,-1.836356931347285,-1.3610596776174753,-1.4663194228352217,-1.7987305440911712,3.14550468044292
CSO-10-5A-JBUVE,0.0,1.7942651188432235,0.0,0.0,-0.4760079137096165,-0.7433973790784268,-0.4760079137096165,-0.18999362988004814,-0.7707302980201671,-0.4716131199483677,-1.4169907122443652,-1.1047565803343307,-0.9760408909281524,-0.6304316353670718,0.3905698037790044
CSO-10-5A-JJSEMO,0.0,1.142370275244932,0.0,0.0,-0.6915902248633701,-0.9865570108649251,-0.6915902248633701,-0.41310099836689423,0.9021168197514766,-0.7408094826663082,-1.0296211120019592,-0.4422019688619064,0.38694998435696004,0.6322740842161627,0.6094572339284806
CSO-10-5A-JLCARI,0.0,1.4698288841856129,0.0,0.0,-0.8194030960149822,-1.0948198791658994,-0.8194030960149822,-0.5187282219106664,-0.10058264898827204,-0.8867958872574508,-1.3578762921682606,-0.7075400240713228,-0.9037207013255748,-0.6596597644596554,1.7550391702343564
CSO-10-5A-MAARAN,0.0,2.0259739177506044,0.0,0.0,-0.41350992247619744,-0.8539202438954316,-0.41350992247619744,-0.2142543454240602,0.15036724569517465,-0.4533929470632411,-1.575171387591074,-1.101597549734794,0.2695237905620833,0.31221641085691143,-0.403480950845736
CSO-10-5A-MAOSMO,0.0,2.451941530202146,0.0,0.0,-0.4936258837698759,-0.8819171036881969,-0.4936258837698759,-0.27435163058436723,-1.254512696831876,-0.5069719851645081,-1.902380777261696,-1.3989396662508995,-1.3712193649233437,-1.5274626202872839,1.9645510852894896
CSO-10-5A-RVMOIB,0.0,1.5490104672861436,0.0,0.0,-0.6255432421712244,0.26978563311688153,-0.6255432421712244,-0.46279762485732295,-1.3227803028341831,-0.6989262981388241,-1.4042921425202042,-1.2474299483547044,-1.6115589663919445,-1.3501931923272847,1.2895808366733088
CSO-10-5A-SVHEES,0.0,1.367351383312816,0.0,0.0,-0.7381051253765321,0.032556809195484274,-0.7381051253765321,-0.5089133578079825,-0.25038157256099536,-0.8346223261119858,-1.2524165487207335,-1.0343158811877446,-1.443562780851213,-0.7656773993068291,-0.7228074104463555
CSO-11-5A-MDVOSPE,0.0,1.486441426523692,0.0,0.0,-0.5793584501023474,-0.9845942079329987,-0.5793584501023474,-0.3865556717425342,-0.9676421713492278,-0.6666386736928906,-1.2900503820842997,-0.6438933689500708,-1.648913982978575,-1.6888551761366992,2.4678884027579144
CSO-11-5A-MTAGA,0.0,1.0769184970725112,0.0,0.0,-0.7773592178746767,-1.0514768557868504,-0.7773592178746767,-0.46471112335726183,0.4686930120331502,-0.870976266170165,-0.9529539943634155,-0.19500972976863368,-1.6248468968404626,-0.9769641236654172,1.9344916823383498
CSO-11-6A-CAPAMU,0.0,1.8957893063357791,0.0,0.0,-0.3515615246553262,-0.786333650994934,-0.3515615246553262,0.0,-0.6612416337794929,-0.35156152465532653,-1.407711396610395,-1.0251385715643964,-0.8799071121881922,-0.8633970960424548,0.0
CSO-11-6A-DSCACH,0.0,2.071984105482437,0.0,0.0,-0.5974015020634611,-0.8945216521208923,-0.5974015020634611,-0.3076210332094208,-0.7111277595945935,-0.6368988067061778,-1.5131331138185955,-1.1544105558539466,-1.4322066441109247,-1.226122993643017,-0.311597604938319
CSO-11-6A-EROMO,0.0,2.274779613271224,0.0,0.0,-0.38176043394693904,-0.7602532466694116,-0.38176043394693904,-0.18999362988004814,-1.2477792327826447,-0.40925652639651616,-1.7939808632165257,-1.342144154277761,-1.0203729274129945,-1.0487949799823701,-0.21837210817274305
CSO-11-6A-FSOVRE,0.0,1.169878557850527,0.0,0.0,-0.6929177655843248,-1.0314212462587935,-0.6929177655843248,-0.4472135954999579,-1.4359163172354763,-0.7797448466192796,-1.084876652898886,-0.3301128006379029,-1.713151624968069,-1.8568828201139256,2.9739804339151004
CSO-11-6B-ANREVA,0.0,1.8437383023453084,0.0,0.0,-0.6798725767534831,-0.9921198272788452,-0.6798725767534831,-0.48705678739484887,-0.4274014840757999,-0.817123488220949,-1.5635928025042956,-1.129951737137389,-0.8866280136087646,-1.019538753007858,2.8774903809103667
CSO-11-6B-LHFDLACH,0.0,2.5038550788849068,0.0,0.0,-0.3144854510165755,-0.7302967433402214,-0.3144854510165755,-0.17586311452816475,-1.5162850110068706,-0.33333333333333326,-1.9046344059815448,-1.5299494136054526,-1.214519476780067,-1.3197754391107839,-0.26231118312755486
CSO-11-6B-RJGIHE,0.0,1.3573145169868968,0.0,0.0,-0.6152198555457548,-0.9455109766412951,-0.6152198555457548,-0.3736323588785367,-0.8767663931498335,-0.6469966392206306,-1.2152099886654362,-0.6629838183010764,-1.563629226704791,-1.5231016084448898,1.47652468033948
CSO-11-6B-SFLVA,0.0,2.451941530202146,0.0,0.0,-0.43148400027826295,-0.7902097499986017,-0.43148400027826295,-0.20412414523193154,-0.042896555759327125,-0.4503169969735112,-1.902380777261696,-1.3989396662508995,0.16379888944729443,0.09898485825214617,-0.36522548263867677
CSO-11-6B-VCOMA,0.0,2.1093513894640497,0.0,0.0,-0.6658934009781735,-1.0471494042373874,-0.6658934009781735,-0.5024347950801481,-1.083887972423139,-0.7884718855810758,-1.8256786566603507,-1.22028760666214,-2.610372993570026,-2.239894336860348,3.5859748091095947
CSO-12-6A-DGISE,0.0,2.5038550788849068,0.0,0.0,-0.3144854510165755,-0.6834296476214932,-0.3144854510165755,0.0,-1.5162850110068706,-0.31448545101657577,-1.5528841111615748,-1.3610596776174753,-1.4430751791844465,-1.4750704009771485,-0.14285714285714288
CSO-12-6A-FJOVRE,0.0,2.9242857799517816,0.0,0.0,-0.3515615246553262,-0.7510708641640906,-0.3515615246553262,-0.10050378152592122,-1.2944771357120128,-0.3626395355156472,-1.8693874395154384,-1.4952886115164696,-1.593387130926435,-1.3933415832009581,-0.2867717873691147
CSO-12-6B-GQULO,0.0,1.367351383312816,0.0,0.0,-0.6720712766608051,-1.0730304852662655,-0.6720712766608051,-0.4034732923929645,-1.1105384204245068,-0.713256461805318,-1.1809114468675066,-0.4257815533138098,-1.761285797244294,-1.821299515661134,2.736735931237323
CSO-12-6B-LJHEFE,0.0,2.5371121857278953,0.0,0.0,-0.5641519475835701,-0.8321954658113967,-0.5641519475835701,-0.25264557631995566,-0.37110297385330093,-0.5675318095554224,-2.037773969546594,-1.579067245694021,-0.9148104645077745,-0.9497482185177535,-0.4803380670194951
CSO-12-7A-DALRE,0.0,0.5488212999484517,0.0,0.0,-1.0242950394631678,-1.3130578250430878,-1.0242950394631678,-0.7736166983656999,0.6835067426013198,-1.205621649802698,-0.5377736331733646,0.6356077095076164,-0.6006044625077348,-0.541951207810511,1.6997321580216849
CSO-12-7A-ESALA,0.0,1.4616222610967313,0.0,0.0,-0.4714045207910317,-0.9403722994689296,-0.4714045207910317,-0.2294157338705618,-0.8033676599446836,-0.5079907656453765,-1.2439612972139331,-0.6749730358389243,-1.3873934452472636,-1.3658282392332846,2.0836831736681782
CSO-12-7A-IMERO,0.0,1.7441631985447614,0.0,0.0,-0.6923076923076923,0.189358320929341,-0.6923076923076923,-0.4364357804719848,-2.069826259362383,-0.7588209270431127,-1.5886910913281385,-1.0343158811877446,-2.08764121217218,-2.1518233343569806,3.3434149658914714
CSO-12-7A-JHEZA,0.0,1.169878557850527,0.0,0.0,-0.6882472016116853,-1.0730304852662655,-0.6882472016116853,-0.4071892788474301,-1.4437969770100867,-0.7592247407659276,-1.084876652898886,-0.3301128006379029,-1.6525736108817584,-1.6024846153813261,3.2512841998604713
CSO-12-7A-LSARAR,0.0,0.9610744623271414,0.0,0.0,-0.6720712766608051,-1.0475005644810669,-0.6720712766608051,-0.4034732923929645,-0.04204551788887002,-0.713256461805318,-0.9068205238163597,-0.2214201194227363,-0.8633970960424555,-0.2737901232693201,0.6083963370203596
CSO-12-7A-SCAHO,0.0,1.7107148322804402,0.0,0.0,-0.711643585451541,-0.960727723210856,-0.711643585451541,-0.45930905814549483,-1.2050434219766155,-0.8196776444973508,-1.4562751386709725,-1.0638003320445426,-1.7171855767290858,-1.7411133707969766,2.5946684495844217
CSO-12-7B-DVAGRO,0.0,2.136835877660416,0.0,0.0,-0.4732600788583473,-0.9845942079329987,-0.4732600788583473,-0.29441854080047136,-1.7455506137544903,-0.5297835902051528,-1.7201518990321576,-1.2416631687917912,-1.6208192053313852,-1.5761082569410032,0.8338284841608076
CSO-12-7B-SMUGU,0.0,1.178318694825166,0.0,0.0,-0.5794738635559413,-1.057007021569965,-0.5794738635559413,-0.3515615246553262,-1.8849720767654614,-0.6706134457228003,-1.0590958525121759,-0.539912555592738,-2.0583071674090454,-1.5829685448869668,1.0434507906855637
CSO-12-7B-SSARA,0.0,2.3056176808149216,0.0,0.0,-0.5465357250000211,-0.909286752652712,-0.5465357250000211,-0.29488391230979427,-1.5359892451421895,-0.5996253511966891,-1.8614935347278674,-1.3989396662508995,-1.590736652781268,-1.7918045743075173,3.0125782222413515
CSO-12-7B-VHOMA,0.0,2.451941530202146,0.0,0.0,-0.3793754017513782,-0.7882717004967679,-0.3793754017513782,-0.10206207261596577,-1.4945333793718891,-0.3960550522195659,-1.7201518990321576,-1.3799996719341874,-1.6338738687350711,-1.8269904942755566,-0.05025189076296061
CSO-12-8A-YTOME,0.0,2.5805855094270393,0.0,0.0,-0.4090198360103986,-0.8264359678130545,-0.4090198360103986,-0.23923788790814937,-0.1044615817048453,-0.4503169969735112,-1.9575789310056946,-1.4515407286106075,-0.7680136244321012,-0.46933976036095987,-0.3957536313271039
CSO-13-6A-ANASA,0.0,1.8928661632899797,0.0,0.0,-0.43805727617170653,-0.8659223138181146,-0.43805727617170653,-0.2353735134189795,-1.2647911993820584,-0.45466165899333383,-1.5304186869952505,-1.0852911353232715,-0.9080013392006249,-1.0764610544342217,0.3688064560269873
CSO-13-6B-JETAVE,0.0,0.9801960588196073,0.0,0.0,-0.3515615246553262,-1.0052310731814404,-0.3515615246553262,0.0,-0.5185185185185182,-0.35156152465532653,-0.9801960588196068,-0.2214201194227363,-0.8633970960424555,-0.8633970960424548,0.0
CSO-13-6B-LFMIES,0.0,0.9610744623271414,0.0,0.0,-0.6720712766608051,-1.2015028183722212,-0.6720712766608051,-0.4034732923929645,1.2904649728809767,-0.713256461805318,-0.9068205238163597,-0.003202579499628115,0.062136976600119784,0.4404449809115169,0.6518687440957691
CSO-13-6B-LJMAHU,0.0,0.980196058819607,0.0,0.0,-0.3021035504876409,-0.9927135660005236,-0.3021035504876409,0.0,0.8883896973424527,-0.30210355048764126,-0.9801960588196068,0.29385482664696905,-0.054990405572345934,-0.09622504486493778,0.0
CSO-13-7A-CAPAMU,0.0,0.9442502479150543,0.0,0.0,-0.8172159141593267,-0.2279970742510598,-0.8172159141593267,-0.4918273211995231,-0.2985928666016907,-0.8678764825448451,-0.8614471853860732,-0.33663989931089444,-1.4027227574012175,-1.0524219494382039,1.446217069900799
CSO-13-7A-CDDITR,0.0,1.469867804816598,0.0,0.0,-0.7431605356175383,-0.9994596054725607,-0.7431605356175383,-0.5623916050338599,-0.8538112313420451,-0.9434563530497266,-1.2762879246541445,-0.8317738899901319,-1.7287858644065062,-1.3583845017675826,4.054369950071845
CSO-13-7A-RXCHLU,0.0,0.9610744623271414,0.0,0.0,-0.7473298985080157,-1.2015028183722212,-0.7473298985080157,-0.5241424183609591,0.8974409304672389,-0.8792221142793217,-0.9068205238163597,-0.003202579499628115,-1.389989446392227,-1.0645338722082367,1.7232409849277246
CSO-13-7A-YAMEZA,0.0,1.8439088914585766,0.0,0.0,-0.6236095644623236,-0.7174945402494793,-0.6236095644623236,-0.33333333333333337,-1.4673209311081783,-0.6726022302119343,-1.5528841111615748,-1.260226588430081,-1.4430751791844465,-1.4805474210422442,0.18152259528022846
CSO-13-8A-MBUAN,0.0,2.4451776731001096,0.0,0.0,-0.43643578047198484,0.6587131135923012,-0.43643578047198484,-0.14285714285714288,-2.2592592592592595,-0.41558138688564894,-1.9046344059815448,-1.994979630506806,-1.9387626263966369,-2.101457605500608,-0.26231118312755486
CSO-13-8A-MGAAN,0.0,1.6000699070800959,0.0,0.0,-0.4525696378552518,-1.007648294978144,-0.4525696378552518,-0.29488391230979427,-0.4074074074074077,-0.4937419311010187,-1.3810687210594865,-0.8440349981429139,-1.046217438296718,-0.8903912462948985,1.4672688835431065
CSO-13-8A-MGAHE,0.0,1.367351383312816,0.0,0.0,-0.6593038964414957,-0.47142078714272084,-0.6593038964414957,-0.3414483259702895,-1.5558526571978675,-0.7446601917629483,-1.2524165487207335,-0.8558008861605191,-2.072827539684218,-1.973590128702442,3.1482469382591143
CSO-13-8A-MJAGA,0.0,1.5827415836766439,0.0,0.0,-0.6185342507800685,-0.3069006876914345,-0.6185342507800685,-0.3637737164782387,-0.25847603478711395,-0.6591602755261572,-1.3628993325981749,-0.9910386576390813,-1.544954979594742,-1.2306715491414302,1.1535683014642075
CSO-13-8A-VHODU,0.0,1.0994009308265147,0.0,0.0,-0.6923076923076923,-0.9774180268277938,-0.6923076923076923,-0.3865556717425342,0.3977004561026763,-0.7300956427599691,-1.046252829476646,-0.6328263780993589,-1.2418058458735637,-1.055130684064765,0.6727681391311577
CSO-13-8B-FCJISA,0.0,1.3389594082846539,0.0,0.0,-0.7145446229081066,-0.786333650994934,-0.7145446229081066,-0.4071892788474301,-0.6261159257679,-0.779152339174919,-1.1719961924958537,-0.6328263780993589,-1.4969103983674976,-1.189779109628418,2.6876844340371218
CSO-13-8B-JEMABE,0.0,2.0011605342012473,0.0,0.0,-0.5773502691896258,-0.979199336857139,-0.5773502691896258,-0.3665083330689156,-0.6772119393918097,-0.6282642391460916,-1.6855809491713556,-1.1401506405295108,-1.337552486126812,-1.09873853241857,1.1504959094170093
CSO-13-9B-DMLLLU,0.0,0.8219949365267866,0.0,0.0,-0.9918365981341757,-0.011704916453677069,-0.9918365981341757,-0.571823370154915,0.9775402898244293,-1.0196449809219421,-0.7802458382192513,-0.4222037555698309,-0.5092920079978712,-0.0019355026017282865,0.20893438078744617
CSO-14-7B-EVEGO,0.0,1.571428571428571,0.0,0.0,-0.6236095644623236,-1.1717001988274147,-0.6236095644623236,-0.33333333333333337,-0.6429833293620107,-0.6726022302119343,-1.3722184106296906,-0.6242859664163231,-1.0135010932502333,-0.9646402339992831,2.1635981075094937
CSO-14-8A-AQUMA,0.0,0.9610744623271414,0.0,0.0,-0.6195507409729134,-1.100055625709746,-0.6195507409729134,-0.29488391230979427,-0.48783145886318957,-0.657401693281825,-0.9068205238163597,-0.11231134946118221,-0.9176629354822469,-0.9735684208327016,1.7821517483370364
CSO-14-8A-SZARA,0.0,1.159213729169805,0.0,0.0,-0.6395926082962959,-0.47189640765968865,-0.6395926082962959,-0.37677907611576045,-0.8033676599446836,-0.7675330979733008,-1.0344571051844766,-0.4257815533138098,-0.8871886844323428,-1.0459764146018085,2.5990348297275467
CSO-14-9A-AEDCAGO,0.0,1.8957893063357791,0.0,0.0,-0.3515615246553262,-0.8166921161895103,-0.3515615246553262,0.0,-0.6612416337794929,-0.35156152465532653,-1.407711396610395,-1.0251385715643964,-0.8633970960424555,-0.8633970960424548,0.0
CSO-14-9A-HASACA,0.0,1.178318694825166,0.0,0.0,-0.5794738635559413,-0.9275697986423841,-0.5794738635559413,-0.3515615246553262,-0.03382550457458695,-0.6706134457228003,-1.0270458532931668,-0.539912555592738,-1.055664653522376,-0.6730591608370438,1.0434507906855637
CSO-14-9A-JSMAAL,0.0,0.9801960588196068,0.0,0.0,-0.626300100575299,-1.1395348837209303,-0.626300100575299,-0.34956331860724565,0.6013932677575895,-0.7592247407659276,-0.9801960588196068,0.9801960588196068,-0.030875376054721945,-0.5247597825578205,1.6811455790334884
CSO-14-9A-MARJA,0.0,1.571428571428571,0.0,0.0,-0.4934922838691399,-0.8721309574159473,-0.4934922838691399,-0.27376474431487496,-1.173392025023719,-0.5320314062925107,-1.3722184106296906,-0.774225242390181,-0.9445304074762266,-0.7806862653649007,-0.3444001460661732
CSO-14-9A-SORZU,0.0,1.3481369626357753,0.0,0.0,-0.6648822392269307,-0.9884661114500444,-0.6648822392269307,-0.3904108188629834,-0.4813364612669544,-0.7130744891977747,-1.193603090580645,-0.5244133314109045,-1.5302698125361442,-1.352614472483988,3.1940313913558835
CSO-14-9B-ERAGA,0.0,1.223473104852094,0.0,0.0,-0.6217195606314676,-1.1565710803116107,-0.6217195606314676,-0.43524947553858245,-0.5982625725038131,-0.7267118478909069,-1.091516185470006,-0.3797695970791871,-1.8228744268807278,-1.7128117671914633,2.7905873611694885
CSO-14-9B-MFEGA,0.0,1.372812945967288,0.0,0.0,-0.5155800469472481,-0.7439906087868118,-0.5155800469472481,-0.29488391230979427,-0.8033676599446836,-0.5276448530110864,-1.1809114468675066,-0.6242859664163231,-1.4430751791844465,-1.2533649481634426,1.1266536592114786
CSO-15-10A-LJRAGU,0.0,2.128608336760766,0.0,0.0,-0.626300100575299,0.08462884367481803,-0.626300100575299,-0.47826086956521735,-3.026978960286354,-0.7101793512948277,-1.8315166514800434,-1.5571836380557407,-2.076036890716505,-2.04930385972928,4.171970245982235
CSO-15-10A-MAARLO,0.0,2.5943834717398153,0.0,0.0,-0.5773502691896258,-0.9292767830367701,-0.5773502691896258,-0.4556210808256099,-2.630707918406647,-0.6922904198253371,-2.086694306998644,-1.5359123174181906,-2.2345751089829844,-2.396338260917991,4.826039244515067
CSO-15-10A-SFEGA,0.0,2.7504717267899736,0.0,0.0,-0.3515615246553262,-0.7439906087868118,-0.3515615246553262,-0.20412414523193154,-1.8415407843920781,-0.37371754637596794,-1.7644284651917281,-1.4151471079077487,-2.0047998789065966,-2.1230477257027403,4.112712313662415
CSO-15-10B-MEBUAR,0.0,1.6298626497832918,0.0,0.0,-0.6203815488584896,-0.918329674121324,-0.6203815488584896,-0.4182149918679298,-0.20653012235225424,-0.6729614686797274,-1.3926804317898454,-0.9161769048941847,-1.271912642762199,-1.0057322188061002,0.9286040699444726
CSO-15-10B-YVBUAN,0.0,1.571428571428571,0.0,0.0,-0.6236095644623236,-1.1717001988274147,-0.6236095644623236,-0.33333333333333337,0.18135427238415663,-0.6726022302119343,-1.3722184106296906,-0.6242859664163231,-0.5373772707982376,-0.3646781568953785,1.1811114386237167
CSO-15-10C-SSCAMO,0.0,1.3700821646400518,0.0,0.0,-0.5962850623676903,-0.8033104770814408,-0.5962850623676903,-0.3700703459737261,-0.8797189892657434,-0.6376304391833612,-1.2338132686930847,-0.9235412585855918,-0.8502316746511294,-1.171673164321093,1.9117307142238564
CSO-15-11C-JETALO,0.0,1.191557244236089,0.0,0.0,-0.6152198555457548,-0.9455109766412951,-0.6152198555457548,-0.3203581541090473,-0.1631688332912094,-0.6469966392206306,-1.046252829476646,-0.6629838183010764,-0.9176629354822469,-0.7610972438487996,0.7299592247315193
CSO-15-7B-JCRAGA,0.0,1.8194353045893685,0.0,0.0,-0.4525696378552518,-0.9275697986423841,-0.4525696378552518,-0.20412414523193154,-0.900951470178814,-0.4833682445228318,-1.4394048561505135,-0.8547374299051321,-1.2935483472729858,-1.4467273494464816,1.0434507906855637
CSO-15-8A-VBMABR,0.0,0.8146180300502524,0.0,0.0,-0.8240842772945083,-1.1804681892109443,-0.8240842772945083,-0.4918273211995231,0.7437871699186553,-0.8678764825448451,-0.7729211309680097,0.192899682242827,-0.8961371802802289,-0.6144158077332987,1.6989440753142115
CSO-15-8B-KEPOGO,0.0,1.2751214300131446,0.0,0.0,-0.7274002719853578,-1.081056025015068,-0.7274002719853578,-0.5207024572162082,-0.6699478239452756,-0.8298406586566083,-1.174133190393377,-0.5928787214672605,-0.7277350464748991,-0.7181671390806752,1.9847369132857862
CSO-15-9B-ALRIHE,0.0,2.1760540589805295,0.0,0.0,-0.5948030041269223,-0.9774180268277938,-0.5948030041269223,-0.3144854510165755,-0.45779051293641954,-0.6448314199366041,-1.836356931347285,-1.2433651124604204,-0.7657833824412567,-0.9236979944007236,1.8111892384693558
CSO-15-9B-AMSAGO,0.0,1.690012395710343,0.0,0.0,-0.6243600344070246,-1.058476455274362,-0.6243600344070246,-0.33202438481191054,0.21940418421706748,-0.7020280803512658,-1.4947416862081626,-0.8397144606758541,-0.9974267974261006,-0.8367544272295766,1.321180955666552
CSO-15-9B-JCAPA,0.0,0.9839584362944952,0.0,0.0,-0.8664712341376681,-0.1736920288580715,-0.8664712341376681,-0.5324915566244339,-0.07760780979914017,-0.9860235863218757,-0.8788621354336643,-0.5069712775513392,-1.4898086739486514,-1.0295966414416728,0.7376913464766589
CSO-15-9B-KSBEJA,0.0,1.169878557850527,0.0,0.0,-0.6882472016116853,0.0,-0.6882472016116853,-0.4071892788474301,-0.02843825470686172,-0.7559289460184544,-1.084876652898886,-0.6328263780993589,-1.713151624968069,-1.0728007542949505,0.8148579933234138
CSO-15-9B-RMCHLU,0.0,1.169878557850527,0.0,0.0,-0.6923076923076923,0.0,-0.6923076923076923,-0.4472135954999579,-0.7393946223784041,-0.7754516327128174,-1.084876652898886,-0.6328263780993589,-1.230769230769231,-1.0728007542949505,1.4580065354576373
CSO-15-9B-SJAGRO,0.0,1.8687570239667062,0.0,0.0,-0.5334650693692645,-0.9005485401182526,-0.5334650693692645,-0.27435163058436723,-1.6695556309650146,-0.56239160503386,-1.620814461602618,-1.1587260136615052,-1.4969103983674976,-2.103150374995884,3.415721539337915
CSO-16-10A-MSACO,0.0,2.451941530202146,0.0,0.0,-0.43148400027826295,-0.7902097499986017,-0.43148400027826295,-0.20412414523193154,-1.4727817477369074,-0.4503169969735112,-1.902380777261696,-1.3989396662508995,-1.6561887710781977,-1.9041252824614352,4.761602816433658
CSO-16-10B-JESUGU,0.0,1.372812945967288,0.0,0.0,-0.4714045207910317,0.17172287389758983,-0.4714045207910317,-0.2294157338705618,-0.8033676599446836,-0.5079907656453765,-1.1809114468675066,-1.040188369355903,-0.9176629354822469,-0.4994292685223182,-0.43357392730052935
CSO-16-10B-LTVIFA,0.0,1.3573145169868968,0.0,0.0,-0.6152198555457548,-0.9455109766412951,-0.6152198555457548,-0.3736323588785367,-1.131916682753772,-0.6469966392206306,-1.2152099886654362,-0.6629838183010764,-1.563629226704791,-1.7054679041367293,3.633820148414148
CSO-16-10B-VVILI,0.0,1.7981317840404716,0.0,0.0,-0.5488212999484517,-0.8532836460275505,-0.5488212999484517,-0.3203581541090473,-0.4885138148673662,-0.5559385652911958,-1.4733821164756162,-0.9477614340904178,-1.2935483472729858,-1.068776450711503,0.9862096362520358
CSO-16-10C-ACALGU,0.0,2.4451776731001096,0.0,0.0,-0.4071892788474301,-0.7428041493700419,-0.4071892788474301,-0.2294157338705618,-0.900951470178814,-0.41558138688564894,-1.9046344059815448,-1.4151471079077487,-1.3624623640194824,-0.9615274909697964,-0.3544716940749347
CSO-16-10C-MAVAVE,0.0,0.9801960588196073,0.0,0.0,-0.3515615246553262,-0.9801960588196068,-0.3515615246553262,0.0,0.9801960588196068,-0.35156152465532653,-0.9801960588196068,0.04932636236669884,0.0,0.0,0.0
CSO-16-11A-JAVABO,0.0,1.7441631985447614,0.0,0.0,-0.7473298985080157,-1.0208090550684275,-0.7473298985080157,-0.4364357804719848,-0.48980621404758673,-0.7588209270431127,-1.5886910913281385,-1.0249381260659831,-2.027073914244741,-1.6552996771727255,3.9665981352942574
CSO-16-11A-JDMUVA,0.0,1.4165109576282395,0.0,0.0,-0.6015417140091325,-0.786333650994934,-0.6015417140091325,-0.3424474289943298,-0.45375643749298644,-0.6716078379673673,-1.2498767689687265,-0.8365367992328269,-0.7548951113051192,-0.6738079412303265,0.9773108642922257
CSO-16-11A-VZAOR,0.0,1.448766357433493,0.0,0.0,-0.6844058388344219,-0.9471365219045325,-0.6844058388344219,-0.3837858748045026,-0.8715132558496211,-0.7112326989614335,-1.2598174729761311,-0.5120411016542156,-1.34734530563381,-0.9155141485837957,0.5391749356822892
CSO-16-11B-KRORE,0.0,2.4451776731001096,0.0,0.0,-0.3515615246553262,-0.8173068387245352,-0.3515615246553262,-0.14285714285714288,-0.8626621856275074,-0.37371754637596794,-1.5528841111615748,-1.3610596776174753,-1.2935483472729858,-0.9967832802676155,-0.14285714285714288
CSO-16-11B-LLOZA,0.0,2.305992364824163,0.0,0.0,-0.4071892788474301,-0.8173068387245352,-0.4071892788474301,-0.2294157338705618,-0.902525740772143,-0.43967877187142834,-1.7692740541226615,-1.271285584286734,-0.7633700367119737,-0.6308006675549771,-0.33834506919300483
CSO-16-11B-YAROMO,0.0,1.3389594082846539,0.0,0.0,-0.6559283830370044,-1.0029753052230572,-0.6559283830370044,-0.3793754017513782,-0.9834896817254751,-0.7142655881151944,-1.1719961924958537,-0.7466051194523406,-1.3515556317750974,-1.1227245350070074,1.471381769918867
CSO-16-9A-JALEMO,0.0,1.8194353045893685,0.0,0.0,-0.46054546176053496,-0.9363418132934129,-0.46054546176053496,-0.20412414523193154,-1.6027724380536021,-0.5055065487669591,-1.4394048561505135,-0.9123044064847772,-1.6108750023604987,-1.8129342883103812,2.6876844340371218
CSO-16-9A-JPROSO,0.0,2.3755850189621364,0.0,0.0,-0.46852128566581813,-0.8397719568698908,-0.46852128566581813,-0.24103065509525873,-1.5133409843616015,-0.4936782232898848,-1.8693688543044904,-1.36232985853601,-1.4353541239291325,-1.6119503607861096,2.077734867900387
CSO-16-9A-JSMAGU,0.0,1.6342414976144224,0.0,0.0,-0.754153881853439,-1.020204061220407,-0.754153881853439,-0.43148400027826295,-1.5380098631139434,-0.7376465810134594,-1.4677258559043915,-0.8440349981429139,-1.3085351164349377,-1.6737864156628686,2.8050959294006548
CSO-16-9B-SJPAJI,0.0,1.3389594082846539,0.0,0.0,-0.7145446229081066,0.012804737604964388,-0.7145446229081066,-0.4071892788474301,-0.35450928197437165,-0.779152339174919,-1.1719961924958537,-0.8571492506942658,-1.4969103983674976,-0.9954603407058883,1.0178605085668424
CSO-17-10A-YVGOCA,0.0,1.6082762786186557,0.0,0.0,-0.6255432421712244,-1.014907857915888,-0.6255432421712244,-0.46279762485732295,-1.3227803028341831,-0.6989262981388241,-1.4409819693894361,-0.9295987936176541,-1.747680438641918,-1.6540133338394556,2.840227661399776
CSO-17-10B-EHECO,0.0,1.3389594082846539,0.0,0.0,-0.6923076923076923,-1.149222309930024,-0.6923076923076923,-0.29488391230979427,-0.35450928197437165,-0.7300956427599691,-1.1719961924958537,-0.4257815533138098,-0.8633970960424555,-0.8633970960424548,2.4102814002085333
CSO-17-10B-YCQUVE,0.0,2.5038550788849068,0.0,0.0,-0.3515615246553262,-0.7013363202894909,-0.3515615246553262,0.0,-1.5162850110068706,-0.35156152465532653,-1.7644284651917281,-1.3670347917578933,-1.4430751791844465,-1.4750704009771485,-0.10050378152592122
CSO-17-11A-DJAPA,0.0,1.389194300952631,0.0,0.0,-0.5794161568291444,-0.9524939127350889,-0.5794161568291444,-0.36905859819893017,0.18193747576404468,-0.6686260597078455,-1.2131175852971299,-0.691973776867826,-0.68537485944664,-0.603674567572148,0.8408744629847259
CSO-17-11A-JDAMO,0.0,2.305992364824163,0.0,0.0,-0.42354655255943036,-0.7428041493700419,-0.42354655255943036,-0.17586311452816475,-0.7707302980201671,-0.41558138688564894,-1.7692740541226615,-1.2853486423046225,-0.8964171283339288,-0.767938139201167,-0.302647723028218
CSO-17-11A-NPAHE,0.0,1.733608938882175,0.0,0.0,-0.4875855445588249,-1.1096003816542408,-0.4875855445588249,-0.26214982309017804,0.566216600421955,-0.5231598882939511,-1.3899649036200428,-0.8076180032601268,-0.26736813090331296,-0.01172641205206624,0.1844033152437812
CSO-17-11A-RLPAIG,0.0,1.1849379695306275,0.0,0.0,-0.6720712766608051,-0.9632856547594316,-0.6720712766608051,-0.3665083330689156,-0.07996245504367332,-0.6989262981388241,-1.0315848017312836,-0.5458747889165969,-0.9866637945023113,-0.7592568741737364,0.9588478976600869
CSO-17-11B-CDBEBU,0.0,2.8009774559992486,0.0,0.0,-0.3330234878359508,-0.692382983955492,-0.3330234878359508,-0.07142857142857144,-1.7156669127628454,-0.33302348783595115,-1.6586562881766516,-1.468244896371333,-1.6310082601613374,-1.6977355367305909,-0.13847681808720547
CSO-17-11C-JDAAG,0.0,1.5602195193573571,0.0,0.0,-0.43805727617170653,-1.0100694655486642,-0.43805727617170653,-0.2353735134189795,0.709534092128928,-0.46007168190611974,-1.3766435658445886,-0.7623651305109191,-0.3733103792287906,-0.1435551047815194,0.0
CSO-17-11C-MAPAMA,0.0,1.8440961642780374,0.0,0.0,-0.44450270916361834,-0.9957587067189322,-0.44450270916361834,-0.18999362988004814,-0.6261159257679,-0.4548848386170263,-1.4801715287046302,-0.9614297776433923,-1.1697461537591876,-0.9718703954435497,-0.14285714285714288
CSO-17-11C-MCAAG,0.0,1.372812945967288,0.0,0.0,-0.5794161568291444,-1.0442141339143793,-0.5794161568291444,-0.3424474289943298,-0.6781856264781425,-0.6686260597078455,-1.1809114468675066,-0.4828470544532739,-1.3440622471941217,-1.201211040229441,2.872990531088549
CSO-17-11C-SARJA,0.0,1.169878557850527,0.0,0.0,-0.7145446229081066,-0.786333650994934,-0.7145446229081066,-0.4071892788474301,-0.02843825470686172,-0.779152339174919,-1.084876652898886,-0.839321616077594,-0.9126134824596254,-0.8633970960424548,1.0729837506535336
CSO-18-11A-ADBAHO,0.0,1.9539348350445234,0.0,0.0,-0.6709196490606821,-1.0356438331759596,-0.6709196490606821,-0.43451362034926083,-1.0352163970269401,-0.7354874725583902,-1.7238849222495383,-1.1750614143089144,-1.3998975230379855,-1.535101685406666,2.7509616895145235
CSO-18-11B-YLLRE,0.0,1.5909902576697326,0.0,0.0,-0.4714045207910317,-0.7013363202894909,-0.4714045207910317,-0.29488391230979427,-0.900951470178814,-0.536417959573935,-1.4394048561505135,-0.9419214821269364,-1.1189027220120693,-1.4467273494464816,0.6518687440957691
CSO-18-9B-MAMOLO,0.0,1.134639744338521,0.0,0.0,-0.7571710447149969,-1.0504125832521787,-0.7571710447149969,-0.45500561017864044,0.17083085705573908,-0.8665268326316712,-1.0572855956580545,-0.22808354163541933,-0.7500000000000002,-0.47686940519313026,1.7322362147943435
CSO-8-3A-DAPAVA,0.0,1.6000699070800959,0.0,0.0,-0.5793584501023474,-0.9275697986423841,-0.5793584501023474,-0.33595983938218676,-0.1941673932744793,-0.6666386736928906,-1.3901290191802897,-0.8440349981429139,-1.1258282587451462,-0.9509625421132626,0.8581094649083607
CSO-8-3A-KVPECO,0.0,1.6000699070800959,0.0,0.0,-0.5793584501023474,-0.9774180268277938,-0.5793584501023474,-0.3865556717425342,-1.8967252521819964,-0.6666386736928906,-1.399189317301093,-0.8440349981429139,-1.2418058458735637,-1.8051413061155837,1.690549532639416
CSO-8-4A-ARAGR,0.0,1.4940625069718252,0.0,0.0,-0.5773502691896258,-0.979199336857139,-0.5773502691896258,-0.3515615246553262,-0.8794631189392598,-0.6282642391460916,-1.327757345441599,-0.8159243477713879,-1.055664653522376,-1.1167787055591485,1.6192360215972792
CSO-9-2A-EXMOCO,0.0,1.178318694825166,0.0,0.0,-0.5794738635559413,-0.7428041493700419,-0.5794738635559413,-0.33333333333333337,-0.4074074074074077,-0.6706134457228003,-1.0270458532931668,-0.6242859664163231,-0.9176629354822469,-0.7437699295396961,1.0434507906855637
CSO-9-4A-AGAPE,0.0,2.5943834717398153,0.0,0.0,-0.4936258837698759,-0.9271726499455307,-0.4936258837698759,-0.30151134457776363,-1.5177855089546508,-0.5374767446821003,-2.016795936173904,-1.5359123174181906,-1.9033285891304004,-1.6729930788511238,-0.5261300637730782
CSO-9-4A-DKVIMO,0.0,1.4446954922554143,0.0,0.0,-0.5938256618040266,-1.0140993866100705,-0.5938256618040266,-0.303798718812448,-1.6363124138289855,-0.6204506574082023,-1.2395036700281068,-0.7492279546652272,-1.237075451337633,-1.3364154724784592,0.4903240830834168
CSO-9-4A-DSMOMU,0.0,2.170942275223163,0.0,0.0,-0.43558138607484564,-0.8217466980130761,-0.43558138607484564,-0.24950402877086292,-1.3398491157634358,-0.472029464037265,-1.678769991638919,-1.2721916826665232,-1.5164735526498063,-1.7003528323624448,0.44716200714270915
CSO-9-4A-DVGATO,0.0,2.3193319585599976,0.0,0.0,-0.5549209129070298,-0.9461331130709625,-0.5549209129070298,-0.3645763829272226,-1.1330899837620403,-0.6504139821278205,-1.8153837944252644,-1.3946522828241181,-1.804297099779452,-1.6643840064681008,3.911293197257213
CSO-9-4A-EGCAMO,0.0,1.1828914767134735,0.0,0.0,-0.6923076923076923,-0.9783475653575591,-0.6923076923076923,-0.34956331860724565,-0.45714439920786093,-0.7592247407659276,-1.0361237501694003,-0.5518370222404558,-1.6667738443566695,-0.9735684208327016,1.8111892384693558
CSO-9-4A-FAGIGA,0.0,2.481273532134976,0.0,0.0,-0.5442144439483991,-0.8437486843155086,-0.5442144439483991,-0.28664512145010235,-1.8298122256604525,-0.5936592880910478,-1.956059255569425,-1.5839000935306853,-1.7307122626219447,-1.9735646199287125,2.8017750333017233
CSO-9-4A-GSBRCO,0.0,0.8449886842979479,0.0,0.0,-0.948291522977829,-1.412146501250201,-0.948291522977829,-0.622662721177668,0.6013932677575895,-1.102645608583962,-0.7772904122484712,0.1919831698344864,-1.3085351164349377,-1.1827657794955286,2.4998320554095943
CSO-9-4A-LCOMO,0.0,0.49216105241892705,0.0,0.0,-1.1295854759592252,-1.3771084094938741,-1.1295854759592252,-0.7941019809450083,0.5957633385638306,-1.2855825541024233,-0.49216105241892594,1.1261306711448023,0.49853525885600464,-0.3147302134326531,1.1989878937852798
CSO-9-4A-MLORO,0.0,0.9894320248828868,0.0,0.0,-0.8819044561988507,-0.17194512411270296,-0.8819044561988507,-0.48472328168352574,-0.8378268164438851,-0.9390530312971801,-0.9477712303260567,-0.3067569430323004,-1.2473799645472963,-1.229325886332017,2.313535196846379
CSO-9-4A-MPAME,0.0,1.191557244236089,0.0,0.0,-0.4714045207910317,-0.9783475653575591,-0.4714045207910317,-0.29488391230979427,-0.24959495854836547,-0.536417959573935,-1.0361237501694003,-0.5518370222404558,-0.9176629354822469,-0.8233137908348727,1.4273200145774596
CSO-9-4A-NSARPA,0.0,1.1080464279410858,0.0,0.0,-0.7473298985080157,-1.057007021569965,-0.7473298985080157,-0.5465357250000211,1.1227648706599174,-0.8792221142793217,-1.0590958525121759,-0.30088502469616124,-1.3945761471152573,-1.0645338722082367,1.3906420119048228
CSO-9-4A-SLOCA,0.0,1.1982160306060896,0.0,0.0,-0.7557375941931564,-1.0820599682231138,-0.7557375941931564,-0.6179069091542906,0.03618004298640025,-0.9118682347173678,-1.098761692625517,-0.5592285550546573,-1.0627069149167403,-1.2319307703128728,2.5984960896420994
