file,z_wc,z_nodes,z_edges,z_re,z_pe,z_l1,z_l2,z_l3,z_lcc,z_lsc,z_atd,z_density,z_diameter,z_asp,z_cc
CDMS-10-4A-JURAN,0.0,0.9181906557762621,0.0,0.0,-0.21718717488510872,-1.0205930881921064,-0.21718717488510872,-0.04914731871829905,1.0361913313706073,-0.22949055505425178,-0.9181906557762619,0.5962706986865762,0.4120013477211532,0.39825646795695585,-0.10141935485276639
CDMS-10-5A-HEPIHO,0.0,0.5999069615985422,0.0,0.0,-0.3571348402636772,0.2068735936211532,-0.3571348402636772,-0.1965892748731962,0.11314631221914585,-0.40341274686293094,-0.5480957969096462,-0.5058742028266859,-0.5138218733134694,0.07323106376394184,-0.5760710111933733
CDMS-10-5A-KSRAGU,0.0,0.1572427255082875,0.0,0.0,-0.5458355599005393,0.030410387455726672,-0.5458355599005393,-0.05025189076296061,0.5287376604016081,-0.5467763717020219,-0.1572427255082875,0.27305829843263846,0.4082482904638629,0.408248290463863,-0.16174915980515764
CDMS-10-5A-SROPU,0.0,1.2256308880355151,0.0,0.0,-0.0628970902033151,-0.9936569599518987,-0.0628970902033151,0.0,0.7757477434779114,-0.06289709020331516,-1.0883444873074348,0.5859668390348993,0.011566298639324814,0.004275799816394455,-0.028571428571428574
CDMS-10-5A-SZURO,0.0,0.9801960588196068,0.0,0.0,0.0,-0.9801960588196068,0.0,0.0,0.9801960588196068,0.0,-0.9801960588196068,0.9801960588196068,0.0,0.0,0.0
CDMS-10-5B-SRAJA,0.0,0.6668736139508675,0.0,0.0,-0.47865929131185914,-0.1931718560930993,-0.47865929131185914,-0.08247987884912075,0.3735239747020738,-0.4882762584261867,-0.6188982391759221,-0.108928802541955,0.4127153446315305,0.4020154402853033,-0.18926806172771116
CDMS-10-5C-DAAUSA,0.0,0.9801960588196069,0.0,0.0,-0.11718717488510873,-0.9885410636068848,-0.11718717488510873,0.0,1.066793451862992,-0.11718717488510884,-0.9801960588196068,0.6699061600019708,0.4303314829119352,0.4303314829119351,0.0
CDMS-10-5C-ICAPA,0.0,0.9801960588196068,0.0,0.0,0.0,-0.9801960588196068,0.0,0.0,0.9801960588196068,0.0,-0.9801960588196068,0.9801960588196068,0.0,0.0,0.0
CDMS-10-5C-JFALGI,0.0,0.980196058819607,0.0,0.0,-0.1757807623276631,-0.9927135660005236,-0.1757807623276631,0.0,1.1100921483846848,-0.17578076232766326,-0.9801960588196068,0.5147612105931528,0.6454972243679028,0.6454972243679027,0.0
CDMS-10-5C-MAORTO,0.0,0.9801960588196068,0.0,0.0,0.0,-0.9801960588196068,0.0,0.0,0.9801960588196068,0.0,-0.9801960588196068,0.9801960588196068,0.0,0.0,0.0
CDMS-10-6B-ASCACO,0.0,0.31596488438929654,0.0,0.0,-0.11753586902920125,-0.11885140806685213,-0.11753586902920125,0.0,-0.0457809936728265,-0.11753586902920125,-0.23461856610173248,-0.10643048330364369,-0.43169854802122776,-0.4316985480212274,0.0
CDMS-11-4A-GACHSA,0.0,0.8743532802719673,0.0,0.0,-0.1930300947070413,-0.4771025114746577,-0.1930300947070413,-0.03768891807222046,0.3489901312967828,-0.19402815840000148,-0.845582385449697,0.3809347538176257,-0.20722395708545122,-0.21046498248992448,-0.10359868403127832
CDMS-11-5A-EAARCA,0.0,0.5274263028643923,0.0,0.0,-0.31596704705194273,-0.49047415701232305,-0.31596704705194273,-0.033501260508640406,0.7644464674919457,-0.31678922481416333,-0.508245706316212,0.22290869203590444,0.44012188083945836,0.5662475788238555,-0.11522877918605419
CDMS-11-5A-MGTHAR,0.0,0.748921944545051,0.0,0.0,-0.5262848189276259,0.39421729910798947,-0.5262848189276259,-0.19769384691785774,-0.2967030552634643,-0.5647206809202338,-0.6913801549005107,-0.7419829167320202,0.1120147574869067,0.04852120384278291,-0.430580852718277
CDMS-11-6A-NMREPR,0.0,0.7489098467096627,0.0,0.0,-0.6615384615384615,-1.2817068751517269,-0.6615384615384615,-0.29488391230979427,1.048513591110286,-0.711337188844932,-0.7089773318120312,0.30274638071306453,0.4088161979187513,0.14829626735032242,-0.6324376419218143
CDMS-11-6B-ARAHE,0.0,1.0946452147591286,0.0,0.0,-0.20736145936765754,-0.9684807650224395,-0.20736145936765754,0.0,0.9049124368097973,-0.20736145936765776,-1.0336354760434552,0.26409438179515243,0.5375725873625958,0.5375725873625958,0.0
CDMS-11-6B-AVROTO,0.0,0.44484012426528236,0.0,0.0,-0.4525696378552518,0.31075375879269573,-0.4525696378552518,-0.05025189076296061,-0.5017168873248466,-0.45409535934043066,-0.38729833462074176,-0.3099879612986757,-0.6185720594028339,-0.6250541102117805,-0.12632278815997783
CDMS-11-6B-EAFESA,0.0,0.980196058819607,0.0,0.0,-0.1757807623276631,-0.9927135660005236,-0.1757807623276631,0.0,1.1100921483846848,-0.17578076232766326,-0.9801960588196068,0.5147612105931528,0.6454972243679028,0.6454972243679027,0.0
CDMS-11-6B-EFRGR,0.0,1.2417941295385135,0.0,0.0,-0.22285367522941282,-0.9355360913104861,-0.22285367522941282,0.0,0.6225533662756452,-0.22285367522941307,-1.1023432981884034,0.00829915165864535,0.30659845058892937,0.3065984505889295,0.0
CDMS-11-6B-EROCO,0.0,0.6342817167985731,0.0,0.0,-0.5302210022003844,-0.25916107254646653,-0.5302210022003844,-0.1317958979452385,0.9024970742919146,-0.5554549704063255,-0.6342817167985733,-0.08951565054490442,1.1895548878143376,1.1515472192575527,-0.31067148290897123
CDMS-11-6B-JACUPE,0.0,0.9801960588196073,0.0,0.0,-0.3515615246553262,-1.0052310731814404,-0.3515615246553262,0.0,1.2399882379497627,-0.35156152465532653,-0.9801960588196067,0.04932636236669884,1.2909944487358056,1.2909944487358054,0.0
CDMS-11-6B-JDCHBA,0.0,1.4044417995314806,0.0,0.0,-0.4426847811155204,-0.9877629346859307,-0.4426847811155204,-0.16776374550024398,1.1069031287576396,-0.4643178683336774,-1.206019764234893,-0.5316621555615628,0.013720689104660354,0.5148261895017188,-0.31832909857963837
CDMS-11-6B-JFSAHE,0.0,1.11099509417906,0.0,0.0,-0.03609222518856509,-0.9525014291303678,-0.03609222518856509,0.0,0.7457049598768783,-0.036092225188565134,-1.0412696785040052,0.6937196830504634,-0.12334244229177936,-0.12334244229177926,0.0
CDMS-11-6B-JLPENA,0.0,0.9801960588196068,0.0,0.0,0.0,-0.9801960588196068,0.0,0.0,0.9801960588196068,0.0,-0.9801960588196068,0.9801960588196068,0.0,0.0,0.0
CDMS-11-6B-JMARME,0.0,1.0946452147591286,0.0,0.0,-0.16341626878574178,-0.9653513882272103,-0.16341626878574178,0.0,0.8724384144185278,-0.16341626878574195,-1.0336354760434552,0.3804530938517659,0.37619828127062016,0.37619828127062016,0.0
CDMS-11-6B-JPSAMA,0.0,1.2853938079916643,0.0,0.0,-0.08421519210665189,-0.9155752562113825,-0.08421519210665189,0.0,0.4330501612865736,-0.08421519210665197,-1.1227011714165362,0.31175118202493907,-0.28779903201415186,-0.28779903201415163,0.0
CDMS-11-6B-LESTA,0.0,1.4379926825776927,0.0,0.0,-0.12632278815997783,-0.8832648549072704,-0.12632278815997783,0.0,0.15947721252005698,-0.12632278815997797,-1.193953727715001,-0.022471256372394777,-0.4316985480212277,-0.4316985480212274,0.0
CDMS-11-6B-MEBRTA,0.0,0.9801960588196068,0.0,0.0,0.0,-0.9801960588196068,0.0,0.0,0.9801960588196068,0.0,-0.9801960588196068,0.9801960588196068,0.0,0.0,0.0
CDMS-11-6B-MMAMO,0.0,0.7393914996902152,0.0,0.0,-0.6357355609174974,-0.27760750657219385,-0.6357355609174974,-0.25876551961567,0.45871003843134184,-0.6517329327467852,-0.7258280150625197,-0.15028492825158257,0.5589769154100848,0.4525573012669015,-0.5172635181415346
CDMS-11-6B-RSECA,0.0,0.9801960588196068,0.0,0.0,0.0,-0.9801960588196068,0.0,0.0,0.9801960588196068,0.0,-0.9801960588196068,0.9801960588196068,0.0,0.0,0.0
CDMS-11-6B-SCAPA,0.0,0.748921944545051,0.0,0.0,-0.5262848189276259,0.39421729910798947,-0.5262848189276259,-0.19769384691785774,-0.2967030552634643,-0.5647206809202338,-0.6913801549005107,-0.7419829167320202,0.1120147574869067,0.04852120384278291,-0.430580852718277
CDMS-11-6B-VZAPE,0.0,0.9801960588196067,0.0,0.0,0.0,-0.9801960588196067,0.0,0.0,0.9801960588196067,0.0,-0.9801960588196067,0.9801960588196067,0.0,0.0,0.0
CDMS-11-6B-YLNIME,0.0,1.5485252267148566,0.0,0.0,-0.38352754443591364,-1.0328695747327057,-0.38352754443591364,-0.05025189076296061,0.633486834745109,-0.3850532659210928,-1.1477674352501153,-0.6145684529700434,0.740606180534906,0.7015387792487437,-0.19775135958854928
CDMS-11-7C-ICARE,0.0,0.0,0.0,0.0,0.0,0.0,0.0,0.0,0.0,0.0,0.0,0.0,,,
CDMS-11-7C-IMOIB,0.0,1.39888484061145,0.0,0.0,-0.4036841326696754,0.0403769774978203,-0.4036841326696754,-0.13764944032233709,-0.6801923480314302,-0.42563587958228244,-1.1861283592065042,-1.011162792946213,-0.6015765437392335,-0.6272563141701786,-0.26014435638031763
CDMS-11-7C-SALMA,0.0,0.7846190514433394,0.0,0.0,-0.6360356383304026,0.14510745032829236,-0.6360356383304026,-0.3491786023513794,1.0435241543731375,-0.6935383714100878,-0.757492082187949,-0.5605763592747385,-0.023921917272286042,0.6279368090807107,-0.684750307485823
CDMS-11-7C-SPGAVE,0.0,1.4907023333912326,0.0,0.0,-0.268982194928643,-0.9208309340074375,-0.268982194928643,-0.11724207635210983,0.5009309136425987,-0.2842676218074805,-1.24744450031286,-0.2945409905153671,0.44151078568834795,0.3632901896299788,-0.22556337946200322
CDMS-12-5A-SRIGO,0.0,1.1296449910341007,0.0,0.0,-0.22445517876891505,-1.0042567120128596,-0.22445517876891505,-0.028715366150263207,0.9652241816111271,-0.2253270196175888,-0.9987022535743059,0.21751296672132522,0.5993696682398293,0.5822529380926869,-0.09259261364243632
CDMS-12-6A-FAROPA,0.0,0.9801960588196068,0.0,0.0,0.0,-0.9801960588196068,0.0,0.0,0.9801960588196068,0.0,-0.9801960588196068,0.9801960588196068,0.0,0.0,0.0
CDMS-12-6A-JGIGA,0.0,0.9801960588196068,0.0,0.0,0.0,-0.9801960588196068,0.0,0.0,0.9801960588196068,0.0,-0.9801960588196068,0.9801960588196068,0.0,0.0,0.0
CDMS-12-6A-SROAL,0.0,0.9801960588196068,0.0,0.0,0.0,-0.9801960588196068,0.0,0.0,0.9801960588196068,0.0,-0.9801960588196068,0.9801960588196068,0.0,0.0,0.0
CDMS-12-6B-IJDAGA,0.0,1.0980642641377685,0.0,0.0,-0.30163733039950175,-0.9722417982178068,-0.30163733039950175,-0.014357683075131604,0.9411323663168932,-0.3020732508238388,-1.0118983371357018,-0.012260561302021467,0.6276712962049323,0.7177610804795018,-0.03609222518856509
CDMS-12-6B-SCLAG,0.0,0.9801960588196068,0.0,0.0,0.0,-0.9801960588196068,0.0,0.0,0.9801960588196068,0.0,-0.9801960588196068,0.9801960588196068,0.0,0.0,0.0
CDMS-12-7C-CATRAR,0.0,0.980196058819607,0.0,0.0,-0.1757807623276631,-0.9927135660005236,-0.1757807623276631,0.0,1.1100921483846848,-0.17578076232766326,-0.9801960588196068,0.5147612105931528,0.6454972243679028,0.6454972243679027,0.0
CDMS-12-7C-DLOLO,0.0,0.980196058819607,0.0,0.0,-0.1757807623276631,-0.9927135660005236,-0.1757807623276631,0.0,1.1100921483846848,-0.17578076232766326,-0.9801960588196068,0.5147612105931528,0.6454972243679028,0.6454972243679027,0.0
CDMS-12-7C-JSZAOR,0.0,1.590591557163722,0.0,0.0,-0.16843038421330378,-0.8509544536031584,-0.16843038421330378,0.0,-0.11409573624645963,-0.16843038421330395,-1.2652062840134655,-0.3566936947697286,-0.5755980640283037,-0.5755980640283033,0.0
CDMS-12-7C-MAROBE,0.0,1.2853938079916645,0.0,0.0,-0.20140236699176062,-0.9239202609986604,-0.20140236699176062,0.0,0.5196475543299589,-0.20140236699176084,-1.122701171416536,0.001461283207303099,0.14253245089778335,0.14253245089778352,0.0
CDMS-12-7C-VMAPA,0.0,0.9575671062473465,0.0,0.0,-0.28892317179147603,-1.002224197541708,-0.28892317179147603,-0.025125945381480306,1.1922979305245551,-0.2896860325340657,-0.928796211425076,0.2101654794292121,1.0013424413361998,0.9909218642217814,-0.06316139407998891
CDMS-12-7C-VQURA,0.0,1.5937831318593776,0.0,0.0,-0.15724272550828775,-1.013848311650337,-0.15724272550828775,0.0,0.4690752704653684,-0.15724272550828788,-1.250567130039177,-0.005376990642161905,0.028915746598312038,0.010689499540986138,-0.07142857142857144
CDMS-13-7C-MVEAR,0.0,0.980196058819607,0.0,0.0,-0.1757807623276631,-0.9927135660005236,-0.1757807623276631,0.0,1.1100921483846848,-0.17578076232766326,-0.9801960588196068,0.5147612105931528,0.6454972243679028,0.6454972243679027,0.0
CDMS-13-7C-RAIZAC,0.0,0.9801960588196068,0.0,0.0,0.0,-0.9801960588196068,0.0,0.0,0.9801960588196068,0.0,-0.9801960588196068,0.9801960588196068,0.0,0.0,0.0
CDMS-13-7C-SSOSLO,0.0,1.4558004957315915,0.0,0.0,-0.38052247648002946,-0.9905296485620512,-0.38052247648002946,-0.0690917240135215,0.380995608487692,-0.3870173723021832,-1.164199912594831,-0.5279300146890604,0.19491953448341695,0.32546619704055724,-0.18346194709252583
CDMS-14-10A-IMORTO,0.0,1.590591557163722,0.0,0.0,-0.16843038421330378,-0.8509544536031584,-0.16843038421330378,0.0,-0.11409573624645963,-0.16843038421330395,-1.2652062840134655,-0.3566936947697286,-0.5755980640283037,-0.5755980640283033,0.0
CDMS-14-10A-JCVANI,0.0,0.9575671062473465,0.0,0.0,-0.28892317179147603,-1.002224197541708,-0.28892317179147603,-0.025125945381480306,1.1922979305245551,-0.2896860325340657,-0.928796211425076,0.21016547942921213,1.0013424413361998,0.9909218642217814,-0.06316139407998891
CDMS-15-10A-AMALOS,0.0,0.980196058819607,0.0,0.0,-0.15066922485228268,-0.990925350688964,-0.15066922485228268,0.0,1.0915355641611022,-0.1506692248522828,-0.9801960588196067,0.581251903196932,0.5532833351724882,0.5532833351724881,0.0
CDMS-15-10A-JJMACH,0.0,2.0920165213436226,0.0,0.0,-0.3367324113606727,-1.0084125162611384,-0.3367324113606727,-0.04396577863204119,-0.27727900678895573,-0.342464446440237,-1.485970831208932,-0.9761899088736614,-0.12219292473566243,-0.16752963171634444,-0.19172912444110837
CDMS-15-10A-MAALCA,0.0,0.2450490147049018,0.0,0.0,-0.08789038116383155,-0.2513077682953601,-0.08789038116383155,0.0,0.30999705948744066,-0.08789038116383163,-0.24504901470490167,0.01233159059167471,1.2909944487358056,1.2909944487358054,0.0
CDMS-15-10A-MAALRI,0.0,0.24045655148366646,0.0,0.0,-0.23966305572968505,-0.12717616773333884,-0.23966305572968505,-0.03768891807222046,0.3741193757502067,-0.2403686645807971,-0.24045655148366646,0.18235985427347937,0.6123724356957944,0.6123724356957945,-0.24262373970773646
CDMS-15-10A-SGOMO,0.0,0.9801960588196068,0.0,0.0,0.0,-0.9801960588196068,0.0,0.0,0.9801960588196068,0.0,-0.9801960588196068,0.9801960588196068,0.0,0.0,0.0
CDMS-15-10A-SHEGA,0.0,0.9801960588196068,0.0,0.0,0.0,-0.9801960588196068,0.0,0.0,0.9801960588196068,0.0,-0.9801960588196068,0.9801960588196068,0.0,0.0,0.0
CDMS-15-11B-JEMOLO,0.0,0.9801960588196068,0.0,0.0,0.0,-0.9801960588196068,0.0,0.0,0.9801960588196068,0.0,-0.9801960588196068,0.9801960588196068,0.0,0.0,0.0
CDMS-15-11B-VSAHO,0.0,0.980196058819607,0.0,0.0,-0.1757807623276631,-0.9927135660005236,-0.1757807623276631,0.0,1.1100921483846848,-0.17578076232766326,-0.9801960588196068,0.5147612105931528,0.6454972243679028,0.6454972243679027,0.0
CDMS-16-10A-SGALO,0.0,2.2073702048991484,0.0,0.0,-0.3144854510165755,-1.0475005644810669,-0.3144854510165755,0.0,-0.04204551788887002,-0.31448545101657577,-1.520938201258747,-0.9909500401039306,0.057831493196624076,0.021378999081972275,-0.14285714285714288
CDMS-16-11B-NGABE,0.0,0.7400980294098038,0.0,0.0,-0.7290836339961646,-1.2086887872158207,-0.7290836339961646,-0.31877490526237345,0.9206907528536761,-0.7271035666196443,-0.7400980294098027,0.6720652743155358,-0.14182486502750613,0.05411433462013837,0.8224993867859253
CDMS-17-10A-ASSAMO,0.0,0.9801960588196071,0.0,0.0,-0.2636711434914947,-0.9989723195909821,-0.2636711434914947,0.0,1.1750401931672236,-0.2636711434914949,-0.9801960588196067,0.28204378647992584,0.9682458365518543,0.968245836551854,0.0
CDMS-18-7C-VVECA,0.0,0.5186817522195939,0.0,0.0,-0.7369598945462076,0.12979608276656082,-0.7369598945462076,-0.34700352712430566,-0.1349967868472999,-0.8162124628997435,-0.48032055912323424,-0.08830444455997172,-0.2874462269712192,-0.4310858237858462,-0.3049124929077846
CDMS-8-4A-DOSTR,0.0,0.9349381536750858,0.0,0.0,-0.2262848189276259,-0.9992173219019757,-0.2262848189276259,-0.05025189076296061,1.1446076230993474,-0.22781054041280488,-0.8773963640305451,0.3710045964917254,0.04655918726688001,0.36187343222787294,-0.12632278815997783
CDMS-8-4A-LGOPA,0.0,0.9801960588196068,0.0,0.0,0.0,-0.9801960588196068,0.0,0.0,0.9801960588196068,0.0,-0.9801960588196068,0.9801960588196068,0.0,0.0,0.0
CDMS-9-4A-CARGA,0.0,0.4900980294098034,0.0,0.0,-0.11314240946381295,-0.47179172876134806,-0.11314240946381295,0.0,0.5867369473454369,-0.11314240946381289,-0.4900980294098034,0.5867369473454369,0.0,0.0,0.0
CDMS-9-4A-CRAAG,0.0,1.1312465972489263,0.0,0.0,-0.46198707932314176,-1.0837304474571843,-0.46198707932314176,-0.1649597576982415,1.5485800539505628,-0.4818059232354931,-0.977754058054495,-0.3319842095749829,1.7880317544747735,1.7087216213915668,-0.3431097518102425
CDMS-9-4A-EROHI,0.0,0.980196058819607,0.0,0.0,-0.1757807623276631,-0.9927135660005236,-0.1757807623276631,0.0,1.1100921483846848,-0.17578076232766326,-0.9801960588196068,0.5147612105931528,0.6454972243679028,0.6454972243679027,0.0
CDMS-9-4A-ILOSE,0.0,0.46542089982104734,0.0,0.0,-0.4328017325852637,-0.27070606384571133,-0.4328017325852637,-0.08264857922693945,0.7549715957682906,-0.44592729051662716,-0.44624030327286723,0.19954120374451786,0.3951314315401611,0.48123234558209976,-0.19744333750781154
CDMS-9-4C-SCAMO,0.0,1.6975026855007487,0.0,0.0,-0.3652332634753252,-0.878924238640574,-0.3652332634753252,-0.08008184021433624,-0.04496823130772989,-0.37157399503406746,-1.2998395887234777,-0.8559146804359621,-0.5349180637262092,-0.2787893185189538,-0.18666672624570527
CDMS-9-5A-ABERO,0.0,0.20965696734438333,0.0,0.0,-0.5769242005823018,0.016138782409695126,-0.5769242005823018,-0.06700252101728081,0.5761316566212995,-0.578178616317612,-0.20965696734438333,0.23522584066267319,0.5443310539518172,0.5443310539518174,-0.21566554640687685
CDMS-9-5A-PAGACO,0.0,0.8192829497847253,0.0,0.0,-0.6923076923076923,0.0,-0.6923076923076923,-0.29488391230979427,1.17447871873278,-0.7300956427599691,-0.7593841774382778,-0.53557048584588,0.037823473723611445,0.6821707149669471,-0.6443983983244223
CDMS-9-5A-VVAAR,0.0,1.2853938079916645,0.0,0.0,-0.20140236699176062,-0.9239202609986604,-0.20140236699176062,0.0,0.5196475543299589,-0.20140236699176084,-1.122701171416536,0.0014612832073030945,0.14253245089778335,0.14253245089778352,0.0
CDMS-9-5C-JDMADE,0.0,1.1327949334056358,0.0,0.0,-0.10070118349588031,-0.9520581599091336,-0.10070118349588031,0.0,0.7499218065747829,-0.10070118349588042,-1.0514486151180715,0.4908286710134549,0.07126622544889168,0.07126622544889176,0.0
CDMS-9-5C-LVIZAC,0.0,1.0946452147591283,0.0,0.0,-0.07552588762191023,-0.9590926346367519,-0.07552588762191023,0.0,0.8074903696359889,-0.07552588762191031,-1.0336354760434552,0.6131705179649929,0.05344966908666876,0.053449669086668816,0.0
CDMS-9-5C-MLOGO,0.0,0.9651100904380999,0.0,0.0,-0.19261544786098403,-0.994881484634341,-0.19261544786098403,-0.016750630254320203,1.1215973066229057,-0.19312402168937715,-0.9459294938899195,0.46684233922601037,0.6675616275574665,0.6606145761478542,-0.042107596053325945
CDMS-XX-10A-VGILO,0.0,0.6909110689706571,0.0,0.0,-0.10074503059645822,-0.5219566606942762,-0.10074503059645822,0.0,0.3808431734888374,-0.10074503059645822,-0.6211856532956022,0.3288578966624226,-0.17267941920849111,-0.17267941920849098,0.0
CDMS-XX-5C-MJSARU,0.0,0.9575671062473465,0.0,0.0,-0.28892317179147603,-1.002224197541708,-0.28892317179147603,-0.025125945381480306,1.1922979305245551,-0.2896860325340657,-0.928796211425076,0.2101654794292121,1.0013424413361998,0.9909218642217814,-0.06316139407998891
CDMS-XX-5C-MPCAQU,0.0,1.0819286418769594,0.0,0.0,-0.14525890558732601,-0.96700079607081,-0.14525890558732601,0.0,0.8844114860186477,-0.14525890558732618,-1.0276977630185833,0.4470912010704149,0.33439847224055125,0.33439847224055125,0.0
CDMS-XX-6B-SPUCA,0.0,0.9489503029535098,0.0,0.0,-0.44893452211567914,-1.1085545417952671,-0.44893452211567914,-0.1653950790511295,1.227357458762414,-0.472988410170223,-0.8963080792977483,0.14187362517957836,0.6842208910275218,0.7256930364699783,-0.33751481461456917
CSO-10-4A-KCOMO,0.0,0.9801960588196068,0.0,0.0,0.0,-0.9801960588196068,0.0,0.0,0.9801960588196068,0.0,-0.9801960588196068,0.9801960588196068,0.0,0.0,0.0
CSO-10-4A-LRAVI,0.0,0.9801960588196068,0.0,0.0,0.0,-0.9801960588196068,0.0,0.0,0.9801960588196068,0.0,-0.9801960588196068,0.9801960588196068,0.0,0.0,0.0
CSO-10-4A-LSCAVA,0.0,0.6126225367622542,0.0,0.0,0.0,-0.6126225367622542,0.0,0.0,0.6126225367622542,0.0,-0.6126225367622542,0.6126225367622542,0.0,0.0,0.0
CSO-10-5A-ACAVA,0.0,0.9801960588196068,0.0,0.0,0.0,-0.9801960588196068,0.0,0.0,0.9801960588196068,0.0,-0.9801960588196068,0.9801960588196068,0.0,0.0,0.0
CSO-10-5A-ARACA,0.0,0.9801960588196068,0.0,0.0,0.0,-0.9801960588196068,0.0,0.0,0.9801960588196068,0.0,-0.9801960588196068,0.9801960588196068,0.0,0.0,0.0
CSO-10-5A-DABRZA,0.0,0.9198521852935789,0.0,0.0,-0.4189002667886099,-1.0139027477167097,-0.4189002667886099,-0.06700252101728081,1.2860088709026465,-0.42093456210218205,-0.8431297991008578,-0.14234912310187106,1.3792520614940604,1.3514638558556118,-0.16843038421330378
CSO-10-5A-GZAMA,0.0,0.9801960588196068,0.0,0.0,0.0,-0.9801960588196068,0.0,0.0,0.9801960588196068,0.0,-0.9801960588196068,0.9801960588196068,0.0,0.0,0.0
CSO-10-5A-JANORO,0.0,0.9651100904380999,0.0,0.0,-0.19261544786098403,-0.994881484634341,-0.19261544786098403,-0.016750630254320203,1.1215973066229057,-0.19312402168937715,-0.9459294938899195,0.4668423392260103,0.6675616275574665,0.6606145761478542,-0.042107596053325945
CSO-10-5A-JBUVE,0.0,1.2354491961054197,0.0,0.0,-0.1344910974643215,-0.9505134964135222,-0.1344910974643215,-0.058621038176054914,0.7405634862311027,-0.14213381090374025,-1.1138202795662335,0.34282753415211986,-0.22075539284417398,-0.03155337327772107,-0.11278168973100161
CSO-10-5A-JJSEMO,0.0,0.9801960588196068,0.0,0.0,0.0,-0.9801960588196068,0.0,0.0,0.9801960588196068,0.0,-0.9801960588196068,0.9801960588196068,0.0,0.0,0.0
CSO-10-5A-JLCARI,0.0,1.3059029245775806,0.0,0.0,-0.40881311261310743,-0.9582423367134508,-0.40881311261310743,-0.156915675612653,1.040690422368151,-0.4381269723134941,-1.1324628433494979,-0.4781400583522037,1.1099183434972328,1.083384846900098,-0.29399032082105103
CSO-10-5A-MAOSMO,0.0,0.9801960588196068,0.0,0.0,0.0,-0.9801960588196068,0.0,0.0,0.9801960588196068,0.0,-0.9801960588196068,0.9801960588196068,0.0,0.0,0.0
CSO-10-5A-RVMOIB,0.0,0.7822817796003164,0.0,0.0,-0.2776678319768666,-0.21652299091296692,-0.2776678319768666,-0.03277367626722311,-0.10479192401828268,-0.2828944383846302,-0.5870801492480926,-0.3248764910832935,-0.2524390507966482,-0.26828947309656015,-0.11528621403153445
CSO-10-5A-SVHEES,0.0,0.980196058819607,0.0,0.0,-0.281249219724261,-0.11325547632544986,-0.281249219724261,0.0,0.2462665834277092,-0.2812492197242612,-0.9801960588196067,-0.35641604674310773,-0.20655911179772893,-0.20655911179772907,0.0
CSO-11-5A-MDVOSPE,0.0,0.980196058819607,0.0,0.0,-0.281249219724261,-1.000224070309074,-0.281249219724261,0.0,1.1880298021237317,-0.2812492197242612,-0.9801960588196067,0.23550030165728045,1.0327955589886444,1.0327955589886444,0.0
CSO-11-5A-MTAGA,0.0,0.9575671062473465,0.0,0.0,-0.28892317179147603,-1.002224197541708,-0.28892317179147603,-0.025125945381480306,1.1922979305245551,-0.2896860325340657,-0.928796211425076,0.2101654794292121,0.6687768180013428,0.8264339404818392,-0.06316139407998891
CSO-11-6A-CAPAMU,0.0,0.9801960588196068,0.0,0.0,0.0,-0.9801960588196068,0.0,0.0,0.9801960588196068,0.0,-0.9801960588196068,0.9801960588196068,0.0,0.0,0.0
CSO-11-6A-DSCACH,0.0,1.437992682577693,0.0,0.0,-0.12632278815997783,-0.8832648549072704,-0.12632278815997783,0.0,0.15947721252005698,-0.12632278815997797,-1.1939537277150007,-0.022471256372394777,-0.43169854802122776,-0.4316985480212274,0.0
CSO-11-6A-EROMO,0.0,1.590591557163722,0.0,0.0,-0.16843038421330378,-0.8509544536031584,-0.16843038421330378,0.0,-0.11409573624645963,-0.16843038421330395,-1.2652062840134655,-0.3566936947697286,-0.5755980640283037,-0.5755980640283033,0.0
CSO-11-6A-FSOVRE,0.0,1.3791967952584494,0.0,0.0,-0.23323878224618116,-1.012421177916583,-0.23323878224618116,-0.01116708683621347,0.7337163651189804,-0.23357783146511002,-1.137599063012862,-0.019088453883969972,0.31651130573280484,0.3744303065748082,-0.07569077832126492
CSO-11-6B-ANREVA,0.0,0.8896802485305647,0.0,0.0,-0.4525696378552518,-1.0182385849843445,-0.4525696378552518,-0.10050378152592122,1.3090191873790882,-0.45562108082560976,-0.7745966692414835,-0.23818686583615603,1.4233808678731878,1.3816985594155151,-0.25264557631995566
CSO-11-6B-RJGIHE,0.0,0.9801960588196069,0.0,0.0,-0.11718717488510873,-0.9885410636068848,-0.11718717488510873,0.0,1.066793451862992,-0.11718717488510884,-0.9801960588196068,0.6699061600019709,0.4303314829119352,0.4303314829119351,0.0
CSO-11-6B-VCOMA,0.0,1.591413176433195,0.0,0.0,-0.37277629649570365,-1.0003237775975924,-0.37277629649570365,-0.08247987884912075,0.5984682390581907,-0.3826857184518795,-1.221039428494533,-0.6700142577045732,0.03389481666435082,0.2892303163239752,-0.20726916161940698
CSO-12-6B-GQULO,0.0,0.9891974588981616,0.0,0.0,-0.32887775423790955,-1.013963776202743,-0.32887775423790955,-0.07669684512727887,0.8801445618687437,-0.34562131034902893,-0.9221795156743321,0.21353470546591513,0.4681117217498628,0.44515384779119166,-0.16329753717257248
CSO-12-6B-LJHEFE,0.0,0.9801960588196068,0.0,0.0,0.0,-0.9801960588196068,0.0,0.0,0.9801960588196068,0.0,-0.9801960588196068,0.9801960588196068,0.0,0.0,0.0
CSO-12-7A-DALRE,0.0,0.9801960588196073,0.0,0.0,-0.3515615246553262,-1.0052310731814404,-0.3515615246553262,0.0,1.2399882379497627,-0.35156152465532653,-0.9801960588196067,0.04932636236669884,1.2909944487358056,1.2909944487358054,0.0
CSO-12-7A-ESALA,0.0,0.9801960588196068,0.0,0.0,0.0,-0.9801960588196068,0.0,0.0,0.9801960588196068,0.0,-0.9801960588196068,0.9801960588196068,0.0,0.0,0.0
CSO-12-7A-IMERO,0.0,1.1421680568203396,0.0,0.0,-0.5178623109874675,-0.15189393069315077,-0.5178623109874675,-0.1317958979452385,-0.01626067536029659,-0.5430962791934085,-0.825177734245896,-0.5596443305396291,0.2781983451742535,0.2295256026865681,-0.35829053052801885
CSO-12-7A-JHEZA,0.0,1.3245646143584673,0.0,0.0,-0.3248495009386498,-1.0486265001624349,-0.3248495009386498,-0.11414402013862456,1.1846264976877365,-0.3448941679848662,-1.1239957456500498,-0.1227675980055396,1.022518305541986,1.0230992741484561,-0.241048694709831
CSO-12-7A-LSARAR,0.0,0.9801960588196069,0.0,0.0,-0.11718717488510873,-0.9885410636068848,-0.11718717488510873,0.0,1.066793451862992,-0.11718717488510884,-0.9801960588196068,0.6699061600019709,0.4303314829119352,0.4303314829119351,0.0
CSO-12-7A-SCAHO,0.0,1.531466952146704,0.0,0.0,-0.32065551289662686,-0.974132436134027,-0.32065551289662686,0.0,0.4751321368523218,-0.3206555128966272,-1.2279217691095063,-0.477649545160709,0.49016725311839887,0.47923150488400346,-0.04285714285714286
CSO-12-7B-DVAGRO,0.0,1.6511651618391359,0.0,0.0,-0.16395532073129737,-0.843297813450115,-0.16395532073129737,0.0,-0.17567523218532854,-0.16395532073129754,-1.2657398044043155,-0.2901889406214109,-0.6339738742538715,-0.6403729186124116,-0.028571428571428574
CSO-12-7B-SMUGU,0.0,1.3892541075127873,0.0,0.0,-0.22201565855730054,-1.0109758988273714,-0.22201565855730054,0.0,0.7260462596268331,-0.22201565855730077,-1.1604434396326535,0.012857460360791675,0.4496086473108099,0.43745781593925925,-0.04761904761904762
CSO-12-7B-SSARA,0.0,0.9500241220565928,0.0,0.0,-0.18991893758012016,-0.9956585691369454,-0.18991893758012016,-0.03350126050864041,1.1186695660205623,-0.1909360852369062,-0.9116629289602324,0.4706384509951405,0.3222902295196126,0.45779852634031243,-0.08421519210665189
CSO-12-7B-VHOMA,0.0,0.9801960588196068,0.0,0.0,0.0,-0.9801960588196068,0.0,0.0,0.9801960588196068,0.0,-0.9801960588196068,0.9801960588196068,0.0,0.0,0.0
CSO-13-6A-ANASA,0.0,1.666890994456736,0.0,0.0,-0.18948418223996674,-0.8347992529511022,-0.18948418223996674,0.0,-0.25088221062971794,-0.18948418223996694,-1.300832562162698,-0.5238049139683956,-0.6475478220318416,-0.6475478220318411,0.0
CSO-13-6B-JETAVE,0.0,1.3373239577522258,0.0,0.0,-0.21170901277453058,-0.9674480799130158,-0.21170901277453058,0.0,0.6228469069783961,-0.2117090127745308,-1.1415723055245948,0.00715937178404739,0.2960705491042966,0.28999513341852134,-0.02380952380952381
CSO-13-6B-LFMIES,0.0,0.9801960588196068,0.0,0.0,0.0,-0.9801960588196068,0.0,0.0,0.9801960588196068,0.0,-0.9801960588196068,0.9801960588196068,0.0,0.0,0.0
CSO-13-6B-LJMAHU,0.0,0.9801960588196068,0.0,0.0,0.0,-0.9801960588196068,0.0,0.0,0.9801960588196068,0.0,-0.9801960588196068,0.9801960588196068,0.0,0.0,0.0
CSO-13-7A-CAPAMU,0.0,0.4461948848114964,0.0,0.0,-0.3734341752640919,-0.34634455480049076,-0.3734341752640919,-0.025125945381480306,0.7127358336172428,-0.3739045811648332,-0.4461948848114963,0.43606341818487504,0.3654984513239071,0.3654984513239072,-0.08087457990257882
CSO-13-7A-CDDITR,0.0,1.7459554706770455,0.0,0.0,-0.4034732923929645,-0.891148371601353,-0.4034732923929645,-0.17586311452816475,-0.9829794734892129,-0.4264014327112208,-1.3810687210594865,-0.931909515182854,-0.6622661785325219,-0.7342555241112946,-0.33834506919300483
CSO-13-7A-RXCHLU,0.0,0.980196058819607,0.0,0.0,-0.1406246098621305,-0.9902100645643402,-0.1406246098621305,0.0,1.0841129304716692,-0.1406246098621306,-0.9801960588196067,0.6078481802384437,0.5163977794943222,0.5163977794943222,0.0
CSO-13-7A-YAMEZA,0.0,0.7097503634036718,0.0,0.0,-0.4214508423642461,-0.5404631467452182,-0.4214508423642461,-0.05897678246195885,0.9806207442914241,-0.4362148985672178,-0.7097503634036716,0.01142010394369517,0.752600507012545,0.8900667230794083,-0.12170322582331967
CSO-13-8A-MBUAN,0.0,0.0,0.0,0.0,0.0,0.0,0.0,0.0,0.0,0.0,0.0,0.0,,,
CSO-13-8A-MGAAN,0.0,1.3483483026434695,0.0,0.0,-0.1646579402360379,-1.0053944133904116,-0.1646579402360379,0.0,0.7254820216330949,-0.16465794023603803,-1.142418701551349,0.20267828985196398,0.27554833770614834,0.26461258947175276,-0.04285714285714286
CSO-13-8A-MGAHE,0.0,0.4954652819284845,0.0,0.0,-0.3627437089027607,-0.4876082295334207,-0.3627437089027607,-0.05025189076296061,0.7939105766878276,-0.36412320296701556,-0.452308939695079,0.14978846623986872,0.1565502435041437,0.42681959632785194,-0.15449072122431176
CSO-13-8A-MJAGA,0.0,0.4900980294098034,0.0,0.0,-0.2262848189276259,-0.4534854281128927,-0.2262848189276259,0.0,0.6833758652810703,-0.22628481892762578,-0.4900980294098034,0.6833758652810705,0.0,0.0,0.0
CSO-13-8A-VHODU,0.0,0.5807696941377877,0.0,0.0,-0.3834608891674961,-0.3995210801372635,-0.3834608891674961,-0.06030226891555274,0.7946302129642522,-0.38458986332927536,-0.5807696941377877,0.48781497860148837,0.4898979485566355,0.4898979485566356,-0.19409899176618917
CSO-13-8B-FCJISA,0.0,0.696287119841918,0.0,0.0,-0.37162741475783,-0.4583799604934969,-0.37162741475783,-0.08264857922693945,0.8898004982626065,-0.3845580027946281,-0.696287119841918,0.3085676818545405,0.4690011332410942,0.5835563132968139,-0.20925212805620483
CSO-13-8B-JEMABE,0.0,0.9801960588196068,0.0,0.0,0.0,-0.9801960588196068,0.0,0.0,0.9801960588196068,0.0,-0.9801960588196068,0.9801960588196068,0.0,0.0,0.0
CSO-13-9B-DMLLLU,0.0,0.0,0.0,0.0,-0.4525696378552518,0.07322520259382131,-0.4525696378552518,0.0,0.38655567174253386,-0.45256963785525156,0.0,0.3865556717425342,0.0,0.0,0.0
CSO-14-7B-EVEGO,0.0,0.9801960588196068,0.0,0.0,-0.09588041581508898,-0.9870237900091978,-0.09588041581508898,0.0,1.0510484713096493,-0.09588041581508905,-0.9801960588196068,0.726322505241541,0.35208939510976517,0.3520893951097651,0.0
CSO-14-8A-AQUMA,0.0,1.0819286418769594,0.0,0.0,-0.14525890558732601,-0.96700079607081,-0.14525890558732601,0.0,0.8844114860186477,-0.14525890558732618,-1.0276977630185833,0.4470912010704149,0.33439847224055125,0.33439847224055125,0.0
CSO-14-8A-SZARA,0.0,1.0265851896804257,0.0,0.0,-0.30856180831641267,-0.23360969257563285,-0.30856180831641267,-0.16383671169803007,0.2992926788703935,-0.34364580124683386,-0.9571181910471317,-0.11767773204812801,0.24679194330252668,0.19190269941920524,-0.31714318993745516
CSO-14-9A-AEDCAGO,0.0,0.9801960588196068,0.0,0.0,0.0,-0.9801960588196068,0.0,0.0,0.9801960588196068,0.0,-0.9801960588196068,0.9801960588196068,0.0,0.0,0.0
CSO-14-9A-HASACA,0.0,0.9801960588196068,0.0,0.0,0.0,-0.9801960588196068,0.0,0.0,0.9801960588196068,0.0,-0.9801960588196068,0.9801960588196068,0.0,0.0,0.0
CSO-14-9A-JSMAAL,0.0,0.934938153675086,0.0,0.0,-0.402065581255289,-1.0117348290828925,-0.402065581255289,-0.05025189076296061,1.2745037126644254,-0.40359130274046817,-0.8773963640305451,-0.0944302517347286,1.3571876583044968,1.3363465040756601,-0.12632278815997783
CSO-14-9A-MARJA,0.0,0.9801960588196067,0.0,0.0,0.0,-0.9801960588196067,0.0,0.0,0.9801960588196067,0.0,-0.9801960588196067,0.9801960588196067,0.0,0.0,0.0
CSO-14-9A-SORZU,0.0,0.9575671062473465,0.0,0.0,-0.28892317179147603,-1.002224197541708,-0.28892317179147603,-0.025125945381480306,1.1922979305245551,-0.2896860325340657,-0.928796211425076,0.2101654794292121,0.6687768180013428,0.8264339404818392,-0.06316139407998891
CSO-14-9B-ERAGA,0.0,0.9349381536750858,0.0,0.0,-0.2262848189276259,-0.9992173219019757,-0.2262848189276259,-0.05025189076296061,1.1446076230993474,-0.22781054041280488,-0.8773963640305451,0.3710045964917254,0.04655918726688001,0.36187343222787294,-0.12632278815997783
CSO-14-9B-MFEGA,0.0,0.7899930280187407,0.0,0.0,-0.23282349836385427,-0.4960775962645568,-0.23282349836385427,-0.028715366150263207,0.7047152009794548,-0.23336110510755873,-0.7899930280187405,0.4718150286509473,0.12262807037342403,0.12262807037342408,-0.09242809131723294
CSO-15-10A-LJRAGU,0.0,0.6672612826668126,0.0,0.0,-0.5832024948942284,0.048971339510951305,-0.5832024948942284,-0.14347443230746806,0.1794905460588937,-0.5966523255809869,-0.6032941163002189,-0.23734543971810343,0.3921211702393473,0.3778546311110446,-0.36019018884038667
CSO-15-10A-MAARLO,0.0,1.590591557163722,0.0,0.0,-0.16843038421330378,-0.8509544536031584,-0.16843038421330378,0.0,-0.11409573624645963,-0.16843038421330395,-1.2652062840134655,-0.3566936947697286,-0.5755980640283037,-0.5755980640283033,0.0
CSO-15-10A-SFEGA,0.0,0.9801960588196068,0.0,0.0,0.0,-0.9801960588196068,0.0,0.0,0.9801960588196068,0.0,-0.9801960588196068,0.9801960588196068,0.0,0.0,0.0
CSO-15-10B-MEBUAR,0.0,0.9801960588196068,0.0,0.0,0.0,-0.9801960588196068,0.0,0.0,0.9801960588196068,0.0,-0.9801960588196068,0.9801960588196068,0.0,0.0,0.0
CSO-15-10B-YVBUAN,0.0,0.9801960588196068,0.0,0.0,0.0,-0.9801960588196068,0.0,0.0,0.9801960588196068,0.0,-0.9801960588196068,0.9801960588196068,0.0,0.0,0.0
CSO-15-10C-SSCAMO,0.0,0.5943243972836778,0.0,0.0,-0.35978075706312623,-0.5641088049864162,-0.35978075706312623,-0.04466834734485388,0.8533158207476477,-0.3608769940794204,-0.5687502685527708,-0.0010303104807477875,1.1932483205441777,1.1813390895562712,-0.16461254169436312
CSO-15-11C-JETALO,0.0,0.6534640392130713,0.0,0.0,-0.03906239162836958,-0.6562457074754972,-0.03906239162836958,0.0,0.6823298368941997,-0.039062391628369615,-0.6534640392130712,0.5500340729405259,0.2151657414559676,0.21516574145596756,0.0
CSO-15-7B-JCRAGA,0.0,0.9801960588196068,0.0,0.0,0.0,-0.9801960588196068,0.0,0.0,0.9801960588196068,0.0,-0.9801960588196068,0.9801960588196068,0.0,0.0,0.0
CSO-15-8A-VBMABR,0.0,0.9575671062473465,0.0,0.0,-0.28892317179147603,-1.002224197541708,-0.28892317179147603,-0.025125945381480306,1.1922979305245551,-0.2896860325340657,-0.928796211425076,0.2101654794292121,1.0013424413361998,0.9909218642217814,-0.06316139407998891
CSO-15-8B-KEPOGO,0.0,1.124381209640169,0.0,0.0,-0.4127209211821515,-1.0209476629333143,-0.4127209211821515,-0.06700252101728081,1.0723365782628742,-0.41475521649572356,-0.9332534895073813,-0.31572852351364267,1.1737249022375302,1.1398612809133064,-0.19223990802282756
CSO-15-9B-ALRIHE,0.0,0.9801960588196069,0.0,0.0,-0.17578076232766313,-0.9927135660005236,-0.17578076232766313,0.0,1.1100921483846846,-0.17578076232766326,-0.9801960588196068,0.5147612105931528,0.6454972243679028,0.6454972243679027,0.0
CSO-15-9B-AMSAGO,0.0,0.980196058819607,0.0,0.0,-0.1757807623276631,-0.9927135660005236,-0.1757807623276631,0.0,1.1100921483846848,-0.17578076232766326,-0.9801960588196068,0.5147612105931528,0.6454972243679028,0.6454972243679027,0.0
CSO-15-9B-JCAPA,0.0,0.3847304823738663,0.0,0.0,-0.4739748167385464,-0.18883682785457787,-0.4739748167385464,-0.06030226891555274,0.6759021355488375,-0.4751037909003257,-0.3847304823738663,0.36908690118607385,0.4898979485566355,0.4898979485566356,-0.19409899176618917
CSO-15-9B-KSBEJA,0.0,0.44205495147047086,0.0,0.0,-0.35937726679525717,-0.13045753469793187,-0.35937726679525717,-0.020100756305184243,0.15655787175325145,-0.35975359151585024,-0.34443936952539395,-0.018493260591317062,-0.011725128778682425,-0.011725128778682203,-0.08087457990257882
CSO-15-9B-RMCHLU,0.0,0.7139118156983943,0.0,0.0,-0.46657750757152644,-0.3124442169872702,-0.46657750757152644,-0.04020151261036849,0.6984397294954565,-0.4673301570127128,-0.713911815698394,-0.10388526199767964,0.6880770780171159,0.6880770780171159,-0.1293993278441261
CSO-15-9B-SJAGRO,0.0,1.1847250831661973,0.0,0.0,-0.228195004163759,-1.0039309836107668,-0.228195004163759,0.0,0.9397185522666053,-0.22819500416375924,-1.0703197492261303,0.18623686077256327,0.6551358065673402,0.6490603908815648,-0.02380952380952381
CSO-16-10A-MSACO,0.0,0.9801960588196068,0.0,0.0,0.0,-0.9801960588196068,0.0,0.0,0.9801960588196068,0.0,-0.9801960588196068,0.9801960588196068,0.0,0.0,0.0
CSO-16-10B-JESUGU,0.0,0.0,0.0,0.0,0.0,0.0,0.0,0.0,0.0,0.0,0.0,0.0,,,
CSO-16-10B-LTVIFA,0.0,1.1633147083228415,0.0,0.0,-0.2614660300571868,-0.9564445858717724,-0.2614660300571868,0.0,0.8077838277778804,-0.2614660300571871,-1.0656991263777644,0.020607314871061398,0.6019172500329922,0.6019172500329922,0.0
CSO-16-10B-VVILI,0.0,0.9801960588196067,0.0,0.0,0.0,-0.9801960588196067,0.0,0.0,0.9801960588196067,0.0,-0.9801960588196067,0.9801960588196067,0.0,0.0,0.0
CSO-16-10C-ACALGU,0.0,0.0,0.0,0.0,0.0,0.0,0.0,0.0,0.0,0.0,0.0,0.0,,,
CSO-16-10C-MAVAVE,0.0,0.9801960588196068,0.0,0.0,0.0,-0.9801960588196068,0.0,0.0,0.9801960588196068,0.0,-0.9801960588196068,0.9801960588196068,0.0,0.0,0.0
CSO-16-11A-JAVABO,0.0,0.8896802485305647,0.0,0.0,-0.4525696378552518,-1.0182385849843445,-0.4525696378552518,-0.10050378152592122,1.3090191873790882,-0.45562108082560976,-0.7745966692414835,-0.23818686583615603,1.4233808678731878,1.3816985594155151,-0.25264557631995566
CSO-16-11A-JDMUVA,0.0,0.5425122712458993,0.0,0.0,-0.2573734596093884,-0.46775703315892425,-0.2573734596093884,-0.016750630254320203,0.7307698615007617,-0.25768706354321586,-0.5425122712458993,0.6455434075111053,0.1360827634879543,0.13608276348795434,-0.05391638660171921
CSO-16-11A-VZAOR,0.0,1.5937831318593778,0.0,0.0,-0.3330234878359508,-1.0263658188312537,-0.3330234878359508,0.0,0.5989713600304463,-0.33302348783595115,-1.2505671300391767,-0.4708118388686159,0.6744129709662149,0.6561867239088889,-0.07142857142857144
CSO-16-11B-KRORE,0.0,0.9801960588196068,0.0,0.0,0.0,-0.9801960588196068,0.0,0.0,0.9801960588196068,0.0,-0.9801960588196068,0.9801960588196068,0.0,0.0,0.0
CSO-16-11B-LLOZA,0.0,0.9801960588196068,0.0,0.0,0.0,-0.9801960588196068,0.0,0.0,0.9801960588196068,0.0,-0.9801960588196068,0.9801960588196068,0.0,0.0,0.0
CSO-16-11B-YAROMO,0.0,1.3198948330639695,0.0,0.0,-0.26980671566934544,-0.6433774102711767,-0.26980671566934544,-0.01546212023475711,0.41619802855604415,-0.2702761684340161,-1.1062378269697577,-0.27975521998125663,0.08837949843578997,0.12795400051202066,-0.07183558317010307
CSO-16-9A-JALEMO,0.0,1.0627038025423199,0.0,0.0,-0.07052152141752074,-0.9646140706536134,-0.07052152141752074,-0.010050378152592122,0.848934602415645,-0.07082666571455656,-1.0023876536408731,0.6578243033156302,0.05599837718307323,0.051830146337306024,-0.025264557631995567
CSO-16-9A-JPROSO,0.0,0.9801960588196069,0.0,0.0,-0.11718717488510874,-0.9885410636068848,-0.11718717488510874,0.0,1.066793451862992,-0.11718717488510884,-0.9801960588196068,0.6699061600019708,0.43033148291193524,0.4303314829119351,0.0
CSO-16-9A-JSMAGU,0.0,1.2961475739612909,0.0,0.0,-0.3300336965605711,-0.9814816310711884,-0.3300336965605711,-0.0790775387671431,0.4282421394744979,-0.33820157524509814,-1.0659199397440315,-0.22466800490787295,0.07296027564774994,-0.005285237355794637,-0.17940879492887557
CSO-16-9B-SJPAJI,0.0,0.0,0.0,0.0,-0.4525696378552518,0.07322520259382131,-0.4525696378552518,0.0,0.38655567174253386,-0.45256963785525156,0.0,0.3865556717425342,0.0,0.0,0.0
CSO-17-10A-YVGOCA,0.0,1.9432257580439434,0.0,0.0,-0.2598809277414262,-0.7676546817766964,-0.2598809277414262,-0.058621038176054914,-0.697737855193051,-0.27258381106302126,-1.447464356716387,-1.1118752618111385,-0.748286505174839,-0.7715327673273366,-0.10088257434273934
CSO-17-10B-EHECO,0.0,0.7479505229400687,0.0,0.0,-0.25134016007316595,-0.8043808603939473,-0.25134016007316595,-0.04020151261036849,0.9676445343055091,-0.25256073726130923,-0.7019170912244361,0.11062973790279873,1.0344390461205453,1.0135978918917088,-0.12632278815997783
CSO-17-10B-YCQUVE,0.0,1.437992682577693,0.0,0.0,-0.12632278815997783,-0.8832648549072704,-0.12632278815997783,0.0,0.15947721252005698,-0.12632278815997797,-1.1939537277150007,-0.022471256372394777,-0.43169854802122776,-0.4316985480212274,0.0
CSO-17-11A-DJAPA,0.0,0.9801960588196068,0.0,0.0,0.0,-0.9801960588196068,0.0,0.0,0.9801960588196068,0.0,-0.9801960588196068,0.9801960588196068,0.0,0.0,0.0
CSO-17-11A-NPAHE,0.0,0.9801960588196068,0.0,0.0,0.0,-0.9801960588196068,0.0,0.0,0.9801960588196068,0.0,-0.9801960588196068,0.9801960588196068,0.0,0.0,0.0
CSO-17-11A-RLPAIG,0.0,0.9801960588196069,0.0,0.0,-0.11718717488510873,-0.9885410636068848,-0.11718717488510873,0.0,1.066793451862992,-0.11718717488510884,-0.9801960588196068,0.6699061600019708,0.4303314829119352,0.4303314829119351,0.0
CSO-17-11C-JDAAG,0.0,0.9801960588196068,0.0,0.0,0.0,-0.9801960588196068,0.0,0.0,0.9801960588196068,0.0,-0.9801960588196068,0.9801960588196068,0.0,0.0,0.0
CSO-17-11C-MAPAMA,0.0,0.9500241220565928,0.0,0.0,-0.20945013339430496,-0.9970494032681584,-0.20945013339430496,-0.033501260508640406,1.1331024648611265,-0.21046728105109103,-0.9116629289602324,0.41892346785886786,0.24620519963388762,0.4564146962745495,-0.08421519210665189
CSO-17-11C-MCAAG,0.0,1.3414645941494303,0.0,0.0,-0.1294530640574335,-0.9357189948695409,-0.1294530640574335,0.0,0.4632176519672777,-0.12945306405743365,-1.1459495275297436,0.1694669964079291,-0.11285139510863061,-0.11616525820996243,-0.01298701298701299
CSO-17-11C-SARJA,0.0,0.7575174834231513,0.0,0.0,-0.4233760016000432,-0.5220317122486687,-0.4233760016000432,-0.12561923000848632,1.0840113270135883,-0.44186940829353755,-0.6835671883321496,0.06102896830519594,0.39404461539823704,0.5993428299407914,-0.2519243754875802
CSO-18-11A-ADBAHO,0.0,0.9123092011028252,0.0,0.0,-0.33942722839143885,-1.0087279534431601,-0.33942722839143885,-0.07537783614444092,1.226813405239218,-0.3417158106192073,-0.8259965166360144,0.06640886532778467,1.0675356509048908,1.0362739195616364,-0.18948418223996674
CSO-18-11B-YLLRE,0.0,0.9375775819993283,0.0,0.0,-0.3010310232414395,-0.6094940863784615,-0.3010310232414395,-0.12415513962656913,1.100024360446841,-0.31562615899757285,-0.9158211465988686,0.28190639331600553,0.3361951037796089,0.5076077207243184,-0.2562226603129865
CSO-18-9B-MAMOLO,0.0,1.0599393437270475,0.0,0.0,-0.2953512795348749,-0.9966934814033858,-0.2953512795348749,-0.04084054449602504,1.0918835550067263,-0.29886978520913804,-0.9810754862891696,0.07859532814658772,0.8238264804788932,0.847066409514135,-0.09165466586618433
CSO-8-3A-DAPAVA,0.0,0.6861372411737248,0.0,0.0,-0.07031230493106524,-0.6911442440460915,-0.07031230493106524,0.0,0.738095676999756,-0.0703123049310653,-0.6861372411737248,0.4999633018831432,0.36885555678165877,0.36885555678165866,0.0
CSO-8-3A-KVPECO,0.0,1.8957893063357791,0.0,0.0,-0.25264557631995566,-0.786333650994934,-0.25264557631995566,0.0,-0.6612416337794929,-0.25264557631995593,-1.407711396610395,-1.0251385715643964,-0.8633970960424555,-0.8633970960424548,0.0
CSO-8-4A-ARAGR,0.0,0.9801960588196071,0.0,0.0,-0.2636711434914947,-0.9989723195909821,-0.2636711434914947,0.0,1.1750401931672236,-0.2636711434914949,-0.9801960588196067,0.28204378647992584,0.9682458365518543,0.968245836551854,0.0
CSO-9-2A-EXMOCO,0.0,0.47413324955587355,0.0,0.0,-0.21348835637880983,-0.42897673894188837,-0.21348835637880983,-0.009136707411447384,0.6355781034105885,-0.2136594130699885,-0.47413324955587355,0.48084895799958827,0.23416566996261462,0.23416566996261462,-0.03594425773447948
CSO-9-4A-AGAPE,0.0,0.9801960588196068,0.0,0.0,0.0,-0.9801960588196068,0.0,0.0,0.9801960588196068,0.0,-0.9801960588196068,0.9801960588196068,0.0,0.0,0.0
CSO-9-4A-DKVIMO,0.0,0.6773285155460663,0.0,0.0,-0.21946158589573803,-0.5854150081680837,-0.21946158589573803,-0.049423461729464435,0.6220457190362194,-0.22907055139389007,-0.6629430681349311,0.1715892525162143,0.30496630603713637,0.2842743748633269,0.1427373571460709
CSO-9-4A-DSMOMU,0.0,0.9801960588196068,0.0,0.0,0.0,-0.9801960588196068,0.0,0.0,0.9801960588196068,0.0,-0.9801960588196068,0.9801960588196068,0.0,0.0,0.0
CSO-9-4A-DVGATO,0.0,0.9575671062473465,0.0,0.0,-0.28892317179147603,-1.002224197541708,-0.28892317179147603,-0.025125945381480306,1.1922979305245551,-0.2896860325340657,-0.928796211425076,0.21016547942921213,1.0013424413361998,0.9909218642217814,-0.06316139407998891
CSO-9-4A-EGCAMO,0.0,0.6510147254950792,0.0,0.0,-0.28864652889128095,-0.5809604831818401,-0.28864652889128095,-0.020100756305184243,0.8515711352784384,-0.2890228536118741,-0.6510147254950791,0.5111670153742379,0.4214982059327063,0.4214982059327063,-0.06469966392206306
CSO-9-4A-FAGIGA,0.0,1.437992682577693,0.0,0.0,-0.12632278815997783,-0.8832648549072704,-0.12632278815997783,0.0,0.15947721252005698,-0.12632278815997797,-1.1939537277150007,-0.022471256372394777,-0.43169854802122776,-0.4316985480212274,0.0
CSO-9-4A-GSBRCO,0.0,0.9500241220565931,0.0,0.0,-0.38523089572196806,-1.009566910449075,-0.38523089572196806,-0.033501260508640406,1.2629985544262043,-0.3862480433787543,-0.9116629289602324,-0.04651138036758612,0.8917024240017905,1.1019119206424521,-0.08421519210665189
CSO-9-4A-LCOMO,0.0,0.934938153675086,0.0,0.0,-0.402065581255289,-1.0117348290828925,-0.402065581255289,-0.05025189076296061,1.2745037126644254,-0.40359130274046817,-0.8773963640305451,-0.0944302517347286,1.3571876583044968,1.3363465040756601,-0.12632278815997783
CSO-9-4A-MLORO,0.0,0.9094303369241542,0.0,0.0,-0.5460136876433687,-0.1396464488632233,-0.5460136876433687,-0.17256790153637744,0.495185017469817,-0.5743861514108938,-0.7724361664061965,-0.4696455928529221,0.5206219552788061,0.5864805242594677,-0.39410321176283397
CSO-9-4A-MPAME,0.0,0.9801960588196068,0.0,0.0,0.0,-0.9801960588196068,0.0,0.0,0.9801960588196068,0.0,-0.9801960588196068,0.9801960588196068,0.0,0.0,0.0
CSO-9-4A-NSARPA,0.0,0.9801960588196071,0.0,0.0,-0.23437434977021745,-0.9968860683941626,-0.23437434977021745,0.0,1.1533908449063774,-0.23437434977021768,-0.9801960588196067,0.3596162611843348,0.8606629658238704,0.8606629658238703,0.0
CSO-9-4A-SLOCA,0.0,1.1765045023934477,0.0,0.0,-0.41148302272317894,-1.0772266915557323,-0.41148302272317894,-0.1147078669352809,1.5140645792359,-0.4297761451503515,-1.0805537528435567,-0.18822759547355547,1.0695104718526403,1.2830934732682215,-0.21678696365026467
