file,z_wc,z_nodes,z_edges,z_re,z_pe,z_l1,z_l2,z_l3,z_lcc,z_lsc,z_atd,z_density,z_diameter,z_asp,z_cc
CDMS-10-4A-JURAN,0.0,0.0,0.0,0.18531985581128863,0.0,0.0,0.0,0.0,-0.4627042863926138,0.0,0.0,0.0,-0.25688123137987096,-0.3173015139426601,0.0
CDMS-10-5A-HEPIHO,0.0,0.0,0.0,0.2864162539652367,0.0,0.0,0.0,0.0,-0.38433753064271164,0.0,0.0,0.0,-2.1448753215641236,-0.7882477195108759,0.0
CDMS-10-5A-KSRAGU,0.0,0.0,0.0,-0.004476942894271932,0.0,0.0,0.0,0.0,-0.2362146506845868,0.0,0.0,0.0,0.22613432637786693,-0.26446957498615065,0.0
CDMS-10-5A-SROPU,0.0,0.0,0.0,-0.3527340750444699,0.0,0.0,0.0,0.0,-0.3819791577939042,0.0,0.0,0.0,-0.46780084634022884,-0.41577665844896833,0.0
CDMS-10-5A-SZURO,0.0,0.0,0.0,-0.6094628412950326,0.0,0.0,0.0,0.0,1.0549378350802279,0.0,0.0,0.0,1.1679384494835872,1.0751344418406137,0.0
CDMS-10-5B-SRAJA,0.0,0.0,0.0,0.48667496405207633,0.0,0.0,0.0,0.0,-0.872690682667973,0.0,0.0,0.0,-0.23986115754072865,-0.9311620309953904,0.0
CDMS-10-5C-DAAUSA,0.0,0.0,0.0,0.47202694212463386,0.0,0.0,0.0,0.0,-0.1378731816168408,0.0,0.0,0.0,1.3341655208150138,0.9162957340911523,0.0
CDMS-10-5C-ICAPA,0.0,0.0,0.0,0.7453559924999299,0.0,0.0,0.0,0.0,-0.7147511356724648,0.0,0.0,0.0,-0.33205471974749157,-0.40585332643553684,0.0
CDMS-10-5C-JFALGI,0.0,0.0,0.0,-1.2133931276804373,0.0,0.0,0.0,0.0,0.9192377362881804,0.0,0.0,0.0,0.2171734230969673,0.44209357599593135,0.0
CDMS-10-5C-MAORTO,0.0,0.0,0.0,-0.91296139752981,0.0,0.0,0.0,0.0,-0.019742397144990723,0.0,0.0,0.0,-0.33972176990437464,-0.5188687447412705,0.0
CDMS-10-6B-ASCACO,0.0,0.0,0.0,0.36486282292748023,0.0,0.0,0.0,0.0,-0.2690731029281741,0.0,0.0,0.0,-0.24087475384651633,-0.249554894697362,0.0
CDMS-11-4A-GACHSA,0.0,0.0,0.0,-0.3522692447378653,0.0,0.0,0.0,0.0,0.22114964547232327,0.0,0.0,0.0,0.15908150288143394,0.1340970530010369,0.0
CDMS-11-5A-EAARCA,0.0,0.0,0.0,0.12400014843917669,0.0,0.0,0.0,0.0,-0.02767051807955978,0.0,0.0,0.0,0.28246453557708195,0.21204313388976362,0.0
CDMS-11-5A-MGTHAR,0.0,0.0,0.0,1.9134725022744883,0.0,0.0,0.0,0.0,-1.8714766929649054,0.0,0.0,0.0,-0.16668950655985884,-0.9947660827506455,0.0
CDMS-11-6A-NMREPR,0.0,0.0,0.0,-1.0355057595265995,0.0,0.0,0.0,0.0,0.977427454639545,0.0,0.0,0.0,0.6030598750822889,0.6669770753294197,0.0
CDMS-11-6B-ARAHE,0.0,0.0,0.0,0.6258373772664322,0.0,0.0,0.0,0.0,-0.084828468765238,0.0,0.0,0.0,0.024348611843334526,0.06346218612616365,0.0
CDMS-11-6B-AVROTO,0.0,0.0,0.0,1.1980395464185256,0.0,0.0,0.0,0.0,-1.1706141139857404,0.0,0.0,0.0,0.530217589310991,-0.4288038388345972,0.0
CDMS-11-6B-EAFESA,0.0,0.0,0.0,-0.8902873242558961,0.0,0.0,0.0,0.0,1.2819702681994727,0.0,0.0,0.0,0.9688972696155789,1.153793711063395,0.0
CDMS-11-6B-EFRGR,0.0,0.0,0.0,0.6707879712115269,0.0,0.0,0.0,0.0,-0.9360541070799658,0.0,0.0,0.0,-0.4064384856041594,-0.7826540504896546,0.0
CDMS-11-6B-EROCO,0.0,0.0,0.0,-0.4037566391891258,0.0,0.0,0.0,0.0,0.5627456586083261,0.0,0.0,0.0,0.15186240283849758,0.45389106532856033,0.0
CDMS-11-6B-JACUPE,0.0,0.0,0.0,-1.3786821916287089,0.0,0.0,0.0,0.0,0.5330370361194664,0.0,0.0,0.0,-0.730647692078249,-0.573908646821433,0.0
CDMS-11-6B-JDCHBA,0.0,0.0,0.0,0.18650007889915549,0.0,0.0,0.0,0.0,-0.25644074069201367,0.0,0.0,0.0,0.43164410026992367,0.26435808368156444,0.0
CDMS-11-6B-JFSAHE,0.0,0.0,0.0,0.1509193580943971,0.0,0.0,0.0,0.0,-0.25842997770548315,0.0,0.0,0.0,-0.14873157099108494,-0.11945906404567821,0.0
CDMS-11-6B-JLPENA,0.0,0.0,0.0,0.3072770949990917,0.0,0.0,0.0,0.0,-0.2854585563605903,0.0,0.0,0.0,0.22840444765379236,-0.08971679582269473,0.0
CDMS-11-6B-JMARME,0.0,0.0,0.0,0.09268717978415951,0.0,0.0,0.0,0.0,0.19010028243289837,0.0,0.0,0.0,0.2533673819044465,0.2297771004503983,0.0
CDMS-11-6B-JPSAMA,0.0,0.0,0.0,-0.7686519498635764,0.0,0.0,0.0,0.0,0.5302262165329463,0.0,0.0,0.0,0.37558825113716665,0.487011351354484,0.0
CDMS-11-6B-LESTA,0.0,0.0,0.0,-0.042635047118520654,0.0,0.0,0.0,0.0,-0.030551552426584916,0.0,0.0,0.0,-0.2756894890821744,-0.17237949799640537,0.0
CDMS-11-6B-MEBRTA,0.0,0.0,0.0,-0.6079444362779131,0.0,0.0,0.0,0.0,0.7446521749100573,0.0,0.0,0.0,0.8390569291735608,0.7395816776902636,0.0
CDMS-11-6B-MMAMO,0.0,0.0,0.0,0.6299840881167136,0.0,0.0,0.0,0.0,-0.20482803564301602,0.0,0.0,0.0,-0.5990743127175807,-0.4040156069683747,0.0
CDMS-11-6B-RSECA,0.0,0.0,0.0,0.5145968353042759,0.0,0.0,0.0,0.0,-0.4144740654496644,0.0,0.0,0.0,-0.29724006498365557,-0.3247092767100732,0.0
CDMS-11-6B-SCAPA,0.0,0.0,0.0,0.7649528319352841,0.0,0.0,0.0,0.0,-0.45193187340953755,0.0,0.0,0.0,0.3753399915822163,0.08942904900460139,0.0
CDMS-11-6B-VZAPE,0.0,0.0,0.0,0.5292069548192456,0.0,0.0,0.0,0.0,-0.1741740874207181,0.0,0.0,0.0,0.04518479315021736,-0.04090592748395253,0.0
CDMS-11-6B-YLNIME,0.0,0.0,0.0,1.0519865260629069,0.0,0.0,0.0,0.0,-0.5166573104158527,0.0,0.0,0.0,0.33004704022620973,-0.056541619475824145,0.0
CDMS-11-7C-ICARE,0.0,0.0,0.0,1.6706225328390696,0.0,0.0,0.0,0.0,-1.5127552638327892,0.0,0.0,0.0,-1.5127552638327892,-1.512755263832789,0.0
CDMS-11-7C-IMOIB,0.0,0.0,0.0,0.7646449331024805,0.0,0.0,0.0,0.0,-0.8323041807875354,0.0,0.0,0.0,-0.3497588899912506,-0.7279697564089238,0.0
CDMS-11-7C-SALMA,0.0,0.0,0.0,0.5753040688880754,0.0,0.0,0.0,0.0,0.257504671521705,0.0,0.0,0.0,0.8135380907819492,1.489588351306498,0.0
CDMS-11-7C-SPGAVE,0.0,0.0,0.0,-0.8782217132839872,0.0,0.0,0.0,0.0,0.307066996785484,0.0,0.0,0.0,0.022796374544823517,0.24793686287649594,0.0
CDMS-12-5A-SRIGO,0.0,0.0,0.0,-0.07721176753773026,0.0,0.0,0.0,0.0,0.08292247188336539,0.0,0.0,0.0,-0.0015461928726171609,0.13493805632986575,0.0
CDMS-12-6A-FAROPA,0.0,0.0,0.0,0.06428644260028268,0.0,0.0,0.0,0.0,-0.20328204778309317,0.0,0.0,0.0,0.6708486579468799,0.3248021062961118,0.0
CDMS-12-6A-JGIGA,0.0,0.0,0.0,-0.4423128677131857,0.0,0.0,0.0,0.0,0.8796372624671769,0.0,0.0,0.0,0.32929277996907086,0.8018154553281769,0.0
CDMS-12-6A-SROAL,0.0,0.0,0.0,-0.14433756729740646,0.0,0.0,0.0,0.0,0.2504320279720398,0.0,0.0,0.0,0.2636560294997083,0.2599241198708822,0.0
CDMS-12-6B-IJDAGA,0.0,0.0,0.0,0.12731001185650018,0.0,0.0,0.0,0.0,0.1595324058197797,0.0,0.0,0.0,0.9512002748712497,0.7977141905060023,0.0
CDMS-12-6B-SCLAG,0.0,0.0,0.0,0.8660254037844387,0.0,0.0,0.0,0.0,-1.3614049127822827,0.0,0.0,0.0,-1.305094260211646,-1.675173765743381,0.0
CDMS-12-7C-CATRAR,0.0,0.0,0.0,-0.6933217236718261,0.0,0.0,0.0,0.0,1.0477161591495752,0.0,0.0,0.0,1.0177807210434797,1.0197114741647701,0.0
CDMS-12-7C-DLOLO,0.0,0.0,0.0,0.5196152422706631,0.0,-0.3429971702850177,0.0,0.0,-0.5114114030394545,0.0,0.0,0.0,0.14910501299480688,-0.3694723881000217,0.5804666343678604
CDMS-12-7C-JSZAOR,0.0,0.0,0.0,-0.7366532745242504,0.0,0.0,0.0,0.0,-0.2296371740376817,0.0,0.0,0.0,-0.3388725864743036,-0.611962743733944,0.0
CDMS-12-7C-MAROBE,0.0,0.0,0.0,0.2533019997348145,0.0,0.0,0.0,0.0,-0.3369649994698705,0.0,0.0,0.0,0.3511858825773378,-0.1327214600572905,0.0
CDMS-12-7C-VMAPA,0.0,0.0,0.0,-0.4432782907366636,0.0,0.0,0.0,0.0,0.32662203660825334,0.0,0.0,0.0,0.32283469310852403,0.344644256908602,0.0
CDMS-12-7C-VQURA,0.0,0.0,0.0,-0.4531096306846091,0.0,0.0,0.0,0.0,0.3688675298361532,0.0,0.0,0.0,0.4690666179683445,0.4171752352689895,0.0
CDMS-13-6B-JDTAHE,0.0,0.0,0.0,0.0,0.0,0.0,0.0,0.0,0.0,0.0,0.0,0.0,0.0,0.0,0.0
CDMS-13-7C-MVEAR,0.0,0.0,0.0,-0.46399408624364175,0.0,0.0,0.0,0.0,0.5691489959418576,0.0,0.0,0.0,0.5830577520395007,0.5498455402925896,0.0
CDMS-13-7C-RAIZAC,0.0,0.0,0.0,0.0,0.0,0.0,0.0,0.0,0.0,0.0,0.0,0.0,0.0,0.0,0.0
CDMS-13-7C-SSOSLO,0.0,0.0,0.0,-0.8909812844632707,0.0,0.0,0.0,0.0,0.7795734362889422,0.0,0.0,0.0,0.2884606289997187,0.6289571752342367,0.0
CDMS-14-10A-IMORTO,0.0,0.0,0.0,-0.4008565459517506,0.0,0.0,0.0,0.0,0.02091021334588523,0.0,0.0,0.0,-0.10501684031491394,-0.011667747429050903,0.0
CDMS-14-10A-JCVANI,0.0,0.0,0.0,-0.36190136612783874,0.0,0.0,0.0,0.0,0.5495696716809523,0.0,0.0,0.0,0.6130362314875959,0.6706407409305509,0.0
CDMS-14-6B-KDCAHE,0.0,0.0,0.0,1.4769270434172275,0.0,0.0,0.0,0.0,-1.3071129021158738,0.0,0.0,0.0,-1.3071129021158738,-1.307112902115874,0.0
CDMS-15-10A-AMALOS,0.0,0.0,0.0,-0.38806098260341854,0.0,0.0,0.0,0.0,0.480264948040915,0.0,0.0,0.0,0.5021504831683146,0.46335860163756704,0.0
CDMS-15-10A-JJMACH,0.0,0.0,0.0,-0.7753829617066453,0.0,0.0,0.0,0.0,0.7923217579677388,0.0,0.0,0.0,0.8791111216882241,0.932610677749876,0.0
CDMS-15-10A-MAALCA,0.0,0.0,0.0,1.104587280899659,0.0,0.0,0.0,0.0,-0.5337379014574684,0.0,0.0,0.0,-0.15449148953801858,-0.3492996775041962,0.0
CDMS-15-10A-MAALRI,0.0,0.0,0.0,0.30708341284394414,0.0,0.0,0.0,0.0,-0.2861209075055212,0.0,0.0,0.0,-0.43321429105189335,-0.44809208373499293,0.0
CDMS-15-10A-SGOMO,0.0,0.0,0.0,0.0,0.0,0.0,0.0,0.0,0.0,0.0,0.0,0.0,0.0,0.0,0.0
CDMS-15-10A-SHEGA,0.0,0.0,0.0,1.0580447121576975,0.0,0.0,0.0,0.0,-0.25973418319124564,0.0,0.0,0.0,0.7758197767295346,0.572713071964788,0.0
CDMS-15-11B-JEMOLO,0.0,0.0,0.0,1.0178401248089166,0.0,0.0,0.0,0.0,-0.929271013440902,0.0,0.0,0.0,-1.195944423974864,-1.122090108509013,0.0
CDMS-15-11B-VSAHO,0.0,0.0,0.0,-0.6908277539162675,0.0,0.0,0.0,0.0,1.1977765545887413,0.0,0.0,0.0,0.8869109537050569,1.1358982441163592,0.0
CDMS-16-10A-SGALO,0.0,0.0,0.0,-1.0933387771722434,0.0,0.0,0.0,0.0,0.37567414371868646,0.0,0.0,0.0,0.672846782934705,0.5294779687131377,0.0
CDMS-16-11B-NGABE,0.0,0.0,0.0,0.10143966845707136,0.0,0.0,0.0,0.0,-0.38557752355372,0.0,0.0,0.0,-0.2053945464371636,-0.473954311986631,0.0
CDMS-17-10A-ASSAMO,0.0,0.0,0.0,-0.37688515527613736,0.0,0.0,0.0,0.0,0.46730975065596053,0.0,0.0,0.0,0.6654158557735104,0.5254411625804042,0.0
CDMS-18-7C-VVECA,0.0,0.0,0.0,0.7976640750716201,0.0,0.0,0.0,0.0,-0.2122588926913673,0.0,0.0,0.0,-0.2950808394438405,-0.2640342913617144,0.0
CDMS-8-4A-DOSTR,0.0,0.0,0.0,-0.24714306718453002,0.0,0.0,0.0,0.0,0.5575085512612887,0.0,0.0,0.0,0.7732042916185756,0.5892283752314568,0.0
CDMS-8-4A-LGOPA,0.0,0.0,0.0,-0.1789386840776297,0.0,0.0,0.0,0.0,0.17893868407762933,0.0,0.0,0.0,0.5773502691896258,0.37439629873981756,0.0
CDMS-9-4A-CARGA,0.0,0.0,0.0,-0.11972399325498513,0.0,0.0,0.0,0.0,0.12381947273482892,0.0,0.0,0.0,0.21852339955162536,0.1750222016302693,0.0
CDMS-9-4A-CRAAG,0.0,0.0,0.0,0.07978046256137136,0.0,0.0,0.0,0.0,0.29637448918190934,0.0,0.0,0.0,0.7309108059052508,0.7210385500500939,0.0
CDMS-9-4A-EROHI,0.0,0.0,0.0,0.5728274836857332,0.0,0.0,0.0,0.0,-0.3613211407596619,0.0,0.0,0.0,0.6199883128718342,0.05766364835711116,0.0
CDMS-9-4A-ILOSE,0.0,0.0,0.0,0.04454632856266938,0.0,0.0,0.0,0.0,-0.09625711701206129,0.0,0.0,0.0,-0.16295534640276774,-0.15396195908829205,0.0
CDMS-9-4A-TGAFR,0.0,0.0,0.0,0.0,0.0,0.0,0.0,0.0,0.0,0.0,0.0,0.0,0.0,0.0,0.0
CDMS-9-4C-SCAMO,0.0,0.0,0.0,-0.29268524908343646,0.0,0.0,0.0,0.0,0.5669028264899679,0.0,0.0,0.0,0.42784025524314623,0.5148319855987794,0.0
CDMS-9-5A-ABERO,0.0,0.0,0.0,1.1031755129708087,0.0,0.0,0.0,0.0,-1.092726192719142,0.0,0.0,0.0,-1.180539726044939,-1.0596792825809833,0.0
CDMS-9-5A-PAGACO,0.0,0.0,0.0,0.7527752856707521,0.0,0.0,0.0,0.0,-0.25500298809891103,0.0,0.0,0.0,1.2425517008639002,0.8783781503696435,0.0
CDMS-9-5A-VVAAR,0.0,0.0,0.0,-0.27216552697590873,0.0,0.0,0.0,0.0,0.2671706484220869,0.0,0.0,0.0,0.2721655269759086,0.2702954488981966,0.0
CDMS-9-5C-JDMADE,0.0,0.0,0.0,0.20087315476997805,0.0,0.0,0.0,0.0,-0.17636174414517355,0.0,0.0,0.0,-0.12666009927622474,-0.162656696343265,0.0
CDMS-9-5C-LVIZAC,0.0,0.0,0.0,0.2922021817600987,0.0,0.0,0.0,0.0,-0.3387659356448143,0.0,0.0,0.0,-0.35188164174323744,-0.31423644465004474,0.0
CDMS-9-5C-MLOGO,0.0,0.0,0.0,-0.5052757504498067,0.0,0.0,0.0,0.0,0.6406183101096936,0.0,0.0,0.0,0.5601185667154035,0.6155561596486668,0.0
CDMS-XX-10A-VGILO,0.0,0.0,0.0,0.6717563200972299,0.0,0.0,0.0,0.0,-0.29271996178946363,0.0,0.0,0.0,-0.0919367490385203,-0.15836951213824332,0.0
CDMS-XX-5C-MJSARU,0.0,0.0,0.0,-0.7098487912034712,0.0,0.0,0.0,0.0,0.45483426892798373,0.0,0.0,0.0,0.28328586374636877,0.3584988758313565,0.0
CDMS-XX-5C-MPCAQU,0.0,0.0,0.0,-0.5744869107593851,0.0,0.0,0.0,0.0,0.41523893949825047,0.0,0.0,0.0,0.5178242300216133,0.42666263784641484,0.0
CDMS-XX-6B-SPUCA,0.0,0.0,0.0,0.11941960685920268,0.0,0.0,0.0,0.0,-0.23839718943603433,0.0,0.0,0.0,-0.40247079675663083,-0.2530920963446462,0.0
CSO-10-4A-KCOMO,0.0,0.0,0.0,0.43732402492532446,0.0,0.0,0.0,0.0,-0.1774538555070864,0.0,0.0,0.0,0.06658621711386366,-0.09078882710273557,0.0
CSO-10-4A-LRAVI,0.0,0.0,0.0,-0.10206207261596577,0.0,0.0,0.0,0.0,0.15136679482394047,0.0,0.0,0.0,0.15136679482394047,0.15136679482394028,0.0
CSO-10-4A-LSCAVA,0.0,0.0,0.0,0.19199613052396494,0.0,0.0,0.0,0.0,-0.160854529619421,0.0,0.0,0.0,-0.2035354061754445,-0.16682739416011716,0.0
CSO-10-5A-ACAVA,0.0,0.0,0.0,-0.2493585735995072,0.0,0.0,0.0,0.0,0.4633376842392371,0.0,0.0,0.0,0.4783077870942295,0.4802887791732935,0.0
CSO-10-5A-ARACA,0.0,0.0,0.0,0.43867729757745677,0.0,0.0,0.0,0.0,-0.35612640781428323,0.0,0.0,0.0,-0.28289664873433634,-0.3478007238217832,0.0
CSO-10-5A-DABRZA,0.0,0.0,0.0,0.5652550038653615,0.0,0.0,0.0,0.0,-0.02541063267446943,0.0,0.0,0.0,0.2494053540184704,0.3883656056458393,0.0
CSO-10-5A-GZAMA,0.0,0.0,0.0,0.8626621856275072,0.0,0.0,0.0,0.0,-0.6277703362906877,0.0,0.0,0.0,0.8551861104941367,0.26911100863346055,0.0
CSO-10-5A-IPECA,0.0,0.0,0.0,-0.13398539401127724,0.0,0.0,0.0,0.0,0.23476139624180462,0.0,0.0,0.0,0.7016672876544338,0.7181837854447506,0.0
CSO-10-5A-JANORO,0.0,0.0,0.0,0.8457314977120807,0.0,0.0,0.0,0.0,-0.5024775411229815,0.0,0.0,0.0,-0.5394066612544227,-0.5027997760105883,0.0
CSO-10-5A-JBUVE,0.0,0.0,0.0,0.3640020613976281,0.0,0.0,0.0,0.0,-0.40501646480434533,0.0,0.0,0.0,-0.22388272826213096,-0.31178459719503643,0.0
CSO-10-5A-JJSEMO,0.0,0.0,0.0,-0.7463947975016224,0.0,0.0,0.0,0.0,1.068007550809337,0.0,0.0,0.0,1.104978103083811,1.0154644673899047,0.0
CSO-10-5A-JLCARI,0.0,0.0,0.0,0.8187458063805639,0.0,0.0,0.0,0.0,-0.5405822432222761,0.0,0.0,0.0,-0.7443253199988927,-0.504071707190747,0.0
CSO-10-5A-MAARAN,0.0,0.0,0.0,-0.47642169525183536,0.0,0.0,0.0,0.0,0.7769341817835522,0.0,0.0,0.0,0.8219499202427183,0.8021114394581833,0.0
CSO-10-5A-MAOSMO,0.0,0.0,0.0,-0.26677987131685715,0.0,0.0,0.0,0.0,0.6510990722768846,0.0,0.0,0.0,0.5742276239165481,0.6075986146839505,0.0
CSO-10-5A-RVMOIB,0.0,0.0,0.0,0.8370516289200145,0.0,0.0,0.0,0.0,-0.756023998929558,0.0,0.0,0.0,-0.5293758328453327,-0.6871414037385686,0.0
CSO-10-5A-SVHEES,0.0,0.0,0.0,-0.37966062003628476,0.0,0.0,0.0,0.0,0.3396891755124189,0.0,0.0,0.0,0.30257123848360207,0.1684959065281526,0.0
CSO-11-5A-MDVOSPE,0.0,0.0,0.0,0.39790960626906663,0.0,0.0,0.0,0.0,-0.44216603798600135,0.0,0.0,0.0,-0.8142080752644959,-0.5817558455937092,0.0
CSO-11-5A-MTAGA,0.0,0.0,0.0,-0.288900396853677,0.0,0.0,0.0,0.0,0.3647240636784644,0.0,0.0,0.0,0.4745005765072621,0.45622358890812353,0.0
CSO-11-6A-CAPAMU,0.0,0.0,0.0,0.218707528854863,0.0,0.0,0.0,0.0,-0.218707528854863,0.0,0.0,0.0,-0.21870752885486303,-0.21870752885486297,0.0
CSO-11-6A-DSCACH,0.0,0.0,0.0,0.09167106219898191,0.0,0.0,0.0,0.0,-0.5262524858925028,0.0,0.0,0.0,-0.7290620785166109,-0.6370418907339841,0.0
CSO-11-6A-EROMO,0.0,0.0,0.0,0.5879690245471534,0.0,0.0,0.0,0.0,-0.4926982748144342,0.0,0.0,0.0,-0.3917338615084106,-0.4362469067152179,0.0
CSO-11-6A-FSOVRE,0.0,0.0,0.0,-0.1130166577411394,0.0,0.0,0.0,0.0,0.0027074456963221078,0.0,0.0,0.0,-0.016119932995931816,-0.04913033841455719,0.0
CSO-11-6B-ANREVA,0.0,0.0,0.0,0.8547693215235913,0.0,0.0,0.0,0.0,-0.1449815046497654,0.0,0.0,0.0,1.6313709012537696,1.518087420087617,0.0
CSO-11-6B-LHFDLACH,0.0,0.0,0.0,-0.03609222518856509,0.0,0.0,0.0,0.0,-0.10384292292865695,0.0,0.0,0.0,-0.10384292292865695,-0.10384292292865696,0.0
CSO-11-6B-RJGIHE,0.0,0.0,0.0,-0.6477118837501177,0.0,0.0,0.0,0.0,0.8402623357356761,0.0,0.0,0.0,0.684693545317026,0.7778315861709088,0.0
CSO-11-6B-SFLVA,0.0,0.0,0.0,1.389989446392227,0.0,0.0,0.0,0.0,-1.018957802500658,0.0,0.0,0.0,0.5999999999999996,-0.3730246095991567,0.0
CSO-11-6B-VCOMA,0.0,0.0,0.0,0.4007558882656541,0.0,0.0,0.0,0.0,-0.6263637207387414,0.0,0.0,0.0,-0.375967790829165,-0.4173775268969296,0.0
CSO-12-6A-DGISE,0.0,0.0,0.0,0.0,0.0,0.0,0.0,0.0,0.0,0.0,0.0,0.0,0.0,0.0,0.0
CSO-12-6A-FJOVRE,0.0,0.0,0.0,0.0,0.0,0.0,0.0,0.0,0.0,0.0,0.0,0.0,0.0,0.0,0.0
CSO-12-6B-GQULO,0.0,0.0,0.0,0.15481672358573176,0.0,0.0,0.0,0.0,0.052865236329021924,0.0,0.0,0.0,0.16796728906833602,0.09992659138635668,0.0
CSO-12-6B-LJHEFE,0.0,0.0,0.0,0.5325801693696212,0.0,0.0,0.0,0.0,-0.5788462324460253,0.0,0.0,0.0,-0.03602472718641865,-0.5533838652654302,0.0
CSO-12-7A-DALRE,0.0,0.0,0.0,0.44798002895942113,0.0,0.0,0.0,0.0,0.24854790640048025,0.0,0.0,0.0,0.049296385844716434,0.40819514355922065,0.0
CSO-12-7A-ESALA,0.0,0.0,0.0,0.1723689142638155,0.0,0.0,0.0,0.0,-0.22502241572799295,0.0,0.0,0.0,-0.2365773805380782,-0.2291534476072207,0.0
CSO-12-7A-IMERO,0.0,0.0,0.0,1.1222985323859989,0.0,0.0,0.0,0.0,-1.174532141949599,0.0,0.0,0.0,-0.834947827205187,-0.7724226581740966,0.0
CSO-12-7A-JHEZA,0.0,0.0,0.0,0.04361274739083999,0.0,0.0,0.0,0.0,-0.28318693945115087,0.0,0.0,0.0,-0.2031630186940604,-0.20752084649937014,0.0
CSO-12-7A-LSARAR,0.0,0.0,0.0,-0.38618869276895185,0.0,0.0,0.0,0.0,0.4253467194529154,0.0,0.0,0.0,0.4580708108284199,0.46924799236964887,0.0
CSO-12-7A-SCAHO,0.0,0.0,0.0,-0.08830798159484568,0.0,0.0,0.0,0.0,0.19166349966877644,0.0,0.0,0.0,-0.014603938193454768,-0.010087463482302762,0.0
CSO-12-7B-DVAGRO,0.0,0.0,0.0,0.18720151797705845,0.0,0.0,0.0,0.0,-0.5825216224345002,0.0,0.0,0.0,-0.2698811617075231,-0.47746563279990095,0.0
CSO-12-7B-SMUGU,0.0,0.0,0.0,1.20170114336886,0.0,0.0,0.0,0.0,-1.8334463407433352,0.0,0.0,0.0,-1.8411183361245922,-1.8681692466818491,0.0
CSO-12-7B-SSARA,0.0,0.0,0.0,-0.42733622228574913,0.0,0.0,0.0,0.0,1.0404028279419297,0.0,0.0,0.0,1.0561495856122884,1.0179375842888183,0.0
CSO-12-7B-VHOMA,0.0,0.0,0.0,-0.05555555555555556,0.0,0.0,0.0,0.0,-0.22766698385132444,0.0,0.0,0.0,-0.22766698385132444,-0.22766698385132442,0.0
CSO-12-8A-YTOME,0.0,0.0,0.0,-0.5388103647719078,0.0,0.0,0.0,0.0,0.8145313288531826,0.0,0.0,0.0,0.8914406806294062,0.8722841371261689,0.0
CSO-13-6A-ANASA,0.0,0.0,0.0,0.2869412725556288,0.0,0.0,0.0,0.0,-0.10968461155445353,0.0,0.0,0.0,0.31886312032077935,0.14483620733235458,0.0
CSO-13-6B-JETAVE,0.0,0.0,0.0,-0.20499454510537596,0.0,0.0,0.0,0.0,0.2115840754910072,0.0,0.0,0.0,0.11839002031417299,0.19614943634281873,0.0
CSO-13-6B-LFMIES,0.0,0.0,0.0,-1.0789543088758358,0.0,0.0,0.0,0.0,1.0364254517067386,0.0,0.0,0.0,0.9642049773365061,0.9882617284923988,0.0
CSO-13-6B-LJMAHU,0.0,0.0,0.0,-0.14818724459095478,0.0,0.0,0.0,0.0,0.14818724459095478,0.0,0.0,0.0,0.14818724459095478,0.14818724459095478,0.0
CSO-13-7A-CAPAMU,0.0,0.0,0.0,-0.04445949827736582,0.0,0.0,0.0,0.0,-0.10590032941804914,0.0,0.0,0.0,0.17709125287479452,0.03660578990288346,0.0
CSO-13-7A-CDDITR,0.0,0.0,0.0,-0.5349944684499875,0.0,0.0,0.0,0.0,0.8920414674953592,0.0,0.0,0.0,0.6255432421712239,0.5740706415091955,0.0
CSO-13-7A-RXCHLU,0.0,0.0,0.0,-1.2135146460028852,0.0,0.0,0.0,0.0,0.6952845500659273,0.0,0.0,0.0,0.032637228783997996,0.06229893582005932,0.0
CSO-13-7A-YAMEZA,0.0,0.0,0.0,0.09812346467576102,0.0,0.0,0.0,0.0,0.12769101510219413,0.0,0.0,0.0,-0.19071870835145285,-0.06433985780213022,0.0
CSO-13-8A-MBUAN,0.0,0.0,0.0,3.0,0.0,0.0,0.0,0.0,-2.2512252473863827,0.0,0.0,0.0,-2.2512252473863827,-2.2512252473863827,0.0
CSO-13-8A-MGAAN,0.0,0.0,0.0,-0.00251524041821054,0.0,0.0,0.0,0.0,0.1865257091192694,0.0,0.0,0.0,0.2953493222842326,0.2020155153108609,0.0
CSO-13-8A-MGAHE,0.0,0.0,0.0,0.35923298756015287,0.0,0.0,0.0,0.0,-0.36532138463822394,0.0,0.0,0.0,-0.0968533790912044,-0.24767401330411787,0.0
CSO-13-8A-MJAGA,0.0,0.0,0.0,0.17986675048489198,0.0,0.0,0.0,0.0,0.382422839486983,0.0,0.0,0.0,0.5800959426261917,0.5404486753891156,0.0
CSO-13-8A-VHODU,0.0,0.0,0.0,0.06523180904021553,0.0,0.0,0.0,0.0,0.09261945286647807,0.0,0.0,0.0,0.4745542046075671,0.3415445589369127,0.0
CSO-13-8B-FCJISA,0.0,0.0,0.0,-0.0683076129790879,0.0,0.0,0.0,0.0,0.07467062936119118,0.0,0.0,0.0,0.17243509607195578,0.1292254530485557,0.0
CSO-13-8B-JEMABE,0.0,0.0,0.0,0.3391235447324591,0.0,0.0,0.0,0.0,-0.38489040235479033,0.0,0.0,0.0,0.42354655255943013,-0.25128093637663373,0.0
CSO-13-9B-DMLLLU,0.0,0.0,0.0,-0.9416965821485117,0.0,0.0,0.0,0.0,0.9091660564500043,0.0,0.0,0.0,0.8485281374238571,0.8465133142503082,0.0
CSO-14-7B-EVEGO,0.0,0.0,0.0,-0.2036522218829261,0.0,0.0,0.0,0.0,-0.06693102505099412,0.0,0.0,0.0,-0.2279393365854996,-0.1388771545077164,0.0
CSO-14-8A-AQUMA,0.0,0.0,0.0,0.25038211897002516,0.0,0.0,0.0,0.0,0.0002722829771946378,0.0,0.0,0.0,0.20019765397890418,0.20115309427760847,0.0
CSO-14-8A-SZARA,0.0,0.0,0.0,0.23500814080772595,0.0,0.0,0.0,0.0,-0.10824844623059994,0.0,0.0,0.0,-0.021279557859315273,-0.04212775385047729,0.0
CSO-14-9A-AEDCAGO,0.0,0.0,0.0,-0.15841877513397054,0.0,0.0,0.0,0.0,0.20217621446445921,0.0,0.0,0.0,0.2038819462496209,0.20303460211233978,0.0
CSO-14-9A-HASACA,0.0,0.0,0.0,-0.005811703588122524,0.0,0.0,0.0,0.0,-0.035250021228079326,0.0,0.0,0.0,-0.04761571303862555,-0.23831392890507955,0.0
CSO-14-9A-JSMAAL,0.0,0.0,0.0,-0.5546741177833864,0.0,0.0,0.0,0.0,0.3820308113744133,0.0,0.0,0.0,0.3337523838111374,0.3350488641343505,0.0
CSO-14-9A-MARJA,0.0,0.0,0.0,-0.3499763146169458,0.0,0.0,0.0,0.0,-0.129606478023294,0.0,0.0,0.0,-0.5593966194379156,-0.2797864299283542,0.0
CSO-14-9A-SORZU,0.0,0.0,0.0,0.6977733811291362,0.0,0.0,0.0,0.0,-0.2805900443269341,0.0,0.0,0.0,0.663370483535789,0.22175416680358637,0.0
CSO-14-9B-ERAGA,0.0,0.0,0.0,0.22281081474363118,0.0,0.0,0.0,0.0,-0.5638489278160693,0.0,0.0,0.0,-0.7981850104592195,-0.762375361185167,0.0
CSO-14-9B-MFEGA,0.0,0.0,0.0,0.2182447451496904,0.0,0.0,0.0,0.0,0.038343132248393585,0.0,0.0,0.0,0.17783580903196913,0.1778976012026476,0.0
CSO-15-10A-LJRAGU,0.0,0.0,0.0,1.0337355790512595,0.0,0.0,0.0,0.0,-0.7659231182514016,0.0,0.0,0.0,-0.13293982490975478,-0.2956133549188824,0.0
CSO-15-10A-MAARLO,0.0,0.0,0.0,-0.44455010680499313,0.0,0.0,0.0,0.0,-0.7018285102308747,0.0,0.0,0.0,-0.8672619974773385,-0.9473017242492459,0.0
CSO-15-10A-SFEGA,0.0,0.0,0.0,0.0,0.0,0.0,0.0,0.0,0.0,0.0,0.0,0.0,0.0,0.0,0.0
CSO-15-10B-MEBUAR,0.0,0.0,0.0,-0.1103538204767563,0.0,0.0,0.0,0.0,-0.08554249472678782,0.0,0.0,0.0,-0.1102021150506453,0.00814994683839601,0.0
CSO-15-10B-YVBUAN,0.0,0.0,0.0,-0.8864052604279183,0.0,0.0,0.0,0.0,1.0925042522020223,0.0,0.0,0.0,1.1338934190276815,1.0821337091477448,0.0
CSO-15-10C-SSCAMO,0.0,0.0,0.0,0.6515061695247251,0.0,0.0,0.0,0.0,-0.17057147332596917,0.0,0.0,0.0,0.256221341812708,0.25567322305937,0.0
CSO-15-11C-JETALO,0.0,0.0,0.0,-0.03280811636289647,0.0,0.0,0.0,0.0,0.11201631569400197,0.0,0.0,0.0,0.0024572103086749003,-0.023666022907707203,0.0
CSO-15-7B-JCRAGA,0.0,0.0,0.0,-0.20272121351984582,0.0,0.0,0.0,0.0,0.22241043031108554,0.0,0.0,0.0,0.22866478019001168,0.22555785168664724,0.0
CSO-15-8A-VBMABR,0.0,0.0,0.0,-0.6541630281649186,0.0,0.0,0.0,0.0,0.5672961035718117,0.0,0.0,0.0,0.7220508823072198,0.5341076603163848,0.0
CSO-15-8B-KEPOGO,0.0,0.0,0.0,-0.5114375715864536,0.0,0.0,0.0,0.0,0.4928824369524567,0.0,0.0,0.0,0.40320062704281806,0.6628707636536928,0.0
CSO-15-9B-ALRIHE,0.0,0.0,0.0,0.4568935746070569,0.0,-0.050223074950760886,0.0,0.0,-0.19705226520780914,0.0,0.0,0.0,0.12634512763495795,-0.02093874857465591,-0.03257976660974698
CSO-15-9B-AMSAGO,0.0,0.0,0.0,-0.5547001962252291,0.0,0.0,0.0,0.0,0.6276547935710588,0.0,0.0,0.0,0.664584879711264,0.8000765841167923,0.0
CSO-15-9B-JCAPA,0.0,0.0,0.0,-0.18879016452806177,0.0,0.0,0.0,0.0,0.2526735697216113,0.0,0.0,0.0,-0.15437428958673607,0.14153195646629335,0.0
CSO-15-9B-KSBEJA,0.0,0.0,0.0,0.9021854304422565,0.0,0.0,0.0,0.0,-0.6130629142318145,0.0,0.0,0.0,-0.6102450982653534,-0.6063073166128049,0.0
CSO-15-9B-RMCHLU,0.0,0.0,0.0,0.6782133990526223,0.0,-0.14020822455182194,0.0,0.0,-0.3598013010019342,0.0,0.0,0.0,-0.12505046198899966,0.03653108665774003,-0.23681786914356212
CSO-15-9B-SJAGRO,0.0,0.0,0.0,0.7403499314274558,0.0,0.0,0.0,0.0,-0.8057973682608359,0.0,0.0,0.0,-0.8298117904232135,-0.8860391459107939,0.0
CSO-16-10A-MSACO,0.0,0.0,0.0,1.1571390810204092,0.0,0.0,0.0,0.0,-0.9284766908852594,0.0,0.0,0.0,0.36650833306891545,-0.5527430090282761,0.0
CSO-16-10B-JESUGU,0.0,0.0,0.0,0.3881929963300259,0.0,0.0,0.0,0.0,-0.3881929963300259,0.0,0.0,0.0,-0.388192996330026,-0.3881929963300257,0.0
CSO-16-10B-LTVIFA,0.0,0.0,0.0,-0.4970936066682586,0.0,0.0,0.0,0.0,0.8555482527475583,0.0,0.0,0.0,0.882959843887187,0.8561850473399992,0.0
CSO-16-10B-VVILI,0.0,0.0,0.0,-0.35345587966822645,0.0,0.0,0.0,0.0,0.4009025995431511,0.0,0.0,0.0,0.4340872005769466,0.4191199256686991,0.0
CSO-16-10C-ACALGU,0.0,0.0,0.0,2.584169928875608,0.0,0.0,0.0,0.0,-1.989123570289592,0.0,0.0,0.0,-1.9057638481278807,-1.8016550310637005,0.0
CSO-16-10C-MAVAVE,0.0,0.0,0.0,0.10050378152592122,0.0,0.0,0.0,0.0,-0.11998400319928905,0.0,0.0,0.0,-0.10050378152592122,-0.11300216046892225,0.0
CSO-16-11A-JAVABO,0.0,0.0,0.0,-1.2060453783110545,0.0,0.0,0.0,0.0,1.6759156076606543,0.0,0.0,0.0,1.858791606702788,1.7756114742803937,0.0
CSO-16-11A-JDMUVA,0.0,0.0,0.0,-0.3382999635795678,0.0,0.0,0.0,0.0,0.43261563127770436,0.0,0.0,0.0,0.44399293720479305,0.46923646891613074,0.0
CSO-16-11A-VZAOR,0.0,0.0,0.0,0.8785922255857387,0.0,0.0,0.0,0.0,-2.03825861078247,0.0,0.0,0.0,-0.40760161142633505,-0.7051497699476212,0.0
CSO-16-11B-KRORE,0.0,0.0,0.0,0.05657485666251589,0.0,0.0,0.0,0.0,0.014478001308676762,0.0,0.0,0.0,0.023717923083596118,0.01801907159161657,0.0
CSO-16-11B-LLOZA,0.0,0.0,0.0,-0.3681703437165734,0.0,0.0,0.0,0.0,-0.006272784866903794,0.0,0.0,0.0,-0.11619889818936648,-0.04794483756923385,0.0
CSO-16-11B-YAROMO,0.0,0.0,0.0,0.1866960418758285,0.0,0.0,0.0,0.0,-0.25597404885553116,0.0,0.0,0.0,-0.41431587928906766,-0.3007320121297987,0.0
CSO-16-9A-JALEMO,0.0,0.0,0.0,-0.1594419659757988,0.0,0.0,0.0,0.0,0.23012434508099913,0.0,0.0,0.0,0.24224022139735168,0.2398775029132023,0.0
CSO-16-9A-JPROSO,0.0,0.0,0.0,0.9617783168785441,0.0,0.0,0.0,0.0,-0.5562660664234693,0.0,0.0,0.0,-0.4670465014961293,-0.5092364987040192,0.0
CSO-16-9A-JSMAGU,0.0,0.0,0.0,-0.19418571070914067,0.0,0.0,0.0,0.0,0.28454860016581607,0.0,0.0,0.0,0.30852869095959073,0.38111075576206244,0.0
CSO-16-9B-SJPAJI,0.0,0.0,0.0,0.8531097830347922,0.0,0.0,0.0,0.0,-0.7683326953265761,0.0,0.0,0.0,-0.5756707012115153,-0.558374671759471,0.0
CSO-17-10A-YVGOCA,0.0,0.0,0.0,-0.751988896700453,0.0,0.0,0.0,0.0,0.3509583656440876,0.0,0.0,0.0,0.3213538038469213,0.19274301778843708,0.0
CSO-17-10B-EHECO,0.0,0.0,0.0,-0.16752858214833072,0.0,0.0,0.0,0.0,0.2728532168206073,0.0,0.0,0.0,0.2957626792180971,0.2736050456547487,0.0
CSO-17-10B-YCQUVE,0.0,0.0,0.0,0.29755682351560686,0.0,0.0,0.0,0.0,-0.08867682502588095,0.0,0.0,0.0,0.16728599674717196,0.18459748321787686,0.0
CSO-17-11A-DJAPA,0.0,0.0,0.0,-0.7547671950080594,0.0,0.0,0.0,0.0,1.0727875977305512,0.0,0.0,0.0,1.1091085221643957,1.0225341670220236,0.0
CSO-17-11A-JDAMO,0.0,0.0,0.0,0.6503503032468838,0.0,-0.2650446601837813,0.0,0.0,-0.7893357252371821,0.0,0.0,0.0,-0.6493631121108427,-0.6926314322187983,-0.1378162713583881
CSO-17-11A-NPAHE,0.0,0.0,0.0,-0.6181243999422612,0.0,0.0,0.0,0.0,0.6000548133529204,0.0,0.0,0.0,0.43016563436571614,0.5133810190798225,0.0
CSO-17-11A-RLPAIG,0.0,0.0,0.0,-0.49878230966534676,0.0,0.0,0.0,0.0,0.7806345681176566,0.0,0.0,0.0,0.9662198025456751,0.9348093142821353,0.0
CSO-17-11B-CDBEBU,0.0,0.0,0.0,1.7891762843566208,0.0,0.0,0.0,0.0,-1.4824982333571137,0.0,0.0,0.0,-1.8006678143417032,-1.6833531246000821,0.0
CSO-17-11C-JDAAG,0.0,0.0,0.0,-0.4050214272051639,0.0,0.0,0.0,0.0,0.4570037269327357,0.0,0.0,0.0,0.3718396091044242,0.4788215203052192,0.0
CSO-17-11C-MAPAMA,0.0,0.0,0.0,0.2472512995552517,0.0,0.0,0.0,0.0,-0.1466741050167535,0.0,0.0,0.0,-0.11880268773984941,-0.1365284500351366,0.0
CSO-17-11C-MCAAG,0.0,0.0,0.0,-0.07713786976441189,0.0,-0.08002883092953354,0.0,0.0,0.16640750305199054,0.0,0.0,0.0,0.2020054078940483,0.21937968762387086,-0.10114754711007042
CSO-17-11C-SARJA,0.0,0.0,0.0,-0.5610454076333132,0.0,0.0,0.0,0.0,0.647468692363908,0.0,0.0,0.0,0.4777961046746521,0.601986457260266,0.0
CSO-18-11A-ADBAHO,0.0,0.0,0.0,-0.8593202143180787,0.0,0.0,0.0,0.0,1.3007878205018772,0.0,0.0,0.0,1.1450222214919739,1.0815838313371446,0.0
CSO-18-11B-YLLRE,0.0,0.0,0.0,-0.43672424698965445,0.0,0.0,0.0,0.0,0.6572317595690513,0.0,0.0,0.0,0.700238913771544,0.7913762898820814,0.0
CSO-18-9B-MAMOLO,0.0,0.0,0.0,0.05417577859054066,0.0,0.0,0.0,0.0,0.25070006446203236,0.0,0.0,0.0,0.2923841311330805,0.2935016825879697,0.0
CSO-8-3A-DAPAVA,0.0,0.0,0.0,-0.1035484115478117,0.0,-0.026207120918047958,0.0,0.0,0.23794707457254358,0.0,0.0,0.0,0.2884994260151179,0.22673316851486303,-0.04425708371198286
CSO-8-3A-KVPECO,0.0,0.0,0.0,-0.46852128566581813,0.0,0.0,0.0,0.0,0.45785056028475235,0.0,0.0,0.0,0.48263550651027504,0.4826355065102743,0.0
CSO-8-4A-ARAGR,0.0,0.0,0.0,0.6070261647255192,0.0,0.0,0.0,0.0,-0.20485831539965832,0.0,0.0,0.0,0.2686325179445891,0.0568728852208622,0.0
CSO-9-2A-EXMOCO,0.0,0.0,0.0,-0.14050007305133672,0.0,0.0,0.0,0.0,0.2415187399526913,0.0,0.0,0.0,0.17665973783768665,0.24211383845424758,0.0
CSO-9-4A-AGAPE,0.0,0.0,0.0,1.6477054888900398,0.0,0.0,0.0,0.0,-1.686786385882052,0.0,0.0,0.0,-1.1914219880690513,-1.3567389050790475,0.0
CSO-9-4A-DKVIMO,0.0,0.0,0.0,0.2595615423655312,0.0,0.0,0.0,0.0,-0.6052822099477088,0.0,0.0,0.0,-0.6244754579253924,-0.6439870455629422,0.0
CSO-9-4A-DSMOMU,0.0,0.0,0.0,-0.07146309280146595,0.0,0.0,0.0,0.0,0.20589105282777204,0.0,0.0,0.0,0.24745518240727304,0.24168611414306246,0.0
CSO-9-4A-DVGATO,0.0,0.0,0.0,1.3996538852708817,0.0,0.0,0.0,0.0,-0.34790614659547126,0.0,0.0,0.0,0.7164213972048417,0.40573112485983925,0.0
CSO-9-4A-EGCAMO,0.0,0.0,0.0,-0.19309989178782772,0.0,0.0,0.0,0.0,-0.11907438386028604,0.0,0.0,0.0,0.11183994708614069,-0.14457188904199922,0.0
CSO-9-4A-FAGIGA,0.0,0.0,0.0,0.16626787653922726,0.0,0.0,0.0,0.0,-0.1413861831279624,0.0,0.0,0.0,0.23267175508718452,0.09777073953504223,0.0
CSO-9-4A-GSBRCO,0.0,0.0,0.0,-0.8382594128864027,0.0,0.0,0.0,0.0,0.929669333633386,0.0,0.0,0.0,0.44196787014670535,0.5458104688531963,0.0
CSO-9-4A-LCOMO,0.0,0.0,0.0,0.5288026655934136,0.0,0.0,0.0,0.0,0.176574678922939,0.0,0.0,0.0,1.605453541071414,1.2123736599694492,0.0
CSO-9-4A-MLORO,0.0,0.0,0.0,-0.22424404288326377,0.0,0.0,0.0,0.0,0.19735543806149886,0.0,0.0,0.0,0.477554139536551,0.47323218371702197,0.0
CSO-9-4A-MPAME,0.0,0.0,0.0,-0.33761540316867356,0.0,0.0,0.0,0.0,0.4864666361413556,0.0,0.0,0.0,0.4982373338537849,0.49260937643308467,0.0
CSO-9-4A-NSARPA,0.0,0.0,0.0,-1.0056959847754736,0.0,0.0,0.0,0.0,1.1502102881300187,0.0,0.0,0.0,1.1220714447138438,0.9977168599164914,0.0
CSO-9-4A-SLOCA,0.0,0.0,0.0,-0.8579041565477941,0.0,0.0,0.0,0.0,0.942498585790891,0.0,0.0,0.0,1.172424530529085,0.9724791720044454,0.0
