file,z_wc,z_nodes,z_edges,z_re,z_pe,z_l1,z_l2,z_l3,z_lcc,z_lsc,z_atd,z_density,z_diameter,z_asp,z_cc
CDMS-10-4A-JURAN,0.0,0.0,0.0,-0.011026620565838172,0.0,0.0,0.0,0.0,-0.13025191229597463,0.0,0.0,0.0,0.028211588013838957,-0.11413897392948318,0.0
CDMS-10-5A-HEPIHO,0.0,0.0,0.0,0.11899866867240397,0.0,0.0,0.0,0.0,-0.18303090815793444,0.0,0.0,0.0,-1.2119394155420318,-0.4656742860952492,0.0
CDMS-10-5A-KSRAGU,0.0,0.0,0.0,-0.054278607335471164,0.0,0.0,0.0,0.0,-0.4982193418349286,0.0,0.0,0.0,-0.5458773246878725,-0.7678738233593022,0.0
CDMS-10-5A-SROPU,0.0,0.0,0.0,-0.20801992228998598,0.0,0.0,0.0,0.0,-0.3244469860391172,0.0,0.0,0.0,-0.3244469860391171,-0.3244469860391171,0.0
CDMS-10-5A-SZURO,0.0,0.0,0.0,-0.3742832334850294,0.0,0.0,0.0,0.0,0.6183224984550474,0.0,0.0,0.0,0.6843076894288201,0.6299998992605539,0.0
CDMS-10-5B-SRAJA,0.0,0.0,0.0,0.14431360749495886,0.0,0.0,0.0,0.0,-0.43833542624129757,0.0,0.0,0.0,-0.15409367075989916,-0.4890251556329296,0.0
CDMS-10-5C-DAAUSA,0.0,0.0,0.0,0.13690348926512566,0.0,0.0,0.0,0.0,-0.04567463867974342,0.0,0.0,0.0,0.42616730232278544,0.26811531690222723,0.0
CDMS-10-5C-ICAPA,0.0,0.0,0.0,0.7288689868556625,0.0,0.0,0.0,0.0,-0.7288689868556628,0.0,0.0,0.0,-0.7288689868556625,-0.7288689868556625,0.0
CDMS-10-5C-JFALGI,0.0,0.0,0.0,-0.6954826918513132,0.0,0.0,0.0,0.0,0.5769821214558962,0.0,0.0,0.0,0.4071894816842472,0.4170666565702114,0.0
CDMS-10-5C-MAORTO,0.0,0.0,0.0,-0.6730582444464993,0.0,0.0,0.0,0.0,-0.016938471231689955,0.0,0.0,0.0,-0.27084759411815035,-0.27084759411815024,0.0
CDMS-10-5C-NBEMO,0.0,0.0,0.0,3.239974050068997,0.0,0.0,0.0,0.0,-1.421666333136873,0.0,0.0,0.0,-1.0036951386667585,-1.1039169896945775,0.0
CDMS-10-6B-ASCACO,0.0,0.0,0.0,0.28216692822826445,0.0,0.0,0.0,0.0,-0.28216692822826434,0.0,0.0,0.0,-0.28216692822826434,-0.2821669282282644,0.0
CDMS-10-6B-JJMOBE,0.0,0.0,0.0,0.7011877275785814,0.0,0.0,0.0,0.0,-0.49656353316142043,0.0,0.0,0.0,-0.276000740080539,-0.24587080593781915,0.0
CDMS-11-4A-GACHSA,0.0,0.0,0.0,-0.30798201036738226,0.0,0.0,0.0,0.0,0.04805434462415352,0.0,0.0,0.0,-0.014775014431138734,-0.021028429932465554,0.0
CDMS-11-5A-EAARCA,0.0,0.0,0.0,0.06850224616812471,0.0,0.0,0.0,0.0,-0.08333110441463507,0.0,0.0,0.0,0.07122753340282571,0.005599298357950099,0.0
CDMS-11-5A-MGTHAR,0.0,0.0,0.0,1.4039618372070235,0.0,0.0,0.0,0.0,-1.342573594302264,0.0,0.0,0.0,-1.0106495201669767,-1.5906007381807974,0.0
CDMS-11-6A-NMREPR,0.0,0.0,0.0,-0.6356809808739892,0.0,0.0,0.0,0.0,0.4674874539351309,0.0,0.0,0.0,0.30075247906104297,0.352171508337707,0.0
CDMS-11-6B-ARAHE,0.0,0.0,0.0,0.23087157765280603,0.0,0.0,0.0,0.0,-0.06330000150648053,0.0,0.0,0.0,0.01990952736236401,0.01855839431471773,0.0
CDMS-11-6B-AVROTO,0.0,0.0,0.0,0.5715634232065072,0.0,0.0,0.0,0.0,-0.5317979981450119,0.0,0.0,0.0,0.2712406428562913,-0.3076329586784947,0.0
CDMS-11-6B-EAFESA,0.0,0.0,0.0,-0.4732915543046948,0.0,0.0,0.0,0.0,0.9517437982729928,0.0,0.0,0.0,0.7437882697931448,0.8767106626465888,0.0
CDMS-11-6B-EFRGR,0.0,0.0,0.0,0.3942244959819728,0.0,0.0,0.0,0.0,-0.5157185578663561,0.0,0.0,0.0,-0.24481315237673407,-0.4229710525245968,0.0
CDMS-11-6B-EROCO,0.0,0.0,0.0,-0.05159411649066234,0.0,0.0,0.0,0.0,0.20133680557118847,0.0,0.0,0.0,-0.09729106620362293,-0.0496397408239784,0.0
CDMS-11-6B-JACUPE,0.0,0.0,0.0,-1.005682688340512,0.0,0.0,0.0,0.0,0.5194268360407062,0.0,0.0,0.0,-0.6393256352270124,-0.2221239236345688,0.0
CDMS-11-6B-JDCHBA,0.0,0.0,0.0,0.2824222207490325,0.0,0.0,0.0,0.0,-0.424419228261755,0.0,0.0,0.0,0.1838975435745048,-0.2896532558308644,0.0
CDMS-11-6B-JFSAHE,0.0,0.0,0.0,0.25430334970653107,0.0,0.0,0.0,0.0,-0.4989233480304004,0.0,0.0,0.0,-0.4494095625385522,-0.4573843358350009,0.0
CDMS-11-6B-JLPENA,0.0,0.0,0.0,0.0769255416519573,0.0,0.0,0.0,0.0,-0.07692554165195724,0.0,0.0,0.0,0.13985421826629757,0.018560506487903028,0.0
CDMS-11-6B-JMARME,0.0,0.0,0.0,0.05777828004218558,0.0,0.0,0.0,0.0,-0.06969989993029764,0.0,0.0,0.0,-0.06969989993029772,-0.06969989993029771,0.0
CDMS-11-6B-JPSAMA,0.0,0.0,0.0,-0.3044351406413184,0.0,0.0,0.0,0.0,0.11261983016321225,0.0,0.0,0.0,0.11261983016321225,0.11261983016321234,0.0
CDMS-11-6B-LESTA,0.0,0.0,0.0,0.097022540892059,0.0,0.0,0.0,0.0,-0.08380051599734892,0.0,0.0,0.0,-0.14273942729563305,-0.12618063650636763,0.0
CDMS-11-6B-MAGIMU,0.0,0.0,0.0,0.0,0.0,0.0,0.0,0.0,0.0,0.0,0.0,0.0,0.0,0.0,0.0
CDMS-11-6B-MEBRTA,0.0,0.0,0.0,-0.4441243798521941,0.0,0.0,0.0,0.0,0.5692805396675668,0.0,0.0,0.0,0.637806577806185,0.573052239194898,0.0
CDMS-11-6B-MMAMO,0.0,0.0,0.0,0.46795273415510785,0.0,0.0,0.0,0.0,-0.16446296733668872,0.0,0.0,0.0,-0.7746949643600382,-0.5358751577553449,0.0
CDMS-11-6B-RSECA,0.0,0.0,0.0,0.4848907584384834,0.0,0.0,0.0,0.0,-0.4153116125660208,0.0,0.0,0.0,-0.3146307037674194,-0.37643691545681013,0.0
CDMS-11-6B-SCAPA,0.0,0.0,0.0,0.7238351770724156,0.0,0.0,0.0,0.0,-0.3511014890944905,0.0,0.0,0.0,0.12605706429537433,-0.13499141355311234,0.0
CDMS-11-6B-VZAPE,0.0,0.0,0.0,0.4670784863525803,0.0,0.0,0.0,0.0,-0.16369694965882461,0.0,0.0,0.0,0.013093281426925334,-0.06115484896365268,0.0
CDMS-11-6B-YLNIME,0.0,0.0,0.0,0.8016474049934552,0.0,0.0,0.0,0.0,-0.7553852173692645,0.0,0.0,0.0,-0.06864203850913735,-0.5096314466071905,0.0
CDMS-11-7C-ICARE,0.0,0.0,0.0,0.7934920476158722,0.0,0.0,0.0,0.0,-0.6882472016116852,0.0,0.0,0.0,-0.6882472016116852,-0.6882472016116852,0.0
CDMS-11-7C-IMOIB,0.0,0.0,0.0,0.2787549674056848,0.0,0.0,0.0,0.0,-0.2396863702266122,0.0,0.0,0.0,-0.11109721950929856,-0.1517752776901656,0.0
CDMS-11-7C-SALMA,0.0,0.0,0.0,0.48026925505649015,0.0,0.0,0.0,0.0,0.3888109706146414,0.0,0.0,0.0,1.0879819203946048,1.575450086933601,0.0
CDMS-11-7C-SPGAVE,0.0,0.0,0.0,-0.6724353567066473,0.0,0.0,0.0,0.0,0.6037476731304745,0.0,0.0,0.0,0.17624712826418754,0.44762021435871213,0.0
CDMS-12-5A-SRIGO,0.0,0.0,0.0,-0.12964208937717045,0.0,0.0,0.0,0.0,0.2858908116810431,0.0,0.0,0.0,0.33011371240216913,0.3297685474540095,0.0
CDMS-12-6A-FAROPA,0.0,0.0,0.0,-0.09455705539047808,0.0,0.0,0.0,0.0,-0.12715346866336785,0.0,0.0,0.0,0.4170934542819371,0.23474288207644545,0.0
CDMS-12-6A-JGIGA,0.0,0.0,0.0,-0.8807333756468586,0.0,0.0,0.0,0.0,0.9972752158026975,0.0,0.0,0.0,0.7531048465686904,1.1349775108811881,0.0
CDMS-12-6A-JSOTGU,0.0,0.0,0.0,0.0,0.0,0.0,0.0,0.0,0.0,0.0,0.0,0.0,0.0,0.0,0.0
CDMS-12-6A-SROAL,0.0,0.0,0.0,-0.11547005383792516,0.0,0.0,0.0,0.0,0.20034562237763182,0.0,0.0,0.0,0.21092482359976664,0.20793929589670576,0.0
CDMS-12-6B-IJDAGA,0.0,0.0,0.0,0.03930833785894289,0.0,0.0,0.0,0.0,0.03367963830524462,0.0,0.0,0.0,0.3616947005314117,0.43346365352839666,0.0
CDMS-12-6B-SCLAG,0.0,0.0,0.0,0.48591265790377497,0.0,0.0,0.0,0.0,-0.4859126579037752,0.0,0.0,0.0,-0.48591265790377497,-0.48591265790377497,0.0
CDMS-12-7C-CATRAR,0.0,0.0,0.0,-0.6747670662940695,0.0,0.0,0.0,0.0,0.7997600236937844,0.0,0.0,0.0,0.7180699576078746,0.7639095530740329,0.0
CDMS-12-7C-DLOLO,0.0,0.0,0.0,0.08492396737313102,0.0,-0.30151134457776363,0.0,0.0,-0.15337703845009767,0.0,0.0,0.0,0.10050378152592115,-0.1142862307438199,0.1799905674615411
CDMS-12-7C-JSZAOR,0.0,0.0,0.0,-0.43681459131985884,0.0,0.0,0.0,0.0,0.0858680280512349,0.0,0.0,0.0,-0.022461191197576308,-0.0639227417250607,0.0
CDMS-12-7C-MAROBE,0.0,0.0,0.0,-0.07189615027531068,0.0,0.0,0.0,0.0,0.02784404870900334,0.0,0.0,0.0,0.24330248932714743,0.105244208689744,0.0
CDMS-12-7C-VMAPA,0.0,0.0,0.0,-0.22167389929475348,0.0,0.0,0.0,0.0,0.05497927578107966,0.0,0.0,0.0,0.05497927578107966,0.05497927578107973,0.0
CDMS-12-7C-VQURA,0.0,0.0,0.0,-0.37471587065960843,0.0,0.0,0.0,0.0,0.3532588504019366,0.0,0.0,0.0,0.2895490779589699,0.3174841320368259,0.0
CDMS-13-6B-ASUMO,0.0,0.0,0.0,0.0,0.0,0.0,0.0,0.0,0.0,0.0,0.0,0.0,0.0,0.0,0.0
CDMS-13-6B-JDTAHE,0.0,0.0,0.0,0.0,0.0,0.0,0.0,0.0,0.0,0.0,0.0,0.0,0.0,0.0,0.0
CDMS-13-7C-MVEAR,0.0,0.0,0.0,-0.3139844260298276,0.0,0.0,0.0,0.0,0.35386993444965575,0.0,0.0,0.0,0.35502920585874065,0.32636551215008636,0.0
CDMS-13-7C-RAIZAC,0.0,0.0,0.0,0.0,0.0,0.0,0.0,0.0,0.0,0.0,0.0,0.0,0.0,0.0,0.0
CDMS-13-7C-SSOSLO,0.0,0.0,0.0,-0.8094761164653358,0.0,0.0,0.0,0.0,0.8742835744365609,0.0,0.0,0.0,0.5463758614145751,0.7870572344990748,0.0
CDMS-14-10A-IMORTO,0.0,0.0,0.0,-0.2262848189276259,0.0,0.0,0.0,0.0,-0.05376033305704708,0.0,0.0,0.0,-0.05376033305704708,-0.05376033305704692,0.0
CDMS-14-10A-JCVANI,0.0,0.0,0.0,-0.3620580312314966,0.0,0.0,0.0,0.0,0.49496258395862436,0.0,0.0,0.0,0.4742382501220015,0.4917669330269835,0.0
CDMS-14-6B-KDCAHE,0.0,0.0,0.0,0.8049540860572731,0.0,0.0,0.0,0.0,-0.741807178454761,0.0,0.0,0.0,-0.741807178454761,-0.7418071784547611,0.0
CDMS-15-10A-AMALOS,0.0,0.0,0.0,-0.25377423868288396,0.0,0.0,0.0,0.0,0.30615349015838617,0.0,0.0,0.0,0.32500549575124227,0.3097316330775564,0.0
CDMS-15-10A-JJMACH,0.0,0.0,0.0,-0.47790276623942496,0.0,0.0,0.0,0.0,0.53591260267657,0.0,0.0,0.0,0.5128736562210493,0.5588280415495985,0.0
CDMS-15-10A-MAALCA,0.0,0.0,0.0,0.8442359035367687,0.0,0.0,0.0,0.0,-0.6272649507552791,0.0,0.0,0.0,-0.5208624699797268,-0.5594797425856749,0.0
CDMS-15-10A-MAALRI,0.0,0.0,0.0,0.4432515014831592,0.0,0.0,0.0,0.0,-0.3937990077488949,0.0,0.0,0.0,-0.38743961425286977,-0.4218351466593587,0.0
CDMS-15-10A-SGOMO,0.0,0.0,0.0,0.0,0.0,0.0,0.0,0.0,0.0,0.0,0.0,0.0,0.0,0.0,0.0
CDMS-15-10A-SHEGA,0.0,0.0,0.0,0.3709401907748289,0.0,0.0,0.0,0.0,-0.03854309361296793,0.0,0.0,0.0,0.4992092782153892,0.23824218464230906,0.0
CDMS-15-11B-JEMOLO,0.0,0.0,0.0,0.7636728999237258,0.0,0.0,0.0,0.0,-0.6844558571679435,0.0,0.0,0.0,-0.8878823895476353,-0.831193419865556,0.0
CDMS-15-11B-VSAHO,0.0,0.0,0.0,-0.5133515701408636,0.0,0.0,0.0,0.0,0.8316879392351447,0.0,0.0,0.0,0.6831874293476993,0.7831578595976467,0.0
CDMS-16-10A-SGALO,0.0,0.0,0.0,-0.3040818202797687,0.0,0.0,0.0,0.0,-0.08622479084572215,0.0,0.0,0.0,0.3040818202797687,0.12510371347384883,0.0
CDMS-16-11B-NGABE,0.0,0.0,0.0,-0.13912689417492155,0.0,0.0,0.0,0.0,0.1854444517698485,0.0,0.0,0.0,0.4889458128438775,0.24857683490528726,0.0
CDMS-17-10A-ASSAMO,0.0,0.0,0.0,-0.21577875630405985,0.0,0.0,0.0,0.0,0.2981047018228917,0.0,0.0,0.0,0.5174291620034718,0.373600159908089,0.0
CDMS-18-7C-VVECA,0.0,0.0,0.0,0.319467903898664,0.0,0.0,0.0,0.0,-0.046192386690663424,0.0,0.0,0.0,-0.2698490475762682,-0.1553751355563215,0.0
CDMS-8-4A-DOSTR,0.0,0.0,0.0,-0.17718873695305762,0.0,0.0,0.0,0.0,0.13126823557558467,0.0,0.0,0.0,0.19538975725211427,0.053268441222378754,0.0
CDMS-8-4A-LGOPA,0.0,0.0,0.0,-0.12728932669418508,0.0,0.0,0.0,0.0,0.12728932669418497,0.0,0.0,0.0,0.12728932669418497,0.12728932669418475,0.0
CDMS-8-4C-JDBUTU,0.0,0.0,0.0,0.0,0.0,0.0,0.0,0.0,0.0,0.0,0.0,0.0,0.0,0.0,0.0
CDMS-9-4A-ACDUTR,0.0,0.0,0.0,-0.8919529754965995,0.0,0.0,0.0,0.0,1.1360429819410733,0.0,0.0,0.0,0.8118121097900859,1.0245195736198274,0.0
CDMS-9-4A-CARGA,0.0,0.0,0.0,-0.07878745245765316,0.0,0.0,0.0,0.0,0.0697606898135303,0.0,0.0,0.0,0.09442207927610238,0.06777465749128252,0.0
CDMS-9-4A-CRAAG,0.0,0.0,0.0,-0.018518518518518535,0.0,0.0,0.0,0.0,0.23043629059262297,0.0,0.0,0.0,0.34424349555131856,0.3868541354224761,0.0
CDMS-9-4A-EROHI,0.0,0.0,0.0,0.08884175299827675,0.0,0.0,0.0,0.0,-0.05085060788606257,0.0,0.0,0.0,0.40760765374543,0.16678712120046305,0.0
CDMS-9-4A-ILOSE,0.0,0.0,0.0,0.044559329684100174,0.0,0.0,0.0,0.0,-0.05138750127073399,0.0,0.0,0.0,-0.2064485660095317,-0.17124821321181288,0.0
CDMS-9-4A-TGAFR,0.0,0.0,0.0,0.0,0.0,0.0,0.0,0.0,0.0,0.0,0.0,0.0,0.0,0.0,0.0
CDMS-9-4C-SCAMO,0.0,0.0,0.0,-0.17334492845006835,0.0,0.0,0.0,0.0,0.19321720639688036,0.0,0.0,0.0,0.19687727616006837,0.19580819579266323,0.0
CDMS-9-5A-ABERO,0.0,0.0,0.0,0.7664828542546088,0.0,0.0,0.0,0.0,-0.6976597070106516,0.0,0.0,0.0,-0.7446000004755218,-0.7676699603798539,0.0
CDMS-9-5A-PAGACO,0.0,0.0,0.0,0.5791974869219902,0.0,0.0,0.0,0.0,-0.39469421225292267,0.0,0.0,0.0,0.46545992620323257,-0.006501626372354408,0.0
CDMS-9-5A-VVAAR,0.0,0.0,0.0,-0.19572034031470315,0.0,0.0,0.0,0.0,0.19572034031470312,0.0,0.0,0.0,0.19572034031470312,0.19572034031470323,0.0
CDMS-9-5C-JDMADE,0.0,0.0,0.0,0.0,0.0,0.0,0.0,0.0,0.0,0.0,0.0,0.0,0.0,0.0,0.0
CDMS-9-5C-LVIZAC,0.0,0.0,0.0,0.011654475703277855,0.0,0.0,0.0,0.0,-0.05847190413017657,0.0,0.0,0.0,-0.08039773925724349,-0.07684329425223808,0.0
CDMS-9-5C-MLOGO,0.0,0.0,0.0,-0.5016768733209773,0.0,0.0,0.0,0.0,0.5593460755086235,0.0,0.0,0.0,0.39777038056222846,0.4939719823924846,0.0
CDMS-XX-10A-VGILO,0.0,0.0,0.0,0.10842767040101754,0.0,0.0,0.0,0.0,-0.04099376438905325,0.0,0.0,0.0,-0.04099376438905315,-0.04099376438905328,0.0
CDMS-XX-5C-MJSARU,0.0,0.0,0.0,-0.6435755372854508,0.0,0.0,0.0,0.0,0.3727673519725047,0.0,0.0,0.0,0.2545413576966499,0.29123741977293155,0.0
CDMS-XX-5C-MPCAQU,0.0,0.0,0.0,-0.3104433347609997,0.0,0.0,0.0,0.0,0.20745258096812733,0.0,0.0,0.0,0.24064044996049566,0.22289517990036722,0.0
CDMS-XX-6A-MAGICA,0.0,0.0,0.0,1.0834726777719228,0.0,0.0,0.0,0.0,-1.0332403368031833,0.0,0.0,0.0,-0.8864052604279182,-0.9762552280077945,0.0
CDMS-XX-6B-SPUCA,0.0,0.0,0.0,-0.1969063178152766,0.0,0.0,0.0,0.0,0.2888707767885722,0.0,0.0,0.0,0.14941938303509858,0.25719755039928255,0.0
CSO-10-4A-KCOMO,0.0,0.0,0.0,0.16460996867766914,0.0,0.0,0.0,0.0,-0.0937775868400488,0.0,0.0,0.0,-0.0937775868400488,-0.09377758684004892,0.0
CSO-10-4A-LRAVI,0.0,0.0,0.0,-0.06804138174397718,0.0,0.0,0.0,0.0,0.2730943165949086,0.0,0.0,0.0,0.2730943165949086,0.2730943165949085,0.0
CSO-10-4A-LSCAVA,0.0,0.0,0.0,0.1905345371826223,0.0,0.0,0.0,0.0,-0.16948556798178493,0.0,0.0,0.0,-0.16948556798178488,-0.1694855679817849,0.0
CSO-10-5A-ACAVA,0.0,0.0,0.0,-0.19382782434491055,0.0,0.0,0.0,0.0,0.40921267995774385,0.0,0.0,0.0,0.40921267995774374,0.40921267995774385,0.0
CSO-10-5A-ARACA,0.0,0.0,0.0,0.05338720158030086,0.0,0.0,0.0,0.0,-0.028259734952063586,0.0,0.0,0.0,-0.0202375747081071,-0.02417684876073367,0.0
CSO-10-5A-DABRZA,0.0,0.0,0.0,0.15299238200558185,0.0,0.0,0.0,0.0,-0.056801478700784204,0.0,0.0,0.0,-0.07638290590282193,-0.0838876527613076,0.0
CSO-10-5A-GZAMA,0.0,0.0,0.0,0.4785530135910184,0.0,0.0,0.0,0.0,-0.24156883432087714,0.0,0.0,0.0,0.41039956905088454,0.17302015057218084,0.0
CSO-10-5A-IPECA,0.0,0.0,0.0,-0.05253817497892762,0.0,0.0,0.0,0.0,0.08066210854816003,0.0,0.0,0.0,0.886107462796692,0.4262171214081339,0.0
CSO-10-5A-JANORO,0.0,0.0,0.0,0.462700404081947,0.0,0.0,0.0,0.0,-0.4588941976104241,0.0,0.0,0.0,-0.5122680628200917,-0.48053289402489974,0.0
CSO-10-5A-JBUVE,0.0,0.0,0.0,0.21056479825207294,0.0,0.0,0.0,0.0,-0.3969097333242175,0.0,0.0,0.0,-0.3220561598267494,-0.36049502108838655,0.0
CSO-10-5A-JJSEMO,0.0,0.0,0.0,-0.3996428773783361,0.0,0.0,0.0,0.0,0.5216059372580547,0.0,0.0,0.0,0.5136791421939259,0.49725083744856624,0.0
CSO-10-5A-JLCARI,0.0,0.0,0.0,-0.2165850122236189,0.0,0.0,0.0,0.0,0.34884601014225114,0.0,0.0,0.0,0.09108162670018634,0.29628607131456397,0.0
CSO-10-5A-MAARAN,0.0,0.0,0.0,-0.36233834516775726,0.0,0.0,0.0,0.0,0.48696703272760394,0.0,0.0,0.0,0.48696703272760394,0.48696703272760394,0.0
CSO-10-5A-MAOSMO,0.0,0.0,0.0,-0.12675012306905936,0.0,0.0,0.0,0.0,-0.012456528783134893,0.0,0.0,0.0,-0.08694964989689925,-0.041684498702653026,0.0
CSO-10-5A-RVMOIB,0.0,0.0,0.0,0.486775306320692,0.0,0.0,0.0,0.0,-0.3617554873640523,0.0,0.0,0.0,-0.21589738119802065,-0.33477534378073026,0.0
CSO-10-5A-SVHEES,0.0,0.0,0.0,-0.2998976025804403,0.0,0.0,0.0,0.0,0.37778319083891493,0.0,0.0,0.0,0.2706721669906064,0.312171063459562,0.0
CSO-11-5A-MDVOSPE,0.0,0.0,0.0,0.10873350702520228,0.0,0.0,0.0,0.0,-0.18319611184579587,0.0,0.0,0.0,-0.396398854183676,-0.2954406809147395,0.0
CSO-11-5A-MTAGA,0.0,0.0,0.0,-0.3005291152639912,0.0,0.0,0.0,0.0,0.2971777853896655,0.0,0.0,0.0,0.3119137259589234,0.2988304033651953,0.0
CSO-11-6A-CAPAMU,0.0,0.0,0.0,0.1370245239532291,0.0,0.0,0.0,0.0,-0.1370245239532291,0.0,0.0,0.0,-0.1370245239532291,-0.13702452395322912,0.0
CSO-11-6A-DSCACH,0.0,0.0,0.0,0.1048685748103612,0.0,0.0,0.0,0.0,-0.3731037752589087,0.0,0.0,0.0,-0.4223912548050278,-0.3790605909019834,0.0
CSO-11-6A-EROMO,0.0,0.0,0.0,0.33598635334860205,0.0,0.0,0.0,0.0,-0.31021512589978073,0.0,0.0,0.0,-0.26499973549442757,-0.2805113040130347,0.0
CSO-11-6A-FSOVRE,0.0,0.0,0.0,-0.07975315520883085,0.0,0.0,0.0,0.0,0.0663098789987697,0.0,0.0,0.0,0.07337286238137494,0.06341958716477329,0.0
CSO-11-6B-ANREVA,0.0,0.0,0.0,0.4567798318556317,0.0,0.0,0.0,0.0,-0.11570393427178179,0.0,0.0,0.0,0.6757498687374324,0.536562031759279,0.0
CSO-11-6B-DISEMO,0.0,0.0,0.0,-1.4640988308772196,0.0,0.0,0.0,0.0,1.4640988308772196,0.0,0.0,0.0,0.3692744729379985,1.0513149660756937,0.0
CSO-11-6B-LHFDLACH,0.0,0.0,0.0,0.0,0.0,0.0,0.0,0.0,0.0,0.0,0.0,0.0,0.0,0.0,0.0
CSO-11-6B-RJGIHE,0.0,0.0,0.0,-0.375038857610039,0.0,0.0,0.0,0.0,0.15278435705757681,0.0,0.0,0.0,-0.07218351058952205,0.08823563151440653,0.0
CSO-11-6B-SFLVA,0.0,0.0,0.0,1.0504514628777806,0.0,0.0,0.0,0.0,-0.9547061187410396,0.0,0.0,0.0,-0.5027662728386046,-1.0620632057387753,0.0
CSO-11-6B-VCOMA,0.0,0.0,0.0,0.010709986161209394,0.0,0.0,0.0,0.0,-0.1681935143662463,0.0,0.0,0.0,-0.25428203329022353,-0.2019294469709309,0.0
CSO-12-6A-DGISE,0.0,0.0,0.0,0.0,0.0,0.0,0.0,0.0,0.0,0.0,0.0,0.0,0.0,0.0,0.0
CSO-12-6A-FJOVRE,0.0,0.0,0.0,0.0,0.0,0.0,0.0,0.0,0.0,0.0,0.0,0.0,0.0,0.0,0.0
CSO-12-6B-GQULO,0.0,0.0,0.0,-0.02118042383616352,0.0,0.0,0.0,0.0,0.059861543451081724,0.0,0.0,0.0,0.0718791044829529,0.06118045421182829,0.0
CSO-12-6B-LJHEFE,0.0,0.0,0.0,0.36166218932527866,0.0,0.0,0.0,0.0,-0.5808442567021467,0.0,0.0,0.0,-0.5107067726001888,-0.7146389602572424,0.0
CSO-12-6B-VPAMA,0.0,0.0,0.0,0.0,0.0,0.0,0.0,0.0,0.0,0.0,0.0,0.0,0.0,0.0,0.0
CSO-12-7A-DALRE,0.0,0.0,0.0,0.44798002895942113,0.0,0.0,0.0,0.0,0.24854790640048025,0.0,0.0,0.0,0.049296385844716434,0.40819514355922065,0.0
CSO-12-7A-ESALA,0.0,0.0,0.0,0.031822741723896035,0.0,0.0,0.0,0.0,-0.011179834572565082,0.0,0.0,0.0,-0.00444533360008882,-0.007736894652678659,0.0
CSO-12-7A-IMERO,0.0,0.0,0.0,0.6846789789313882,0.0,0.0,0.0,0.0,-0.7713736630374062,0.0,0.0,0.0,-0.8251617105524682,-0.7381202322562925,0.0
CSO-12-7A-JHEZA,0.0,0.0,0.0,-0.060613237707224425,0.0,0.0,0.0,0.0,0.05861451917917787,0.0,0.0,0.0,0.059499804430649714,0.05518912657547855,0.0
CSO-12-7A-LSARAR,0.0,0.0,0.0,-0.4015810445526579,0.0,0.0,0.0,0.0,0.40158104455265803,0.0,0.0,0.0,0.40158104455265803,0.4015810445526582,0.0
CSO-12-7A-SCAHO,0.0,0.0,0.0,-0.16647217321745453,0.0,0.0,0.0,0.0,0.19865913196033572,0.0,0.0,0.0,0.014002842019215967,0.08180135486277729,0.0
CSO-12-7B-DVAGRO,0.0,0.0,0.0,0.06689427545220322,0.0,0.0,0.0,0.0,-0.43488037421263065,0.0,0.0,0.0,-0.1654277986828309,-0.3279183623928182,0.0
CSO-12-7B-SMUGU,0.0,0.0,0.0,0.2838850375395223,0.0,0.0,0.0,0.0,-0.6773611249813767,0.0,0.0,0.0,-0.9427170781823802,-0.8856115905413506,0.0
CSO-12-7B-SSARA,0.0,0.0,0.0,-0.30794112204731183,0.0,0.0,0.0,0.0,0.5008501437588496,0.0,0.0,0.0,0.5150246245115229,0.4955950445984471,0.0
CSO-12-7B-VHOMA,0.0,0.0,0.0,0.0,0.0,0.0,0.0,0.0,0.0,0.0,0.0,0.0,0.0,0.0,0.0
CSO-12-8A-YTOME,0.0,0.0,0.0,-0.28453219259195023,0.0,0.0,0.0,0.0,0.5737178561643084,0.0,0.0,0.0,0.595424046998008,0.5855655563786482,0.0
CSO-13-6A-ANASA,0.0,0.0,0.0,0.2697566259157379,0.0,0.0,0.0,0.0,-0.24809126306540186,0.0,0.0,0.0,-0.14957480833246192,-0.21769680596143892,0.0
CSO-13-6B-JETAVE,0.0,0.0,0.0,-0.06534640392130713,0.0,0.0,0.0,0.0,0.06534640392130715,0.0,0.0,0.0,0.06534640392130715,0.06534640392130714,0.0
CSO-13-6B-LFMIES,0.0,0.0,0.0,-0.5468414400444009,0.0,0.0,0.0,0.0,0.546841440044401,0.0,0.0,0.0,0.5468414400444012,0.546841440044401,0.0
CSO-13-6B-LJMAHU,0.0,0.0,0.0,0.0,0.0,0.0,0.0,0.0,0.0,0.0,0.0,0.0,0.0,0.0,0.0
CSO-13-7A-CAPAMU,0.0,0.0,0.0,-0.0125165099540281,0.0,0.0,0.0,0.0,-0.061774925479702016,0.0,0.0,0.0,-0.01746659224084733,-0.0386908394589499,0.0
CSO-13-7A-CDDITR,0.0,0.0,0.0,-0.4477790168033894,0.0,0.0,0.0,0.0,0.5723836489807423,0.0,0.0,0.0,0.257790023473624,0.24428470276624395,0.0
CSO-13-7A-JJATFL,0.0,0.0,0.0,1.640133195923125,0.0,0.0,0.0,0.0,-1.641112015487391,0.0,0.0,0.0,-2.064741604835056,-1.9337937150895261,0.0
CSO-13-7A-KRAMA,0.0,0.0,0.0,-0.5310850045437944,0.0,0.0,0.0,0.0,0.5310850045437948,0.0,0.0,0.0,0.5310850045437943,0.5310850045437936,0.0
CSO-13-7A-RXCHLU,0.0,0.0,0.0,-1.0039054604327358,0.0,0.0,0.0,0.0,1.0375017697711604,0.0,0.0,0.0,0.7568503360394802,0.864964557049091,0.0
CSO-13-7A-YAMEZA,0.0,0.0,0.0,0.01854326274531447,0.0,0.0,0.0,0.0,0.08875397932631413,0.0,0.0,0.0,-0.15627032527879742,-0.002803831037024307,0.0
CSO-13-8A-KIGAGU,0.0,0.0,0.0,-1.4670075142438392,0.0,0.0,0.0,0.0,0.951043037750797,0.0,0.0,0.0,-0.5345575471253441,-0.028675381715714567,0.0
CSO-13-8A-MBUAN,0.0,0.0,0.0,2.190238071423808,0.0,0.0,0.0,0.0,-1.9446579038025942,0.0,0.0,0.0,-1.9446579038025942,-1.9446579038025942,0.0
CSO-13-8A-MGAAN,0.0,0.0,0.0,-0.049626509891884545,0.0,0.0,0.0,0.0,0.11300346587015483,0.0,0.0,0.0,0.2079495460411433,0.17003896681571087,0.0
CSO-13-8A-MGAHE,0.0,0.0,0.0,0.03787429635606168,0.0,0.0,0.0,0.0,0.10957320127810807,0.0,0.0,0.0,0.26117021684010683,0.22108577558887765,0.0
CSO-13-8A-MJAGA,0.0,0.0,0.0,0.0675192166054285,0.0,0.0,0.0,0.0,-0.05429757593107949,0.0,0.0,0.0,-0.047620453699490285,-0.03609664100617018,0.0
CSO-13-8A-VHODU,0.0,0.0,0.0,0.0008197188362018469,0.0,0.0,0.0,0.0,0.10602872934249186,0.0,0.0,0.0,0.18408363177762016,0.20735168420326353,0.0
CSO-13-8B-FCJISA,0.0,0.0,0.0,-0.15894611976958778,0.0,0.0,0.0,0.0,0.25779134511384516,0.0,0.0,0.0,0.2933339494385045,0.27706985100515835,0.0
CSO-13-8B-JEMABE,0.0,0.0,0.0,0.16956177236622955,0.0,0.0,0.0,0.0,-0.19244520117739516,0.0,0.0,0.0,0.21177327627971507,-0.12564046818831687,0.0
CSO-13-9B-DMLLLU,0.0,0.0,0.0,-0.8297185723568926,0.0,0.0,0.0,0.0,0.8134533095076389,0.0,0.0,0.0,0.7831343499945653,0.7821269384077909,0.0
CSO-14-7B-EVEGO,0.0,0.0,0.0,-0.021554679893079198,0.0,0.0,0.0,0.0,-0.0337740677361611,0.0,0.0,0.0,-0.019802918557683392,-0.05083855925374489,0.0
CSO-14-8A-AQUMA,0.0,0.0,0.0,0.10500323332782266,0.0,0.0,0.0,0.0,0.01011741018827661,0.0,0.0,0.0,0.09001470530497664,0.09001470530497678,0.0
CSO-14-8A-MCIDOS,0.0,0.0,0.0,0.0,0.0,0.0,0.0,0.0,0.0,0.0,0.0,0.0,0.0,0.0,0.0
CSO-14-8A-SZARA,0.0,0.0,0.0,0.03601210919461929,0.0,0.0,0.0,0.0,-0.029918520835810005,0.0,0.0,0.0,-0.029870500873420865,-0.04106889232550169,0.0
CSO-14-8B-JLLORA,0.0,0.0,0.0,1.9209378667218768,0.0,0.0,0.0,0.0,-2.3374486681596465,0.0,0.0,0.0,-0.10592634533402019,-1.085900878284308,0.0
CSO-14-9A-AEDCAGO,0.0,0.0,0.0,-0.13642017489309874,0.0,0.0,0.0,0.0,0.13642017489309874,0.0,0.0,0.0,0.13642017489309874,0.13642017489309877,0.0
CSO-14-9A-HASACA,0.0,0.0,0.0,-0.1074497626606877,0.0,0.0,0.0,0.0,0.021032393329526222,0.0,0.0,0.0,-0.042830400178625626,-0.1329338896528678,0.0
CSO-14-9A-JSMAAL,0.0,0.0,0.0,-0.5546741177833864,0.0,0.0,0.0,0.0,0.3820308113744133,0.0,0.0,0.0,0.3337523838111374,0.3350488641343505,0.0
CSO-14-9A-MARJA,0.0,0.0,0.0,-0.15951215692254223,0.0,0.0,0.0,0.0,0.05069157893417945,0.0,0.0,0.0,-0.05259214179871879,0.01964775828857295,0.0
CSO-14-9A-SORZU,0.0,0.0,0.0,-0.0468679392354901,0.0,0.0,0.0,0.0,0.1745294487990842,0.0,0.0,0.0,0.3761249995146469,0.2760660448164715,0.0
CSO-14-9B-ERAGA,0.0,0.0,0.0,0.2255161246919594,0.0,0.0,0.0,0.0,-0.22551612469195925,0.0,0.0,0.0,-0.2169765294274694,-0.09501725384454067,0.0
CSO-14-9B-MFEGA,0.0,0.0,0.0,0.25525585477772694,0.0,0.0,0.0,0.0,0.06259312562260302,0.0,0.0,0.0,0.1608892851142251,0.1553747550678312,0.0
CSO-15-10A-LJRAGU,0.0,0.0,0.0,0.2854775186078141,0.0,0.0,0.0,0.0,-0.42110915724457615,0.0,0.0,0.0,0.02601280033280029,-0.1360342831536301,0.0
CSO-15-10A-MAARLO,0.0,0.0,0.0,-0.2679595928794027,0.0,0.0,0.0,0.0,-0.43223878423597106,0.0,0.0,0.0,-0.5111063922813994,-0.6098148902849312,0.0
CSO-15-10A-SFEGA,0.0,0.0,0.0,0.0,0.0,0.0,0.0,0.0,0.0,0.0,0.0,0.0,0.0,0.0,0.0
CSO-15-10B-MEBUAR,0.0,0.0,0.0,-0.5665032354408013,0.0,0.0,0.0,0.0,0.44955478153178097,0.0,0.0,0.0,0.3033157137679273,0.41547208521781875,0.0
CSO-15-10B-YVBUAN,0.0,0.0,0.0,-0.6944280692855718,0.0,0.0,0.0,0.0,0.7845426399765592,0.0,0.0,0.0,0.7563508893450421,0.7661222125019876,0.0
CSO-15-10C-ALBAHO,0.0,0.0,0.0,0.0,0.0,0.0,0.0,0.0,0.0,0.0,0.0,0.0,0.0,0.0,0.0
CSO-15-10C-SSCAMO,0.0,0.0,0.0,0.25144237335929626,0.0,0.0,0.0,0.0,0.009291138195029197,0.0,0.0,0.0,0.30855317857278575,0.24296238365661826,0.0
CSO-15-11C-JETALO,0.0,0.0,0.0,-0.11482305619545238,0.0,0.0,0.0,0.0,0.18010000163707823,0.0,0.0,0.0,0.11241750172200068,0.09250105968356495,0.0
CSO-15-7B-JCRAGA,0.0,0.0,0.0,-0.2450490147049017,0.0,0.0,0.0,0.0,0.2450490147049018,0.0,0.0,0.0,0.2450490147049018,0.24504901470490179,0.0
CSO-15-8A-VBMABR,0.0,0.0,0.0,-0.2957998778896308,0.0,0.0,0.0,0.0,0.3878516425745341,0.0,0.0,0.0,0.644337878130267,0.5608204279790785,0.0
CSO-15-8B-KEPOGO,0.0,0.0,0.0,0.025720172014795657,0.0,0.0,0.0,0.0,-0.24269711934762875,0.0,0.0,0.0,-0.0043901266177035336,-0.041210288042528895,0.0
CSO-15-9B-ALRIHE,0.0,0.0,0.0,0.1721922521929804,0.0,-0.048319458967816774,0.0,0.0,-0.0429442888577265,0.0,0.0,0.0,-0.035537584953593555,-0.07385217847814222,-0.025515518153991442
CSO-15-9B-AMSAGO,0.0,0.0,0.0,-0.34083581285989845,0.0,0.0,0.0,0.0,0.44051634061783024,0.0,0.0,0.0,0.5146611849686838,0.6378646661016919,0.0
CSO-15-9B-JCAPA,0.0,0.0,0.0,-0.180736495955296,0.0,0.0,0.0,0.0,0.2375005484056578,0.0,0.0,0.0,-0.00879843228634003,0.1367749516953358,0.0
CSO-15-9B-KSBEJA,0.0,0.0,0.0,0.45455699577171105,0.0,0.0,0.0,0.0,-0.41272710969657495,0.0,0.0,0.0,-0.4398215682792512,-0.3864294585451842,0.0
CSO-15-9B-RMCHLU,0.0,0.0,0.0,0.454697307359432,0.0,-0.0936585811581694,0.0,0.0,-0.16920602357117276,0.0,0.0,0.0,-0.06303461924862135,-0.048535153840273425,-0.0754282729758753
CSO-15-9B-SJAGRO,0.0,0.0,0.0,0.42885236626309914,0.0,0.0,0.0,0.0,-0.3408017516081191,0.0,0.0,0.0,-0.36110404259753903,-0.37856363247521607,0.0
CSO-16-10A-MSACO,0.0,0.0,0.0,0.5785695405102046,0.0,0.0,0.0,0.0,-0.4642383454426297,0.0,0.0,0.0,0.18325416653445772,-0.27637150451413806,0.0
CSO-16-10A-SMOUT,0.0,0.0,0.0,0.0,0.0,0.0,0.0,0.0,0.0,0.0,0.0,0.0,0.0,0.0,0.0
CSO-16-10A-YKMUJO,0.0,0.0,0.0,0.325875267956141,0.0,0.0,0.0,0.0,0.4685212856658186,0.0,0.0,0.0,1.0697988249943853,1.1361499255760459,0.0
CSO-16-10B-JESUGU,0.0,0.0,0.0,0.0,0.0,0.0,0.0,0.0,0.0,0.0,0.0,0.0,0.0,0.0,0.0
CSO-16-10B-LTVIFA,0.0,0.0,0.0,-0.3332503399189298,0.0,0.0,0.0,0.0,0.5185081074408203,0.0,0.0,0.0,0.5185081074408203,0.5185081074408208,0.0
CSO-16-10B-VVILI,0.0,0.0,0.0,-0.17409990350525373,0.0,0.0,0.0,0.0,0.21504225879046204,0.0,0.0,0.0,0.21816943372992512,0.21661596947824288,0.0
CSO-16-10C-ACALGU,0.0,0.0,0.0,1.652205725241365,0.0,0.0,0.0,0.0,-1.1132997804425666,0.0,0.0,0.0,-1.2459855043994827,-1.122616083349962,0.0
CSO-16-10C-MAVAVE,0.0,0.0,0.0,0.0,0.0,0.0,0.0,0.0,0.0,0.0,0.0,0.0,0.0,0.0,0.0
CSO-16-11A-JAVABO,0.0,0.0,0.0,-1.0479065673298456,0.0,0.0,0.0,0.0,1.6133941034019512,0.0,0.0,0.0,1.896153307835632,1.7419189233386405,0.0
CSO-16-11A-JDMUVA,0.0,0.0,0.0,-0.25941216798281486,0.0,0.0,0.0,0.0,0.3107319897289018,0.0,0.0,0.0,0.3487690429185413,0.3220673096299925,0.0
CSO-16-11A-VZAOR,0.0,0.0,0.0,0.2772757987136879,0.0,0.0,0.0,0.0,-0.21843077422477242,0.0,0.0,0.0,0.02808468583958452,0.07444060094379641,0.0
CSO-16-11B-KRORE,0.0,0.0,0.0,0.13863652252566944,0.0,0.0,0.0,0.0,-0.09867405006667745,0.0,0.0,0.0,-0.06488165278977563,-0.0902628671188338,0.0
CSO-16-11B-LLOZA,0.0,0.0,0.0,-0.1652442454225628,0.0,0.0,0.0,0.0,0.03367993059145214,0.0,0.0,0.0,-0.034513757985095754,0.009878433222918275,0.0
CSO-16-11B-YAROMO,0.0,0.0,0.0,-0.07024427500330266,0.0,0.0,0.0,0.0,0.024901249265651054,0.0,0.0,0.0,-0.07343816558991005,-0.008527776311984087,0.0
CSO-16-9A-JALEMO,0.0,0.0,0.0,-0.05467595469664247,0.0,0.0,0.0,0.0,0.11008344704604855,0.0,0.0,0.0,0.11008344704604855,0.11008344704604858,0.0
CSO-16-9A-JPROSO,0.0,0.0,0.0,0.4973363894217541,0.0,0.0,0.0,0.0,-0.38649516916153376,0.0,0.0,0.0,-0.3239618989682189,-0.36331483015806015,0.0
CSO-16-9A-JSMAGU,0.0,0.0,0.0,-0.10161934821136591,0.0,0.0,0.0,0.0,0.20053912544502886,0.0,0.0,0.0,0.36089043359514134,0.33135287395695023,0.0
CSO-16-9B-SJPAJI,0.0,0.0,0.0,0.7124435118490149,0.0,0.0,0.0,0.0,-0.624743121992826,0.0,0.0,0.0,-0.43109025863371386,-0.5148163672802865,0.0
CSO-17-10A-YVGOCA,0.0,0.0,0.0,-0.18377472939779535,0.0,0.0,0.0,0.0,-0.2642109505602484,0.0,0.0,0.0,-0.2735710003344127,-0.2675260440305992,0.0
CSO-17-10B-EHECO,0.0,0.0,0.0,-0.28243747156546956,0.0,0.0,0.0,0.0,0.31322460822497245,0.0,0.0,0.0,0.28773200968174784,0.2939249156604161,0.0
CSO-17-10B-YCQUVE,0.0,0.0,0.0,0.2647723225031746,0.0,0.0,0.0,0.0,-0.07770080905224161,0.0,0.0,0.0,0.12736651530350138,0.15062736723875256,0.0
CSO-17-11A-DJAPA,0.0,0.0,0.0,-0.551025538379405,0.0,0.0,0.0,0.0,0.7018248685967544,0.0,0.0,0.0,0.7252456361136875,0.6893566620828575,0.0
CSO-17-11A-JDAMO,0.0,0.0,0.0,0.5,0.0,-0.17699191449150273,0.0,0.0,-0.4345174853594358,0.0,0.0,0.0,-0.414799746752826,-0.4147997467528259,-0.02380952380952381
CSO-17-11A-NPAHE,0.0,0.0,0.0,-0.4341325537676949,0.0,0.0,0.0,0.0,0.4278285561020011,0.0,0.0,0.0,0.3459642755002113,0.3894191353277207,0.0
CSO-17-11A-RLPAIG,0.0,0.0,0.0,-0.5177093292170237,0.0,0.0,0.0,0.0,0.5559209681722365,0.0,0.0,0.0,0.47830437193583625,0.5417681579383012,0.0
CSO-17-11A-SPUVA,0.0,0.0,0.0,-0.5948030041269228,0.0,0.0,0.0,0.0,0.5769369535077011,0.0,0.0,0.0,0.2743516305843665,0.9336311724160795,0.0
CSO-17-11B-CDBEBU,0.0,0.0,0.0,0.6498060186675804,0.0,0.0,0.0,0.0,-0.5866591110650682,0.0,0.0,0.0,-0.5866591110650682,-0.5866591110650683,0.0
CSO-17-11C-JDAAG,0.0,0.0,0.0,-0.31080257409449613,0.0,0.0,0.0,0.0,0.3575958203926244,0.0,0.0,0.0,0.38322826762494516,0.3944086673299121,0.0
CSO-17-11C-MAPAMA,0.0,0.0,0.0,0.14585335217331058,0.0,0.0,0.0,0.0,-0.1439844489357488,0.0,0.0,0.0,-0.13848106499316923,-0.13314171929257324,0.0
CSO-17-11C-MCAAG,0.0,0.0,0.0,-0.1492051066191076,0.0,-0.03966000361132678,0.0,0.0,0.14273503533790227,0.0,0.0,0.0,0.22941972159680674,0.166550359011796,-0.024191188539736577
CSO-17-11C-SARJA,0.0,0.0,0.0,-0.3194181402759195,0.0,0.0,0.0,0.0,0.3734057514983575,0.0,0.0,0.0,0.39660273131183976,0.36194492498407776,0.0
CSO-18-11A-ADBAHO,0.0,0.0,0.0,-0.5067998544623323,0.0,0.0,0.0,0.0,0.7419699128553677,0.0,0.0,0.0,0.5822031795658462,0.6368439410034913,0.0
CSO-18-11B-YLLRE,0.0,0.0,0.0,-0.217375723995875,0.0,0.0,0.0,0.0,0.36045906080279755,0.0,0.0,0.0,0.4787471330451485,0.4732748896731142,0.0
CSO-18-9B-MAMOLO,0.0,0.0,0.0,-0.14565963133604373,0.0,0.0,0.0,0.0,0.29437982523420897,0.0,0.0,0.0,0.37437424125884017,0.35402469027513117,0.0
CSO-8-3A-DAPAVA,0.0,0.0,0.0,-0.03648386507579729,0.0,0.0,0.0,0.0,0.08490360852568177,0.0,0.0,0.0,0.10641895548888088,0.07847804754525428,0.0
CSO-8-3A-KVPECO,0.0,0.0,0.0,-0.4179418147465894,0.0,0.0,0.0,0.0,0.12516271892905925,0.0,0.0,0.0,0.12516271892905892,0.12516271892905947,0.0
CSO-8-4A-ARAGR,0.0,0.0,0.0,0.2365610605955104,0.0,0.0,0.0,0.0,0.06948114075400146,0.0,0.0,0.0,0.37177781530439064,0.2424144903521358,0.0
CSO-8-4A-JRAAR,0.0,0.0,0.0,0.0,0.0,0.0,0.0,0.0,0.0,0.0,0.0,0.0,0.0,0.0,0.0
CSO-9-2A-EXMOCO,0.0,0.0,0.0,-0.26017146133384145,0.0,0.0,0.0,0.0,0.24750482776038332,0.0,0.0,0.0,0.21490677752216492,0.22919927731127826,0.0
CSO-9-4A-AGAPE,0.0,0.0,0.0,0.9294218588614463,0.0,0.0,0.0,0.0,-0.9410741591194122,0.0,0.0,0.0,-0.7541352719244241,-0.8923541041716585,0.0
CSO-9-4A-DKVIMO,0.0,0.0,0.0,0.03226681608187362,0.0,0.0,0.0,0.0,0.08587804214356834,0.0,0.0,0.0,0.14065475094354737,0.11165560527817014,0.0
CSO-9-4A-DSMOMU,0.0,0.0,0.0,-0.1779451136096501,0.0,0.0,0.0,0.0,0.12670165217218166,0.0,0.0,0.0,0.13881487703027837,0.13466299059795953,0.0
CSO-9-4A-DVGATO,0.0,0.0,0.0,0.7777579770359332,0.0,0.0,0.0,0.0,-0.44089032967805364,0.0,0.0,0.0,0.2157362282047255,-0.06470629583799006,0.0
CSO-9-4A-EGCAMO,0.0,0.0,0.0,0.2060406403364475,0.0,0.0,0.0,0.0,-0.33290762254174616,0.0,0.0,0.0,-0.2192818729197621,-0.3322257326293269,0.0
CSO-9-4A-FAGIGA,0.0,0.0,0.0,0.18731716231633877,0.0,0.0,0.0,0.0,0.011151799920304482,0.0,0.0,0.0,0.2535574564470639,0.16362344607896892,0.0
CSO-9-4A-GSBRCO,0.0,0.0,0.0,-0.5770175528689289,0.0,0.0,0.0,0.0,0.627276054877882,0.0,0.0,0.0,0.6280488214916236,0.6280488214916238,0.0
CSO-9-4A-LCOMO,0.0,0.0,0.0,0.27706153904565656,0.0,0.0,0.0,0.0,-0.13694489929801237,0.0,0.0,0.0,0.5138612031814337,0.10633939592558155,0.0
CSO-9-4A-MLORO,0.0,0.0,0.0,-0.5175952128110529,0.0,0.0,0.0,0.0,0.6790949616971448,0.0,0.0,0.0,0.8416979015149003,0.7881466368781957,0.0
CSO-9-4A-MPAME,0.0,0.0,0.0,-0.24061045053405206,0.0,0.0,0.0,0.0,0.28430611360117786,0.0,0.0,0.0,0.28430611360117786,0.2843061136011779,0.0
CSO-9-4A-NSARPA,0.0,0.0,0.0,-0.762998576902353,0.0,0.0,0.0,0.0,0.8552011129295753,0.0,0.0,0.0,0.8413109639939715,0.7825592511267522,0.0
CSO-9-4A-SLOCA,0.0,0.0,0.0,-0.7417368699232795,0.0,0.0,0.0,0.0,0.7842345955574653,0.0,0.0,0.0,0.513986890438305,0.5196953711179716,0.0
CSO-9-4A-YVDITR,0.0,0.0,0.0,0.0,0.0,0.0,0.0,0.0,0.0,0.0,0.0,0.0,0.0,0.0,0.0
