file,z_wc,z_nodes,z_edges,z_re,z_pe,z_l1,z_l2,z_l3,z_lcc,z_lsc,z_atd,z_density,z_diameter,z_asp,z_cc
CDMS-10-4A-JURAN-CorrEtiq.txt,0.0,0.0,0.0,3.195476688827835,0.6444593491282309,-0.22434109566191227,0.18053059283141515,-0.06424484554560793,0.0,0.04191398130017419,0.0,-1.4852702015330592,0.6880091776951018,1.228163081668135,0.06768203495453816
CDMS-10-5A-HEPIHO-CorrEtiq.txt,0.0,0.0,0.0,2.6270271446576037,-0.7360088424270053,-1.0724175240371299,-0.7181521382977557,-0.32743015554683647,0.0,-0.12345313119594915,0.0,0.048102546263872635,-0.09054398619842952,-0.11891878933851364,-0.3606402883695288
CDMS-10-5A-KSRAGU-CorrEtiq.txt,0.0,0.0,0.0,3.788199706737687,-0.6540895407588293,0.4129765210651789,-0.6205718357198979,-0.019916719470676175,0.0,-0.30997420699423306,0.0,-1.4647295228512553,0.7154381978990831,1.0049828917494543,0.6644131665475792
CDMS-10-5A-SROPU-CorrEtiq.txt,0.0,0.0,0.0,4.697239459506848,0.03481402326280029,-0.26595981929022633,-0.13014207768565164,-0.4768994616746596,0.0,-0.22603502759396973,0.0,-1.7000348567479473,0.3005890654902533,0.8338361643081105,0.11603130139336758
CDMS-10-5B-SRAJA-CorrEtiq.txt,0.0,0.0,0.0,4.355624711173026,-0.42019931937506794,-0.5063020922359199,-0.3874532959906184,1.9192111568321508,0.0,-0.2798349840037863,0.0,-1.47360451360059,0.854735978963354,1.2981790410747625,0.9569114990636123
CDMS-10-5C-DAAUSA-CorrEtiq.txt,0.0,0.0,0.0,3.6532713009108724,0.018611615857130098,-0.7601325946709948,-0.48652080328511654,2.1717630744409493,0.0,-0.10848033826463362,0.0,-0.7242225859236157,-0.008778323803220496,0.3182759563104418,0.26216725305534594
CDMS-10-5C-ICAPA-CorrEtiq.txt,0.0,0.0,0.0,5.184889027771749,-0.8437739114508419,1.3796476195942842,-0.7995219124205893,-1.0943801595320526,0.0,0.3586559745382356,0.0,-3.6236077858118145,1.0172848034867925,2.0993687492124584,-1.6030922532718956
CDMS-10-5C-JFALGI-CorrEtiq.txt,0.0,0.0,0.0,2.2809816665463925,-0.8848400121677391,-0.7789896384745302,-0.8917247177372684,-0.03363170392081508,0.0,0.31844960621490315,0.0,0.3801910521340948,-0.34251791690342587,-0.7091884014518564,-0.23696247490322847
CDMS-10-5C-NBEMO-CorrEtiq.txt,0.0,0.0,0.0,-0.41094808403921523,0.7973559028915975,0.27024299814897096,0.877724469186786,-0.5686423802227989,0.0,-0.02470887770400893,0.0,-0.7860471875684713,0.1308027364429722,0.17472198948237241,-0.5057852203105927
CDMS-10-6B-ASCACO-CorrEtiq.txt,0.0,0.0,0.0,2.6950582047917355,1.8721385800352603,0.1197425741965907,0.3224102884175145,-0.49156046709746115,0.0,-0.31770454222478517,0.0,-1.71088925734928,1.050066917784194,1.4771328500586667,-0.28863205994443764
CDMS-11-4A-GACHSA-CorrEtiq.txt,0.0,0.0,0.0,5.4534617597348385,0.23284847073483894,-0.6786007546595813,0.12012612817456533,-1.1402460227290045,0.0,-0.7301053765497301,0.0,-2.298220083321942,1.2391462696246078,1.90432905010218,-0.9096134849903602
CDMS-11-5A-EAARCA-CorrEtiq.txt,0.0,0.0,0.0,3.05535772551049,0.6137024527996424,0.20434447102877118,0.4521041307691493,0.276921464057477,0.0,-0.470854081589805,0.0,-1.5680071453771116,1.0432674440713092,1.387402830567612,0.20352455439289052
CDMS-11-5A-MGTHAR-CorrEtiq.txt,0.0,0.0,0.0,0.5035121977008247,-0.986651331575678,0.2076888438948809,-0.9990602553876856,-0.012589581904130086,0.0,-0.09868511931393487,0.0,0.34773204293770626,-0.3507764983874345,-0.4644219894846854,-0.12973176531918715
CDMS-11-6A-DFVEBE-CorrEtiq.txt,0.0,0.0,0.0,1.8572692602221916,-0.4666567428159084,-0.13142949988973496,-0.4128511444053333,2.4188453506040952,0.0,-0.25927256906249296,0.0,-0.5872971312063501,2.010915432847324,2.1816682139434365,1.373274675177153
CDMS-11-6A-NMREPR-CorrEtiq.txt,0.0,0.0,0.0,4.219089083905357,-0.8213277793750743,0.8704798925577507,-0.8263842464839634,4.597507133657835,0.0,-1.0551975749746125,0.0,-1.7521736101778718,1.4430639261774973,2.367567738467471,0.20712007816236466
CDMS-11-6B-ARAHE-CorrEtiq.txt,0.0,0.0,0.0,5.438490351728878,-0.4250511912432861,0.5971682134589722,-0.6276673819079871,-0.37540797057114816,0.0,-0.3207680918947785,0.0,-2.259234700778688,1.1444387370950584,1.888126308673715,-0.6437521047501784
CDMS-11-6B-AVROTO-CorrEtiq.txt,0.0,0.0,0.0,1.4450452852779123,-0.34653755571728717,-0.30305589199447136,-0.33604924756184795,0.7707988981328254,0.0,-0.1524513864884576,0.0,-0.16999592554216952,0.3769516538810318,0.3225996987006518,0.2418004294947075
CDMS-11-6B-EAFESA-CorrEtiq.txt,0.0,0.0,0.0,4.691289695677654,-0.4269627736913067,1.2448848813614153,-0.4262189568428498,-0.9858366366696666,0.0,-0.5537671511860491,0.0,-2.1759265304223576,1.2548819900239687,1.5833746299149305,-0.9543878914501579
CDMS-11-6B-EFRGR-CorrEtiq.txt,0.0,0.0,0.0,4.365394383596912,-0.4951561462133016,1.029110171776075,-0.4891098161238233,-0.8571859825739416,0.0,-0.243821660861888,0.0,-2.121115330122799,1.023026096695536,1.5641607250867038,-0.8143444553946492
CDMS-11-6B-EROCO-CorrEtiq.txt,0.0,0.0,0.0,2.5042373379500327,-0.38173387916568524,1.5674063394169335,-0.32695378346532833,0.5553700458313205,0.0,0.16944908399846834,0.0,-1.823183097560883,0.638150621663009,1.7754049507345526,-0.20352473866025322
CDMS-11-6B-JACUPE-CorrEtiq.txt,0.0,0.0,0.0,2.115297335419786,-0.14382358165021583,0.9949222471991334,-0.3169301453578233,-0.6228612970234728,0.0,-0.7706142586788114,0.0,-1.6267669625676833,0.7337918667668929,1.6104733512873062,-0.6819562901093144
CDMS-11-6B-JDCHBA-CorrEtiq.txt,0.0,0.0,0.0,2.676970943746805,-1.0051787848879357,0.6006735810241806,-1.0188185357160364,2.570493360261731,0.0,-0.4518757380988866,0.0,-0.9540961197779261,0.7838012767863315,1.0352049686542126,0.9269093290818293
CDMS-11-6B-JFSAHE-CorrEtiq.txt,0.0,0.0,0.0,3.6958418813168925,-0.21864649052421226,-0.5510912813825074,-0.2726339369286283,-0.42946559878272234,0.0,-0.12853961119498944,0.0,-0.9307629461131437,0.5266561211764521,0.5373889302567404,-0.3026297878826036
CDMS-11-6B-JLPENA-CorrEtiq.txt,0.0,0.0,0.0,1.8021208650447844,-0.50889766685164,1.5943657914712714,-0.47771674313216267,-0.841487940942674,0.0,-1.9830897057194339,0.0,-1.6651317323505663,1.4147482472046835,1.9337634927217313,-0.12491115823405476
CDMS-11-6B-JMARME-CorrEtiq.txt,0.0,0.0,0.0,3.117905464512079,0.44183705178528415,0.32569277431867405,0.3767495460424936,-0.11604321751593547,0.0,-0.09338663723700656,0.0,-1.7766389759016996,0.5672963327769972,1.255546062164724,-0.23672054512495358
CDMS-11-6B-JPSAMA-CorrEtiq.txt,0.0,0.0,0.0,-0.3763114048258484,-0.17699447334587481,0.05316929270018858,-0.1386684850493756,0.39485997193650485,0.0,0.0978465311289425,0.0,0.19382787624372552,-0.09233420156964267,0.14456089770566558,0.5645210135831644
CDMS-11-6B-LESTA-CorrEtiq.txt,0.0,0.0,0.0,3.439115647142091,0.046503501082158866,-0.10325033256134143,0.0687112477014586,0.5977720429195676,0.0,-0.7710617161386912,0.0,-1.1429510708856676,0.872916735937335,1.1910812755357523,-0.31422613066725363
CDMS-11-6B-MEBRTA-CorrEtiq.txt,0.0,0.0,0.0,3.7514228173861786,0.2606179994589948,2.2651696132662678,0.3086463984326935,-0.7486443003046881,0.0,-1.7456462264370793,0.0,-2.647744774140482,2.273261945226466,3.157280256061358,-0.3442455922930959
CDMS-11-6B-MMAMO-CorrEtiq.txt,0.0,0.0,0.0,2.862087761669849,0.16832867434350976,-0.10202286382346401,-0.285434773642818,0.3831703989767751,0.0,-0.08564061288675796,0.0,-1.0935411306783043,0.4902582604823785,0.8121059089928033,-0.25102195801402466
CDMS-11-6B-RSECA-CorrEtiq.txt,0.0,0.0,0.0,3.404664304260562,0.3289789570562015,0.0620204839405597,0.34508769950210594,0.2440151522104549,0.0,0.0787825760530452,0.0,-1.323340837119003,0.20507702388835947,0.3725067576266484,-0.261998137139899
CDMS-11-6B-SCAPA-CorrEtiq.txt,0.0,0.0,0.0,2.9832959318762313,-0.8159652480642172,-0.7559248157896503,-0.8232603467437972,1.09808552556347,0.0,-0.2839676704261529,0.0,0.08843134845161338,0.024936410443444253,0.1327928226169719,1.0039510414479893
CDMS-11-6B-VZAPE-CorrEtiq.txt,0.0,0.0,0.0,0.1414561793465429,0.17970350189810066,2.0613625211037157,0.23662392017420442,-0.49962064623733143,0.0,-0.18559503448287018,0.0,-1.6909686922477252,0.44527492265111596,0.7671253800192837,-0.2966431006416013
CDMS-11-6B-YLNIME-CorrEtiq.txt,0.0,0.0,0.0,1.6116341967021344,-0.8768763183512023,-0.7894882503436171,-0.8855441164909003,0.9055112396339583,0.0,0.21010336318484976,0.0,0.6032291683595993,-0.027542470204259067,-0.26398523453603884,0.18136446502381384
CDMS-11-7C-ICARE-CorrEtiq.txt,0.0,0.0,0.0,3.9341974524549603,1.262989998138263,-1.1039982326629694,0.22342900217385595,0.7082746332550757,0.0,-0.0016901610448284666,0.0,-0.9200965809255693,-0.17533190757670813,0.19090677219766936,0.2656427527719874
CDMS-11-7C-IMOIB-CorrEtiq.txt,0.0,0.0,0.0,4.278142582276642,-0.9120707933062875,-0.8723412319410587,-0.9207757188912541,0.3125356021944639,0.0,0.10227508457637173,0.0,-0.3298219549504795,0.0385037836138398,0.12941924251135054,0.4110847931656409
CDMS-11-7C-SALMA-CorrEtiq.txt,0.0,0.0,0.0,4.69488348838522,-0.6918384842836758,-0.7654833000693089,-0.6940639261161614,-0.7625846832147679,0.0,-0.12837704382413853,0.0,-0.9984086552672262,0.33044333012928817,0.5992973088378065,-0.5003245494122418
CDMS-11-7C-SPGAVE-CorrEtiq.txt,0.0,0.0,0.0,1.737571947980934,-0.11729693634229282,0.24822884098790451,-0.11608629419844643,0.7449571639395364,0.0,-0.6708510869518673,0.0,-0.7532752854511607,0.48627391735726877,1.0500011342300402,0.28342324706110333
CDMS-12-5A-SRIGO-CorrEtiq.txt,0.0,0.0,0.0,4.305846575943796,1.0762120918470415,-0.6836703055333625,0.26239098328848104,0.3374961746305687,0.0,-0.5430132074108924,0.0,-1.6063716054150698,1.0928284378682518,1.4989372649967372,-0.4979022525504872
CDMS-12-6A-FAROPA-CorrEtiq.txt,0.0,0.0,0.0,1.5028887947912248,-0.6944455022392061,1.0436640865581168,-0.6687450680135615,-0.034750241707103786,0.0,-0.24775535326611095,0.0,-0.7356762434927719,0.2503432450533292,0.3006862036514182,0.29843005793279737
CDMS-12-6A-JGIGA-CorrEtiq.txt,0.0,0.0,0.0,0.960940198233135,-0.36181851684897043,-0.6823780492573436,-0.3483388930465939,-0.672743215266076,0.0,-0.5539082653210825,0.0,0.2272544662481982,0.2691645528548169,0.30488100262117446,-0.5931329200149603
CDMS-12-6A-SROAL-CorrEtiq.txt,0.0,0.0,0.0,4.155093435268519,-1.0971793065663957,-0.47376137149740327,-1.1161784493692744,0.5899931932617046,0.0,-0.06531100262410224,0.0,-0.8124247936974176,0.6500107259763513,0.4639423916963295,0.002307057175489329
CDMS-12-6B-IJDAGA-CorrEtiq.txt,0.0,0.0,0.0,3.218639007054477,1.0714752660527995,1.265977729652855,0.43191460314428615,0.6610893031435866,0.0,-1.146370044635483,0.0,-2.4487259494598432,1.6207504600724505,2.3669454704667525,-0.48628899809253634
CDMS-12-6B-SCLAG-CorrEtiq.txt,0.0,0.0,0.0,1.899739791258714,-0.3815901959043729,1.0253570143148982,-1.0064743773047875,-0.05137383325002043,0.0,0.03164566704551031,0.0,-1.223720317506382,1.4088436853515744,1.3366706734062523,-1.025521130689677
CDMS-12-7C-CATRAR-CorrEtiq.txt,0.0,0.0,0.0,0.14245849063316254,-1.1003956188097355,-1.0108740047790137,-1.124276437904047,1.2903608828552715,0.0,0.6063838202672327,0.0,1.5101241616080532,-0.5207776031244091,-0.8776069177678965,1.457966535419968
CDMS-12-7C-DLOLO-CorrEtiq.txt,0.0,0.0,0.0,3.666544922451686,0.8449103405703209,-0.9084006088541355,0.925659741664779,0.13226166218702243,0.0,-0.9073372568512784,0.0,-1.527330055183098,1.1361463874528126,1.3592979166324786,1.0502519981208838
CDMS-12-7C-JSZAOR-CorrEtiq.txt,0.0,0.0,0.0,3.8694621121757846,-0.3626159539746622,2.272873152375201,-0.6690491529110173,0.45801771679344927,0.0,-0.7907812435768964,0.0,-2.5368677970512987,1.8096338469869016,2.8327634452181925,-0.05549007371204119
CDMS-12-7C-MAROBE-CorrEtiq.txt,0.0,0.0,0.0,2.3459990306279686,-0.974774704289246,0.20995730207112331,-0.9881385646231912,1.2420161285295992,0.0,0.025592118516885917,0.0,-0.44872349483318835,-0.18721759753863096,0.11322376056053401,0.14218370450174583
CDMS-12-7C-VMAPA-CorrEtiq.txt,0.0,0.0,0.0,4.619502104110301,-0.9685931287502016,-0.8629252818711017,-0.978606026757771,-1.0416101589896187,0.0,0.2368363562969561,0.0,-0.45850659204591876,-0.38292030230583457,-0.36612548319805027,-1.0475147743821729
CDMS-12-7C-VQURA-CorrEtiq.txt,0.0,0.0,0.0,4.139398374422472,-0.39024417218594276,-0.03680382845225185,-0.4157574792971348,-0.8189027411745088,0.0,0.1369690557205368,0.0,-1.4261097800967728,0.5018947067417593,0.9697492110444925,-1.0059565336225702
CDMS-13-6B-JDTAHE-CorrEtiq.txt,0.0,0.0,0.0,1.018902102804619,0.91448596314673,1.1171701653784751,0.576064100968104,-0.18996262665174843,0.0,-0.7763049656285229,0.0,-1.7016322433827353,0.9760838555801598,1.446942243884111,-0.39382320201198506
CDMS-13-7C-MVEAR-CorrEtiq.txt,0.0,0.0,0.0,2.403966588411694,1.8913513408337113,0.7550131884419711,0.9782346354424478,-0.32754459913142153,0.0,-0.3275857621542583,0.0,-2.2521531486233797,0.7937719372171643,1.1523789112196474,-0.456179488079471
CDMS-13-7C-RAIZAC-CorrEtiq.txt,0.0,0.0,0.0,1.5023896501858314,-0.5025566677606796,0.374957157801423,-0.6941272458372804,2.3852001610688545,0.0,0.18318991884027389,0.0,-0.45425915537429157,0.720722084243252,0.9582186191686203,1.1907907843291972
CDMS-13-7C-SSOSLO-CorrEtiq.txt,0.0,0.0,0.0,3.176948286099784,1.1868352794470853,-0.010628159146324407,0.4540542618893181,1.9808428701656364,0.0,-1.154506626625515,0.0,-1.4877429969575067,2.1284775534861717,2.295215894780816,1.149523239810119
CDMS-14-10A-IMORTO-CorrEtiq.txt,0.0,0.0,0.0,1.9090752792101306,-0.07344759451615233,-0.9344030968530421,-0.03527082169441451,0.9763458830387807,0.0,-0.07892256846407543,0.0,-0.1162481141524016,-0.2869332411376823,-0.4530609640112911,-0.37237217567171066
CDMS-14-10A-JCVANI-CorrEtiq.txt,0.0,0.0,0.0,2.603809336258867,-0.24086119363277558,-0.02792168764354125,-0.5944506895974502,0.8255601159240998,0.0,-0.40385376238151743,0.0,-0.8110819047498877,0.2897013333112953,0.6994257995057017,0.5232288023503168
CDMS-14-6B-KDCAHE-CorrEtiq.txt,0.0,0.0,0.0,-0.8048864571926477,0.6578624323173281,-0.3294259764669185,0.7670000329638809,0.8485387144300734,0.0,-1.5216538764746934,0.0,-0.08323510740717488,0.2559306116680199,0.36417909275164195,1.0182959715765716
CDMS-15-10A-AMALOS-CorrEtiq.txt,0.0,0.0,0.0,2.9178855819510967,0.7187276592244698,0.4598366047655416,0.3694494831090394,0.04151276860466517,0.0,-0.3888842518646948,0.0,-1.4463426783965494,0.9511424689722993,1.4149806543880818,0.32956472358083977
CDMS-15-10A-JJMACH-CorrEtiq.txt,0.0,0.0,0.0,4.807008314318027,-0.6129146734424792,-0.059636509966947006,-0.6135086475315151,0.9840043553527208,0.0,0.08652149913494928,0.0,-1.5010342023066174,0.4808507265666722,1.0790970203339596,-0.28535516456480664
CDMS-15-10A-MAALCA-CorrEtiq.txt,0.0,0.0,0.0,0.23495830429077358,1.5982054773441556,-0.6090452484570049,1.329560721310839,-0.23335442580766827,0.0,0.2555574607942953,0.0,-0.7069453476509434,-0.10547439946535266,-0.1511750142599366,-0.10190862189354669
CDMS-15-10A-MAALRI-CorrEtiq.txt,0.0,0.0,0.0,3.1154525634278722,-0.28615955863752623,1.2305003601464153,-0.24600481218209816,0.018107885158706663,0.0,-0.5445003938927462,0.0,-1.6937936409210361,1.1274732179541884,1.7166484279859606,-0.3402629106810643
CDMS-15-10A-SGOMO-CorrEtiq.txt,0.0,0.0,0.0,2.3906928258027142,1.352873637648457,-0.2356473009002213,0.4609636424515486,-0.2832167708526638,0.0,-0.24871045599186314,0.0,-1.1042196910560822,0.19045672788124732,0.21422293771366355,-0.3874166122930001
CDMS-15-10A-SHEGA-CorrEtiq.txt,0.0,0.0,0.0,3.850771645727869,0.6430697726894106,0.27151577093055573,-0.08110956117100906,-0.04098681639743442,0.0,-0.0992908413286921,0.0,-1.7283477888972214,0.901896132337014,1.7033460985967657,-0.3166425509740883
CDMS-15-11B-JEMOLO-CorrEtiq.txt,0.0,0.0,0.0,6.312672915229595,-0.21842410890252006,1.1500718302503552,-0.6265976619400603,0.9922579900673592,0.0,-1.8029841947595933,0.0,-2.7280193992110395,2.2489019693842387,2.845483255493981,-0.41507981779757347
CDMS-15-11B-VSAHO-CorrEtiq.txt,0.0,0.0,0.0,2.246727175555838,0.43974801568101357,0.9363393324981905,0.41069351017538636,-0.43921332380363287,0.0,-0.41494802067635195,0.0,-1.63848386855738,0.7689697289917796,1.4333669193062528,0.03288721680636245
CDMS-16-10A-SGALO-CorrEtiq.txt,0.0,0.0,0.0,1.1760608627713423,-0.8648554403453438,-0.7760222623960334,-0.8715087089153338,-0.041939093888849706,0.0,0.32551707772885125,0.0,0.731643829638977,0.015073427976854334,-0.31784334420170623,-0.2483097864212122
CDMS-16-11B-NGABE-CorrEtiq.txt,0.0,0.0,0.0,2.303815185082474,0.09087595756947428,-0.14040798753727785,0.0778935534825499,1.0456443241623607,0.0,-0.07752280570147327,0.0,-0.7476425125903252,0.329436736015284,0.4690481154642423,0.5217951527765973
CDMS-17-10A-ASSAMO-CorrEtiq.txt,0.0,0.0,0.0,3.3355103667832897,-0.02173890423487648,-0.8060975151163294,-0.36450556875137746,-0.4662296767706957,0.0,0.1542304141623615,0.0,-0.49170640078853906,0.2599827842773699,0.6424969210005046,-0.398470984040205
CDMS-18-7C-VVECA-CorrEtiq.txt,0.0,0.0,0.0,4.679723650597695,-0.6826646825059104,-0.43657234132764455,-0.6976069389623887,1.9934498349261118,0.0,-0.357879599367948,0.0,-1.0790160268316646,1.1558855896434679,1.6514994856431429,-0.561529251273866
CDMS-8-4A-DJAVDA-CorrEtiq.txt,0.0,0.0,0.0,2.6426045630798756,-1.5692260780684968,0.983322413377479,-1.615553687744804,-1.6394659034970303,0.0,-0.2399562035737914,0.0,-1.2159009773832012,0.12958773791082334,0.5197385467028823,-1.411302258569687
CDMS-8-4A-DOSTR-CorrEtiq.txt,0.0,0.0,0.0,4.325416411466453,-0.5820644243494404,1.588657302714872,-0.5419444133124678,0.17592113302588946,0.0,-2.3495860464316096,0.0,-2.45181452378209,1.4975090313048232,2.17697206506994,-0.26409338164383195
CDMS-8-4A-LGOPA-CorrEtiq.txt,0.0,0.0,0.0,3.497821912752971,-0.6143996585510283,-1.2073969746932458,-0.5798724526445236,-1.2348836478943082,0.0,0.3138872563827604,0.0,-0.4565230009314712,-0.25186985229685144,-0.09834222740365012,-0.9184661970671779
CDMS-8-4C-JDBUTU-CorrEtiq.txt,0.0,0.0,0.0,2.8708338873178203,-0.23385510032409884,2.6936885087584703,-0.6322717171614228,-0.5648508097777925,0.0,-3.363920061889595,0.0,-2.629592308949684,3.237314926091403,5.123444575655921,1.0801518178090388
CDMS-9-4A-CARGA-CorrEtiq.txt,0.0,0.0,0.0,2.9322948536394793,-0.5950227576790353,-0.7307254491537793,-0.5522718603069753,-0.34513322024084353,0.0,-0.07409611453181449,0.0,-0.5643689913845793,0.40900059473131384,0.454683219391725,0.2727645552187746
CDMS-9-4A-CRAAG-CorrEtiq.txt,0.0,0.0,0.0,5.046535897788024,1.9100950346119272,0.6538547864466576,-0.14601166276242175,-1.709971740456467,0.0,0.4499745928752234,0.0,-2.1373244337198005,0.07775848950471691,0.7178178197031734,-1.8852439482853602
CDMS-9-4A-EROHI-CorrEtiq.txt,0.0,0.0,0.0,4.044107003046018,-0.2102180849918851,0.018383640110579705,-0.13809025364360455,-0.5920595656726239,0.0,0.15343251083850615,0.0,-1.8654714474755674,0.41890971379453906,0.9712562860723346,0.04947505638139108
CDMS-9-4A-ILOSE-CorrEtiq.txt,0.0,0.0,0.0,3.8219744541388367,-0.5655495080777724,-0.8347113438184074,-0.5653323817386832,-0.10268300185592055,0.0,-0.13120327792248493,0.0,-0.5221864361912891,-0.0630856614923761,-0.008021161112373413,-0.07487007016972412
CDMS-9-4A-TGAFR-CorrEtiq.txt,0.0,0.0,0.0,-0.42456012229816753,-0.06729970787277022,0.859681780511915,0.10274241393722841,-0.2697996914479382,0.0,0.17230585030110332,0.0,-0.3948852876530365,-0.0685618676095323,-0.06442803780464505,0.30691267272045497
CDMS-9-4C-SCAMO-CorrEtiq.txt,0.0,0.0,0.0,4.206736940668173,-0.28750538122674535,-0.5004655966083377,-0.27640844821401944,0.2497618802577862,0.0,-0.256166291737545,0.0,-1.0866162597519025,0.10640440985727388,0.3890657315345107,-0.26360978464679735
CDMS-9-5A-ABERO-CorrEtiq.txt,0.0,0.0,0.0,3.1008755611944383,0.9441126623457151,2.431946188722831,0.7185560066550516,-0.24466573562887176,0.0,-2.0953947743295243,0.0,-3.4932947360611553,2.613459337572358,4.035802125591321,-0.3775952314430136
CDMS-9-5A-PAGACO-CorrEtiq.txt,0.0,0.0,0.0,2.669765760678181,1.1777552866240613,1.5546294588562715,0.5056021638133577,0.22363706573692851,0.0,-0.008136163613684024,0.0,-2.4876156518429164,1.373441191397794,2.308495083044416,0.25966503975576355
CDMS-9-5A-VVAAR-CorrEtiq.txt,0.0,0.0,0.0,0.8332062999984466,-0.6453820407265385,0.09064460470100504,-0.7333966126361361,0.8223653448730447,0.0,0.0738249022865958,0.0,0.21394203453430063,0.29855431915626673,0.5100296222146424,0.061677444001947065
CDMS-9-5C-JDMADE-CorrEtiq.txt,0.0,0.0,0.0,4.057133748632727,-0.014885490538986293,1.5675952231679835,-0.372112032068707,0.6779068882409459,0.0,-0.6629699408615641,0.0,-1.9824453122460888,1.0709999216252786,1.654877771636466,-0.1766950393213621
CDMS-9-5C-LVIZAC-CorrEtiq.txt,0.0,0.0,0.0,2.882720977017833,0.9966533630850359,1.5727553993622096,0.32820979636673314,1.6513079401675372,0.0,-0.8558295021741932,0.0,-2.610720250037997,1.989780309551448,2.7961023600918242,0.22684517806077634
CDMS-9-5C-MLOGO-CorrEtiq.txt,0.0,0.0,0.0,2.858047944859493,0.35558390395430056,0.6215831390103137,-0.19448730818870372,1.1732291897571843,0.0,-1.2797285883395433,0.0,-1.510560283846756,0.812790974768578,1.1801660554005922,0.19078168423874242
CDMS-XX-10A-VGILO-CorrEtiq.txt,0.0,0.0,0.0,3.214105766330067,-1.0546959648922334,-0.21743186828704353,-1.0710550135782217,-0.24423674585564198,0.0,0.10789234585683129,0.0,-0.3302525882577042,-0.21200426071904,0.11387899209279892,-0.14923279652898688
CDMS-XX-5C-MJSARU-CorrEtiq.txt,0.0,0.0,0.0,3.821979722665338,2.2576601684744877,0.18647752486130775,1.214041384771919,-0.6180557332187828,0.0,-0.5594141897138253,0.0,-2.753023234996749,1.3800242573632593,2.34660952038234,-0.6519817683185645
CDMS-XX-5C-MPCAQU-CorrEtiq.txt,0.0,0.0,0.0,2.755715999668946,0.19304301660803,-0.06524846744667558,0.2553819763976479,0.07386425434059636,0.0,-0.7713033190770777,0.0,-1.3811957716243441,1.1843589482318873,1.6004308255598723,-0.04482827746355419
CDMS-XX-6B-SPUCA-CorrEtiq.txt,0.0,0.0,0.0,4.399544241962705,0.6786565031795483,-0.9103434118523843,0.02001925019714782,-0.8102137892071254,0.0,-0.12108799249181013,0.0,-1.33444764287188,0.600818524002549,0.9521800689025082,-1.104762279844604
CSO-10-4A-KCOMO-CorrEtiq.txt,0.0,0.0,0.0,2.29098498655262,-0.8163855881721312,-0.37970373657395917,-0.8231524295712309,0.5727327879367183,0.0,-0.10736902348439616,0.0,0.046309639246674125,-0.14552637901915175,-0.1274118611779599,0.5088240409194831
CSO-10-4A-LRAVI-CorrEtiq.txt,0.0,0.0,0.0,2.24942677715567,0.49618751748682677,-0.7755933801115268,0.5229230308556047,-0.8488003881386711,0.0,-0.31072447971278255,0.0,-0.5787738034290831,0.31291157577681994,-0.1051210294177096,-0.9230183466151877
CSO-10-4A-LSCAVA-CorrEtiq.txt,0.0,0.0,0.0,2.630482856512846,0.20318998153573392,-0.5131621353124687,0.2171484868872058,0.7279173642039358,0.0,-0.37456943781643226,0.0,-0.8049708328209513,0.5390387617534218,0.8180583993042193,0.19942734571494522
CSO-10-5A-ACAVA-CorrEtiq.txt,0.0,0.0,0.0,1.1746693403204236,-1.1051177842540545,1.0274213784582298,-1.1314143345038703,-0.06665234935798109,0.0,-0.6864596401655231,0.0,-0.11603345764496034,0.22526937633113833,0.24248872419639225,-0.30217723880973363
CSO-10-5A-ARACA-CorrEtiq.txt,0.0,0.0,0.0,4.262900421598042,0.4705370289576055,-0.05294720660909538,-0.11222665804718206,0.7915864879403318,0.0,-0.6902433685652319,0.0,-2.0007339679974216,1.047131937942395,1.801463436988507,-0.809347069173947
CSO-10-5A-DABRZA-CorrEtiq.txt,0.0,0.0,0.0,4.81756005182756,0.9951470689855647,0.9084179778401474,0.30813983123779337,1.0023396621540126,0.0,-0.600389389508108,0.0,-3.091960371325348,1.0455595978128616,2.2534935101790685,-0.38453810951437095
CSO-10-5A-GZAMA-CorrEtiq.txt,0.0,0.0,0.0,5.970922834815532,-1.2864191205545032,-0.9017154401418498,-1.3116579934828623,-0.47511956693455204,0.0,-0.29878457088251287,0.0,-1.608777307250057,1.0890807164230123,1.6716097056356578,-0.4747985448845036
CSO-10-5A-IPECA-CorrEtiq.txt,0.0,0.0,0.0,1.7426372038381168,-0.38361336357614084,0.04008639437352204,-0.37584927432651677,0.07561274958938327,0.0,0.19774071902238483,0.0,-0.3959024467015042,-0.3124738814349513,-0.2184877234768269,0.12466594122760905
CSO-10-5A-JANORO-CorrEtiq.txt,0.0,0.0,0.0,5.227473967197466,-0.2323975760691968,-0.835551226438018,-0.22125792642937062,0.9227803755781337,0.0,-0.21502193604834804,0.0,-1.268643694595473,0.6717087235261057,1.0862053080259657,-0.2997627651479915
CSO-10-5A-JBUVE-CorrEtiq.txt,0.0,0.0,0.0,1.2159605580481425,1.267530582705389,1.7634652159212718,0.9376472410169163,-0.3620150330676028,0.0,-0.07663222322207902,0.0,-2.3078499540441033,0.8172819718348798,1.3137958269799548,-0.4508395689156841
CSO-10-5A-JJSEMO-CorrEtiq.txt,0.0,0.0,0.0,4.635001103078251,2.4528703943092984,-1.0506003759534377,0.8337124589702436,1.3773000701111626,0.0,-0.924686047450264,0.0,-1.8464629254836555,1.3174409977668087,1.5500469356413853,2.343546666877183
CSO-10-5A-JLCARI-CorrEtiq.txt,0.0,0.0,0.0,2.808815369365699,2.2442455468703755,-0.05198974050241657,1.464893856221632,-0.3455062263079085,0.0,-0.5635485886321269,0.0,-2.290897212884175,0.8933816810382623,1.4766259092312257,-0.17779162154028336
CSO-10-5A-MAARAN-CorrEtiq.txt,0.0,0.0,0.0,2.066968715118325,-0.751784258140714,-0.9460944049174482,-0.7479967266261053,1.2135263850247275,0.0,0.3678445934413111,0.0,0.2579520866613932,-0.7234510930084933,-0.7833464975706437,-0.10679175220196134
CSO-10-5A-MAOSMO-CorrEtiq.txt,0.0,0.0,0.0,3.700870116123264,0.7847753982692942,-0.9197426119225633,0.07768005056252497,-0.7384301300811692,0.0,0.04794275950321988,0.0,-1.042050537451748,0.08486037633930826,0.13118578155736696,-0.8198052584013765
CSO-10-5A-RVMOIB-CorrEtiq.txt,0.0,0.0,0.0,3.492445003166662,0.38956801450594125,-0.39274895637766855,0.09036582799310681,0.5007853997763516,0.0,-0.6491211067689454,0.0,-1.059702829030037,1.0273484092082315,1.316005916090296,-0.057493892180239675
CSO-10-5A-SVHEES-CorrEtiq.txt,0.0,0.0,0.0,1.2939322031474736,0.25875821083793954,1.3753962652662985,0.19401653702845037,-0.6840732903903984,0.0,-0.2835501405914908,0.0,-1.495816394057476,0.6538908242032567,0.9832905461559377,-0.511137090699407
CSO-11-5A-MDVOSPE-CorrEtiq.txt,0.0,0.0,0.0,4.450659730345437,0.2668807349149131,-0.8469694396710008,-0.20641273717536812,1.1173965429175674,0.0,-0.44671262071387924,0.0,-1.303057831234842,0.6480922098887251,1.4816167459614098,-0.47819858193663256
CSO-11-5A-MTAGA-CorrEtiq.txt,0.0,0.0,0.0,0.5694205530620038,-0.9035525029168122,0.14288368661232917,-0.9189851822249733,-0.2894737245926047,0.0,-0.06602335459768378,0.0,0.3414615094101457,-0.8844965424046473,-1.0061267816681287,-0.2375793408885758
CSO-11-6A-CAPAMU-CorrEtiq.txt,0.0,0.0,0.0,1.8850714408994937,0.24767371936678734,-0.44608250040499425,0.1093243273883537,0.18348062078239682,0.0,-0.1628377917154892,0.0,-0.5988606334058749,0.6129375398260689,0.6454629834932533,0.5213384651285076
CSO-11-6A-DSCACH-CorrEtiq.txt,0.0,0.0,0.0,2.675654737728806,-0.41792466928551153,-0.5445915159779294,-0.4146014372057912,-0.7482847987496912,0.0,-0.037299726448093866,0.0,-0.32546199418256194,0.18598470490595145,0.21715109808715513,-0.6250710961783709
CSO-11-6A-EROMO-CorrEtiq.txt,0.0,0.0,0.0,4.004622855921984,-0.07401860332501085,-0.46169407626123105,-0.044293724836813986,-0.6555756318294994,0.0,-0.034015914519733896,0.0,-1.2571558174173987,0.20578866009326113,0.3768076380522924,-0.8989114268746102
CSO-11-6A-FSOVRE-CorrEtiq.txt,0.0,0.0,0.0,3.231010333260513,0.7556065711779293,-0.050972099279543666,0.021378055689599888,0.1189217965350351,0.0,-0.5096225312858501,0.0,-1.6265481790728256,1.4313591877273675,2.177351088907964,-0.07322185749857069
CSO-11-6B-ANREVA-CorrEtiq.txt,0.0,0.0,0.0,1.1472045073983708,-0.3387298608830985,0.2731942706488891,-0.3085574341375838,-1.09417050827263,0.0,0.07625033495253969,0.0,-0.5556567988761535,-0.23450074654713782,-0.2422736416816673,-0.9728397744147863
CSO-11-6B-LHFDLACH-CorrEtiq.txt,0.0,0.0,0.0,4.749814362034371,1.5759221605510902,-0.011914669665493312,0.8825731488976342,0.12281318754410314,0.0,-1.4402476034802891,0.0,-2.5383521297279685,2.289357594508135,3.137180045796134,-0.35716196811364237
CSO-11-6B-RJGIHE-CorrEtiq.txt,0.0,0.0,0.0,1.1878066356719226,-0.7490476618410231,2.5048016665845947,-0.7288099127320399,-0.676854525137084,0.0,-0.03212574104455639,0.0,-1.512907610560973,0.21156614834064774,0.554584415425647,-0.47825182617986933
CSO-11-6B-SFLVA-CorrEtiq.txt,0.0,0.0,0.0,5.582205926590247,0.8543195801677854,-0.7626692856225876,0.3383495343065512,-0.47947837869432103,0.0,-0.30656043649939657,0.0,-1.6388300997403085,1.1545235618744074,1.374476509217379,-0.1212415469531074
CSO-11-6B-VCOMA-CorrEtiq.txt,0.0,0.0,0.0,5.01869124325146,0.15576253857015374,-0.16982437964477962,-0.42051773607554693,0.07924179691484959,0.0,-0.4342047956892841,0.0,-1.441591992352795,0.784104432529012,1.187615729261393,0.28354239210173265
CSO-12-6A-FJOVRE-CorrEtiq.txt,0.0,0.0,0.0,2.0963888642395503,0.6550441667463309,1.8382923848353512,0.2547262456913529,-0.29189929410964227,0.0,-0.9325615903601401,0.0,-2.4771045938311467,1.9230857814196776,2.3647406018130313,-0.1122025003132566
CSO-12-6B-GQULO-CorrEtiq.txt,0.0,0.0,0.0,1.5714104590322646,0.44078554862096303,0.5162748935731126,0.4024620189502774,0.55174562874364,0.0,-1.6568710494970995,0.0,-1.4241051342503397,1.6601727319057058,2.0400097735900493,0.7314182009818546
CSO-12-6B-LJHEFE-CorrEtiq.txt,0.0,0.0,0.0,2.9379762511260012,0.9152216792330223,0.5459534152224991,0.12014916936822699,0.35704777972213514,0.0,-1.4056130729636556,0.0,-1.7945997514123337,1.4261581989745749,2.0266790946358038,0.02029594945120506
CSO-12-7A-DALRE-CorrEtiq.txt,0.0,0.0,0.0,6.296519396007147,-1.8198768219918322,-1.5646966443670445,-1.905323263116833,1.0438353643221925,0.0,-1.4645736915865328,0.0,-1.730102451695026,0.9583615484603392,1.5884111711143,-0.828005588276225
CSO-12-7A-ESALA-CorrEtiq.txt,0.0,0.0,0.0,3.7095728634453997,-0.7859675693858175,-0.21775860465246324,-0.7888012356473152,-0.7400440893683844,0.0,0.25716834432414315,0.0,-0.7879801200590599,0.017135005395679484,0.279039560148779,-0.634967832618672
CSO-12-7A-IMERO-CorrEtiq.txt,0.0,0.0,0.0,2.293021313966306,0.11359726534227274,0.8395256053514922,-0.12733239086572362,-0.5706990162144536,0.0,-0.21735516059223495,0.0,-1.562772769597704,1.0767980248803388,1.5905014884795294,-0.37389636715453756
CSO-12-7A-JHEZA-CorrEtiq.txt,0.0,0.0,0.0,4.899655962669367,0.05533092475304049,-0.5294342413759554,-0.10560090133653231,1.495649432747947,0.0,-0.5395277888050418,0.0,-1.8571373902347874,0.750441373206209,1.4422804296357805,-0.5833310342551368
CSO-12-7A-LSARAR-CorrEtiq.txt,0.0,0.0,0.0,6.027438138266545,-0.8568149642709942,1.9269579310859166,-0.8665953422718775,-0.418453726180163,0.0,-0.7428779658459884,0.0,-2.5250268885066074,1.095213388183076,1.3314232190217377,-0.8097142554591542
CSO-12-7A-SCAHO-CorrEtiq.txt,0.0,0.0,0.0,4.743658081981897,-0.21763502599574974,-0.5975868978345066,-0.3875788547743662,-0.0034784094779103368,0.0,-0.4753354101341138,0.0,-1.2041179050846817,0.8779658155456445,1.0737362806417543,0.11207552934306371
CSO-12-7B-DVAGRO-CorrEtiq.txt,0.0,0.0,0.0,2.5234908124539555,2.7348695986536242,1.1817051821452473,0.4904467943059406,-0.6945738526162242,0.0,-0.061631236114209,0.0,-2.1917526464468278,0.684299596617343,1.528682574143822,-0.3826873511630913
CSO-12-7B-SMUGU-CorrEtiq.txt,0.0,0.0,0.0,3.2935746665770815,-0.9287017900509685,-0.3989540802418821,-1.0728426887214921,-0.8088408412881966,0.0,-0.11377556847293914,0.0,-0.518924667165034,-0.07117752021156158,0.22919109660755474,-0.7988215668669251
CSO-12-7B-SSARA-CorrEtiq.txt,0.0,0.0,0.0,3.3373563149643517,0.7086615688096003,-0.43334372398488735,0.1770680516547751,-0.13650607808346893,0.0,-0.5394570394613915,0.0,-1.163488159049169,0.730773650663621,1.1144156482644352,-0.30148876685788767
CSO-12-7B-VHOMA-CorrEtiq.txt,0.0,0.0,0.0,2.929422321448207,0.6872326322665212,-0.5333718864240738,0.4715957059542089,0.8651478935509769,0.0,-0.3625029176523039,0.0,-1.0630907222693586,0.9286525040240021,1.3406279018578116,1.036574067645909
CSO-12-8A-YTOME-CorrEtiq.txt,0.0,0.0,0.0,1.365596081933473,1.7429668909067646,-0.19230711416906437,1.2861764067938535,0.546814802647136,0.0,-0.32809164792560286,0.0,-1.6398191272907048,0.262156326672499,0.9365904159972617,0.5841696673381225
CSO-13-6A-ANASA-CorrEtiq.txt,0.0,0.0,0.0,2.282263285639033,-0.14062602090913168,-0.5710270427577229,-0.4370844942809323,0.7134814999155427,0.0,-0.15837556876328487,0.0,-0.11018808953996877,0.08225026849125221,0.08004999441172196,0.5530251021615071
CSO-13-6B-JETAVE-CorrEtiq.txt,0.0,0.0,0.0,4.727570256882745,0.5486688400358365,-0.25608555363331376,-0.313128957597885,-0.6448618429617643,0.0,-0.19054061602094702,0.0,-1.9010998569968967,0.8094695087473877,1.4753768325300767,-0.4314346375661656
CSO-13-6B-LFMIES-CorrEtiq.txt,0.0,0.0,0.0,-0.3183031661608079,0.9546194484338958,-0.6683820259748253,0.999073138662216,-0.8181623069062248,0.0,0.07240324322618692,0.0,-0.1768046562977521,-0.39256551104051557,-0.3397845404634572,-0.5922449617770859
CSO-13-6B-LJMAHU-CorrEtiq.txt,0.0,0.0,0.0,2.0809707799247796,1.2141153214882887,0.6409853237578373,0.8735388860715206,-1.2192731960779424,0.0,-0.9040780535597244,0.0,-1.6779033691671397,1.960861607834495,1.72595670226938,-1.3020584279716787
CSO-13-7A-CAPAMU-CorrEtiq.txt,0.0,0.0,0.0,1.4455850415130156,0.03071847499018557,-0.20033890571623428,-0.24334011736003566,-0.22006180029628636,0.0,0.15803511865087205,0.0,-0.44300101649918616,0.13262873297328434,0.03477690398076522,-0.24660606870904575
CSO-13-7A-CDDITR-CorrEtiq.txt,0.0,0.0,0.0,1.0007258566293904,0.05155759050056428,-1.0684516078508492,0.156361028534531,0.19985089603277714,0.0,0.20155843980780377,0.0,0.0957858811693466,-0.8251835761154083,-0.6695394931453628,0.7695825213620081
CSO-13-7A-JJATFL-CorrEtiq.txt,0.0,0.0,0.0,6.0741168834738515,-0.4242553667905106,-0.8252681482657263,-0.5901999323773834,0.7720440826459163,0.0,-0.7252025736706935,0.0,-1.3083534014827554,0.5519065894683359,0.808644584891166,-0.4444515683676068
CSO-13-7A-RXCHLU-CorrEtiq.txt,0.0,0.0,0.0,5.664141632775703,0.8391000428800058,-1.1290007435736205,0.16388591147611456,-1.4058247940872248,0.0,-0.5164632298790238,0.0,-2.118045070364419,0.8369565325909653,1.5706101404860386,-0.8458583495573715
CSO-13-7A-YAMEZA-CorrEtiq.txt,0.0,0.0,0.0,3.362606374693277,-0.25705541991887393,-0.6109838001718377,-0.32079743942188377,1.0073601718997756,0.0,-0.47854095926157136,0.0,-0.6570722683179713,0.9265119158575924,1.157655870009391,0.3353622557746126
CSO-13-8A-KIGAGU-CorrEtiq.txt,0.0,0.0,0.0,2.7095387032459195,0.04726814001000159,2.123557701777747,-0.24483076307297158,0.8161926079608588,0.0,-0.16646881456331344,0.0,-1.9253365277090482,0.870837609124796,1.3617105270492993,0.5885564901434592
CSO-13-8A-MGAAN-CorrEtiq.txt,0.0,0.0,0.0,3.018887060233485,-0.4911846810486716,0.12943056815674833,-0.4805551532525638,0.09479446098591632,0.0,0.014448980426425184,0.0,-0.9803835144551803,0.3567406355884779,0.5334719947949835,-0.3884534874515039
CSO-13-8A-MGAHE-CorrEtiq.txt,0.0,0.0,0.0,2.2311889892701284,0.06867180124429105,-0.7485630935765544,-0.18864161149777572,-0.42915422162023525,0.0,0.04445145056656961,0.0,-0.589263540714582,-0.07999255371855893,-0.10445593441667739,-0.8243049638809219
CSO-13-8A-MJAGA-CorrEtiq.txt,0.0,0.0,0.0,3.055610304438607,1.6061939020796503,1.122517781870741,0.8278103731373696,0.9953665818278311,0.0,-0.5829544005178704,0.0,-2.3811873548523828,1.3095803117461302,1.9741418987442383,0.4138837583169958
CSO-13-8A-VHODU-CorrEtiq.txt,0.0,0.0,0.0,6.899598626139232,-0.45780562397801694,-0.7089500431278737,-0.6468705540826315,-0.053749544062548206,0.0,-0.04034345017615609,0.0,-2.268638713654746,0.8431574642500604,1.4657151817643845,-0.5674561909430972
CSO-13-8B-FCJISA-CorrEtiq.txt,0.0,0.0,0.0,2.9558176573879766,-0.12839898269918276,-0.796705612037997,-0.10407529906667284,-0.6646114383670805,0.0,0.14703133578392177,0.0,-0.4053591574148916,-0.13824992014539214,-0.1325216373280497,-0.5929371101414334
CSO-13-8B-JEMABE-CorrEtiq.txt,0.0,0.0,0.0,3.0230798404492423,-1.0608146144238435,1.7469909830487769,-1.006933118024339,0.43025450765340967,0.0,-1.6859244838451353,0.0,-1.7450469768175023,1.5170171510727317,2.346520775313217,1.9150053415435657
CSO-13-9B-DMLLLU-CorrEtiq.txt,0.0,0.0,0.0,2.2950067285575493,0.7670591524054223,1.5939446182907742,-0.19956690016184275,0.6069252048912318,0.0,-1.321226229099175,0.0,-2.2897460413794932,3.1006155319210875,3.318366620251346,-0.4385953757821046
CSO-14-7B-EVEGO-CorrEtiq.txt,0.0,0.0,0.0,4.349240511515002,-0.07254881908840594,-0.37481764511850507,-0.11183256221003293,0.5127984201852533,0.0,-0.8604425174816613,0.0,-1.1141723332164197,0.9629680055323456,1.3033180117795096,-0.16648412550057448
CSO-14-8A-AQUMA-CorrEtiq.txt,0.0,0.0,0.0,2.5880407460367953,-0.723812486952199,-0.5115614212598865,-0.7270748454863543,0.4251392888339736,0.0,-1.0061218210733407,0.0,-0.4148943169513977,0.8727661954655773,1.151230488801539,-0.019947806540087428
CSO-14-8A-SZARA-CorrEtiq.txt,0.0,0.0,0.0,1.6504572892505869,1.5459025668080317,-0.9869426163835419,1.4153303769534797,0.3174363019185519,0.0,-0.5503060780037241,0.0,-1.1946699091946509,0.4436521805783913,0.5524947226181615,-0.07022992033789364
CSO-14-8B-JLLORA-CorrEtiq.txt,0.0,0.0,0.0,1.9397048488256778,-1.0881204590999196,0.8364460067141056,-1.1090138469336615,-0.16506964064974214,0.0,-0.5603565092504731,0.0,-0.6289880475573629,0.9307100063116132,0.9696986909171696,-0.059104461486990334
CSO-14-9A-AEDCAGO-CorrEtiq.txt,0.0,0.0,0.0,1.8458903778177658,-0.3521702687038598,-0.45698881150203163,-0.41749922708231973,-0.7709337230811706,0.0,-0.13054319725427072,0.0,-0.09951720367159926,0.002361022501207187,0.15857198032083816,-0.6954036435411148
CSO-14-9A-HASACA-CorrEtiq.txt,0.0,0.0,0.0,3.7665544746818047,-1.019620976139137,-0.3105771783818855,-1.0302534900490659,-0.6925299986182388,0.0,-0.1509915518649396,0.0,-1.0124574532682415,0.5828290149916,1.1727206687018368,-0.5539703528346126
CSO-14-9A-JSMAAL-CorrEtiq.txt,0.0,0.0,0.0,1.1553939699054925,-0.23251760246815648,-0.08809484772026914,-0.23380026485947256,0.1532084972138215,0.0,-0.604800121324025,0.0,-0.2729934835634471,0.5825692780346198,0.4910928134802402,0.4813309731805807
CSO-14-9A-MARJA-CorrEtiq.txt,0.0,0.0,0.0,4.076738600611667,-0.8563373446576387,0.11892858399821513,-0.8671682984023028,0.6539380452877881,0.0,-0.09253755415963949,0.0,-0.9537780427178939,0.3625389697337386,0.48767283416457524,0.6239956655459631
CSO-14-9A-SORZU-CorrEtiq.txt,0.0,0.0,0.0,2.960915327880822,-0.3810292524578053,0.14985590521857875,-0.7695736335431267,0.2647729551820319,0.0,-0.32481006945297414,0.0,-1.3160116552239343,0.38552817534696016,0.6011465966633069,0.031461351167215997
CSO-14-9B-ERAGA-CorrEtiq.txt,0.0,0.0,0.0,2.763058041933759,-0.6981367277390025,0.4023234330681345,-0.6969611129446126,1.760231249893784,0.0,-0.13644043719396876,0.0,-0.8932818068503547,0.43284108493400747,0.6208775801493399,0.15582598325537492
CSO-14-9B-MFEGA-CorrEtiq.txt,0.0,0.0,0.0,2.698544403831568,1.0776460960064844,0.3066791119332791,0.09601243763846011,-0.5933731448305692,0.0,-0.3124423654536005,0.0,-1.521163895878717,0.502268469644596,0.8037437756683565,-0.7167011301509031
CSO-15-10A-LJRAGU-CorrEtiq.txt,0.0,0.0,0.0,0.030372888313082106,0.8519129398870239,-0.34745275835288386,0.700835919368066,0.5085292953389717,0.0,-0.2604999610337274,0.0,-0.36932150561100596,0.39655403059737887,0.40837996447961883,0.28368540064913556
CSO-15-10A-MAARLO-CorrEtiq.txt,0.0,0.0,0.0,3.2828206471371533,0.6031239326009016,0.9330923190990547,0.6724868373184311,0.35728498896142696,0.0,-0.6862863511755897,0.0,-2.2951327971867603,0.6792350022462839,1.2042028535034985,1.1251920552693562
CSO-15-10B-MEBUAR-CorrEtiq.txt,0.0,0.0,0.0,6.333569881336342,-0.5335636412922471,-0.7097725426447494,-0.5077408529547618,3.2883125325510347,0.0,-1.2182090654449222,0.0,-2.119694280875661,1.910466178127069,2.7432820824130446,-0.29856435579848284
CSO-15-10B-YVBUAN-CorrEtiq.txt,0.0,0.0,0.0,2.409201087782683,-0.4587537192316405,0.8859492910883805,-0.4305032507352656,-0.9147913501987104,0.0,0.16654527385534704,0.0,-1.3419905716724645,0.5954866919038786,1.3311590219183185,-0.669416069309613
CSO-15-10C-SSCAMO-CorrEtiq.txt,0.0,0.0,0.0,4.453148955853723,-1.0772966333385066,0.1714532638387098,-1.0975092070750163,1.7337577787008642,0.0,-0.49297360947702074,0.0,-1.3008224511092255,1.0007849325229443,1.6939652763992952,0.13096115495662966
CSO-15-11C-JETALO-CorrEtiq.txt,0.0,0.0,0.0,3.444593031659251,1.600594378360638,-0.41929402866054627,-0.048740547686634314,1.8429976242845878,0.0,-0.6960322889796173,0.0,-1.1209739767248452,1.119206462424282,1.8123296525362749,0.5837733998416494
CSO-15-7B-JCRAGA-CorrEtiq.txt,0.0,0.0,0.0,-0.610117276268533,-1.078484497119849,0.31814047439365684,-1.113058316191168,-0.14329512069505906,0.0,-0.2769775053501449,0.0,0.8057520649325246,-0.7746026303496399,-1.034905240058942,-0.4473617895428084
CSO-15-8A-VBMABR-CorrEtiq.txt,0.0,0.0,0.0,3.5203925349153717,-0.3827635765041894,-0.27877710208755463,-0.7863778053287687,-0.7871876645727283,0.0,0.21099900637023045,0.0,-0.9051524558930353,-0.002569770455560438,0.2641834525310095,-0.774725863022246
CSO-15-8B-KEPOGO-CorrEtiq.txt,0.0,0.0,0.0,3.0055511908064925,0.08307899538295989,-0.6013831067233769,-0.14368169526292807,-0.015990864380501343,0.0,0.13845855509311633,0.0,-0.5994795244372648,0.12863857565974623,0.4077413120233563,-0.15433249692785805
CSO-15-9B-ALRIHE-CorrEtiq.txt,0.0,0.0,0.0,4.933885890817988,-0.2910100486995568,0.15927127800831528,-0.289717638239109,-0.8246608539685365,0.0,-0.19116449063790003,0.0,-1.4553886221186232,0.6044392318045604,0.799824655082461,-0.5183973526595528
CSO-15-9B-AMSAGO-CorrEtiq.txt,0.0,0.0,0.0,6.207100579173424,-0.2909819810863182,-0.8177720470529193,-0.2889294523932326,-0.9957126682253694,0.0,-0.3792846403323578,0.0,-1.562734564960246,1.121957479040251,1.3612765974973011,-0.8404130560955503
CSO-15-9B-JCAPA-CorrEtiq.txt,0.0,0.0,0.0,4.190219708216209,0.0048589891624717125,-0.12160566098266921,0.05939046183096765,1.2071261381895515,0.0,-0.40163263412639616,0.0,-1.8704344869682472,1.1331188669531365,1.7306159192497228,0.5208142920542015
CSO-15-9B-KSBEJA-CorrEtiq.txt,0.0,0.0,0.0,3.387574295392678,-0.8808074751551049,-0.24307959570534132,-0.8932044907687889,0.1586151471537614,0.0,0.11948785410143814,0.0,-0.5480430365845989,0.05233244846803728,-0.005525886571859735,0.03691962612648067
CSO-15-9B-RMCHLU-CorrEtiq.txt,0.0,0.0,0.0,2.5617332177659486,-0.16122109139312174,-0.9596314683355642,-0.3663986131870509,-0.8434001403141997,0.0,0.08326500762180225,0.0,-0.16424526043959062,-0.18345564804612313,-0.114370485160695,-0.7807447685808452
CSO-15-9B-SJAGRO-CorrEtiq.txt,0.0,0.0,0.0,5.411382745558131,-0.44339923051821506,-0.5130502042901142,-0.44143316293418977,-0.587315804027893,0.0,-0.6791937805582717,0.0,-1.1809589750347969,0.6636364697876078,0.7179733886645353,-0.8174152249891176
CSO-16-10A-MSACO-CorrEtiq.txt,0.0,0.0,0.0,8.141677638209458,-0.7999062169617931,-0.776162107478608,-0.8045117117613858,3.5919052803097222,0.0,-2.9668201285038505,0.0,-1.9084987858181197,3.706837470318572,3.88190752946697,0.14720796386793028
CSO-16-10A-YKMUJO-CorrEtiq.txt,0.0,0.0,0.0,0.9291961377480942,0.902065086001123,-0.9489316659205281,1.0198177596474134,-1.25661359525918,0.0,-0.10765905598367324,0.0,-0.5484587388977251,-0.38823962223880476,-0.2964831665727262,-1.3683358130786014
CSO-16-10B-JESUGU-CorrEtiq.txt,0.0,0.0,0.0,1.5372286609722097,-0.9229534836685636,0.30175409521309204,-0.9349563566469107,-0.32292882671838397,0.0,0.053560911207862064,0.0,-0.07493309568057169,-0.18647028056750925,-0.07796221649995659,-0.16662250785380855
CSO-16-10B-LTVIFA-CorrEtiq.txt,0.0,0.0,0.0,1.8518163437394373,-0.5952939648858958,-0.869588864701804,-0.5926043685977833,1.2945782379308273,0.0,0.43752093776301115,0.0,0.42699886337306403,0.5175228340307467,0.40642728528497774,1.5126089789137156
CSO-16-10B-VVILI-CorrEtiq.txt,0.0,0.0,0.0,1.9360563077094635,0.007166794535530396,-0.03986640808747388,0.04997910165209089,-0.9020100925708057,0.0,0.039522544412156385,0.0,-0.6427209374951273,-0.07887290936846005,-0.10918763675249049,-0.9692190845415612
CSO-16-10C-ACALGU-CorrEtiq.txt,0.0,0.0,0.0,3.0340267924675914,-0.10496488348446305,-0.8397901655253144,-0.45149035358077205,1.002130688229272,0.0,0.01848343059770272,0.0,-0.3913369724848498,0.22780905719418593,0.2824900760274785,0.45969049564654907
CSO-16-10C-MAVAVE-CorrEtiq.txt,0.0,0.0,0.0,2.450818350488905,-0.04681528415652454,-0.849221660270665,-0.07748581276378227,-0.48255771039003037,0.0,0.03608790518259383,0.0,-0.32033530943132316,0.06737677696227337,-0.021371978376747997,-0.109706384254282
CSO-16-11A-JAVABO-CorrEtiq.txt,0.0,0.0,0.0,1.3549817152935082,0.1903994835332394,-0.6207910552159782,0.2368434938933317,-0.14715116427103866,0.0,-0.12479026034472086,0.0,-0.3287040959645658,0.0550963200109158,0.07891436057043102,0.1845516230176004
CSO-16-11A-JDMUVA-CorrEtiq.txt,0.0,0.0,0.0,1.1058808400380498,0.473476975141816,-0.3088847675444287,0.13023917265295865,-0.7885787303807289,0.0,0.2911555244062045,0.0,-0.28600588873701793,-0.1327086451845397,-0.24846983637119996,-0.8330898255309387
CSO-16-11A-VZAOR-CorrEtiq.txt,0.0,0.0,0.0,6.593810846416448,-0.05121700027494306,-0.4388530617209929,-0.02936506169909792,1.6883424323774323,0.0,-0.681967753427296,0.0,-2.3456462259378044,1.8435399553678642,2.3969716392043314,0.40646454044360814
CSO-16-11B-KRORE-CorrEtiq.txt,0.0,0.0,0.0,3.2463025783618207,-0.7460169053975471,-0.728635692637159,-0.8555830206960385,0.6592694628596448,0.0,-0.1296169561211481,0.0,-0.14395227701540197,0.054859835824916575,0.08852658104314438,0.056149504026983904
CSO-16-11B-LLOZA-CorrEtiq.txt,0.0,0.0,0.0,1.3272275798824216,1.2298855822876469,-0.7812907982673993,0.458460638664946,0.3899884773736224,0.0,-0.22490904693159977,0.0,-0.2897281954040451,0.5993411924042279,0.7368426575492776,0.36423153562921046
CSO-16-11B-YAROMO-CorrEtiq.txt,0.0,0.0,0.0,4.594356859246585,0.6501287622442417,-0.5060074628596071,-0.2035936633894239,0.05154073759646991,0.0,-0.6782500047998443,0.0,-1.3291020764993398,0.8396151727173201,1.2614246209463666,-0.36437950490443466
CSO-16-9A-JALEMO-CorrEtiq.txt,0.0,0.0,0.0,4.78267502941096,0.03790275591515736,-0.03384173908685611,0.05318782701046708,0.40148108832263196,0.0,-0.028487959360464683,0.0,-1.730909709255931,0.49486368906578937,0.8208096137968851,-0.4363784026076097
CSO-16-9A-JPROSO-CorrEtiq.txt,0.0,0.0,0.0,2.7692377511412367,0.5710709577769855,0.06981990615373689,-0.015599459385260531,0.24466013242273732,0.0,-0.4969506865377825,0.0,-1.129973607641884,0.7905611307034296,1.0724298647753043,0.17813658630289358
CSO-16-9A-JSMAGU-CorrEtiq.txt,0.0,0.0,0.0,3.4063530533128077,-0.04882646043293673,-0.7215005688147502,-0.4586188914656353,-0.22491938584799226,0.0,-0.07947267597268998,0.0,-0.9442897262052047,0.529439108925863,0.9607677170193104,-0.7167254155080924
CSO-16-9B-SJPAJI-CorrEtiq.txt,0.0,0.0,0.0,0.8577657685430076,-0.516292288760723,0.3773378277187984,-0.47971528438568395,-0.248349217099557,0.0,-0.03303708743422596,0.0,-0.3551708106313934,1.445990124783941,0.5162607383113164,-0.3668122797045269
CSO-17-10A-YVGOCA-CorrEtiq.txt,0.0,0.0,0.0,2.578460581759089,-0.8053375245489118,0.44704908969514384,-0.8126485797896991,-0.8496420813269934,0.0,0.4213024730409996,0.0,-0.49775022103278166,-0.4914002901321944,-0.40553178522601196,-0.8388773957217636
CSO-17-10B-EHECO-CorrEtiq.txt,0.0,0.0,0.0,4.657473465890606,-0.6872662972916562,-0.7288477292927489,-0.6884172190639003,0.44181848446019173,0.0,0.08503580249917875,0.0,-0.6987112288403047,-0.19568051349231477,0.0031526672328398195,0.07209136796676387
CSO-17-10B-YCQUVE-CorrEtiq.txt,0.0,0.0,0.0,1.4207526384339766,-0.41746199754786945,0.9506701988471495,-0.41693452430009514,0.5425413413742283,0.0,-0.299499034937136,0.0,-1.0346420811597754,0.6184398458170485,0.8309394674749963,-0.22414362744610475
CSO-17-11A-DJAPA-CorrEtiq.txt,0.0,0.0,0.0,0.8649115468467404,0.11379847442312543,-0.8343669233454426,-0.5627631296497679,0.8715460673089626,0.0,-0.25870820527963573,0.0,0.5330304733431365,0.22253703408188977,0.20210463451821756,0.1462170489736056
CSO-17-11A-JDAMO-CorrEtiq.txt,0.0,0.0,0.0,2.712638576325111,-1.1015706909674314,-0.9561224902482026,-1.1242634627817019,-0.952607175623782,0.0,-0.05505947606106794,0.0,0.34517431291972434,-0.2960225298861858,-0.5687694664684959,-0.6112802852955364
CSO-17-11A-NPAHE-CorrEtiq.txt,0.0,0.0,0.0,3.003668416235721,1.9628360455162406,-0.33972827590943283,0.8963997378116957,-0.20004745258950044,0.0,-0.3596948834674183,0.0,-1.8521515034599005,0.7772014808993958,1.1665063565975995,0.09446224336011629
CSO-17-11A-RLPAIG-CorrEtiq.txt,0.0,0.0,0.0,2.045235311600905,1.307598519029107,0.04038175442956165,0.08315834537370621,-0.31134001566855324,0.0,-0.17270274003717384,0.0,-1.1484443206890673,0.6949603064033004,0.8524232650388298,0.20549165608348113
CSO-17-11A-SPUVA-CorrEtiq.txt,0.0,0.0,0.0,5.044577147264959,-1.2538033953906902,1.7063139482958873,-1.3025743969295762,1.7346134147392125,0.0,-1.4401488755845155,0.0,-2.183608961917833,2.7244358707861474,4.343571139323689,-0.3347504631143809
CSO-17-11B-CDBEBU-CorrEtiq.txt,0.0,0.0,0.0,2.4368513406189547,3.152557197130031,-0.9770892495311946,1.8906164066341251,0.14187353004794281,0.0,-1.1197497678216195,0.0,-1.988675873735019,1.2775443670273126,1.843693354146817,0.6474103045684817
CSO-17-11C-JDAAG-CorrEtiq.txt,0.0,0.0,0.0,2.9733050836695765,1.2200431207664701,-0.8989914192370648,0.776891776351778,-0.5183206398022584,0.0,0.07225494901482277,0.0,-1.2198311793647536,0.5543286014768853,0.7761143003221402,-0.3478748096812365
CSO-17-11C-MAPAMA-CorrEtiq.txt,0.0,0.0,0.0,2.4067849639824197,0.07239850375511372,-0.13221539139651772,0.08457562299056678,0.5440241704655459,0.0,-0.15209417736018846,0.0,-1.0134405700523925,0.2853508798430267,0.5782296389026182,-0.33108164882068675
CSO-17-11C-MCAAG-CorrEtiq.txt,0.0,0.0,0.0,2.1355914593973333,0.5862968156549957,-0.43649488139573867,0.6178904247057594,0.2460897997784911,0.0,-0.27509033468850286,0.0,-0.8155587874225011,0.6272686968329153,0.6849133332537585,-0.17700778052057464
CSO-17-11C-SARJA-CorrEtiq.txt,0.0,0.0,0.0,3.33075419779012,-0.49234651889602493,-0.7932633499925243,-0.4915091390095863,0.2744566962922091,0.0,-0.8664394843128295,0.0,-0.21264821398869993,1.3456689558343589,1.4047554427130804,0.04972623180722453
CSO-18-11A-ADBAHO-CorrEtiq.txt,0.0,0.0,0.0,2.187879274347016,-0.5160266851412849,-0.19245893414786425,-0.5439381614879288,0.5581008760454268,0.0,-0.06439057768571291,0.0,-0.24720448094072278,0.14005788914060227,0.28263278925714524,0.05313768239331588
CSO-18-11B-YLLRE-CorrEtiq.txt,0.0,0.0,0.0,2.427251298193527,0.17549663527754006,-0.5193147876365544,-0.06611325855906726,0.9945163275859605,0.0,-0.47660715045121615,0.0,-0.5708324434530684,0.5727680921094759,0.7932250686177288,0.5619248148189692
CSO-18-9B-MAMOLO-CorrEtiq.txt,0.0,0.0,0.0,5.960237535310098,0.4222720572047087,1.078825372697098,-0.10090353785781675,1.2167745467680637,0.0,-1.671461285421291,0.0,-3.394559456838042,2.5620336467303053,3.632601633721491,-0.32401936763793315
CSO-8-3A-DAPAVA-CorrEtiq.txt,0.0,0.0,0.0,3.6306979314898684,-0.05050974375924722,0.812464222783428,0.013646251133197295,2.1610686152543797,0.0,-0.6267949142665686,0.0,-1.9235820022988879,1.1201485386406085,1.7423554298803632,0.1169356319326618
CSO-8-4A-ARAGR-CorrEtiq.txt,0.0,0.0,0.0,5.172704039531311,-0.3422647720135121,0.5062768655779335,-0.2646299244481764,-1.0486126090032613,0.0,-0.7942553695560983,0.0,-2.847752556147228,0.76753184478961,1.7105794205538685,-1.3348299238135426
CSO-9-2A-EXMOCO-CorrEtiq.txt,0.0,0.0,0.0,3.52431414328558,-0.3065082014792295,0.049111735450006806,-0.29245881069404916,-0.5006493925097197,0.0,0.29013919616267353,0.0,-1.4841956102539053,0.42539398733919,1.0446692378357771,-0.42133524487757257
CSO-9-4A-AGAPE-CorrEtiq.txt,0.0,0.0,0.0,4.4080598621926645,0.9675458843622528,0.08394753920969442,0.25411711968914796,-0.46206195279004164,0.0,-0.17515079124060454,0.0,-1.8267211720483025,1.0270402197622086,1.2913232018263892,-0.36844508377466517
CSO-9-4A-DKVIMO-CorrEtiq.txt,0.0,0.0,0.0,2.7182700531145962,-0.03152775201459433,-0.43718169855624983,-0.2083480951954814,0.6451871493711708,0.0,-0.19270475694014627,0.0,-0.8245955102312653,0.27178009859422836,0.20699151690472584,-0.29735887027337066
CSO-9-4A-DSMOMU-CorrEtiq.txt,0.0,0.0,0.0,2.0426451830721053,0.34318246212857073,-0.20333457071846708,0.4033212121352289,0.3799693055861758,0.0,-0.5384326543162442,0.0,-1.0291339656311476,0.5218462919128382,0.6260384248803524,0.5100778949038987
CSO-9-4A-DVGATO-CorrEtiq.txt,0.0,0.0,0.0,3.031588358600721,0.9165997092843178,0.35939892886667446,0.7292731499029378,-0.1861574248915706,0.0,-1.6090927947027904,0.0,-2.116101286449089,1.6668592571875598,2.2438698373574555,-0.006630658552661717
CSO-9-4A-EGCAMO-CorrEtiq.txt,0.0,0.0,0.0,0.20725703024154518,-0.7785577093895283,-0.1738482065045532,-0.7767468790603195,-1.037514672942269,0.0,0.3176994061526159,0.0,0.6399987461906088,-0.5342822985925267,-0.7088569005678258,-1.123900379682276
CSO-9-4A-FAGIGA-CorrEtiq.txt,0.0,0.0,0.0,4.883362741549898,1.6167830584248175,-0.2668314877884369,0.42247961975023907,-0.0028063073715134594,0.0,-1.0497465394983996,0.0,-2.2423332490402976,1.3555861364984028,2.077348866130516,-0.7101081935317913
CSO-9-4A-GSBRCO-CorrEtiq.txt,0.0,0.0,0.0,3.9135935306426197,-1.1147783021290334,0.7052616147951833,-1.1458071230780873,0.726718934946815,0.0,0.16378233868631703,0.0,-1.2943485859999804,1.1530946629269003,1.4844933027709168,-0.6513733712853595
CSO-9-4A-KEMOCO-CorrEtiq.txt,0.0,0.0,0.0,3.5397582811859865,-1.0051659606857708,0.39650045466066003,-1.0153458806944966,0.763368396732636,0.0,-1.4046666485180521,0.0,-0.9118693486045817,2.1561233097948125,2.8351742254657664,0.9732336265866863
CSO-9-4A-LCOMO-CorrEtiq.txt,0.0,0.0,0.0,2.0079447573523015,-0.5314327741319476,-0.21306077705337242,-0.9160925475292235,0.28673012171512424,0.0,-1.8525357860135223,0.0,-0.7352515024839844,2.0621363908939707,1.8030929002071314,0.11221321738044042
CSO-9-4A-MLORO-CorrEtiq.txt,0.0,0.0,0.0,1.6143381304781708,0.4469961551419646,-0.13325232103106488,0.7218914997433966,0.15356503719025802,0.0,-0.07965180106823082,0.0,-1.2875382584064872,0.3419419161208708,0.40912676966572137,0.5216474196302149
CSO-9-4A-MPAME-CorrEtiq.txt,0.0,0.0,0.0,1.2726987107816958,0.9838359452755041,4.162723946548833,0.9157742965704593,-0.9944113769349497,0.0,-3.6405618623677385,0.0,-3.8750186928409187,2.487323976940739,3.428787275320661,-0.22383749198618125
CSO-9-4A-NSARPA-CorrEtiq.txt,0.0,0.0,0.0,2.791308769524023,-0.0350181386678742,-1.0083218688238307,0.017838421213635738,1.0896543285804852,0.0,0.2397199280685253,0.0,-0.6149923662935372,-0.06581809158860773,-0.02631218295366568,0.5492117968848991
CSO-9-4A-SLOCA-CorrEtiq.txt,0.0,0.0,0.0,2.6091861917585697,0.7892559279121412,1.58878796259743,-0.08657920923363331,-1.2101569652221094,0.0,-0.46528364022533597,0.0,-2.2758232627165866,1.036664463465988,1.7164562869997864,-1.7157586377733791
