file,wc,nodes,edges,re,pe,l1,l2,l3,lcc,lsc,atd,density,diameter,asp,cc
CDMS-10-4A-JURAN,13.0,29.142857142857142,35.857142857142854,4.285714285714286,0.0,0.0,0.0,0.0,21.285714285714285,1.0,2.4544105863826187,0.0768919811347906,5.571428571428571,2.727399880276638,0.217776538465314
CDMS-10-5A-HEPIHO,13.0,31.761904761904763,33.095238095238095,1.8095238095238095,0.0,0.0,0.0,0.0,17.285714285714285,1.0,2.078887868663011,0.06603640861126124,5.0,2.490464288375467,0.3691849394720944
CDMS-10-5A-KSRAGU,13.0,34.5,35.0,4.0,0.0,0.0,0.0,0.0,19.0,1.0,2.0277310924369747,0.05357779475426534,4.5,2.4144927536231884,0.2122186509143031
CDMS-10-5A-SROPU,13.0,35.5,46.0,5.0,0.0,0.0,0.0,0.0,26.5,1.0,2.5920634920634917,0.06694677871148459,7.0,2.9916239316239315,0.41398323898323897
CDMS-10-5A-SZURO,13.0,27.53846153846154,41.69230769230769,5.846153846153846,0.0,0.15384615384615385,0.0,0.0,22.53846153846154,1.0,3.045359932280312,0.09964237760048601,5.615384615384615,2.8308054932152804,0.34206691844474074
CDMS-10-5C-DAAUSA,13.0,37.18181818181818,59.63636363636363,10.818181818181818,0.0,0.6363636363636364,0.0,0.0,27.0,1.0,3.2123378764245634,0.07193254634853284,4.181818181818182,2.379498749885653,0.44912120974984265
CDMS-10-5C-ICAPA,13.0,19.8,31.6,3.4,0.0,0.0,0.0,0.0,19.0,1.0,3.1879425837320574,0.1518965863857505,5.2,2.3551169590643277,0.6092992183255341
CDMS-10-5C-JFALGI,13.0,26.5,28.5,2.0,0.0,0.0,0.0,0.0,17.5,1.0,2.1517094017094016,0.07851851851851852,4.0,2.2777949776401787,0.3874943970145208
CDMS-10-5C-MAORTO,13.0,30.2,39.2,6.2,0.0,0.26666666666666666,0.0,0.0,25.066666666666666,1.0,2.619584946170041,0.07693040938994575,6.733333333333333,3.0265007547461584,0.17041827514392685
CDMS-10-5C-NBEMO,13.0,49.714285714285715,65.14285714285714,6.428571428571429,0.0,0.0,0.0,0.0,32.42857142857143,1.0,2.615021258559356,0.04849649251427438,6.571428571428571,2.8768445652404018,0.37275202934815804
CDMS-10-6B-ASCACO,13.0,28.11111111111111,44.22222222222222,9.333333333333334,0.0,0.0,0.0,0.0,24.333333333333332,1.0,3.149915870988668,0.09181601710337342,6.0,2.8421999739391044,0.2794549883314549
CDMS-10-6B-JJMOBE,13.0,28.363636363636363,32.63636363636363,1.8181818181818181,0.0,0.0,0.0,0.0,18.545454545454547,1.0,2.2988091626578835,0.07942044360286851,5.454545454545454,2.642278775419783,0.38055125070225715
CDMS-11-4A-GACHSA,13.0,26.56,42.92,8.48,0.0,0.0,0.0,0.0,21.2,1.0,3.208497224225971,0.10233300309302772,4.76,2.4418970763332406,0.4922217159383826
CDMS-11-5A-EAARCA,13.0,30.0,49.333333333333336,12.333333333333334,0.0,0.0,0.0,0.0,24.666666666666668,1.0,3.2866885702907207,0.0854608951383145,4.666666666666667,2.547313942096551,0.5098744466236105
CDMS-11-5A-MGTHAR,13.0,29.25,57.0,12.75,0.0,0.125,0.0,0.0,28.25,1.0,3.8975816751122645,0.10769453114141657,4.75,2.429747006690833,0.4830999990319562
CDMS-11-6A-DFVEBE,13.0,33.625,51.875,11.5,0.0,0.0,0.0,0.0,27.625,1.0,3.081062860750361,0.0736280063100509,4.5,2.600962485790072,0.3942535879817648
CDMS-11-6A-NMREPR,13.0,29.583333333333332,44.583333333333336,10.25,0.0,0.0,0.0,0.0,23.75,1.0,3.0125514668954136,0.08160935527106272,4.833333333333333,2.4797281757426686,0.3334887765706243
CDMS-11-6B-ARAHE,13.0,31.076923076923077,37.53846153846154,4.076923076923077,0.0,0.15384615384615385,0.0,0.0,15.615384615384615,1.0,2.391029753994262,0.07251844591605858,5.846153846153846,2.6972915295952875,0.3694073506551608
CDMS-11-6B-AVROTO,13.0,21.6,29.0,6.4,0.0,0.0,0.0,0.0,14.2,1.0,2.689467344249953,0.10178390640633203,4.2,2.304109224109224,0.40612585034013604
CDMS-11-6B-EAFESA,13.0,37.94117647058823,54.294117647058826,12.294117647058824,0.0,0.5882352941176471,0.0,0.0,26.470588235294116,1.0,2.853514198009403,0.05954967977350895,5.588235294117647,2.7071036915644022,0.28136779437990006
CDMS-11-6B-EFRGR,13.0,39.57142857142857,62.142857142857146,11.0,0.0,0.0,0.0,0.0,32.285714285714285,1.0,3.1517855995299606,0.06734504367917168,6.428571428571429,2.879831716790265,0.39204641016698977
CDMS-11-6B-EROCO,13.0,19.0,33.45454545454545,5.363636363636363,0.0,0.0,0.0,0.0,18.454545454545453,1.0,3.51330682748101,0.16560241535828607,4.181818181818182,2.1541488525234658,0.6582843642581891
CDMS-11-6B-JACUPE,13.0,36.18181818181818,53.81818181818182,12.545454545454545,0.0,1.8181818181818181,0.0,0.0,30.272727272727273,1.0,2.964724223260809,0.06447526471143372,6.0,2.856790078107439,0.24070094303212877
CDMS-11-6B-JDCHBA,13.0,34.43478260869565,42.34782608695652,3.9130434782608696,0.0,0.0,0.0,0.0,24.434782608695652,1.0,2.4590813430336893,0.06745987561045401,5.0,2.6199580790563286,0.39092194096104627
CDMS-11-6B-JFSAHE,13.0,24.941176470588236,26.41176470588235,2.764705882352941,0.0,0.0,0.0,0.0,14.529411764705882,1.0,2.1306453495491118,0.08323669663158763,4.823529411764706,2.4750436354151524,0.4075704256061399
CDMS-11-6B-JLPENA,13.0,25.25,28.1875,4.8125,0.0,0.0,0.0,0.0,15.0625,1.0,2.2450963240074935,0.07726875746553408,4.3125,2.4175608296931825,0.3421740948156852
CDMS-11-6B-JMARME,13.0,37.166666666666664,53.888888888888886,8.38888888888889,0.0,0.0,0.0,0.0,28.11111111111111,1.0,2.8922312113746584,0.06806301686096092,6.555555555555555,2.8613022253395815,0.31851635323703975
CDMS-11-6B-JPSAMA,13.0,35.25,46.625,6.125,0.0,0.0,0.0,0.0,25.125,1.0,2.647335189706513,0.06737801115251055,5.375,2.6052204681190387,0.4612381024063616
CDMS-11-6B-LESTA,13.0,30.0,41.2,5.2,0.0,0.0,0.0,0.0,24.6,1.0,2.738233550125031,0.08290823803075978,5.8,2.747322276082633,0.3857580739452303
CDMS-11-6B-MAGIMU,13.0,31.333333333333332,45.833333333333336,7.666666666666667,0.0,0.0,0.0,0.0,27.666666666666668,1.0,2.9465192724206006,0.08167315340386182,7.0,3.3040269649465053,0.4304578695511007
CDMS-11-6B-MEBRTA,13.0,19.333333333333332,22.166666666666668,3.0,0.0,0.0,0.0,0.0,11.166666666666666,1.0,2.301388888888889,0.11041451668386652,3.8333333333333335,2.149248899248899,0.38742142117142114
CDMS-11-6B-MMAMO,13.0,45.25,62.0,11.0,1.0,0.0,0.5,0.0,26.75,1.5,2.7422485726833554,0.050500199160462056,5.5,2.8011782661782663,0.4258929177083939
CDMS-11-6B-RSECA,13.0,33.45454545454545,41.09090909090909,2.5454545454545454,0.0,0.0,0.0,0.0,26.363636363636363,1.0,2.4541325310365334,0.07119112135284293,5.181818181818182,2.740161086572426,0.423943265542646
CDMS-11-6B-SCAPA,13.0,28.857142857142858,28.142857142857142,3.4285714285714284,0.0,0.0,0.0,0.0,11.714285714285714,1.0,1.946256212285928,0.061499557848675925,4.571428571428571,2.256592613735471,0.17574286824286825
CDMS-11-6B-VZAPE,13.0,37.0,55.0,10.0,0.0,0.0,0.0,0.0,25.0,1.0,2.972972972972973,0.06756756756756757,4.0,2.4882608695652175,0.46400486087986087
CDMS-11-6B-YLNIME,13.0,37.285714285714285,47.42857142857143,8.571428571428571,0.0,0.0,0.0,0.0,22.428571428571427,1.0,2.5441671945431343,0.05753328942183432,5.0,2.568911140074919,0.37389881722070967
CDMS-11-7C-ICARE,13.0,30.857142857142858,35.0,4.857142857142857,0.0,0.0,0.0,0.0,22.142857142857142,1.0,2.266184523494233,0.06592482871284715,5.714285714285714,2.86632879778679,0.20508410325616805
CDMS-11-7C-IMOIB,13.0,35.15384615384615,45.15384615384615,3.230769230769231,0.0,0.07692307692307693,0.0,0.0,26.076923076923077,1.0,2.570287993043411,0.06991827639111171,6.0,2.82965071663381,0.38303630784745857
CDMS-11-7C-SALMA,13.0,34.666666666666664,65.66666666666667,16.0,0.0,0.0,0.0,0.0,28.555555555555557,1.0,3.7746356183813927,0.08515912571862538,7.444444444444445,3.0501862126210164,0.407239045216436
CDMS-11-7C-SPGAVE,13.0,25.181818181818183,23.181818181818183,3.3636363636363638,0.0,0.0,0.0,0.0,10.727272727272727,1.0,1.8417638400247094,0.06518612407940472,3.0,2.0111943611943612,0.2808756058756059
CDMS-12-5A-SRIGO,13.0,39.76923076923077,53.07692307692308,8.23076923076923,0.0,0.7692307692307693,0.0,0.0,26.307692307692307,1.0,2.6633846169206046,0.057594449398634825,5.384615384615385,2.8538036660454935,0.4162869053563843
CDMS-12-6A-FAROPA,13.0,40.333333333333336,63.0,18.333333333333332,0.0,0.0,0.0,0.0,24.333333333333332,1.0,3.125609756097561,0.0563268709610173,5.0,2.6171980676328506,0.2632020202020202
CDMS-12-6A-JGIGA,13.0,29.125,41.125,6.25,0.0,0.75,0.0,0.0,21.0,1.0,2.8334809777958414,0.08458808270891141,4.75,2.418840414607005,0.4669172813662945
CDMS-12-6A-JSOTGU,13.0,29.133333333333333,43.86666666666667,10.2,0.06666666666666667,0.26666666666666666,0.06666666666666667,0.0,22.666666666666668,1.0666666666666667,3.002458604524604,0.08125928712932791,4.733333333333333,2.470360912767558,0.46143486859757576
CDMS-12-6A-SROAL,13.0,29.38095238095238,40.523809523809526,5.619047619047619,0.0,0.42857142857142855,0.0,0.0,22.857142857142858,1.0,2.7493895735992773,0.08336986848375164,6.190476190476191,2.9901960974085817,0.4558933374869786
CDMS-12-6B-IJDAGA,13.0,28.5,35.0,2.8,0.0,0.0,0.0,0.0,18.5,1.0,2.4294882926934736,0.0828359884568737,6.1,2.8926901944921966,0.32450268714426417
CDMS-12-6B-SCLAG,13.0,34.57142857142857,48.0,6.571428571428571,0.0,1.0,0.0,0.0,27.0,1.0,2.761149621443739,0.06958061386679183,6.285714285714286,3.058597590374588,0.32109008534557554
CDMS-12-7C-ARAHE,13.0,35.0,45.0,6.0,0.0,0.0,0.0,0.0,21.0,1.0,2.5714285714285716,0.06554621848739496,6.0,2.75,0.48397581254724115
CDMS-12-7C-CATRAR,13.0,33.0625,50.1875,9.6875,0.0,0.0,0.0,0.0,25.6875,1.0,3.1057803070336076,0.07917794193129307,5.875,2.766400276135529,0.3866141132124224
CDMS-12-7C-DLOLO,13.0,32.333333333333336,55.0,19.333333333333332,0.0,0.0,0.0,0.0,25.0,1.0,3.404515745692217,0.07076546397033212,6.0,2.8752619843924188,0.2980934744268078
CDMS-12-7C-JSZAOR,13.0,18.444444444444443,20.88888888888889,0.5555555555555556,0.0,0.0,0.0,0.0,17.333333333333332,1.0,2.279782244281728,0.12859122206387427,4.444444444444445,2.310080074914956,0.27775021835049357
CDMS-12-7C-MAROBE,13.0,43.0,51.0,4.0,0.0,0.0,0.0,0.0,30.0,1.0,2.372093023255814,0.05204872646733112,6.0,2.8551724137931034,0.28611111111111115
CDMS-12-7C-VMAPA,13.0,29.0,40.0,5.0,0.0,0.0,0.0,0.0,25.0,1.0,2.7586206896551726,0.08620689655172414,6.0,2.62,0.2589010989010989
CDMS-12-7C-VQURA,13.0,25.542857142857144,30.514285714285716,3.7714285714285714,0.0,0.2571428571428571,0.0,0.0,16.457142857142856,1.0,2.4088409814652794,0.08635549887798673,5.457142857142857,2.661061924217608,0.3679920926330701
CDMS-13-6B-ASUMO,13.0,23.333333333333332,27.333333333333332,2.3333333333333335,0.0,0.0,0.0,0.0,14.5,1.0,2.3382586495629973,0.09611378959205047,3.0,1.9134554171318878,0.5324200581553523
CDMS-13-6B-JDTAHE,13.0,23.25,29.9375,2.375,0.0,0.0,0.0,0.0,20.5,1.0,2.5811965027725896,0.10748549934047646,6.3125,2.8524377912613628,0.31481214730988283
CDMS-13-7C-MVEAR,13.0,37.57142857142857,57.92857142857143,11.857142857142858,0.35714285714285715,1.2142857142857142,0.35714285714285715,0.0,34.214285714285715,1.3571428571428572,3.081526988980668,0.06643122097705398,5.571428571428571,2.688620934014696,0.3221057372419172
CDMS-13-7C-RAIZAC,13.0,27.0,35.666666666666664,4.0,0.0,1.0,0.0,0.0,20.333333333333332,1.0,2.6434676434676434,0.08754578754578755,5.0,2.4977443609022556,0.42365697794269225
CDMS-13-7C-SSOSLO,13.0,41.470588235294116,64.41176470588235,13.294117647058824,0.9411764705882353,2.235294117647059,0.5882352941176471,0.0,29.529411764705884,1.588235294117647,3.125383164914539,0.05952670715670362,4.882352941176471,2.6041498930730405,0.47958609134999314
CDMS-14-10A-IMORTO,13.0,25.3,37.3,7.2,0.0,1.1,0.0,0.0,16.7,1.0,2.9552422360248447,0.0960095918851541,4.1,2.133366013071895,0.4564080173638997
CDMS-14-10A-JCVANI,13.0,31.636363636363637,32.95454545454545,3.6363636363636362,0.0,0.0,0.0,0.0,14.818181818181818,1.0,2.0871780417888544,0.060915458658420234,5.0,2.4766838850395,0.2601018111589954
CDMS-14-6B-KDCAHE,13.0,38.38461538461539,42.69230769230769,3.769230769230769,0.0,0.0,0.0,0.0,19.307692307692307,1.0,2.2221733567887414,0.05431739806097231,5.461538461538462,2.818787958489078,0.3854676081493691
CDMS-15-10A-AMALOS,13.0,36.666666666666664,49.166666666666664,6.222222222222222,0.2777777777777778,1.7777777777777777,0.2777777777777778,0.0,28.666666666666668,1.2777777777777777,2.6889875924167628,0.06505727580056404,5.277777777777778,2.699321080019212,0.373711186098558
CDMS-15-10A-JJMACH,13.0,57.69230769230769,72.76923076923077,3.6153846153846154,0.0,0.0,0.0,0.0,45.07692307692308,1.0,2.52262053821397,0.042329448439861556,7.923076923076923,3.4266771371977995,0.4147162508821499
CDMS-15-10A-MAALCA,13.0,37.111111111111114,43.888888888888886,7.111111111111111,0.0,1.0,0.0,0.0,24.77777777777778,1.0,2.354929949879483,0.053489740139290844,5.222222222222222,2.666948427575132,0.21062397927989818
CDMS-15-10A-MAALRI,13.0,36.4,48.0,5.6,0.0,0.0,0.0,0.0,19.9,1.0,2.6345011176590125,0.06578262271760724,4.1,2.3017266696152143,0.5279909908155522
CDMS-15-10A-SGOMO,13.0,29.90909090909091,39.36363636363637,1.6363636363636365,0.0,0.0,0.0,0.0,22.454545454545453,1.0,2.6535335882801028,0.09000715542894405,5.909090909090909,2.800306378587011,0.4267838794505572
CDMS-15-10A-SHEGA,13.0,41.625,52.375,5.625,0.875,0.0,0.875,0.0,25.25,1.875,2.5185418354620075,0.05450295244325307,5.625,3.009626379012255,0.46556015579342147
CDMS-15-11B-JEMOLO,13.0,43.15625,66.53125,14.125,0.0,0.0,0.0,0.0,34.78125,1.0,3.064595673493397,0.0581729986059403,6.40625,2.884649322449434,0.3477500254872012
CDMS-15-11B-VSAHO,13.0,36.4,49.0,4.2,0.0,0.2,0.0,0.0,28.4,1.0,2.6979938324573225,0.06984558078418987,4.8,2.6270494571139733,0.40932948188925417
CDMS-16-10A-SGALO,13.0,31.571428571428573,31.428571428571427,1.6428571428571428,0.0,0.0,0.0,0.0,16.214285714285715,1.0,2.0200344522967613,0.0640434054049642,5.714285714285714,2.8240223693452355,0.3507199803304956
CDMS-16-11B-NGABE,13.0,43.111111111111114,65.33333333333333,11.222222222222221,0.0,0.6666666666666666,0.0,0.0,31.88888888888889,1.0,3.020838239009064,0.058878284043226196,4.666666666666667,2.492029140202515,0.4901867821680357
CDMS-17-10A-ASSAMO,13.0,40.0,35.0,1.0,0.0,0.0,0.0,0.0,17.0,1.0,1.75,0.04358974358974359,5.0,2.6544117647058822,0.07026143790849673
CDMS-18-7C-VVECA,13.0,29.818181818181817,35.45454545454545,6.545454545454546,0.0,0.8181818181818182,0.0,0.0,18.09090909090909,1.0,2.400618608142119,0.06705000919614072,4.909090909090909,2.3993997004340377,0.3319694280607593
CDMS-8-4A-DBEVA,13.0,23.384615384615383,34.23076923076923,7.538461538461538,0.0,0.0,0.0,0.0,18.46153846153846,1.0,2.9211200232939367,0.10223835354798214,5.461538461538462,2.5986050656496,0.3146216762546157
CDMS-8-4A-DJAVDA,13.0,25.5,28.375,2.875,0.0,0.0,0.0,0.0,11.625,1.0,2.233649355877617,0.08266893810559478,3.5,2.0039252414252413,0.3127525252525252
CDMS-8-4A-DOSTR,13.0,30.129032258064516,39.29032258064516,5.838709677419355,0.0,0.12903225806451613,0.0,0.0,21.322580645161292,1.0,2.622891173695355,0.0774097095503645,4.741935483870968,2.469061477785191,0.38563700710441384
CDMS-8-4A-LGOPA,13.0,26.375,40.5,8.5,0.0,0.0,0.0,0.0,18.75,1.0,3.0805975274725275,0.09615605811257985,5.4375,2.7342244695000786,0.4958711843521351
CDMS-8-4C-JDBUTU,13.0,25.928571428571427,32.92857142857143,5.142857142857143,0.0,0.0,0.0,0.0,16.714285714285715,1.0,2.545041056569221,0.08725561489429555,4.571428571428571,2.491621648659464,0.2845834769092822
CDMS-9-4A-ACDUTR,13.0,31.875,36.5,6.0,0.0,0.0,0.0,0.0,17.625,1.0,2.289130308433415,0.06215214989322658,4.0,2.308234126984127,0.3999734963429816
CDMS-9-4A-CARGA,13.0,36.42857142857143,55.857142857142854,13.714285714285714,1.4285714285714286,0.14285714285714285,0.7142857142857143,0.0,25.428571428571427,1.7142857142857142,3.0655309602678025,0.06436125797028053,5.0,2.98880912518264,0.2785344077422978
CDMS-9-4A-CRAAG,13.0,25.666666666666668,41.583333333333336,8.583333333333334,0.0,0.5833333333333334,0.0,0.0,22.583333333333332,1.0,3.2557806390215185,0.10388280043202582,6.25,2.639035651780189,0.42073966831389237
CDMS-9-4A-EROHI,13.0,31.416666666666668,46.333333333333336,4.916666666666667,0.25,0.25,0.25,0.0,24.833333333333332,1.25,2.932793393927497,0.0849109885721235,5.416666666666667,2.644507342732454,0.6733340183095732
CDMS-9-4A-ILOSE,13.0,42.0,63.5,6.5,0.0,0.0,0.0,0.0,39.0,1.0,3.0243506493506493,0.06634730603108369,7.0,3.2108263121421015,0.40876959663143875
CDMS-9-4A-TGAFR,13.0,21.153846153846153,28.46153846153846,3.5384615384615383,0.0,0.38461538461538464,0.0,0.0,17.0,1.0,2.66571673940095,0.11511716174524089,4.3076923076923075,2.3433015246244584,0.4177681376355844
CDMS-9-4C-SCAMO,13.0,35.5,38.75,5.0,0.0,0.0,0.0,0.0,23.0,1.0,2.1882352941176473,0.05526976556388321,6.25,2.8914243365330323,0.16860171876871483
CDMS-9-5A-ABERO,13.0,31.0625,40.6875,5.5,0.0,0.0,0.0,0.0,23.125,1.0,2.606483466143505,0.07497802982461181,5.5,2.732592595146058,0.36932968180939585
CDMS-9-5A-PAGACO,13.0,28.3,39.6,6.3,0.0,0.0,0.0,0.0,20.1,1.0,2.7985878489326765,0.08640015157256536,5.6,2.791845204346214,0.4260719657498611
CDMS-9-5A-VVAAR,13.0,25.875,32.5,4.0,0.0,0.0,0.0,0.0,18.25,1.0,2.5240229335881508,0.0896662908694393,4.5,2.560257708155726,0.4289765106933257
CDMS-9-5C-LVIZAC,13.0,24.733333333333334,25.8,1.9333333333333333,0.0,0.2,0.0,0.0,11.266666666666667,1.0,2.088462083342869,0.08087333922116531,4.266666666666667,2.2467832167832165,0.16615167548500884
CDMS-9-5C-MLOGO,13.0,27.41176470588235,39.411764705882355,6.882352941176471,0.0,0.0,0.0,0.0,20.058823529411764,1.0,2.8663149121108944,0.08986219615480885,4.9411764705882355,2.472367940996685,0.3561060519599598
CDMS-9-5C-SCAAG,13.0,29.25,43.625,5.125,0.0,0.0,0.0,0.0,24.375,1.0,2.9820142101826614,0.09357087242619778,6.125,2.9314050623289756,0.43215237775796783
CDMS-XX-10A-VGILO,13.0,37.8,56.4,7.0,0.0,0.6,0.0,0.0,33.8,1.0,2.9882408724513985,0.07026540710751236,5.6,2.7223055781452365,0.4800871120106839
CDMS-XX-5C-MJSARU,13.0,31.181818181818183,36.54545454545455,3.4545454545454546,0.0,0.0,0.0,0.0,18.363636363636363,1.0,2.346158487153532,0.07076968861148253,5.090909090909091,2.5019411780951324,0.33933791101857036
CDMS-XX-5C-MPCAQU,13.0,23.666666666666668,38.0,4.777777777777778,0.0,0.0,0.0,0.0,22.444444444444443,1.0,3.2113863270385012,0.12404228621619924,4.111111111111111,2.401065938892026,0.39231203211327437
CDMS-XX-6A-MAGICA,13.0,30.641025641025642,39.205128205128204,3.7948717948717947,0.05128205128205128,0.0,0.05128205128205128,0.0,24.897435897435898,1.0512820512820513,2.5660672223678196,0.08031092927377438,6.6923076923076925,3.1653925178227555,0.3322268633079501
CDMS-XX-6B-SPUCA,13.0,31.38888888888889,37.111111111111114,4.722222222222222,0.0,0.1111111111111111,0.0,0.0,21.72222222222222,1.0,2.3422100413810156,0.06742658258185599,6.444444444444445,2.890908556141335,0.30482033058106794
CSO-10-4A-ICAPA,13.0,34.888888888888886,56.55555555555556,13.444444444444445,0.0,0.0,0.0,0.0,26.333333333333332,1.0,3.2533388657743663,0.07373393089836713,5.333333333333333,2.7028272961606294,0.43771773371264616
CSO-10-4A-KCOMO,13.0,30.727272727272727,52.81818181818182,9.363636363636363,0.0,0.0,0.0,0.0,26.681818181818183,1.0,3.4251608590650338,0.0959541282910153,4.818181818181818,2.4115278001841554,0.5283336406954495
CSO-10-4A-LRAVI,13.0,28.0,40.666666666666664,4.0,0.0,0.0,0.0,0.0,22.166666666666668,1.0,2.9039824771007567,0.09752527454418446,4.0,2.27685551163812,0.48064469461984993
CSO-10-4A-LSCAVA,13.0,26.285714285714285,24.0,0.8571428571428571,0.0,0.0,0.0,0.0,11.142857142857142,1.0,1.8005941756790655,0.07043976981795054,3.2857142857142856,2.008541493520485,0.4853154356980887
CSO-10-5A-ACAVA,13.0,28.5,34.375,1.3125,0.0,0.0,0.0,0.0,20.3125,1.0,2.4181636820158787,0.08526340835930749,5.125,2.428227201878602,0.5861637886108034
CSO-10-5A-ARACA,13.0,23.38888888888889,25.444444444444443,3.8333333333333335,0.0,0.0,0.0,0.0,13.444444444444445,1.0,2.156841053073288,0.08295571477463762,4.0,2.1953199578199576,0.1624397512393544
CSO-10-5A-DABRZA,13.0,32.3125,43.375,7.0625,0.0,0.0,0.0,0.0,21.25,1.0,2.6814466209375483,0.07228523703789318,6.0,2.8442248060969457,0.3726357564924975
CSO-10-5A-GZAMA,13.0,38.0,62.75,13.25,0.0,0.75,0.0,0.0,30.666666666666668,1.0,3.3067821305003213,0.06946628009359264,5.5,2.7101606677536227,0.4013050917685405
CSO-10-5A-IPECA,13.0,48.333333333333336,78.66666666666667,17.333333333333332,0.0,0.3333333333333333,0.0,0.0,42.333333333333336,1.0,3.255952380952381,0.05335432045158489,7.0,3.05142196304987,0.39998556409817115
CSO-10-5A-JANORO,13.0,26.90909090909091,35.81818181818182,2.6363636363636362,0.0,0.09090909090909091,0.0,0.0,22.363636363636363,1.0,2.6687209087209087,0.09540831482360718,5.181818181818182,2.6260915944190337,0.33392777015678815
CSO-10-5A-JBUVE,13.0,34.666666666666664,36.333333333333336,1.0,0.0,0.0,0.0,0.0,18.833333333333332,1.0,2.0990222365222366,0.06092913868056182,5.666666666666667,2.909914361001318,0.19915592444707353
CSO-10-5A-JJSEMO,13.0,24.3,31.7,6.3,0.0,0.6,0.0,0.0,15.7,1.0,2.616725436780357,0.08809872549689483,4.1,2.355923319886168,0.2856800302523987
CSO-10-5A-JLCARI,13.0,27.285714285714285,34.714285714285715,1.4285714285714286,0.0,0.0,0.0,0.0,22.285714285714285,1.0,2.5535789370272126,0.09388067870826491,6.0,2.810377439929581,0.4131885194609644
CSO-10-5A-MAARAN,13.0,42.0,68.25,12.625,0.0,0.0,0.0,0.0,34.25,1.0,3.2495119326514676,0.06497386324497707,7.625,2.9954901030868113,0.3575858898402404
CSO-10-5A-MAOSMO,13.0,26.92,27.52,1.92,0.0,0.0,0.0,0.0,14.76,1.0,2.045274124836399,0.07785755584167131,4.72,2.3971760215883786,0.39306692787616293
CSO-10-5A-RVMOIB,13.0,35.42857142857143,49.785714285714285,4.571428571428571,0.0,0.21428571428571427,0.0,0.0,29.428571428571427,1.0,2.8120817378667886,0.07401810085080762,6.857142857142857,3.0182975136757118,0.40687813427357034
CSO-10-5A-SVHEES,13.0,33.285714285714285,54.214285714285715,10.285714285714286,0.0,0.0,0.0,0.0,24.5,1.0,3.2738458050115975,0.08543503792583622,4.714285714285714,2.3950360124232586,0.45401692689097434
CSO-11-5A-MDVOSPE,13.0,32.92307692307692,45.84615384615385,7.230769230769231,0.0,0.0,0.0,0.0,23.153846153846153,1.0,2.7803115391113495,0.07378035643592144,4.0,2.455902247139705,0.3695054396129191
CSO-11-5A-MTAGA,13.0,31.0,32.42857142857143,1.8571428571428572,0.0,0.0,0.0,0.0,19.285714285714285,1.0,2.074377281502145,0.06535331520126413,5.071428571428571,2.829429059371851,0.4287222078178156
CSO-11-6A-CAPAMU,13.0,32.095238095238095,35.95238095238095,2.142857142857143,0.0,0.0,0.0,0.0,18.095238095238095,1.0,2.232159032712948,0.06819358193582821,5.142857142857143,2.57693972515226,0.3417172365804735
CSO-11-6A-DSCACH,13.0,26.0,28.125,2.375,0.0,0.375,0.0,0.0,15.0,1.0,2.1591625966625965,0.07811507936507936,4.25,2.2551611990950224,0.38022235117823355
CSO-11-6A-EROMO,13.0,29.76923076923077,39.76923076923077,3.230769230769231,0.0,0.0,0.0,0.0,22.692307692307693,1.0,2.6835794756609235,0.08671332093167555,5.846153846153846,2.793715882844557,0.44227016214725867
CSO-11-6A-FSOVRE,13.0,26.458333333333332,31.916666666666668,2.125,0.0,0.0,0.0,0.0,19.125,1.0,2.407180188494063,0.08879978760447325,4.416666666666667,2.5424767451169052,0.4461872697665497
CSO-11-6B-ANREVA,13.0,42.714285714285715,55.42857142857143,6.142857142857143,0.0,0.0,0.0,0.0,30.428571428571427,1.0,2.6080930191175997,0.0557901819653915,7.428571428571429,3.2626565989230856,0.3310497996790014
CSO-11-6B-DISEMO,13.0,28.0,37.5,6.5,0.0,0.0,0.0,0.0,18.0,1.0,2.679518757104964,0.0821192557974167,3.3333333333333335,2.1843008255933953,0.3840894730166316
CSO-11-6B-LHFDLACH,13.0,32.13333333333333,34.0,2.6,0.0,0.0,0.0,0.0,17.466666666666665,1.0,2.107087722667892,0.06361557216492922,4.533333333333333,2.405924204903745,0.37405851858139444
CSO-11-6B-RJGIHE,13.0,24.4375,22.375,2.3125,0.0,0.0625,0.0,0.0,13.125,1.0,1.8186713440652504,0.06974898933749689,4.1875,2.3606070282057123,0.1511547903898265
CSO-11-6B-SFLVA,13.0,31.0,55.8,7.0,0.0,0.0,0.0,0.0,26.2,1.0,3.6074378939562477,0.10550549191261094,4.0,2.318136752136752,0.4818747197721557
CSO-11-6B-VCOMA,13.0,30.77777777777778,37.55555555555556,6.666666666666667,0.0,0.0,0.0,0.0,18.77777777777778,1.0,2.422849394113762,0.06741534602927436,5.0,2.3292663182195197,0.3369382002616287
CSO-12-6A-DGISE,13.0,23.714285714285715,27.714285714285715,2.4285714285714284,0.0,0.0,0.0,0.0,17.142857142857142,1.0,2.344287306896003,0.09492983207268922,6.142857142857143,3.0735478720993976,0.3966839018587613
CSO-12-6A-FJOVRE,13.0,31.153846153846153,37.15384615384615,2.1538461538461537,0.0,0.0,0.0,0.0,22.923076923076923,1.0,2.4129864484114303,0.07775440762305252,5.538461538461538,2.6061246565700005,0.4060085659375317
CSO-12-6B-GQULO,13.0,34.888888888888886,45.333333333333336,5.333333333333333,0.0,0.7777777777777778,0.0,0.0,19.666666666666668,1.0,2.6012224110779325,0.06678413893700688,4.222222222222222,2.5101627921276144,0.4676516628271014
CSO-12-6B-LJHEFE,13.0,57.0,67.0,7.0,0.0,0.0,0.0,0.0,35.333333333333336,1.0,2.3501353959611673,0.03758796154440438,7.333333333333333,3.0251758251758254,0.3486085984519785
CSO-12-6B-VPAMA,13.0,22.25,30.75,9.75,0.0,0.0,0.0,0.0,11.5,1.0,2.7655750047054397,0.08912102390363259,4.0,2.129390054390054,0.4806783494283494
CSO-12-7A-DALRE,13.0,30.058823529411764,43.529411764705884,6.705882352941177,0.0,0.0,0.0,0.0,24.235294117647058,1.0,2.8796034251253055,0.08827266813708352,5.764705882352941,2.5774196705021177,0.32841615221849785
CSO-12-7A-ESALA,13.0,18.533333333333335,18.866666666666667,2.6666666666666665,0.0,0.0,0.0,0.0,8.0,1.0,2.0779501506355724,0.10384499379115074,3.2666666666666666,1.9324867724867725,0.27391053391053394
CSO-12-7A-IMERO,13.0,22.558139534883722,26.186046511627907,3.4651162790697674,0.0,0.0,0.0,0.0,13.674418604651162,1.0,2.3591744592064585,0.09880522783598855,4.186046511627907,2.3458596247313936,0.44501103700508676
CSO-12-7A-JHEZA,13.0,23.875,20.6875,1.75,0.0,0.0,0.0,0.0,9.5625,1.0,1.73340349212257,0.06987416194500153,3.875,2.166979405398523,0.24652271356775032
CSO-12-7A-LSARAR,13.0,24.88888888888889,40.888888888888886,5.444444444444445,0.0,0.0,0.0,0.0,22.0,1.0,3.2832219632219632,0.11903719468936862,5.0,2.581769641320725,0.48671882737116523
CSO-12-7A-SCAHO,13.0,31.045454545454547,34.86363636363637,4.863636363636363,0.0,0.0,0.0,0.0,14.590909090909092,1.0,2.194469324416138,0.06406283568433725,5.2272727272727275,2.4855420089481934,0.3869479260820153
CSO-12-7B-DVAGRO,13.0,21.066666666666666,26.333333333333332,5.2,0.0,1.3333333333333333,0.0,0.0,12.466666666666667,1.0,2.517159572832207,0.09746589017688762,5.466666666666667,2.5312716912716913,0.3500617502893413
CSO-12-7B-SMUGU,13.0,22.1,31.5,4.9,0.0,0.6,0.0,0.0,19.2,1.0,2.8489365706757015,0.11150950498776586,4.2,2.4865842748582687,0.22939560525126712
CSO-12-7B-SSARA,13.0,26.4375,32.375,4.9375,0.0,2.25,0.0,0.0,15.3125,1.0,2.4231087999050893,0.08116601813428033,4.9375,2.4806514767911825,0.37057709542636014
CSO-12-7B-VHOMA,13.0,29.9,36.65,6.15,0.0,0.0,0.0,0.0,18.5,1.0,2.4294141572646857,0.07023400759436714,3.85,2.1979847638638863,0.3139121534401403
CSO-12-8A-YTOME,13.0,30.25,46.75,9.25,0.0,1.0,0.0,0.0,23.0,1.0,3.101347819593787,0.08332931256318353,7.75,3.367377188029362,0.354331553108727
CSO-13-6A-ANASA,13.0,35.85294117647059,43.3235294117647,5.823529411764706,0.0,0.0,0.0,0.0,19.941176470588236,1.0,2.3444374543399014,0.05826440359570834,5.294117647058823,2.576432890474878,0.3592466190988517
CSO-13-6B-JETAVE,13.0,22.137931034482758,31.896551724137932,4.0344827586206895,0.0,0.0,0.0,0.0,18.06896551724138,1.0,2.8662085186212667,0.12014570518572175,4.655172413793103,2.517529241542312,0.5104458705295021
CSO-13-6B-LFMIES,13.0,27.125,38.75,6.125,0.0,0.0,0.0,0.0,17.875,1.0,2.853955535205535,0.09222110861541147,3.75,2.196450992677773,0.5651664727219423
CSO-13-6B-LJMAHU,13.0,19.62962962962963,28.59259259259259,4.111111111111111,0.0,0.0,0.0,0.0,14.62962962962963,1.0,2.9591441334512782,0.13779333834336002,4.37037037037037,2.3259501134114138,0.5078823741737563
CSO-13-7A-CAPAMU,13.0,27.555555555555557,30.833333333333332,2.1666666666666665,0.0,0.0,0.0,0.0,15.88888888888889,1.0,2.2316299684067884,0.07837037522459596,5.388888888888889,2.818396477767972,0.3051833655283349
CSO-13-7A-CDDITR,13.0,19.88888888888889,21.88888888888889,4.222222222222222,0.0,0.0,0.0,0.0,12.555555555555555,1.0,2.214914142158724,0.09481050076688789,4.0,2.277187028657617,0.1418165908338644
CSO-13-7A-JJATFL,13.0,34.714285714285715,42.142857142857146,3.142857142857143,0.0,0.0,0.0,0.0,24.142857142857142,1.0,2.429961730802067,0.06685888524123818,5.285714285714286,2.6425890494671145,0.41275004306183444
CSO-13-7A-KRAMA,13.0,30.8,52.8,13.8,0.0,0.0,0.0,0.0,21.8,1.0,3.3988744588744586,0.0845136065572171,5.0,2.433484679571636,0.41719570682542495
CSO-13-7A-RXCHLU,13.0,26.666666666666668,38.666666666666664,6.0,2.0,1.0,1.0,0.0,22.666666666666668,2.0,2.903985890652557,0.09004205670872338,4.666666666666667,2.4810182571052137,0.4392547626631478
CSO-13-7A-YAMEZA,13.0,39.583333333333336,56.833333333333336,12.0,0.0,0.0,0.0,0.0,22.166666666666668,1.0,2.8678295778621927,0.05887416534092093,4.583333333333333,2.3571152449583823,0.5166740789392271
CSO-13-7A-YBOSO,13.0,18.375,25.25,5.875,0.0,0.0,0.0,0.0,12.125,1.0,2.7604759447638707,0.12297640547447049,3.25,1.9829240204240204,0.38603785103785104
CSO-13-8A-MBUAN,13.0,27.791666666666668,38.583333333333336,4.75,0.16666666666666666,0.16666666666666666,0.16666666666666666,0.0,17.625,1.1666666666666667,2.7946708195654693,0.09217873800866579,4.291666666666667,2.3198691829862264,0.4202800252749106
CSO-13-8A-MGAAN,13.0,24.5,25.61111111111111,1.2777777777777777,0.0,0.3888888888888889,0.0,0.0,13.11111111111111,1.0,2.0776383533421683,0.08364613792066732,4.777777777777778,2.3317676151009485,0.3448492826617826
CSO-13-8A-MGAHE,13.0,29.764705882352942,41.588235294117645,4.647058823529412,0.0,0.17647058823529413,0.0,0.0,24.941176470588236,1.0,2.7769958363506366,0.08607343386003057,5.235294117647059,2.5728746164453855,0.35691773711646685
CSO-13-8A-MJAGA,13.0,33.333333333333336,38.0,2.8333333333333335,0.0,0.6666666666666666,0.0,0.0,19.333333333333332,1.0,2.2752308578933964,0.06452148887160096,5.833333333333333,2.91542828304842,0.2926762297157034
CSO-13-8A-VHODU,13.0,37.5,54.0,8.0,0.0,1.0,0.0,0.0,29.5,1.0,2.8805120910384066,0.06578947368421054,4.0,2.3120689655172413,0.35445265462506836
CSO-13-8B-FCJISA,13.0,16.153846153846153,13.76923076923077,0.6153846153846154,0.0,0.0,0.0,0.0,9.307692307692308,1.0,1.6883833830428259,0.10692298823401467,4.6923076923076925,2.594860694860695,0.15411212718905026
CSO-13-8B-JEMABE,13.0,40.75,61.25,11.75,0.0,0.0,0.0,0.0,26.5,1.0,3.004735102296078,0.06113166358673419,5.0,2.5243813593813593,0.5345332629993802
CSO-13-9B-DMLLLU,13.0,32.0,38.5,6.5,0.0,0.0,0.0,0.0,19.0,1.0,2.40625,0.06451612903225806,4.0,2.3216374269005846,0.4464912280701754
CSO-14-7A-MVEBE,13.0,26.0,32.0,3.0,0.0,0.0,0.0,0.0,18.0,1.0,2.4615384615384617,0.08923076923076922,5.0,2.320261437908497,0.3764309764309764
CSO-14-7B-EALHU,13.0,21.142857142857142,26.857142857142858,2.4285714285714284,0.0,0.14285714285714285,0.0,0.0,15.142857142857142,1.0,2.5452612085677484,0.11530948486460668,4.428571428571429,2.348505905858847,0.3950768589913722
CSO-14-7B-EVEGO,13.0,30.0,31.25,2.2045454545454546,0.0,0.0,0.0,0.0,16.386363636363637,1.0,2.0768756409093263,0.06741843424190871,5.818181818181818,2.8907058259123035,0.2760565958441176
CSO-14-8A-AQUMA,13.0,30.0,33.666666666666664,3.0,0.0,0.0,0.0,0.0,22.22222222222222,1.0,2.2568768163132273,0.07156015644601364,6.444444444444445,2.8107285267773445,0.3527659920080646
CSO-14-8A-MCIDOS,13.0,26.125,22.875,1.125,0.0,0.0,0.0,0.0,11.375,1.0,1.7381728778467909,0.06558849966458662,4.75,2.301566014394962,0.19049747766853029
CSO-14-8A-SZARA,13.0,24.5625,27.5,1.25,0.0,0.0,0.0,0.0,14.25,1.0,2.2434634772318724,0.09231883238476982,5.125,2.433352778461474,0.3270236255889077
CSO-14-8B-JLLORA,13.0,33.333333333333336,42.166666666666664,3.3333333333333335,0.0,0.0,0.0,0.0,24.0,1.0,2.532036046741929,0.07231759910512446,5.666666666666667,2.60725975877387,0.4178824500710466
CSO-14-9A-AEDCAGO,13.0,27.75,31.0,0.6875,0.0,0.0,0.0,0.0,18.625,1.0,2.230170987264255,0.0820844623527254,4.75,2.4306619039276107,0.49629553448320357
CSO-14-9A-HASACA,13.0,29.0,36.6,7.0,0.0,0.2,0.0,0.0,15.4,1.0,2.5318236135388528,0.07308883768561188,4.2,2.414117665959771,0.47260025062656635
CSO-14-9A-JSMAAL,13.0,36.083333333333336,51.0,8.0,0.0,0.9166666666666666,0.0,0.0,28.083333333333332,1.0,2.830496719970404,0.06682400676208726,5.25,2.680516209318913,0.3333268414821969
CSO-14-9A-MARJA,13.0,21.61111111111111,27.944444444444443,4.277777777777778,0.0,0.4444444444444444,0.0,0.0,15.222222222222221,1.0,2.6146919820713963,0.10637908543133562,5.055555555555555,2.582251143822351,0.34748040040932193
CSO-14-9A-SORZU,13.0,33.0,36.22222222222222,4.555555555555555,0.0,0.0,0.0,0.0,20.333333333333332,1.0,2.193419128649995,0.06004221299920224,5.888888888888889,2.728563723758232,0.3268949437772537
CSO-14-9B-ERAGA,13.0,29.285714285714285,36.0,3.5714285714285716,0.0,0.0,0.0,0.0,24.428571428571427,1.0,2.4592775041050907,0.0783850705032971,5.428571428571429,2.8938520899390463,0.3697648102989718
CSO-15-10A-LJRAGU,13.0,46.22222222222222,85.55555555555556,15.88888888888889,0.2222222222222222,0.5555555555555556,0.2222222222222222,0.0,38.77777777777778,1.2222222222222223,3.736834522892726,0.06726934484288094,5.666666666666667,2.8323866301429117,0.3758642752288932
CSO-15-10A-MAARLO,13.0,33.333333333333336,42.666666666666664,4.333333333333333,0.0,1.0,0.0,0.0,28.0,1.0,2.5659709044908285,0.06967369548014708,6.333333333333333,2.921790427537554,0.11819471148973065
CSO-15-10A-SFEGA,13.0,37.25,49.25,8.25,0.0,0.0,0.0,0.0,27.25,1.0,2.6319327731092437,0.06075566590272473,6.0,2.8742241379310345,0.36319903476153476
CSO-15-10B-MEBUAR,13.0,32.666666666666664,40.333333333333336,5.833333333333333,0.0,0.5,0.0,0.0,27.333333333333332,1.0,2.469381313131313,0.06573802541544477,6.0,3.0315446321897936,0.16498893172374143
CSO-15-10B-YVBUAN,13.0,24.285714285714285,31.571428571428573,3.857142857142857,0.0,0.0,0.0,0.0,17.714285714285715,1.0,2.608585762064023,0.09886808843330583,4.142857142857143,2.4636652906776746,0.3975211722115747
CSO-15-10C-ALBAHO,13.0,32.7,38.0,4.5,0.0,0.0,0.0,0.0,23.2,1.0,2.3312990930184054,0.06507849312239812,5.1,2.71480168174905,0.20557914820721837
CSO-15-10C-SSCAMO,13.0,18.3,19.7,2.35,0.0,0.0,0.0,0.0,9.9,1.0,2.149465268563566,0.11003329401936213,3.6,2.008793983793984,0.36052439623868193
CSO-15-11C-JETALO,13.0,25.275862068965516,30.448275862068964,4.551724137931035,0.0,0.2413793103448276,0.0,0.0,16.275862068965516,1.0,2.3928572810074695,0.08386542576197749,4.379310344827586,2.340946091777317,0.37852935453391556
CSO-15-7B-JCRAGA,13.0,27.5,34.5,5.0,0.0,0.0,0.0,0.0,21.5,1.0,2.506631299734748,0.08094732853353542,5.5,2.549281045751634,0.2894654727988062
CSO-15-8A-VBMABR,13.0,32.36363636363637,45.18181818181818,4.909090909090909,0.0,0.0,0.0,0.0,26.363636363636363,1.0,2.836103819083951,0.08338548869156023,6.454545454545454,2.9571196960277493,0.4416583527156923
CSO-15-8B-KEPOGO,13.0,34.625,42.875,5.625,0.0,0.0,0.0,0.0,21.75,1.0,2.480875155139861,0.06430053286670934,5.75,3.1491677253905515,0.4540866251803752
CSO-15-9B-ALRIHE,13.0,34.333333333333336,39.166666666666664,4.166666666666667,0.0,0.3333333333333333,0.0,0.0,20.0,1.0,2.2815974874798406,0.0606076521517698,4.166666666666667,2.2547399767988003,0.533671781196291
CSO-15-9B-AMSAGO,13.0,30.714285714285715,35.42857142857143,3.857142857142857,0.0,0.0,0.0,0.0,18.714285714285715,1.0,2.2686150735597885,0.06911752434941747,5.428571428571429,2.5550875204487498,0.4025895282573387
CSO-15-9B-JCAPA,13.0,29.583333333333332,35.833333333333336,3.5833333333333335,0.0,0.75,0.0,0.0,17.833333333333332,1.0,2.426053776736248,0.07498691711891563,4.083333333333333,2.5166065576935144,0.4386538323650125
CSO-15-9B-KSBEJA,13.0,29.1,43.5,7.6,0.0,0.0,0.0,0.0,24.1,1.0,2.945463637493998,0.08786009127370373,6.7,2.9557024796491036,0.37405867836924117
CSO-15-9B-RMCHLU,13.0,26.4,36.06666666666667,4.733333333333333,0.0,0.4,0.0,0.0,19.733333333333334,1.0,2.7762017279160225,0.09714112600524967,4.4,2.551094785000425,0.4097401107230755
CSO-15-9B-SJAGRO,13.0,34.25,31.0,0.0,0.0,0.0,0.0,0.0,12.5,1.0,1.808954833723547,0.05557034416369992,4.5,2.312354312354312,0.23965201465201463
CSO-16-10A-JEGAHE,13.0,38.285714285714285,43.57142857142857,4.285714285714286,0.0,0.07142857142857142,0.0,0.0,25.928571428571427,1.0,2.28438562493518,0.05537940432898416,6.571428571428571,2.9872737995054353,0.2227783771976786
CSO-16-10A-MSACO,13.0,33.75,39.0,3.0,0.6666666666666666,0.4166666666666667,0.3333333333333333,0.0,17.916666666666668,1.3333333333333333,2.3368638276125817,0.06573733571733324,4.916666666666667,2.4499563941772404,0.44329954835223323
CSO-16-10A-SARI,13.0,35.142857142857146,43.857142857142854,5.714285714285714,0.0,0.0,0.0,0.0,23.857142857142858,1.0,2.4938552385444597,0.06406958570890234,6.285714285714286,3.1272237907020517,0.4025998225377107
CSO-16-10A-SMOUT,13.0,44.92307692307692,62.69230769230769,6.076923076923077,0.0,0.0,0.0,0.0,35.46153846153846,1.0,2.7882331826632205,0.05731917062750595,6.769230769230769,2.914363903992375,0.35967220078399453
CSO-16-10A-YKMUJO,13.0,25.727272727272727,38.18181818181818,4.454545454545454,0.0,0.0,0.0,0.0,23.181818181818183,1.0,2.9749506192448947,0.10724055858029927,5.090909090909091,2.7838820253107603,0.4650234995181748
CSO-16-10B-JESUGU,13.0,22.875,24.0,1.5,0.0,0.0,0.0,0.0,12.375,1.0,2.1055902430902433,0.09066038842926714,3.625,2.1270299145299147,0.5756451138147567
CSO-16-10B-LTVIFA,13.0,26.5,25.0,0.8,0.0,0.0,0.0,0.0,11.9,1.0,1.8987323481116583,0.0729634291523347,3.8,2.0843557422969186,0.4831536725801432
CSO-16-10B-VVILI,13.0,34.333333333333336,41.333333333333336,3.8,0.0,0.0,0.0,0.0,25.066666666666666,1.0,2.4130053736787485,0.06600253933345913,5.866666666666666,2.7930930002864036,0.27576062601959456
CSO-16-10C-ACALGU,13.0,31.272727272727273,34.81818181818182,2.590909090909091,0.0,0.0,0.0,0.0,21.09090909090909,1.0,2.2251956828383546,0.06869033881260032,6.318181818181818,3.0178460140973145,0.2852237878769184
CSO-16-10C-MAVAVE,13.0,22.6875,23.25,1.59375,0.0,0.40625,0.0,0.0,11.34375,1.0,2.0489935039534584,0.08774068902274246,3.84375,2.195273563242313,0.3013400674226567
CSO-16-11A-JAVABO,13.0,31.444444444444443,35.72222222222222,7.777777777777778,0.0,0.0,0.0,0.0,16.555555555555557,1.0,2.2623699163237467,0.058592218851402506,4.555555555555555,2.6543043051814985,0.2831880024737168
CSO-16-11A-JDMUVA,13.0,27.642857142857142,24.428571428571427,1.0,0.0,0.0,0.0,0.0,13.571428571428571,1.0,1.76611448759232,0.0639494796391348,5.214285714285714,2.5909631101857995,0.35425953439984054
CSO-16-11A-VZAOR,13.0,31.88888888888889,32.55555555555556,0.7777777777777778,0.0,0.0,0.0,0.0,17.22222222222222,1.0,2.028472577800535,0.06423260641682345,5.0,2.5907952938396694,0.34879091455827416
CSO-16-11B-KRORE,13.0,29.818181818181817,42.90909090909091,5.363636363636363,0.0,0.18181818181818182,0.0,0.0,22.181818181818183,1.0,2.8887913305715616,0.08833743942065428,5.0,2.398400041936062,0.4376071200368514
CSO-16-11B-LLOZA,13.0,35.6875,48.0625,7.1875,0.0,0.0,0.0,0.0,24.5,1.0,2.68846139782781,0.06736319196285251,5.75,2.835001892426152,0.3221662294419863
CSO-16-11B-YAROMO,13.0,27.058823529411764,28.647058823529413,2.4705882352941178,0.0,0.4117647058823529,0.0,0.0,14.0,1.0,2.138691742085645,0.07494906743764526,2.6470588235294117,1.9376813497920764,0.5732953527633459
CSO-16-9A-JALEMO,13.0,39.2,40.6,4.6,0.0,0.0,0.0,0.0,21.6,1.0,2.0662640340689125,0.04814898317050397,7.0,3.022218303435695,0.21879386791474703
CSO-16-9A-JPROSO,13.0,30.3,34.4,1.7,0.0,0.0,0.0,0.0,20.8,1.0,2.2707310530643645,0.07390811627962383,5.3,2.742102082008866,0.395191129144579
CSO-16-9A-JSMAGU,13.0,31.5,33.25,2.125,0.0,0.875,0.0,0.0,19.875,1.0,2.1233607813891053,0.06371429272487637,5.25,2.6985604050232532,0.3058565299760618
CSO-16-9B-SJPAJI,13.0,44.6,68.8,13.6,0.0,1.4,0.0,0.0,35.0,1.0,3.09380166931093,0.055994939524262856,6.0,2.6517647058823526,0.28799483746067595
CSO-17-10A-YVGOCA,13.0,42.0,59.5,9.0,0.0,2.0,0.0,0.0,33.5,1.0,2.8332387975042543,0.05750749534073414,6.0,2.641788340064202,0.3601446901446901
CSO-17-10B-EHECO,13.0,29.076923076923077,31.307692307692307,3.076923076923077,0.0,0.23076923076923078,0.0,0.0,18.615384615384617,1.0,2.172056570232019,0.07048330712637206,5.846153846153846,2.933464978434019,0.16622419885633063
CSO-17-10B-YCQUVE,13.0,25.26086956521739,36.78260869565217,9.608695652173912,0.0,0.21739130434782608,0.0,0.0,21.17391304347826,1.0,2.912861739709566,0.08774793093141846,4.956521739130435,2.605942535441272,0.23413795016987143
CSO-17-11A-DJAPA,13.0,37.15384615384615,53.84615384615385,10.692307692307692,0.0,0.23076923076923078,0.0,0.0,26.53846153846154,1.0,2.9243320166513262,0.06587328001803062,4.846153846153846,2.5395181045009645,0.31106171498919044
CSO-17-11A-JDAMO,13.0,27.8,40.3,5.1,0.0,0.0,0.0,0.0,23.0,1.0,2.8709880186359316,0.09616006498966151,5.1,2.6180744297854273,0.4677701485974709
CSO-17-11A-NPAHE,13.0,35.88235294117647,51.1764705882353,5.411764705882353,0.0,0.0,0.0,0.0,26.41176470588235,1.0,2.849581990066419,0.07326361490605175,5.235294117647059,2.7094046275195782,0.4746688986221404
CSO-17-11A-RLPAIG,13.0,25.25,32.25,5.35,0.0,0.0,0.0,0.0,12.5,1.0,2.61089104704982,0.09397424325474013,4.15,2.171441613941614,0.480686460860568
CSO-17-11A-SPUVA,13.0,30.75,37.0,9.75,0.0,0.0,0.0,0.0,17.75,1.0,2.407728494623656,0.05955923248053393,4.0,2.488699690402477,0.19713352007469653
CSO-17-11B-CDBEBU,13.0,26.6,28.2,4.3,0.0,0.0,0.0,0.0,12.3,1.0,2.137191014481337,0.07181413533258578,3.9,2.1067940246887615,0.42818518518518517
CSO-17-11C-JDAAG,13.0,28.789473684210527,26.68421052631579,0.3157894736842105,0.0,0.0,0.0,0.0,12.526315789473685,1.0,1.853627604087179,0.0662881082754041,4.157894736842105,2.3054524422945475,0.44806514444202417
CSO-17-11C-MAPAMA,13.0,34.888888888888886,37.22222222222222,3.888888888888889,0.0,0.0,0.0,0.0,17.11111111111111,1.0,2.133516408389074,0.05618769990503404,5.444444444444445,2.7039909302910154,0.27150434062269807
CSO-17-11C-MCAAG,13.0,25.925925925925927,26.25925925925926,1.962962962962963,0.0,0.2962962962962963,0.0,0.0,15.185185185185185,1.0,2.0154425200089547,0.07506264125629213,5.037037037037037,2.621903205131545,0.18931621972393453
CSO-17-11C-SARJA,13.0,24.333333333333332,28.666666666666668,3.8333333333333335,0.0,0.0,0.0,0.0,12.25,1.0,2.345822064409021,0.08687925600969078,4.5,2.2758515585721466,0.4752902069918877
CSO-18-11A-ADBAHO,13.0,30.428571428571427,33.0,2.5714285714285716,0.0,0.2857142857142857,0.0,0.0,15.428571428571429,1.0,2.1596653425638244,0.06710261000424675,5.285714285714286,2.6074020357744376,0.4074867001558731
CSO-18-11B-YLLRE,13.0,39.8235294117647,50.294117647058826,4.176470588235294,0.0,0.0,0.0,0.0,30.41176470588235,1.0,2.5365178482188617,0.06088850394880221,6.882352941176471,3.0324131490515955,0.3811686307659359
CSO-18-9B-MAMOLO,13.0,27.43243243243243,32.486486486486484,2.2162162162162162,0.35135135135135137,0.7297297297297297,0.35135135135135137,0.0,14.972972972972974,1.3513513513513513,2.3682844932977933,0.08127298221231094,4.45945945945946,2.3131952389692327,0.5065224565459527
CSO-8-3A-AIPRBR,13.0,33.75,42.0,5.0,0.0,0.0,0.0,0.0,26.625,1.0,2.489902172990408,0.06703313717960302,5.5,2.8300935399211262,0.28900851556003443
CSO-8-3A-DAPAVA,13.0,27.681818181818183,43.09090909090909,8.181818181818182,0.0,0.6818181818181818,0.0,0.0,22.772727272727273,1.0,3.110650922269629,0.09338654503690753,4.318181818181818,2.3802842513817932,0.4024910752978084
CSO-8-3A-KVPECO,13.0,15.636363636363637,26.181818181818183,8.818181818181818,0.0,0.0,0.0,0.0,9.909090909090908,1.0,3.5904373815263573,0.16858682280585388,3.727272727272727,1.9893939393939393,0.44959158686431416
CSO-8-4A-ARAGR,13.0,23.2,27.4,3.933333333333333,0.0,0.0,0.0,0.0,15.8,1.0,2.348933576353866,0.09140802929756132,4.933333333333334,2.56521558592766,0.27792247505471745
CSO-8-4A-JRAAR,13.0,24.0,26.76923076923077,3.0,0.0,0.0,0.0,0.0,14.0,1.0,2.2448190939495287,0.08792553167135107,3.923076923076923,2.1221052451821683,0.40633202267817653
CSO-9-2A-EXMOCO,13.0,21.0,32.76470588235294,7.294117647058823,0.0,0.7647058823529411,0.0,0.0,13.823529411764707,1.0,3.0799929182172225,0.12436803774038999,4.117647058823529,2.1666645855409286,0.47018759403263594
CSO-9-4A-DKVIMO,13.0,19.347826086956523,25.130434782608695,1.3043478260869565,0.0,0.043478260869565216,0.0,0.0,16.652173913043477,1.0,2.5855275702030487,0.13593476743239424,5.260869565217392,2.6050874080383877,0.45321886761019314
CSO-9-4A-DSMOMU,13.0,15.258064516129032,13.96774193548387,0.6451612903225806,0.0,0.0,0.0,0.0,8.516129032258064,1.0,1.8431433869015015,0.12581397873518116,3.3225806451612905,1.935565509759058,0.3457196417680289
CSO-9-4A-DVGATO,13.0,29.142857142857142,32.57142857142857,2.857142857142857,0.0,0.0,0.0,0.0,20.714285714285715,1.0,2.2368624077983683,0.07273037125253874,5.428571428571429,2.8501611170784105,0.2805462791177077
CSO-9-4A-EGCAMO,13.0,25.615384615384617,35.84615384615385,4.615384615384615,0.0,0.0,0.0,0.0,22.076923076923077,1.0,2.76738140531244,0.09871405361787701,5.3076923076923075,2.546386990843539,0.348653722064371
CSO-9-4A-FAGIGA,13.0,26.0,28.7,2.6,0.0,1.1,0.0,0.0,16.5,1.0,2.206325784937479,0.07706517537102245,4.5,2.4218541451668387,0.26192566613744556
CSO-9-4A-GSBRCO,13.0,24.466666666666665,39.0,6.133333333333334,0.0,0.0,0.0,0.0,22.2,1.0,3.1836137936137936,0.1153332957970639,6.6,2.998815893488662,0.3477630225154035
CSO-9-4A-KEMOCO,13.0,28.916666666666668,42.666666666666664,6.666666666666667,0.0,1.5,0.0,0.0,24.083333333333332,1.0,2.943568434811514,0.08924458087168596,5.833333333333333,2.8693636674501466,0.4591843662800788
CSO-9-4A-LCOMO,13.0,25.75,32.375,5.25,0.0,3.0,0.0,0.0,20.375,1.0,2.5100098300483995,0.08027511262697097,6.0,2.9662560165277556,0.17013189356939357
CSO-9-4A-MLORO,13.0,25.416666666666668,27.833333333333332,2.5833333333333335,0.0,0.0,0.0,0.0,13.166666666666666,1.0,2.191320909549295,0.08201143864187342,4.166666666666667,2.267535841065253,0.344212074312156
CSO-9-4A-MPAME,13.0,26.285714285714285,25.0,3.4285714285714284,0.0,0.0,0.0,0.0,10.285714285714286,1.0,1.9035118320832607,0.06504157218442932,3.7142857142857144,2.1706305599162743,0.4020757020757021
CSO-9-4A-NSARPA,13.0,32.833333333333336,50.166666666666664,11.25,0.0,0.3333333333333333,0.0,0.0,25.166666666666668,1.0,3.0711997293893845,0.07438004166276091,5.416666666666667,2.6106170979480376,0.40964878067661076
CSO-9-4A-SLOCA,13.0,39.833333333333336,62.833333333333336,10.833333333333334,0.0,0.0,0.0,0.0,29.666666666666668,1.0,3.153846467325286,0.06724000093704843,6.0,2.7906518040595123,0.48854296228077554
CSO-9-4A-YVDITR,13.0,17.583333333333332,25.916666666666668,4.916666666666667,0.0,0.0,0.0,0.0,16.75,1.0,2.954029784428391,0.14496975690861139,5.25,2.581741629400298,0.23946371750454568
