file,wc,nodes,edges,re,pe,l1,l2,l3,lcc,lsc,atd,density,diameter,asp,cc
CDMS-10-4A-JURAN,3.0,8.55,6.3,0.25,0.0,0.0,0.0,0.0,4.85,1.0,1.4389613164613164,0.25173631923631923,2.95,1.7271428571428573,0.0
CDMS-10-5A-HEPIHO,3.0,9.951219512195122,7.146341463414634,0.34146341463414637,0.0,0.0,0.0,0.0,4.951219512195122,1.0,1.4124108098434158,0.16960213471577967,3.1463414634146343,1.789353464963221,0.0
CDMS-10-5A-KSRAGU,3.0,10.823529411764707,7.647058823529412,0.47058823529411764,0.0,0.0,0.0,0.0,4.9411764705882355,1.0,1.3991035108682168,0.14396061454884984,3.0588235294117645,1.7670868347338935,0.0
CDMS-10-5A-SROPU,3.0,10.333333333333334,7.666666666666667,0.2,0.0,0.0,0.0,0.0,6.0,1.0,1.4231978261390026,0.17017731723614077,3.7333333333333334,1.9911976911976912,0.0
CDMS-10-5A-SZURO,3.0,9.615384615384615,7.769230769230769,0.38461538461538464,0.0,0.0,0.0,0.0,5.923076923076923,1.0,1.5945735888043582,0.23369643177335483,3.230769230769231,1.8689833670602902,0.0
CDMS-10-5B-SRAJA,3.0,12.692307692307692,10.076923076923077,0.7692307692307693,0.0,0.0,0.0,0.0,6.153846153846154,1.0,1.6113354217426614,0.16166215634541425,3.5384615384615383,1.9838217338217337,0.04487179487179487
CDMS-10-5C-DAAUSA,3.0,10.961538461538462,9.0,0.5769230769230769,0.0,0.0,0.0,0.0,6.884615384615385,1.0,1.6063447864352842,0.15860176148637686,3.730769230769231,2.0689658631966323,0.0
CDMS-10-5C-ICAPA,3.0,6.647058823529412,4.9411764705882355,0.0,0.0,0.0,0.0,0.0,4.705882352941177,1.0,1.4086325439266616,0.3557932263814617,2.764705882352941,1.6663780663780665,0.0
CDMS-10-5C-JFALGI,3.0,7.294117647058823,4.764705882352941,0.058823529411764705,0.0,0.0,0.0,0.0,3.9411764705882355,1.0,1.2760376878023938,0.23035820388761566,2.411764705882353,1.5407563025210085,0.0
CDMS-10-5C-MAORTO,3.0,9.642857142857142,7.964285714285714,0.7857142857142857,0.0,0.0,0.0,0.0,5.678571428571429,1.0,1.62465490858348,0.18445407883433093,3.3214285714285716,1.8668728097299527,0.0
CDMS-10-5C-NBEMO,3.0,12.857142857142858,9.80952380952381,0.23809523809523808,0.0,0.0,0.0,0.0,6.761904761904762,1.0,1.5288700114988982,0.15749162881011042,3.9523809523809526,2.0865800865800868,0.0
CDMS-10-6B-ASCACO,3.0,9.391304347826088,7.826086956521739,0.5652173913043478,0.0,0.0,0.0,0.0,6.782608695652174,1.0,1.6449432210301775,0.19775393688437165,4.086956521739131,2.1420490137881445,0.0
CDMS-10-6B-JJMOBE,3.0,9.041666666666666,6.708333333333333,0.125,0.0,0.0,0.0,0.0,4.791666666666667,1.0,1.4977004477004476,0.19449231324231323,3.2083333333333335,1.7751984126984128,0.0
CDMS-11-4A-GACHSA,3.0,8.217391304347826,6.695652173913044,0.5217391304347826,0.0,0.0,0.0,0.0,5.326086956521739,1.0,1.5522704242333396,0.2726573050422155,3.369565217391304,1.848688750862664,0.0
CDMS-11-5A-EAARCA,3.0,8.777777777777779,7.722222222222222,0.8888888888888888,0.0,0.0,0.0,0.0,6.5,1.0,1.674001924001924,0.21892490225823558,3.6666666666666665,2.0338624338624336,0.0
CDMS-11-5A-MGTHAR,3.0,10.35,10.0,1.45,0.0,0.0,0.0,0.0,7.85,1.0,1.899532967032967,0.21691447441447442,4.45,2.2899242424242425,0.0
CDMS-11-6A-DFVEBE,3.0,11.571428571428571,10.047619047619047,0.9523809523809523,0.0,0.0,0.0,0.0,7.476190476190476,1.0,1.6889801452826663,0.15586890544873738,3.3333333333333335,2.0384764006612746,0.0
CDMS-11-6A-NMREPR,3.0,8.9,8.066666666666666,0.9,0.0,0.0,0.0,0.0,6.6,1.0,1.779117364117364,0.2136178636178636,3.433333333333333,1.982910052910053,0.0
CDMS-11-6B-ARAHE,3.0,9.44,6.4,0.12,0.0,0.0,0.0,0.0,4.28,1.0,1.2862453102453102,0.20552952929423518,2.56,1.5733919413919415,0.0
CDMS-11-6B-AVROTO,3.0,7.0,5.388888888888889,0.5,0.0,0.0,0.0,0.0,4.611111111111111,1.0,1.5123456790123457,0.24475308641975305,3.2777777777777777,1.8071428571428574,0.0
CDMS-11-6B-EAFESA,3.0,13.212121212121213,11.606060606060606,1.4848484848484849,0.0,0.0,0.0,0.0,7.909090909090909,1.0,1.739757568634574,0.1321344581969406,4.151515151515151,2.2142061642061646,0.0
CDMS-11-6B-EFRGR,3.0,9.714285714285714,8.380952380952381,0.6666666666666666,0.0,0.0,0.0,0.0,6.571428571428571,1.0,1.5926920475792654,0.26029229055544845,3.5714285714285716,1.9531764220839851,0.0
CDMS-11-6B-EROCO,3.0,7.583333333333333,6.0,0.25,0.0,0.0,0.0,0.0,5.333333333333333,1.0,1.530725408850409,0.29225739538239537,3.2916666666666665,1.8821428571428571,0.0
CDMS-11-6B-JACUPE,3.0,9.964285714285714,8.964285714285714,1.2142857142857142,0.0,0.0,0.0,0.0,6.642857142857143,1.0,1.7215088366348872,0.1905227300710494,3.9285714285714284,2.065088284731142,0.0
CDMS-11-6B-JDCHBA,3.0,10.736842105263158,8.578947368421053,0.47368421052631576,0.0,0.0,0.0,0.0,6.315789473684211,1.0,1.5852223069328333,0.1750381928013507,3.526315789473684,1.9805323331639122,0.0
CDMS-11-6B-JFSAHE,3.0,7.466666666666667,5.033333333333333,0.2,0.0,0.0,0.0,0.0,3.9,1.0,1.3530795130795132,0.22998926998926997,2.6,1.5799999999999998,0.0
CDMS-11-6B-JLPENA,3.0,7.735294117647059,5.294117647058823,0.2647058823529412,0.0,0.0,0.0,0.0,3.9705882352941178,1.0,1.3597784568372804,0.22184025125201595,2.6470588235294117,1.588935574229692,0.0
CDMS-11-6B-JMARME,3.0,11.733333333333333,9.8,0.7333333333333333,0.0,0.0,0.0,0.0,7.133333333333334,1.0,1.6220411941000177,0.2216508998397543,4.033333333333333,2.1304882154882154,0.0
CDMS-11-6B-JPSAMA,3.0,12.208333333333334,8.916666666666666,0.20833333333333334,0.0,0.0,0.0,0.0,5.958333333333333,1.0,1.4564593902829197,0.13646116310589995,3.5833333333333335,1.9645562770562772,0.0
CDMS-11-6B-LESTA,3.0,9.631578947368421,7.315789473684211,0.47368421052631576,0.0,0.0,0.0,0.0,5.315789473684211,1.0,1.5143417985523249,0.19617750670382247,3.6842105263157894,1.9294880558038454,0.0
CDMS-11-6B-MAGIMU,3.0,10.666666666666666,8.38888888888889,0.5,0.0,0.0,0.0,0.0,5.944444444444445,1.0,1.6190932161520397,0.21001517545635193,3.888888888888889,2.027581369248036,0.0
CDMS-11-6B-MEBRTA,3.0,8.523809523809524,6.857142857142857,0.38095238095238093,0.0,0.0,0.0,0.0,5.476190476190476,1.0,1.4566131445830695,0.2696147628478456,2.9523809523809526,1.7179153712767157,0.011159130318794185
CDMS-11-6B-MMAMO,3.0,13.95,11.95,1.15,0.0,0.0,0.0,0.0,7.25,1.0,1.7116253680959563,0.12665666849490378,4.1,2.2197771672771673,0.0
CDMS-11-6B-RSECA,3.0,10.16,7.56,0.12,0.0,0.0,0.0,0.0,6.2,1.0,1.4732183372183372,0.17811322011322012,3.92,2.079038961038961,0.0
CDMS-11-6B-SCAPA,3.0,8.85,6.4,0.25,0.0,0.0,0.0,0.0,4.2,1.0,1.4190728715728715,0.18276362526362527,2.6,1.575952380952381,0.0
CDMS-11-6B-VZAPE,3.0,12.266666666666667,10.2,0.9333333333333333,0.0,0.0,0.0,0.0,7.133333333333334,1.0,1.65503848003848,0.13794779294779294,3.933333333333333,2.184930254930255,0.0
CDMS-11-6B-YLNIME,3.0,12.285714285714286,9.476190476190476,0.6666666666666666,0.0,0.0,0.0,0.0,6.333333333333333,1.0,1.5249544106686963,0.13305559986232254,3.761904761904762,2.0867724867724866,0.0
CDMS-11-7C-ICARE,3.0,9.285714285714286,7.809523809523809,0.9047619047619048,0.0,0.0,0.0,0.0,5.666666666666667,1.0,1.684136234136234,0.19646676075247502,3.238095238095238,1.8830412973270119,0.0
CDMS-11-7C-IMOIB,3.0,10.35135135135135,7.837837837837838,0.40540540540540543,0.0,0.0,0.0,0.0,5.351351351351352,1.0,1.5042705595337176,0.1651765661053587,3.3783783783783785,1.898069498069498,0.0
CDMS-11-7C-SALMA,3.0,11.636363636363637,10.227272727272727,0.9090909090909091,0.0,0.0,0.0,0.0,6.909090909090909,1.0,1.7214882710872017,0.1647468560147986,4.090909090909091,2.145536534172898,0.0
CDMS-11-7C-SPGAVE,3.0,9.085714285714285,6.714285714285714,0.42857142857142855,0.0,0.0,0.0,0.0,4.714285714285714,1.0,1.4123532106990753,0.22295223917072657,2.857142857142857,1.7000453514739229,0.0
CDMS-12-5A-SRIGO,3.0,11.666666666666666,9.75,1.0,0.0,0.0,0.0,0.0,6.416666666666667,1.0,1.682746852583809,0.16015689458784088,3.375,1.9609096921596922,0.0
CDMS-12-6A-FAROPA,3.0,10.578947368421053,8.789473684210526,0.8947368421052632,0.0,0.0,0.0,0.0,6.157894736842105,1.0,1.5743915441283862,0.2268053755669855,3.473684210526316,1.9277511961722487,0.0
CDMS-12-6A-JGIGA,3.0,9.73913043478261,7.130434782608695,0.34782608695652173,0.0,0.0,0.0,0.0,5.391304347826087,1.0,1.491136399832052,0.17096936879545574,3.347826086956522,1.90151828847481,0.0
CDMS-12-6A-JSOTGU,3.0,10.516129032258064,8.774193548387096,1.064516129032258,0.0,0.0,0.0,0.0,5.967741935483871,1.0,1.635326906911347,0.17623163258836883,3.3548387096774195,1.8766140669366476,0.0
CDMS-12-6A-SROAL,3.0,9.441176470588236,7.882352941176471,1.0588235294117647,0.0,0.0,0.0,0.0,5.588235294117647,1.0,1.6955869294104586,0.19765226603461897,3.411764705882353,1.9235463882522708,0.0
CDMS-12-6B-IJDAGA,3.0,9.481481481481481,7.703703703703703,0.8888888888888888,0.0,0.0,0.0,0.0,5.074074074074074,1.0,1.5099427321649543,0.2109484076804338,2.925925925925926,1.7490005878894768,0.0
CDMS-12-6B-SCLAG,3.0,10.714285714285714,9.714285714285714,1.7619047619047619,0.0,0.0,0.0,0.0,6.238095238095238,1.0,1.733977133977134,0.1684849541992399,3.6666666666666665,1.9803133374561945,0.0
CDMS-12-7C-ARAHE,3.0,9.6,7.266666666666667,0.4,0.0,0.0,0.0,0.0,4.866666666666666,1.0,1.4133720963132725,0.19420706744236155,3.2666666666666666,1.7942279942279942,0.0
CDMS-12-7C-CATRAR,3.0,11.6,9.0,0.6333333333333333,0.0,0.0,0.0,0.0,6.4,1.0,1.5529173114467232,0.15142178627472747,3.6,2.020055315055315,0.0
CDMS-12-7C-DLOLO,3.0,11.4375,10.875,2.0625,0.0,0.0,0.0,0.0,7.625,1.0,1.8696517481056956,0.15968938612127467,4.6875,2.3486242923742924,0.0
CDMS-12-7C-JSZAOR,3.0,6.7727272727272725,4.681818181818182,0.13636363636363635,0.0,0.0,0.0,0.0,4.2272727272727275,1.0,1.3560647685647687,0.3067182817182817,2.5454545454545454,1.5687950937950939,0.0
CDMS-12-7C-MAROBE,3.0,12.642857142857142,9.5,0.42857142857142855,0.0,0.0,0.0,0.0,6.642857142857143,1.0,1.4435712746637115,0.13621521483087162,3.357142857142857,1.980468341182627,0.0
CDMS-12-7C-VMAPA,3.0,9.583333333333334,7.75,0.5,0.0,0.0,0.0,0.0,6.333333333333333,1.0,1.5735930735930737,0.1892135642135642,3.5833333333333335,2.023015873015873,0.0
CDMS-12-7C-VQURA,3.0,7.84,5.9,0.58,0.0,0.0,0.0,0.0,4.38,1.0,1.507948384948385,0.22795637695637694,2.8,1.673,0.0
CDMS-13-6B-ASUMO,3.0,7.421052631578948,5.315789473684211,0.05263157894736842,0.0,0.0,0.0,0.0,5.0,1.0,1.3913875598086125,0.22365003417634996,2.789473684210526,1.6943191311612362,0.0
CDMS-13-6B-JDTAHE,3.0,7.137931034482759,5.344827586206897,0.1724137931034483,0.0,0.0,0.0,0.0,4.689655172413793,1.0,1.4460217942976563,0.27049578773716704,3.103448275862069,1.7537493158182813,0.0
CDMS-13-7C-MVEAR,3.0,10.655172413793103,9.448275862068966,1.3448275862068966,0.0,0.0,0.0,0.0,7.103448275862069,1.0,1.7433981727085175,0.17409621030310687,3.793103448275862,2.0765829955485127,0.0
CDMS-13-7C-RAIZAC,3.0,7.235294117647059,5.470588235294118,0.35294117647058826,0.0,0.0,0.0,0.0,4.882352941176471,1.0,1.4419149477973008,0.24398183515830574,2.8823529411764706,1.7186741363211953,0.0
CDMS-13-7C-SSOSLO,3.0,13.516129032258064,11.580645161290322,1.3870967741935485,0.0,0.0,0.0,0.0,7.032258064516129,1.0,1.7283355508412934,0.12713581983780725,3.7419354838709675,2.0934552902294836,0.0
CDMS-14-10A-IMORTO,3.0,8.03448275862069,5.931034482758621,0.4827586206896552,0.0,0.0,0.0,0.0,4.793103448275862,1.0,1.4230508954646885,0.20776024741541982,2.7586206896551726,1.6897646414887795,0.0
CDMS-14-10A-JCVANI,3.0,9.105263157894736,6.447368421052632,0.3157894736842105,0.0,0.0,0.0,0.0,4.552631578947368,1.0,1.449869501843186,0.20012618959987383,2.8684210526315788,1.6985588972431076,0.0
CDMS-14-5A-LSDUCO,3.0,12.23076923076923,11.76923076923077,2.0,0.0,0.0,0.0,0.0,7.769230769230769,1.0,1.8960872209740989,0.17449070537305833,4.384615384615385,2.230902430902431,0.0
CDMS-14-6B-KDCAHE,3.0,10.615384615384615,7.423076923076923,0.2692307692307692,0.0,0.0,0.0,0.0,4.8076923076923075,1.0,1.3796370108021692,0.15635667751052368,3.269230769230769,1.8056776556776557,0.0
CDMS-15-10A-AMALOS,3.0,10.424242424242424,8.818181818181818,1.0606060606060606,0.0,0.0,0.0,0.0,6.575757575757576,1.0,1.7476467481815074,0.18226949323206007,3.9696969696969697,2.132218286763741,0.0
CDMS-15-10A-JJMACH,3.0,17.115384615384617,13.23076923076923,0.23076923076923078,0.0,0.0,0.0,0.0,8.423076923076923,1.0,1.5662902955691353,0.10453650825970323,4.846153846153846,2.467247069170146,0.0
CDMS-15-10A-MAALCA,3.0,11.136363636363637,9.136363636363637,0.9090909090909091,0.0,0.0,0.0,0.0,6.5,1.0,1.6079412417647712,0.15241968370310616,3.3636363636363638,1.9323953823953823,0.0
CDMS-15-10A-MAALRI,3.0,12.0,9.416666666666666,0.375,0.0,0.0,0.0,0.0,6.541666666666667,1.0,1.576651276283629,0.14460882935147643,4.25,2.167316017316017,0.0
CDMS-15-10A-SGOMO,3.0,9.461538461538462,6.923076923076923,0.23076923076923078,0.0,0.0,0.0,0.0,4.923076923076923,1.0,1.4795729911114526,0.18771271463579156,3.076923076923077,1.7726495726495726,0.0
CDMS-15-10A-SHEGA,3.0,13.19047619047619,9.619047619047619,0.19047619047619047,0.0,0.0,0.0,0.0,6.428571428571429,1.0,1.4417649679591298,0.12462128351115524,3.619047619047619,2.022514258228544,0.0
CDMS-15-11B-JEMOLO,3.0,12.294117647058824,10.784313725490197,1.3725490196078431,0.0,0.0,0.0,0.0,7.254901960784314,1.0,1.6453046464593029,0.17768729124485183,3.6470588235294117,2.0444239759983707,0.0
CDMS-15-11B-VSAHO,3.0,10.714285714285714,8.333333333333334,0.2857142857142857,0.0,0.0,0.0,0.0,6.380952380952381,1.0,1.5847105275676705,0.19453298024726595,3.9047619047619047,2.0515495086923656,0.0
CDMS-16-10A-SGALO,3.0,9.464285714285714,6.285714285714286,0.10714285714285714,0.0,0.0,0.0,0.0,4.535714285714286,1.0,1.3361563040134468,0.18198706055848915,3.107142857142857,1.7207714904143476,0.0
CDMS-16-11B-NGABE,3.0,12.0,10.521739130434783,1.0869565217391304,0.0,0.0,0.0,0.0,7.826086956521739,1.0,1.688210524911292,0.15982794556963356,4.173913043478261,2.1936759184639114,0.0
CDMS-17-10A-ASSAMO,3.0,10.071428571428571,6.857142857142857,0.07142857142857142,0.0,0.0,0.0,0.0,4.642857142857143,1.0,1.2838280766852195,0.2299359370787942,2.7857142857142856,1.675736961451247,0.0
CDMS-18-7C-VVECA,3.0,9.5,7.041666666666667,0.5416666666666666,0.0,0.0,0.0,0.0,5.125,1.0,1.4639536389536387,0.16922845672845674,3.2083333333333335,1.8240079365079367,0.0
CDMS-8-4A-DBEVA,3.0,6.583333333333333,5.416666666666667,0.625,0.0,0.0,0.0,0.0,4.708333333333333,1.0,1.5607744107744106,0.3655152717652717,3.0,1.701984126984127,0.0
CDMS-8-4A-DJAVDA,3.0,8.19047619047619,5.619047619047619,0.09523809523809523,0.0,0.0,0.0,0.0,4.095238095238095,1.0,1.3546435046435046,0.21884306170020454,2.380952380952381,1.547392290249433,0.0
CDMS-8-4A-DOSTR,3.0,9.891304347826088,7.978260869565218,0.9347826086956522,0.0,0.0,0.0,0.0,5.434782608695652,1.0,1.5951399064957417,0.19647736258148157,3.130434782608696,1.8413906142167011,0.0
CDMS-8-4A-LGOPA,3.0,8.666666666666666,6.866666666666666,0.6,0.0,0.0,0.0,0.0,4.966666666666667,1.0,1.5799302549302547,0.19635642135642137,3.066666666666667,1.7517460317460316,0.0
CDMS-8-4C-JDBUTU,3.0,8.137931034482758,5.517241379310345,0.1724137931034483,0.0,0.0,0.0,0.0,4.137931034482759,1.0,1.3503707020948401,0.2166392993979201,2.7241379310344827,1.6222769567597153,0.0
CDMS-9-4A-ACDUTR,3.0,9.55,6.9,0.4,0.0,0.0,0.0,0.0,4.85,1.0,1.4392043414102238,0.19055899166193285,2.95,1.7346428571428572,0.0
CDMS-9-4A-CARGA,3.0,11.45,9.9,1.35,0.0,0.0,0.0,0.0,6.35,1.0,1.6856345615169144,0.16074125221184044,3.75,2.0414213564213566,0.0
CDMS-9-4A-CRAAG,3.0,7.708333333333333,6.458333333333333,0.7083333333333334,0.0,0.0,0.0,0.0,5.083333333333333,1.0,1.5802799052799053,0.2925493487993488,3.0833333333333335,1.7729858104858105,0.0
CDMS-9-4A-EROHI,3.0,10.11111111111111,7.962962962962963,0.5185185185185185,0.0,0.0,0.0,0.0,5.518518518518518,1.0,1.5480594931575324,0.16578664013304537,3.5555555555555554,1.9221821388488054,0.0
CDMS-9-4A-ILOSE,3.0,12.705882352941176,10.941176470588236,0.7647058823529411,0.0,0.0,0.0,0.0,8.058823529411764,1.0,1.635983859722705,0.1464797308359501,4.0,2.1126405242504314,0.0
CDMS-9-4A-TGAFR,3.0,7.185185185185185,5.555555555555555,0.1111111111111111,0.0,0.0,0.0,0.0,5.37037037037037,1.0,1.474647266313933,0.2745929995929996,3.2962962962962963,1.8207683263238819,0.0
CDMS-9-4C-SCAMO,3.0,9.941176470588236,7.117647058823529,0.4117647058823529,0.0,0.0,0.0,0.0,5.352941176470588,1.0,1.4006330271036154,0.1528824117059411,3.1176470588235294,1.8160130718954248,0.0
CDMS-9-5A-ABERO,3.0,9.551724137931034,7.793103448275862,0.8275862068965517,0.0,0.0,0.0,0.0,6.0344827586206895,1.0,1.6101665575803508,0.20361391482081134,3.5172413793103448,1.9507538438572922,0.0
CDMS-9-5A-PAGACO,3.0,9.083333333333334,7.0,0.6666666666666666,0.0,0.0,0.0,0.0,5.166666666666667,1.0,1.5586698024198025,0.18454809079809079,3.3333333333333335,1.8634920634920633,0.0
CDMS-9-5A-VVAAR,3.0,7.590909090909091,5.5,0.18181818181818182,0.0,0.0,0.0,0.0,4.818181818181818,1.0,1.409156500065591,0.2382690541781451,3.1363636363636362,1.7765512265512264,0.0
CDMS-9-5C-JDMADE,3.0,8.0,6.0,0.2857142857142857,0.0,0.0,0.0,0.0,5.0,1.0,1.5337805052090765,0.28929721072578213,3.0714285714285716,1.8030612244897959,0.0
CDMS-9-5C-LVIZAC,3.0,8.107142857142858,5.535714285714286,0.4642857142857143,0.0,0.0,0.0,0.0,3.75,1.0,1.3805143269428986,0.21556062984634414,2.4642857142857144,1.5178571428571428,0.0
CDMS-9-5C-MLOGO,3.0,8.133333333333333,6.2,0.23333333333333334,0.0,0.0,0.0,0.0,5.133333333333334,1.0,1.4894444444444443,0.2283116883116883,3.2333333333333334,1.7994708994708997,0.0
CDMS-9-5C-SCAAG,3.0,7.28,5.52,0.4,0.0,0.0,0.0,0.0,4.48,1.0,1.3933087696617108,0.31125913955325724,2.6,1.6111881451881451,0.0
CDMS-XX-10A-VGILO,3.0,11.16,9.24,0.88,0.0,0.0,0.0,0.0,6.88,1.0,1.6383682330741154,0.16290471619883384,3.56,2.0354813683048976,0.0
CDMS-XX-5C-MJSARU,3.0,9.8,7.32,0.12,0.0,0.0,0.0,0.0,5.72,1.0,1.4595978270095917,0.18357100415923944,3.56,1.9610909090909092,0.0
CDMS-XX-5C-MPCAQU,3.0,8.5,6.909090909090909,0.45454545454545453,0.0,0.0,0.0,0.0,5.7272727272727275,1.0,1.6000910705456162,0.2225085520540066,3.8181818181818183,2.0254755345664437,0.0
CDMS-XX-6A-MAGICA,3.0,10.452830188679245,7.415094339622642,0.05660377358490566,0.0,0.0,0.0,0.0,5.2075471698113205,1.0,1.3864461051212615,0.18743693348664434,3.056603773584906,1.7907892945628794,0.0
CDMS-XX-6B-SPUCA,3.0,10.121212121212121,7.818181818181818,0.45454545454545453,0.0,0.0,0.0,0.0,6.03030303030303,1.0,1.4926433872086047,0.17568909278395445,3.6363636363636362,1.9958896322532689,0.0
CSO-10-4A-ICAPA,3.0,10.666666666666666,9.083333333333334,1.125,0.0,0.0,0.0,0.0,6.041666666666667,1.0,1.6981623496329379,0.16959859312800488,3.4583333333333335,1.9588564213564215,0.0
CSO-10-4A-KCOMO,3.0,9.027777777777779,8.277777777777779,0.75,0.0,0.0,0.0,0.0,6.888888888888889,1.0,1.7791025332691999,0.243481055981056,3.9166666666666665,2.0868019326352663,0.0
CSO-10-4A-LRAVI,3.0,8.411764705882353,6.294117647058823,0.0,0.0,0.0,0.0,0.0,5.411764705882353,1.0,1.4379169849758087,0.24583651642475174,3.2941176470588234,1.8495798319327732,0.0
CSO-10-4A-LSCAVA,3.0,6.923076923076923,4.538461538461538,0.11538461538461539,0.0,0.0,0.0,0.0,3.6153846153846154,1.0,1.2997071304763612,0.3200120392428084,2.230769230769231,1.4615384615384615,0.0
CSO-10-5A-ACAVA,3.0,7.964285714285714,5.642857142857143,0.03571428571428571,0.0,0.0,0.0,0.0,4.821428571428571,1.0,1.350628934557506,0.2658413015555873,2.7142857142857144,1.7053004535147394,0.0
CSO-10-5A-ARACA,3.0,6.818181818181818,5.181818181818182,0.48484848484848486,0.0,0.0,0.0,0.0,4.393939393939394,1.0,1.4929839520748613,0.2912173684900958,2.5757575757575757,1.604810004810005,0.0
CSO-10-5A-DABRZA,3.0,10.451612903225806,8.67741935483871,1.1935483870967742,0.0,0.0,0.0,0.0,5.451612903225806,1.0,1.6673407237923366,0.18271028631809616,3.3870967741935485,1.890266722524787,0.0
CSO-10-5A-GZAMA,3.0,10.88,9.8,1.0,0.0,0.0,0.0,0.0,6.92,1.0,1.7559753579753579,0.17547696747696748,3.8,2.0604670884670884,0.0
CSO-10-5A-IPECA,3.0,15.928571428571429,13.642857142857142,1.0714285714285714,0.0,0.0,0.0,0.0,9.857142857142858,1.0,1.7142877663886067,0.10661174726300778,5.285714285714286,2.635220731649303,0.0
CSO-10-5A-JANORO,3.0,8.363636363636363,6.7272727272727275,0.5909090909090909,0.0,0.0,0.0,0.0,5.7272727272727275,1.0,1.6051196278469007,0.228460680733408,3.590909090909091,1.9642857142857144,0.0
CSO-10-5A-JBUVE,3.0,9.210526315789474,6.2631578947368425,0.0,0.0,0.0,0.0,0.0,4.526315789473684,1.0,1.349524452156031,0.21901811638653743,2.9473684210526314,1.7140350877192985,0.0
CSO-10-5A-JJSEMO,3.0,7.64,6.28,0.88,0.0,0.0,0.0,0.0,4.64,1.0,1.607873015873016,0.2594891774891775,3.12,1.7345079365079366,0.0
CSO-10-5A-JLCARI,3.0,8.11111111111111,5.833333333333333,0.05555555555555555,0.0,0.0,0.0,0.0,5.0,1.0,1.3842247258913924,0.20444370444370444,2.7777777777777777,1.6860670194003526,0.0
CSO-10-5A-MAARAN,3.0,13.894736842105264,11.631578947368421,0.7368421052631579,0.0,0.0,0.0,0.0,8.947368421052632,1.0,1.6453535203412994,0.13117978467497776,5.2105263157894735,2.560014838962207,0.0
CSO-10-5A-MAOSMO,3.0,7.157894736842105,4.921052631578948,0.10526315789473684,0.0,0.0,0.0,0.0,4.2105263157894735,1.0,1.3164502164502165,0.2713488266119845,2.710526315789474,1.6187134502923977,0.0
CSO-10-5A-RVMOIB,3.0,11.0,8.76,0.4,0.0,0.0,0.0,0.0,6.4,1.0,1.5502791652791652,0.16995528001410354,3.96,2.0912611832611834,0.0
CSO-10-5A-SVHEES,3.0,10.793103448275861,9.0,0.6551724137931034,0.0,0.0,0.0,0.0,7.206896551724138,1.0,1.6324201660408557,0.18821163623394863,4.172413793103448,2.136352153593533,0.0
CSO-11-5A-MDVOSPE,3.0,8.76,7.36,0.56,0.0,0.0,0.0,0.0,5.72,1.0,1.6308162295221118,0.23872345301757064,3.24,1.862920634920635,0.0
CSO-11-5A-MTAGA,3.0,8.23076923076923,5.615384615384615,0.19230769230769232,0.0,0.0,0.0,0.0,4.230769230769231,1.0,1.292970917970918,0.22572470264777955,2.6538461538461537,1.610927960927961,0.0
CSO-11-6A-CAPAMU,3.0,9.21951219512195,6.658536585365853,0.24390243902439024,0.0,0.0,0.0,0.0,5.2682926829268295,1.0,1.4100682594943714,0.2042797709225256,3.073170731707317,1.786697990356527,0.0
CSO-11-6A-DSCACH,3.0,7.368421052631579,5.157894736842105,0.2631578947368421,0.0,0.0,0.0,0.0,4.2631578947368425,1.0,1.4077694235588971,0.26655829550566396,2.5789473684210527,1.5895989974937343,0.0
CSO-11-6A-EROMO,3.0,9.125,6.583333333333333,0.041666666666666664,0.0,0.0,0.0,0.0,5.041666666666667,1.0,1.4158882783882785,0.18840788840788839,3.25,1.80995670995671,0.0
CSO-11-6A-FSOVRE,3.0,9.333333333333334,6.5,0.1111111111111111,0.0,0.0,0.0,0.0,4.75,1.0,1.4101123213158817,0.2026021247318977,3.111111111111111,1.7666225749559084,0.0
CSO-11-6B-ANREVA,3.0,12.5,10.0,0.7,0.0,0.0,0.0,0.0,6.4,1.0,1.5833441721677015,0.14693551589449422,3.9,2.081426628926629,0.0
CSO-11-6B-DISEMO,3.0,9.333333333333334,7.666666666666667,0.4666666666666667,0.0,0.0,0.0,0.0,6.2,1.0,1.612202242202242,0.2080974580974581,3.7333333333333334,2.0158201058201057,0.0
CSO-11-6B-LHFDLACH,3.0,9.925925925925926,6.851851851851852,0.3333333333333333,0.0,0.0,0.0,0.0,4.555555555555555,1.0,1.3864894488991497,0.18994892753922682,2.7037037037037037,1.654703115814227,0.011111111111111112
CSO-11-6B-RJGIHE,3.0,7.758620689655173,5.344827586206897,0.4482758620689655,0.0,0.0,0.0,0.0,3.7586206896551726,1.0,1.3535462621669516,0.20916286778355742,2.2758620689655173,1.4830049261083744,0.0
CSO-11-6B-SFLVA,3.0,10.0,8.25,0.125,0.0,0.0,0.0,0.0,6.9375,1.0,1.594874222999223,0.18003246753246754,4.1875,2.156656537906538,0.0
CSO-11-6B-VCOMA,3.0,10.45,8.15,0.55,0.0,0.0,0.0,0.0,6.0,1.0,1.5429022980803166,0.1712314744938584,3.15,1.810393772893773,0.0
CSO-12-6A-DGISE,3.0,7.105263157894737,5.105263157894737,0.21052631578947367,0.0,0.0,0.0,0.0,4.2105263157894735,1.0,1.4185691501480975,0.2420824789245842,2.8421052631578947,1.6523809523809525,0.0
CSO-12-6A-FJOVRE,3.0,9.2,6.32,0.04,0.0,0.0,0.0,0.0,5.0,1.0,1.381082251082251,0.1866899766899767,3.36,1.8436190476190475,0.0
CSO-12-6B-GQULO,3.0,11.15,7.8,0.15,0.0,0.0,0.0,0.0,4.95,1.0,1.3612304362304362,0.14837192219545162,2.95,1.7525396825396826,0.0
CSO-12-6B-LJHEFE,3.0,17.133333333333333,13.066666666666666,0.6666666666666666,0.0,0.0,0.0,0.0,7.866666666666666,1.0,1.5235866024713784,0.09535014914541096,3.8666666666666667,2.18037629037629,0.0
CSO-12-6B-VPAMA,3.0,8.214285714285714,5.785714285714286,0.5,0.0,0.0,0.0,0.0,4.0,1.0,1.4010049474335189,0.19704184704184705,2.7857142857142856,1.630952380952381,0.0
CSO-12-7A-DALRE,3.0,9.4,8.066666666666666,0.6,0.0,0.0,0.0,0.0,6.7,1.0,1.6530738161620515,0.22777792468968938,3.566666666666667,1.97271966595496,0.0
CSO-12-7A-ESALA,3.0,6.230769230769231,4.076923076923077,0.15384615384615385,0.0,0.0,0.0,0.0,3.4615384615384617,1.0,1.2930097680097679,0.2726495726495726,2.1538461538461537,1.418864468864469,0.0
CSO-12-7A-IMERO,3.0,7.089285714285714,4.857142857142857,0.19642857142857142,0.0,0.0,0.0,0.0,3.9107142857142856,1.0,1.3415429808286952,0.2927295918367347,2.607142857142857,1.5662840136054421,0.0
CSO-12-7A-JHEZA,3.0,7.142857142857143,4.714285714285714,0.17857142857142858,0.0,0.0,0.0,0.0,3.6785714285714284,1.0,1.3015898783755926,0.22953257060399918,2.4285714285714284,1.505952380952381,0.0
CSO-12-7A-LSARAR,3.0,8.428571428571429,6.380952380952381,0.38095238095238093,0.0,0.0,0.0,0.0,5.238095238095238,1.0,1.4805017733589163,0.22307243021528733,2.9047619047619047,1.7695389266817838,0.0
CSO-12-7A-SCAHO,3.0,9.212121212121213,6.393939393939394,0.2727272727272727,0.0,0.0,0.0,0.0,4.2727272727272725,1.0,1.3605947924129742,0.17832008059280785,2.6666666666666665,1.605772005772006,0.0
CSO-12-7B-DVAGRO,3.0,7.2592592592592595,5.111111111111111,0.4074074074074074,0.0,0.0,0.0,0.0,3.6296296296296298,1.0,1.3742210464432687,0.25267489711934155,2.2962962962962963,1.47336860670194,0.0
CSO-12-7B-SMUGU,3.0,7.125,5.666666666666667,0.4583333333333333,0.0,0.0,0.0,0.0,5.041666666666667,1.0,1.5706920394420394,0.2961429773929774,3.2916666666666665,1.853373015873016,0.0
CSO-12-7B-SSARA,3.0,8.310344827586206,6.172413793103448,0.7241379310344828,0.0,0.0,0.0,0.0,4.448275862068965,1.0,1.4930301499267016,0.22560697134733645,2.6206896551724137,1.6189320258285775,0.0
CSO-12-7B-VHOMA,3.0,8.914285714285715,7.228571428571429,0.6571428571428571,0.0,0.0,0.0,0.0,5.828571428571428,1.0,1.5724849753421182,0.20656058227486798,3.3142857142857145,1.8903710575139148,0.0
CSO-12-8A-YTOME,3.0,10.5,8.0625,0.625,0.0,0.0,0.0,0.0,5.0,1.0,1.5197297494172495,0.1589169511044511,3.125,1.7722222222222221,0.0
CSO-13-6A-ANASA,3.0,11.183673469387756,8.0,0.3469387755102041,0.0,0.0,0.0,0.0,5.673469387755102,1.0,1.393408762106241,0.1596540814127849,3.4693877551020407,1.9224651765468093,0.0
CSO-13-6B-JETAVE,3.0,7.526315789473684,5.7894736842105265,0.34210526315789475,0.0,0.0,0.0,0.0,5.026315789473684,1.0,1.4493899375478323,0.2888033019611967,2.973684210526316,1.7655597326649957,0.0
CSO-13-6B-LFMIES,3.0,9.263157894736842,7.526315789473684,0.3684210526315789,0.0,0.0,0.0,0.0,6.052631578947368,1.0,1.629691653375864,0.1923407002354371,3.8421052631578947,1.9997493734335838,0.0
CSO-13-6B-LJMAHU,3.0,6.394736842105263,4.631578947368421,0.13157894736842105,0.0,0.0,0.0,0.0,4.2894736842105265,1.0,1.409554188501557,0.30878332194121666,2.789473684210526,1.6455342902711323,0.0
CSO-13-7A-CAPAMU,3.0,8.53125,5.53125,0.09375,0.0,0.0,0.0,0.0,3.78125,1.0,1.27060612998113,0.2163888195138195,2.40625,1.509077380952381,0.0
CSO-13-7A-CDDITR,3.0,6.142857142857143,4.190476190476191,0.19047619047619047,0.0,0.0,0.0,0.0,3.8095238095238093,1.0,1.3297292654435513,0.3226516869374012,2.5714285714285716,1.5410430839002267,0.0
CSO-13-7A-JJATFL,3.0,10.5,7.65,0.2,0.0,0.0,0.0,0.0,5.7,1.0,1.4616017316017316,0.1582273282273282,3.85,2.0364285714285715,0.0
CSO-13-7A-KRAMA,3.0,9.941176470588236,8.235294117647058,0.8235294117647058,0.0,0.0,0.0,0.0,5.588235294117647,1.0,1.5282149223325694,0.22190603514132926,3.1176470588235294,1.8341609371021137,0.0
CSO-13-7A-RXCHLU,3.0,7.9411764705882355,6.764705882352941,0.5294117647058824,0.0,0.0,0.0,0.0,5.882352941176471,1.0,1.6595195654019184,0.2541210423563365,3.411764705882353,1.9050165520753757,0.0
CSO-13-7A-YAMEZA,3.0,10.26923076923077,7.923076923076923,0.34615384615384615,0.0,0.0,0.0,0.0,5.615384615384615,1.0,1.4652747893132507,0.1801491243798936,2.9615384615384617,1.7587884337884339,0.0
CSO-13-7A-YBOSO,3.0,5.45,4.05,0.2,0.0,0.0,0.0,0.0,3.7,1.0,1.4375,0.3703571428571429,2.35,1.45,0.0
CSO-13-8A-KIGAGU,3.0,9.142857142857142,7.714285714285714,1.1428571428571428,0.0,0.0,0.0,0.0,5.5,1.0,1.7375013875013874,0.19977958549387123,3.5714285714285716,1.9491496598639455,0.0
CSO-13-8A-MBUAN,3.0,9.18421052631579,7.131578947368421,0.4473684210526316,0.0,0.0,0.0,0.0,5.5,1.0,1.516227485964328,0.20457218220376114,3.3684210526315788,1.8966704348283296,0.0
CSO-13-8A-MGAAN,3.0,7.032258064516129,4.741935483870968,0.0967741935483871,0.0,0.0,0.0,0.0,3.6451612903225805,1.0,1.3031676209095564,0.2566075501559372,2.096774193548387,1.4059907834101384,0.0
CSO-13-8A-MGAHE,3.0,9.419354838709678,7.225806451612903,0.1935483870967742,0.0,0.0,0.0,0.0,5.709677419354839,1.0,1.4849277962181187,0.2038065876775554,3.5483870967741935,1.9360390505551797,0.0
CSO-13-8A-MJAGA,3.0,10.411764705882353,7.588235294117647,0.29411764705882354,0.0,0.0,0.0,0.0,4.823529411764706,1.0,1.423429185193891,0.16237814473108592,3.0588235294117645,1.7400560224089636,0.0
CSO-13-8A-VHODU,3.0,10.764705882352942,9.117647058823529,0.5294117647058824,0.0,0.0,0.0,0.0,8.0,1.0,1.6276869036384607,0.18448518993501692,3.7058823529411766,2.1114832879538765,0.0
CSO-13-8B-FCJISA,3.0,5.72,3.56,0.0,0.0,0.0,0.0,0.0,3.16,1.0,1.221111111111111,0.37803174603174605,1.88,1.3306666666666667,0.0
CSO-13-8B-JEMABE,3.0,11.352941176470589,9.647058823529411,0.8823529411764706,0.0,0.0,0.0,0.0,6.529411764705882,1.0,1.6606727379947193,0.16256286915092233,3.764705882352941,2.029140140904847,0.0
CSO-13-9B-DMLLLU,3.0,9.2,7.6,1.1333333333333333,0.0,0.0,0.0,0.0,5.266666666666667,1.0,1.637864357864358,0.19124764124764124,3.3333333333333335,1.8536411736411735,0.0
CSO-14-7A-MVEBE,3.0,7.083333333333333,5.333333333333333,0.25,0.0,0.0,0.0,0.0,4.75,1.0,1.4981902356902357,0.3257395382395382,3.25,1.801984126984127,0.0
CSO-14-7B-EALHU,3.0,6.583333333333333,4.958333333333333,0.2916666666666667,0.0,0.0,0.0,0.0,4.333333333333333,1.0,1.521590909090909,0.3007305194805195,2.9583333333333335,1.6687169312169312,0.0
CSO-14-7B-EVEGO,3.0,8.907407407407407,5.962962962962963,0.14814814814814814,0.0,0.0,0.0,0.0,3.925925925925926,1.0,1.307340378092012,0.20047394205890937,2.574074074074074,1.549514991181658,0.0
CSO-14-8A-AQUMA,3.0,8.217391304347826,5.956521739130435,0.2608695652173913,0.0,0.0,0.0,0.0,4.739130434782608,1.0,1.4658730158730158,0.21797091797091797,2.782608695652174,1.712215320910973,0.0
CSO-14-8A-MCIDOS,3.0,8.318181818181818,5.7727272727272725,0.18181818181818182,0.0,0.0,0.0,0.0,4.681818181818182,1.0,1.2844158366885639,0.1991596045071981,2.8181818181818183,1.6523143523143524,0.0
CSO-14-8A-SZARA,3.0,7.962962962962963,5.777777777777778,0.037037037037037035,0.0,0.0,0.0,0.0,5.222222222222222,1.0,1.42653519320186,0.2770595659484548,3.4444444444444446,1.8814013147346482,0.0
CSO-14-8B-JLLORA,3.0,10.647058823529411,7.882352941176471,0.17647058823529413,0.0,0.0,0.0,0.0,5.470588235294118,1.0,1.4511522790934555,0.16788423994306345,3.4705882352941178,1.9010737628384689,0.0
CSO-14-9A-AEDCAGO,3.0,8.1,5.7,0.06666666666666667,0.0,0.0,0.0,0.0,4.866666666666666,1.0,1.400106005106005,0.2122877122877123,3.2333333333333334,1.808835978835979,0.0
CSO-14-9A-HASACA,3.0,7.722222222222222,6.111111111111111,0.8333333333333334,0.0,0.0,0.0,0.0,4.333333333333333,1.0,1.6750083250083252,0.2847732514399181,2.5555555555555554,1.6148148148148147,0.0
CSO-14-9A-JSMAAL,3.0,10.538461538461538,8.538461538461538,0.9230769230769231,0.0,0.0,0.0,0.0,5.923076923076923,1.0,1.632902567517952,0.1598603319757166,3.3076923076923075,1.9153429903429904,0.0
CSO-14-9A-MARJA,3.0,6.896551724137931,5.172413793103448,0.5517241379310345,0.0,0.0,0.0,0.0,4.206896551724138,1.0,1.491304672339155,0.26704234462855153,2.413793103448276,1.583743842364532,0.0
CSO-14-9A-SORZU,3.0,10.619047619047619,7.619047619047619,0.5238095238095238,0.0,0.0,0.0,0.0,5.0476190476190474,1.0,1.408106179534751,0.1430498073355216,3.1904761904761907,1.7883597883597884,0.0
CSO-14-9B-ERAGA,3.0,8.5,6.444444444444445,0.3333333333333333,0.0,0.0,0.0,0.0,5.333333333333333,1.0,1.5081770081770083,0.20407647907647908,3.388888888888889,1.8894179894179897,0.0
CSO-14-9B-MFEGA,3.0,8.083333333333334,6.5,1.25,0.0,0.0,0.0,0.0,4.25,1.0,1.4680976430976431,0.2479131979131979,2.0833333333333335,1.4444444444444444,0.0
CSO-15-10A-LJRAGU,3.0,16.428571428571427,14.523809523809524,1.1904761904761905,0.0,0.0,0.0,0.0,10.428571428571429,1.0,1.7644466398999792,0.10820377961023693,5.428571428571429,2.6639527761376502,0.0
CSO-15-10A-MAARLO,3.0,10.4375,8.4375,0.8125,0.0,0.0,0.0,0.0,6.25,1.0,1.582646867021867,0.16011106948606948,3.75,2.0395833333333333,0.0
CSO-15-10A-SFEGA,3.0,11.277777777777779,8.833333333333334,0.6666666666666666,0.0,0.0,0.0,0.0,6.222222222222222,1.0,1.53171612338279,0.1465099715099715,3.611111111111111,2.0176206509539845,0.0
CSO-15-10B-MEBUAR,3.0,9.526315789473685,7.526315789473684,0.631578947368421,0.0,0.0,0.0,0.0,5.368421052631579,1.0,1.5522488347565748,0.18359742252931108,3.3684210526315788,1.8604275841117945,0.0
CSO-15-10B-YVBUAN,3.0,7.476190476190476,5.476190476190476,0.19047619047619047,0.0,0.0,0.0,0.0,4.571428571428571,1.0,1.4681027966742253,0.23352229780801212,2.8095238095238093,1.689493575207861,0.0
CSO-15-10C-ALBAHO,3.0,10.476190476190476,7.857142857142857,0.3333333333333333,0.0,0.0,0.0,0.0,6.190476190476191,1.0,1.4765443551157837,0.15420637563494705,3.619047619047619,2.020552463409606,0.0
CSO-15-10C-SSCAMO,3.0,6.108108108108108,3.972972972972973,0.1891891891891892,0.0,0.0,0.0,0.0,3.324324324324324,1.0,1.2894680394680396,0.3274930774930775,2.108108108108108,1.3947232947232946,0.0
CSO-15-11C-JETALO,3.0,7.619047619047619,5.619047619047619,0.42857142857142855,0.0,0.0,0.0,0.0,4.357142857142857,1.0,1.434613270327556,0.24952772095629236,2.761904761904762,1.6462585034013604,0.0
CSO-15-7B-JCRAGA,3.0,8.538461538461538,6.461538461538462,0.3076923076923077,0.0,0.0,0.0,0.0,5.461538461538462,1.0,1.509561378792148,0.20702758779681857,3.769230769230769,1.9765567765567766,0.0
CSO-15-8A-VBMABR,3.0,10.333333333333334,7.904761904761905,0.3333333333333333,0.0,0.0,0.0,0.0,6.285714285714286,1.0,1.5200421582774524,0.17793816827430273,3.761904761904762,2.0293410293410297,0.0
CSO-15-8B-KEPOGO,3.0,10.523809523809524,7.428571428571429,0.47619047619047616,0.0,0.0,0.0,0.0,4.523809523809524,1.0,1.4285289873525169,0.14865956483603543,2.8095238095238093,1.6866213151927436,0.0
CSO-15-9B-ALRIHE,3.0,9.666666666666666,7.055555555555555,0.3888888888888889,0.0,0.0,0.0,0.0,4.944444444444445,1.0,1.4682009348676015,0.1681386514719848,3.1666666666666665,1.7788359788359789,0.0
CSO-15-9B-AMSAGO,3.0,9.105263157894736,6.894736842105263,0.47368421052631576,0.0,0.0,0.0,0.0,4.842105263157895,1.0,1.4413503764896953,0.22168740272455442,2.789473684210526,1.6729247360826307,0.0
CSO-15-9B-JCAPA,3.0,9.36,7.04,0.44,0.0,0.0,0.0,0.0,5.32,1.0,1.4922710426828072,0.19383018941842473,3.28,1.8562857142857143,0.0
CSO-15-9B-KSBEJA,3.0,10.1,8.15,0.5,0.0,0.0,0.0,0.0,6.05,1.0,1.5066896991896992,0.18034308828426476,3.3,1.9104151404151406,0.0
CSO-15-9B-RMCHLU,3.0,8.884615384615385,6.884615384615385,0.46153846153846156,0.0,0.0,0.0,0.0,5.423076923076923,1.0,1.4925654473731396,0.19502335271566038,3.5384615384615383,1.93001998001998,0.0
CSO-15-9B-SJAGRO,3.0,11.0,6.733333333333333,0.0,0.0,0.0,0.0,0.0,3.6666666666666665,1.0,1.2196392496392496,0.14327915748968378,2.6,1.5422222222222222,0.0
CSO-16-10A-JEGAHE,3.0,12.64,9.64,0.64,0.0,0.0,0.0,0.0,6.36,1.0,1.519432338902927,0.1337198748963455,4.08,2.12386568986569,0.0
CSO-16-10A-MSACO,3.0,9.814814814814815,6.703703703703703,0.25925925925925924,0.0,0.0,0.0,0.0,4.2592592592592595,1.0,1.4000559111670223,0.17940516273849608,3.0,1.6888888888888889,0.0
CSO-16-10A-SARI,3.0,11.11111111111111,8.0,0.4444444444444444,0.0,0.0,0.0,0.0,4.833333333333333,1.0,1.4421038112214584,0.20243376286977938,3.1666666666666665,1.8117724867724867,0.0
CSO-16-10A-SMOUT,3.0,12.666666666666666,9.666666666666666,0.25,0.0,0.0,0.0,0.0,7.041666666666667,1.0,1.4851861101861104,0.13815565828033857,3.7916666666666665,2.085993622390681,0.005597103513770181
CSO-16-10A-YKMUJO,3.0,8.227272727272727,6.545454545454546,0.45454545454545453,0.0,0.0,0.0,0.0,5.045454545454546,1.0,1.5923160173160171,0.2240882854519218,3.409090909090909,1.8586940836940835,0.0
CSO-16-10B-JESUGU,3.0,6.5,4.2,0.0,0.0,0.0,0.0,0.0,3.85,1.0,1.2929761904761903,0.2870238095238095,2.35,1.5173809523809525,0.0
CSO-16-10B-LTVIFA,3.0,7.444444444444445,4.7407407407407405,0.1111111111111111,0.0,0.0,0.0,0.0,3.5925925925925926,1.0,1.2834215167548502,0.20986585431029875,2.3703703703703702,1.4765432098765432,0.0
CSO-16-10B-VVILI,3.0,10.068965517241379,7.413793103448276,0.3103448275862069,0.0,0.0,0.0,0.0,5.758620689655173,1.0,1.4751536777398846,0.16818019145605353,3.413793103448276,1.9199781061850028,0.0
CSO-16-10C-ACALGU,3.0,9.272727272727273,6.606060606060606,0.36363636363636365,0.0,0.0,0.0,0.0,4.636363636363637,1.0,1.4158664567755477,0.19756792029519302,2.9696969696969697,1.7311688311688314,0.0
CSO-16-10C-MAVAVE,3.0,6.869565217391305,4.739130434782608,0.21739130434782608,0.0,0.0,0.0,0.0,3.9130434782608696,1.0,1.3612444318966057,0.28536451471234076,2.282608695652174,1.5092650103519667,0.0
CSO-16-11A-JAVABO,3.0,7.933333333333334,5.633333333333334,0.7666666666666667,0.0,0.0,0.0,0.0,3.6333333333333333,1.0,1.3147828097828096,0.2341259503024209,2.2666666666666666,1.4628571428571429,0.0
CSO-16-11A-JDMUVA,3.0,7.703703703703703,4.592592592592593,0.0,0.0,0.0,0.0,0.0,3.4074074074074074,1.0,1.170589492811715,0.22391374058040725,2.259259259259259,1.4410934744268078,0.0
CSO-16-11A-VZAOR,3.0,10.4,6.7,0.05,0.0,0.0,0.0,0.0,4.0,1.0,1.268751363016069,0.16889808591820976,2.5,1.5629761904761905,0.0
CSO-16-11B-KRORE,3.0,8.0,5.851851851851852,0.37037037037037035,0.0,0.0,0.0,0.0,4.666666666666667,1.0,1.4624799069243513,0.26461378128044794,2.7037037037037037,1.6707818930041152,0.0
CSO-16-11B-LLOZA,3.0,12.0,9.206896551724139,0.7241379310344828,0.0,0.0,0.0,0.0,6.068965517241379,1.0,1.5130005221283112,0.14891647117813447,3.413793103448276,1.935526542423094,0.0
CSO-16-11B-YAROMO,3.0,7.933333333333334,5.333333333333333,0.23333333333333334,0.0,0.0,0.0,0.0,4.0,1.0,1.322928922928923,0.23436137936137935,2.6666666666666665,1.5826984126984127,0.0
CSO-16-9A-JALEMO,3.0,10.31578947368421,7.157894736842105,0.47368421052631576,0.0,0.0,0.0,0.0,4.368421052631579,1.0,1.3714912280701754,0.17339192455291527,2.8947368421052633,1.6907268170426066,0.0
CSO-16-9A-JPROSO,3.0,8.956521739130435,6.3478260869565215,0.043478260869565216,0.0,0.0,0.0,0.0,4.739130434782608,1.0,1.4106154714850367,0.18903632599284775,2.9130434782608696,1.7293305728088335,0.0
CSO-16-9A-JSMAGU,3.0,9.545454545454545,6.545454545454546,0.13636363636363635,0.0,0.13636363636363635,0.0,0.0,4.681818181818182,1.0,1.356492749674568,0.16249180112816475,3.0454545454545454,1.7317460317460318,0.0
CSO-16-9B-SJPAJI,3.0,14.3125,13.0,1.3125,0.0,0.0,0.0,0.0,9.0625,1.0,1.7837905537015444,0.12909172065035068,4.3125,2.2139681192990017,0.0
CSO-17-10A-YVGOCA,3.0,13.071428571428571,11.142857142857142,1.0,0.0,0.0,0.0,0.0,7.928571428571429,1.0,1.6443134246705675,0.15230262022610538,4.0,2.1450418628990056,0.0
CSO-17-10B-EHECO,3.0,8.92,6.72,0.44,0.0,0.0,0.0,0.0,5.12,1.0,1.5001941391941391,0.19240037740037738,3.08,1.8035555555555556,0.0
CSO-17-10B-YCQUVE,3.0,7.486486486486487,6.297297297297297,1.027027027027027,0.0,0.0,0.0,0.0,4.756756756756757,1.0,1.608004758004758,0.28770898770898773,2.864864864864865,1.6951249951249951,0.0
CSO-17-11A-DJAPA,3.0,10.5,9.076923076923077,0.9230769230769231,0.0,0.0,0.0,0.0,6.3076923076923075,1.0,1.6607417908888495,0.17460587426650775,3.5,1.9445332445332446,0.0
CSO-17-11A-JDAMO,3.0,9.0,7.44,0.4,0.0,0.0,0.0,0.0,6.2,1.0,1.617044289044289,0.232020091020091,3.44,1.9320621600621601,0.0
CSO-17-11A-NPAHE,3.0,11.709677419354838,8.935483870967742,0.16129032258064516,0.0,0.0,0.0,0.0,6.580645161290323,1.0,1.506504132595214,0.14512119758799075,3.5483870967741935,1.9880277428664526,0.0
CSO-17-11A-RLPAIG,3.0,7.7631578947368425,5.394736842105263,0.23684210526315788,0.0,0.0,0.0,0.0,4.2368421052631575,1.0,1.3779490976859399,0.24054220633168,2.5789473684210527,1.6098997493734337,0.0
CSO-17-11A-SPUVA,3.0,9.764705882352942,8.823529411764707,1.8823529411764706,0.0,0.0,0.0,0.0,5.705882352941177,1.0,1.7068160597572362,0.1651169092345563,3.4705882352941178,1.9300653594771242,0.0
CSO-17-11B-CDBEBU,3.0,8.333333333333334,5.291666666666667,0.125,0.0,0.0,0.0,0.0,3.7916666666666665,1.0,1.2716040903540904,0.2363324175824176,2.3333333333333335,1.4996031746031744,0.0
CSO-17-11C-JDAAG,3.0,8.033333333333333,4.9,0.0,0.0,0.0,0.0,0.0,3.4,1.0,1.1818781218781218,0.2440838790838791,2.2666666666666666,1.4411111111111112,0.0
CSO-17-11C-MAPAMA,3.0,10.136363636363637,7.590909090909091,0.3181818181818182,0.0,0.0,0.0,0.0,5.590909090909091,1.0,1.5053895599350147,0.1828537623992169,3.590909090909091,1.9317460317460318,0.0
CSO-17-11C-MCAAG,3.0,8.297297297297296,5.837837837837838,0.24324324324324326,0.0,0.0,0.0,0.0,4.324324324324325,1.0,1.4189876057523114,0.2257246198422669,2.675675675675676,1.6182539682539683,0.0
CSO-17-11C-SARJA,3.0,7.333333333333333,5.333333333333333,0.16666666666666666,0.0,0.0,0.0,0.0,4.291666666666667,1.0,1.4182930495430497,0.24001022126022123,2.625,1.601388888888889,0.0
CSO-18-11A-ADBAHO,3.0,10.761904761904763,7.619047619047619,0.19047619047619047,0.0,0.0,0.0,0.0,5.428571428571429,1.0,1.3499723821152392,0.14778631732413244,3.1904761904761907,1.8244739387596531,0.0
CSO-18-11B-YLLRE,3.0,10.580645161290322,8.451612903225806,0.5483870967741935,0.0,0.0,0.0,0.0,6.161290322580645,1.0,1.6381230618422271,0.19334341075327793,3.774193548387097,2.03229745165229,0.0
CSO-18-9B-MAMOLO,3.0,8.319148936170214,5.829787234042553,0.10638297872340426,0.0,0.1276595744680851,0.0,0.0,4.48936170212766,1.0,1.3783893411552988,0.2066450098364992,2.74468085106383,1.6669537318473489,0.0
CSO-8-3A-AIPRBR,3.0,11.2,8.65,0.35,0.0,0.0,0.0,0.0,6.5,1.0,1.5387812187812187,0.14750804750804752,4.15,2.144134199134199,0.0
CSO-8-3A-DAPAVA,3.0,9.090909090909092,8.0,1.0,0.0,0.0,0.0,0.0,6.333333333333333,1.0,1.712154007608553,0.19948687675960403,3.727272727272727,2.013541677178041,0.0
CSO-8-3A-KVPECO,3.0,6.0,4.4,0.4,0.0,0.0,0.0,0.0,3.9,1.0,1.4964285714285714,0.3604761904761905,2.3,1.5080952380952382,0.0
CSO-8-4A-ARAGR,3.0,6.68,4.72,0.28,0.0,0.0,0.0,0.0,3.84,1.0,1.361968253968254,0.29958730158730157,2.4,1.517904761904762,0.0
CSO-8-4A-JRAAR,3.0,6.84,4.96,0.48,0.0,0.0,0.0,0.0,4.0,1.0,1.4476190476190476,0.23307936507936508,2.88,1.6373333333333335,0.0
CSO-9-2A-EXMOCO,3.0,7.366666666666666,6.133333333333334,0.8333333333333334,0.0,0.0,0.0,0.0,4.766666666666667,1.0,1.5451467051467052,0.2596151996151996,2.9,1.707116402116402,0.0
CSO-9-4A-AGAPE,3.0,11.272727272727273,7.909090909090909,0.45454545454545453,0.0,0.0,0.0,0.0,5.0,1.0,1.3823895355980917,0.13650502794887823,3.0,1.7891774891774892,0.0
CSO-9-4A-DKVIMO,3.0,6.527777777777778,5.138888888888889,0.25,0.0,0.0,0.0,0.0,4.861111111111111,1.0,1.5243993660660327,0.33248819082152414,2.861111111111111,1.706316214649548,0.0
CSO-9-4A-DSMOMU,3.0,4.927272727272728,2.909090909090909,0.0,0.0,0.0,0.0,0.0,2.8727272727272726,1.0,1.1713078840351567,0.4119677292404565,1.7636363636363637,1.2684848484848485,0.0
CSO-9-4A-DVGATO,3.0,8.666666666666666,5.9523809523809526,0.14285714285714285,0.0,0.0,0.0,0.0,4.238095238095238,1.0,1.4124113981256838,0.23872503158217442,2.857142857142857,1.6657596371882086,0.0
CSO-9-4A-EGCAMO,3.0,8.037037037037036,6.851851851851852,0.4074074074074074,0.0,0.0,0.0,0.0,6.0,1.0,1.604572176794399,0.25943028165250387,3.5925925925925926,1.9565416065416064,0.0
CSO-9-4A-FAGIGA,3.0,7.285714285714286,5.285714285714286,0.5238095238095238,0.0,0.0,0.0,0.0,3.8095238095238093,1.0,1.424431388717103,0.293303786160929,2.5238095238095237,1.5339380196523056,0.0
CSO-9-4A-GSBRCO,3.0,8.655172413793103,6.896551724137931,0.5172413793103449,0.0,0.0,0.0,0.0,5.344827586206897,1.0,1.5444172685551996,0.2250293767535147,3.6206896551724137,1.9194033935413246,0.0
CSO-9-4A-KEMOCO,3.0,8.714285714285714,7.178571428571429,0.7142857142857143,0.0,0.0,0.0,0.0,5.428571428571429,1.0,1.616546816861943,0.26095377544957377,3.357142857142857,1.8755102040816325,0.0
CSO-9-4A-LCOMO,3.0,9.380952380952381,7.619047619047619,1.0952380952380953,0.0,0.14285714285714285,0.0,0.0,5.0,1.0,1.5681162908053663,0.24675372091338477,2.9523809523809526,1.742197485054628,0.0
CSO-9-4A-MLORO,3.0,7.521739130434782,5.130434782608695,0.13043478260869565,0.0,0.0,0.0,0.0,3.9130434782608696,1.0,1.3188432340606253,0.25161384509210594,2.4782608695652173,1.5370600414078677,0.0
CSO-9-4A-MPAME,3.0,7.222222222222222,4.611111111111111,0.2777777777777778,0.0,0.0,0.0,0.0,3.3333333333333335,1.0,1.2724987974987974,0.2462441879108546,2.0,1.3888888888888888,0.0
CSO-9-4A-NSARPA,3.0,10.76,8.96,0.84,0.0,0.0,0.0,0.0,6.92,1.0,1.6915432170169011,0.16822212874844453,4.0,2.15630303030303,0.0
CSO-9-4A-SLOCA,3.0,11.058823529411764,9.470588235294118,0.5294117647058824,0.0,0.0,0.0,0.0,6.9411764705882355,1.0,1.6411593429941636,0.20075787797058967,3.6470588235294117,2.0222307104660047,0.0
CSO-9-4A-YVDITR,3.0,6.391304347826087,4.826086956521739,0.2608695652173913,0.0,0.0,0.0,0.0,4.3478260869565215,1.0,1.521497584541063,0.3105935127674258,2.5217391304347827,1.6167701863354036,0.0
