file,wc,nodes,edges,re,pe,l1,l2,l3,lcc,lsc,atd,density,diameter,asp,cc
CDMS-10-4A-JURAN-CorrEtiq.txt,190.0,90.28455284552845,189.0,26.4390243902439,13.56910569105691,1.0,4.121951219512195,109.5609756097561,90.28455284552845,89.00813008130082,4.189181836592422,0.039130710112285166,7.471544715447155,3.3420896450875186,0.08317593782094568
CDMS-10-5A-HEPIHO-CorrEtiq.txt,190.0,93.30250481695569,188.60693641618496,20.83622350674374,4.585741811175337,0.0,2.811175337186898,36.410404624277454,93.28516377649326,91.4393063583815,4.06763182769841,0.03883608146970963,7.217726396917149,3.306527859420778,0.09475428669397075
CDMS-10-5A-KSRAGU-CorrEtiq.txt,190.0,91.66433566433567,189.0,23.51048951048951,5.181818181818182,2.4195804195804196,2.993006993006993,22.552447552447553,91.66433566433567,90.55944055944056,4.15475069632444,0.039300258511793106,7.118881118881119,3.343296858883295,0.06335145982739623
CDMS-10-5A-SROPU-CorrEtiq.txt,190.0,93.21818181818182,189.0,32.74545454545454,12.818181818181818,3.5090909090909093,5.0181818181818185,6.363636363636363,93.21818181818182,91.83636363636364,4.059535862028547,0.034913941001925415,9.636363636363637,3.7318823292221714,0.06930123355958201
CDMS-10-5A-SZURO-CorrEtiq.txt,190.0,84.425,189.0,37.25,2.9571428571428573,0.8214285714285714,1.6785714285714286,48.92857142857143,84.425,83.48571428571428,4.515517565633949,0.04312702647780558,7.307142857142857,3.3831081772996825,0.08701656388841192
CDMS-10-5B-SRAJA-CorrEtiq.txt,190.0,95.19277108433735,189.0,23.72289156626506,3.5481927710843375,1.2108433734939759,2.4096385542168677,37.91566265060241,95.19277108433735,93.84939759036145,4.00190363474714,0.03674882424802974,7.150602409638554,3.270636790065153,0.11090573976670808
CDMS-10-5C-DAAUSA-CorrEtiq.txt,190.0,84.50938337801608,189.0,32.17426273458445,10.742627345844504,1.4638069705093835,5.769436997319035,94.08579088471849,84.50938337801608,83.47721179624665,4.491802500207143,0.0429465039630117,7.3083109919571045,3.2498241385575506,0.12626551780270803
CDMS-10-5C-JFALGI-CorrEtiq.txt,190.0,85.70588235294117,189.0,31.84313725490196,13.313725490196079,0.0,3.588235294117647,254.58823529411765,85.70588235294117,83.15686274509804,4.41511349858865,0.04242831449370546,7.921568627450981,3.1771065579979823,0.21396164176736573
CDMS-10-5C-MAORTO-CorrEtiq.txt,190.0,76.67181467181467,189.0,36.95752895752896,17.617760617760617,5.111969111969112,6.158301158301159,101.54054054054055,76.67181467181467,75.76833976833977,4.979525002603666,0.04962013210421536,6.370656370656371,2.9682232978642795,0.15137705487872596
CDMS-10-5C-NBEMO-CorrEtiq.txt,190.0,79.272030651341,189.0,33.475095785440615,8.743295019157088,6.862068965517241,5.873563218390805,46.724137931034484,79.272030651341,78.31800766283524,4.788633961332549,0.04696483975164621,6.394636015325671,3.067768670768076,0.11584509626998724
CDMS-10-6B-ASCACO-CorrEtiq.txt,190.0,75.99270072992701,189.0,38.54744525547445,3.5547445255474455,0.0,2.5839416058394162,87.92700729927007,75.99270072992701,74.78102189781022,5.0087347624068395,0.05268688802695149,6.189781021897811,2.9126469942967823,0.2327880068501318
CDMS-10-6B-JJMOBE-CorrEtiq.txt,190.0,86.49763033175356,189.0,26.075829383886255,9.156398104265403,0.07582938388625593,6.2559241706161135,53.86255924170616,86.49763033175356,85.56398104265404,4.409649309896843,0.043086915432411395,7.440758293838862,3.331360199980753,0.07631405960374323
CDMS-11-4A-GACHSA-CorrEtiq.txt,190.0,72.82876712328768,189.0,43.33732876712329,9.54623287671233,3.0445205479452055,4.926369863013699,103.64554794520548,72.82876712328768,72.1318493150685,5.21117591265665,0.05342272096601792,6.289383561643835,3.043744890848949,0.16901491010593314
CDMS-11-5A-EAARCA-CorrEtiq.txt,190.0,86.31764705882352,189.0,31.129411764705882,5.0,1.0,3.0,75.18823529411765,86.31764705882352,84.72941176470589,4.380218236156015,0.041814694771182936,6.823529411764706,3.2509594404243245,0.16470301430938297
CDMS-11-5A-MGTHAR-CorrEtiq.txt,190.0,75.19565217391305,188.96376811594203,41.26086956521739,10.05072463768116,4.72463768115942,4.326086956521739,177.0144927536232,75.18840579710145,74.27536231884058,5.029674822528478,0.05011070714840657,6.77536231884058,3.0318942825358364,0.15144264512393468
CDMS-11-6A-DFVEBE-CorrEtiq.txt,190.0,90.44444444444444,188.26666666666668,23.033333333333335,2.7333333333333334,6.655555555555556,2.0166666666666666,20.038888888888888,90.43888888888888,88.56666666666666,4.168301378043343,0.039434141737255526,7.366666666666666,3.3063100431653085,0.09556522906909218
CDMS-11-6A-NMREPR-CorrEtiq.txt,190.0,85.53846153846153,189.0,32.38034188034188,2.9401709401709404,0.0,2.3205128205128207,47.0940170940171,85.53846153846153,84.55982905982906,4.432406024886289,0.043013423616145054,7.743589743589744,3.3073559707281306,0.10955916234778756
CDMS-11-6B-ARAHE-CorrEtiq.txt,190.0,79.2,188.15384615384616,38.41025641025641,2.3692307692307693,5.815384615384615,1.8307692307692307,47.04615384615385,79.2,76.55384615384615,4.757183357021071,0.0466793268954345,6.871794871794871,3.1783494125548994,0.059093434709618343
CDMS-11-6B-AVROTO-CorrEtiq.txt,190.0,94.04310344827586,189.0,20.517241379310345,1.5172413793103448,0.0,1.5172413793103448,23.310344827586206,94.04310344827586,93.18103448275862,4.026054261731258,0.03833586279034423,8.068965517241379,3.482538274493631,0.06560063866683068
CDMS-11-6B-EAFESA-CorrEtiq.txt,190.0,83.0047619047619,189.0,33.857142857142854,7.614285714285714,2.653968253968254,3.4238095238095236,18.668253968253968,83.0047619047619,82.1,4.608919748169242,0.04457886069766657,7.087301587301587,3.286647038795665,0.10009990684325837
CDMS-11-6B-EFRGR-CorrEtiq.txt,190.0,76.10822510822511,189.0,44.086580086580085,8.29004329004329,3.9523809523809526,2.324675324675325,363.73160173160176,76.10822510822511,75.22077922077922,4.979588169386515,0.04929921544525434,5.922077922077922,3.106362539701243,0.16641368184587416
CDMS-11-6B-EROCO-CorrEtiq.txt,190.0,80.82178217821782,187.96039603960395,30.762376237623762,14.396039603960396,1.3564356435643565,6.445544554455446,78.72277227722772,80.81188118811882,79.01980198019803,4.668272392840612,0.04677104609185989,6.683168316831683,3.1412085319218996,0.15867096653057955
CDMS-11-6B-JACUPE-CorrEtiq.txt,190.0,76.88571428571429,188.27428571428572,31.03047619047619,18.10857142857143,10.836190476190476,9.514285714285714,71.20571428571428,76.88380952380952,75.5447619047619,4.927026073802253,0.04879075761893469,6.371428571428571,3.057979699990889,0.14270318890679695
CDMS-11-6B-JDCHBA-CorrEtiq.txt,190.0,79.86382113821138,189.0,34.15243902439025,26.327235772357724,5.83130081300813,10.65650406504065,57.146341463414636,79.86382113821138,78.8048780487805,4.764989093856614,0.04577833190396758,6.914634146341464,3.173840586559773,0.15731607517180987
CDMS-11-6B-JFSAHE-CorrEtiq.txt,190.0,90.25206611570248,188.400826446281,24.929752066115704,4.818181818181818,0.0,4.363636363636363,79.20247933884298,90.25206611570248,89.45867768595042,4.176953759360039,0.03954866696304107,6.458677685950414,3.2494667312665166,0.04859560000001908
CDMS-11-6B-JLPENA-CorrEtiq.txt,190.0,100.6891891891892,185.3918918918919,12.216216216216216,10.878378378378379,3.804054054054054,7.8108108108108105,13.054054054054054,100.64864864864865,93.9054054054054,3.6861359520566874,0.03225451364281746,8.567567567567568,3.7361089006345862,0.0873150372088118
CDMS-11-6B-JMARME-CorrEtiq.txt,190.0,83.85347432024169,188.55740181268882,31.070996978851962,9.034743202416918,0.7009063444108762,4.188821752265861,58.41087613293051,83.85196374622356,82.80211480362537,4.510234579297035,0.04418049744360043,6.83987915407855,3.2150831531718715,0.13830535707713007
CDMS-11-6B-JPSAMA-CorrEtiq.txt,190.0,94.86055776892431,188.56972111553785,22.792828685258964,10.055776892430279,0.9362549800796812,4.49800796812749,17.298804780876495,94.85657370517929,92.85657370517929,3.98387721832182,0.03619698258025385,7.713147410358566,3.5425379513708757,0.08536054648231874
CDMS-11-6B-LESTA-CorrEtiq.txt,190.0,75.90977443609023,189.0,35.5187969924812,8.714285714285714,1.0526315789473684,4.037593984962406,102.24812030075188,75.90977443609023,75.15789473684211,4.990609351949575,0.05245724518572281,5.661654135338346,2.9527462898185504,0.10914396916969964
CDMS-11-6B-MAGIMU-CorrEtiq.txt,190.0,72.90196078431373,189.0,40.287581699346404,13.509803921568627,0.6339869281045751,5.980392156862745,193.73202614379085,72.90196078431373,72.11111111111111,5.21542822278708,0.05498549799492837,5.758169934640523,2.929741883856542,0.16955249333746314
CDMS-11-6B-MEBRTA-CorrEtiq.txt,190.0,83.296,189.0,25.928,20.728,6.24,8.28,35.496,83.296,82.344,4.5421569439053515,0.04385653940692335,6.688,3.2225614965058162,0.10866494825940244
CDMS-11-6B-MMAMO-CorrEtiq.txt,190.0,91.04225352112677,189.0,20.03380281690141,4.735211267605634,1.4873239436619718,3.8309859154929575,35.01690140845071,91.04225352112677,90.06760563380281,4.160466809626145,0.0402053615442496,6.788732394366197,3.2167803821355836,0.12253017356819204
CDMS-11-6B-RSECA-CorrEtiq.txt,190.0,83.47598253275109,189.0,29.851528384279476,18.676855895196507,1.3100436681222707,6.240174672489083,66.36244541484716,83.47598253275109,82.43231441048034,4.572769273907559,0.04539427604395298,6.751091703056769,3.188471927875796,0.10322530798525692
CDMS-11-6B-SCAPA-CorrEtiq.txt,190.0,92.61538461538461,189.0,26.173076923076923,1.9423076923076923,0.0,1.5,29.96153846153846,92.61538461538461,91.23076923076923,4.082260305839883,0.03804625692362544,6.538461538461538,3.2306293062270806,0.06453894775945998
CDMS-11-6B-VZAPE-CorrEtiq.txt,190.0,77.92436974789916,189.0,45.42016806722689,14.268907563025211,3.831932773109244,6.218487394957983,45.705882352941174,77.92436974789916,76.84873949579831,4.867865126657486,0.045155184388224724,7.26890756302521,3.243141820237621,0.07150860395080406
CDMS-11-6B-YLNIME-CorrEtiq.txt,190.0,83.05439330543933,189.0,27.97907949790795,5.347280334728033,0.0,2.502092050209205,64.52301255230125,83.05439330543933,82.14644351464435,4.556486478814266,0.04665857533261329,6.656903765690377,3.1104593841819237,0.12199064572779612
CDMS-11-7C-ICARE-CorrEtiq.txt,190.0,88.2710843373494,189.0,28.403614457831324,10.439759036144578,0.9156626506024096,6.204819277108434,33.704819277108435,88.2710843373494,86.78915662650603,4.314233682279584,0.04053905530591499,8.234939759036145,3.4920491645107945,0.12180214617072452
CDMS-11-7C-IMOIB-CorrEtiq.txt,190.0,91.86595744680851,189.0,21.74255319148936,5.006382978723404,4.1553191489361705,3.168085106382979,19.182978723404254,91.86595744680851,90.9063829787234,4.124034098561084,0.03852645299821169,7.017021276595744,3.3723052613862805,0.10742124954149956
CDMS-11-7C-SALMA-CorrEtiq.txt,190.0,83.35102040816327,189.0,39.755102040816325,5.918367346938775,0.0,2.9306122448979592,72.11428571428571,83.35102040816327,82.32244897959184,4.549305843646573,0.042913288047505764,6.644897959183673,3.1598173660647317,0.11784682373741384
CDMS-11-7C-SPGAVE-CorrEtiq.txt,190.0,85.3956043956044,188.73901098901098,30.557692307692307,4.052197802197802,5.725274725274725,2.881868131868132,73.60164835164835,85.39285714285714,83.95879120879121,4.428596646100435,0.04210009098768361,6.736263736263736,3.21152973050912,0.12782224035861325
CDMS-12-5A-SRIGO-CorrEtiq.txt,190.0,85.48036253776435,189.0,30.06646525679758,4.794561933534744,2.8549848942598186,2.8610271903323263,17.516616314199396,85.48036253776435,84.49244712990937,4.441454651812894,0.043098492699681974,6.667673716012085,3.2401575698763834,0.09385170253002288
CDMS-12-6A-FAROPA-CorrEtiq.txt,190.0,88.072,189.0,28.5,4.1,2.476,2.788,22.768,88.072,86.888,4.303088832358127,0.04087844832203118,6.972,3.3022631073587263,0.08941473978873504
CDMS-12-6A-JGIGA-CorrEtiq.txt,190.0,80.875,189.0,33.625,18.82608695652174,2.6739130434782608,7.309782608695652,74.2445652173913,80.875,79.75,4.689464823379592,0.045563728676372525,6.733695652173913,3.112699129718274,0.1255387324818133
CDMS-12-6A-JSOTGU-CorrEtiq.txt,190.0,82.05354558610709,189.0,30.625180897250363,8.955137481910276,3.9826338639652676,4.40520984081042,64.4630969609262,82.05354558610709,81.2069464544139,4.631549090075725,0.04609320718483534,7.134587554269175,3.2362408510204905,0.12778841124350146
CDMS-12-6A-SROAL-CorrEtiq.txt,190.0,90.53846153846153,189.0,26.53846153846154,12.740384615384615,1.3269230769230769,3.0064102564102564,40.080128205128204,90.53846153846153,89.45192307692308,4.201349772990938,0.03967358361128413,7.05448717948718,3.346749692043402,0.07437146389057239
CDMS-12-6B-IJDAGA-CorrEtiq.txt,190.0,85.04863221884499,189.0,27.11550151975684,11.750759878419453,8.653495440729483,6.2948328267477205,30.741641337386017,85.04863221884499,84.0030395136778,4.4936642780585485,0.042789802754920454,7.133738601823708,3.251282537078304,0.09959769448501005
CDMS-12-6B-SCLAG-CorrEtiq.txt,190.0,79.07692307692308,189.0,32.88859416445624,10.12997347480106,4.636604774535809,5.427055702917772,48.46949602122016,79.07692307692308,78.26259946949602,4.80464830465548,0.04833331606037774,6.572944297082228,3.1600538518312478,0.10569656118847254
CDMS-12-7C-ARAHE-CorrEtiq.txt,190.0,83.75757575757575,189.0,28.87878787878788,6.681818181818182,0.0,5.984848484848484,78.33333333333333,83.75757575757575,82.75757575757575,4.51467809640389,0.044511024903626524,6.303030303030303,3.0568111074473414,0.1739596701080791
CDMS-12-7C-CATRAR-CorrEtiq.txt,190.0,89.20631067961165,187.8859223300971,28.810679611650485,6.470873786407767,0.0,3.6019417475728157,46.96601941747573,89.20145631067962,87.14805825242719,4.237764105387272,0.039967666946207854,7.218446601941747,3.309661946071454,0.09088864122566712
CDMS-12-7C-DLOLO-CorrEtiq.txt,190.0,83.10756972111554,189.0,30.625498007968126,3.2071713147410357,0.8446215139442231,1.3745019920318724,76.11553784860558,83.10756972111554,82.31075697211155,4.560976744568703,0.046024919989400864,6.637450199203188,3.0572069119972642,0.19375815300128693
CDMS-12-7C-JSZAOR-CorrEtiq.txt,190.0,101.32727272727273,189.0,15.054545454545455,7.0,1.5454545454545454,4.0,16.581818181818182,101.32727272727273,99.98181818181818,3.7332746152077534,0.03318489828840205,8.290909090909091,3.638693401038318,0.08170150686779751
CDMS-12-7C-MAROBE-CorrEtiq.txt,190.0,92.90186915887851,189.0,24.602803738317757,6.873831775700935,0.14018691588785046,4.266355140186916,15.233644859813085,92.90186915887851,91.77570093457943,4.114357925947842,0.03846389931900119,7.242990654205608,3.455085146002501,0.11273872970718635
CDMS-12-7C-VQURA-CorrEtiq.txt,190.0,91.47121535181236,188.32622601279317,25.622601279317696,5.486140724946695,0.326226012793177,3.5522388059701493,48.513859275053306,91.45415778251599,89.17484008528784,4.129609616760787,0.03863661793763351,7.501066098081023,3.3881083528008316,0.1036744258792952
CDMS-13-6B-ASUMO-CorrEtiq.txt,190.0,91.0,184.4,19.28,5.52,2.0,5.52,53.28,90.6,79.84,4.056037922763233,0.038561249424762536,8.92,3.4406524320830116,0.15221653941266636
CDMS-13-6B-JDTAHE-CorrEtiq.txt,190.0,89.50666666666666,187.69333333333333,25.973333333333333,10.813333333333333,4.06,3.2,36.56,89.50666666666666,87.18,4.207133626497576,0.03957883928758281,7.566666666666666,3.3626490170294088,0.10645511922030206
CDMS-13-7C-MVEAR-CorrEtiq.txt,190.0,74.87841191066998,188.53101736972704,28.746898263027294,7.029776674937965,8.928039702233251,2.893300248138958,50.31017369727047,74.87096774193549,73.23325062034739,5.042610717734338,0.05437723255306152,6.004962779156328,2.8980401226921764,0.16744162111932392
CDMS-13-7C-SSOSLO-CorrEtiq.txt,190.0,82.42389210019267,188.6917148362235,30.92485549132948,4.622350674373796,4.905587668593449,3.341040462427746,90.26782273603082,82.41811175337187,80.91522157996147,4.609015176389018,0.04525422209883412,6.454720616570327,3.124492518899826,0.13609321465129748
CDMS-14-10A-IMORTO-CorrEtiq.txt,190.0,84.06716417910448,189.0,29.996268656716417,10.977611940298507,1.1119402985074627,5.727611940298507,22.809701492537314,84.06716417910448,83.23880597014926,4.534103441540479,0.044476172807467414,6.891791044776119,3.31805516414787,0.10139112428232915
CDMS-14-10A-JCVANI-CorrEtiq.txt,190.0,95.57777777777778,189.0,21.733333333333334,8.447222222222223,1.3916666666666666,4.566666666666666,9.327777777777778,95.57777777777778,94.40833333333333,3.963557271082143,0.0359110055013091,7.658333333333333,3.4895779056235785,0.052390134274385027
CDMS-14-5A-LSDUCO-CorrEtiq.txt,190.0,73.21176470588236,189.0,41.76470588235294,19.08235294117647,2.184313725490196,6.250980392156863,156.70980392156864,73.21176470588236,72.47058823529412,5.189558380953304,0.053320995923277055,5.780392156862745,3.0144867230191696,0.13250686159325917
CDMS-14-6B-KDCAHE-CorrEtiq.txt,190.0,83.83806818181819,188.4630681818182,28.485795454545453,15.451704545454545,4.7414772727272725,7.122159090909091,66.78693181818181,83.82954545454545,81.9659090909091,4.517270827142889,0.0434120959658409,7.005681818181818,3.331233760650721,0.10308434658246622
CDMS-15-10A-AMALOS-CorrEtiq.txt,190.0,83.16363636363636,189.0,26.830909090909092,12.858181818181817,4.574545454545454,7.583636363636364,17.214545454545455,83.16363636363636,82.31454545454545,4.564033895566884,0.04443955386617235,6.432727272727273,3.1711608468097667,0.06761535123891013
CDMS-15-10A-JJMACH-CorrEtiq.txt,190.0,98.44243070362474,188.79850746268656,20.79850746268657,3.692963752665245,1.775053304904051,1.9115138592750534,23.04051172707889,98.44136460554371,97.10127931769723,3.8457377230800938,0.03449597028982873,7.314498933901919,3.4685664263186986,0.07189546690658316
CDMS-15-10A-MAALCA-CorrEtiq.txt,190.0,88.69,189.0,24.23,7.32,2.1333333333333333,3.95,20.98,88.69,87.70333333333333,4.29355732589083,0.04155199566717519,6.68,3.2502104233359153,0.08741375199388617
CDMS-15-10A-MAALRI-CorrEtiq.txt,190.0,97.27350427350427,189.0,20.555555555555557,12.250712250712251,1.6552706552706553,6.398860398860399,15.39031339031339,97.27350427350427,96.25641025641026,3.9002410745427536,0.03465238928805246,8.131054131054132,3.656145421987464,0.06798924979744639
CDMS-15-10A-SGOMO-CorrEtiq.txt,190.0,96.4875,189.0,23.583333333333332,1.4833333333333334,0.9333333333333333,1.4833333333333334,19.4,96.4875,95.2875,3.9212614653072664,0.03546247873352854,7.395833333333333,3.4738790751374506,0.1076635735286477
CDMS-15-10A-SHEGA-CorrEtiq.txt,190.0,85.21189591078067,189.0,24.34200743494424,5.297397769516729,0.8996282527881041,4.806691449814126,36.52416356877323,85.21189591078067,84.30111524163569,4.451489143361718,0.04471819474037676,6.33457249070632,3.093170492255486,0.15470424377847786
CDMS-15-11B-JEMOLO-CorrEtiq.txt,190.0,88.25210084033614,189.0,28.541634835752483,6.333078686019863,2.568372803666921,3.572192513368984,25.825821237585945,88.25210084033614,87.29640947288006,4.3013694201845425,0.04061849016214653,7.153552330022919,3.3594123947896213,0.08025601886517922
CDMS-15-11B-VSAHO-CorrEtiq.txt,190.0,84.85443037974683,189.0,32.24050632911393,7.1645569620253164,2.411392405063291,3.329113924050633,24.39240506329114,84.85443037974683,83.5379746835443,4.4684362225381316,0.04286267865177848,6.613924050632911,3.263547393372548,0.0811697096248719
CDMS-16-10A-SGALO-CorrEtiq.txt,190.0,86.11333333333333,189.0,27.01,5.89,0.6533333333333333,4.07,27.313333333333333,86.11333333333333,85.13,4.400536576865909,0.04316003889581422,6.613333333333333,3.2587590132383735,0.08464931992463644
CDMS-16-11B-NGABE-CorrEtiq.txt,190.0,96.18591549295775,188.54084507042253,19.8,7.614084507042254,0.9802816901408451,5.146478873239436,13.261971830985916,96.18591549295775,94.68169014084508,3.9267557720683834,0.03566109040972222,7.109859154929578,3.3849982944556056,0.10045265981655924
CDMS-17-10A-ASSAMO-CorrEtiq.txt,190.0,101.99371069182389,189.0,21.30817610062893,1.6163522012578617,0.0,1.0566037735849056,16.867924528301888,101.99371069182389,100.79245283018868,3.7088230670084057,0.03241470487474041,7.584905660377358,3.562385566133911,0.0912715183099213
CDMS-18-7C-VVECA-CorrEtiq.txt,190.0,86.97797356828194,188.87224669603523,32.37885462555066,7.110132158590308,0.44933920704845814,4.013215859030837,43.61674008810573,86.97797356828194,85.82819383259911,4.346957113635137,0.04073550130462427,6.991189427312776,3.2157489340152825,0.16121706130707403
CDMS-8-4A-DBEVA-CorrEtiq.txt,190.0,76.359477124183,189.0,34.21568627450981,22.124183006535947,2.673202614379085,5.562091503267974,206.98692810457516,76.359477124183,75.33986928104575,4.957738155139558,0.05142101177900036,5.9869281045751634,2.8674702980065705,0.19101965456685677
CDMS-8-4A-DJAVDA-CorrEtiq.txt,190.0,70.57894736842105,188.30701754385964,44.94736842105263,26.56140350877193,10.921052631578947,8.298245614035087,132.23684210526315,70.37719298245614,68.60526315789474,5.341435356723896,0.0521564465223276,6.9298245614035086,2.9110718152669968,0.17641416926169562
CDMS-8-4A-DOSTR-CorrEtiq.txt,190.0,80.60952380952381,189.0,36.80761904761905,13.08,5.3028571428571425,5.491428571428571,189.91619047619048,80.60952380952381,79.58095238095238,4.7345954668788535,0.04530713981737309,7.371428571428571,3.2550727781574658,0.12746717841927005
CDMS-8-4A-LGOPA-CorrEtiq.txt,190.0,76.24472573839662,188.957805907173,39.13502109704641,20.72151898734177,1.7552742616033756,6.856540084388186,134.44725738396625,76.24472573839662,74.82278481012658,4.991299739914499,0.05011171778715457,7.025316455696203,3.1549828191447817,0.16252878400562878
CDMS-8-4C-JDBUTU-CorrEtiq.txt,190.0,74.01522842639594,188.81218274111674,37.82233502538071,18.441624365482234,11.47715736040609,8.472081218274111,49.56345177664975,74.01522842639594,72.84263959390863,5.117077484559715,0.05064772930203008,5.9238578680203045,2.937480511798064,0.1821825739321529
CDMS-9-4A-ACDUTR-CorrEtiq.txt,190.0,78.46103896103897,189.0,36.47402597402598,6.071428571428571,4.922077922077922,3.3181818181818183,107.58441558441558,78.46103896103897,77.40259740259741,4.830289530769215,0.04792321451219929,6.285714285714286,2.9758901586864095,0.15453319611124566
CDMS-9-4A-CARGA-CorrEtiq.txt,190.0,82.38928571428572,189.0,33.589285714285715,5.571428571428571,2.2285714285714286,2.585714285714286,76.64285714285714,82.38928571428572,81.37142857142857,4.619350741468011,0.04573641601712521,6.689285714285714,3.1197685837412266,0.15340124109410577
CDMS-9-4A-CRAAG-CorrEtiq.txt,190.0,75.22666666666667,188.41333333333333,42.92666666666667,25.433333333333334,5.033333333333333,6.7,229.43333333333334,75.20666666666666,73.01333333333334,5.029787193441429,0.049726133266979486,6.833333333333333,3.010335456923725,0.19487405086818269
CDMS-9-4A-EROHI-CorrEtiq.txt,190.0,82.25581395348837,189.0,35.12093023255814,9.283720930232558,5.134883720930232,2.3674418604651164,32.56744186046512,82.25581395348837,81.33488372093024,4.612279914188749,0.04464060907397817,7.1720930232558135,3.371405273298184,0.09477136693290124
CDMS-9-4A-ILOSE-CorrEtiq.txt,190.0,76.74090909090908,189.0,41.53181818181818,2.213636363636364,0.0,1.55,188.62272727272727,76.74090909090908,75.85,4.98322659496385,0.051211799286670336,6.2,3.0188283163305156,0.1017355505360879
CDMS-9-4A-TGAFR-CorrEtiq.txt,190.0,78.952,189.0,43.912,16.616,1.456,6.04,370.016,78.952,78.024,4.7898919379792995,0.04476086720294504,5.928,2.992179300097587,0.12638774816422393
CDMS-9-4C-SCAMO-CorrEtiq.txt,190.0,100.08333333333333,188.13888888888889,17.86111111111111,1.8888888888888888,1.0,1.8888888888888888,27.694444444444443,100.08333333333333,98.36111111111111,3.7609471096558784,0.033787033830958615,7.138888888888889,3.50598071117316,0.07605200042523091
CDMS-9-5A-ABERO-CorrEtiq.txt,190.0,78.34146341463415,188.58536585365854,35.98780487804878,14.231707317073171,5.128048780487805,3.5884146341463414,68.04268292682927,78.33841463414635,77.09451219512195,4.838349610005686,0.04833435322329606,6.3932926829268295,3.1258631735897295,0.10011652729860543
CDMS-9-5A-PAGACO-CorrEtiq.txt,190.0,78.92207792207792,189.0,30.837662337662337,6.941558441558442,3.0194805194805197,4.675324675324675,56.811688311688314,78.92207792207792,77.83766233766234,4.808931430708502,0.04937313362600358,6.6558441558441555,3.1864414193292796,0.10756218306300991
CDMS-9-5A-VVAAR-CorrEtiq.txt,190.0,82.36065573770492,189.0,36.09836065573771,12.524590163934427,3.737704918032787,6.032786885245901,116.26229508196721,82.36065573770492,80.85245901639344,4.591871436901323,0.04309742809159215,7.688524590163935,3.162918615138065,0.1482105897294956
CDMS-9-5C-JDMADE-CorrEtiq.txt,190.0,92.64102564102564,189.0,27.615384615384617,12.58974358974359,8.576923076923077,6.358974358974359,16.987179487179485,92.64102564102564,90.74358974358974,4.095008106563368,0.03574514457399716,8.35897435897436,3.6187555134897966,0.097694613598205
CDMS-9-5C-LVIZAC-CorrEtiq.txt,190.0,91.45454545454545,189.0,26.26839826839827,8.272727272727273,2.645021645021645,4.2813852813852815,51.874458874458874,91.45454545454545,90.2987012987013,4.14459933109041,0.03788596751212862,7.588744588744588,3.4349451796911543,0.09507673438022858
CDMS-9-5C-MLOGO-CorrEtiq.txt,190.0,81.63978494623656,189.0,33.924731182795696,6.139784946236559,3.7688172043010755,3.096774193548387,116.39784946236558,81.63978494623656,80.51612903225806,4.631770777702679,0.04530655249296502,8.166666666666666,3.2702472162860583,0.20899714073458914
CDMS-9-5C-SCAAG-CorrEtiq.txt,190.0,81.95138888888889,188.61111111111111,30.520833333333332,6.229166666666667,2.7083333333333335,4.256944444444445,53.916666666666664,81.90972222222223,79.72916666666667,4.616950484056017,0.046304244769155414,7.666666666666667,3.2864620582226984,0.09287507409674017
CDMS-XX-10A-VGILO-CorrEtiq.txt,190.0,87.00925925925925,188.41666666666666,27.262345679012345,1.4197530864197532,6.348765432098766,1.0339506172839505,11.666666666666666,87.0,84.94444444444444,4.337614195023954,0.04176137077718406,6.824074074074074,3.3250775030213884,0.0793476390201398
CDMS-XX-5C-MJSARU-CorrEtiq.txt,190.0,89.98395721925134,189.0,26.25133689839572,10.27807486631016,2.2459893048128343,6.989304812834225,39.657754010695186,89.98395721925134,88.90374331550802,4.204167057588888,0.03863056092940015,7.598930481283422,3.3174327160899755,0.10798722896648587
CDMS-XX-5C-MPCAQU-CorrEtiq.txt,190.0,76.54861111111111,189.0,35.72222222222222,8.215277777777779,0.5208333333333334,3.5208333333333335,108.76388888888889,76.54861111111111,75.75,4.959720309884101,0.05213430076087208,5.993055555555555,2.9832920014056388,0.1464694630071799
CDMS-XX-6A-MAGICA-CorrEtiq.txt,190.0,89.20749279538904,188.67435158501442,26.930835734870318,5.762247838616715,0.8270893371757925,2.639769452449568,34.15994236311239,89.20749279538904,88.19596541786744,4.2449565609343285,0.040545443956241045,7.4193083573487035,3.3849746544281856,0.08095590828604286
CDMS-XX-6B-SPUCA-CorrEtiq.txt,190.0,88.48496993987976,189.0,30.33066132264529,22.88577154308617,0.6452905811623246,6.693386773547094,23.442885771543086,88.48496993987976,87.50300601202404,4.287596074670245,0.039562875644894344,6.615230460921843,3.2911759421311606,0.09748660842818693
CSO-10-4A-ICAPA-CorrEtiq.txt,190.0,75.88034188034187,188.74928774928776,40.40455840455841,15.21082621082621,0.7606837606837606,5.843304843304844,73.61253561253561,75.88034188034187,75.15384615384616,4.979432352305243,0.04996862410065454,5.911680911680912,2.9481349857883807,0.22034399986010633
CSO-10-4A-KCOMO-CorrEtiq.txt,190.0,80.14369501466275,189.0,34.56598240469208,11.378299120234605,2.501466275659824,5.607038123167156,52.457478005865106,80.14369501466275,79.13489736070382,4.739515071493002,0.046820913539332966,7.407624633431085,3.1629774550904712,0.1287683658363199
CSO-10-4A-LRAVI-CorrEtiq.txt,190.0,82.14285714285714,188.0,36.285714285714285,21.0,0.0,8.0,103.85714285714286,82.14285714285714,78.28571428571429,4.5780584387954635,0.04313925044668554,7.928571428571429,3.215539792614147,0.17584638246575765
CSO-10-4A-LSCAVA-CorrEtiq.txt,190.0,95.86184210526316,189.0,33.24342105263158,50.68421052631579,0.5657894736842105,9.177631578947368,23.986842105263158,95.86184210526316,93.67105263157895,3.948387060876009,0.03276871652165498,9.019736842105264,3.91046195374076,0.08904819263206933
CSO-10-5A-ACAVA-CorrEtiq.txt,190.0,89.14285714285714,189.0,24.687074829931973,2.5850340136054424,5.619047619047619,2.2244897959183674,29.496598639455783,89.14285714285714,88.20408163265306,4.246314665188531,0.04018600608708509,7.149659863945578,3.238480092035761,0.10993094429241089
CSO-10-5A-ARACA-CorrEtiq.txt,190.0,85.35678391959799,185.5929648241206,26.331658291457288,2.5376884422110555,5.633165829145729,1.8391959798994975,17.180904522613066,85.35175879396985,83.27638190954774,4.3535465467414065,0.04245386172701533,6.9798994974874375,3.282984227803136,0.07916260426901327
CSO-10-5A-DABRZA-CorrEtiq.txt,190.0,74.76923076923077,188.78280542986425,43.03846153846154,16.18099547511312,3.2828054298642533,6.764705882352941,93.70361990950227,74.76923076923077,73.92533936651584,5.068280186066399,0.04995378085099924,6.5588235294117645,3.112828762425332,0.1399047386259834
CSO-10-5A-GZAMA-CorrEtiq.txt,190.0,82.55172413793103,188.65086206896552,30.448275862068964,8.612068965517242,0.8146551724137931,4.7155172413793105,64.09267241379311,82.55172413793103,81.78448275862068,4.583179028833863,0.0457939623164551,6.556034482758621,3.1264623069278645,0.13475749713860907
CSO-10-5A-IPECA-CorrEtiq.txt,190.0,83.67256637168141,189.0,29.300884955752213,3.8230088495575223,0.37168141592920356,2.7876106194690267,77.90265486725664,83.67256637168141,82.57522123893806,4.52720232644866,0.04544305277441245,6.292035398230088,3.0724339521635167,0.11620044226711802
CSO-10-5A-JANORO-CorrEtiq.txt,190.0,89.4,188.21290322580646,22.038709677419355,11.425806451612903,1.1225806451612903,5.490322580645161,31.232258064516127,89.4,87.65806451612903,4.21418739330599,0.04045131867956923,6.961290322580645,3.241113178153758,0.11654245737374827
CSO-10-5A-JBUVE-CorrEtiq.txt,190.0,91.22068965517241,189.0,27.868965517241378,13.50344827586207,2.717241379310345,3.268965517241379,66.49655172413793,91.22068965517241,89.93103448275862,4.146359543474978,0.03790641178221731,6.5793103448275865,3.3635474770702234,0.0735977235455872
CSO-10-5A-JJSEMO-CorrEtiq.txt,190.0,80.26515151515152,188.5909090909091,34.083333333333336,18.106060606060606,1.606060606060606,3.4015151515151514,144.5,80.26515151515152,79.25757575757575,4.707437053114134,0.04713781335270644,6.287878787878788,3.037593547981459,0.132840445615544
CSO-10-5A-JLCARI-CorrEtiq.txt,190.0,94.78260869565217,188.0,21.47826086956522,6.608695652173913,2.0,3.608695652173913,13.08695652173913,94.78260869565217,93.30434782608695,3.967201840505893,0.03620929336795065,7.304347826086956,3.515836971095093,0.09575825803631555
CSO-10-5A-MAARAN-CorrEtiq.txt,190.0,75.208,189.0,45.156,13.272,1.264,4.292,72.552,75.208,74.408,5.03221417482227,0.04983945274513555,6.496,2.9675882624142984,0.22640216549571746
CSO-10-5A-MAOSMO-CorrEtiq.txt,190.0,93.61461794019934,189.0,22.6843853820598,2.7940199335548175,0.654485049833887,2.3687707641196014,22.272425249169434,93.61461794019934,92.578073089701,4.060422637333378,0.03821806573178555,7.674418604651163,3.4800235563213686,0.06284510373790972
CSO-10-5A-RVMOIB-CorrEtiq.txt,190.0,89.73941368078177,189.0,22.78827361563518,3.726384364820847,1.257328990228013,3.1628664495114007,40.498371335504885,89.73941368078177,88.6514657980456,4.228944007341057,0.040984109225026155,7.06514657980456,3.221315165582101,0.09796007767484015
CSO-10-5A-SVHEES-CorrEtiq.txt,190.0,76.79842931937172,189.0,32.51570680628272,8.00523560209424,4.62041884816754,4.136125654450262,60.30628272251309,76.79842931937172,75.98952879581152,4.9603759268121355,0.0516500528528143,5.698952879581152,2.894906238493842,0.1408677270176098
CSO-11-5A-MDVOSPE-CorrEtiq.txt,190.0,80.97235023041475,188.5299539170507,33.93087557603687,11.09216589861751,0.8847926267281107,2.921658986175115,88.09216589861751,80.97235023041475,79.91244239631337,4.683396804791341,0.04733459391964103,6.714285714285714,3.153263975363485,0.1343852855561042
CSO-11-5A-MTAGA-CorrEtiq.txt,190.0,89.02209944751381,189.0,25.331491712707184,16.70718232044199,2.6464088397790055,4.226519337016574,26.325966850828728,89.02209944751381,88.1657458563536,4.260390492142029,0.04052200809271666,7.093922651933702,3.36507802631917,0.06485464863380062
CSO-11-6A-CAPAMU-CorrEtiq.txt,190.0,94.366568914956,187.41055718475073,22.06158357771261,2.768328445747801,2.30791788856305,2.0175953079178885,28.75366568914956,94.33431085043988,89.90029325513197,3.982301261708554,0.03675704669868573,8.40175953079179,3.464132186983189,0.09490978520432351
CSO-11-6A-DSCACH-CorrEtiq.txt,190.0,92.89,189.0,26.38,2.0,0.68,1.0,19.64,92.89,91.49,4.070331889519252,0.03773035463330872,7.16,3.4171080975773145,0.058738970210942425
CSO-11-6A-EROMO-CorrEtiq.txt,190.0,88.83561643835617,189.0,29.123287671232877,27.19178082191781,0.6438356164383562,11.26027397260274,32.19178082191781,88.83561643835617,87.26027397260275,4.264614359748329,0.03861066483738114,7.3561643835616435,3.3818411929734746,0.09033078919928794
CSO-11-6A-FSOVRE-CorrEtiq.txt,190.0,77.42944785276073,188.30674846625766,38.01840490797546,10.383435582822086,1.7822085889570551,5.371165644171779,118.5920245398773,77.420245398773,75.68711656441718,4.896768570740788,0.049488779307265834,6.319018404907975,3.091865896739729,0.14519056038160363
CSO-11-6B-ANREVA-CorrEtiq.txt,190.0,83.60747663551402,189.0,33.06542056074766,6.420560747663552,1.5467289719626167,4.079439252336448,53.7196261682243,83.60747663551402,82.66355140186916,4.528732111916754,0.04388394420070444,6.5514018691588785,3.116427761223968,0.13398393724751376
CSO-11-6B-DISEMO-CorrEtiq.txt,190.0,99.73529411764706,185.5,19.352941176470587,5.588235294117647,1.0,3.588235294117647,17.08823529411765,99.5,91.55882352941177,3.7204312275853852,0.032825086351791606,8.705882352941176,3.644758958983524,0.07392584837128996
CSO-11-6B-LHFDLACH-CorrEtiq.txt,190.0,90.18888888888888,188.47037037037038,30.40740740740741,20.7,2.3740740740740742,6.792592592592593,96.11851851851851,90.18888888888888,89.00740740740741,4.187044102701528,0.03739310904929123,7.774074074074074,3.467637222510814,0.07762937830700156
CSO-11-6B-RJGIHE-CorrEtiq.txt,190.0,85.19339622641509,189.0,24.85377358490566,9.014150943396226,3.910377358490566,3.688679245283019,93.58490566037736,85.19339622641509,84.20754716981132,4.444698842613473,0.0440815004658996,6.132075471698113,3.024752725613069,0.1917064321703931
CSO-11-6B-SFLVA-CorrEtiq.txt,190.0,76.1,189.0,34.93333333333333,13.593333333333334,7.913333333333333,6.706666666666667,126.64666666666666,76.1,75.14666666666666,4.994438003565694,0.04966726116735848,6.22,3.0237819731643536,0.2022931875260214
CSO-11-6B-VCOMA-CorrEtiq.txt,190.0,92.37410071942446,189.0,27.050359712230215,5.503597122302159,0.6690647482014388,4.338129496402877,71.77697841726619,92.37410071942446,91.35251798561151,4.093930177932238,0.03725574329657058,7.870503597122302,3.381700162090438,0.0868183600782268
CSO-12-6A-DGISE-CorrEtiq.txt,190.0,87.02777777777777,189.0,31.11111111111111,9.962962962962964,8.898148148148149,5.981481481481482,31.175925925925927,87.02777777777777,85.75925925925925,4.347174696277893,0.03911543425651592,7.583333333333333,3.4738128057128255,0.07433212891830526
CSO-12-6A-FJOVRE-CorrEtiq.txt,190.0,82.96067415730337,188.1573033707865,28.55056179775281,6.224719101123595,2.5842696629213484,4.314606741573034,66.0505617977528,82.95505617977528,80.88764044943821,4.539371804009833,0.04511822585197536,6.438202247191011,3.0483145537531255,0.13445723955375757
CSO-12-6B-GQULO-CorrEtiq.txt,190.0,79.76923076923077,189.0,33.14102564102564,11.10897435897436,5.602564102564102,5.794871794871795,30.30128205128205,79.76923076923077,78.92307692307692,4.743933155034595,0.04616094577196745,6.698717948717949,3.1715932248057923,0.10711308646917701
CSO-12-6B-LJHEFE-CorrEtiq.txt,190.0,90.75438596491227,189.0,23.31286549707602,13.119883040935672,2.1052631578947367,4.9678362573099415,37.78362573099415,90.75438596491227,89.76023391812865,4.1854499191114085,0.039278448599610036,6.701754385964913,3.305924311186614,0.11858394758292598
CSO-12-7A-DALRE-CorrEtiq.txt,190.0,73.1978021978022,188.37637362637363,45.90934065934066,4.835164835164835,4.200549450549451,3.2994505494505493,138.98901098901098,73.1978021978022,72.47252747252747,5.1523469322141535,0.05150841415488277,6.4532967032967035,3.059519368111937,0.17522833367772023
CSO-12-7A-ESALA-CorrEtiq.txt,190.0,81.71929824561404,189.0,35.94736842105263,6.473684210526316,0.0,3.473684210526316,100.19298245614036,81.71929824561404,79.9298245614035,4.63382391269497,0.04553997310737619,7.245614035087719,3.0813148346167334,0.15404400028515117
CSO-12-7A-IMERO-CorrEtiq.txt,190.0,87.76138828633405,189.0,26.542299349240782,18.492407809110627,2.0954446854663775,6.683297180043384,45.07592190889371,87.76138828633405,86.75488069414317,4.318113603946917,0.04079926654847431,7.45119305856833,3.3574120671615977,0.10741112333993288
CSO-12-7A-JHEZA-CorrEtiq.txt,190.0,97.83458646616542,186.90977443609023,17.56390977443609,6.7894736842105265,4.887218045112782,4.977443609022556,20.804511278195488,97.81203007518798,92.38345864661655,3.8274164023921577,0.033888374170277395,8.022556390977444,3.5844635018382514,0.1303367280274079
CSO-12-7A-LSARAR-CorrEtiq.txt,190.0,81.38157894736842,189.0,37.03947368421053,16.44736842105263,0.0,5.828947368421052,36.35526315789474,81.38157894736842,80.28947368421052,4.658673946066209,0.044929184817070304,6.552631578947368,3.2025910711928427,0.14961896715971384
CSO-12-7A-SCAHO-CorrEtiq.txt,190.0,88.44690265486726,188.93805309734512,30.765486725663717,9.274336283185841,0.8362831858407079,4.610619469026549,47.24778761061947,88.43362831858407,86.99115044247787,4.276761318216629,0.039576996440178785,8.63716814159292,3.431922529466906,0.0975589066935855
CSO-12-7B-DVAGRO-CorrEtiq.txt,190.0,89.97340425531915,189.0,27.30851063829787,8.808510638297872,4.25531914893617,5.51595744680851,44.787234042553195,89.97340425531915,88.75531914893617,4.220945003010225,0.03841396687672499,7.117021276595745,3.3920313302742136,0.0808231609167695
CSO-12-7B-SMUGU-CorrEtiq.txt,190.0,79.42307692307692,189.0,30.361538461538462,2.7846153846153845,2.7384615384615385,2.3230769230769233,100.61538461538461,79.42307692307692,78.53076923076924,4.760659623350995,0.04935130079569797,6.276923076923077,3.0552386063700547,0.1318354745434592
CSO-12-7B-SSARA-CorrEtiq.txt,190.0,92.65533980582525,189.0,23.16990291262136,4.635922330097087,2.737864077669903,2.9174757281553396,31.145631067961165,92.65533980582525,91.28155339805825,4.087740772348327,0.03791993200236263,7.70873786407767,3.455851195286707,0.05354070872940603
CSO-12-7B-VHOMA-CorrEtiq.txt,190.0,103.19576719576719,188.83333333333334,20.383597883597883,4.203703703703703,3.2301587301587302,2.240740740740741,18.227513227513228,103.19576719576719,101.58201058201058,3.6882133441292786,0.031722311917010006,8.603174603174603,3.717943191278819,0.07903927886074502
CSO-12-8A-YTOME-CorrEtiq.txt,190.0,78.97142857142858,189.0,31.264285714285716,7.7214285714285715,0.6071428571428571,4.935714285714286,64.17857142857143,78.97142857142858,77.83571428571429,4.814885295510895,0.05007983158663651,6.164285714285715,2.987952749458578,0.1861704278082085
CSO-13-6A-ANASA-CorrEtiq.txt,190.0,91.60282574568289,189.0,29.46938775510204,8.627943485086343,0.5463108320251178,4.844583987441131,19.55259026687598,91.60282574568289,90.55102040816327,4.147512015014316,0.037581324333132375,7.609105180533752,3.474475791664375,0.06518391694512794
CSO-13-6B-JETAVE-CorrEtiq.txt,190.0,76.69298245614036,189.0,43.666666666666664,2.926900584795322,1.105263157894737,2.4064327485380117,116.7719298245614,76.69298245614036,75.96783625730994,4.954184644572147,0.04944168868205617,5.982456140350878,3.0082580346243053,0.138269913707142
CSO-13-6B-LFMIES-CorrEtiq.txt,190.0,88.04,187.56,28.616,4.008,2.128,2.92,42.104,87.808,81.128,4.267061957534907,0.0403035245152363,10.976,3.5670601405598417,0.13925516890758002
CSO-13-6B-LJMAHU-CorrEtiq.txt,190.0,71.27624309392266,185.61878453038673,61.78453038674033,19.955801104972377,0.5580110497237569,6.723756906077348,36.408839779005525,71.15469613259668,68.45303867403315,5.294446356487271,0.04789228547526845,7.044198895027624,3.2638362948883586,0.06630374751107031
CSO-13-7A-CAPAMU-CorrEtiq.txt,190.0,85.40046838407494,187.4519906323185,31.208430913348945,16.770491803278688,3.7775175644028103,7.77751756440281,59.28337236533958,85.33021077283372,83.31381733021077,4.395142163891311,0.04060560071668633,7.620608899297424,3.4752649798439377,0.085902965112879
CSO-13-7A-CDDITR-CorrEtiq.txt,190.0,87.4040404040404,189.0,28.09090909090909,5.666666666666667,1.2525252525252526,3.4242424242424243,39.101010101010104,87.4040404040404,86.38383838383838,4.32782366035389,0.04163755742348607,6.555555555555555,3.212468426599245,0.08835533614716065
CSO-13-7A-JJATFL-CorrEtiq.txt,190.0,88.31147540983606,189.0,29.131147540983605,7.655737704918033,0.8032786885245902,4.311475409836065,79.52459016393442,88.31147540983606,87.21311475409836,4.282075382297917,0.04017348372217577,6.327868852459017,3.025956793501648,0.14588643856954917
CSO-13-7A-KRAMA-CorrEtiq.txt,190.0,82.06818181818181,189.0,36.69318181818182,8.943181818181818,1.7954545454545454,4.375,32.94318181818182,82.06818181818181,81.11363636363636,4.6131523104130725,0.04405860374031581,6.943181818181818,3.151026266370891,0.08902826736902139
CSO-13-7A-RXCHLU-CorrEtiq.txt,190.0,85.56122448979592,189.0,21.408163265306122,6.071428571428571,0.0,4.704081632653061,63.19387755102041,85.56122448979592,84.54081632653062,4.422230358273402,0.045151331588128084,6.020408163265306,3.014543917333688,0.17470116098149815
CSO-13-7A-YAMEZA-CorrEtiq.txt,190.0,87.20642978003384,189.0,28.871404399323183,5.861252115059222,3.1810490693739424,4.707275803722505,48.712351945854486,87.20642978003384,86.25888324873097,4.350092887466011,0.041033741969211814,6.844331641285956,3.2946624339843558,0.09605458111462922
CSO-13-8A-KIGAGU-CorrEtiq.txt,190.0,79.30188679245283,189.0,35.64150943396226,9.20754716981132,7.235849056603773,5.4245283018867925,65.90566037735849,79.30188679245283,78.61320754716981,4.769932290830273,0.045962592722727034,6.2075471698113205,3.117590365756095,0.13631152869082058
CSO-13-8A-MBUAN-CorrEtiq.txt,190.0,86.49528301886792,188.83726415094338,27.620283018867923,10.731132075471699,2.5070754716981134,3.8466981132075473,41.4622641509434,86.48113207547169,85.10849056603773,4.3966409346246165,0.0426412730211995,7.870283018867925,3.4682412553081345,0.07705682213041525
CSO-13-8A-MGAAN-CorrEtiq.txt,190.0,95.74285714285715,189.0,25.00408163265306,13.26530612244898,1.836734693877551,6.485714285714286,21.355102040816327,95.74285714285715,94.55918367346939,3.9512159313991964,0.03448260966831168,7.073469387755102,3.383589894004853,0.0825556688154341
CSO-13-8A-MGAHE-CorrEtiq.txt,190.0,84.4608695652174,189.0,29.779710144927535,1.3855072463768117,1.6347826086956523,0.9565217391304348,85.66666666666667,84.4608695652174,83.64637681159421,4.492295708893453,0.04486948162996433,6.194202898550724,3.165736276579602,0.09064551415063518
CSO-13-8A-MJAGA-CorrEtiq.txt,190.0,78.28472222222223,189.0,39.65972222222222,10.868055555555555,11.993055555555555,6.756944444444445,43.388888888888886,78.28472222222223,77.3125,4.839561761487805,0.045816246536901785,6.729166666666667,3.157490436236441,0.11677947689780349
CSO-13-8A-VHODU-CorrEtiq.txt,190.0,83.28478964401295,189.0,24.262135922330096,5.4627831715210355,2.3042071197411005,4.061488673139158,47.13592233009709,83.28478964401295,82.4336569579288,4.542751293678116,0.04630994657783629,6.851132686084142,3.012467831810963,0.19264591943687018
CSO-13-8B-FCJISA-CorrEtiq.txt,190.0,96.0,189.0,22.903846153846153,12.64423076923077,0.7596153846153846,4.4423076923076925,30.115384615384617,96.0,94.5576923076923,3.942885105846755,0.035617055210486866,9.25,3.6294677399421555,0.11195427021460193
CSO-13-8B-JEMABE-CorrEtiq.txt,190.0,75.32876712328768,187.78538812785388,48.48858447488585,4.958904109589041,1.6529680365296804,2.82648401826484,99.27397260273973,75.31506849315069,73.47488584474885,4.9926171326118,0.04848546371227234,6.392694063926941,3.0328782951418987,0.14234882221434939
CSO-13-9B-DMLLLU-CorrEtiq.txt,190.0,78.25333333333333,189.0,35.053333333333335,6.04,1.8533333333333333,4.346666666666667,87.10666666666667,78.25333333333333,77.28,4.83281874570722,0.0490137016008213,6.16,2.995939032608297,0.13969422288674474
CSO-14-7A-MVEBE-CorrEtiq.txt,190.0,87.66666666666667,189.0,24.0,3.0,2.0,3.0,58.333333333333336,87.66666666666667,86.16666666666667,4.3119122257053295,0.042121293123698895,9.5,3.3508197451661768,0.2131714160168943
CSO-14-7B-EALHU-CorrEtiq.txt,190.0,84.17532467532467,189.0,35.8051948051948,5.6558441558441555,0.43506493506493504,3.155844155844156,108.72727272727273,84.17532467532467,83.33766233766234,4.495464368269235,0.04289788236454957,6.142857142857143,3.16479636967968,0.13330138038214237
CSO-14-7B-EVEGO-CorrEtiq.txt,190.0,93.03591954022988,189.0,26.488505747126435,6.915229885057471,0.4583333333333333,3.6048850574712645,44.92816091954023,93.03591954022988,92.05603448275862,4.066404644823242,0.037140829103445884,7.718390804597701,3.442449704166961,0.1014707153429013
CSO-14-8A-AQUMA-CorrEtiq.txt,190.0,83.11711711711712,189.0,22.72072072072072,11.792792792792794,1.0,5.315315315315315,38.270270270270274,83.11711711711712,82.25225225225225,4.554573045659357,0.04713517096131252,5.387387387387387,2.8466967877341944,0.17545072236705955
CSO-14-8A-MCIDOS-CorrEtiq.txt,190.0,83.90259740259741,187.46753246753246,35.9025974025974,3.9675324675324677,1.6363636363636365,2.6103896103896105,112.96753246753246,83.86363636363636,79.33766233766234,4.472537983909396,0.042640700150288736,8.116883116883116,3.3610470759781257,0.1075036561611965
CSO-14-8A-SZARA-CorrEtiq.txt,190.0,82.94818652849742,189.0,31.6580310880829,7.067357512953368,5.6217616580310885,5.66321243523316,92.09844559585493,82.94818652849742,82.06217616580311,4.563520736206147,0.04325660818155818,6.7357512953367875,3.2153408421267433,0.07868847076910798
CSO-14-8B-JLLORA-CorrEtiq.txt,190.0,84.82481751824818,189.0,28.54014598540146,2.883211678832117,3.3065693430656933,2.854014598540146,60.78102189781022,84.82481751824818,83.75912408759125,4.461058101418637,0.04367707033952312,6.554744525547445,3.0530722428647734,0.14724018196199884
CSO-14-9A-AEDCAGO-CorrEtiq.txt,190.0,96.15408805031447,188.15408805031447,20.534591194968552,10.232704402515724,1.8742138364779874,5.89622641509434,47.4874213836478,96.14779874213836,93.50943396226415,3.922105172065954,0.035101530229826566,7.940251572327044,3.5340390953919654,0.06960807545655986
CSO-14-9A-HASACA-CorrEtiq.txt,190.0,85.82352941176471,188.8470588235294,29.905882352941177,7.7176470588235295,1.0,5.552941176470588,11.964705882352941,85.81176470588235,83.75294117647059,4.410075317166324,0.04234231600745672,7.317647058823529,3.212681215944295,0.08822095738590367
CSO-14-9A-JSMAAL-CorrEtiq.txt,190.0,88.16285714285715,188.46,27.574285714285715,8.462857142857143,3.6885714285714286,5.12,34.42285714285714,88.12857142857143,86.37428571428572,4.279936163725187,0.040121994163835065,7.36,3.3400531099618442,0.1427689241225839
CSO-14-9A-MARJA-CorrEtiq.txt,190.0,84.61009174311927,189.0,31.05504587155963,1.9220183486238531,0.3211009174311927,1.7706422018348624,72.85321100917432,84.61009174311927,83.53211009174312,4.475364583500569,0.044260027842529366,7.6192660550458715,3.3332812338047457,0.13325740716801768
CSO-14-9A-SORZU-CorrEtiq.txt,190.0,83.36024844720497,187.96273291925465,33.267080745341616,17.58385093167702,3.217391304347826,6.77639751552795,86.07453416149069,83.22981366459628,80.53416149068323,4.530327062022002,0.042842772523508973,8.055900621118013,3.373728353456234,0.1360949051001042
CSO-14-9B-ERAGA-CorrEtiq.txt,190.0,77.24886877828054,188.4660633484163,28.809954751131222,10.57918552036199,4.271493212669683,5.9366515837104075,80.23529411764706,77.24886877828054,75.42081447963801,4.945158178468357,0.0524513966465643,6.624434389140271,3.0327242070400513,0.16881232388422682
CSO-14-9B-MFEGA-CorrEtiq.txt,190.0,82.76470588235294,189.0,32.509803921568626,11.22549019607843,4.313725490196078,5.627450980392157,109.36274509803921,82.76470588235294,81.83333333333333,4.56859457015236,0.04398601101257183,6.450980392156863,3.1535220495444007,0.1758578955730583
CSO-15-10A-LJRAGU-CorrEtiq.txt,190.0,80.9366391184573,187.73553719008265,37.08539944903581,3.325068870523416,0.8705234159779615,1.9146005509641872,83.13498622589532,80.93388429752066,79.58677685950413,4.65252595222059,0.04595454443677461,6.261707988980716,3.0825423376424808,0.16721910458106104
CSO-15-10A-MAARLO-CorrEtiq.txt,190.0,83.01149425287356,187.73180076628353,27.091954022988507,5.421455938697318,2.6628352490421454,4.325670498084291,32.888888888888886,83.00766283524904,81.16858237547893,4.534990536302426,0.045594072618014785,7.187739463601533,3.224452683309035,0.14298088874187667
CSO-15-10A-SFEGA-CorrEtiq.txt,190.0,83.37837837837837,187.45945945945945,34.810810810810814,12.844594594594595,2.189189189189189,6.0608108108108105,165.35135135135135,83.37837837837837,82.41216216216216,4.501913966775924,0.042153243564940684,6.668918918918919,3.274212737627865,0.14530311796400242
CSO-15-10B-MEBUAR-CorrEtiq.txt,190.0,87.77540106951872,189.0,26.41176470588235,14.748663101604278,0.25133689839572193,7.967914438502674,44.224598930481285,87.77540106951872,86.6470588235294,4.309236788888941,0.04057699065060548,7.775401069518717,3.354380339306462,0.13193539107642696
CSO-15-10B-YVBUAN-CorrEtiq.txt,190.0,88.96835443037975,188.4493670886076,25.936708860759495,6.563291139240507,0.810126582278481,2.4873417721518987,37.49367088607595,88.96835443037975,88.15189873417721,4.255156433557658,0.041222558300048645,6.7784810126582276,3.2895742826246015,0.14773100520336685
CSO-15-10C-ALBAHO-CorrEtiq.txt,190.0,83.97101449275362,189.0,30.840579710144926,14.657004830917874,4.758454106280193,6.323671497584541,20.463768115942027,83.97101449275362,82.84057971014492,4.5169356158929626,0.043568713603519896,7.705314009661835,3.359728943073472,0.09437097618011595
CSO-15-10C-SSCAMO-CorrEtiq.txt,190.0,95.165625,189.0,27.190625,16.659375,2.415625,6.346875,52.00625,95.165625,93.9125,3.9976371798092765,0.03492772000145046,7.86875,3.54063353159797,0.08296340673052074
CSO-15-11C-JETALO-CorrEtiq.txt,190.0,82.72107438016529,189.0,32.502066115702476,24.671487603305785,3.822314049586777,11.152892561983471,35.45247933884298,82.72107438016529,81.78099173553719,4.591992131571149,0.042680340490393716,6.619834710743802,3.1829970073570713,0.11549446053047613
CSO-15-8A-VBMABR-CorrEtiq.txt,190.0,79.78197674418605,189.0,36.13081395348837,11.468023255813954,0.5494186046511628,4.625,48.15988372093023,79.78197674418605,79.01453488372093,4.748238957000492,0.047106422032623656,6.587209302325581,3.158424585301897,0.11967069323205902
CSO-15-8B-KEPOGO-CorrEtiq.txt,190.0,95.56906077348066,189.0,20.80110497237569,0.8895027624309392,0.856353591160221,0.292817679558011,35.85635359116022,95.56906077348066,94.32044198895028,3.965162984603779,0.03716527528402513,7.3535911602209945,3.405659796262016,0.09133529156947967
CSO-15-9B-ALRIHE-CorrEtiq.txt,190.0,91.65895953757226,189.0,24.346820809248555,9.300578034682081,3.445086705202312,3.346820809248555,29.052023121387283,91.65895953757226,90.57225433526011,4.1255913646912825,0.03801831364970722,7.473988439306359,3.344287156527425,0.09572195659625296
CSO-15-9B-AMSAGO-CorrEtiq.txt,190.0,98.8,188.26363636363635,20.036363636363635,2.381818181818182,0.0,2.1272727272727274,33.49090909090909,98.74545454545455,95.34545454545454,3.8134607928962723,0.034426507185153936,8.2,3.5920088048253693,0.13416954543931703
CSO-15-9B-JCAPA-CorrEtiq.txt,190.0,86.06,189.0,25.808,7.248,2.408,2.048,43.216,86.06,85.1,4.405572676159527,0.043587035652113755,7.296,3.2331801926750368,0.13230588990184391
CSO-15-9B-KSBEJA-CorrEtiq.txt,190.0,74.68333333333334,189.0,39.55,7.544444444444444,2.611111111111111,5.338888888888889,46.394444444444446,74.68333333333334,73.71666666666667,5.100995340575399,0.05245761376449257,6.0,2.96278442490053,0.1378758163907247
CSO-15-9B-RMCHLU-CorrEtiq.txt,190.0,80.07142857142857,189.0,36.05952380952381,24.428571428571427,0.5238095238095238,7.4226190476190474,108.03571428571429,80.07142857142857,79.2202380952381,4.731736270252982,0.046163033928417016,5.821428571428571,3.0114306977357748,0.14539404069181977
CSO-15-9B-SJAGRO-CorrEtiq.txt,190.0,104.51898734177215,189.0,13.39240506329114,11.645569620253164,0.0,6.3164556962025316,9.164556962025317,104.51898734177215,102.9746835443038,3.6169728699167965,0.03130150635044237,7.746835443037975,3.6119384624428883,0.07797558650783218
CSO-16-10A-JEGAHE-CorrEtiq.txt,190.0,81.93872549019608,189.0,33.056372549019606,11.892156862745098,1.0514705882352942,4.647058823529412,32.193627450980394,81.93872549019608,81.06617647058823,4.621426605576429,0.04557944624875017,6.571078431372549,3.152048683049879,0.12729334677754786
CSO-16-10A-MSACO-CorrEtiq.txt,190.0,96.2128712871287,189.0,17.72772277227723,1.8663366336633664,1.2574257425742574,1.113861386138614,35.445544554455445,96.2128712871287,95.06930693069307,3.9332494211530835,0.037008658060363395,7.554455445544554,3.4334381591450573,0.09467306890863365
CSO-16-10A-SARI-CorrEtiq.txt,190.0,87.8440366972477,179.11009174311926,28.908256880733944,3.229357798165138,3.477064220183486,2.2660550458715596,44.22018348623853,87.78899082568807,79.4954128440367,4.084750984139894,0.03812753617531838,7.495412844036697,3.503911040317963,0.06273610548891538
CSO-16-10A-SMOUT-CorrEtiq.txt,190.0,89.43548387096774,189.0,26.263440860215052,8.989247311827956,3.3091397849462365,4.349462365591398,57.64247311827957,89.43548387096774,88.45698924731182,4.243655074649744,0.039518646351323065,7.510752688172043,3.4038657355328636,0.10395913690341593
CSO-16-10A-YKMUJO-CorrEtiq.txt,190.0,77.26363636363637,189.0,30.645454545454545,7.181818181818182,1.8363636363636364,4.490909090909091,82.97272727272727,77.26363636363637,75.9090909090909,4.903413131562448,0.05187422092187012,6.736363636363636,2.9443285119864275,0.12579108018049717
CSO-16-10B-JESUGU-CorrEtiq.txt,190.0,103.8,189.0,17.7,2.0,1.0,2.0,20.5,103.8,101.9,3.6424739757206064,0.03156204336642545,8.3,3.5208319947349382,0.11156200298206886
CSO-16-10B-LTVIFA-CorrEtiq.txt,190.0,117.60818713450293,189.0,10.274853801169591,2.374269005847953,0.3742690058479532,1.432748538011696,9.350877192982455,117.60818713450293,115.75438596491227,3.2175625488578055,0.025866883623246167,8.935672514619883,4.1073699615506785,0.036518629832817597
CSO-16-10B-VVILI-CorrEtiq.txt,190.0,90.08417508417509,189.0,24.464646464646464,13.303030303030303,1.4276094276094276,5.632996632996633,43.67003367003367,90.08417508417509,89.07407407407408,4.204071189543602,0.03950363952382893,6.700336700336701,3.3453705518844825,0.07882506320921101
CSO-16-10C-ACALGU-CorrEtiq.txt,190.0,88.89169675090253,185.9927797833935,28.31768953068592,8.101083032490974,0.0,3.675090252707581,44.12996389891697,88.87725631768953,86.12274368231047,4.194894192458992,0.03956801774514967,7.1516245487364625,3.3041046942708614,0.08564441953687789
CSO-16-10C-MAVAVE-CorrEtiq.txt,190.0,92.94962216624685,189.0,19.906801007556677,5.93198992443325,1.8816120906801008,3.7052896725440805,31.35264483627204,92.94962216624685,92.0176322418136,4.0900292497939885,0.038749077432673626,7.342569269521411,3.459695376575218,0.08799570490226545
CSO-16-11A-JAVABO-CorrEtiq.txt,190.0,91.66542750929368,189.0,26.53159851301115,9.895910780669144,2.940520446096654,3.483271375464684,18.08921933085502,91.66542750929368,90.66542750929368,4.130194526526184,0.037910891223249345,7.007434944237918,3.3215082577288975,0.12435373903725419
CSO-16-11A-JDMUVA-CorrEtiq.txt,190.0,91.71889400921658,188.97695852534562,26.023041474654377,4.599078341013825,1.5115207373271888,2.815668202764977,20.22119815668203,91.71889400921658,90.72350230414746,4.122751211053738,0.0381786740767655,7.304147465437788,3.3823490173656516,0.1254262848773991
CSO-16-11A-VZAOR-CorrEtiq.txt,190.0,99.58510638297872,187.2127659574468,20.73404255319149,5.872340425531915,3.4893617021276597,4.319148936170213,28.595744680851062,99.58510638297872,96.53191489361703,3.7633021748685125,0.03256924069011931,7.542553191489362,3.534459801613519,0.055688782900211
CSO-16-11B-KRORE-CorrEtiq.txt,190.0,89.98717948717949,189.0,26.05128205128205,3.3846153846153846,0.9935897435897436,2.480769230769231,59.98076923076923,89.98717948717949,88.81410256410257,4.2095235007237415,0.0400514593784227,6.839743589743589,3.2669957922033395,0.11195463906637297
CSO-16-11B-LLOZA-CorrEtiq.txt,190.0,93.26143790849673,188.58823529411765,22.29847494553377,4.570806100217865,2.074074074074074,3.5185185185185186,22.89106753812636,93.26143790849673,92.2483660130719,4.050491636635625,0.037489882872589406,6.85838779956427,3.3456704694357144,0.07075288256588153
CSO-16-11B-YAROMO-CorrEtiq.txt,190.0,99.50251256281408,189.0,17.57286432160804,13.738693467336683,3.4472361809045227,8.22110552763819,9.42713567839196,99.50251256281408,98.19095477386935,3.8033103150798158,0.03291855797696381,7.844221105527638,3.678054866361885,0.08209389972125677
CSO-16-9A-JALEMO-CorrEtiq.txt,190.0,88.93788819875776,189.0,18.25465838509317,7.385093167701863,1.0,5.888198757763975,21.577639751552795,88.93788819875776,87.94409937888199,4.257297610749634,0.04207927688806456,6.6645962732919255,3.184671815911053,0.07166690300015213
CSO-16-9A-JPROSO-CorrEtiq.txt,190.0,99.54054054054055,189.0,20.72072072072072,4.7657657657657655,2.954954954954955,3.8378378378378377,14.522522522522523,99.54054054054055,97.86486486486487,3.8001352463581295,0.032999353138299235,8.585585585585585,3.76302433504391,0.06472415697285142
CSO-16-9A-JSMAGU-CorrEtiq.txt,190.0,85.45303867403315,189.0,32.51381215469613,5.895027624309392,2.0386740331491713,3.712707182320442,117.08839779005525,85.45303867403315,84.5524861878453,4.430289026682709,0.042187036212966184,6.43646408839779,3.119380799699579,0.1177699413283095
CSO-16-9B-SJPAJI-CorrEtiq.txt,190.0,79.39607843137254,189.0,32.15686274509804,3.458823529411765,1.1764705882352942,3.3058823529411763,107.85490196078432,79.39607843137254,78.62352941176471,4.766020017768396,0.04904345172426594,6.003921568627451,2.9928227380270047,0.12674079650105846
CSO-17-10A-YVGOCA-CorrEtiq.txt,190.0,80.43877551020408,189.0,25.377551020408163,13.612244897959183,0.8928571428571429,6.821428571428571,46.10204081632653,80.43877551020408,79.68877551020408,4.710147653142606,0.04922293971653084,6.107142857142857,3.024863498241637,0.14740254412285378
CSO-17-10B-EHECO-CorrEtiq.txt,190.0,94.79245283018868,188.27672955974842,23.89308176100629,2.5283018867924527,1.2578616352201257,2.490566037735849,20.58490566037736,94.75471698113208,91.0880503144654,3.9749854052740465,0.03621389703362408,7.955974842767295,3.4250244989683214,0.08590526047306621
CSO-17-10B-YCQUVE-CorrEtiq.txt,190.0,81.49700598802396,188.5688622754491,32.23353293413174,14.159680638722556,0.908183632734531,6.261477045908183,37.377245508982035,81.48902195608783,79.72455089820359,4.662423425771281,0.04642585245938328,6.5249500998003995,3.148396598141457,0.09932610106522839
CSO-17-11A-DJAPA-CorrEtiq.txt,190.0,83.88541666666667,188.5078125,28.708333333333332,9.8203125,1.4401041666666667,5.966145833333333,42.997395833333336,83.88541666666667,82.54166666666667,4.518363289362369,0.04430596410473935,6.486979166666667,3.16320195220219,0.1025274835742554
CSO-17-11A-JDAMO-CorrEtiq.txt,190.0,79.63084112149532,189.0,36.26168224299065,3.9065420560747666,0.0,2.9158878504672896,80.46728971962617,79.63084112149532,78.66355140186916,4.761700386015914,0.048224885165030505,7.327102803738318,3.2559374415533093,0.09396496105680069
CSO-17-11A-NPAHE-CorrEtiq.txt,190.0,89.45061728395062,189.0,28.40432098765432,5.191358024691358,0.7685185185185185,4.265432098765432,26.74074074074074,89.45061728395062,88.47839506172839,4.2424779376656385,0.03959897734051069,6.459876543209877,3.1555406516266618,0.11324202699548032
CSO-17-11A-RLPAIG-CorrEtiq.txt,190.0,85.636815920398,188.6044776119403,29.86318407960199,15.711442786069652,4.955223880597015,7.422885572139304,29.14179104477612,85.636815920398,84.66417910447761,4.429950158053746,0.04146912052940943,7.08457711442786,3.3052051641306015,0.13010364657314277
CSO-17-11A-SPUVA-CorrEtiq.txt,190.0,76.83505154639175,189.0,42.78350515463917,5.829896907216495,1.7938144329896908,4.448453608247423,191.56185567010309,76.83505154639175,76.16494845360825,4.926240187842993,0.04819333585426245,5.654639175257732,2.967835992353175,0.16556027824268946
CSO-17-11B-CDBEBU-CorrEtiq.txt,190.0,93.95679012345678,189.0,24.62962962962963,14.709876543209877,1.6604938271604939,4.765432098765432,27.78395061728395,93.95679012345678,92.72839506172839,4.026651816735129,0.036242583939471384,7.567901234567901,3.476010606669917,0.13145227833163936
CSO-17-11C-JDAAG-CorrEtiq.txt,190.0,97.68877551020408,189.0,18.48469387755102,7.198979591836735,0.0,4.209183673469388,21.48469387755102,97.68877551020408,96.61224489795919,3.876012384530387,0.03533366192913129,7.622448979591836,3.4763729576209585,0.07266936421458685
CSO-17-11C-MAPAMA-CorrEtiq.txt,190.0,88.12389380530973,189.0,25.63274336283186,6.123893805309734,1.9115044247787611,4.327433628318584,72.12389380530973,88.12389380530973,87.07522123893806,4.300529498559803,0.041127040923921505,6.597345132743363,3.175833439970919,0.1380940989763565
CSO-17-11C-MCAAG-CorrEtiq.txt,190.0,90.02564102564102,189.0,24.932692307692307,10.756410256410257,0.483974358974359,4.964743589743589,27.121794871794872,90.02564102564102,89.08333333333333,4.200982056286264,0.03993719832793464,6.916666666666667,3.344181317274298,0.06707626864697146
CSO-17-11C-SARJA-CorrEtiq.txt,190.0,83.43548387096774,189.0,27.137096774193548,6.92741935483871,0.2661290322580645,4.967741935483871,78.65322580645162,83.43548387096774,82.40322580645162,4.5427362006484096,0.04595469231230029,6.991935483870968,3.1941368940897625,0.12848957754327642
CSO-18-11A-ADBAHO-CorrEtiq.txt,190.0,98.80540540540541,189.0,16.416216216216217,6.313513513513514,0.23783783783783785,5.745945945945946,9.713513513513513,98.80540540540541,97.71891891891892,3.8360586043723983,0.03466126071567558,7.005405405405406,3.4076460881309414,0.09407164885748809
CSO-18-11B-YLLRE-CorrEtiq.txt,190.0,93.81159420289855,189.0,24.339130434782607,10.782608695652174,0.0,3.234782608695652,24.434782608695652,93.81159420289855,92.71014492753623,4.033074423674514,0.03714427143805536,7.559420289855073,3.4191854716182695,0.10431576143052697
CSO-18-9B-MAMOLO-CorrEtiq.txt,190.0,92.1968992248062,189.0,32.8031007751938,15.482170542635659,3.9007751937984496,6.096124031007752,31.730232558139534,92.1968992248062,90.91162790697675,4.1096158229731214,0.035291236550726725,8.217054263565892,3.6752244473786027,0.06984089044832933
CSO-8-3A-AIPRBR-CorrEtiq.txt,190.0,77.37320574162679,189.0,38.36842105263158,2.985645933014354,3.7655502392344498,2.416267942583732,111.51674641148325,77.37320574162679,76.46411483253588,4.909787729521241,0.04941642024688834,6.253588516746412,3.034952575098247,0.14014891773039906
CSO-8-3A-DAPAVA-CorrEtiq.txt,190.0,79.49227373068433,189.0,32.969094922737305,19.083885209713024,4.39514348785872,8.161147902869757,89.13024282560707,79.49227373068433,78.6467991169978,4.777654615191225,0.04693795064540301,6.951434878587197,3.22544411382435,0.1014776157336312
CSO-8-3A-KVPECO-CorrEtiq.txt,190.0,77.7479674796748,187.7479674796748,41.28455284552845,3.105691056910569,3.7398373983739837,2.6666666666666665,81.52845528455285,77.7479674796748,76.47967479674797,4.83541848530008,0.0471987923060882,6.365853658536586,2.934005689933131,0.17789803862682374
CSO-8-4A-ARAGR-CorrEtiq.txt,190.0,87.75,187.61111111111111,26.25,20.11111111111111,2.0,5.888888888888889,51.30555555555556,87.66666666666667,86.52777777777777,4.277029281933787,0.040604804282296486,7.0,3.2838551043797946,0.06452936830006291
CSO-8-4A-JRAAR-CorrEtiq.txt,190.0,73.42857142857143,187.26785714285714,41.285714285714285,9.848214285714286,1.4196428571428572,5.285714285714286,120.59821428571429,73.41964285714286,69.66964285714286,5.131896608302926,0.05291195351831206,7.5625,2.999899579172871,0.12380169292329916
CSO-9-2A-EXMOCO-CorrEtiq.txt,190.0,85.23076923076923,183.48717948717947,28.423076923076923,8.602564102564102,1.3974358974358974,5.448717948717949,71.26923076923077,85.21794871794872,79.83333333333333,4.311183554141228,0.041435802413915535,6.794871794871795,3.17638239251052,0.181199481274515
CSO-9-4A-AGAPE-CorrEtiq.txt,190.0,88.54054054054055,189.0,24.7027027027027,10.72972972972973,0.4864864864864865,5.378378378378378,52.13513513513514,88.54054054054055,86.97297297297297,4.277744041966975,0.041051207676905774,7.45945945945946,3.2340246651024147,0.10827954291906967
CSO-9-4A-DKVIMO-CorrEtiq.txt,190.0,72.88372093023256,188.69767441860466,38.348837209302324,3.7674418604651163,2.39922480620155,2.391472868217054,105.73255813953489,72.88372093023256,72.21705426356588,5.183323879354387,0.05566225509576677,5.903100775193798,2.9108433089149433,0.1333616532808119
CSO-9-4A-DSMOMU-CorrEtiq.txt,190.0,96.89355742296918,188.2689075630252,20.019607843137255,3.504201680672269,4.5854341736694675,2.145658263305322,14.282913165266107,96.88795518207283,94.82072829131653,3.908846612867841,0.03577255667752945,7.745098039215686,3.51003285680029,0.09804896382282662
CSO-9-4A-DVGATO-CorrEtiq.txt,190.0,79.5575221238938,188.20353982300884,31.557522123893804,9.787610619469026,5.6902654867256635,4.84070796460177,64.84070796460178,79.54867256637168,74.94690265486726,4.734761437470996,0.04710638677834318,7.522123893805309,3.163072103858548,0.10898265660150169
CSO-9-4A-EGCAMO-CorrEtiq.txt,190.0,86.44148936170212,189.0,32.101063829787236,22.26063829787234,3.3191489361702127,6.037234042553192,41.420212765957444,86.44148936170212,85.24468085106383,4.379224656766871,0.040251617288935816,7.031914893617022,3.2896305616868826,0.1118640426716637
CSO-9-4A-FAGIGA-CorrEtiq.txt,190.0,84.51948051948052,186.0,21.7012987012987,13.441558441558442,5.623376623376624,7.298701298701299,36.506493506493506,84.46753246753246,80.25974025974025,4.40254907949182,0.04322311236460865,6.753246753246753,3.181081962842779,0.08663709733302832
CSO-9-4A-GSBRCO-CorrEtiq.txt,190.0,71.486646884273,189.0,43.70029673590504,9.074183976261127,5.887240356083086,3.807121661721068,136.08308605341247,71.486646884273,70.78041543026706,5.300613995134105,0.05488058469848601,5.839762611275964,2.919819541654718,0.14873550015382866
CSO-9-4A-KEMOCO-CorrEtiq.txt,190.0,74.02212389380531,189.0,33.796460176991154,7.411504424778761,1.5530973451327434,5.495575221238938,105.99557522123894,74.02212389380531,73.07964601769912,5.115717613984928,0.05528894848477995,6.084070796460177,2.885972327503986,0.16668363118512386
CSO-9-4A-LCOMO-CorrEtiq.txt,190.0,93.5993031358885,189.0,19.62020905923345,9.233449477351916,2.8606271777003482,5.2926829268292686,18.21602787456446,93.5993031358885,92.52961672473867,4.044908259367072,0.03743728708577741,7.804878048780488,3.4800686415155924,0.08273158837588168
CSO-9-4A-MLORO-CorrEtiq.txt,190.0,77.89156626506023,189.0,36.024096385542165,3.36144578313253,2.0120481927710845,1.8433734939759037,280.71084337349396,77.89156626506023,77.10843373493977,4.855464644961529,0.04986348585549592,5.795180722891566,2.937545413713256,0.08537093426934722
CSO-9-4A-MPAME-CorrEtiq.txt,190.0,88.95652173913044,188.0,34.43478260869565,14.0,2.0,5.0,28.434782608695652,88.30434782608695,81.73913043478261,4.229656187001108,0.037531170667248495,9.391304347826088,3.441932018832464,0.08234750378465149
CSO-9-4A-NSARPA-CorrEtiq.txt,190.0,90.13574660633485,188.73755656108597,22.56108597285068,5.239819004524887,2.0542986425339365,5.239819004524887,38.484162895927604,90.13122171945702,88.79638009049773,4.1997705981886435,0.039790844549615956,6.841628959276018,3.1910231321023503,0.10052910157660257
CSO-9-4A-SLOCA-CorrEtiq.txt,190.0,79.37349397590361,189.0,41.28915662650602,2.8012048192771086,2.9518072289156625,2.8012048192771086,255.1867469879518,79.37349397590361,78.33734939759036,4.767972750429448,0.04572853801775849,6.849397590361446,3.1270892002513304,0.21124311410887808
CSO-9-4A-YVDITR-CorrEtiq.txt,190.0,69.64285714285714,188.56493506493507,56.246753246753244,12.720779220779221,0.0,4.467532467532467,276.4935064935065,69.63636363636364,68.8961038961039,5.430333615400284,0.054055361945648875,6.603896103896104,3.0591468153813897,0.17741469094008833
