file,wc,nodes,edges,re,pe,l1,l2,l3,lcc,lsc,atd,density,diameter,asp,cc
CDMS-10-4A-JURAN-CorrEtiq.txt,50.0,34.73362445414847,49.0,2.1397379912663754,1.445414847161572,0.21397379912663755,1.0480349344978166,3.4192139737991267,34.73362445414847,32.751091703056765,2.838637370933635,0.07914408921247093,7.903930131004367,3.643089448939142,0.052742382851675845
CDMS-10-5A-HEPIHO-CorrEtiq.txt,50.0,35.80082987551867,48.86721991701245,2.323651452282158,1.0684647302904564,0.012448132780082987,0.7365145228215768,2.29253112033195,35.78215767634855,33.09751037344398,2.7692627297865773,0.07604200633167693,8.5,3.827502759768484,0.055855206200086584
CDMS-10-5A-KSRAGU-CorrEtiq.txt,50.0,32.95108695652174,49.0,2.9130434782608696,1.1195652173913044,0.7554347826086957,0.657608695652174,0.6304347826086957,32.95108695652174,31.342391304347824,2.985600163183392,0.085743057210733,7.184782608695652,3.4495673333465406,0.048640664960117305
CDMS-10-5A-SROPU-CorrEtiq.txt,50.0,33.0,49.0,5.3090909090909095,2.2,0.8909090909090909,1.4666666666666666,0.9333333333333333,33.0,30.4,2.9955705745567696,0.08067867394873948,8.860606060606061,3.876232289421616,0.05299917111370027
CDMS-10-5A-SZURO-CorrEtiq.txt,50.0,33.62138728323699,49.0,3.7196531791907512,0.6445086705202312,0.2832369942196532,0.4190751445086705,2.3294797687861273,33.62138728323699,31.65606936416185,2.961928335171503,0.08433205875394417,8.260115606936417,3.7126425242542895,0.06353831809136576
CDMS-10-5B-SRAJA-CorrEtiq.txt,50.0,32.40092165898618,49.0,3.2534562211981566,0.5806451612903226,0.22580645161290322,0.511520737327189,2.76036866359447,32.40092165898618,30.622119815668203,3.0396151527687887,0.08966581005789204,7.221198156682028,3.2690289194490614,0.10290568470499226
CDMS-10-5C-DAAUSA-CorrEtiq.txt,50.0,31.678756476683937,49.0,4.575129533678757,2.7642487046632125,0.38082901554404147,1.694300518134715,6.010362694300518,31.678756476683937,29.479274611398964,3.120168031101394,0.08921588704083533,7.453367875647668,3.445247909268666,0.08256379187947774
CDMS-10-5C-ICAPA-CorrEtiq.txt,50.0,27.10909090909091,48.43636363636364,6.0,0.07272727272727272,0.6181818181818182,0.07272727272727272,12.727272727272727,27.054545454545455,24.618181818181817,3.641405093233858,0.12315291818661135,5.345454545454546,2.5151129718708685,0.34569909532769727
CDMS-10-5C-JFALGI-CorrEtiq.txt,50.0,30.606060606060606,49.0,3.981818181818182,1.7030303030303031,0.0,0.9212121212121213,4.6,30.606060606060606,28.78181818181818,3.218838594603537,0.09838983187765507,6.721212121212122,3.0945708793336206,0.1371643060341808
CDMS-10-5C-MAORTO-CorrEtiq.txt,50.0,29.23901098901099,49.0,5.626373626373627,2.706043956043956,1.1428571428571428,1.5302197802197801,5.618131868131868,29.23901098901099,27.318681318681318,3.3886405245150844,0.10092568874560853,6.8708791208791204,3.157445507550326,0.08674448129933413
CDMS-10-5C-NBEMO-CorrEtiq.txt,50.0,30.945558739255013,49.0,4.613180515759312,1.6045845272206303,1.7449856733524356,1.2664756446991403,3.9255014326647566,30.945558739255013,29.040114613180517,3.199057260615626,0.09113439999195812,7.286532951289399,3.42381602639679,0.07520108308750187
CDMS-10-6B-ASCACO-CorrEtiq.txt,50.0,30.6875,49.0,4.477678571428571,0.3705357142857143,0.0,0.3705357142857143,4.325892857142857,30.6875,29.397321428571427,3.209127758720878,0.09807881224781992,6.361607142857143,3.0313383864470578,0.09285387871360033
CDMS-10-6B-JJMOBE-CorrEtiq.txt,50.0,33.58695652173913,49.0,3.3659420289855073,2.0217391304347827,0.0,1.4021739130434783,2.1739130434782608,33.58695652173913,31.394927536231883,2.9416742253507553,0.08238067766110943,8.032608695652174,3.600981861083683,0.04281474099705064
CDMS-11-4A-GACHSA-CorrEtiq.txt,50.0,30.265107212475634,49.0,6.288499025341131,1.530214424951267,0.7212475633528265,0.9590643274853801,5.565302144249513,30.265107212475634,28.746588693957115,3.288544388700732,0.09583483670342934,7.341130604288499,3.429304686438054,0.09447629477742991
CDMS-11-5A-EAARCA-CorrEtiq.txt,50.0,31.431818181818183,49.0,4.676136363636363,0.8409090909090909,0.2784090909090909,0.625,3.2556818181818183,31.431818181818183,29.619318181818183,3.182181936795028,0.09473122258462051,7.170454545454546,3.353194500409593,0.1042940364966157
CDMS-11-5A-MGTHAR-CorrEtiq.txt,50.0,29.88477366255144,49.0,6.2592592592592595,2.1358024691358026,1.008230452674897,1.2592592592592593,5.1440329218107,29.88477366255144,27.51851851851852,3.329412153946686,0.09746745235608144,7.823045267489712,3.4261207862128997,0.08429633074736521
CDMS-11-6A-DFVEBE-CorrEtiq.txt,50.0,33.402255639097746,48.81578947368421,2.3646616541353382,0.5037593984962406,2.1052631578947367,0.5037593984962406,1.699248120300752,33.3984962406015,30.86842105263158,2.9406214318973563,0.08293766293785296,8.071428571428571,3.554761810085005,0.05854816230234618
CDMS-11-6A-NMREPR-CorrEtiq.txt,50.0,33.7891156462585,49.0,4.23469387755102,0.3741496598639456,0.0,0.3231292517006803,1.1258503401360545,33.7891156462585,31.595238095238095,2.9406487400282817,0.08275169593235458,8.39795918367347,3.712544359751572,0.04805074437221082
CDMS-11-6B-ARAHE-CorrEtiq.txt,50.0,32.02302631578947,48.838815789473685,4.7993421052631575,0.3684210526315789,1.5394736842105263,0.3684210526315789,2.414473684210526,32.01315789473684,29.707236842105264,3.0718862888925247,0.086996042767429,7.7105263157894735,3.508438935930699,0.048908345298706996
CDMS-11-6B-AVROTO-CorrEtiq.txt,50.0,35.63186813186813,49.0,3.0549450549450547,0.26373626373626374,0.0,0.26373626373626374,1.7032967032967032,35.63186813186813,31.791208791208792,2.7884753481772435,0.07654965662859067,10.197802197802197,4.279146681879485,0.07619290517995622
CDMS-11-6B-EAFESA-CorrEtiq.txt,50.0,32.87658802177859,49.0,4.422867513611616,1.41016333938294,0.5335753176043557,1.012704174228675,2.0508166969147004,32.87658802177859,30.738656987295826,3.01970688628014,0.08469888545717598,8.326678765880217,3.711299333729895,0.06643103779943556
CDMS-11-6B-EFRGR-CorrEtiq.txt,50.0,30.613095238095237,49.0,6.267857142857143,1.0178571428571428,1.005952380952381,0.6011904761904762,12.267857142857142,30.613095238095237,28.68154761904762,3.232510208123379,0.09246810846708997,7.604166666666667,3.469808632609373,0.10183472725290627
CDMS-11-6B-EROCO-CorrEtiq.txt,50.0,31.18888888888889,48.53888888888889,4.088888888888889,1.45,0.2722222222222222,0.75,4.311111111111111,31.17222222222222,29.072222222222223,3.1336483600135554,0.09356182733358354,7.366666666666666,3.33492912083522,0.05263199035577401
CDMS-11-6B-JACUPE-CorrEtiq.txt,50.0,29.55952380952381,48.654761904761905,4.307539682539683,3.1666666666666665,2.5198412698412698,2.109126984126984,3.5535714285714284,29.53174603174603,27.121031746031747,3.333577835185544,0.09701085315030743,7.267857142857143,3.343131079668839,0.09137356544132237
CDMS-11-6B-JDCHBA-CorrEtiq.txt,50.0,30.93601462522852,49.0,5.001828153564899,4.93418647166362,1.4680073126142597,2.4625228519195614,3.109689213893967,30.93601462522852,28.654478976234003,3.21623741104059,0.09094279178968852,7.83180987202925,3.5531700015221137,0.08550751270531706
CDMS-11-6B-JFSAHE-CorrEtiq.txt,50.0,35.74561403508772,48.85672514619883,2.5292397660818713,0.9912280701754386,0.0,0.9912280701754386,2.5555555555555554,35.728070175438596,32.82748538011696,2.7424410167522386,0.0735950977721451,8.535087719298245,3.804621619949483,0.02716576363309179
CDMS-11-6B-JLPENA-CorrEtiq.txt,50.0,32.40394088669951,48.03448275862069,2.5369458128078817,2.793103448275862,1.3793103448275863,2.1822660098522166,4.482758620689655,32.07881773399015,25.689655172413794,3.004190420190852,0.08514331203415831,9.551724137931034,3.9776761613475102,0.09344787955828524
CDMS-11-6B-JMARME-CorrEtiq.txt,50.0,32.774524158125914,48.856515373352856,3.8257686676427527,2.2972181551976574,0.21522693997071743,1.2825768667642752,3.6427525622254757,32.773060029282576,30.69692532942899,3.0045873532469125,0.08521347935419991,7.89311859443631,3.587507215857015,0.08163337257961766
CDMS-11-6B-JPSAMA-CorrEtiq.txt,50.0,35.54961832061068,48.81297709923664,2.786259541984733,1.5610687022900764,0.37404580152671757,0.9236641221374046,1.1297709923664123,35.538167938931295,32.63358778625954,2.7603587767347006,0.07364601283083708,9.16793893129771,3.993823738520746,0.04406443316541616
CDMS-11-6B-LESTA-CorrEtiq.txt,50.0,31.231404958677686,49.0,4.454545454545454,1.462809917355372,0.4049586776859504,0.8016528925619835,3.5991735537190084,31.231404958677686,29.53305785123967,3.1587896385501946,0.093168143808251,7.309917355371901,3.349098899172484,0.06508375676452316
CDMS-11-6B-MAGIMU-CorrEtiq.txt,50.0,29.97482014388489,49.0,4.874100719424461,1.9712230215827338,0.17625899280575538,1.3129496402877698,7.201438848920863,29.97482014388489,28.514388489208635,3.29821568471628,0.10026562990794184,6.64748201438849,3.1183921559969914,0.1033655536109514
CDMS-11-6B-MEBRTA-CorrEtiq.txt,50.0,30.807407407407407,49.0,4.222222222222222,3.859259259259259,1.6592592592592592,2.362962962962963,1.7925925925925925,30.807407407407407,28.977777777777778,3.2076559051318725,0.09063697692353716,7.874074074074074,3.4714996715741004,0.07100385284175294
CDMS-11-6B-MMAMO-CorrEtiq.txt,50.0,34.55223880597015,49.0,2.5761194029850745,0.7253731343283583,0.6865671641791045,0.7253731343283583,1.4179104477611941,34.55223880597015,32.42686567164179,2.844688996315207,0.07835806569737908,8.056716417910447,3.649053157798345,0.048557850638265745
CDMS-11-6B-RSECA-CorrEtiq.txt,50.0,31.810344827586206,49.0,3.6551724137931036,2.420689655172414,0.22758620689655173,1.3103448275862069,2.6310344827586207,31.810344827586206,30.189655172413794,3.111346664704297,0.091638922335562,6.968965517241379,3.2591650119235367,0.08109652533472718
CDMS-11-6B-SCAPA-CorrEtiq.txt,50.0,34.701388888888886,49.0,3.263888888888889,0.0763888888888889,0.0,0.0763888888888889,2.9375,34.701388888888886,32.31944444444444,2.8475582071204686,0.07945448162858791,8.625,3.7685276920909954,0.02571649470484578
CDMS-11-6B-VZAPE-CorrEtiq.txt,50.0,31.124401913875598,49.0,5.698564593301436,2.9808612440191387,0.937799043062201,1.5789473684210527,1.1818181818181819,31.124401913875598,29.258373205741627,3.175592946665817,0.08890756348370799,7.655502392344498,3.532726998799524,0.04493004636650008
CDMS-11-6B-YLNIME-CorrEtiq.txt,50.0,33.31751824817518,49.0,2.9927007299270074,0.8686131386861314,0.0,0.7518248175182481,2.3795620437956204,33.31751824817518,31.554744525547445,2.9583289407298032,0.0853093154809604,7.835766423357664,3.4956593166839105,0.04718975833122692
CDMS-11-7C-ICARE-CorrEtiq.txt,50.0,32.05042016806723,49.0,4.836134453781512,2.130252100840336,0.28991596638655465,1.4411764705882353,3.5756302521008405,32.05042016806723,29.537815126050422,3.0819330256664896,0.08688216163790922,8.466386554621849,3.7161515137922714,0.0816557422097092
CDMS-11-7C-IMOIB-CorrEtiq.txt,50.0,35.40163934426229,49.0,2.341530054644809,1.221311475409836,0.6693989071038251,0.9453551912568307,1.6120218579234973,35.40163934426229,33.00273224043716,2.7848321021091933,0.07498481405561361,8.918032786885245,3.91952572318692,0.04183820321856093
CDMS-11-7C-SALMA-CorrEtiq.txt,50.0,32.90634441087613,49.0,5.145015105740181,1.244712990936556,0.0,0.7341389728096677,2.782477341389728,32.90634441087613,31.102719033232628,2.992871002216682,0.0829790362409252,8.117824773413897,3.655545449747265,0.06220140259499432
CDMS-11-7C-SPGAVE-CorrEtiq.txt,50.0,33.098591549295776,48.76995305164319,3.807511737089202,1.6854460093896713,1.92018779342723,1.2910798122065728,2.131455399061033,33.08920187793427,29.183098591549296,2.9685492579388337,0.0804737353836096,9.48356807511737,4.051459748909712,0.07148758387940081
CDMS-12-5A-SRIGO-CorrEtiq.txt,50.0,34.46952595936794,49.0,3.0925507900677203,0.8261851015801355,0.5530474040632054,0.6613995485327314,1.1557562076749435,34.46952595936794,32.17381489841986,2.8552450476162567,0.07842638724943926,8.205417607223476,3.677203071654279,0.036731495985495834
CDMS-12-6A-FAROPA-CorrEtiq.txt,50.0,34.642857142857146,49.0,2.3863636363636362,0.6038961038961039,0.6363636363636364,0.564935064935065,0.9318181818181818,34.642857142857146,32.896103896103895,2.839475955346107,0.07856794894736606,7.675324675324675,3.578784764334175,0.03567513496349121
CDMS-12-6A-JGIGA-CorrEtiq.txt,50.0,30.47111111111111,49.0,3.6266666666666665,2.933333333333333,0.4488888888888889,1.7822222222222222,3.2533333333333334,30.47111111111111,29.044444444444444,3.2456515315565984,0.09804470887925197,6.653333333333333,3.0933883724982585,0.05360443460279621
CDMS-12-6A-JSOTGU-CorrEtiq.txt,50.0,30.74903474903475,49.0,4.671814671814672,0.7992277992277992,0.5675675675675675,0.5579150579150579,5.079150579150579,30.74903474903475,29.086872586872587,3.216159342071199,0.09656493790804241,7.276061776061776,3.3218831405467366,0.08951611685706175
CDMS-12-6A-SROAL-CorrEtiq.txt,50.0,34.373655913978496,49.0,2.9059139784946235,1.1155913978494623,0.3951612903225806,0.6747311827956989,1.75,34.373655913978496,32.083333333333336,2.8848642788593066,0.08068450489920381,7.93010752688172,3.651176584446872,0.06117038934129109
CDMS-12-6B-IJDAGA-CorrEtiq.txt,50.0,31.396428571428572,49.0,3.757142857142857,1.4857142857142858,2.5642857142857145,1.3642857142857143,4.853571428571429,31.396428571428572,29.185714285714287,3.146048776053853,0.08879054547699416,8.325,3.6393223462439286,0.07806831767233138
CDMS-12-6B-SCLAG-CorrEtiq.txt,50.0,31.88992974238876,49.0,4.014051522248243,2.0421545667447307,1.1334894613583137,1.3817330210772834,3.8337236533957846,31.88992974238876,29.611241217798593,3.0915463298895594,0.08802430048060628,7.725995316159251,3.506725806822918,0.07487841673405085
CDMS-12-7C-ARAHE-CorrEtiq.txt,50.0,31.713513513513515,49.0,3.6054054054054054,1.7675675675675675,0.0,1.6324324324324324,4.956756756756757,31.713513513513515,29.972972972972972,3.1075407123853642,0.09092309228829491,7.091891891891892,3.238431787696259,0.1047002244283812
CDMS-12-7C-CATRAR-CorrEtiq.txt,50.0,33.44201312910285,48.67833698030635,3.7658643326039387,0.986870897155361,0.0,0.8183807439824945,3.0678336980306344,33.433260393873084,31.091903719912473,2.933048429728012,0.08245619149897221,7.886214442013129,3.5892377634682737,0.05380828350362947
CDMS-12-7C-DLOLO-CorrEtiq.txt,50.0,31.738775510204082,49.0,4.473469387755102,0.39591836734693875,0.2938775510204082,0.19591836734693877,3.3183673469387753,31.738775510204082,29.66122448979592,3.1051986859404908,0.09167782063300894,7.53469387755102,3.3896505506381254,0.11328749155316023
CDMS-12-7C-JSZAOR-CorrEtiq.txt,50.0,35.75187969924812,49.0,1.1879699248120301,1.593984962406015,0.3157894736842105,1.2406015037593985,1.218045112781955,35.75187969924812,33.56390977443609,2.7491185732651435,0.07502761394590175,7.932330827067669,3.6435099934513757,0.04066262675637901
CDMS-12-7C-MAROBE-CorrEtiq.txt,50.0,35.549019607843135,49.0,2.5751633986928106,1.5751633986928104,0.0,1.2287581699346406,1.7549019607843137,35.549019607843135,32.666666666666664,2.7787640376742826,0.07493818942814198,8.794117647058824,3.9017243642590915,0.0704996475623888
CDMS-12-7C-VMAPA-CorrEtiq.txt,50.0,32.84905660377358,49.0,3.9339622641509435,3.547169811320755,0.0,1.1320754716981132,1.3962264150943395,32.84905660377358,30.943396226415093,2.998836595931007,0.08519531866004362,7.226415094339623,3.336627904487963,0.06423725623332495
CDMS-12-7C-VQURA-CorrEtiq.txt,50.0,34.02713178294574,48.83914728682171,3.7151162790697674,1.2848837209302326,0.09496124031007752,0.9457364341085271,3.62015503875969,34.01162790697674,30.61046511627907,2.889275186557498,0.0798067448518978,8.914728682170542,3.861743804287451,0.07028637036695884
CDMS-13-6B-ASUMO-CorrEtiq.txt,50.0,33.85820895522388,47.776119402985074,1.6791044776119404,1.507462686567164,1.044776119402985,1.507462686567164,3.9925373134328357,32.62686567164179,28.44776119402985,2.83545820961085,0.07918117929249238,8.761194029850746,3.7208298307102488,0.08040046470116856
CDMS-13-6B-JDTAHE-CorrEtiq.txt,50.0,33.59839357429719,48.606425702811244,3.317269076305221,1.1606425702811245,0.9839357429718876,0.7791164658634538,3.5100401606425704,33.502008032128515,30.36144578313253,2.9042695215565657,0.08032624038021996,8.433734939759036,3.7182860596925678,0.08988312217165995
CDMS-13-7C-MVEAR-CorrEtiq.txt,50.0,30.55489021956088,48.902195608782435,3.600798403193613,0.7784431137724551,2.197604790419162,0.47105788423153694,2.936127744510978,30.548902195608783,28.97005988023952,3.2305223385067174,0.0973156145770441,6.900199600798403,3.2177616646839216,0.08035779771708018
CDMS-13-7C-RAIZAC-CorrEtiq.txt,50.0,33.52427184466019,49.0,3.2135922330097086,3.8446601941747574,0.47572815533980584,1.912621359223301,0.7281553398058253,33.52427184466019,31.864077669902912,2.935482468459707,0.08025311412660704,7.524271844660194,3.558954000599288,0.04018078523379724
CDMS-13-7C-SSOSLO-CorrEtiq.txt,50.0,31.48353552859619,48.915077989601386,4.195840554592721,0.9930675909878682,1.3206239168110918,0.8162911611785095,5.89948006932409,31.466204506065857,29.181975736568457,3.1460686718323596,0.09102376382571004,7.712305025996534,3.437249264695658,0.10385757400343275
CDMS-14-10A-IMORTO-CorrEtiq.txt,50.0,32.38059701492537,49.0,4.526119402985074,2.264925373134328,0.13805970149253732,1.3955223880597014,2.279850746268657,32.38059701492537,30.671641791044777,3.0461387689674266,0.08578031772509581,7.813432835820896,3.5589862282578886,0.05495350197786195
CDMS-14-10A-JCVANI-CorrEtiq.txt,50.0,35.790361445783134,49.0,2.139759036144578,1.5686746987951807,0.3542168674698795,1.1879518072289157,0.6963855421686747,35.790361445783134,32.44819277108434,2.7627724193294756,0.07409930707446001,9.419277108433734,4.0791883080486615,0.03167829870858253
CDMS-14-5A-LSDUCO-CorrEtiq.txt,50.0,30.031545741324923,49.0,5.287066246056782,3.3785488958990535,0.4637223974763407,1.8675078864353312,5.807570977917981,30.031545741324923,28.182965299684543,3.2797058581753347,0.09632936034049072,7.107255520504732,3.2974439838767022,0.09791103896596899
CDMS-14-6B-KDCAHE-CorrEtiq.txt,50.0,33.05251141552512,48.88812785388128,4.0228310502283104,2.8515981735159817,1.1324200913242009,1.726027397260274,3.146118721461187,32.917808219178085,29.58675799086758,2.982961001779208,0.08107549133099202,8.627853881278538,3.8618713467272023,0.06650770935932841
CDMS-15-10A-AMALOS-CorrEtiq.txt,50.0,33.483760683760686,49.0,3.0358974358974358,2.4752136752136753,1.2478632478632479,1.6837606837606838,1.376068376068376,33.483760683760686,31.36068376068376,2.9451123219661706,0.08027496094625947,7.902564102564103,3.649586176512076,0.032895283591657096
CDMS-15-10A-JJMACH-CorrEtiq.txt,50.0,36.43529411764706,48.9359477124183,2.4745098039215687,0.8954248366013072,0.44836601307189544,0.5660130718954248,2.0941176470588236,36.433986928104574,33.64183006535948,2.7051877656480126,0.0715995161260416,9.491503267973856,4.153219121771456,0.045562821152987536
CDMS-15-10A-MAALCA-CorrEtiq.txt,50.0,34.437869822485204,49.0,2.3224852071005917,1.331360946745562,0.4349112426035503,0.9704142011834319,1.7218934911242603,34.437869822485204,32.44970414201183,2.8623063551539056,0.07974516641253225,7.994082840236686,3.688088177083137,0.06416137009668015
CDMS-15-10A-MAALRI-CorrEtiq.txt,50.0,35.682291666666664,49.0,2.7890625,2.5078125,0.4088541666666667,1.6796875,1.21875,35.682291666666664,32.455729166666664,2.761557384893333,0.07235562407059261,9.78125,4.177622623337461,0.03306923066677072
CDMS-15-10A-SGOMO-CorrEtiq.txt,50.0,35.927215189873415,49.0,2.867088607594937,0.34177215189873417,0.23734177215189872,0.34177215189873417,2.2436708860759493,35.927215189873415,33.53164556962025,2.7359686928433065,0.07320121670660841,8.591772151898734,3.909409454403266,0.0630059407777602
CDMS-15-10A-SHEGA-CorrEtiq.txt,50.0,34.37078651685393,49.0,1.8089887640449438,1.1404494382022472,0.13764044943820225,1.1095505617977528,4.123595505617978,34.37078651685393,32.264044943820224,2.8671169470961537,0.0814485557232288,7.97191011235955,3.5838651112549207,0.10060327786396839
CDMS-15-11B-JEMOLO-CorrEtiq.txt,50.0,34.9199066874028,49.0,3.6034214618973563,1.2931570762052877,0.619751166407465,0.8654743390357699,1.9914463452566096,34.9199066874028,32.10886469673406,2.830589692948333,0.07562874989013821,9.148522550544323,4.031618953794872,0.04609799285563662
CDMS-15-11B-VSAHO-CorrEtiq.txt,50.0,33.32780082987552,49.0,4.481327800829876,1.3070539419087137,0.6099585062240664,0.6473029045643154,1.7759336099585061,33.32780082987552,31.228215767634854,2.9643842227778774,0.08194682745638553,7.941908713692946,3.672390649326656,0.03846043087911757
CDMS-16-10A-SGALO-CorrEtiq.txt,50.0,34.53631284916201,49.0,3.0195530726256985,1.1899441340782122,0.21508379888268156,0.9273743016759777,2.9134078212290504,34.53631284916201,32.04189944134078,2.854804753659865,0.07840313285419226,9.022346368715084,3.9894306469942014,0.06791995498153122
CDMS-16-11B-NGABE-CorrEtiq.txt,50.0,35.8164705882353,48.88470588235294,2.2541176470588233,1.4447058823529413,0.23058823529411765,1.0988235294117648,1.1129411764705883,35.81411764705882,32.91529411764706,2.743589680812156,0.07370596001360656,8.884705882352941,3.926056809215226,0.039451814997945485
CDMS-17-10A-ASSAMO-CorrEtiq.txt,50.0,37.13483146067416,49.0,1.9101123595505618,0.36329588014981273,0.0,0.35580524344569286,1.4606741573033708,37.13483146067416,34.50187265917603,2.647986568641672,0.07031059427990177,9.01123595505618,4.019706424583728,0.046352150292213117
CDMS-18-7C-VVECA-CorrEtiq.txt,50.0,32.10094637223975,48.90851735015773,4.16403785488959,1.4037854889589905,0.15457413249211358,1.113564668769716,3.684542586750789,32.10094637223975,29.99684542586751,3.0688996990485675,0.08838559706754064,7.406940063091483,3.3882419204923866,0.09014606124463134
CDMS-8-4A-DBEVA-CorrEtiq.txt,50.0,29.319702602230482,49.0,4.401486988847584,2.2713754646840147,0.9814126394052045,1.178438661710037,7.219330855018588,29.319702602230482,27.847583643122675,3.3687596034895146,0.1044076093515696,6.297397769516729,3.0183095851778754,0.0884807263811994
CDMS-8-4A-DJAVDA-CorrEtiq.txt,50.0,28.35135135135135,48.846846846846844,5.054054054054054,3.3783783783783785,2.815315315315315,2.0315315315315314,6.657657657657658,28.35135135135135,26.24774774774775,3.486550667092461,0.10410141782618867,6.806306306306307,3.0973085743069855,0.10020938585356345
CDMS-8-4A-DOSTR-CorrEtiq.txt,50.0,30.20855614973262,49.0,5.158645276292335,2.2174688057040997,1.2263814616755793,1.429590017825312,7.490196078431373,30.20855614973262,28.32976827094474,3.2815279536918247,0.09655434994300252,7.17825311942959,3.2859452646337393,0.09614550389590773
CDMS-8-4A-LGOPA-CorrEtiq.txt,50.0,29.84858044164038,48.96845425867508,5.359621451104101,3.44794952681388,0.7476340694006309,1.832807570977918,7.375394321766562,29.675078864353313,27.77287066246057,3.308314402200894,0.09721050535761586,7.6025236593059935,3.4069963119420392,0.1228754018051174
CDMS-8-4C-JDBUTU-CorrEtiq.txt,50.0,29.097560975609756,48.97212543554007,5.418118466898955,4.080139372822299,2.554006968641115,2.1114982578397212,2.947735191637631,29.097560975609756,27.45644599303136,3.401308968438312,0.09976636647679354,6.700348432055749,3.166904572632705,0.08524356846136144
CDMS-9-4A-ACDUTR-CorrEtiq.txt,50.0,31.751851851851853,49.0,3.759259259259259,0.9814814814814815,1.0888888888888888,0.8074074074074075,4.0962962962962965,31.751851851851853,29.848148148148148,3.1136432939960916,0.09045676507468256,7.374074074074074,3.3278277058133496,0.08869172332062453
CDMS-9-4A-CARGA-CorrEtiq.txt,50.0,32.20454545454545,49.0,3.940340909090909,0.8096590909090909,0.6903409090909091,0.5426136363636364,3.3806818181818183,32.20454545454545,30.30965909090909,3.0720092489792794,0.0896868596430126,7.4289772727272725,3.380695673960398,0.09602763331435615
CDMS-9-4A-CRAAG-CorrEtiq.txt,50.0,29.55133079847909,48.81368821292776,5.657794676806084,4.452471482889734,1.11787072243346,1.4866920152091254,9.566539923954373,29.539923954372625,27.55513307984791,3.3651795244168987,0.10059276035762606,6.980988593155893,3.2443314257949627,0.13091311780780923
CDMS-9-4A-EROHI-CorrEtiq.txt,50.0,32.86346863468635,49.0,4.029520295202952,1.029520295202952,1.2915129151291513,0.5129151291512916,2.003690036900369,32.86346863468635,30.95940959409594,3.000032883103426,0.08347376400443932,8.343173431734318,3.705128814271232,0.06605719608499003
CDMS-9-4A-ILOSE-CorrEtiq.txt,50.0,29.98507462686567,49.0,5.634328358208955,0.7947761194029851,0.0,0.6455223880597015,8.261194029850746,29.98507462686567,28.62313432835821,3.309923389439052,0.10151168021885157,6.776119402985074,3.185083178142051,0.08267603464927646
CDMS-9-4A-TGAFR-CorrEtiq.txt,50.0,30.245689655172413,49.0,5.883620689655173,2.5689655172413794,0.27586206896551724,1.4870689655172413,9.40948275862069,30.245689655172413,28.487068965517242,3.2625000029651687,0.09469220354769703,6.668103448275862,3.140333448295056,0.08801111124192379
CDMS-9-4C-SCAMO-CorrEtiq.txt,50.0,36.987096774193546,48.8,1.8774193548387097,0.3096774193548387,0.4838709677419355,0.3096774193548387,0.9419354838709677,36.980645161290326,33.8,2.6448510866924733,0.06983114054157674,9.419354838709678,4.169992575900706,0.036407470696114504
CDMS-9-5A-ABERO-CorrEtiq.txt,50.0,31.97926267281106,48.88709677419355,4.847926267281106,2.161290322580645,1.1912442396313363,1.0368663594470047,2.5668202764976957,31.951612903225808,29.24884792626728,3.1083057764100794,0.08768411367773875,8.241935483870968,3.635439309365682,0.042960897573852554
CDMS-9-5A-PAGACO-CorrEtiq.txt,50.0,32.0234375,49.0,3.3203125,1.515625,0.73828125,1.2265625,3.37109375,32.0234375,30.3203125,3.0832326579460156,0.0894383774112035,7.5,3.4783077896630115,0.06231325124703703
CDMS-9-5A-VVAAR-CorrEtiq.txt,50.0,29.883561643835616,49.0,4.945205479452055,2.6027397260273974,0.6712328767123288,1.9726027397260273,3.5684931506849313,29.883561643835616,28.315068493150687,3.333200414625,0.09910587730747229,6.883561643835616,3.1694361206414903,0.09526198690491558
CDMS-9-5C-JDMADE-CorrEtiq.txt,50.0,32.089285714285715,49.0,4.708333333333333,2.5357142857142856,2.6607142857142856,1.5952380952380953,1.5416666666666667,32.089285714285715,28.791666666666668,3.08058416775771,0.08356289856978713,9.238095238095237,4.04973122400996,0.059337621818284184
CDMS-9-5C-LVIZAC-CorrEtiq.txt,50.0,33.8343949044586,49.0,3.6815286624203822,1.0509554140127388,0.6242038216560509,0.8694267515923567,5.292993630573249,33.8343949044586,31.111464968152866,2.911639916992484,0.07981222769193841,9.085987261146498,3.8572878642018353,0.07309359702653745
CDMS-9-5C-MLOGO-CorrEtiq.txt,50.0,31.035830618892508,49.0,4.390879478827362,0.9739413680781759,1.0684039087947883,0.6156351791530945,7.335504885993485,31.035830618892508,29.026058631921824,3.1858519237892096,0.09398174631396979,7.732899022801303,3.4195691091796143,0.13857076834846113
CDMS-9-5C-SCAAG-CorrEtiq.txt,50.0,33.144067796610166,48.79237288135593,3.4279661016949152,1.1440677966101696,0.576271186440678,0.8983050847457628,3.3813559322033897,33.11864406779661,30.555084745762713,2.973691820726468,0.08436600914572735,8.466101694915254,3.666682959360345,0.08196500010215692
CDMS-XX-10A-VGILO-CorrEtiq.txt,50.0,33.319488817891376,48.843450479233226,3.3482428115015974,0.29073482428115016,1.7156549520766773,0.29073482428115016,1.9105431309904153,33.30990415335463,30.814696485623003,2.9563248283804557,0.0824952764776441,7.993610223642173,3.665969006802284,0.047906606967381776
CDMS-XX-5C-MJSARU-CorrEtiq.txt,50.0,34.53358208955224,49.0,2.2686567164179103,1.9291044776119404,0.3656716417910448,1.6194029850746268,2.4402985074626864,34.53358208955224,31.958955223880597,2.8606841959056197,0.07863756309670969,8.376865671641792,3.7552717582471966,0.06269811288776476
CDMS-XX-5C-MPCAQU-CorrEtiq.txt,50.0,31.601809954751133,49.0,4.32579185520362,1.1131221719457014,0.0,0.7330316742081447,5.6923076923076925,31.601809954751133,29.624434389140273,3.145558391580443,0.09349177338295543,7.402714932126697,3.3715520093078255,0.0918100052283277
CDMS-XX-6A-MAGICA-CorrEtiq.txt,50.0,34.76348547717842,48.881051175656985,2.6749654218533885,0.7842323651452282,0.1950207468879668,0.5892116182572614,1.8893499308437067,34.76348547717842,32.17427385892116,2.825168384731649,0.07834902032074295,8.716459197786998,3.8360367484312303,0.052937669142663034
CDMS-XX-6B-SPUCA-CorrEtiq.txt,50.0,34.17094017094017,49.0,3.217948717948718,3.8525641025641026,0.1047008547008547,1.9252136752136753,1.8974358974358974,34.17094017094017,31.942307692307693,2.8953383050518275,0.07905137763600141,8.536324786324787,3.743844872726605,0.06283466146360882
CSO-10-4A-ICAPA-CorrEtiq.txt,50.0,31.309859154929576,48.8849765258216,4.539906103286385,2.2370892018779345,0.2300469483568075,1.295774647887324,3.147887323943662,31.309859154929576,29.112676056338028,3.1402975827584902,0.09139871944494912,7.55868544600939,3.3680552473605996,0.11216924128927523
CSO-10-4A-KCOMO-CorrEtiq.txt,50.0,30.15011037527594,49.0,5.211920529801325,2.554083885209713,0.8189845474613686,1.6975717439293598,2.988962472406181,30.15011037527594,27.87858719646799,3.3126623059574443,0.09781994708956226,7.364238410596027,3.309281311687828,0.09073436728206159
CSO-10-4A-LRAVI-CorrEtiq.txt,50.0,28.28368794326241,48.858156028368796,5.652482269503546,2.9148936170212765,0.0,1.9858156028368794,6.25531914893617,28.26241134751773,26.645390070921987,3.4747708064893246,0.10794355399044062,6.0212765957446805,2.871332259958359,0.1584426407321239
CSO-10-4A-LSCAVA-CorrEtiq.txt,50.0,35.092664092664094,49.0,4.115830115830116,4.698841698841699,0.1891891891891892,1.9305019305019304,2.115830115830116,35.092664092664094,31.08880308880309,2.8105051459467973,0.07272673173559994,10.054054054054054,4.332276775024171,0.06360015181564245
CSO-10-5A-ACAVA-CorrEtiq.txt,50.0,34.832669322709165,49.0,2.812749003984064,0.7131474103585658,1.4382470119521913,0.6454183266932271,2.2788844621513946,34.832669322709165,31.91235059760956,2.838237960616013,0.07654159701883556,9.00796812749004,3.997771885182477,0.05986182990022379
CSO-10-5A-ARACA-CorrEtiq.txt,50.0,32.81707317073171,47.77235772357724,4.304878048780488,0.540650406504065,1.6829268292682926,0.35365853658536583,1.2845528455284554,31.853658536585368,27.666666666666668,2.9282744950157236,0.08107570673117012,8.130081300813009,3.652513685502977,0.03566554128580243
CSO-10-5A-DABRZA-CorrEtiq.txt,50.0,30.171483622350674,48.90558766859345,6.067437379576108,2.6917148362235066,0.7552986512524085,1.443159922928709,5.196531791907514,30.171483622350674,27.982658959537574,3.324557056389784,0.09740022993846861,8.104046242774567,3.5550320943293703,0.08813128480396011
CSO-10-5A-GZAMA-CorrEtiq.txt,50.0,33.609540636042404,48.91342756183746,3.6625441696113072,1.3957597173144876,0.17314487632508835,0.9823321554770318,3.931095406360424,33.609540636042404,31.537102473498233,2.9463674248619482,0.08288811245458363,8.097173144876326,3.6521630089765558,0.09514665253209317
CSO-10-5A-IPECA-CorrEtiq.txt,50.0,33.582644628099175,49.0,3.4173553719008263,0.8884297520661157,0.17355371900826447,0.6776859504132231,3.590909090909091,33.582644628099175,31.119834710743802,2.9397503112072956,0.08306432588412181,7.760330578512397,3.5577650715387197,0.06798943283931051
CSO-10-5A-JANORO-CorrEtiq.txt,50.0,33.71062271062271,48.82051282051282,3.06959706959707,2.2161172161172162,0.2600732600732601,1.4029304029304028,2.706959706959707,33.70695970695971,31.468864468864467,2.9110456198777976,0.08076109050182373,7.871794871794871,3.5792129434400173,0.07744025707187625
CSO-10-5A-JBUVE-CorrEtiq.txt,50.0,35.096774193548384,49.0,3.4838709677419355,1.3629032258064515,0.7903225806451613,0.7983870967741935,4.983870967741935,35.096774193548384,32.00806451612903,2.807273745325145,0.07430020498197536,9.084677419354838,4.048184422611873,0.05370638499851456
CSO-10-5A-JJSEMO-CorrEtiq.txt,50.0,30.154929577464788,48.76995305164319,4.943661971830986,1.8215962441314555,0.2300469483568075,0.9107981220657277,5.140845070422535,30.154929577464788,28.44600938967136,3.253197386301081,0.09855335825996021,6.708920187793427,3.1286384785284986,0.07246491087098632
CSO-10-5A-JLCARI-CorrEtiq.txt,50.0,33.75471698113208,48.78616352201258,3.1132075471698113,1.0125786163522013,0.4339622641509434,0.6792452830188679,0.9811320754716981,33.75471698113208,31.19496855345912,2.9084485612476567,0.08161311300463324,8.616352201257861,3.7942112405803434,0.047358847978416135
CSO-10-5A-MAARAN-CorrEtiq.txt,50.0,30.766756032171582,49.0,5.18230563002681,1.2815013404825737,0.26273458445040215,0.8498659517426274,4.702412868632708,30.766756032171582,29.14745308310992,3.213637414049376,0.09497373424131134,7.008042895442359,3.2378954512416382,0.1250209629432081
CSO-10-5A-MAOSMO-CorrEtiq.txt,50.0,35.973365617433416,49.0,2.8159806295399514,0.6876513317191283,0.11864406779661017,0.6464891041162227,1.1138014527845037,35.973365617433416,33.32687651331719,2.7400534325509227,0.07328070422511646,9.34866828087167,4.080652032587628,0.03328026714427425
CSO-10-5A-RVMOIB-CorrEtiq.txt,50.0,34.98571428571429,49.0,2.492857142857143,0.6952380952380952,0.3880952380952381,0.5833333333333334,2.4285714285714284,34.98571428571429,32.595238095238095,2.8181031366727787,0.0776245833325291,8.404761904761905,3.72123322482231,0.05095328546545003
CSO-10-5A-SVHEES-CorrEtiq.txt,50.0,31.559610705596107,49.0,3.5450121654501214,1.1167883211678833,1.3503649635036497,0.948905109489051,3.81021897810219,31.559610705596107,29.7639902676399,3.137471695888251,0.09151455978855037,7.343065693430657,3.329053398043805,0.08347661817903194
CSO-11-5A-MDVOSPE-CorrEtiq.txt,50.0,33.103857566765576,48.85459940652819,4.044510385756676,1.13946587537092,0.27596439169139464,0.6528189910979229,3.7299703264094957,33.103857566765576,31.089020771513354,2.978567560261179,0.08437143467746541,7.824925816023739,3.5582697512643686,0.07012048423204859
CSO-11-5A-MTAGA-CorrEtiq.txt,50.0,36.3,49.0,2.8833333333333333,1.6666666666666667,0.8566666666666667,0.83,1.4233333333333333,36.3,33.08,2.723622234746928,0.07071118056684066,10.05,4.314683644629535,0.030753820051533824
CSO-11-6A-CAPAMU-CorrEtiq.txt,50.0,35.94512195121951,48.46341463414634,2.182926829268293,0.7195121951219512,0.7713414634146342,0.5945121951219512,2.8536585365853657,35.86585365853659,30.24390243902439,2.725440769795984,0.07352366347885107,10.164634146341463,4.270202490485272,0.049478507821088806
CSO-11-6A-DSCACH-CorrEtiq.txt,50.0,35.54935622317596,49.0,2.772532188841202,0.3261802575107296,0.21030042918454936,0.21030042918454936,1.7896995708154506,35.54935622317596,33.072961373390555,2.7825892506174084,0.07624051504017337,8.094420600858369,3.722900579258964,0.030410215333962903
CSO-11-6A-EROMO-CorrEtiq.txt,50.0,32.27567567567568,49.0,4.194594594594594,3.810810810810811,0.25405405405405407,2.7675675675675677,2.918918918918919,32.27567567567568,29.8,3.053564199008334,0.08360187811358931,7.594594594594595,3.5448937251124653,0.04897156339069167
CSO-11-6A-FSOVRE-CorrEtiq.txt,50.0,30.721227621483376,48.87468030690537,4.618925831202046,2.122762148337596,0.4833759590792839,1.4040920716112533,5.0741687979539645,30.713554987212277,28.869565217391305,3.210845103379528,0.09505604561223469,7.063938618925831,3.29102927668306,0.07803424603333318
CSO-11-6B-ANREVA-CorrEtiq.txt,50.0,32.88529411764706,49.0,3.726470588235294,1.1235294117647059,0.28823529411764703,0.8852941176470588,4.238235294117647,32.88529411764706,30.91176470588235,3.0039189435262847,0.08566470551070984,7.447058823529412,3.395311391900728,0.07888149577554925
CSO-11-6B-DISEMO-CorrEtiq.txt,50.0,34.11594202898551,47.905797101449274,3.0942028985507246,1.4492753623188406,0.7101449275362319,0.9130434782608695,2.6956521739130435,32.992753623188406,27.840579710144926,2.8209568511056196,0.07728381891151419,8.840579710144928,3.8412838025088214,0.08040451037460238
CSO-11-6B-LHFDLACH-CorrEtiq.txt,50.0,34.13172043010753,48.86827956989247,5.14247311827957,2.6908602150537635,0.7043010752688172,1.4623655913978495,9.755376344086022,34.13172043010753,29.838709677419356,2.9019120833712297,0.07541158958223802,10.102150537634408,4.31902348249257,0.053710377900750804
CSO-11-6B-RJGIHE-CorrEtiq.txt,50.0,32.59935897435897,49.0,2.801282051282051,1.7756410256410255,0.9006410256410257,1.060897435897436,4.580128205128205,32.59935897435897,30.669871794871796,3.02096431703434,0.08720880977780701,7.352564102564102,3.3480338490116535,0.11933931005267362
CSO-11-6B-SFLVA-CorrEtiq.txt,50.0,30.66315789473684,49.0,4.175438596491228,2.7228070175438597,1.9157894736842105,1.656140350877193,5.133333333333334,30.66315789473684,28.92982456140351,3.2504173875173272,0.09426416763165295,7.543859649122807,3.4614803643795957,0.10629774190759815
CSO-11-6B-VCOMA-CorrEtiq.txt,50.0,34.264367816091955,49.0,3.4406130268199235,1.367816091954023,0.3065134099616858,1.1877394636015326,3.268199233716475,34.264367816091955,31.467432950191572,2.8886895154994674,0.07913295258755154,8.89655172413793,3.8345914029623174,0.05002995724576921
CSO-12-6A-DGISE-CorrEtiq.txt,50.0,32.974137931034484,49.0,4.0344827586206895,2.228448275862069,2.4051724137931036,1.4051724137931034,2.1508620689655173,32.974137931034484,29.517241379310345,2.9955241468757183,0.08071241064881673,9.043103448275861,3.967071867901442,0.07432368212321384
CSO-12-6A-FJOVRE-CorrEtiq.txt,50.0,31.83050847457627,48.833898305084745,3.298305084745763,1.3966101694915254,0.847457627118644,1.1796610169491526,4.376271186440678,31.827118644067795,29.769491525423728,3.0955137462121756,0.09081497658124724,7.233898305084746,3.325125384672485,0.07345637207285118
CSO-12-6B-GQULO-CorrEtiq.txt,50.0,32.50902527075812,49.0,2.949458483754513,1.7617328519855595,1.339350180505415,1.3465703971119134,1.8375451263537905,32.50902527075812,30.28880866425993,3.0509090950459816,0.08713257878882918,8.054151624548737,3.55553275069604,0.06330475649769746
CSO-12-6B-LJHEFE-CorrEtiq.txt,50.0,35.25342465753425,49.0,2.6963470319634704,1.8082191780821917,0.4817351598173516,1.17351598173516,2.3789954337899544,35.25342465753425,32.56164383561644,2.8024153542322754,0.075385838091394,9.173515981735159,4.0450065378656115,0.06963810460686123
CSO-12-6B-VPAMA-CorrEtiq.txt,50.0,30.244897959183675,45.13265306122449,4.948979591836735,0.6530612244897959,0.4387755102040816,0.5408163265306123,1.469387755102041,29.836734693877553,22.091836734693878,2.9883221965141216,0.0888893170779507,7.683673469387755,3.2973911260503788,0.06436850539170996
CSO-12-7A-DALRE-CorrEtiq.txt,50.0,29.650759219088936,48.88720173535792,6.017353579175705,1.0824295010845988,1.0954446854663775,0.7960954446854663,6.206073752711497,29.648590021691973,27.739696312364426,3.3293736636691693,0.09858060463408722,7.457700650759219,3.3799729920107717,0.10500117466695903
CSO-12-7A-ESALA-CorrEtiq.txt,50.0,31.20967741935484,49.0,3.817204301075269,0.9408602150537635,0.0,0.7419354838709677,4.043010752688172,31.20967741935484,29.629032258064516,3.1664242213275986,0.09622048270259193,6.397849462365591,3.053043848186728,0.10103105378024883
CSO-12-7A-IMERO-CorrEtiq.txt,50.0,33.65209471766849,49.0,3.663023679417122,2.360655737704918,0.6247723132969034,1.384335154826958,3.2695810564663024,33.65209471766849,31.14207650273224,2.9328812391641024,0.08046181516444871,9.052823315118397,3.888019091676572,0.07388074951994748
CSO-12-7A-JHEZA-CorrEtiq.txt,50.0,35.91031390134529,48.488789237668165,3.008968609865471,1.6143497757847534,1.0986547085201794,1.1928251121076232,2.7443946188340806,35.766816143497756,30.95067264573991,2.7071133742623568,0.06922362669816115,10.61883408071749,4.549318935452832,0.04575879452696512
CSO-12-7A-LSARAR-CorrEtiq.txt,50.0,30.594736842105263,49.0,5.336842105263158,2.778947368421053,0.0,1.5315789473684212,2.405263157894737,30.594736842105263,28.589473684210525,3.2333267844882734,0.09480440866529952,7.173684210526316,3.2761180697963,0.07734264181539517
CSO-12-7A-SCAHO-CorrEtiq.txt,50.0,32.902857142857144,49.0,4.14,1.6628571428571428,0.14,0.8742857142857143,2.902857142857143,32.902857142857144,30.645714285714284,2.994402654595019,0.08482343059338987,8.06,3.6061558982349426,0.06780557202056622
CSO-12-7B-DVAGRO-CorrEtiq.txt,50.0,35.323232323232325,49.0,2.8922558922558923,1.8518518518518519,1.1548821548821548,1.303030303030303,2.7104377104377106,35.323232323232325,30.838383838383837,2.7968916993656974,0.07346861658809042,10.673400673400673,4.503957735428596,0.060631117873729205
CSO-12-7B-SMUGU-CorrEtiq.txt,50.0,33.25114155251141,49.0,2.867579908675799,0.502283105022831,0.6712328767123288,0.502283105022831,4.506849315068493,33.25114155251141,30.639269406392692,2.981102847272235,0.08662365668905349,8.534246575342467,3.662774260108622,0.08848513908041639
CSO-12-7B-SSARA-CorrEtiq.txt,50.0,35.326241134751776,49.0,2.6382978723404253,0.8546099290780141,0.8687943262411347,0.6879432624113475,1.5106382978723405,35.326241134751776,32.62056737588652,2.801777729596041,0.07562804125412874,9.177304964539006,4.027393060841734,0.02259345015518296
CSO-12-7B-VHOMA-CorrEtiq.txt,50.0,36.65555555555556,49.0,2.137777777777778,0.9088888888888889,0.82,0.6266666666666667,1.5133333333333334,36.65555555555556,33.54888888888889,2.6930523215960718,0.07112479299051225,9.497777777777777,4.147779804291617,0.054753430019278085
CSO-12-8A-YTOME-CorrEtiq.txt,50.0,33.20253164556962,49.0,3.19831223628692,1.2784810126582278,0.17721518987341772,1.0168776371308017,2.080168776371308,33.20253164556962,31.68354430379747,2.9635641603713103,0.08423925295937501,7.341772151898734,3.4380331948933565,0.061762695772985696
CSO-13-6A-ANASA-CorrEtiq.txt,50.0,35.98394160583942,49.0,2.5591240875912407,1.3021897810218979,0.14306569343065692,1.018978102189781,1.489051094890511,35.98394160583942,33.44087591240876,2.750868299458795,0.07374939381626913,9.17956204379562,4.040884274200906,0.035054835721152346
CSO-13-6B-JETAVE-CorrEtiq.txt,50.0,31.471092077087793,49.0,5.359743040685225,0.6788008565310493,0.20985010706638116,0.5974304068522484,5.8286937901498925,31.471092077087793,29.650963597430408,3.143267257636131,0.09130426720742882,7.233404710920771,3.3179312151326323,0.09171542398036717
CSO-13-6B-LFMIES-CorrEtiq.txt,50.0,33.834146341463416,48.5609756097561,2.5073170731707317,1.1121951219512196,0.6829268292682927,0.7902439024390244,2.3268292682926828,33.65365853658537,28.697560975609758,2.8976079436346738,0.08186559363997278,9.55609756097561,3.840925493472613,0.08180025393104365
CSO-13-6B-LJMAHU-CorrEtiq.txt,50.0,33.40127388535032,48.04140127388535,4.092356687898089,2.5764331210191083,0.2770700636942675,1.5254777070063694,1.0127388535031847,33.22611464968153,28.595541401273884,2.891657180216684,0.07895576351929376,8.547770700636942,3.7660451745197694,0.039061444347246684
CSO-13-7A-CAPAMU-CorrEtiq.txt,50.0,34.00561797752809,48.63295880149813,3.1217228464419478,2.8876404494382024,0.9382022471910112,1.8651685393258426,3.5224719101123596,34.00187265917603,30.94943820224719,2.876353057620624,0.0769787066040515,8.97940074906367,3.9928923615975895,0.05602373866563824
CSO-13-7A-CDDITR-CorrEtiq.txt,50.0,35.68292682926829,49.0,2.9609756097560975,1.0926829268292684,0.23902439024390243,0.7609756097560976,1.8585365853658538,35.68292682926829,32.90731707317073,2.762688607496243,0.0739954499201352,9.175609756097561,3.984923160846827,0.043005082640207706
CSO-13-7A-JJATFL-CorrEtiq.txt,50.0,32.40756302521008,49.0,3.5714285714285716,1.8865546218487395,0.29831932773109243,1.3025210084033614,3.096638655462185,32.40756302521008,30.5,3.043732310700121,0.08745680105336777,6.945378151260504,3.1887770731172376,0.06804177519739009
CSO-13-7A-KRAMA-CorrEtiq.txt,50.0,31.78921568627451,49.0,3.5686274509803924,1.4754901960784315,0.5392156862745098,1.0441176470588236,1.2941176470588236,31.78921568627451,30.058823529411764,3.107462747560417,0.09163732031700637,7.147058823529412,3.233992789749826,0.07009078924599242
CSO-13-7A-RXCHLU-CorrEtiq.txt,50.0,32.578947368421055,49.0,2.4157894736842107,1.1,0.0,0.8526315789473684,1.6894736842105262,32.578947368421055,30.905263157894737,3.0155097053732622,0.08944280199958594,7.157894736842105,3.297319953639062,0.058991082341711944
CSO-13-7A-YAMEZA-CorrEtiq.txt,50.0,34.435398230088495,49.0,2.6601769911504425,1.3309734513274336,0.6070796460176991,1.2336283185840708,2.0690265486725665,34.435398230088495,32.587610619469025,2.858921736424402,0.07827624117969936,8.352212389380531,3.7237874058866525,0.05182778260645807
CSO-13-7A-YBOSO-CorrEtiq.txt,50.0,33.2962962962963,44.824074074074076,1.7407407407407407,0.7962962962962963,1.6851851851851851,0.6666666666666666,5.0,32.657407407407405,17.23148148148148,2.731177511919322,0.07816389241333982,9.38888888888889,3.899926984223182,0.09482149585130022
CSO-13-8A-KIGAGU-CorrEtiq.txt,50.0,32.68269230769231,49.0,3.7836538461538463,1.3365384615384615,1.8990384615384615,1.0625,2.8798076923076925,32.68269230769231,31.08173076923077,3.007876685796543,0.08256386356611721,7.644230769230769,3.51796656121823,0.06482094419425821
CSO-13-8A-MBUAN-CorrEtiq.txt,50.0,34.6105476673428,48.900608519269774,3.709939148073022,1.7423935091277891,0.6815415821501014,0.9411764705882353,1.720081135902637,34.598377281947265,31.49290060851927,2.848810979281687,0.07646597538803909,9.549695740365111,4.128502568552705,0.0411074022231639
CSO-13-8A-MGAAN-CorrEtiq.txt,50.0,35.58479532163743,49.0,2.634502923976608,2.017543859649123,0.716374269005848,1.567251461988304,1.5058479532163742,35.58479532163743,33.13742690058479,2.76824593629064,0.07241107713877903,8.646198830409357,3.9151656688055105,0.03492151408300567
CSO-13-8A-MGAHE-CorrEtiq.txt,50.0,34.051980198019805,49.0,3.613861386138614,0.23514851485148514,0.48514851485148514,0.2301980198019802,3.405940594059406,34.051980198019805,31.581683168316832,2.9019684664561147,0.08101979858741833,8.403465346534654,3.706774046549138,0.042471300105448175
CSO-13-8A-MJAGA-CorrEtiq.txt,50.0,29.70342205323194,49.0,6.273764258555133,2.456273764258555,2.9163498098859315,1.779467680608365,3.5779467680608366,29.70342205323194,27.661596958174904,3.3203708546032575,0.09373562656764545,7.718631178707224,3.4927874622775206,0.08593559603577201
CSO-13-8A-VHODU-CorrEtiq.txt,50.0,32.99738219895288,49.0,2.24869109947644,0.9712041884816754,0.6413612565445026,0.8638743455497382,2.8821989528795813,32.99738219895288,31.230366492146597,2.9844607022872913,0.08670940123751868,7.31413612565445,3.3380036748407726,0.08720990467571856
CSO-13-8B-FCJISA-CorrEtiq.txt,50.0,35.10243902439024,49.0,3.0829268292682928,2.2487804878048783,0.1951219512195122,1.0439024390243903,2.6195121951219513,35.10243902439024,32.68780487804878,2.815234786062206,0.07620669875428954,8.819512195121952,3.877698436213824,0.08779518988740094
CSO-13-8B-JEMABE-CorrEtiq.txt,50.0,30.453731343283582,48.70746268656716,5.877611940298507,1.2417910447761193,0.42686567164179107,0.7253731343283583,2.8238805970149254,30.44179104477612,27.811940298507462,3.218699949204715,0.09446310284329897,7.334328358208955,3.3098460075471507,0.07301920651068823
CSO-13-9B-DMLLLU-CorrEtiq.txt,50.0,31.029239766081872,49.0,4.742690058479532,0.9064327485380117,0.4502923976608187,0.7251461988304093,5.760233918128655,31.029239766081872,29.263157894736842,3.1810953786180924,0.09394592895605754,7.368421052631579,3.3251548355550415,0.08417178249963166
CSO-14-7A-MVEBE-CorrEtiq.txt,50.0,32.328,49.0,1.648,0.768,0.584,0.768,2.176,32.328,30.616,3.046502788970289,0.09200149706433158,6.664,3.0997156190649617,0.09838590733482472
CSO-14-7B-EALHU-CorrEtiq.txt,50.0,32.455516014234874,49.0,4.790035587188612,1.7651245551601424,0.17437722419928825,1.0533807829181494,6.93950177935943,32.455516014234874,30.629893238434164,3.030384814444247,0.08473728165832121,7.622775800711744,3.503947398926379,0.06947459219170762
CSO-14-7B-EVEGO-CorrEtiq.txt,50.0,35.81578947368421,49.0,2.9425837320574164,1.1423444976076556,0.1722488038277512,0.8696172248803827,2.9318181818181817,35.81578947368421,33.07535885167464,2.7529768569463253,0.07326457701772912,8.99401913875598,3.9989583595664824,0.06141033011316188
CSO-14-8A-AQUMA-CorrEtiq.txt,50.0,31.623853211009173,49.0,2.9220183486238533,2.7660550458715596,0.22477064220183487,1.5596330275229358,2.5825688073394497,31.623853211009173,30.155963302752294,3.1062282145131705,0.09223971839790925,6.885321100917431,3.185535909783736,0.07990359021441024
CSO-14-8A-MCIDOS-CorrEtiq.txt,50.0,33.04526748971193,48.50205761316872,3.8353909465020575,0.9958847736625515,0.6049382716049383,0.7901234567901234,3.9917695473251027,32.31275720164609,27.633744855967077,2.9653170608520587,0.08420894185503552,8.8559670781893,3.9222439276602956,0.07555535703349735
CSO-14-8A-SZARA-CorrEtiq.txt,50.0,33.88235294117647,49.0,2.8823529411764706,1.4878892733564013,1.4048442906574394,1.3875432525951557,2.6782006920415227,33.88235294117647,31.294117647058822,2.9073599351167245,0.07867926583458089,8.667820069204152,3.810028870820913,0.037790953857020256
CSO-14-8B-JLLORA-CorrEtiq.txt,50.0,32.74308300395257,49.0,2.869565217391304,0.6877470355731226,0.7747035573122529,0.6719367588932806,5.758893280632411,32.74308300395257,30.74703557312253,3.002477036339854,0.08662974183654955,7.5019762845849804,3.3861143181131657,0.10405302934101875
CSO-14-9A-AEDCAGO-CorrEtiq.txt,50.0,35.40049751243781,48.756218905472636,2.574626865671642,1.8582089552238805,0.43781094527363185,1.4054726368159205,1.6393034825870647,35.223880597014926,31.46766169154229,2.771461210550167,0.07381769044917215,9.16915422885572,4.016391586240563,0.036597696380236515
CSO-14-9A-HASACA-CorrEtiq.txt,50.0,34.44444444444444,49.0,2.739130434782609,1.5458937198067633,0.23671497584541062,1.4106280193236715,1.2367149758454106,34.44444444444444,31.96135265700483,2.863865466511863,0.07866721777701098,8.579710144927537,3.8122497578504455,0.058885239425627
CSO-14-9A-JSMAAL-CorrEtiq.txt,50.0,34.23972602739726,48.88812785388128,3.0205479452054793,1.6552511415525115,0.9748858447488584,1.230593607305936,1.639269406392694,34.21232876712329,31.56392694063927,2.878521879183264,0.07861126272313734,8.299086757990867,3.7689910740860384,0.07462263106872381
CSO-14-9A-MARJA-CorrEtiq.txt,50.0,33.89206349206349,49.0,3.4825396825396826,0.6698412698412698,0.0,0.5650793650793651,3.8984126984126983,33.89206349206349,31.457142857142856,2.9268040307748984,0.08299823397002695,8.377777777777778,3.709493718947433,0.08519999176742143
CSO-14-9A-SORZU-CorrEtiq.txt,50.0,32.824137931034485,48.641379310344824,3.820689655172414,2.5517241379310347,0.9344827586206896,1.506896551724138,3.496551724137931,32.727586206896554,28.886206896551723,3.0097683023961985,0.08409208100649401,8.489655172413793,3.759685481679872,0.08060502934714707
CSO-14-9B-ERAGA-CorrEtiq.txt,50.0,30.55325443786982,48.85502958579882,3.760355029585799,1.9792899408284024,0.9970414201183432,1.4437869822485208,3.828402366863905,30.54437869822485,28.328402366863905,3.2301326147572196,0.09697605223595533,7.071005917159764,3.2948544411319642,0.10946301697885763
CSO-14-9B-MFEGA-CorrEtiq.txt,50.0,31.654708520179373,49.0,4.300448430493273,2.286995515695067,1.1300448430493273,1.4439461883408071,7.995515695067264,31.654708520179373,29.977578475336323,3.121558444271646,0.0891057419222599,7.5874439461883405,3.445791958052064,0.09059582398901375
CSO-15-10A-LJRAGU-CorrEtiq.txt,50.0,33.00214132762313,48.67237687366167,4.2162740899357605,0.6167023554603854,0.20985010706638116,0.3511777301927195,4.04710920770878,32.92291220556745,30.610278372591008,2.9886358186737696,0.08525164232131664,7.717344753747323,3.521124530764614,0.07121789511701639
CSO-15-10A-MAARLO-CorrEtiq.txt,50.0,32.427215189873415,48.68987341772152,3.598101265822785,1.0158227848101267,0.6455696202531646,0.9177215189873418,3.0063291139240507,32.313291139240505,30.2373417721519,3.0128830442848247,0.08604435972736887,7.7594936708860756,3.458001328636508,0.07556233698507464
CSO-15-10A-SFEGA-CorrEtiq.txt,50.0,30.693617021276594,48.58297872340425,5.042553191489362,1.9148936170212767,0.6085106382978723,1.3829787234042554,9.11063829787234,30.68936170212766,28.353191489361702,3.256847329274251,0.09589328982053245,7.306382978723405,3.315726278279419,0.10720500048296339
CSO-15-10B-MEBUAR-CorrEtiq.txt,50.0,34.035483870967745,49.0,2.270967741935484,2.07741935483871,0.0967741935483871,1.7129032258064516,2.6774193548387095,34.035483870967745,31.316129032258065,2.9033902861426832,0.08162493266534226,9.064516129032258,3.863325393479711,0.06386276191400703
CSO-15-10B-YVBUAN-CorrEtiq.txt,50.0,33.916666666666664,48.773148148148145,2.810185185185185,0.9305555555555556,0.22685185185185186,0.5601851851851852,3.550925925925926,33.916666666666664,31.84259259259259,2.8854886358505145,0.08155272818877936,7.907407407407407,3.5619188341720736,0.07261203800889658
CSO-15-10C-ALBAHO-CorrEtiq.txt,50.0,33.36011904761905,49.0,4.068452380952381,2.5625,1.4553571428571428,1.5625,1.7946428571428572,33.36011904761905,30.985119047619047,2.951789820102428,0.07965472083900121,8.520833333333334,3.8400683191401024,0.05634806488955563
CSO-15-10C-SSCAMO-CorrEtiq.txt,50.0,33.97839506172839,49.0,4.3580246913580245,2.7777777777777777,0.6512345679012346,1.5,4.62962962962963,33.97839506172839,31.49074074074074,2.9163834995362015,0.07785540257754874,8.790123456790123,3.9112484710881548,0.04690526544617253
CSO-15-11C-JETALO-CorrEtiq.txt,50.0,32.00371747211896,49.0,4.401486988847584,4.955390334572491,1.0111524163568772,2.687732342007435,3.5055762081784385,32.00371747211896,29.671003717472118,3.0842464029415533,0.083938029896269,8.347583643122677,3.7782159751037283,0.06404969091213333
CSO-15-7B-JCRAGA-CorrEtiq.txt,50.0,33.580357142857146,49.0,2.625,0.9375,1.4375,0.7053571428571429,3.455357142857143,33.580357142857146,30.5,2.9368180913929334,0.08237755224517185,8.875,3.858544868772516,0.08382132579348854
CSO-15-8A-VBMABR-CorrEtiq.txt,50.0,32.09090909090909,49.0,5.154958677685951,1.8987603305785123,0.1012396694214876,1.0433884297520661,2.37396694214876,32.09090909090909,30.46900826446281,3.0821623310674147,0.0871783641571888,7.818181818181818,3.5447556529243798,0.050377353697786335
CSO-15-8B-KEPOGO-CorrEtiq.txt,50.0,36.33457249070632,49.0,2.3940520446096656,0.12267657992565056,0.1821561338289963,0.06319702602230483,1.788104089219331,36.33457249070632,33.63568773234201,2.7162796143385233,0.07341401604182148,9.37918215613383,4.056366479983432,0.043001639585577095
CSO-15-9B-ALRIHE-CorrEtiq.txt,50.0,34.52156862745098,49.0,2.835294117647059,1.1137254901960785,0.9607843137254902,0.8862745098039215,1.580392156862745,34.52156862745098,32.180392156862744,2.859345208180171,0.07805604485696566,8.596078431372549,3.789019792947378,0.04240893974244976
CSO-15-9B-AMSAGO-CorrEtiq.txt,50.0,36.16814159292036,48.68141592920354,2.225663716814159,1.1725663716814159,0.23008849557522124,0.6902654867256637,2.7610619469026547,35.79203539823009,31.548672566371682,2.7071967000150594,0.07289817474587366,8.991150442477876,3.9265585134755314,0.07048420625400953
CSO-15-9B-JCAPA-CorrEtiq.txt,50.0,33.82440476190476,49.0,2.994047619047619,0.4375,0.5833333333333334,0.3005952380952381,2.7142857142857144,33.82440476190476,31.654761904761905,2.918588580302179,0.08273419692980803,7.898809523809524,3.6111858245504984,0.06249351277595994
CSO-15-9B-KSBEJA-CorrEtiq.txt,50.0,30.151612903225807,49.0,4.958064516129032,1.6290322580645162,0.7419354838709677,1.4774193548387098,1.6387096774193548,30.151612903225807,28.638709677419357,3.291132404342793,0.09761198791438491,6.903225806451613,3.2472778257661723,0.03649222793290181
CSO-15-9B-RMCHLU-CorrEtiq.txt,50.0,32.21768707482993,49.0,3.8435374149659864,2.979591836734694,0.16666666666666666,1.8435374149659864,3.741496598639456,32.21768707482993,30.653061224489797,3.056807192758007,0.08668463673658539,7.414965986394558,3.4079386976840387,0.07672197269320202
CSO-15-9B-SJAGRO-CorrEtiq.txt,50.0,37.61340206185567,49.0,1.2010309278350515,1.5051546391752577,0.0,1.3453608247422681,0.4536082474226804,37.61340206185567,33.644329896907216,2.6244297676994113,0.06862436858726077,9.79896907216495,4.206058297588596,0.03505493943013963
CSO-16-10A-JEGAHE-CorrEtiq.txt,50.0,32.89719626168224,49.0,3.8654205607476637,1.3869158878504673,0.27476635514018694,0.9607476635514018,2.2654205607476636,32.89719626168224,30.921495327102804,2.998471373100675,0.08489009932345704,7.820560747663551,3.5768747829532224,0.06537969320048484
CSO-16-10A-MSACO-CorrEtiq.txt,50.0,35.166101694915255,49.0,2.359322033898305,0.44745762711864406,0.33220338983050846,0.3016949152542373,2.2745762711864406,35.166101694915255,32.461016949152544,2.795478913076642,0.07719498007199842,9.033898305084746,3.911461502519995,0.0497256840956191
CSO-16-10A-SARI-CorrEtiq.txt,50.0,32.94170403587444,46.47085201793722,4.941704035874439,1.0493273542600896,0.874439461883408,0.672645739910314,1.2645739910313902,31.717488789237667,24.08520179372197,2.8463136442598884,0.07725377972069027,9.77578475336323,4.0449544079529565,0.03507571250972651
CSO-16-10A-SMOUT-CorrEtiq.txt,50.0,35.292929292929294,49.0,2.892929292929293,1.5474747474747474,0.9030303030303031,1.002020202020202,1.8686868686868687,35.292929292929294,32.44646464646465,2.8002211534575676,0.07423685142595352,9.367676767676768,4.033206336907671,0.0629139426930901
CSO-16-10A-YKMUJO-CorrEtiq.txt,50.0,31.228699551569505,49.0,3.376681614349776,1.0717488789237668,0.7937219730941704,0.8609865470852018,3.2152466367713006,31.228699551569505,29.668161434977577,3.165907485482711,0.09520478931514641,6.887892376681615,3.161955945140481,0.0780623306030882
CSO-16-10B-JESUGU-CorrEtiq.txt,50.0,35.214285714285715,49.0,1.8095238095238095,0.38095238095238093,0.3888888888888889,0.38095238095238093,2.3412698412698414,35.214285714285715,33.182539682539684,2.7870746925506986,0.07731731850960187,8.246031746031745,3.636894861378747,0.06094639512667177
CSO-16-10B-LTVIFA-CorrEtiq.txt,50.0,40.573913043478264,49.0,1.3652173913043477,0.6260869565217392,0.0,0.4217391304347826,1.4434782608695653,40.573913043478264,36.426086956521736,2.421050760743303,0.05917254100700769,11.147826086956522,4.8044447779930195,0.01900686860092071
CSO-16-10B-VVILI-CorrEtiq.txt,50.0,34.80108991825613,49.0,2.768392370572207,1.7084468664850136,0.46321525885558584,1.3923705722070845,2.3596730245231607,34.80108991825613,32.47683923705722,2.8316045061337625,0.07641080032357693,8.839237057220709,3.9393838740006273,0.03752854639228496
CSO-16-10C-ACALGU-CorrEtiq.txt,50.0,33.969151670951156,48.339331619537276,3.55012853470437,1.2236503856041132,0.0,0.6760925449871465,3.0,33.92030848329049,30.47814910025707,2.8689646418674326,0.07996294787290104,8.344473007712082,3.6724188736149177,0.05201335037194956
CSO-16-10C-MAVAVE-CorrEtiq.txt,50.0,35.90756302521008,49.0,2.4642857142857144,1.1470588235294117,0.4369747899159664,0.8004201680672269,2.1785714285714284,35.90756302521008,33.00420168067227,2.762703059820098,0.07440630608292413,9.852941176470589,4.20575764433674,0.04921467890430014
CSO-16-11A-JAVABO-CorrEtiq.txt,50.0,35.20519480519481,49.0,2.5636363636363635,1.0077922077922077,0.7402597402597403,0.7506493506493507,1.716883116883117,35.20519480519481,32.64935064935065,2.8047474962829626,0.07589195186431034,8.45974025974026,3.7851062027702467,0.06967204255573323
CSO-16-11A-JDMUVA-CorrEtiq.txt,50.0,35.67763157894737,49.0,2.4835526315789473,0.756578947368421,0.3223684210526316,0.6743421052631579,1.3914473684210527,35.67763157894737,32.93421052631579,2.757195350294638,0.07435537903181186,8.911184210526315,3.9264668982609274,0.0653749620033911
CSO-16-11A-VZAOR-CorrEtiq.txt,50.0,36.86784140969163,48.56828193832599,1.9162995594713657,1.3171806167400881,0.8193832599118943,1.0616740088105727,1.2555066079295154,36.85462555066079,30.691629955947135,2.6451595314246052,0.06835366383732344,10.070484581497798,4.372127265865294,0.03538691848631315
CSO-16-11B-KRORE-CorrEtiq.txt,50.0,34.78165938864629,49.0,3.8384279475982535,0.62882096069869,0.21397379912663755,0.42358078602620086,1.724890829694323,34.78165938864629,32.572052401746724,2.8397048836902967,0.07722288890435927,8.860262008733624,3.9015743085160457,0.05488615589757341
CSO-16-11B-LLOZA-CorrEtiq.txt,50.0,36.30671506352087,48.91107078039927,1.867513611615245,0.7604355716878403,0.5208711433756806,0.7549909255898367,1.6225045372050817,36.30671506352087,33.92558983666062,2.7141967320617595,0.07264034464265881,8.85480943738657,3.9413233284317157,0.04981463368080208
CSO-16-11B-YAROMO-CorrEtiq.txt,50.0,35.85614035087719,49.0,2.550877192982456,3.4771929824561405,0.6877192982456141,2.280701754385965,1.1473684210526316,35.85614035087719,32.67368421052632,2.7451311173714608,0.07032952324980926,9.978947368421053,4.423899764018916,0.05242324932496852
CSO-16-9A-JALEMO-CorrEtiq.txt,50.0,34.536764705882355,49.0,2.2426470588235294,1.650735294117647,0.1801470588235294,1.2205882352941178,1.150735294117647,34.536764705882355,32.22794117647059,2.8596797622063415,0.07991032341899588,8.044117647058824,3.6453774931845415,0.039426211215869936
CSO-16-9A-JPROSO-CorrEtiq.txt,50.0,36.25821596244131,49.0,2.8732394366197185,0.8028169014084507,0.8497652582159625,0.8028169014084507,1.676056338028169,36.25821596244131,31.849765258215964,2.715406704126333,0.0704382181502599,10.380281690140846,4.370166855195852,0.0524690468271125
CSO-16-9A-JSMAGU-CorrEtiq.txt,50.0,32.27272727272727,49.0,3.6403162055335967,1.4308300395256917,0.38735177865612647,1.0671936758893281,4.4940711462450595,32.27272727272727,30.106719367588934,3.055017470177822,0.08828339786162927,7.296442687747035,3.378646359081778,0.0911437275037166
CSO-16-9B-SJPAJI-CorrEtiq.txt,50.0,33.24274406332454,49.0,3.4063324538258577,0.58311345646438,0.25857519788918204,0.58311345646438,3.6860158311345645,33.24274406332454,31.575197889182057,2.9695043665965666,0.08477189922641416,7.944591029023747,3.548539015205033,0.06303994923988063
CSO-17-10A-YVGOCA-CorrEtiq.txt,50.0,33.3156146179402,49.0,2.953488372093023,2.259136212624585,0.2159468438538206,1.5913621262458473,3.1993355481727574,33.3156146179402,31.588039867109636,2.955872614646936,0.08307464004884958,7.578073089700997,3.4943280544586552,0.08029565187877553
CSO-17-10B-EHECO-CorrEtiq.txt,50.0,34.703007518796994,48.81578947368421,3.545112781954887,0.8045112781954887,0.45864661654135336,0.8045112781954887,1.2067669172932332,34.67669172932331,31.349624060150376,2.8230466540135866,0.07571299246925364,8.924812030075188,3.839294907401359,0.052342779969932
CSO-17-10B-YCQUVE-CorrEtiq.txt,50.0,32.91768826619965,48.86514886164623,4.080560420315236,2.830122591943958,0.28021015761821366,1.5971978984238178,3.168126094570928,32.90017513134851,30.129597197898423,3.001078262817389,0.08401386373695963,8.229422066549912,3.6497507855025835,0.05718934125240802
CSO-17-11A-DJAPA-CorrEtiq.txt,50.0,34.049891540130155,48.893709327548805,2.9761388286334056,1.6984815618221258,0.24511930585683298,1.351409978308026,1.9067245119305858,34.04338394793926,31.616052060737527,2.9076820260879406,0.08109747642922535,8.22993492407809,3.724041601842902,0.05108838182101215
CSO-17-11A-JDAMO-CorrEtiq.txt,50.0,33.19548872180451,49.0,4.657894736842105,0.556390977443609,0.0,0.37969924812030076,3.973684210526316,33.19548872180451,31.24812030075188,2.984759592734466,0.08428413121351554,8.026315789473685,3.675108197098989,0.052943437761418286
CSO-17-11A-NPAHE-CorrEtiq.txt,50.0,35.20048899755501,49.0,2.452322738386308,0.9193154034229829,0.13202933985330073,0.823960880195599,1.5427872860635696,35.20048899755501,33.09779951100244,2.80172153851801,0.0768164184157843,8.19315403422983,3.687321033343001,0.04715674710737417
CSO-17-11A-RLPAIG-CorrEtiq.txt,50.0,33.34507042253521,48.89906103286385,3.0211267605633805,2.535211267605634,1.448356807511737,1.6455399061032865,2.868544600938967,33.34507042253521,31.13849765258216,2.966683536277271,0.08194576681440573,8.415492957746478,3.8129399704109397,0.07132699805762216
CSO-17-11A-SPUVA-CorrEtiq.txt,50.0,31.34108527131783,49.0,5.124031007751938,1.1511627906976745,0.5697674418604651,0.9496124031007752,6.961240310077519,31.34108527131783,29.782945736434108,3.161169579751727,0.09050107728405163,7.406976744186046,3.380510386967507,0.11065543238257253
CSO-17-11B-CDBEBU-CorrEtiq.txt,50.0,35.53703703703704,49.0,2.348148148148148,1.762962962962963,0.362962962962963,1.1296296296296295,1.525925925925926,35.53703703703704,32.82962962962963,2.7692031615272095,0.07436267485079126,9.685185185185185,3.9901976526414225,0.056218929341621954
CSO-17-11C-JDAAG-CorrEtiq.txt,50.0,36.875389408099686,49.0,1.4485981308411215,1.0591900311526479,0.0,0.8660436137071651,1.841121495327103,36.875389408099686,34.29283489096573,2.6718564840603913,0.07165354127339921,9.12461059190031,4.025869915258285,0.058641074463665475
CSO-17-11C-MAPAMA-CorrEtiq.txt,50.0,33.56869009584665,49.0,2.8115015974440896,1.281150159744409,0.6134185303514377,1.1309904153354633,2.8210862619808306,33.56869009584665,31.533546325878593,2.9424027557454755,0.08292851094954178,8.00958466453674,3.6116306663157416,0.08454001496470333
CSO-17-11C-MCAAG-CorrEtiq.txt,50.0,34.55088495575221,49.0,3.564159292035398,2.066371681415929,0.1084070796460177,1.0353982300884956,1.997787610619469,34.55088495575221,32.17920353982301,2.848056947137711,0.07751109110477593,8.586283185840708,3.800068033970637,0.0355920795144936
CSO-17-11C-SARJA-CorrEtiq.txt,50.0,33.47844827586207,49.0,2.8922413793103448,1.2586206896551724,0.14224137931034483,1.0862068965517242,3.435344827586207,33.47844827586207,31.65948275862069,2.9566561699113074,0.08450933675668255,7.663793103448276,3.5378190095917965,0.06705423898312796
CSO-18-11A-ADBAHO-CorrEtiq.txt,50.0,36.647940074906366,49.0,2.295880149812734,1.1647940074906367,0.0,1.1647940074906367,1.0374531835205993,36.647940074906366,33.99625468164794,2.6891458902089203,0.07061558895644414,8.928838951310862,3.9792931139019494,0.04055342734067359
CSO-18-11B-YLLRE-CorrEtiq.txt,50.0,34.909297052154194,49.0,3.124716553287982,1.09297052154195,0.0,0.7981859410430839,1.6099773242630386,34.909297052154194,32.17687074829932,2.8189155746984738,0.07676230774372496,8.92517006802721,3.899465922569287,0.06113144106581528
CSO-18-9B-MAMOLO-CorrEtiq.txt,50.0,34.6036036036036,49.0,4.444015444015444,3.191763191763192,1.0592020592020592,1.4864864864864864,4.665379665379666,34.6036036036036,30.796653796653796,2.8508970899075705,0.07375850072581232,9.888030888030888,4.286101834505138,0.04484739302417442
CSO-8-3A-AIPRBR-CorrEtiq.txt,50.0,31.403908794788272,49.0,4.156351791530945,0.742671009771987,0.7980456026058632,0.742671009771987,4.771986970684039,31.403908794788272,29.449511400651467,3.1541279629095955,0.09271264014863206,7.201954397394137,3.3014008406811337,0.08833777048986957
CSO-8-3A-DAPAVA-CorrEtiq.txt,50.0,31.873440285204993,49.0,4.0855614973262036,3.2263814616755795,1.1675579322638145,1.8377896613190732,3.5026737967914436,31.873440285204993,29.38680926916221,3.1037269854488474,0.08709416660288821,8.053475935828876,3.6117210421480404,0.07144499816591719
CSO-8-3A-KVPECO-CorrEtiq.txt,50.0,31.992217898832685,48.68482490272373,4.21011673151751,0.1517509727626459,0.933852140077821,0.1517509727626459,3.8054474708171204,31.992217898832685,29.66536964980545,3.0571867471120218,0.08859631925128397,7.023346303501945,3.245887189720212,0.09813947800739321
CSO-8-4A-ARAGR-CorrEtiq.txt,50.0,34.49418604651163,48.633720930232556,3.436046511627907,3.1511627906976742,0.5697674418604651,1.5813953488372092,1.563953488372093,34.41860465116279,30.843023255813954,2.846756614403042,0.07618721421196734,9.046511627906977,3.9794458838359463,0.04846810158323354
CSO-8-4A-JRAAR-CorrEtiq.txt,50.0,28.495689655172413,48.37931034482759,6.564655172413793,1.0905172413793103,1.5689655172413792,0.7672413793103449,6.331896551724138,27.344827586206897,24.54741379310345,3.4246229098647736,0.10479433648680504,6.525862068965517,2.9907549917171163,0.05833660120153407
CSO-9-2A-EXMOCO-CorrEtiq.txt,50.0,29.921787709497206,47.6536312849162,4.698324022346369,1.5977653631284916,0.8938547486033519,0.9553072625698324,4.351955307262569,29.8268156424581,26.150837988826815,3.2019286900183874,0.09695976343261621,6.916201117318436,3.2894807559113532,0.16260649771354205
CSO-9-4A-AGAPE-CorrEtiq.txt,50.0,33.6144578313253,49.0,2.8012048192771086,2.0843373493975905,0.10843373493975904,1.391566265060241,3.5,33.6144578313253,31.0,2.954001353029242,0.08404614808044321,8.259036144578314,3.6718022489493136,0.06824230808330022
CSO-9-4A-DKVIMO-CorrEtiq.txt,50.0,30.129793510324482,48.85545722713864,4.725663716814159,0.943952802359882,0.7168141592920354,0.7109144542772862,3.3628318584070795,30.117994100294986,28.607669616519175,3.2600080842957144,0.09835154717189672,6.415929203539823,3.0993898440079315,0.07144820349037759
CSO-9-4A-DSMOMU-CorrEtiq.txt,50.0,35.31880108991825,48.73297002724796,2.76566757493188,1.1525885558583107,0.8201634877384196,0.7220708446866485,1.0871934604904632,35.28065395095368,31.56675749318801,2.778318988373537,0.0751714042535107,9.166212534059946,3.9652659178525385,0.05323950930698203
CSO-9-4A-DVGATO-CorrEtiq.txt,50.0,32.65665236051502,48.78969957081545,3.5836909871244633,1.7339055793991416,1.261802575107296,1.1330472103004292,2.532188841201717,32.62660944206009,29.71244635193133,3.0113611314277833,0.0843576396306266,8.390557939914164,3.623030253303179,0.063165306926681
CSO-9-4A-EGCAMO-CorrEtiq.txt,50.0,31.362264150943396,49.0,4.233962264150944,3.116981132075472,0.8867924528301887,1.5660377358490567,4.007547169811321,31.362264150943396,29.524528301886793,3.1521503314127117,0.09081117499070959,7.332075471698113,3.3378785945717198,0.08080432690781227
CSO-9-4A-FAGIGA-CorrEtiq.txt,50.0,33.70754716981132,48.221698113207545,2.2452830188679247,2.3962264150943398,1.5754716981132075,1.7735849056603774,1.4433962264150944,33.60377358490566,28.485849056603772,2.8776567129265107,0.07839692794014355,7.90566037735849,3.6889739082225947,0.029955298331698202
CSO-9-4A-GSBRCO-CorrEtiq.txt,50.0,29.574162679425836,49.0,5.461722488038277,1.5,1.576555023923445,0.992822966507177,5.9688995215311005,29.574162679425836,28.055023923444978,3.3725090728020337,0.10084213730037932,6.866028708133971,3.1943727118678473,0.0973900368551775
CSO-9-4A-KEMOCO-CorrEtiq.txt,50.0,29.83495145631068,49.0,4.786407766990291,0.9773462783171522,0.47572815533980584,0.7087378640776699,5.375404530744337,29.83495145631068,28.485436893203882,3.3008869685118225,0.10132709417085928,6.647249190938512,3.1153788590647786,0.089087366615523
CSO-9-4A-LCOMO-CorrEtiq.txt,50.0,35.73026315789474,49.0,2.0526315789473686,2.213815789473684,0.48355263157894735,1.4901315789473684,2.0197368421052633,35.73026315789474,32.62171052631579,2.756780131819837,0.07343434776749037,9.700657894736842,4.141140034525262,0.0622489992261291
CSO-9-4A-MLORO-CorrEtiq.txt,50.0,30.86294416243655,49.0,5.16751269035533,0.9137055837563451,0.5431472081218274,0.49238578680203043,7.6395939086294415,30.86294416243655,29.228426395939085,3.183049866132542,0.09337069504632763,7.238578680203045,3.281039684923384,0.057703667494760455
CSO-9-4A-MPAME-CorrEtiq.txt,50.0,31.30128205128205,48.8974358974359,5.230769230769231,2.121794871794872,0.6153846153846154,1.2115384615384615,1.358974358974359,30.506410256410255,28.58974358974359,3.1583827270677127,0.08974684669162995,7.788461538461538,3.408496744299708,0.03151443885771691
CSO-9-4A-NSARPA-CorrEtiq.txt,50.0,32.625,48.829861111111114,3.3020833333333335,1.2395833333333333,0.5104166666666666,1.2395833333333333,2.1805555555555554,32.62152777777778,30.65277777777778,3.013576258977636,0.08606578456203587,7.309027777777778,3.390592466649286,0.049412419555999454
CSO-9-4A-SLOCA-CorrEtiq.txt,50.0,30.93771626297578,49.0,5.048442906574395,0.5051903114186851,0.6782006920415224,0.5051903114186851,7.0899653979238755,30.93771626297578,29.186851211072664,3.1815383827212025,0.09309691281008327,7.366782006920415,3.319275150745946,0.13343487997111603
CSO-9-4A-YVDITR-CorrEtiq.txt,50.0,27.755474452554743,48.82116788321168,7.04014598540146,1.7481751824817517,0.0,1.1240875912408759,10.824817518248175,27.751824817518248,25.978102189781023,3.5785750136384955,0.11348266902929557,6.821167883211679,3.0814443172776427,0.12053529270211898
