file,wc,nodes,edges,re,pe,l1,l2,l3,lcc,lsc,atd,density,diameter,asp,cc
CDMS-10-4A-JURAN-CorrEtiq.txt,30.0,23.808,29.0,0.616,0.776,0.116,0.636,0.992,23.808,19.26,2.4482314869332717,0.10314317632532737,9.124,4.00129486249193,0.0506366216797432
CDMS-10-5A-HEPIHO-CorrEtiq.txt,30.0,24.403508771929825,28.894736842105264,0.6881091617933723,0.6257309941520468,0.0,0.4600389863547758,0.8187134502923976,24.37231968810916,18.92982456140351,2.397728892235637,0.10018220612312519,9.84990253411306,4.216379745236226,0.05026824923021472
CDMS-10-5A-KSRAGU-CorrEtiq.txt,30.0,22.931707317073172,29.0,1.0829268292682928,0.6829268292682927,0.48292682926829267,0.3951219512195122,0.23414634146341465,22.931707317073172,19.48780487804878,2.5415937347201507,0.10886983938979251,8.434146341463414,3.7700640848405538,0.03705344951362062
CDMS-10-5A-SROPU-CorrEtiq.txt,30.0,22.564766839378237,29.0,1.9170984455958548,1.2072538860103628,0.45077720207253885,0.8238341968911918,0.30569948186528495,22.564766839378237,18.207253886010363,2.587518767156784,0.10840148404678113,9.196891191709845,3.93999885066543,0.025778340772998516
CDMS-10-5A-SZURO-CorrEtiq.txt,30.0,23.13586956521739,29.0,1.358695652173913,0.3342391304347826,0.15760869565217392,0.23097826086956522,0.6059782608695652,23.13586956521739,18.809782608695652,2.547720432501966,0.11094383723341847,9.201086956521738,3.973952316946676,0.044659683255500966
CDMS-10-5B-SRAJA-CorrEtiq.txt,30.0,22.397489539748953,29.0,1.2259414225941423,0.23430962343096234,0.12133891213389121,0.23430962343096234,0.9832635983263598,22.397489539748953,19.476987447698743,2.604357290126274,0.11607841242440131,7.669456066945607,3.4274349997729483,0.06521613601224695
CDMS-10-5C-DAAUSA-CorrEtiq.txt,30.0,22.085995085995087,29.0,1.7125307125307125,1.4864864864864864,0.21375921375921375,0.9680589680589681,2.2825552825552826,22.085995085995087,18.14987714987715,2.6666666408328688,0.11610022690114224,8.356265356265355,3.675238890870262,0.07231401483202952
CDMS-10-5C-ICAPA-CorrEtiq.txt,30.0,20.17721518987342,28.81645569620253,1.8417721518987342,1.3924050632911393,0.5506329113924051,0.8164556962025317,1.9113924050632911,20.025316455696203,16.917721518987342,2.9054966933768407,0.13794211878879217,6.829113924050633,3.1054143431023933,0.07477087609753018
CDMS-10-5C-JFALGI-CorrEtiq.txt,30.0,21.216216216216218,29.0,1.2864864864864864,0.7297297297297297,0.0,0.4972972972972973,1.427027027027027,21.216216216216218,18.92972972972973,2.753696342763781,0.1288500298940466,6.859459459459459,3.1069155697949618,0.11351075438789032
CDMS-10-5C-MAORTO-CorrEtiq.txt,30.0,20.433673469387756,29.0,2.2908163265306123,1.2984693877551021,0.6530612244897959,0.8341836734693877,1.7346938775510203,20.433673469387756,17.40561224489796,2.8709121981159944,0.1300090616575912,7.451530612244898,3.30762973521801,0.057298873862965935
CDMS-10-5C-NBEMO-CorrEtiq.txt,30.0,21.42162162162162,29.0,1.9162162162162162,0.8648648648648649,0.9972972972972973,0.7081081081081081,1.7081081081081082,21.42162162162162,17.55945945945946,2.734451344018446,0.11834950483092899,8.010810810810812,3.606155445190174,0.06746648084531476
CDMS-10-6B-ASCACO-CorrEtiq.txt,30.0,22.073469387755104,29.0,1.2408163265306122,0.24489795918367346,0.0,0.24489795918367346,1.310204081632653,22.073469387755104,19.946938775510205,2.6340707006687487,0.11902676631887858,6.877551020408164,3.193971219085869,0.058578822812695636
CDMS-10-6B-JJMOBE-CorrEtiq.txt,30.0,23.181518151815183,29.0,1.0264026402640265,0.6468646864686468,0.0,0.6468646864686468,1.00990099009901,23.181518151815183,19.706270627062707,2.532723037396434,0.10960463316891851,8.465346534653465,3.7830859107175425,0.049166159545315835
CDMS-11-4A-GACHSA-CorrEtiq.txt,30.0,21.696691176470587,29.0,2.3125,0.7591911764705882,0.4227941176470588,0.53125,2.082720588235294,21.696691176470587,17.558823529411764,2.7272752702229,0.11986348119395282,8.722426470588236,3.828784135635327,0.07818410271876336
CDMS-11-5A-EAARCA-CorrEtiq.txt,30.0,22.107142857142858,29.0,1.6275510204081634,0.3469387755102041,0.14795918367346939,0.3163265306122449,1.4540816326530612,22.107142857142858,19.03061224489796,2.66255392639012,0.11905908830769622,8.198979591836734,3.6383088055527764,0.08409713324889706
CDMS-11-5A-MGTHAR-CorrEtiq.txt,30.0,20.083650190114067,29.0,2.817490494296578,1.258555133079848,0.5513307984790875,0.7604562737642585,1.8935361216730038,20.083650190114067,16.85171102661597,2.938734358258323,0.13529068630341412,7.307984790874524,3.298634905067737,0.06931868342701326
CDMS-11-6A-DFVEBE-CorrEtiq.txt,30.0,22.682926829268293,28.898954703832754,0.7770034843205574,0.32752613240418116,1.2822299651567943,0.32752613240418116,0.5470383275261324,22.5993031358885,18.72473867595819,2.5697418449251104,0.11084135270093586,8.54006968641115,3.716343186911597,0.049138261933445136
CDMS-11-6A-NMREPR-CorrEtiq.txt,30.0,23.365930599369086,29.0,1.4321766561514195,0.17350157728706625,0.0,0.17350157728706625,0.41324921135646686,23.365930599369086,19.555205047318612,2.5053264560935156,0.10705476203616113,8.927444794952681,3.872324127249322,0.03405655947113659
CDMS-11-6B-ARAHE-CorrEtiq.txt,30.0,22.16358024691358,28.910493827160494,1.7006172839506173,0.2222222222222222,0.8950617283950617,0.2222222222222222,0.9197530864197531,22.15432098765432,18.049382716049383,2.6372449246903877,0.11500275432460821,8.37037037037037,3.7097983880029886,0.04629420901236562
CDMS-11-6B-AVROTO-CorrEtiq.txt,30.0,23.808823529411764,29.0,1.2303921568627452,0.13725490196078433,0.0,0.13725490196078433,0.9509803921568627,23.808823529411764,17.230392156862745,2.484021828957178,0.10675761924730923,10.848039215686274,4.509974933931566,0.0723139398125302
CDMS-11-6B-EAFESA-CorrEtiq.txt,30.0,23.2512908777969,29.0,1.3803786574870913,0.7366609294320138,0.29948364888123924,0.5834767641996558,0.9879518072289156,23.2512908777969,19.160068846815836,2.5220223540005438,0.1063063022647621,9.457831325301205,4.104108461587168,0.048583323338289616
CDMS-11-6B-EFRGR-CorrEtiq.txt,30.0,21.279452054794522,29.0,2.515068493150685,0.5835616438356165,0.5561643835616439,0.3643835616438356,3.8109589041095893,21.279452054794522,17.96712328767123,2.7656290072776097,0.12189717229138637,8.134246575342466,3.6261710935276357,0.08021290018300485
CDMS-11-6B-EROCO-CorrEtiq.txt,30.0,22.11,28.71,1.345,0.68,0.145,0.46,1.63,22.09,18.26,2.617153530819549,0.1167546526386074,8.155,3.5912073007607397,0.05003227323830625
CDMS-11-6B-JACUPE-CorrEtiq.txt,30.0,19.960644007155636,28.792486583184257,1.960644007155635,1.7889087656529516,1.2003577817531306,1.220035778175313,1.6779964221824686,19.930232558139537,16.28980322003578,2.922780124300268,0.13336291333353562,7.415026833631485,3.332451693859375,0.0929862618445324
CDMS-11-6B-JDCHBA-CorrEtiq.txt,30.0,21.195767195767196,29.0,2.1146384479717812,2.601410934744268,0.8518518518518519,1.4162257495590829,1.2486772486772486,21.195767195767196,16.890652557319225,2.7821055485382993,0.12065470053318451,8.469135802469136,3.6969444268776215,0.06938558397043637
CDMS-11-6B-JFSAHE-CorrEtiq.txt,30.0,24.005509641873278,28.920110192837466,0.8099173553719008,0.5399449035812672,0.0,0.5399449035812672,0.7272727272727273,23.988980716253444,19.399449035812673,2.4211360325793194,0.10108969899185274,9.314049586776859,4.055510224751027,0.026072702986336783
CDMS-11-6B-JLPENA-CorrEtiq.txt,30.0,22.054313099041533,28.629392971246006,1.351437699680511,0.9424920127795527,0.2779552715654952,0.6166134185303515,1.5399361022364217,21.955271565495206,17.389776357827476,2.6125335661024054,0.11529475791752715,8.830670926517572,3.7666433338669383,0.07649367018770965
CDMS-11-6B-JMARME-CorrEtiq.txt,30.0,22.569424964936886,28.91865357643759,1.450210378681627,1.2215988779803646,0.12201963534361851,0.7377279102384292,1.4305750350631137,22.55680224403927,18.580645161290324,2.59437640018596,0.1125020165415251,8.743338008415147,3.8348405284061777,0.062895962852973
CDMS-11-6B-JPSAMA-CorrEtiq.txt,30.0,23.80701754385965,28.898245614035087,1.1578947368421053,0.743859649122807,0.20350877192982456,0.49473684210526314,0.41403508771929826,23.796491228070174,19.280701754385966,2.4460286187391254,0.10130311678201999,9.649122807017545,4.12035597843884,0.035712437295711275
CDMS-11-6B-LESTA-CorrEtiq.txt,30.0,22.178438661710036,29.0,1.3345724907063197,0.7174721189591078,0.21561338289962825,0.42379182156133827,1.3345724907063197,22.178438661710036,19.319702602230482,2.64287859774074,0.11770654937231115,8.293680297397769,3.6126573788641863,0.049553459994672824
CDMS-11-6B-MAGIMU-CorrEtiq.txt,30.0,21.27181208053691,29.0,1.8120805369127517,1.0,0.09731543624161074,0.7550335570469798,2.2114093959731544,21.27181208053691,18.7248322147651,2.7510372273434296,0.12470458531056577,7.318791946308725,3.314499817340092,0.08812053001310897
CDMS-11-6B-MEBRTA-CorrEtiq.txt,30.0,21.71518987341772,29.0,1.3544303797468353,1.9873417721518987,0.7278481012658228,1.4430379746835442,0.5569620253164557,21.71518987341772,18.468354430379748,2.717412582564178,0.11746706304797586,8.189873417721518,3.6411855733393037,0.04075073773437192
CDMS-11-6B-MMAMO-CorrEtiq.txt,30.0,23.554317548746518,29.0,0.7994428969359332,0.3983286908077994,0.403899721448468,0.3983286908077994,0.649025069637883,23.554317548746518,18.52924791086351,2.477336503368447,0.1048573202386535,9.197771587743732,3.966432415059802,0.04040934989928439
CDMS-11-6B-RSECA-CorrEtiq.txt,30.0,22.234726688102892,29.0,1.3344051446945338,1.2090032154340835,0.14790996784565916,0.729903536977492,1.0,22.234726688102892,19.331189710610932,2.639624975503329,0.11672374138460592,7.765273311897106,3.5171720387623155,0.06405375762145482
CDMS-11-6B-SCAPA-CorrEtiq.txt,30.0,23.640243902439025,29.0,1.0121951219512195,0.0,0.0,0.0,0.8170731707317073,23.640243902439025,19.884146341463413,2.4658102534322044,0.10591864794409864,8.817073170731707,3.8473043554142943,0.018576726426294675
CDMS-11-6B-VZAPE-CorrEtiq.txt,30.0,22.01271186440678,29.0,1.6779661016949152,1.3135593220338984,0.4915254237288136,0.8177966101694916,0.6186440677966102,22.01271186440678,18.885593220338983,2.6570045034487517,0.11456029746714899,8.292372881355933,3.668183245416095,0.04135040041875409
CDMS-11-6B-YLNIME-CorrEtiq.txt,30.0,23.498360655737706,29.0,0.9114754098360656,0.4065573770491803,0.0,0.3704918032786885,0.4524590163934426,23.498360655737706,19.449180327868852,2.4871773357391396,0.10681230558298496,8.950819672131148,3.896096777131327,0.020455548355083723
CDMS-11-7C-ICARE-CorrEtiq.txt,30.0,21.984848484848484,29.0,1.9318181818181819,0.6553030303030303,0.1856060606060606,0.5075757575757576,2.121212121212121,21.984848484848484,17.367424242424242,2.6705874390343447,0.11793949254995902,8.837121212121213,3.800805514525248,0.08329459804075859
CDMS-11-7C-IMOIB-CorrEtiq.txt,30.0,24.0,29.0,0.6758104738154613,0.7531172069825436,0.36159600997506236,0.6184538653366584,0.7206982543640897,24.0,18.463840399002493,2.4303445368586862,0.10041756230791653,9.932668329177057,4.222087778101328,0.03630670388983328
CDMS-11-7C-SALMA-CorrEtiq.txt,30.0,22.753541076487252,29.0,1.9093484419263456,0.6572237960339944,0.0,0.40509915014164305,1.0736543909348442,22.753541076487252,18.8328611898017,2.564208906771508,0.1091772452818476,8.832861189801699,3.853743459167626,0.052461489589261334
CDMS-11-7C-SPGAVE-CorrEtiq.txt,30.0,22.474358974358974,28.876068376068375,1.4914529914529915,0.9102564102564102,1.1495726495726495,0.7222222222222222,0.7948717948717948,22.465811965811966,16.41025641025641,2.5986768357579586,0.10961274895173351,9.850427350427351,4.128646402020183,0.05207588629555632
CDMS-12-5A-SRIGO-CorrEtiq.txt,30.0,23.63225806451613,29.0,1.0881720430107527,0.443010752688172,0.3118279569892473,0.3720430107526882,0.5376344086021505,23.63225806451613,19.623655913978496,2.4695483590888725,0.1035402022834245,9.154838709677419,3.9503784365442387,0.026424732864833118
CDMS-12-6A-FAROPA-CorrEtiq.txt,30.0,24.19219219219219,29.0,0.5675675675675675,0.27627627627627627,0.3483483483483483,0.27627627627627627,0.25225225225225223,24.19219219219219,20.17117117117117,2.4094822501102695,0.1003575798694029,9.114114114114114,4.000672375552041,0.01571461259867057
CDMS-12-6A-JGIGA-CorrEtiq.txt,30.0,21.556451612903224,29.0,1.346774193548387,1.3790322580645162,0.3225806451612903,0.9556451612903226,0.8790322580645161,21.556451612903224,18.846774193548388,2.7100658572502785,0.12109475236608605,7.330645161290323,3.2960242521423693,0.025055836531799765
CDMS-12-6A-JSOTGU-CorrEtiq.txt,30.0,21.618348623853212,29.0,1.7229357798165137,0.3889908256880734,0.3192660550458716,0.30825688073394497,1.8311926605504587,21.618348623853212,18.462385321100918,2.709869075005614,0.12222673249018305,7.8330275229357795,3.479370418312491,0.07839574605845166
CDMS-12-6A-SROAL-CorrEtiq.txt,30.0,23.774111675126903,29.0,1.0964467005076142,0.5203045685279187,0.22081218274111675,0.383248730964467,0.6345177664974619,23.774111675126903,19.15482233502538,2.467730343363153,0.10332178667412963,9.398477157360405,4.07968504997459,0.0425976882503919
CDMS-12-6B-IJDAGA-CorrEtiq.txt,30.0,21.65,29.0,1.4933333333333334,0.78,1.5166666666666666,0.7333333333333333,2.03,21.65,17.243333333333332,2.7061804325738454,0.11659360279869095,8.85,3.8453065389845644,0.060423897338009964
CDMS-12-6B-SCLAG-CorrEtiq.txt,30.0,22.103982300884955,29.0,1.5685840707964602,1.0973451327433628,0.6415929203539823,0.7389380530973452,1.3053097345132743,22.103982300884955,18.188053097345133,2.645744972787706,0.1143750153399822,8.422566371681416,3.7108883965702186,0.05938874969374112
CDMS-12-7C-ARAHE-CorrEtiq.txt,30.0,22.068292682926828,29.0,1.1219512195121952,1.1219512195121952,0.0,1.0,1.6634146341463414,22.068292682926828,19.44878048780488,2.6465426811348562,0.11779581205515827,7.68780487804878,3.4300122512972875,0.07890884864716022
CDMS-12-7C-CATRAR-CorrEtiq.txt,30.0,23.27104722792608,28.82135523613963,1.242299794661191,0.5379876796714579,0.0,0.4989733059548255,1.1293634496919918,23.26488706365503,19.069815195071868,2.4956346765095048,0.10638841527375915,8.995893223819301,3.9184404740113115,0.0477682306561938
CDMS-12-7C-DLOLO-CorrEtiq.txt,30.0,22.133828996282528,29.0,1.6356877323420074,0.1449814126394052,0.19330855018587362,0.10408921933085502,1.3531598513011152,22.133828996282528,18.821561338289964,2.6426510255918267,0.11822485028310085,8.037174721189592,3.5517568426254273,0.08724713274405917
CDMS-12-7C-JSZAOR-CorrEtiq.txt,30.0,24.378205128205128,29.0,0.4230769230769231,0.717948717948718,0.1858974358974359,0.5448717948717948,0.5064102564102564,24.378205128205128,20.03846153846154,2.3894043410654335,0.09863165592819996,9.256410256410257,4.072540575263541,0.03590207189482551
CDMS-12-7C-MAROBE-CorrEtiq.txt,30.0,24.109756097560975,29.0,0.9329268292682927,0.8323170731707317,0.0,0.6676829268292683,0.676829268292683,24.109756097560975,18.838414634146343,2.4365040889731047,0.10132996124364411,9.948170731707316,4.240114220887305,0.052283640355468265
CDMS-12-7C-VMAPA-CorrEtiq.txt,30.0,22.53968253968254,29.0,1.4523809523809523,1.4523809523809523,0.0,0.6825396825396826,0.6587301587301587,22.53968253968254,19.626984126984127,2.5853319456081794,0.11178975893969902,7.690476190476191,3.452387234565506,0.04894319110570142
CDMS-12-7C-VQURA-CorrEtiq.txt,30.0,23.066420664206642,28.8929889298893,1.5904059040590406,0.7232472324723247,0.05350553505535055,0.5461254612546126,1.4981549815498154,22.935424354243544,16.782287822878228,2.534542094341305,0.10777685473123601,9.79889298892989,4.131818170448286,0.06421317529848738
CDMS-13-6B-ASUMO-CorrEtiq.txt,30.0,23.054054054054053,28.216216216216218,0.7297297297297297,0.6702702702702703,0.31351351351351353,0.6702702702702703,2.081081081081081,22.55135135135135,15.659459459459459,2.459633436676915,0.10568404045291917,9.335135135135134,3.9823476669680735,0.08305227687224398
CDMS-13-6B-JDTAHE-CorrEtiq.txt,30.0,22.734545454545454,28.78909090909091,1.36,0.76,0.4218181818181818,0.5163636363636364,1.4581818181818182,22.64727272727273,17.94909090909091,2.542952311539788,0.10815197919063116,8.807272727272727,3.8882160737848226,0.07601107400246197
CDMS-13-7C-MVEAR-CorrEtiq.txt,30.0,21.612595419847327,28.94465648854962,1.4484732824427482,0.48091603053435117,1.2080152671755726,0.32633587786259544,1.2194656488549618,21.599236641221374,18.269083969465647,2.703932425877027,0.12011440901270345,7.736641221374046,3.4841381738714876,0.06180714499019143
CDMS-13-7C-RAIZAC-CorrEtiq.txt,30.0,23.585365853658537,29.0,1.024390243902439,1.886178861788618,0.23577235772357724,1.146341463414634,0.2845528455284553,23.585365853658537,20.130081300813007,2.4819049672150078,0.101447962448885,9.512195121951219,4.086156758313764,0.022328228461726753
CDMS-13-7C-SSOSLO-CorrEtiq.txt,30.0,21.862354892205637,28.95190713101161,1.5771144278606966,0.5572139303482587,0.6948590381426202,0.5124378109452736,2.2669983416252073,21.845771144278608,17.739635157545607,2.6874204736988263,0.1182735281273025,8.381426202321725,3.681296819967524,0.09278970563610277
CDMS-14-10A-IMORTO-CorrEtiq.txt,30.0,22.719723183391004,29.0,1.4602076124567474,1.1072664359861593,0.10034602076124567,0.8062283737024222,1.1730103806228374,22.719723183391004,18.4878892733564,2.570198385723949,0.10962259934858667,9.235294117647058,3.9801332305353676,0.05550050253108392
CDMS-14-10A-JCVANI-CorrEtiq.txt,30.0,23.898850574712643,29.0,0.8022988505747126,0.8275862068965517,0.2,0.6735632183908046,0.32413793103448274,23.898850574712643,18.404597701149424,2.4600041938258435,0.10274752748464809,10.050574712643678,4.260114013676155,0.028968776822630275
CDMS-14-5A-LSDUCO-CorrEtiq.txt,30.0,21.482456140350877,29.0,1.8304093567251463,1.6812865497076024,0.2543859649122807,0.97953216374269,1.9678362573099415,21.482456140350877,18.874269005847953,2.728076550362406,0.12099547012411604,7.742690058479532,3.47952479035075,0.08337706540669815
CDMS-14-6B-KDCAHE-CorrEtiq.txt,30.0,22.553376906318082,28.93681917211329,1.636165577342048,1.44880174291939,0.644880174291939,0.8888888888888888,1.2854030501089324,22.383442265795207,17.464052287581698,2.5965098281200727,0.10886633718105566,9.254901960784315,4.027575502353583,0.06573648151003289
CDMS-15-10A-AMALOS-CorrEtiq.txt,30.0,22.933333333333334,29.0,1.175609756097561,1.2308943089430895,0.7073170731707317,0.8390243902439024,0.5853658536585366,22.933333333333334,18.565853658536586,2.5598786407949277,0.1074233702711422,9.026016260162601,3.9688711200392723,0.03038872661429305
CDMS-15-10A-JJMACH-CorrEtiq.txt,30.0,24.273164861612514,28.965102286401926,0.753309265944645,0.4813477737665463,0.24428399518652227,0.3345367027677497,0.7942238267148014,24.2719614921781,18.51383874849579,2.4099574415600853,0.10008940590095945,10.21540312876053,4.31387577876498,0.03610885300411685
CDMS-15-10A-MAALCA-CorrEtiq.txt,30.0,23.788300835654596,29.0,0.6768802228412256,0.7604456824512534,0.24233983286908078,0.5793871866295265,0.7994428969359332,23.788300835654596,19.398328690807798,2.4548449239248114,0.10323562300562396,9.33983286908078,4.074778624768407,0.05487333345884835
CDMS-15-10A-MAALRI-CorrEtiq.txt,30.0,23.813084112149532,29.0,1.0514018691588785,0.969626168224299,0.20327102803738317,0.7897196261682243,0.7476635514018691,23.813084112149532,18.264018691588785,2.4559824459530213,0.10146752060948194,10.121495327102803,4.323522731539699,0.03682552455134397
CDMS-15-10A-SGOMO-CorrEtiq.txt,30.0,24.124629080118694,29.0,1.0445103857566767,0.1661721068249258,0.1632047477744807,0.1661721068249258,1.142433234421365,24.124629080118694,19.160237388724035,2.4170174309795005,0.10031080294181526,9.90207715133531,4.229770759151592,0.0570514096251574
CDMS-15-10A-SHEGA-CorrEtiq.txt,30.0,23.419847328244273,29.0,0.6590330788804071,0.549618320610687,0.0737913486005089,0.5292620865139949,1.9898218829516539,23.419847328244273,18.139949109414758,2.4954588665937734,0.10803039313092241,9.493638676844784,4.049269557377755,0.09231554024618387
CDMS-15-11B-JEMOLO-CorrEtiq.txt,30.0,23.644922164566346,29.0,1.4329132690882136,0.7353595255744997,0.35804299481097107,0.5218680504077094,0.8510007412898444,23.644922164566346,18.200889547813194,2.4797514033760315,0.10203566489789485,10.018532246108228,4.274238013670607,0.03753153149885702
CDMS-15-11B-VSAHO-CorrEtiq.txt,30.0,22.942748091603054,29.0,1.633587786259542,0.7633587786259542,0.3320610687022901,0.44274809160305345,0.7404580152671756,22.942748091603054,18.389312977099237,2.5616443596631333,0.10903864402197991,9.061068702290076,3.935650562352573,0.04292872077833316
CDMS-16-10A-SGALO-CorrEtiq.txt,30.0,23.884318766066837,29.0,0.9408740359897172,0.6066838046272494,0.14910025706940874,0.46786632390745503,0.987146529562982,23.884318766066837,18.611825192802055,2.4436493644524564,0.10209172342713135,10.45758354755784,4.436997894243941,0.057928743887172174
CDMS-16-11B-NGABE-CorrEtiq.txt,30.0,24.207792207792206,28.937229437229437,0.8441558441558441,0.6060606060606061,0.12554112554112554,0.48484848484848486,0.5627705627705628,24.11904761904762,18.541125541125542,2.4062100418123875,0.09949232888403356,10.106060606060606,4.26054747683015,0.03313032917380826
CDMS-17-10A-ASSAMO-CorrEtiq.txt,30.0,24.721649484536083,29.0,0.6529209621993127,0.22336769759450173,0.0,0.22336769759450173,0.8006872852233677,24.721649484536083,18.893470790378007,2.357405269329747,0.09717981621321324,10.43298969072165,4.376500242657972,0.04629241513083121
CDMS-18-7C-VVECA-CorrEtiq.txt,30.0,22.283625730994153,28.915204678362574,1.4649122807017543,0.7485380116959064,0.0847953216374269,0.6228070175438597,1.6754385964912282,22.280701754385966,18.619883040935672,2.6170408867525703,0.11472118942004227,8.08187134502924,3.5834472226364205,0.07463967188489784
CDMS-8-4A-DBEVA-CorrEtiq.txt,30.0,20.567474048442907,29.0,1.8615916955017302,1.2249134948096885,0.6539792387543253,0.7301038062283737,2.688581314878893,20.567474048442907,18.069204152249135,2.858256843205464,0.13230216937479367,7.179930795847751,3.253907107233972,0.07415668716130125
CDMS-8-4A-DJAVDA-CorrEtiq.txt,30.0,19.497942386831276,28.88065843621399,1.962962962962963,1.7366255144032923,1.646090534979424,1.1604938271604939,2.4650205761316872,19.46502057613169,16.580246913580247,3.0123856035829384,0.13972265683810695,7.0,3.14380459161308,0.08532990155319234
CDMS-8-4A-DOSTR-CorrEtiq.txt,30.0,21.053356282271945,29.0,2.0051635111876074,1.1273666092943202,0.7022375215146299,0.8416523235800344,2.5817555938037864,21.053356282271945,17.931153184165233,2.7921359244221375,0.12530634558554982,7.676419965576592,3.4403554221789707,0.07631819223624652
CDMS-8-4A-LGOPA-CorrEtiq.txt,30.0,20.829971181556196,28.94812680115274,2.1815561959654177,1.8155619596541788,0.4899135446685879,1.1239193083573487,2.878962536023055,20.70028818443804,16.311239193083573,2.8093890430376773,0.12490852811365771,8.293948126801153,3.6336572008869084,0.12549064320535483
CDMS-8-4C-JDBUTU-CorrEtiq.txt,30.0,20.42811501597444,28.95846645367412,2.1118210862619806,2.230031948881789,1.329073482428115,1.2587859424920127,1.2236421725239617,20.42811501597444,17.4185303514377,2.8665204279490015,0.12725282237798166,7.514376996805112,3.367890740480421,0.06906286336843578
CDMS-9-4A-ACDUTR-CorrEtiq.txt,30.0,22.041095890410958,29.0,1.226027397260274,0.4863013698630137,0.5958904109589042,0.3972602739726027,1.5273972602739727,22.041095890410958,18.61986301369863,2.659789126674007,0.11846147368825985,7.931506849315069,3.5097743397118344,0.07301390965960594
CDMS-9-4A-CARGA-CorrEtiq.txt,30.0,22.142091152815013,29.0,1.6005361930294906,0.450402144772118,0.46648793565683644,0.30563002680965146,1.4879356568364612,22.142091152815013,18.962466487935657,2.649033060226115,0.11767226505038292,7.983914209115282,3.52989741647299,0.08322120739965992
CDMS-9-4A-CRAAG-CorrEtiq.txt,30.0,20.83450704225352,28.89788732394366,2.3274647887323945,2.334507042253521,0.6126760563380281,0.8169014084507042,3.1690140845070425,20.823943661971832,17.18661971830986,2.839521063097016,0.12811969430201842,7.77112676056338,3.4488895181407866,0.09775342474752392
CDMS-9-4A-EROHI-CorrEtiq.txt,30.0,22.940199335548172,29.0,1.318936877076412,0.3787375415282392,0.7142857142857143,0.2691029900332226,0.8770764119601329,22.940199335548172,19.27906976744186,2.5438480386013778,0.10743115809095903,9.3421926910299,4.027672619942355,0.05697215672936446
CDMS-9-4A-ILOSE-CorrEtiq.txt,30.0,21.610921501706486,29.0,1.8976109215017065,0.3583617747440273,0.0,0.2901023890784983,2.901023890784983,21.610921501706486,18.66211604095563,2.7274897567646765,0.12529297656754074,7.69283276450512,3.4873546544793395,0.06521219000060298
CDMS-9-4A-TGAFR-CorrEtiq.txt,30.0,21.154150197628457,29.0,2.1897233201581026,1.284584980237154,0.17391304347826086,0.857707509881423,2.8735177865612647,21.154150197628457,18.462450592885375,2.770862284380345,0.1235968377790087,7.359683794466403,3.3323570522411115,0.08036013817916085
CDMS-9-4C-SCAMO-CorrEtiq.txt,30.0,24.897560975609757,28.858536585365854,0.6292682926829268,0.13658536585365855,0.14146341463414633,0.13658536585365855,0.4146341463414634,24.848780487804877,19.073170731707318,2.3294816821370374,0.09528992503530652,10.71219512195122,4.489601828156609,0.03127656436751523
CDMS-9-5A-ABERO-CorrEtiq.txt,30.0,22.21598272138229,28.937365010799137,1.9114470842332614,1.326133909287257,0.6220302375809935,0.8077753779697624,0.7580993520518359,22.15766738660907,17.801295896328295,2.64458994816691,0.11271260177081797,8.939524838012959,3.882556485115228,0.029646729624813108
CDMS-9-5A-PAGACO-CorrEtiq.txt,30.0,22.412811387900355,29.0,1.3416370106761566,0.9679715302491103,0.4128113879003559,0.7437722419928826,0.9466192170818505,22.412811387900355,18.327402135231317,2.6205092566350436,0.11343600897987406,8.921708185053381,3.894649765000212,0.058789853696168126
CDMS-9-5A-VVAAR-CorrEtiq.txt,30.0,21.253012048192772,29.0,1.5843373493975903,1.2650602409638554,0.3493975903614458,1.0120481927710843,1.1927710843373494,21.253012048192772,18.879518072289155,2.7660442955019406,0.12438048720209806,7.355421686746988,3.310613521632076,0.07607313041745857
CDMS-9-5C-JDMADE-CorrEtiq.txt,30.0,21.601063829787233,29.0,2.148936170212766,1.5319148936170213,1.5425531914893618,0.9680851063829787,0.9414893617021277,21.601063829787233,15.872340425531915,2.73111035876181,0.11461317627730593,10.196808510638299,4.301120454862794,0.048967689982280294
CDMS-9-5C-LVIZAC-CorrEtiq.txt,30.0,22.51641791044776,29.0,1.6238805970149253,0.5432835820895522,0.34626865671641793,0.4507462686567164,2.325373134328358,22.51641791044776,17.394029850746268,2.597464837185106,0.11165206936578508,9.376119402985074,3.949817164698395,0.06872049496481393
CDMS-9-5C-MLOGO-CorrEtiq.txt,30.0,21.503048780487806,29.0,1.673780487804878,0.6036585365853658,0.6189024390243902,0.3932926829268293,2.7560975609756095,21.503048780487806,18.024390243902438,2.730177038931241,0.12283014436686886,8.060975609756097,3.5682415048079377,0.13224526658935445
CDMS-9-5C-SCAAG-CorrEtiq.txt,30.0,22.74609375,28.88671875,1.46875,0.62109375,0.33984375,0.47265625,1.38671875,22.72265625,18.71875,2.573357119763948,0.110611492260943,8.875,3.8681072822290252,0.06443383049081086
CDMS-XX-10A-VGILO-CorrEtiq.txt,30.0,23.207602339181285,28.915204678362574,0.9883040935672515,0.16374269005847952,0.9327485380116959,0.16374269005847952,0.7397660818713451,23.178362573099417,19.0,2.5140236541390704,0.10630999552221229,9.216374269005849,3.9980374513212023,0.042255968405049985
CDMS-XX-5C-MJSARU-CorrEtiq.txt,30.0,23.5121107266436,29.0,0.6089965397923875,1.0103806228373702,0.20069204152249134,0.916955017301038,0.889273356401384,23.5121107266436,19.463667820069205,2.481406086534241,0.10429384197447353,8.837370242214533,3.870242489449888,0.05335236388068238
CDMS-XX-5C-MPCAQU-CorrEtiq.txt,30.0,21.90082644628099,29.0,1.5495867768595042,0.6033057851239669,0.0,0.4214876033057851,2.128099173553719,21.90082644628099,18.801652892561982,2.688651518560041,0.12210023601373561,7.797520661157025,3.4953189262600755,0.08908479720457042
CDMS-XX-6A-MAGICA-CorrEtiq.txt,30.0,23.831099195710454,28.92225201072386,0.7841823056300268,0.46112600536193027,0.0777479892761394,0.39544235924932974,0.6447721179624665,23.82975871313673,19.02680965147453,2.441837832873532,0.10329581274151986,9.375335120643431,4.061185985641572,0.040504595327671096
CDMS-XX-6B-SPUCA-CorrEtiq.txt,30.0,23.30346232179226,29.0,1.1466395112016294,1.8228105906313645,0.059063136456211814,1.034623217922607,0.9042769857433809,23.30346232179226,18.59470468431772,2.512506603526798,0.10535844948379193,9.325865580448065,4.011574958739015,0.06002397662762857
CSO-10-4A-ICAPA-CorrEtiq.txt,30.0,21.522421524663677,28.934977578475337,1.742152466367713,1.0919282511210762,0.13004484304932734,0.7197309417040358,1.2802690582959642,21.522421524663677,18.515695067264573,2.7101192517959496,0.12134183540741406,7.625560538116592,3.3961274090471494,0.08944268119950598
CSO-10-4A-KCOMO-CorrEtiq.txt,30.0,21.024948024948024,29.0,2.004158004158004,1.3721413721413722,0.42203742203742206,1.0353430353430353,1.0395010395010396,21.024948024948024,17.444906444906444,2.8138616489066908,0.1260947151910839,7.9002079002079,3.4700692036340275,0.07511442415347618
CSO-10-4A-LRAVI-CorrEtiq.txt,30.0,20.166666666666668,28.876543209876544,2.1049382716049383,1.537037037037037,0.0,1.228395061728395,2.185185185185185,20.14814814814815,17.08641975308642,2.8912864456158878,0.1346857505549294,6.561728395061729,3.0272406420193745,0.11854699661937748
CSO-10-4A-LSCAVA-CorrEtiq.txt,30.0,23.003584229390682,29.0,1.7096774193548387,2.082437275985663,0.1039426523297491,1.075268817204301,1.0681003584229392,23.003584229390682,17.462365591397848,2.542050010367145,0.10513328356376356,9.96774193548387,4.238322038995864,0.059456929811351984
CSO-10-5A-ACAVA-CorrEtiq.txt,30.0,23.778181818181817,29.0,0.9563636363636364,0.43272727272727274,0.9127272727272727,0.3709090909090909,0.8218181818181818,23.778181818181817,17.94909090909091,2.4558262604279664,0.10052966325547733,10.574545454545454,4.443180458716723,0.03962086303146909
CSO-10-5A-ARACA-CorrEtiq.txt,30.0,22.364864864864863,28.31418918918919,2.027027027027027,0.24662162162162163,0.777027027027027,0.1554054054054054,0.5304054054054054,22.14527027027027,15.472972972972974,2.5544452654413616,0.10824104091535777,9.503378378378379,4.051186869369245,0.03766808710476744
CSO-10-5A-DABRZA-CorrEtiq.txt,30.0,20.90535714285714,28.948214285714286,2.3125,1.25,0.4142857142857143,0.8196428571428571,2.217857142857143,20.90535714285714,16.59285714285714,2.837323827451659,0.1285792315798172,8.6125,3.6724611141151535,0.08424805778630201
CSO-10-5A-GZAMA-CorrEtiq.txt,30.0,22.989881956155145,28.951096121416526,1.3777403035413154,0.7774030354131535,0.09780775716694773,0.554806070826307,1.5109612141652613,22.989881956155145,19.342327150084316,2.5570910828308517,0.11022908890491881,8.79258010118044,3.87491999324572,0.07714959297876464
CSO-10-5A-IPECA-CorrEtiq.txt,30.0,23.16030534351145,29.0,1.1030534351145038,0.5152671755725191,0.11068702290076336,0.3969465648854962,1.4809160305343512,23.16030534351145,18.786259541984734,2.5253257471539654,0.10863053038140046,8.82442748091603,3.838020757088697,0.0678183657026522
CSO-10-5A-JANORO-CorrEtiq.txt,30.0,23.051020408163264,28.901360544217688,1.2006802721088434,1.1156462585034013,0.17346938775510204,0.8027210884353742,1.119047619047619,23.01360544217687,18.96938775510204,2.522900084948373,0.10653060473130835,8.636054421768707,3.8315476459873947,0.05856329352860166
CSO-10-5A-JBUVE-CorrEtiq.txt,30.0,23.529850746268657,29.0,1.4067164179104477,0.7014925373134329,0.43283582089552236,0.48880597014925375,1.962686567164179,23.529850746268657,18.473880597014926,2.484543028486555,0.10221132412284774,9.626865671641792,4.1849968498519,0.0469989558014034
CSO-10-5A-JJSEMO-CorrEtiq.txt,30.0,21.248945147679326,28.877637130801688,1.9409282700421941,0.7805907172995781,0.12236286919831224,0.4810126582278481,1.4725738396624473,21.248945147679326,18.345991561181435,2.7430798748173184,0.1251915823892051,7.248945147679325,3.339818623982591,0.05287793843824551
CSO-10-5A-JLCARI-CorrEtiq.txt,30.0,23.027027027027028,28.843243243243244,1.1567567567567567,0.5405405405405406,0.31351351351351353,0.3945945945945946,0.5783783783783784,23.027027027027028,16.90810810810811,2.5238771117352354,0.1081397998005886,9.324324324324325,4.02378761690486,0.044503790683261095
CSO-10-5A-MAARAN-CorrEtiq.txt,30.0,21.557457212713935,29.0,1.7041564792176038,0.49144254278728605,0.14180929095354522,0.3594132029339853,1.9339853300733496,21.557457212713935,18.975550122249388,2.717186057427971,0.12363556012077748,7.381418092909535,3.305242711004891,0.10166761462812456
CSO-10-5A-MAOSMO-CorrEtiq.txt,30.0,24.33949191685912,29.0,0.9630484988452656,0.3833718244803695,0.06697459584295612,0.3833718244803695,0.394919168591224,24.33949191685912,19.048498845265588,2.4003113525943447,0.09896679728891616,10.15704387990762,4.331114734496527,0.02999950091452683
CSO-10-5A-RVMOIB-CorrEtiq.txt,30.0,23.514739229024944,29.0,0.9727891156462585,0.3900226757369615,0.23582766439909297,0.3287981859410431,1.002267573696145,23.514739229024944,19.038548752834465,2.485998571618522,0.10562519206802244,9.022675736961451,3.919247678548506,0.04177733857784725
CSO-10-5A-SVHEES-CorrEtiq.txt,30.0,22.094252873563217,29.0,1.1402298850574712,0.5540229885057472,0.8,0.49195402298850577,1.4666666666666666,22.094252873563217,18.57471264367816,2.6545512388314467,0.1170654252978648,8.119540229885057,3.6019511030837887,0.06245792172684661
CSO-11-5A-MDVOSPE-CorrEtiq.txt,30.0,22.96927374301676,28.91899441340782,1.3491620111731844,0.4860335195530726,0.19553072625698323,0.33519553072625696,1.282122905027933,22.966480446927374,18.835195530726256,2.538076644646004,0.10926243519762728,8.835195530726256,3.8422622942044677,0.061826776596431564
CSO-11-5A-MTAGA-CorrEtiq.txt,30.0,24.54434250764526,29.0,1.0275229357798166,0.7186544342507645,0.4801223241590214,0.45565749235474007,0.5565749235474006,24.54434250764526,18.63914373088685,2.381121568546953,0.09518924940702705,11.223241590214068,4.672021145129986,0.02181124095873441
CSO-11-6A-CAPAMU-CorrEtiq.txt,30.0,23.726342710997443,28.703324808184142,1.0588235294117647,0.20460358056265984,0.4143222506393862,0.14578005115089515,1.5626598465473145,23.171355498721226,16.30690537084399,2.4389674039790616,0.10248982651572446,10.12531969309463,4.231510011389915,0.04920101337186643
CSO-11-6A-DSCACH-CorrEtiq.txt,30.0,24.21875,29.0,0.93359375,0.140625,0.11328125,0.11328125,0.5078125,24.21875,19.5703125,2.4105529184826953,0.10052316766515872,9.203125,3.981712149135065,0.020565855074184
CSO-11-6A-EROMO-CorrEtiq.txt,30.0,22.12621359223301,29.0,1.5339805825242718,1.8786407766990292,0.0,1.5679611650485437,1.087378640776699,22.12621359223301,18.66990291262136,2.6419559255306075,0.11246810222290073,7.985436893203883,3.6204338825024682,0.03621080433520329
CSO-11-6A-FSOVRE-CorrEtiq.txt,30.0,21.58880778588808,28.929440389294403,1.7445255474452555,1.1411192214111923,0.3333333333333333,0.8223844282238443,1.8661800486618005,21.581508515815084,17.800486618004864,2.703666848806937,0.11972719402011757,7.9391727493917275,3.5503200069755154,0.0736242238132251
CSO-11-6B-ANREVA-CorrEtiq.txt,30.0,22.614958448753463,29.0,1.3462603878116344,0.518005540166205,0.16066481994459833,0.44598337950138506,1.6509695290858726,22.614958448753463,19.398891966759003,2.584970192212149,0.11260258080105358,7.89196675900277,3.570933909839468,0.06864840653835808
CSO-11-6B-DISEMO-CorrEtiq.txt,30.0,24.17142857142857,28.442857142857143,1.1047619047619048,0.7571428571428571,0.1380952380952381,0.5952380952380952,0.5523809523809524,23.88095238095238,16.18095238095238,2.378666488597741,0.09697099098999143,10.971428571428572,4.5439040063555955,0.02468077624835825
CSO-11-6B-LHFDLACH-CorrEtiq.txt,30.0,22.710659898477157,28.926395939086294,2.3553299492385786,1.2715736040609138,0.4263959390862944,0.8223350253807107,4.426395939086294,22.710659898477157,17.091370558375633,2.595551971582979,0.10609875503114409,10.01015228426396,4.289748595709448,0.052760103870010004
CSO-11-6B-RJGIHE-CorrEtiq.txt,30.0,22.149122807017545,29.0,1.2309941520467835,0.7923976608187134,0.5994152046783626,0.5467836257309941,2.0526315789473686,22.149122807017545,18.853801169590643,2.641047853753616,0.11644950062129379,8.178362573099415,3.573592830240223,0.0914830549271163
CSO-11-6B-SFLVA-CorrEtiq.txt,30.0,21.15081967213115,29.0,1.7573770491803278,1.5540983606557377,1.0688524590163935,0.9540983606557377,2.318032786885246,21.15081967213115,16.770491803278688,2.7833766632984096,0.12242034666642485,8.416393442622951,3.7424662916717337,0.08879097428496675
CSO-11-6B-VCOMA-CorrEtiq.txt,30.0,23.442105263157895,29.0,1.1122807017543859,0.7614035087719299,0.21052631578947367,0.6666666666666666,1.056140350877193,23.442105263157895,18.533333333333335,2.505943567131463,0.1057614522182656,9.456140350877194,4.0559680961914975,0.05042687546686897
CSO-12-6A-DGISE-CorrEtiq.txt,30.0,22.359375,29.0,1.58984375,1.25,1.359375,0.8671875,0.94140625,22.359375,17.17578125,2.612207676784425,0.1086395109289762,9.6796875,4.1144193241131815,0.06289087065080738
CSO-12-6A-FJOVRE-CorrEtiq.txt,30.0,22.20820189274448,28.90851735015773,1.1545741324921135,0.8296529968454258,0.5867507886435331,0.6876971608832808,1.5772870662460567,22.20504731861199,18.65615141955836,2.62350679458808,0.11487071601624596,8.056782334384858,3.5822129284227873,0.060571989287746895
CSO-12-6B-GQULO-CorrEtiq.txt,30.0,21.99,29.0,1.1833333333333333,0.9333333333333333,0.78,0.75,0.9366666666666666,21.99,18.296666666666667,2.6626184170933938,0.1165523986151796,8.41,3.6632823865599606,0.0499547110753311
CSO-12-6B-LJHEFE-CorrEtiq.txt,30.0,23.727272727272727,29.0,1.0216450216450217,0.961038961038961,0.2857142857142857,0.683982683982684,1.0064935064935066,23.727272727272727,17.883116883116884,2.473706534367624,0.10306707705410229,10.4004329004329,4.421693380750745,0.056928205871867844
CSO-12-6B-VPAMA-CorrEtiq.txt,30.0,21.44943820224719,27.370786516853933,1.9943820224719102,0.17415730337078653,0.3258426966292135,0.17415730337078653,2.1797752808988764,20.786516853932586,14.02808988764045,2.575518993427864,0.11559774863961614,7.601123595505618,3.3292366642782945,0.0697525895003053
CSO-12-7A-DALRE-CorrEtiq.txt,30.0,20.773662551440328,28.930041152263374,2.4135802469135803,0.654320987654321,0.6111111111111112,0.5102880658436214,2.45679012345679,20.771604938271604,16.90740740740741,2.8208498660874946,0.1271730999356471,7.934156378600823,3.5356853248099678,0.09921061730055933
CSO-12-7A-ESALA-CorrEtiq.txt,30.0,22.019138755980862,29.0,1.3157894736842106,0.430622009569378,0.0,0.37320574162679426,1.3014354066985645,22.019138755980862,19.555023923444978,2.6571814276763073,0.12067798198878968,7.019138755980861,3.2267217470694405,0.07456867958641743
CSO-12-7A-IMERO-CorrEtiq.txt,30.0,22.711805555555557,29.0,1.5260416666666667,1.1163194444444444,0.3524305555555556,0.7170138888888888,1.3038194444444444,22.711805555555557,17.55902777777778,2.5816389695012942,0.11019932041488657,9.65625,4.070102369297711,0.06570924679893748
CSO-12-7A-JHEZA-CorrEtiq.txt,30.0,23.78927203065134,28.666666666666668,1.3486590038314177,0.8045977011494253,0.6245210727969349,0.5977011494252874,1.7126436781609196,23.620689655172413,15.061302681992338,2.424589645426771,0.09754348125653702,11.371647509578544,4.7477797599108955,0.057499092985683085
CSO-12-7A-LSARAR-CorrEtiq.txt,30.0,21.809954751131222,29.0,1.8054298642533937,1.1719457013574661,0.0,0.7918552036199095,0.832579185520362,21.809954751131222,18.733031674208146,2.6890124753645055,0.11905610988080387,7.479638009049774,3.3805625749736423,0.048357397046607284
CSO-12-7A-SCAHO-CorrEtiq.txt,30.0,22.545945945945945,29.0,1.4594594594594594,0.8378378378378378,0.07837837837837838,0.5027027027027027,1.1486486486486487,22.545945945945945,18.954054054054055,2.5832523412042865,0.11227547480932863,8.402702702702703,3.71331163221108,0.0625778611579636
CSO-12-7B-DVAGRO-CorrEtiq.txt,30.0,23.65930599369085,29.0,1.1261829652996846,0.9779179810725552,0.6403785488958991,0.7160883280757098,1.138801261829653,23.65930599369085,16.738170347003155,2.4787794635321103,0.10131894429710812,11.123028391167193,4.618438009202454,0.051218294599671726
CSO-12-7B-SMUGU-CorrEtiq.txt,30.0,23.17695473251029,29.0,0.8189300411522634,0.2880658436213992,0.35802469135802467,0.2880658436213992,1.4979423868312758,23.17695473251029,18.855967078189302,2.526107373765545,0.10988161688125184,8.938271604938272,3.8590280581820324,0.06617392121997519
CSO-12-7B-SSARA-CorrEtiq.txt,30.0,24.198019801980198,29.0,1.0132013201320131,0.46864686468646866,0.47854785478547857,0.3795379537953795,0.5247524752475248,24.198019801980198,20.033003300330034,2.4221827009272405,0.09907793918206745,10.132013201320133,4.356065149623093,0.014793623497210338
CSO-12-7B-VHOMA-CorrEtiq.txt,30.0,24.55157894736842,29.0,0.7957894736842105,0.5094736842105263,0.4842105263157895,0.4105263157894737,0.7094736842105264,24.55157894736842,18.79157894736842,2.3794189596148407,0.09648096610746255,10.688421052631579,4.481491547736622,0.042142732461804056
CSO-12-8A-YTOME-CorrEtiq.txt,30.0,23.646153846153847,29.0,0.8730769230769231,0.6230769230769231,0.11153846153846154,0.5384615384615384,0.5923076923076923,23.646153846153847,19.861538461538462,2.4633699785907144,0.10373536068070481,8.95,3.9186029819795882,0.03813675430274809
CSO-13-6A-ANASA-CorrEtiq.txt,30.0,24.454802259887007,29.0,0.768361581920904,0.6581920903954802,0.08192090395480225,0.5522598870056498,0.786723163841808,24.454802259887007,19.2725988700565,2.392994942820506,0.09842616130190668,10.248587570621469,4.379888614575392,0.030373698752221436
CSO-13-6B-JETAVE-CorrEtiq.txt,30.0,21.9120654396728,29.0,1.8159509202453987,0.3803680981595092,0.11860940695296524,0.34355828220858897,1.9141104294478528,21.9120654396728,19.15950920245399,2.6809159529789923,0.11990595065876648,7.515337423312883,3.3869465498764963,0.08286548162905863
CSO-13-6B-LFMIES-CorrEtiq.txt,30.0,23.260536398467433,28.77777777777778,0.8582375478927203,0.4789272030651341,0.44061302681992337,0.42911877394636017,0.9540229885057471,23.088122605363985,17.835249042145595,2.508054566324141,0.1079569176033438,9.478927203065133,4.00519095339966,0.06554111590777115
CSO-13-6B-LJMAHU-CorrEtiq.txt,30.0,22.581661891117477,28.455587392550143,1.5988538681948423,1.3094555873925502,0.166189111747851,0.8194842406876791,0.28653295128939826,22.363896848137536,17.008595988538683,2.533380684848363,0.10775918087596437,8.82808022922636,3.8413835748943055,0.02443964980962998
CSO-13-7A-CAPAMU-CorrEtiq.txt,30.0,23.149012567324956,28.79174147217235,1.1382405745062836,1.5368043087971275,0.5403949730700179,1.0412926391382407,1.3447037701974864,23.143626570915618,17.391382405745063,2.511887427914362,0.10384112530768377,10.107719928186714,4.291473792112891,0.05151640274666793
CSO-13-7A-CDDITR-CorrEtiq.txt,30.0,24.57017543859649,29.0,0.8859649122807017,0.5087719298245614,0.12719298245614036,0.38596491228070173,0.4342105263157895,24.57017543859649,18.80701754385965,2.37759328951649,0.09703659125855922,10.635964912280702,4.453771194372885,0.0314723690727172
CSO-13-7A-JJATFL-CorrEtiq.txt,30.0,22.22007722007722,29.0,1.308880308880309,1.0386100386100385,0.1969111969111969,0.7335907335907336,1.250965250965251,22.22007722007722,19.733590733590734,2.6282621419038548,0.1151587514474271,7.196911196911197,3.3202624842647532,0.046729828131535034
CSO-13-7A-KRAMA-CorrEtiq.txt,30.0,21.75221238938053,29.0,1.4336283185840708,0.8008849557522124,0.30973451327433627,0.5221238938053098,0.7035398230088495,21.75221238938053,19.579646017699115,2.69454583087523,0.12147699247687395,7.0265486725663715,3.247486441768891,0.053394094721979736
CSO-13-7A-RXCHLU-CorrEtiq.txt,30.0,22.985714285714284,29.0,0.6333333333333333,0.5190476190476191,0.0,0.3904761904761905,0.6333333333333333,22.985714285714284,20.052380952380954,2.5333870635920324,0.11192904901208268,7.838095238095238,3.580099385123249,0.049748172018972074
CSO-13-7A-YAMEZA-CorrEtiq.txt,30.0,23.88888888888889,29.0,0.7053872053872053,0.6986531986531986,0.3552188552188552,0.6531986531986532,0.7255892255892256,23.88888888888889,19.24915824915825,2.4402565245714127,0.1012758033176944,9.732323232323232,4.148918784886856,0.041943210471247924
CSO-13-7A-YBOSO-CorrEtiq.txt,30.0,21.292134831460675,27.02247191011236,2.050561797752809,0.7752808988764045,0.4887640449438202,0.43820224719101125,1.6235955056179776,20.786516853932586,11.51123595505618,2.5824448106705007,0.11521404613641459,8.235955056179776,3.559566301559636,0.0649537427108491
CSO-13-8A-KIGAGU-CorrEtiq.txt,30.0,22.68421052631579,29.0,1.2894736842105263,0.7412280701754386,1.0921052631578947,0.5789473684210527,1.144736842105263,22.68421052631579,18.93859649122807,2.5736093707472527,0.10804421566214492,8.846491228070175,3.850159095632318,0.05367543285269559
CSO-13-8A-MBUAN-CorrEtiq.txt,30.0,23.782273603082853,28.94412331406551,1.28131021194605,0.930635838150289,0.3911368015414258,0.5491329479768786,0.6782273603082851,23.770712909441233,17.89402697495183,2.4540433913003503,0.1006838850342413,10.526011560693641,4.4472696059527275,0.030938287908553377
CSO-13-8A-MGAAN-CorrEtiq.txt,30.0,24.12534059945504,29.0,0.9782016348773842,1.0354223433242506,0.31607629427792916,0.9264305177111717,0.6893732970027248,24.12534059945504,18.959128065395095,2.421595999598606,0.0973387348067325,10.209809264305177,4.347564582648228,0.030860387050448596
CSO-13-8A-MGAHE-CorrEtiq.txt,30.0,23.056561085972852,29.0,1.3846153846153846,0.18552036199095023,0.26244343891402716,0.18552036199095023,1.2918552036199096,23.056561085972852,19.24660633484163,2.5394711115616655,0.10925287750197804,8.762443438914028,3.8289639867211287,0.04551636021916489
CSO-13-8A-MJAGA-CorrEtiq.txt,30.0,20.781569965870307,29.0,2.36518771331058,1.0887372013651877,1.583617747440273,0.7952218430034129,1.6689419795221843,20.781569965870307,17.436860068259385,2.82047257443823,0.12365685459794791,7.901023890784983,3.5040262185689843,0.0811540052330435
CSO-13-8A-VHODU-CorrEtiq.txt,30.0,22.752475247524753,29.0,0.7945544554455446,0.5544554455445545,0.3589108910891089,0.5024752475247525,1.25990099009901,22.752475247524753,19.764851485148515,2.567423927064005,0.11254305910785269,8.138613861386139,3.6161917291841386,0.06283067910720569
CSO-13-8B-FCJISA-CorrEtiq.txt,30.0,23.57777777777778,29.0,1.0844444444444445,1.0,0.1288888888888889,0.5066666666666667,1.3022222222222222,23.57777777777778,18.137777777777778,2.4729528813569495,0.1039637362308097,9.902222222222223,4.177973592543946,0.08287704659013632
CSO-13-8B-JEMABE-CorrEtiq.txt,30.0,21.416901408450705,28.83661971830986,1.9577464788732395,0.6309859154929578,0.29014084507042254,0.4028169014084507,0.828169014084507,21.304225352112677,18.29014084507042,2.720859544035516,0.12305687760598001,7.459154929577465,3.382379058182332,0.05389728058436486
CSO-13-9B-DMLLLU-CorrEtiq.txt,30.0,21.744791666666668,29.0,1.75,0.3489583333333333,0.296875,0.2916666666666667,1.9895833333333333,21.744791666666668,18.875,2.6989981867275805,0.12162652815433163,7.8125,3.4833792846056233,0.06533752965321804
CSO-14-7A-MVEBE-CorrEtiq.txt,30.0,22.29530201342282,29.0,0.4228187919463087,0.37583892617449666,0.3624161073825503,0.37583892617449666,0.9932885906040269,22.29530201342282,20.08053691275168,2.6100966101406873,0.11845019308859095,7.087248322147651,3.1854944573017767,0.06946256052762105
CSO-14-7B-EALHU-CorrEtiq.txt,30.0,22.386138613861387,29.0,1.9042904290429044,0.9900990099009901,0.09570957095709572,0.6435643564356436,2.8184818481848186,22.386138613861387,18.831683168316832,2.613419199061777,0.11183421763527292,8.415841584158416,3.736932398896417,0.05979060933322648
CSO-14-7B-EVEGO-CorrEtiq.txt,30.0,24.081142857142858,29.0,1.096,0.6228571428571429,0.09942857142857142,0.512,1.2194285714285715,24.081142857142858,19.221714285714285,2.429094003446117,0.1002068513547459,9.86742857142857,4.239308858799521,0.04975249483913346
CSO-14-8A-AQUMA-CorrEtiq.txt,30.0,21.785714285714285,29.0,1.226890756302521,1.4621848739495797,0.12184873949579832,0.9495798319327731,1.0168067226890756,21.785714285714285,19.126050420168067,2.674867067137513,0.1197086430847379,7.474789915966387,3.396870279391712,0.06327561281479119
CSO-14-8A-MCIDOS-CorrEtiq.txt,30.0,22.076923076923077,28.667832167832167,1.7692307692307692,0.9405594405594405,0.40559440559440557,0.6398601398601399,2.0524475524475525,21.384615384615383,16.79020979020979,2.6533644977416975,0.1167944535566579,8.5,3.7576571270613823,0.08639069396596145
CSO-14-8A-SZARA-CorrEtiq.txt,30.0,22.831715210355988,29.0,1.0161812297734627,0.8576051779935275,0.7961165048543689,0.8284789644012945,0.7799352750809061,22.831715210355988,18.362459546925567,2.5540234191018074,0.10712003920696263,8.864077669902912,3.843635949265819,0.03301705818815472
CSO-14-8B-JLLORA-CorrEtiq.txt,30.0,22.142335766423358,29.0,1.032846715328467,0.4233576642335766,0.4233576642335766,0.40875912408759124,2.6386861313868613,22.142335766423358,18.813868613138688,2.6382790231236006,0.11789580127394157,7.711678832116788,3.4384640481721362,0.09092274263514308
CSO-14-9A-AEDCAGO-CorrEtiq.txt,30.0,24.089622641509433,28.86320754716981,0.8655660377358491,0.6344339622641509,0.27358490566037735,0.6297169811320755,0.7900943396226415,23.88443396226415,18.455188679245282,2.41791337794945,0.09955272522488885,10.09433962264151,4.326342101336749,0.042111359250486036
CSO-14-9A-HASACA-CorrEtiq.txt,30.0,23.572687224669604,29.0,0.762114537444934,0.7577092511013216,0.1277533039647577,0.7577092511013216,0.5903083700440529,23.572687224669604,18.154185022026432,2.4786776704110545,0.10469780761638542,9.581497797356828,4.091539737581741,0.04580101869831077
CSO-14-9A-JSMAAL-CorrEtiq.txt,30.0,23.32751091703057,28.936681222707424,1.1353711790393013,0.8842794759825328,0.5698689956331878,0.6528384279475983,0.6812227074235808,23.268558951965066,17.96943231441048,2.5056340627811804,0.1047116147667025,9.196506550218341,4.017678354813903,0.05293856958289872
CSO-14-9A-MARJA-CorrEtiq.txt,30.0,23.255192878338278,29.0,1.2878338278931751,0.34718100890207715,0.0,0.2997032640949555,1.5578635014836795,23.255192878338278,18.973293768545993,2.521712181835354,0.10874013052767575,8.98219584569733,3.8995646428104163,0.067745959692703
CSO-14-9A-SORZU-CorrEtiq.txt,30.0,22.71383647798742,28.78616352201258,1.380503144654088,1.1918238993710693,0.5471698113207547,0.8081761006289309,1.1886792452830188,22.62264150943396,16.562893081761008,2.566948760445803,0.10851117700740673,9.547169811320755,4.076812848138199,0.05383793674828944
CSO-14-9B-ERAGA-CorrEtiq.txt,30.0,21.325,28.919444444444444,1.4555555555555555,1.1555555555555554,0.48333333333333334,0.8861111111111111,1.3611111111111112,21.316666666666666,17.863888888888887,2.735954220999898,0.12288935418658652,7.75,3.4239554191698063,0.07844718750665698
CSO-14-9B-MFEGA-CorrEtiq.txt,30.0,21.865079365079364,29.0,1.873015873015873,1.2261904761904763,0.7222222222222222,0.8373015873015873,3.142857142857143,21.865079365079364,17.96031746031746,2.6922023071718044,0.11661017161611945,9.03968253968254,3.8375173133288953,0.060562108637304164
CSO-15-10A-LJRAGU-CorrEtiq.txt,30.0,23.36,28.796,1.346,0.17,0.058,0.116,1.366,23.168,19.198,2.494955596597948,0.10715826384481533,8.85,3.8635207206216053,0.0576715197133685
CSO-15-10A-MAARLO-CorrEtiq.txt,30.0,22.233727810650887,28.828402366863905,1.3846153846153846,0.4526627218934911,0.3668639053254438,0.42011834319526625,1.2455621301775148,22.118343195266274,18.547337278106507,2.604596543363689,0.11398479409488162,8.165680473372781,3.5882450554353205,0.07009132779108285
CSO-15-10A-SFEGA-CorrEtiq.txt,30.0,20.977358490566036,28.7811320754717,1.9849056603773585,1.1433962264150943,0.3283018867924528,0.9018867924528302,2.69811320754717,20.973584905660378,17.71698113207547,2.805849852033198,0.1276509801702151,7.3584905660377355,3.3525698660141985,0.0926138601670141
CSO-15-10B-MEBUAR-CorrEtiq.txt,30.0,23.29090909090909,29.0,0.6424242424242425,1.0696969696969696,0.08787878787878788,0.9424242424242424,1.1181818181818182,23.29090909090909,18.087878787878786,2.5161742353063343,0.10793238446826962,9.548484848484849,4.054468694168932,0.049051918234746764
CSO-15-10B-YVBUAN-CorrEtiq.txt,30.0,23.04621848739496,28.8781512605042,1.1974789915966386,0.6890756302521008,0.12184873949579832,0.35294117647058826,1.9453781512605042,23.03361344537815,18.903361344537814,2.526220196105836,0.10901336694423859,8.512605042016807,3.7494319380039096,0.059486574436223114
CSO-15-10C-ALBAHO-CorrEtiq.txt,30.0,23.165289256198346,29.0,1.421487603305785,1.3774104683195592,0.71900826446281,0.9338842975206612,0.9201101928374655,23.165289256198346,18.553719008264462,2.523023779381553,0.10344011505344855,9.575757575757576,4.193123713784522,0.06136836868417497
CSO-15-10C-SSCAMO-CorrEtiq.txt,30.0,23.519774011299436,29.0,1.7514124293785311,1.2824858757062148,0.403954802259887,0.807909604519774,0.8050847457627118,23.519774011299436,18.1864406779661,2.50708336701377,0.1017217049464776,10.528248587570621,4.456224135267988,0.03205601782740172
CSO-15-11C-JETALO-CorrEtiq.txt,30.0,22.097690941385434,29.0,1.8099467140319716,2.641207815275311,0.61101243339254,1.4511545293072825,1.547069271758437,22.097690941385434,17.115452930728242,2.658296461145918,0.11040336540750047,9.623445825932505,4.165567462389164,0.05846695517334427
CSO-15-7B-JCRAGA-CorrEtiq.txt,30.0,22.96212121212121,29.0,0.9393939393939394,0.42424242424242425,0.9090909090909091,0.3787878787878788,1.4848484848484849,22.96212121212121,18.742424242424242,2.5567299313781775,0.10987991763424446,9.106060606060606,4.0009790622317905,0.07616666032476047
CSO-15-8A-VBMABR-CorrEtiq.txt,30.0,22.693069306930692,29.0,1.8554455445544555,0.8792079207920792,0.05742574257425743,0.5623762376237624,0.8712871287128713,22.693069306930692,19.50891089108911,2.578895521028788,0.10995230078168096,8.655445544554455,3.810655101833433,0.04125500949775497
CSO-15-8B-KEPOGO-CorrEtiq.txt,30.0,24.878892733564015,29.0,0.6920415224913494,0.07958477508650519,0.10034602076124567,0.058823529411764705,0.671280276816609,24.878892733564015,20.027681660899653,2.348531103092639,0.09659362488728468,10.619377162629759,4.46487978116865,0.0345868148591142
CSO-15-9B-ALRIHE-CorrEtiq.txt,30.0,23.496503496503497,29.0,0.7692307692307693,0.5594405594405595,0.583916083916084,0.46503496503496505,0.5874125874125874,23.496503496503497,19.20979020979021,2.480333090723787,0.10429577978665047,9.335664335664335,4.001296510847486,0.027714555343437332
CSO-15-9B-AMSAGO-CorrEtiq.txt,30.0,24.129692832764505,28.78839590443686,0.7815699658703071,0.25597269624573377,0.0,0.25597269624573377,1.2457337883959045,23.784982935153582,18.96928327645051,2.401310661380561,0.10095123094113308,9.331058020477816,4.083672733515245,0.05748319193525305
CSO-15-9B-JCAPA-CorrEtiq.txt,30.0,23.14887640449438,29.0,1.0870786516853932,0.17696629213483145,0.3258426966292135,0.1601123595505618,1.1853932584269662,23.14887640449438,19.230337078651687,2.529054499914669,0.109359421974986,8.808988764044944,3.8366923312942616,0.05461356152757505
CSO-15-9B-KSBEJA-CorrEtiq.txt,30.0,21.216374269005847,29.0,1.8362573099415205,0.8947368421052632,0.4239766081871345,0.8157894736842105,0.48830409356725146,21.216374269005847,17.236842105263158,2.7748527617172227,0.1250214474114352,7.681286549707602,3.4577081998236827,0.03594812864206693
CSO-15-9B-RMCHLU-CorrEtiq.txt,30.0,22.77287066246057,29.0,1.274447949526814,1.3659305993690851,0.0914826498422713,0.9211356466876972,1.4227129337539433,22.77287066246057,18.832807570977916,2.571000902514797,0.11003842564300069,8.839116719242902,3.8501278294618633,0.06534846512126469
CSO-15-9B-SJAGRO-CorrEtiq.txt,30.0,24.897196261682243,29.0,0.3598130841121495,0.6308411214953271,0.0,0.5794392523364486,0.2850467289719626,24.897196261682243,18.901869158878505,2.347689260037899,0.09613710135620357,10.841121495327103,4.5381461701921495,0.034757537381982
CSO-16-10A-JEGAHE-CorrEtiq.txt,30.0,22.888288288288287,29.0,1.3873873873873874,0.6792792792792792,0.15675675675675677,0.527927927927928,0.972972972972973,22.888288288288287,18.625225225225226,2.5569537537325933,0.10956210038814247,8.857657657657658,3.8810747465561484,0.05134871450094525
CSO-16-10A-MSACO-CorrEtiq.txt,30.0,23.899053627760253,29.0,0.8801261829652997,0.31545741324921134,0.0914826498422713,0.24290220820189273,1.028391167192429,23.899053627760253,19.37223974763407,2.439656515984866,0.10295539875252425,9.485804416403786,4.1085883096229665,0.04502440635363482
CSO-16-10A-SARI-CorrEtiq.txt,30.0,22.17142857142857,27.895238095238096,2.552380952380952,0.8126984126984127,0.2761904761904762,0.5873015873015873,0.3238095238095238,21.479365079365078,14.152380952380952,2.570518940020601,0.10756571180384124,9.222222222222221,3.985290798717011,0.027161268067546124
CSO-16-10A-SMOUT-CorrEtiq.txt,30.0,23.861538461538462,29.0,0.9076923076923077,0.8365384615384616,0.5461538461538461,0.5769230769230769,0.7384615384615385,23.861538461538462,18.684615384615384,2.449753006202531,0.10051806316811959,10.046153846153846,4.247078454704598,0.05014177572869212
CSO-16-10A-YKMUJO-CorrEtiq.txt,30.0,21.807377049180328,29.0,1.2049180327868851,0.5409836065573771,0.47540983606557374,0.430327868852459,0.9918032786885246,21.807377049180328,19.225409836065573,2.684721864062858,0.12157431964718539,7.540983606557377,3.351635678307265,0.06402270488502469
CSO-16-10B-JESUGU-CorrEtiq.txt,30.0,24.22818791946309,29.0,0.5704697986577181,0.18791946308724833,0.19463087248322147,0.18791946308724833,0.912751677852349,24.22818791946309,20.22818791946309,2.4039717019787052,0.10067603569792073,9.046979865771812,3.9821292346620623,0.051057801825966406
CSO-16-10B-LTVIFA-CorrEtiq.txt,30.0,26.308,29.0,0.608,0.336,0.0,0.228,0.692,26.308,17.508,2.2142042243103113,0.08552433007605421,13.18,5.357149446475563,0.018858592392041667
CSO-16-10B-VVILI-CorrEtiq.txt,30.0,23.676020408163264,29.0,1.038265306122449,0.8188775510204082,0.28316326530612246,0.7397959183673469,0.8545918367346939,23.676020408163264,18.693877551020407,2.463612691178831,0.10162156772019938,9.701530612244898,4.17474787351994,0.029597503380257736
CSO-16-10C-ACALGU-CorrEtiq.txt,30.0,23.27007299270073,28.618004866180048,1.1897810218978102,0.5669099756690997,0.0,0.34793187347931875,0.9294403892944039,23.223844282238442,18.54014598540146,2.489849719569408,0.10743019672190518,8.851581508515816,3.861703300134864,0.0463368475891873
CSO-16-10C-MAVAVE-CorrEtiq.txt,30.0,24.193227091633467,29.0,0.7768924302788844,0.5537848605577689,0.2549800796812749,0.4342629482071713,0.8187250996015937,24.193227091633467,18.60159362549801,2.42045684418477,0.1004251501459734,10.420318725099602,4.391909247917519,0.039224890938259656
CSO-16-11A-JAVABO-CorrEtiq.txt,30.0,23.498765432098764,29.0,1.0345679012345679,0.5234567901234568,0.42962962962962964,0.41728395061728396,0.854320987654321,23.498765432098764,19.007407407407406,2.4949695510195418,0.10524196713985647,9.320987654320987,3.9616948538352523,0.06145176961593671
CSO-16-11A-JDMUVA-CorrEtiq.txt,30.0,24.35185185185185,29.0,0.7530864197530864,0.4104938271604938,0.17901234567901234,0.35802469135802467,0.5864197530864198,24.35185185185185,20.237654320987655,2.391527304080981,0.09846374541595888,9.339506172839506,4.097161054785854,0.04905212535951488
CSO-16-11A-VZAOR-CorrEtiq.txt,30.0,24.204819277108435,28.76706827309237,0.7068273092369478,0.6385542168674698,0.46586345381526106,0.5662650602409639,0.37349397590361444,24.19277108433735,17.449799196787147,2.3852940333890222,0.09695460272413395,10.048192771084338,4.22742858420158,0.02023166946659713
CSO-16-11B-KRORE-CorrEtiq.txt,30.0,23.676,29.0,1.56,0.336,0.116,0.228,0.536,23.676,18.98,2.475813103442028,0.10332850775633383,9.952,4.244941748581108,0.0432311708370974
CSO-16-11B-LLOZA-CorrEtiq.txt,30.0,24.61005199306759,28.949740034662046,0.512998266897747,0.4558058925476603,0.2512998266897747,0.4558058925476603,0.6256499133448874,24.60831889081456,19.61005199306759,2.373904427095787,0.0975923889747089,10.169844020797226,4.323294373675051,0.042605678878138736
CSO-16-11B-YAROMO-CorrEtiq.txt,30.0,24.131147540983605,29.0,0.9278688524590164,1.8852459016393444,0.380327868852459,1.2754098360655737,0.5573770491803278,24.131147540983605,16.550819672131148,2.4177671489831147,0.09585626573127042,11.836065573770492,4.917204031000894,0.04262731696114267
CSO-16-9A-JALEMO-CorrEtiq.txt,30.0,23.77133105802048,29.0,0.7098976109215017,0.9249146757679181,0.09897610921501707,0.6621160409556314,0.4709897610921502,23.77133105802048,19.177474402730375,2.4633763832999875,0.10445338692707298,9.474402730375427,4.088871734674095,0.03253427113888142
CSO-16-9A-JPROSO-CorrEtiq.txt,30.0,23.885106382978723,29.0,1.097872340425532,0.4723404255319149,0.49361702127659574,0.4723404255319149,0.8085106382978723,23.885106382978723,17.829787234042552,2.440470791482817,0.0997697394148049,10.429787234042553,4.391174161371931,0.042404348813553254
CSO-16-9A-JSMAGU-CorrEtiq.txt,30.0,22.53900709219858,29.0,1.2907801418439717,0.7836879432624113,0.20567375886524822,0.599290780141844,1.574468085106383,22.53900709219858,19.31560283687943,2.6008615014229752,0.11382960640475039,8.085106382978724,3.6296714690572838,0.07239899839080519
CSO-16-9B-SJPAJI-CorrEtiq.txt,30.0,23.264197530864198,29.0,0.9777777777777777,0.2271604938271605,0.14320987654320988,0.2271604938271605,0.891358024691358,23.264197530864198,19.14074074074074,2.527746297790359,0.1106604814592281,8.953086419753086,3.8657481708346473,0.04173377901398587
CSO-17-10A-YVGOCA-CorrEtiq.txt,30.0,22.996884735202492,29.0,1.0965732087227413,1.1339563862928348,0.14018691588785046,0.8691588785046729,1.3582554517133956,22.996884735202492,19.80373831775701,2.538168966128218,0.10781624007905286,8.404984423676012,3.7260025541819046,0.07125743173880245
CSO-17-10B-EHECO-CorrEtiq.txt,30.0,23.5752508361204,28.903010033444815,1.117056856187291,0.47157190635451507,0.1939799331103679,0.47157190635451507,0.2040133779264214,23.501672240802677,19.578595317725753,2.468983741861833,0.1034836147147252,9.277591973244148,3.977242884392089,0.028758496207054986
CSO-17-10B-YCQUVE.txt,30.0,22.85275080906149,28.906148867313917,1.6407766990291262,1.419093851132686,0.1407766990291262,0.8381877022653722,1.470873786407767,22.642394822006473,17.262135922330096,2.564500049008773,0.10890023220350209,9.412621359223301,4.043163293136977,0.05451397887622042
CSO-17-11A-DJAPA-CorrEtiq.txt,30.0,23.399594320486816,28.941176470588236,1.0912778904665315,0.795131845841785,0.14807302231237324,0.6855983772819473,0.8113590263691683,23.393509127789045,18.72819472616633,2.5045887108144766,0.10633443759706387,9.117647058823529,3.995422246493905,0.041808261229671226
CSO-17-11A-JDAMO-CorrEtiq.txt,30.0,23.08041958041958,29.0,1.7447552447552448,0.3076923076923077,0.0,0.21328671328671328,1.1258741258741258,23.08041958041958,19.083916083916083,2.546425494495708,0.10936151591727405,8.674825174825175,3.859536329807814,0.03703539570418828
CSO-17-11A-NPAHE-CorrEtiq.txt,30.0,24.03962703962704,29.0,0.717948717948718,0.5011655011655012,0.07925407925407925,0.4568764568764569,0.5524475524475524,24.03962703962704,19.874125874125873,2.4316848434803022,0.10206637806709785,9.263403263403264,4.009198970337375,0.030871816521371772
CSO-17-11A-RLPAIG-CorrEtiq.txt,30.0,22.699551569506728,28.934977578475337,1.0448430493273542,1.2668161434977578,0.8452914798206278,0.899103139013453,1.2399103139013452,22.699551569506728,17.97982062780269,2.581875716721556,0.10960402006148072,9.547085201793722,4.11188368055145,0.06198222968598789
CSO-17-11A-SPUVA-CorrEtiq.txt,30.0,21.690647482014388,29.0,1.8381294964028776,0.6834532374100719,0.3129496402877698,0.5683453237410072,2.129496402877698,21.690647482014388,18.51798561151079,2.710622153062221,0.12003842256769247,7.856115107913669,3.5146296057502555,0.10235764649341653
CSO-17-11B-CDBEBU-CorrEtiq.txt,30.0,23.692307692307693,29.0,0.822742474916388,0.8093645484949833,0.1939799331103679,0.5518394648829431,0.8127090301003345,23.692307692307693,18.923076923076923,2.4633351604889073,0.10365268381485673,9.605351170568563,4.012604031019114,0.04920504222591225
CSO-17-11C-JDAAG-CorrEtiq.txt,30.0,24.81714285714286,29.0,0.37714285714285717,0.38571428571428573,0.0,0.32285714285714284,0.9257142857142857,24.81714285714286,19.622857142857143,2.3532905920154694,0.09768242345476735,10.24,4.33725796737359,0.0502160242902124
CSO-17-11C-MAPAMA-CorrEtiq.txt,30.0,23.059880239520957,29.0,0.9640718562874252,0.7215568862275449,0.36826347305389223,0.6407185628742516,0.8832335329341318,23.059880239520957,18.04191616766467,2.5368081968949987,0.10859469312162592,9.29940119760479,3.9860306061456274,0.06328445592239718
CSO-17-11C-MCAAG-CorrEtiq.txt,30.0,23.60126582278481,29.0,1.2658227848101267,0.8839662447257384,0.06118143459915612,0.5084388185654009,1.0696202531645569,23.60126582278481,19.156118143459917,2.4763314549286704,0.10369177418642027,9.318565400843882,4.045803132765399,0.04380656716379198
CSO-17-11C-SARJA-CorrEtiq.txt,30.0,23.559055118110237,29.0,0.7637795275590551,0.7086614173228346,0.1141732283464567,0.6535433070866141,1.2677165354330708,23.559055118110237,19.728346456692915,2.4811422320863032,0.10534578896288116,9.015748031496063,3.9470496187863167,0.057080993923644026
CSO-18-11A-ADBAHO-CorrEtiq.txt,30.0,24.466019417475728,29.0,0.5436893203883495,0.4401294498381877,0.0,0.4401294498381877,0.7702265372168284,24.466019417475728,20.16504854368932,2.3815332719019224,0.09870373335267102,9.336569579288026,4.037371392476219,0.04159887528493765
CSO-18-11B-YLLRE-CorrEtiq.txt,30.0,23.57667386609071,29.0,1.2332613390928726,0.5399568034557235,0.0,0.43412526997840173,0.796976241900648,23.57667386609071,18.639308855291578,2.480586859632977,0.10440853663897325,9.622030237580994,4.127932783674394,0.05429617080973528
CSO-18-9B-MAMOLO-CorrEtiq.txt,30.0,23.100376411543287,29.0,2.0326223337515685,1.8180677540777916,0.6223337515683814,0.8707653701380176,2.3375156838143036,23.100376411543287,16.371392722710162,2.5399727031524377,0.10262471836119176,10.90840652446675,4.544424132311916,0.042257188961615975
CSO-8-3A-AIPRBR-CorrEtiq.txt,30.0,21.789156626506024,29.0,1.3704819277108433,0.42168674698795183,0.4367469879518072,0.42168674698795183,1.5240963855421688,21.789156626506024,18.39457831325301,2.6830170275195835,0.12027199144017474,7.647590361445783,3.409772259877286,0.06811020075292236
CSO-8-3A-DAPAVA-CorrEtiq.txt,30.0,21.781786941580755,29.0,1.668384879725086,1.7216494845360826,0.697594501718213,1.0549828178694158,1.2594501718213058,21.781786941580755,17.359106529209622,2.6954201017048924,0.11600531537861285,8.427835051546392,3.723983880818069,0.061657844260607116
CSO-8-3A-KVPECO-CorrEtiq.txt,30.0,22.20567375886525,28.77659574468085,1.3085106382978724,0.09929078014184398,0.41134751773049644,0.09929078014184398,1.3120567375886525,22.20212765957447,17.914893617021278,2.609440322872731,0.11623146268228939,7.968085106382978,3.5210197017759675,0.07723205205002207
CSO-8-4A-ARAGR-CorrEtiq.txt,30.0,23.495049504950494,28.742574257425744,1.2178217821782178,1.4207920792079207,0.2871287128712871,0.8465346534653465,0.5891089108910891,23.46039603960396,17.559405940594058,2.487692556622466,0.10357922770000672,9.797029702970297,4.166477656222234,0.04723843766643089
CSO-8-4A-JRAAR-CorrEtiq.txt,30.0,20.115254237288134,28.61694915254237,2.176271186440678,0.7050847457627119,0.19661016949152543,0.49830508474576274,1.4474576271186441,20.061016949152542,17.545762711864406,2.882060223356871,0.13766658374535887,6.366101694915254,2.9568101541879748,0.06224370926074633
CSO-9-2A-EXMOCO-CorrEtiq.txt,30.0,21.6875,28.31597222222222,1.6006944444444444,0.6006944444444444,0.23958333333333334,0.4027777777777778,1.6145833333333333,21.538194444444443,16.29861111111111,2.6304232198460338,0.11821466867741043,7.954861111111111,3.4964679003625054,0.07722837592395457
CSO-9-4A-AGAPE-CorrEtiq.txt,30.0,22.79032258064516,29.0,0.9247311827956989,0.9139784946236559,0.0967741935483871,0.6989247311827957,1.3172043010752688,22.79032258064516,19.376344086021504,2.577845058684967,0.11308655425394606,8.096774193548388,3.671227159938578,0.05849885256841767
CSO-9-4A-DKVIMO-CorrEtiq.txt,30.0,21.41046831955923,28.920110192837466,1.5922865013774106,0.5206611570247934,0.418732782369146,0.44352617079889806,0.8842975206611571,21.363636363636363,18.793388429752067,2.72092651718566,0.12329021164922797,7.046831955922865,3.2621695093834204,0.055711702908718116
CSO-9-4A-DSMOMU-CorrEtiq.txt,30.0,23.639798488664987,28.85390428211587,1.1612090680100755,0.6095717884130982,0.6221662468513854,0.4282115869017632,0.44836272040302266,23.56675062972292,18.760705289672543,2.461384902033012,0.10225321108881451,9.659949622166247,4.131672597059177,0.04271281745884351
CSO-9-4A-DVGATO-CorrEtiq.txt,30.0,22.83137254901961,28.886274509803922,1.384313725490196,0.9764705882352941,0.6823529411764706,0.6627450980392157,1.011764705882353,22.788235294117648,17.24705882352941,2.5602038372096096,0.10778691371444467,9.490196078431373,4.029857485703508,0.060465543419413896
CSO-9-4A-EGCAMO-CorrEtiq.txt,30.0,21.47422680412371,29.0,1.5841924398625429,1.4673539518900343,0.39862542955326463,0.8797250859106529,1.8281786941580755,21.47422680412371,18.419243986254294,2.7279409837891575,0.12195202283221789,7.587628865979381,3.427304453838266,0.08505438784305144
CSO-9-4A-FAGIGA-CorrEtiq.txt,30.0,22.853174603174605,28.51984126984127,1.0,1.1785714285714286,0.9761904761904762,0.8968253968253969,0.5912698412698413,22.773809523809526,16.01984126984127,2.509542128805777,0.10381677898673713,9.392857142857142,4.03498680296083,0.03133514965355241
CSO-9-4A-GSBRCO-CorrEtiq.txt,30.0,20.774487471526196,29.0,2.0979498861047836,0.7813211845102506,0.908883826879271,0.5785876993166287,1.826879271070615,20.774487471526196,18.255125284738043,2.848123823291643,0.12992142386475558,7.3917995444191344,3.3783338050153913,0.08205423063578911
CSO-9-4A-KEMOCO-CorrEtiq.txt,30.0,21.29179331306991,29.0,1.9696048632218845,0.5531914893617021,0.26443768996960487,0.3890577507598784,1.7082066869300911,21.29179331306991,18.97872340425532,2.7474103017208487,0.1245257367317592,7.319148936170213,3.3253299767177182,0.06624184438851688
CSO-9-4A-LCOMO-CorrEtiq.txt,30.0,23.68307692307692,29.0,1.0184615384615385,1.0215384615384615,0.2676923076923077,0.7446153846153846,1.3784615384615384,23.68307692307692,18.467692307692307,2.469831500354366,0.10245055269713729,9.910769230769231,4.217099666727541,0.06482457152092126
CSO-9-4A-MLORO-CorrEtiq.txt,30.0,21.870535714285715,29.0,1.7053571428571428,0.4419642857142857,0.38839285714285715,0.2544642857142857,1.9464285714285714,21.870535714285715,18.8125,2.668965048675426,0.11855255782316179,8.053571428571429,3.5658049098340316,0.06273488627459918
CSO-9-4A-MPAME-CorrEtiq.txt,30.0,21.484536082474225,28.850515463917525,1.7422680412371134,0.8865979381443299,0.41237113402061853,0.5927835051546392,0.7216494845360825,21.427835051546392,17.757731958762886,2.7082880200206487,0.12012084933584753,7.907216494845361,3.4262950456859014,0.0372535035086063
CSO-9-4A-NSARPA-CorrEtiq.txt,30.0,22.961290322580645,28.906451612903226,1.1064516129032258,0.6774193548387096,0.2806451612903226,0.6774193548387096,0.8258064516129032,22.95806451612903,19.693548387096776,2.5427404858754104,0.10866638634936153,8.348387096774193,3.7454817616592524,0.044924407051015997
CSO-9-4A-SLOCA-CorrEtiq.txt,30.0,21.44694533762058,29.0,1.8681672025723473,0.2733118971061093,0.3729903536977492,0.2733118971061093,2.356913183279743,21.44694533762058,17.893890675241156,2.7228269379992986,0.12288251547366452,7.614147909967846,3.3958383907598835,0.10721531963112867
CSO-9-4A-YVDITR-CorrEtiq.txt,30.0,19.632107023411372,28.903010033444815,2.632107023411371,0.7759197324414716,0.0,0.6086956521739131,3.7525083612040135,19.62876254180602,17.307692307692307,3.004267914212847,0.146986707836863,6.45819397993311,3.0272979613905417,0.1148630448166137
