file,wc,nodes,edges,re,pe,l1,l2,l3,lcc,lsc,atd,density,diameter,asp,cc
CDMS-10-4A-JURAN-CorrEtiq.txt,200.0,94.12280701754386,199.0,28.894736842105264,14.289473684210526,1.0,4.2105263157894735,124.96491228070175,94.12280701754386,92.83333333333333,4.232227027217153,0.03772527975198678,7.552631578947368,3.3491854963630048,0.08488505455532767
CDMS-10-5A-HEPIHO-CorrEtiq.txt,200.0,96.82533589251439,198.5700575815739,22.65451055662188,5.142034548944338,0.0,3.053742802303263,40.34548944337812,96.80230326295586,94.85028790786949,4.124998110223454,0.0377348774619177,7.218809980806142,3.2980084268250445,0.09680081491056053
CDMS-10-5A-KSRAGU-CorrEtiq.txt,200.0,95.2992700729927,199.0,25.73722627737226,5.313868613138686,2.5036496350364965,3.072992700729927,25.364963503649633,95.2992700729927,94.2043795620438,4.205506912002089,0.03803326150716215,7.0510948905109485,3.338725517288509,0.06147311565771627
CDMS-10-5A-SROPU-CorrEtiq.txt,200.0,95.5,199.0,33.648148148148145,13.462962962962964,3.537037037037037,5.111111111111111,5.5,95.5,94.29629629629629,4.172791704408585,0.03526454635981891,8.61111111111111,3.5568750573942647,0.0495513952178503
CDMS-10-5A-SZURO-CorrEtiq.txt,200.0,87.29411764705883,199.0,40.36029411764706,3.161764705882353,0.8492647058823529,1.7720588235294117,55.55514705882353,87.29411764705883,86.34558823529412,4.590467292169362,0.042023422501299576,7.257352941176471,3.3788843921166016,0.08986426572272536
CDMS-10-5B-SRAJA-CorrEtiq.txt,200.0,99.39622641509433,199.0,24.40880503144654,3.7232704402515724,1.270440251572327,2.5283018867924527,40.075471698113205,99.39622641509433,98.06918238993711,4.032870794717736,0.03556046353109777,7.0754716981132075,3.2571565317594007,0.11112750045396601
CDMS-10-5C-DAAUSA-CorrEtiq.txt,200.0,87.69315068493151,199.0,34.679452054794524,11.254794520547945,1.5534246575342465,5.989041095890411,105.66849315068494,87.69315068493151,86.65753424657534,4.555737407128956,0.04174000723856253,7.219178082191781,3.239660254222878,0.12622836758149958
CDMS-10-5C-ICAPA-CorrEtiq.txt,200.0,76.5,198.0,41.75,20.0,5.0,8.0,58.0,76.5,72.0,5.177576633892423,0.0496281504176241,7.75,3.152281135175872,0.21774539838285767
CDMS-10-5C-JFALGI-CorrEtiq.txt,200.0,90.17073170731707,199.0,33.21951219512195,13.975609756097562,0.0,3.731707317073171,305.0487804878049,90.17073170731707,87.46341463414635,4.416687713623782,0.04037231657843285,8.292682926829269,3.218218124851591,0.2111744761652988
CDMS-10-5C-MAORTO-CorrEtiq.txt,200.0,79.49034749034749,199.0,38.55984555984556,19.06949806949807,5.285714285714286,6.911196911196911,101.01930501930502,79.49034749034749,78.63706563706563,5.057112804692896,0.04859766904917389,6.289575289575289,2.965995661697655,0.14443910448036587
CDMS-10-5C-NBEMO-CorrEtiq.txt,200.0,82.86666666666666,199.0,35.501960784313724,9.239215686274509,7.152941176470589,6.1607843137254905,51.23921568627451,82.86666666666666,81.89803921568627,4.822715590987994,0.04514653470859681,6.431372549019608,3.0774141862278763,0.11616589381064914
CDMS-10-6B-ASCACO-CorrEtiq.txt,200.0,79.74418604651163,199.0,40.5968992248062,3.798449612403101,0.0,2.751937984496124,96.8062015503876,79.74418604651163,78.55038759689923,5.019477987052038,0.05017730071602288,6.255813953488372,2.925179045553341,0.2324066841147295
CDMS-10-6B-JJMOBE-CorrEtiq.txt,200.0,89.39252336448598,199.0,28.186915887850468,6.0,0.07476635514018691,5.658878504672897,65.56542056074767,89.39252336448598,88.50934579439253,4.485562461275837,0.04237001337788522,7.261682242990654,3.31076149213604,0.08621287409737693
CDMS-11-4A-GACHSA-CorrEtiq.txt,200.0,75.16440677966102,199.0,45.70677966101695,9.883050847457627,3.1491525423728812,5.079661016949153,112.66271186440677,75.16440677966102,74.48135593220339,5.317758063890061,0.05285706480412616,6.33728813559322,3.0310384487667283,0.1756289653005324
CDMS-11-5A-EAARCA-CorrEtiq.txt,200.0,90.76,199.0,32.46666666666667,5.0,1.0,3.0,84.64,90.76,89.06666666666666,4.386207795169255,0.039928702464480326,6.866666666666666,3.2534750560169683,0.16581273869902488
CDMS-11-5A-MGTHAR-CorrEtiq.txt,200.0,78.35820895522389,198.92537313432837,43.97014925373134,10.843283582089553,4.873134328358209,4.619402985074627,195.044776119403,78.35820895522389,77.43283582089552,5.080293433860675,0.04836412721765298,6.776119402985074,3.0348641105758327,0.14942572863967685
CDMS-11-6A-DFVEBE-CorrEtiq.txt,200.0,94.35087719298245,198.2280701754386,24.719298245614034,2.9298245614035086,7.005847953216374,2.1228070175438596,22.853801169590643,94.34502923976608,92.51461988304094,4.206831844941944,0.038035529927859996,7.619883040935672,3.3261603019856,0.09693941487755792
CDMS-11-6A-NMREPR-CorrEtiq.txt,200.0,89.00877192982456,199.0,33.8640350877193,2.780701754385965,0.0,2.1008771929824563,52.93859649122807,89.00877192982456,88.08333333333333,4.482690888057128,0.041909699191550215,7.495614035087719,3.275503334771668,0.1188866575547535
CDMS-11-6B-ARAHE-CorrEtiq.txt,200.0,82.1436170212766,198.10638297872342,41.170212765957444,2.6117021276595747,6.127659574468085,1.946808510638298,52.07446808510638,82.1436170212766,79.38297872340425,4.828898648391237,0.04544228621167996,6.867021276595745,3.178818250385329,0.05803751183620912
CDMS-11-6B-AVROTO-CorrEtiq.txt,200.0,97.17592592592592,199.0,22.0,1.5740740740740742,0.0,1.5740740740740742,27.564814814814813,97.17592592592592,96.26851851851852,4.101562558322862,0.037689407709385794,7.972222222222222,3.469951779797359,0.06592530181070805
CDMS-11-6B-EAFESA-CorrEtiq.txt,200.0,85.98895899053628,199.0,36.30757097791798,7.913249211356467,2.730283911671924,3.4022082018927446,21.48738170347003,85.98895899053628,85.17665615141956,4.681298579314822,0.043527279032167486,7.028391167192429,3.2815016303577345,0.10121420652582906
CDMS-11-6B-EFRGR-CorrEtiq.txt,200.0,78.49130434782609,199.0,46.856521739130436,8.608695652173912,4.056521739130435,2.373913043478261,390.26521739130436,78.49130434782609,77.63478260869566,5.082753118129616,0.048693250167207935,6.178260869565217,3.0985409137564837,0.1689778719884377
CDMS-11-6B-EROCO-CorrEtiq.txt,200.0,84.19587628865979,197.91752577319588,32.31958762886598,15.628865979381443,0.8969072164948454,7.350515463917525,83.97938144329896,84.19587628865979,82.78350515463917,4.714831498866162,0.04526048563802923,6.515463917525773,3.1436212030520756,0.16549699888878877
CDMS-11-6B-JACUPE-CorrEtiq.txt,200.0,77.72841726618705,198.25539568345323,33.05395683453237,22.381294964028775,9.54496402877698,11.03956834532374,80.61690647482014,77.72661870503597,76.46223021582733,5.12854748697329,0.0501000467628608,6.061151079136691,2.989631763275779,0.1628697114124252
CDMS-11-6B-JDCHBA-CorrEtiq.txt,200.0,82.9896480331263,199.0,36.70393374741201,28.287784679089025,6.173913043478261,11.289855072463768,64.11801242236025,82.9896480331263,81.90890269151139,4.829909802428315,0.04444211666350599,7.078674948240166,3.179036738370755,0.1608913323933176
CDMS-11-6B-JFSAHE-CorrEtiq.txt,200.0,93.50214592274678,198.37339055793993,26.888412017167383,5.180257510729613,0.0,4.665236051502146,90.67811158798283,93.50214592274678,92.69527896995709,4.245298165236924,0.038622690260898096,6.407725321888412,3.241094553186153,0.05286067451186336
CDMS-11-6B-JLPENA-CorrEtiq.txt,200.0,87.39565217391305,196.23043478260868,25.652173913043477,6.921739130434783,1.6782608695652175,3.9304347826086956,65.32173913043478,87.39565217391305,85.51304347826087,4.53282238178118,0.04466058174409727,7.1347826086956525,3.1977621300742958,0.1621648084682005
CDMS-11-6B-JMARME-CorrEtiq.txt,200.0,87.15361445783132,198.539156626506,33.03915662650602,9.51355421686747,0.7228915662650602,4.382530120481928,63.963855421686745,87.15210843373494,86.10240963855422,4.567273278620812,0.042931062095781264,6.823795180722891,3.223542499662416,0.13398693224083158
CDMS-11-6B-JPSAMA-CorrEtiq.txt,200.0,98.92213114754098,198.55327868852459,24.91393442622951,10.60655737704918,0.9713114754098361,4.69672131147541,18.59426229508197,98.91803278688525,96.98770491803279,4.021659986686334,0.034842397058291064,7.721311475409836,3.5566585336522794,0.0863366025459013
CDMS-11-6B-LESTA-CorrEtiq.txt,200.0,78.11278195488721,199.0,37.59398496240601,9.789473684210526,1.0751879699248121,4.62406015037594,112.61654135338345,78.11278195488721,77.39097744360902,5.104847101771885,0.051929024147916364,5.518796992481203,2.946466298646292,0.13320441602184063
CDMS-11-6B-MAGIMU-CorrEtiq.txt,200.0,75.59310344827587,199.0,43.282758620689656,14.8,0.6827586206896552,6.413793103448276,217.35172413793103,75.59310344827587,74.75172413793103,5.294891527774942,0.053452192042381906,5.7172413793103445,2.936082069815355,0.17083906343866645
CDMS-11-6B-MEBRTA-CorrEtiq.txt,200.0,86.49579831932773,199.0,27.310924369747898,22.722689075630253,5.663865546218488,9.529411764705882,39.32773109243698,86.49579831932773,85.5546218487395,4.605859194733197,0.04284444041962914,6.621848739495798,3.209490175590571,0.11208193975595192
CDMS-11-6B-MMAMO-CorrEtiq.txt,200.0,94.74293785310735,199.0,21.64406779661017,4.968926553672317,1.5423728813559323,4.011299435028248,38.34180790960452,94.74293785310735,93.81073446327683,4.2089091026733145,0.03893719408790706,6.788135593220339,3.210010055453914,0.12230130915908477
CDMS-11-6B-RSECA-CorrEtiq.txt,200.0,86.92727272727272,199.0,32.11818181818182,20.53181818181818,1.4090909090909092,6.5590909090909095,76.36363636363636,86.92727272727272,85.91818181818182,4.617418711362605,0.04370743668001329,6.786363636363636,3.196468349249921,0.10109909590016108
CDMS-11-6B-SCAPA-CorrEtiq.txt,200.0,96.92857142857143,199.0,27.642857142857142,2.1666666666666665,0.0,1.619047619047619,30.666666666666668,96.92857142857143,95.83333333333333,4.106749369659913,0.03652422098603405,6.357142857142857,3.2380090377358224,0.06352137288763997
CDMS-11-6B-VZAPE-CorrEtiq.txt,200.0,80.53781512605042,199.0,46.0672268907563,12.487394957983193,3.9159663865546217,5.319327731092437,56.294117647058826,80.53781512605042,79.59663865546219,4.958155023967783,0.04512240069956981,7.109243697478991,3.2046915232927113,0.0938780043261837
CDMS-11-6B-YLNIME-CorrEtiq.txt,200.0,84.68548387096774,199.0,32.91935483870968,5.423387096774194,0.0,2.5201612903225805,49.149193548387096,84.68548387096774,83.83870967741936,4.704713418411143,0.046268601557990216,6.330645161290323,3.0973288770128,0.10755994123331046
CDMS-11-7C-ICARE-CorrEtiq.txt,200.0,91.26347305389221,199.0,30.065868263473053,8.077844311377245,0.9520958083832335,4.610778443113772,40.92215568862275,91.26347305389221,90.02395209580838,4.389379157605155,0.04029873741395653,7.437125748502994,3.3705864599356854,0.12591271134203433
CDMS-11-7C-IMOIB-CorrEtiq.txt,200.0,93.56415478615071,199.0,24.014256619144604,6.896130346232179,3.515274949083503,4.452138492871691,22.327902240325866,93.56415478615071,92.65580448065172,4.260900740086665,0.03878296094236327,6.916496945010183,3.332941229379867,0.10630975198681025
CDMS-11-7C-SALMA-CorrEtiq.txt,200.0,86.47679324894514,199.0,42.45147679324894,6.236286919831223,0.0,3.1054852320675104,83.09282700421942,86.47679324894514,85.45569620253164,4.617679096748649,0.041807713311275065,6.641350210970464,3.1493210814754957,0.12153608792052202
CDMS-11-7C-SPGAVE-CorrEtiq.txt,200.0,88.70277777777778,198.73333333333332,32.125,4.227777777777778,5.975,2.986111111111111,71.14444444444445,88.7,87.28055555555555,4.488230152233998,0.04108450898574994,6.611111111111111,3.18969584824144,0.1266285874687355
CDMS-12-5A-SRIGO-CorrEtiq.txt,200.0,88.73006134969326,199.0,32.328220858895705,5.101226993865031,3.0122699386503067,3.0092024539877302,19.62883435582822,88.73006134969326,87.72699386503068,4.505776925494331,0.04193151101490403,6.6503067484662575,3.2414965433123233,0.09717204576558965
CDMS-12-6A-FAROPA-CorrEtiq.txt,200.0,91.41767068273093,199.0,30.674698795180724,5.136546184738956,2.566265060240964,3.176706827309237,25.14859437751004,91.41767068273093,90.28915662650603,4.362864973931875,0.039674829401998325,6.967871485943775,3.3018150167083613,0.09038226797756103
CDMS-12-6A-JGIGA-CorrEtiq.txt,200.0,84.43093922651934,199.0,35.97790055248619,19.828729281767956,2.81767955801105,7.6187845303867405,81.52486187845304,84.43093922651934,83.34254143646409,4.725198718047338,0.043780541957726335,6.911602209944752,3.1463465735342018,0.1264655069744293
CDMS-12-6A-JSOTGU-CorrEtiq.txt,200.0,85.15561959654178,199.0,32.34438040345821,8.603746397694524,4.1037463976945245,4.038904899135447,70.59798270893371,85.15561959654178,84.32708933717579,4.6950176018086545,0.045081573660797056,7.204610951008646,3.2161307365040734,0.13016508697229853
CDMS-12-6A-SROAL-CorrEtiq.txt,200.0,94.29934210526316,199.0,28.730263157894736,14.016447368421053,1.368421052631579,3.1973684210526314,44.99013157894737,94.29934210526316,93.25657894736842,4.245516986257073,0.03827907896927741,7.046052631578948,3.343482963820327,0.07428156107794968
CDMS-12-6B-IJDAGA-CorrEtiq.txt,200.0,88.46081504702194,199.0,28.730407523510973,12.595611285266457,9.175548589341693,6.648902821316614,32.921630094043884,88.46081504702194,87.49529780564264,4.548076083691651,0.041544794253022675,7.072100313479623,3.242255772837754,0.10202807594484807
CDMS-12-6B-SCLAG-CorrEtiq.txt,200.0,82.13829787234043,199.0,34.898936170212764,10.90159574468085,4.843085106382978,5.773936170212766,50.96808510638298,82.13829787234043,81.34840425531915,4.868341037209412,0.046994767830513574,6.574468085106383,3.1555840018936165,0.11199674529257778
CDMS-12-7C-ARAHE-CorrEtiq.txt,200.0,87.19298245614036,199.0,30.526315789473685,7.140350877192983,0.0,6.315789473684211,84.24561403508773,87.19298245614036,86.17543859649123,4.565872575199667,0.0431946527209046,6.298245614035087,3.0600160939545846,0.1763493949824038
CDMS-12-7C-CATRAR-CorrEtiq.txt,200.0,92.27294685990339,197.85507246376812,30.028985507246375,7.531400966183575,0.0,4.509661835748792,51.05072463768116,92.27053140096618,90.71497584541063,4.311731840115223,0.03919070315731365,7.111111111111111,3.2935717277474743,0.09897470781081084
CDMS-12-7C-DLOLO-CorrEtiq.txt,200.0,86.02845528455285,199.0,32.30487804878049,3.321138211382114,0.9024390243902439,1.4146341463414633,87.21951219512195,86.02845528455285,85.2439024390244,4.638620424083876,0.045184032193856936,6.337398373983739,3.0399755781024327,0.1976266786433432
CDMS-12-7C-JSZAOR-CorrEtiq.txt,200.0,105.33333333333333,199.0,16.041666666666668,7.0,1.7916666666666667,4.0,18.5,105.33333333333333,103.9375,3.780334021278819,0.03227895380775974,8.125,3.6223132451941407,0.08256688400175655
CDMS-12-7C-MAROBE-CorrEtiq.txt,200.0,96.54854368932038,199.0,26.475728155339805,7.325242718446602,0.14563106796116504,4.533980582524272,16.606796116504853,96.54854368932038,95.44660194174757,4.161846790633821,0.03721281412901852,7.432038834951456,3.4509965183830693,0.11327068611753063
CDMS-12-7C-VQURA-CorrEtiq.txt,200.0,95.17596566523605,198.2961373390558,27.276824034334766,5.781115879828326,0.33476394849785407,3.7145922746781115,52.66523605150215,95.1587982832618,92.87768240343348,4.177219832393221,0.03746683023078883,7.487124463519313,3.382022105579436,0.10492595102439103
CDMS-13-6B-ASUMO-CorrEtiq.txt,200.0,89.3695652173913,194.2608695652174,24.02173913043478,5.217391304347826,2.0,5.217391304347826,69.26086956521739,89.34782608695652,84.69565217391305,4.349087853810436,0.04132508841061896,6.304347826086956,3.1624103864386783,0.14865690310682703
CDMS-13-6B-JDTAHE-CorrEtiq.txt,200.0,92.82876712328768,197.63013698630138,27.5,13.732876712328768,3.2054794520547945,4.4520547945205475,39.445205479452056,92.82876712328768,90.52739726027397,4.270712636752452,0.03851005524490775,7.616438356164384,3.3643949597513454,0.11083330681010398
CDMS-13-7C-MVEAR-CorrEtiq.txt,200.0,77.88161209068011,198.49874055415617,30.675062972292192,8.138539042821158,8.942065491183879,3.5692695214105794,56.259445843828715,77.87405541561712,76.1662468513854,5.103812494145487,0.05274694084198049,5.919395465994962,2.898881896121411,0.1725108628271172
CDMS-13-7C-SSOSLO-CorrEtiq.txt,200.0,85.6930501930502,198.6891891891892,32.511583011583014,4.596525096525096,4.326254826254826,3.9015444015444016,98.86679536679537,85.68725868725869,84.2104247104247,4.665997262549004,0.044114892112744136,6.388030888030888,3.120130676871139,0.13989183317113915
CDMS-14-10A-IMORTO-CorrEtiq.txt,200.0,87.1969111969112,199.0,32.14671814671814,11.525096525096526,1.1505791505791505,5.988416988416988,25.003861003861005,87.1969111969112,86.35521235521236,4.59540291173277,0.04321137761530381,6.969111969111969,3.314122631745854,0.10237851615849212
CDMS-14-10A-JCVANI-CorrEtiq.txt,200.0,99.11142857142858,199.0,23.577142857142857,9.14,1.46,4.84,10.537142857142857,99.11142857142858,97.93428571428572,4.0235281334754145,0.0349826901960767,7.642857142857143,3.4748280229184503,0.05377984094095132
CDMS-14-5A-LSDUCO-CorrEtiq.txt,200.0,76.04382470119522,199.0,44.613545816733065,20.04382470119522,2.250996015936255,6.46613545816733,172.74501992031873,76.04382470119522,75.3187250996016,5.259680299449836,0.05182577743837734,5.872509960159363,3.02214947974298,0.13416331660358474
CDMS-14-6B-KDCAHE-CorrEtiq.txt,200.0,87.10495626822157,198.4198250728863,30.58600583090379,15.670553935860058,4.985422740524782,6.947521865889213,76.44897959183673,87.09620991253644,85.2069970845481,4.575188439378462,0.04228052978900905,6.877551020408164,3.3106105273382567,0.11113895946801107
CDMS-15-10A-AMALOS-CorrEtiq.txt,200.0,86.14727272727272,199.0,28.327272727272728,12.12,4.734545454545454,6.874545454545455,21.236363636363638,86.14727272727272,85.31454545454545,4.638331959311393,0.043885496451888474,6.170909090909091,3.138699256106624,0.06946832753186646
CDMS-15-10A-JJMACH-CorrEtiq.txt,200.0,99.76852791878173,198.79796954314722,22.325888324873098,4.522842639593908,1.5766497461928934,2.49746192893401,25.886294416243654,99.76751269035533,98.54517766497462,3.9990368927217563,0.03532223098372241,6.744162436548224,3.3242165617753616,0.085729501407313
CDMS-15-10A-MAALCA-CorrEtiq.txt,200.0,92.0446735395189,199.0,26.192439862542955,7.828178694158075,2.2371134020618557,4.1271477663230245,23.769759450171822,92.0446735395189,91.0721649484536,4.353693619212763,0.04040282016446824,6.642611683848798,3.235264127741095,0.09076909596668864
CDMS-15-10A-MAALRI-CorrEtiq.txt,200.0,98.19073569482289,199.0,22.771117166212534,9.978201634877385,1.5912806539509536,5.463215258855586,40.00544959128065,98.19073569482289,97.28337874659401,4.070061924038003,0.03583689017277736,7.645776566757493,3.4789574878090406,0.08604100835006728
CDMS-15-10A-SGOMO-CorrEtiq.txt,200.0,100.68398268398268,199.0,25.11255411255411,1.58008658008658,0.9696969696969697,1.58008658008658,20.61904761904762,100.68398268398268,99.45887445887446,3.9565894117436295,0.03421609947420364,7.372294372294372,3.469471245391472,0.10758512368771009
CDMS-15-10A-SHEGA-CorrEtiq.txt,200.0,87.1326164874552,199.0,26.365591397849464,4.544802867383512,0.9068100358422939,4.025089605734767,43.22222222222222,87.1326164874552,86.31541218637993,4.585808400182533,0.045164571516692044,6.007168458781362,3.0328621480613,0.16433411736903406
CDMS-15-11B-JEMOLO-CorrEtiq.txt,200.0,90.46062407132244,199.0,30.11589895988113,7.297919762258544,2.6173848439821694,4.265973254086181,28.763744427934622,90.46062407132244,89.56240713224369,4.417352997757248,0.04054323710216982,6.921991084695394,3.303652708286903,0.07912966255199518
CDMS-15-11B-VSAHO-CorrEtiq.txt,200.0,88.95973154362416,199.0,33.18120805369127,7.657718120805369,2.4966442953020134,3.530201342281879,26.34228187919463,88.95973154362416,87.63758389261746,4.4881599642956544,0.04124353347426636,6.557046979865772,3.2595629367489862,0.09311786135316362
CDMS-16-10A-SGALO-CorrEtiq.txt,200.0,89.0299003322259,199.0,27.60797342192691,6.192691029900332,0.6710963455149501,4.285714285714286,28.335548172757473,89.0299003322259,88.07641196013289,4.4806278411265135,0.04269233070080593,6.6245847176079735,3.2399179805669425,0.0922468475963457
CDMS-16-11B-NGABE-CorrEtiq.txt,200.0,98.3434065934066,198.52747252747253,21.86813186813187,6.862637362637362,1.0054945054945055,4.747252747252747,18.167582417582416,98.3434065934066,96.89285714285714,4.043556675781845,0.0358320220937593,7.104395604395604,3.3715164721035094,0.09972016586599032
CDMS-17-10A-ASSAMO-CorrEtiq.txt,200.0,105.96794871794872,199.0,22.737179487179485,1.6923076923076923,0.0,1.108974358974359,18.153846153846153,105.96794871794872,104.85897435897436,3.758030953256001,0.031541216778323854,7.865384615384615,3.550366164964529,0.09183143087191363
CDMS-18-7C-VVECA-CorrEtiq.txt,200.0,90.26106194690266,198.8716814159292,34.65929203539823,7.929203539823009,0.46017699115044247,4.398230088495575,46.55309734513274,90.26106194690266,89.13716814159292,4.409637806048144,0.03961551717367363,7.004424778761062,3.217640306416616,0.15803893128246663
CDMS-8-4A-DBEVA-CorrEtiq.txt,200.0,79.38888888888889,199.0,36.77777777777778,23.756944444444443,2.8541666666666665,5.888888888888889,236.22916666666666,79.38888888888889,78.375,5.019548784048553,0.049779830449648635,5.993055555555555,2.8706812486533964,0.1976316743281114
CDMS-8-4A-DJAVDA-CorrEtiq.txt,200.0,73.52777777777777,198.2314814814815,47.7037037037037,28.84259259259259,11.555555555555555,8.833333333333334,143.7037037037037,73.51851851851852,71.80555555555556,5.398297778753704,0.050475618603584196,7.0,2.9249100191585047,0.17390021203880257
CDMS-8-4A-DOSTR-CorrEtiq.txt,200.0,83.47184466019418,199.0,39.662135922330094,14.166990291262136,5.658252427184466,5.8019417475728154,218.89514563106795,83.47184466019418,82.43883495145631,4.809591204622692,0.04409955819159107,7.376699029126214,3.2495902954580864,0.13003186470528524
CDMS-8-4A-LGOPA-CorrEtiq.txt,200.0,79.93697478991596,198.92436974789916,41.37394957983193,22.180672268907564,1.915966386554622,7.214285714285714,149.00840336134453,79.93697478991596,78.75630252100841,5.007591307504614,0.04780888670885269,6.777310924369748,3.150350238091354,0.16291580675903486
CDMS-8-4C-JDBUTU-CorrEtiq.txt,200.0,77.5204081632653,198.78571428571428,39.204081632653065,20.464285714285715,11.14795918367347,9.729591836734693,54.515306122448976,77.5204081632653,76.52551020408163,5.1408881277228,0.0484916013262031,5.775510204081633,2.932050808064037,0.18217305852245483
CDMS-9-4A-ACDUTR-CorrEtiq.txt,200.0,82.04761904761905,199.0,38.91836734693877,5.183673469387755,5.095238095238095,3.258503401360544,122.26530612244898,82.04761904761905,81.04081632653062,4.860522209285325,0.046020947963613425,6.2312925170068025,2.9821626204871428,0.1566614113682171
CDMS-9-4A-CARGA-CorrEtiq.txt,200.0,85.625,199.0,36.19485294117647,5.8713235294117645,2.3308823529411766,2.650735294117647,86.55147058823529,85.625,84.59191176470588,4.680334086994701,0.04435624303772365,6.738970588235294,3.1197178011354074,0.15653092232440335
CDMS-9-4A-CRAAG-CorrEtiq.txt,200.0,79.08391608391608,198.3846153846154,45.14685314685315,25.783216783216783,5.244755244755245,6.846153846153846,251.4965034965035,79.06293706293707,76.88111888111888,5.036503344101622,0.047365819317094195,6.881118881118881,3.0321982060867643,0.18708039632504306
CDMS-9-4A-EROHI-CorrEtiq.txt,200.0,84.47945205479452,199.0,36.47488584474886,10.159817351598173,5.264840182648402,3.0228310502283104,30.493150684931507,84.47945205479452,83.59360730593608,4.730152452332552,0.044641102499733104,6.8812785388127855,3.288847443566728,0.10134289209479008
CDMS-9-4A-ILOSE-CorrEtiq.txt,200.0,79.59633027522936,199.0,43.46330275229358,2.1743119266055047,0.0,1.4954128440366972,204.5045871559633,79.59633027522936,78.77522935779817,5.051468661368948,0.05008039657953067,6.165137614678899,3.0149340071650763,0.10459139250441626
CDMS-9-4A-TGAFR-CorrEtiq.txt,200.0,82.35593220338983,199.0,47.016949152542374,17.24576271186441,1.5847457627118644,6.203389830508475,423.09322033898303,82.35593220338983,81.41525423728814,4.834735033993221,0.0430934601040027,5.9576271186440675,2.997313121422879,0.12675984656825667
CDMS-9-4C-SCAMO-CorrEtiq.txt,200.0,99.94915254237289,198.0,22.796610169491526,1.8135593220338984,1.0,1.8135593220338984,31.372881355932204,99.94915254237289,98.38983050847457,3.9671876857853485,0.034945151068144276,6.423728813559322,3.422297220254751,0.06631969552906165
CDMS-9-5A-ABERO-CorrEtiq.txt,200.0,81.16463414634147,198.5670731707317,37.926829268292686,16.01219512195122,4.689024390243903,4.649390243902439,73.70121951219512,81.16158536585365,79.91463414634147,4.913840999747342,0.0472717985924872,6.310975609756097,3.109328403597105,0.09136110944563969
CDMS-9-5A-PAGACO-CorrEtiq.txt,200.0,82.16666666666667,199.0,33.3,7.326666666666667,3.1,4.906666666666666,57.48,82.16666666666667,81.09333333333333,4.863160534882026,0.04771485054945731,6.6466666666666665,3.204352057023579,0.10502570751599294
CDMS-9-5A-VVAAR-CorrEtiq.txt,200.0,86.65384615384616,199.0,37.55769230769231,12.942307692307692,4.096153846153846,6.1923076923076925,76.71153846153847,86.65384615384616,85.61538461538461,4.593574367320181,0.04110161973504584,7.711538461538462,3.166467822906216,0.1573464777796458
CDMS-9-5C-JDMADE-CorrEtiq.txt,200.0,97.04411764705883,199.0,28.66176470588235,14.0,9.102941176470589,7.0,18.397058823529413,97.04411764705883,95.04411764705883,4.11263772786955,0.03422475028627455,8.529411764705882,3.6457552249118845,0.09737108020400012
CDMS-9-5C-LVIZAC-CorrEtiq.txt,200.0,95.47085201793722,199.0,28.12556053811659,8.026905829596412,2.7488789237668163,3.9327354260089686,58.11210762331839,95.47085201793722,94.32286995515695,4.180352152765759,0.03662321859757954,7.582959641255606,3.4316291063811333,0.10233452878077495
CDMS-9-5C-MLOGO-CorrEtiq.txt,200.0,85.19209039548022,199.0,36.282485875706215,6.52542372881356,3.9717514124293785,3.2203389830508473,132.6045197740113,85.19209039548022,84.11864406779661,4.673843965443273,0.04367644109113714,8.124293785310735,3.2612353058379604,0.20952477618294324
CDMS-9-5C-SCAAG-CorrEtiq.txt,200.0,85.14074074074074,198.5851851851852,32.51851851851852,6.659259259259259,2.903703703703704,4.525925925925926,60.46666666666667,85.0962962962963,82.8962962962963,4.680320834348397,0.04505305234303963,7.518518518518518,3.286203300500166,0.09539767214529668
CDMS-XX-10A-VGILO-CorrEtiq.txt,200.0,89.88,198.3876923076923,28.563076923076924,1.5169230769230768,6.56,1.083076923076923,10.667692307692308,89.87076923076923,87.79692307692308,4.4214377440556945,0.04126455728791521,6.781538461538462,3.3037110633918703,0.08566949118062198
CDMS-XX-5C-MJSARU-CorrEtiq.txt,200.0,93.38764044943821,199.0,28.219101123595507,10.915730337078651,2.3202247191011236,7.370786516853933,44.89887640449438,93.38764044943821,92.43258426966293,4.264917524631764,0.037618057120252256,7.561797752808989,3.3009551093386054,0.11208350140022032
CDMS-XX-5C-MPCAQU-CorrEtiq.txt,200.0,79.57971014492753,199.0,38.04347826086956,8.920289855072463,0.5507246376811594,4.079710144927536,119.39855072463769,79.57971014492753,78.73913043478261,5.021932415342364,0.05048963189237997,5.978260869565218,2.992315821124189,0.14793972090231305
CDMS-XX-6A-MAGICA-CorrEtiq.txt,200.0,92.71159420289855,198.65652173913043,28.934782608695652,6.3130434782608695,0.7956521739130434,2.836231884057971,37.915942028985505,92.71014492753623,91.44782608695652,4.301056560509333,0.039376784528038444,7.3420289855072465,3.3748279726488177,0.08206111879926199
CDMS-XX-6B-SPUCA-CorrEtiq.txt,200.0,92.23373983739837,199.0,32.59146341463415,24.558943089430894,0.6747967479674797,6.916666666666667,25.977642276422763,92.23373983739837,91.26219512195122,4.328737757111243,0.03816358494312613,6.595528455284553,3.2837882360320565,0.10111681120097572
CSO-10-4A-ICAPA-CorrEtiq.txt,200.0,78.53644314868805,198.74344023323616,43.4868804664723,16.448979591836736,0.8075801749271136,6.131195335276968,83.8396501457726,78.53644314868805,77.8134110787172,5.064853076690777,0.04877646502102162,5.903790087463557,2.9394241593928436,0.2239569274670984
CSO-10-4A-KCOMO-CorrEtiq.txt,200.0,82.95588235294117,199.0,36.01176470588236,11.973529411764705,2.4323529411764704,5.891176470588236,48.36764705882353,82.95588235294117,81.97058823529412,4.820488485187413,0.04610685129853299,7.402941176470589,3.1503483653694904,0.13675330166949737
CSO-10-4A-LRAVI-CorrEtiq.txt,200.0,86.8,198.0,37.0,21.0,0.0,8.0,104.0,86.8,83.8,4.562309542902968,0.04109061748195669,7.0,3.25015959872321,0.16602235318869585
CSO-10-4A-LSCAVA-CorrEtiq.txt,200.0,99.82394366197182,199.0,35.514084507042256,54.66197183098591,0.6056338028169014,9.514084507042254,27.556338028169016,99.82394366197182,97.54225352112677,3.991179622379527,0.03171091860800382,9.084507042253522,3.903889698168167,0.08966204929521185
CSO-10-5A-ACAVA-CorrEtiq.txt,200.0,92.13986013986013,199.0,25.748251748251747,2.937062937062937,5.65034965034965,2.5524475524475525,31.006993006993007,92.13986013986013,91.22377622377623,4.324323567564881,0.03963092061803062,7.104895104895105,3.2092902873555302,0.11112863624316663
CSO-10-5A-ARACA-CorrEtiq.txt,200.0,87.68036529680366,195.40182648401827,30.210045662100455,2.415525114155251,5.260273972602739,1.7762557077625571,17.899543378995435,87.67579908675799,85.8675799086758,4.461256354950677,0.041870885731209555,7.100456621004566,3.2632442965615835,0.08325308104164394
CSO-10-5A-DABRZA-CorrEtiq.txt,200.0,76.4989010989011,198.7846153846154,45.27032967032967,16.03956043956044,3.3472527472527474,6.907692307692308,106.88351648351649,76.4989010989011,75.70989010989011,5.2152372630896044,0.0503499689248186,6.487912087912088,3.0747739242884213,0.153833064162721
CSO-10-5A-GZAMA-CorrEtiq.txt,200.0,85.43167028199566,198.64208242950107,32.31887201735358,9.086767895878525,0.8633405639913232,4.93058568329718,71.24078091106291,85.43167028199566,84.68329718004338,4.661095737328021,0.04489932759088732,6.422993492407809,3.1104201973852517,0.12716580276683503
CSO-10-5A-IPECA-CorrEtiq.txt,200.0,87.01941747572816,199.0,31.135922330097088,3.9805825242718447,0.4077669902912621,2.941747572815534,88.36893203883496,87.01941747572816,85.85436893203884,4.581373961441639,0.044093315792265504,6.300970873786408,3.0709520348657824,0.12034925705210488
CSO-10-5A-JANORO-CorrEtiq.txt,200.0,93.29452054794521,198.16438356164383,22.84931506849315,12.301369863013699,1.1506849315068493,5.883561643835616,33.65068493150685,93.29452054794521,91.46575342465754,4.250569288266795,0.03913815359848606,6.890410958904109,3.2265237961254676,0.12247131211815514
CSO-10-5A-JBUVE-CorrEtiq.txt,200.0,94.84444444444445,199.0,30.022222222222222,15.014814814814814,2.8444444444444446,3.437037037037037,73.96296296296296,94.84444444444445,93.57037037037037,4.198254408641005,0.03676763890839014,6.6,3.356633853207564,0.07716084620736273
CSO-10-5A-JJSEMO-CorrEtiq.txt,200.0,83.18320610687023,198.5801526717557,35.93129770992366,19.480916030534353,1.213740458015267,3.931297709923664,150.0916030534351,83.18320610687023,82.29770992366412,4.780606869088038,0.046181455231252,6.206106870229007,3.0259026881812137,0.12504506279070074
CSO-10-5A-JLCARI-CorrEtiq.txt,200.0,98.0,198.0,23.0,6.761904761904762,2.0,3.761904761904762,13.0,98.0,97.14285714285714,4.040976626291164,0.035610246463917826,7.0476190476190474,3.47805393560706,0.08644517355259382
CSO-10-5A-MAARAN-CorrEtiq.txt,200.0,77.43190661478599,199.0,46.731517509727624,12.299610894941635,1.284046692607004,3.8365758754863815,83.94163424124514,77.43190661478599,76.65758754863813,5.144716037830413,0.04999409519032353,6.463035019455253,2.943512892455931,0.23455488407843783
CSO-10-5A-MAOSMO-CorrEtiq.txt,200.0,96.82817869415807,199.0,24.725085910652922,2.993127147766323,0.6769759450171822,2.484536082474227,25.1786941580756,96.82817869415807,95.78006872852234,4.130772233076613,0.03735260446731228,7.697594501718213,3.461224911166088,0.06393652709736325
CSO-10-5A-RVMOIB-CorrEtiq.txt,200.0,93.12040133779264,199.0,24.642140468227424,3.9899665551839463,1.2240802675585285,3.4046822742474916,45.903010033444815,93.12040133779264,92.03344481605352,4.291601424289302,0.03992145904940215,7.063545150501672,3.216158650522966,0.09759160436268281
CSO-10-5A-SVHEES-CorrEtiq.txt,200.0,79.85978835978835,199.0,35.25661375661376,8.515873015873016,4.806878306878307,4.317460317460317,67.16402116402116,79.85978835978835,79.07407407407408,5.018771491568227,0.049875614494418956,5.722222222222222,2.9066127082159148,0.1353287258536174
CSO-11-5A-MDVOSPE-CorrEtiq.txt,200.0,84.14423076923077,198.5096153846154,36.17788461538461,11.9375,0.9278846153846154,3.048076923076923,98.88942307692308,84.14423076923077,83.04326923076923,4.740702727545948,0.04588744849301597,6.6923076923076925,3.1468022693010202,0.13591622530217914
CSO-11-5A-MTAGA-CorrEtiq.txt,200.0,91.33519553072625,199.0,26.972067039106147,18.156424581005588,2.7039106145251397,4.944134078212291,26.865921787709496,91.33519553072625,90.48603351955308,4.37159404541048,0.04032731503984157,7.022346368715084,3.3294889456605348,0.07160030984531505
CSO-11-6A-CAPAMU-CorrEtiq.txt,200.0,97.43820224719101,197.3426966292135,25.1938202247191,2.457865168539326,2.3398876404494384,1.7106741573033708,30.036516853932586,97.40730337078652,92.87078651685393,4.057430413200516,0.03592866158927798,8.632022471910112,3.4615576204657534,0.09086195403288885
CSO-11-6A-DSCACH-CorrEtiq.txt,200.0,96.875,199.0,28.21875,2.1458333333333335,0.71875,1.1458333333333333,15.5625,96.875,95.52083333333333,4.109362696247843,0.03639253516794976,7.125,3.429307758159931,0.05179014043822489
CSO-11-6A-EROMO-CorrEtiq.txt,200.0,93.5,199.0,30.421875,29.0,0.0,12.3125,34.5625,93.5,91.828125,4.263405268541181,0.03671032508434345,7.375,3.3895814653078356,0.08803456220145744
CSO-11-6A-FSOVRE-CorrEtiq.txt,200.0,80.1993670886076,198.28481012658227,40.84493670886076,10.936708860759493,1.8386075949367089,5.6424050632911396,132.2626582278481,80.18987341772151,78.44620253164557,4.974503324745572,0.04820855264702199,6.272151898734177,3.086872282064044,0.149507547806719
CSO-11-6B-ANREVA-CorrEtiq.txt,200.0,86.73913043478261,199.0,35.51690821256039,6.932367149758454,1.6135265700483092,4.367149758454106,59.367149758454104,86.73913043478261,85.78743961352657,4.597709080762293,0.04275160741426818,6.570048309178744,3.1108469148704456,0.1362020255853438
CSO-11-6B-DISEMO-CorrEtiq.txt,200.0,97.26315789473684,195.8421052631579,27.18421052631579,9.157894736842104,1.0,4.973684210526316,27.539473684210527,97.14473684210526,91.11842105263158,4.028371344444884,0.034779962681194036,8.013157894736842,3.513991502468941,0.06299285665251306
CSO-11-6B-LHFDLACH-CorrEtiq.txt,200.0,93.96946564885496,198.45419847328245,32.01145038167939,22.435114503816795,2.484732824427481,7.2251908396946565,104.09160305343511,93.96946564885496,92.8206106870229,4.230909362457147,0.03624312612501478,7.702290076335878,3.4558261215986943,0.07838807458895357
CSO-11-6B-RJGIHE-CorrEtiq.txt,200.0,87.24528301886792,199.0,27.40566037735849,7.834905660377358,3.9952830188679247,3.056603773584906,106.70283018867924,87.24528301886792,86.29716981132076,4.56987276904632,0.04415638621373888,5.811320754716981,2.9976278674334997,0.20845688847272714
CSO-11-6B-SFLVA-CorrEtiq.txt,200.0,78.80714285714286,199.0,37.76428571428571,14.771428571428572,8.335714285714285,7.114285714285714,146.24285714285713,78.80714285714286,77.89285714285714,5.070275844329954,0.04833536806248988,6.2214285714285715,3.0264087246221663,0.20617121629241045
CSO-11-6B-VCOMA-CorrEtiq.txt,200.0,95.796992481203,199.0,28.406015037593985,5.7368421052631575,0.706766917293233,4.511278195488722,78.78195488721805,95.796992481203,94.796992481203,4.156194923561679,0.03647785629391583,7.007518796992481,3.327669193013372,0.10788934853737726
CSO-12-6A-DGISE-CorrEtiq.txt,200.0,89.90196078431373,199.0,32.36274509803921,11.362745098039216,9.215686274509803,7.235294117647059,33.009803921568626,89.90196078431373,88.86274509803921,4.430217313350494,0.03848222125390194,7.470588235294118,3.433721570563161,0.07504637065005652
CSO-12-6A-FJOVRE-CorrEtiq.txt,200.0,86.83529411764705,198.11764705882354,30.394117647058824,6.547058823529412,2.723529411764706,4.523529411764706,72.66470588235295,86.82941176470588,84.69411764705882,4.566014729345833,0.04324922197134713,6.411764705882353,3.0561323863061562,0.13593952992064723
CSO-12-6B-GQULO-CorrEtiq.txt,200.0,83.04026845637584,199.0,35.41610738255034,11.953020134228188,5.805369127516778,6.114093959731544,33.577181208053695,83.04026845637584,82.18791946308725,4.79618663940846,0.0446839354808449,6.677852348993288,3.1726103009782483,0.1097569427166271
CSO-12-6B-LJHEFE-CorrEtiq.txt,200.0,94.29761904761905,199.0,24.63095238095238,14.18452380952381,2.1904761904761907,5.238095238095238,37.785714285714285,94.29761904761905,93.29166666666667,4.238985430544319,0.03823809869704805,6.660714285714286,3.2841868148374105,0.12405573137091373
CSO-12-6B-VPAMA-CorrEtiq.txt,200.0,70.88888888888889,188.0,52.44444444444444,2.0,2.0,2.0,151.77777777777777,70.88888888888889,63.44444444444444,5.304414139155923,0.05311547222141221,7.0,3.1320690109524567,0.10717495827493778
CSO-12-7A-DALRE-CorrEtiq.txt,200.0,76.23333333333333,198.34166666666667,48.69722222222222,5.438888888888889,3.966666666666667,3.8444444444444446,156.53333333333333,76.23333333333333,75.51666666666667,5.207883640389923,0.04981313689132861,6.372222222222222,3.0669919895396083,0.17257544674686115
CSO-12-7A-ESALA-CorrEtiq.txt,200.0,85.28846153846153,199.0,37.03846153846154,6.5576923076923075,0.0,3.5576923076923075,108.42307692307692,85.28846153846153,83.86538461538461,4.671602900527876,0.044169612792423714,7.211538461538462,3.0590171425227815,0.15344326939403682
CSO-12-7A-IMERO-CorrEtiq.txt,200.0,91.29782608695652,199.0,27.952173913043477,19.430434782608696,2.1891304347826086,6.647826086956521,49.15,91.29782608695652,90.3586956521739,4.370733785110414,0.03978661385178256,7.410869565217391,3.3440092579080414,0.10762236665818752
CSO-12-7A-JHEZA-CorrEtiq.txt,200.0,102.104,196.784,18.912,7.272,5.08,5.328,21.984,102.104,96.352,3.8607464524431476,0.03266092397689494,8.032,3.597360788257734,0.13442646498631494
CSO-12-7A-LSARAR-CorrEtiq.txt,200.0,82.98701298701299,199.0,38.246753246753244,17.31168831168831,0.0,6.4935064935064934,31.116883116883116,82.98701298701299,81.94805194805195,4.81134457179759,0.045644475231921056,6.467532467532467,3.120628394043406,0.14130060334771158
CSO-12-7A-SCAHO-CorrEtiq.txt,200.0,91.81777777777778,198.89777777777778,33.053333333333335,9.693333333333333,0.8844444444444445,4.835555555555556,51.937777777777775,91.80444444444444,90.31555555555556,4.3371749521975085,0.03848747414954868,8.551111111111112,3.4124327809924666,0.0984276774278988
CSO-12-7B-DVAGRO-CorrEtiq.txt,200.0,93.00561797752809,199.0,29.415730337078653,9.308988764044944,4.49438202247191,5.825842696629214,48.87078651685393,93.00561797752809,91.8314606741573,4.297495053956412,0.03764045907221365,7.084269662921348,3.3646606756410375,0.08357466147920645
CSO-12-7B-SMUGU-CorrEtiq.txt,200.0,82.5725806451613,199.0,31.846774193548388,2.879032258064516,2.838709677419355,2.3951612903225805,92.75806451612904,82.5725806451613,81.71774193548387,4.82141433420626,0.048115728934488615,6.25,3.0274834502605126,0.10377623164519487
CSO-12-7B-SSARA-CorrEtiq.txt,200.0,96.01522842639594,199.0,24.939086294416242,5.020304568527918,2.883248730964467,3.116751269035533,34.59390862944162,96.01522842639594,94.77157360406092,4.151304002118944,0.03700570113666708,7.685279187817259,3.434720689679604,0.05407523727237961
CSO-12-7B-VHOMA-CorrEtiq.txt,200.0,108.29832935560859,198.7398568019093,20.498806682577566,4.563245823389021,3.1479713603818618,2.5369928400954653,18.75178997613365,108.28400954653938,106.14319809069212,3.694139440071177,0.030332360597818332,8.43436754176611,3.707448444126989,0.07664713236497091
CSO-12-8A-YTOME-CorrEtiq.txt,200.0,82.01503759398496,199.0,33.34586466165413,8.12781954887218,0.6390977443609023,5.2330827067669174,68.77443609022556,82.01503759398496,80.93984962406014,4.8800561429422835,0.048692361455827074,6.2330827067669174,2.999556778056863,0.18940913857792654
CSO-13-6A-ANASA-CorrEtiq.txt,200.0,95.23222748815166,199.0,31.70774091627172,9.30173775671406,0.5687203791469194,5.131121642969984,21.609794628751974,95.23222748815166,94.22274881516587,4.198452544258392,0.0363954335655877,7.581358609794629,3.4653698676616442,0.06571657332215042
CSO-13-6B-JETAVE-CorrEtiq.txt,200.0,79.7814371257485,199.0,46.19760479041916,3.0808383233532934,1.1916167664670658,2.5,119.94011976047904,79.7814371257485,79.04491017964072,5.010869659791645,0.047972864468027794,5.958083832335329,2.9961409493715987,0.1467201671926188
CSO-13-6B-LFMIES-CorrEtiq.txt,200.0,91.11304347826086,197.43478260869566,31.008695652173913,4.217391304347826,2.226086956521739,3.0608695652173914,47.73913043478261,90.86086956521739,83.91304347826087,4.339020445818697,0.03936546272588656,11.130434782608695,3.577011615260033,0.1387211439457322
CSO-13-6B-LJMAHU-CorrEtiq.txt,200.0,73.61290322580645,195.5,65.69354838709677,21.037634408602152,0.543010752688172,6.854838709677419,12.82258064516129,73.49462365591398,71.24193548387096,5.3884841059646424,0.04699034826203969,6.994623655913978,3.2064384333219076,0.06101947491432682
CSO-13-7A-CAPAMU-CorrEtiq.txt,200.0,88.97441860465116,197.3674418604651,33.36511627906977,17.904651162790696,4.018604651162791,8.1,66.46976744186047,88.96976744186047,86.93023255813954,4.442137563211352,0.039275251096521566,7.558139534883721,3.4799829580148494,0.08609652091526965
CSO-13-7A-CDDITR-CorrEtiq.txt,200.0,91.03260869565217,199.0,30.16304347826087,6.184782608695652,1.2717391304347827,3.7065217391304346,42.72826086956522,91.03260869565217,90.1195652173913,4.375352225081795,0.04024923120287796,6.532608695652174,3.2159118095208594,0.08932500810285546
CSO-13-7A-JJATFL-CorrEtiq.txt,200.0,92.45132743362832,199.0,30.964601769911503,8.106194690265486,0.8672566371681416,4.575221238938053,89.23893805309734,92.45132743362832,91.38938053097345,4.307660340612988,0.03851306778078185,6.336283185840708,3.0376472182237673,0.14466242470931187
CSO-13-7A-KRAMA-CorrEtiq.txt,200.0,84.70370370370371,199.0,40.370370370370374,7.962962962962963,1.8888888888888888,4.382716049382716,43.80246913580247,84.70370370370371,83.74074074074075,4.705949252274529,0.043114798110444316,6.802469135802469,3.1346386281555594,0.09156638623239052
CSO-13-7A-RXCHLU-CorrEtiq.txt,200.0,88.45454545454545,199.0,23.125,6.420454545454546,0.0,5.011363636363637,75.69318181818181,88.45454545454545,87.4659090909091,4.5044963671610985,0.044311354658422494,5.909090909090909,3.0051841679041957,0.17727516272009677
CSO-13-7A-YAMEZA-CorrEtiq.txt,200.0,90.35932203389831,199.0,30.45084745762712,5.794915254237288,3.288135593220339,4.566101694915254,53.847457627118644,90.35932203389831,89.42542372881356,4.419385937381647,0.04031748102794233,6.806779661016949,3.2771920071661214,0.10101825090770827
CSO-13-7A-YBOSO-CorrEtiq.txt,200.0,89.48484848484848,187.0,33.78787878787879,8.06060606060606,3.5454545454545454,3.4242424242424243,113.78787878787878,89.3030303030303,70.93939393939394,4.179876705974765,0.036955388494608665,8.818181818181818,3.5201762602145523,0.14290008799538412
CSO-13-8A-KIGAGU-CorrEtiq.txt,200.0,81.94845360824742,199.0,38.04123711340206,9.8659793814433,7.721649484536083,5.711340206185567,76.71134020618557,81.94845360824742,81.27835051546391,4.861969161955938,0.04518002167071446,6.185567010309279,3.0995055347155653,0.14028100988066497
CSO-13-8A-MBUAN-CorrEtiq.txt,200.0,89.80851063829788,198.8321513002364,29.35697399527187,11.444444444444445,2.631205673758865,4.030732860520095,44.621749408983455,89.79432624113475,88.451536643026,4.455023836440113,0.041480485122024686,7.378250591016548,3.4203294806314233,0.0763440265588751
CSO-13-8A-MGAAN-CorrEtiq.txt,200.0,99.45833333333333,199.0,26.375,14.3125,1.4375,7.183333333333334,23.533333333333335,99.45833333333333,98.33333333333333,4.005144845153984,0.03365587361372734,7.041666666666667,3.3703678266321253,0.08544537871700096
CSO-13-8A-MGAHE-CorrEtiq.txt,200.0,86.48870056497175,199.0,32.005649717514125,1.5932203389830508,1.6581920903954803,0.864406779661017,92.96892655367232,86.48870056497175,85.70621468926554,4.616463871325065,0.044865829647269415,6.161016949152542,3.132654313245471,0.10193134175651197
CSO-13-8A-MJAGA-CorrEtiq.txt,200.0,80.82876712328768,199.0,41.04794520547945,11.116438356164384,12.267123287671232,6.712328767123288,47.78082191780822,80.82876712328768,79.88356164383562,4.938627562518435,0.045730176979203015,6.589041095890411,3.1214923390011173,0.12908689640963789
CSO-13-8A-VHODU-CorrEtiq.txt,200.0,86.65562913907284,199.0,25.6158940397351,5.870860927152318,2.4271523178807946,4.3344370860927155,45.61920529801324,86.65562913907284,85.80794701986756,4.596328292709526,0.044970185830755544,6.887417218543046,3.0110666510058097,0.1942950651832883
CSO-13-8B-FCJISA-CorrEtiq.txt,200.0,100.09574468085107,199.0,24.0531914893617,12.925531914893616,0.8404255319148937,4.595744680851064,33.734042553191486,100.09574468085107,98.57446808510639,3.981615350872264,0.03450015232604816,9.372340425531915,3.6371926701380914,0.1139577913369959
CSO-13-8B-JEMABE-CorrEtiq.txt,200.0,78.09569377990431,197.72727272727272,52.08612440191388,5.267942583732057,1.7799043062200957,2.9617224880382773,114.43062200956938,78.08133971291866,76.22488038277513,5.069079422094653,0.04711278925435886,6.358851674641149,3.0255252885498387,0.1436294936960677
CSO-13-9B-DMLLLU-CorrEtiq.txt,200.0,82.01492537313433,199.0,37.014925373134325,6.313432835820896,1.955223880597015,4.537313432835821,95.13432835820896,82.01492537313433,81.0,4.85386612083957,0.046900396063361466,6.17910447761194,3.0042878556903294,0.12784717261261253
CSO-14-7B-EALHU-CorrEtiq.txt,200.0,87.63513513513513,199.0,37.9054054054054,6.033783783783784,0.46621621621621623,3.358108108108108,120.63513513513513,87.63513513513513,86.83108108108108,4.544933349387361,0.041558331808121914,6.155405405405405,3.162078551369064,0.1254611995656355
CSO-14-7B-EVEGO-CorrEtiq.txt,200.0,95.88085106382978,199.0,28.353191489361702,7.514893617021277,0.4666666666666667,3.9957446808510637,44.870921985815606,95.88085106382978,94.94893617021276,4.154863471349478,0.036682559341025114,7.662411347517731,3.4262520932413905,0.10503635461221787
CSO-14-8A-AQUMA-CorrEtiq.txt,200.0,86.25742574257426,199.0,24.524752475247524,12.861386138613861,1.0,5.544554455445544,42.801980198019805,86.25742574257426,85.37623762376238,4.622947068220683,0.04597484119725334,5.485148514851486,2.841220288291538,0.1854735462559116
CSO-14-8A-MCIDOS-CorrEtiq.txt,200.0,87.2994011976048,197.19161676646706,37.74850299401198,5.18562874251497,1.9760479041916168,3.197604790419162,115.58083832335329,87.2814371257485,82.46706586826348,4.520923539852999,0.04127650985884318,8.179640718562874,3.3572350736539422,0.10641950307162733
CSO-14-8A-SZARA-CorrEtiq.txt,200.0,85.73770491803279,199.0,34.17486338797814,7.48087431693989,5.9289617486338795,5.945355191256831,104.93442622950819,85.73770491803279,84.8415300546448,4.647279283990908,0.04238028608358839,6.622950819672131,3.19480888115469,0.08065523116527237
CSO-14-8B-JLLORA-CorrEtiq.txt,200.0,88.21875,199.0,30.6015625,3.0390625,3.4765625,3.0078125,66.78125,88.21875,87.0859375,4.515670322857775,0.04236573683623187,6.5859375,3.0484014490783995,0.14586532148148296
CSO-14-9A-AEDCAGO-CorrEtiq.txt,200.0,100.09265175718849,198.1405750798722,21.78594249201278,5.421725239616613,2.0,5.15335463258786,58.99361022364217,100.08626198083067,97.47284345047923,3.9670096694227497,0.03427133175442249,7.594249201277956,3.480849210199683,0.07704806792987987
CSO-14-9A-HASACA-CorrEtiq.txt,200.0,88.41333333333333,198.82666666666665,32.53333333333333,7.973333333333334,1.0,5.773333333333333,14.48,88.4,86.32,4.504677578621855,0.041687546966381446,7.213333333333333,3.1869715399877303,0.09388259575349589
CSO-14-9A-JSMAAL-CorrEtiq.txt,200.0,91.46764705882353,198.44411764705882,29.66764705882353,8.973529411764705,3.8558823529411765,5.3882352941176475,39.60588235294118,91.43235294117648,89.65294117647059,4.3440174140212635,0.03908224799915667,7.355882352941176,3.331955956610714,0.14832778680776945
CSO-14-9A-MARJA-CorrEtiq.txt,200.0,88.34905660377359,199.0,33.117924528301884,2.009433962264151,0.1650943396226415,1.9339622641509433,79.65566037735849,88.34905660377359,87.26415094339623,4.511791627401442,0.04258838501034806,7.6084905660377355,3.3273046496519982,0.12673965466134923
CSO-14-9A-SORZU-CorrEtiq.txt,200.0,86.83229813664596,197.87577639751552,35.422360248447205,18.229813664596275,3.3540372670807455,6.9813664596273295,95.00621118012423,86.70186335403727,84.0,4.577353962687621,0.04147139030878514,8.055900621118013,3.369691529922122,0.13362968894908853
CSO-14-9B-ERAGA-CorrEtiq.txt,200.0,80.13615023474179,198.44600938967136,31.154929577464788,11.934272300469484,3.8732394366197185,6.854460093896714,91.85915492957747,80.13615023474179,78.27230046948357,5.005484108533632,0.050684338399158625,6.690140845070423,3.0304787739622805,0.16894524690366888
CSO-14-9B-MFEGA-CorrEtiq.txt,200.0,84.83653846153847,199.0,34.04807692307692,10.240384615384615,4.980769230769231,5.115384615384615,114.42307692307692,84.83653846153847,83.95192307692308,4.693284015249635,0.04420469056299768,6.173076923076923,3.091514497673649,0.13266017158216087
CSO-15-10A-LJRAGU-CorrEtiq.txt,200.0,83.04359673024523,197.60217983651225,40.700272479564035,2.0544959128065394,0.49591280653950953,1.5831062670299727,89.94822888283379,83.04087193460491,81.67847411444141,4.774217514265157,0.045718942428812304,6.1035422343324255,3.064487862394711,0.17570605893049998
CSO-15-10A-MAARLO-CorrEtiq.txt,200.0,86.30708661417323,197.68503937007873,29.031496062992126,5.71259842519685,2.4645669291338583,4.539370078740157,35.91338582677165,86.30314960629921,84.48031496062993,4.59464589362187,0.044396379250327654,7.062992125984252,3.2095772828982514,0.15067647143147309
CSO-15-10A-SFEGA-CorrEtiq.txt,200.0,85.22972972972973,197.3783783783784,36.95945945945946,13.952702702702704,2.195945945945946,6.831081081081081,198.25,85.22972972972973,84.33783783783784,4.639999217390559,0.0423462523834892,6.033783783783784,3.151461989715739,0.14423560981275485
CSO-15-10B-MEBUAR-CorrEtiq.txt,200.0,91.11299435028249,199.0,28.51412429378531,15.92090395480226,0.2655367231638418,8.418079096045197,48.86440677966102,91.11299435028249,90.02824858757062,4.3708241633794005,0.03944989860304104,7.757062146892656,3.338970781968366,0.13598440694034258
CSO-15-10B-YVBUAN-CorrEtiq.txt,200.0,92.28947368421052,198.42105263157896,27.42763157894737,6.921052631578948,0.8486842105263158,2.5657894736842106,38.723684210526315,92.28947368421052,91.47368421052632,4.317045423213247,0.04024009540994103,6.756578947368421,3.271891850543651,0.13948933744691322
CSO-15-10C-ALBAHO-CorrEtiq.txt,200.0,86.81067961165049,199.0,31.597087378640776,15.70873786407767,4.436893203883495,7.0,23.276699029126213,86.81067961165049,85.70388349514563,4.598442197681412,0.04300159118379855,7.684466019417476,3.3401713220507037,0.10183620549805446
CSO-15-10C-SSCAMO-CorrEtiq.txt,200.0,97.99382716049382,199.0,29.15432098765432,17.62037037037037,2.496913580246914,6.895061728395062,36.867283950617285,97.99382716049382,96.79938271604938,4.089803623767153,0.034535303385038456,7.882716049382716,3.501427846970537,0.08459139998468083
CSO-15-11C-JETALO-CorrEtiq.txt,200.0,86.38413361169103,199.0,34.19206680584551,26.04384133611691,3.9853862212943634,11.632567849686847,38.242171189979125,86.38413361169103,85.46972860125261,4.6279847097389615,0.04120156532564502,6.617954070981211,3.180536499821333,0.11840186967826927
CSO-15-8A-VBMABR-CorrEtiq.txt,200.0,83.07164179104478,199.0,38.635820895522386,11.674626865671641,0.5940298507462687,4.28955223880597,55.18507462686567,83.07164179104478,82.32537313432836,4.799869985082118,0.04570118265727606,6.555223880597015,3.1462935781641055,0.13674485154564292
CSO-15-8B-KEPOGO-CorrEtiq.txt,200.0,99.0701754385965,199.0,22.54385964912281,1.0,0.9064327485380117,0.30994152046783624,41.09356725146199,99.0701754385965,97.81286549707602,4.026388756467066,0.03624427641421329,7.321637426900585,3.3895737864497075,0.09410142703961025
CSO-15-9B-ALRIHE-CorrEtiq.txt,200.0,94.46857142857142,199.0,25.66857142857143,9.554285714285715,3.52,3.3771428571428572,32.605714285714285,94.46857142857142,93.46857142857142,4.2146920731228095,0.03772485934216127,7.251428571428572,3.2854781775500976,0.10329328913211092
CSO-15-9B-AMSAGO-CorrEtiq.txt,200.0,97.97315436241611,198.10738255033556,23.395973154362416,2.0268456375838926,0.0,2.0268456375838926,36.53691275167785,97.96644295302013,96.24832214765101,4.046841906331949,0.0364152953220923,8.020134228187919,3.5193222261183483,0.13797871882558127
CSO-15-9B-JCAPA-CorrEtiq.txt,200.0,89.08713692946058,199.0,27.796680497925312,8.186721991701244,2.5809128630705396,2.190871369294606,47.89626556016597,89.08713692946058,88.149377593361,4.481230467885125,0.04264278170895516,7.269709543568465,3.2230241689425845,0.13570260301452297
CSO-15-9B-KSBEJA-CorrEtiq.txt,200.0,76.72131147540983,199.0,41.97267759562842,7.770491803278689,2.6666666666666665,5.469945355191257,48.84699453551912,76.72131147540983,75.81967213114754,5.2244307722763415,0.05219406562590676,6.1256830601092895,2.9365257832869407,0.14325202791361413
CSO-15-9B-RMCHLU-CorrEtiq.txt,200.0,83.06211180124224,199.0,38.3416149068323,24.987577639751553,0.546583850931677,7.0186335403726705,118.98136645962732,83.06211180124224,82.2111801242236,4.803235285969805,0.04529336074889565,5.763975155279503,3.011744302913966,0.14704161184341852
CSO-15-9B-SJAGRO-CorrEtiq.txt,200.0,109.01388888888889,199.0,14.097222222222221,11.972222222222221,0.16666666666666666,6.444444444444445,9.819444444444445,109.01388888888889,107.68055555555556,3.6514333201782936,0.03029278689487887,7.569444444444445,3.5982415456531434,0.07851785988919388
CSO-16-10A-JEGAHE-CorrEtiq.txt,200.0,84.96482412060301,199.0,35.60301507537689,12.85175879396985,1.1030150753768844,4.914572864321608,35.7713567839196,84.96482412060301,84.12311557788945,4.691942626935679,0.044369372107345706,6.575376884422111,3.1448330374124787,0.13103467783644585
CSO-16-10A-MSACO-CorrEtiq.txt,200.0,99.9438775510204,199.0,18.9234693877551,2.377551020408163,1.0,1.489795918367347,39.433673469387756,99.9438775510204,98.78061224489795,3.987028360136779,0.03605137826195157,7.505102040816326,3.4187870549237296,0.09701215270076458
CSO-16-10A-SARI-CorrEtiq.txt,200.0,86.30813953488372,190.6046511627907,39.73837209302326,4.965116279069767,2.0290697674418605,3.052325581395349,59.343023255813954,86.27325581395348,81.30232558139535,4.430701245861906,0.03995107439679517,6.8895348837209305,3.309968648760167,0.09260126968931776
CSO-16-10A-SMOUT-CorrEtiq.txt,200.0,92.80758807588076,199.0,28.40108401084011,9.693766937669377,3.4661246612466123,4.62059620596206,63.71544715447155,92.80758807588076,91.8509485094851,4.304537176775131,0.03841488551046026,7.6043360433604335,3.4185709648043603,0.10527427811372923
CSO-16-10A-YKMUJO-CorrEtiq.txt,200.0,81.0,199.0,32.67326732673267,6.801980198019802,2.0,3.871287128712871,91.33663366336634,81.0,79.61386138613861,4.9226889913872105,0.049732734176821336,6.792079207920792,2.957648341675285,0.13668596362253926
CSO-16-10B-JESUGU-CorrEtiq.txt,200.0,107.5,199.0,19.25,2.0,1.0,2.0,23.0,107.5,104.0,3.7027261203326374,0.030885613722726413,8.75,3.522642013378765,0.11090931167049399
CSO-16-10B-LTVIFA-CorrEtiq.txt,200.0,122.82098765432099,199.0,11.061728395061728,2.5123456790123457,0.3950617283950617,1.5123456790123457,10.061728395061728,122.82098765432099,120.9320987654321,3.2433498013475215,0.024920888322215114,8.95679012345679,4.106072532007265,0.037788215325545146
CSO-16-10B-VVILI-CorrEtiq.txt,200.0,93.57482993197279,199.0,26.08843537414966,14.224489795918368,1.5034013605442176,5.860544217687075,48.34013605442177,93.57482993197279,92.54761904761905,4.261213419147033,0.03846008629723925,6.795918367346939,3.348333883115383,0.08112164246569872
CSO-16-10C-ACALGU-CorrEtiq.txt,200.0,92.54646840148699,195.78810408921933,30.29368029739777,8.698884758364311,0.0,3.8475836431226766,48.62453531598513,92.53159851301115,89.74721189591078,4.2394681981024585,0.03827188210090041,7.185873605947956,3.300757580881314,0.08423777409255487
CSO-16-10C-MAVAVE-CorrEtiq.txt,200.0,96.21882951653944,199.0,20.997455470737915,6.188295165394402,1.9770992366412214,3.8473282442748094,34.086513994910945,96.21882951653944,95.31806615776081,4.16068093878564,0.03808860034530165,7.114503816793893,3.416103588269884,0.09190761624657179
CSO-16-11A-JAVABO-CorrEtiq.txt,200.0,94.79230769230769,199.0,28.880769230769232,10.934615384615384,3.126923076923077,3.6884615384615387,20.888461538461538,94.79230769230769,93.81538461538462,4.204481289642071,0.03707898176987876,6.992307692307692,3.305410411447503,0.1260689224834821
CSO-16-11A-JDMUVA-CorrEtiq.txt,200.0,94.92307692307692,198.97596153846155,28.048076923076923,4.956730769230769,1.5817307692307692,2.9471153846153846,23.20673076923077,94.92307692307692,93.98557692307692,4.194352440442056,0.037376371779317255,7.274038461538462,3.357112501940375,0.12723826295900378
CSO-16-11A-VZAOR-CorrEtiq.txt,200.0,104.0,197.13793103448276,21.74712643678161,6.149425287356322,3.5402298850574714,4.540229885057471,31.057471264367816,104.0,100.83908045977012,3.793120765593922,0.03144656128697509,7.183908045977011,3.523480051082381,0.055384890629699354
CSO-16-11B-KRORE-CorrEtiq.txt,200.0,93.54666666666667,199.0,27.606666666666666,3.58,1.0533333333333332,2.6266666666666665,65.9,93.54666666666667,92.34,4.261976151049389,0.03890873155109532,6.866666666666666,3.2708442743794204,0.111619188975094
CSO-16-11B-LLOZA-CorrEtiq.txt,200.0,96.73626373626374,198.56263736263736,24.276923076923076,5.30989010989011,1.7340659340659341,4.142857142857143,22.035164835164835,96.73406593406594,95.69450549450549,4.111372509346609,0.03650453601397587,6.85054945054945,3.3418874049708527,0.07103354969867935
CSO-16-11B-YAROMO-CorrEtiq.txt,200.0,103.57368421052631,199.0,18.610526315789475,14.421052631578947,3.626315789473684,8.631578947368421,10.75263157894737,103.57368421052631,102.22105263157894,3.8462548490838633,0.031944494840778825,7.9,3.664852798510632,0.08356828924709628
CSO-16-9A-JALEMO-CorrEtiq.txt,200.0,92.54605263157895,199.0,19.513157894736842,7.657894736842105,1.0,6.131578947368421,24.236842105263158,92.54605263157895,91.52631578947368,4.307508107959822,0.040847698938061415,6.7105263157894735,3.184980030301213,0.073031899694081
CSO-16-9A-JPROSO-CorrEtiq.txt,200.0,104.01923076923077,199.0,21.932692307692307,5.076923076923077,3.0865384615384617,4.076923076923077,15.096153846153847,104.01923076923077,102.34615384615384,3.828212295827726,0.031765442543348635,8.75,3.7780450655415487,0.06172245776487055
CSO-16-9A-JSMAGU-CorrEtiq.txt,200.0,87.79444444444445,199.0,33.983333333333334,7.0,2.066666666666667,4.455555555555556,132.42222222222222,87.79444444444445,86.9,4.5405816573725435,0.042018737782324136,6.45,3.118731347561444,0.13471949494628144
CSO-16-9B-SJPAJI-CorrEtiq.txt,200.0,82.13095238095238,199.0,33.214285714285715,2.9126984126984126,1.2023809523809523,2.7261904761904763,105.84126984126983,82.13095238095238,81.40079365079364,4.85002333396169,0.048658021587146785,5.892857142857143,2.9773865360600236,0.1359721254258524
CSO-17-10A-YVGOCA-CorrEtiq.txt,200.0,83.27127659574468,199.0,27.23404255319149,14.446808510638299,0.9414893617021277,7.196808510638298,51.03191489361702,83.27127659574468,82.54255319148936,4.790545114552461,0.04819272842871092,6.101063829787234,3.0174788251197073,0.15029409678993455
CSO-17-10B-EHECO-CorrEtiq.txt,200.0,96.70731707317073,198.2560975609756,24.50609756097561,3.274390243902439,0.676829268292683,3.2195121951219514,21.835365853658537,96.67073170731707,93.14634146341463,4.102205399574634,0.03676007223527126,7.75,3.333388633712762,0.08777992745909347
CSO-17-10B-YCQUVE.txt,200.0,84.90961538461538,198.51923076923077,34.14038461538462,13.442307692307692,0.9461538461538461,6.407692307692308,40.99230769230769,84.9,83.07115384615385,4.710152198796064,0.04495052455729612,6.6,3.1590658578930126,0.09829370883242458
CSO-17-11A-DJAPA-CorrEtiq.txt,200.0,86.82005141388174,198.49614395886888,30.470437017994858,8.822622107969151,1.4910025706940875,5.652956298200514,45.3598971722365,86.82005141388174,85.48329048843188,4.593592290737429,0.04358422899955517,6.5012853470437015,3.1526156186321854,0.10164565100788016
CSO-17-11A-JDAMO-CorrEtiq.txt,200.0,82.71707317073171,199.0,38.84878048780488,4.1414634146341465,0.0,3.0829268292682928,91.60487804878049,82.71707317073171,81.78048780487805,4.823265587301974,0.046776522826055406,7.424390243902439,3.255448406621732,0.09624960271848428
CSO-17-11A-NPAHE-CorrEtiq.txt,200.0,92.828025477707,199.0,30.65286624203822,5.550955414012739,0.8248407643312102,4.5,30.24203821656051,92.828025477707,91.86305732484077,4.303119878948736,0.03849470499466642,6.343949044585988,3.144927750768911,0.11685017639373138
CSO-17-11A-RLPAIG-CorrEtiq.txt,200.0,88.67857142857143,198.59438775510205,32.18622448979592,17.119897959183675,5.204081632653061,7.936224489795919,32.46938775510204,88.67857142857143,87.75255102040816,4.502665789537243,0.04045688593008513,7.00765306122449,3.2847375407325488,0.13369417149693788
CSO-17-11A-SPUVA-CorrEtiq.txt,200.0,79.5,199.0,46.02717391304348,6.157608695652174,1.891304347826087,4.701086956521739,219.2445652173913,79.5,78.83695652173913,5.010768679601333,0.04702555151412151,5.635869565217392,2.9604557786217156,0.1689777796228846
CSO-17-11B-CDBEBU-CorrEtiq.txt,200.0,96.68711656441718,199.0,25.2760736196319,14.779141104294478,1.6687116564417177,4.411042944785276,31.288343558282207,96.68711656441718,95.53374233128834,4.119166964425557,0.03628668858390176,7.042944785276074,3.388001677955052,0.13973000606297667
CSO-17-11C-JDAAG-CorrEtiq.txt,200.0,100.08121827411168,199.0,20.604060913705585,6.050761421319797,0.07614213197969544,2.8934010152284264,28.050761421319798,100.08121827411168,99.05583756345177,3.9834410665305713,0.03549966133194833,7.324873096446701,3.423577024665334,0.07848737974915027
CSO-17-11C-MAPAMA-CorrEtiq.txt,200.0,91.6958525345622,199.0,27.640552995391705,6.552995391705069,1.9953917050691243,4.543778801843318,81.71428571428571,91.6958525345622,90.6774193548387,4.349644994850493,0.03978166956743638,6.497695852534562,3.177085285793889,0.14256058200453384
CSO-17-11C-MCAAG-CorrEtiq.txt,200.0,93.5625,199.0,25.57236842105263,9.49671052631579,0.5,5.065789473684211,32.35526315789474,93.5625,92.61184210526316,4.2557936773054506,0.038972892255226425,6.878289473684211,3.3266072877131956,0.0742383656220741
CSO-17-11C-SARJA-CorrEtiq.txt,200.0,87.05172413793103,199.0,28.96551724137931,7.146551724137931,0.28448275862068967,5.112068965517241,87.33620689655173,87.05172413793103,86.06896551724138,4.585043443208589,0.04436833844317905,6.844827586206897,3.1903519588555613,0.12849372937895534
CSO-18-11A-ADBAHO-CorrEtiq.txt,200.0,98.2994923857868,199.0,19.695431472081218,4.5126903553299496,0.2233502538071066,3.979695431472081,50.76142131979695,98.2994923857868,97.2994923857868,4.060174081902654,0.03682287989675249,6.908629441624366,3.232327167741097,0.16500053871881323
CSO-18-11B-YLLRE-CorrEtiq.txt,200.0,97.99408284023669,199.0,26.035502958579883,11.79585798816568,0.0,3.3757396449704142,27.71005917159763,97.99408284023669,96.88757396449704,4.064709403596249,0.03574473003058313,7.571005917159764,3.4288306236772907,0.10436081963951056
CSO-18-9B-MAMOLO-CorrEtiq.txt,200.0,95.60314960629921,199.0,35.286614173228344,16.54015748031496,4.088188976377952,6.459842519685039,34.5244094488189,95.60314960629921,94.3496062992126,4.172179071468376,0.034357587908990996,8.18740157480315,3.6551338370374165,0.07163884230729378
CSO-8-3A-AIPRBR-CorrEtiq.txt,200.0,80.46601941747574,199.0,40.64563106796116,3.1407766990291264,3.8980582524271843,2.5145631067961167,118.93203883495146,80.46601941747574,79.57766990291262,4.966289114623927,0.04792844402891345,6.199029126213592,3.0268759217990486,0.1384486688087359
CSO-8-3A-DAPAVA-CorrEtiq.txt,200.0,82.4247191011236,199.0,35.51460674157303,20.496629213483146,4.617977528089888,8.665168539325842,102.18202247191012,82.4247191011236,81.56853932584269,4.849950088109294,0.045700843349037915,6.914606741573034,3.231467734691282,0.10202572456233262
CSO-8-3A-KVPECO-CorrEtiq.txt,200.0,81.35833333333333,197.7,42.95,2.3916666666666666,3.4,2.3916666666666666,91.625,81.35833333333333,80.06666666666666,4.864082378201544,0.04565945461891993,5.916666666666667,2.923814168222361,0.18808051720316368
CSO-8-4A-ARAGR-CorrEtiq.txt,200.0,91.11111111111111,197.36111111111111,27.25,20.11111111111111,2.0,5.888888888888889,53.416666666666664,91.02777777777777,89.61111111111111,4.333060325399763,0.039777139476897067,6.583333333333333,3.2613408037497584,0.06831077262354425
CSO-8-4A-JRAAR-CorrEtiq.txt,200.0,75.46206896551725,196.90344827586208,44.11724137931034,11.696551724137931,1.6,5.496551724137931,124.86896551724138,75.44827586206897,73.42068965517241,5.253304564164542,0.052461976657335055,5.620689655172414,2.7939089521493354,0.14145960848906472
CSO-9-2A-EXMOCO-CorrEtiq.txt,200.0,83.04195804195804,194.46853146853147,41.04895104895105,10.363636363636363,1.5594405594405594,5.426573426573427,106.8041958041958,83.03496503496504,80.23776223776224,4.697750085772288,0.043232546968978304,6.895104895104895,3.1539730468790856,0.16788221914605855
CSO-9-4A-AGAPE-CorrEtiq.txt,200.0,92.0,199.0,26.928571428571427,10.964285714285714,0.6428571428571429,5.5,62.535714285714285,92.0,89.92857142857143,4.3336989544572235,0.039800865067525934,7.571428571428571,3.26762607889585,0.10662464632231891
CSO-9-4A-DKVIMO-CorrEtiq.txt,200.0,76.01587301587301,198.68650793650792,40.26984126984127,3.9484126984126986,2.4801587301587302,2.503968253968254,114.3015873015873,76.01587301587301,75.33730158730158,5.23176916777438,0.0538884681151858,5.9603174603174605,2.915497140617104,0.13940946923287795
CSO-9-4A-DSMOMU-CorrEtiq.txt,200.0,99.78151260504201,198.26050420168067,20.65266106442577,3.6330532212885154,5.089635854341736,2.2296918767507004,13.823529411764707,99.77591036414566,97.77591036414566,3.9967412132820113,0.03553098065668272,7.6722689075630255,3.4530056497117587,0.10431204211434551
CSO-9-4A-DVGATO-CorrEtiq.txt,200.0,83.41904761904762,198.13333333333333,33.49523809523809,10.552380952380952,5.923809523809524,5.085714285714285,71.0952380952381,83.4095238095238,78.44761904761904,4.7536452675468555,0.04502988933213869,7.838095238095238,3.1876041920010207,0.10681955211856947
CSO-9-4A-EGCAMO-CorrEtiq.txt,200.0,90.02688172043011,199.0,33.763440860215056,23.403225806451612,3.043010752688172,6.155913978494624,46.25268817204301,90.02688172043011,88.93548387096774,4.42737313214793,0.03923324767851859,6.935483870967742,3.2706307895959688,0.12214616672099508
CSO-9-4A-FAGIGA-CorrEtiq.txt,200.0,85.4090909090909,195.8068181818182,25.431818181818183,13.954545454545455,5.590909090909091,8.170454545454545,46.89772727272727,85.36363636363636,83.55681818181819,4.5865521434239165,0.043788063426244105,6.7272727272727275,3.151602443238258,0.11828271713760041
CSO-9-4A-GSBRCO-CorrEtiq.txt,200.0,74.27743902439025,199.0,46.75609756097561,9.850609756097562,6.149390243902439,4.009146341463414,157.96036585365854,74.27743902439025,73.5670731707317,5.373803055994524,0.053306357734648584,5.7926829268292686,2.915841340069356,0.15235425546188383
CSO-9-4A-KEMOCO-CorrEtiq.txt,200.0,77.05069124423963,199.0,36.08755760368663,8.023041474654377,1.6175115207373272,5.88479262672811,117.4147465437788,77.05069124423963,76.14746543778801,5.175888202957561,0.05352480031612963,6.147465437788019,2.8895897729973115,0.1680526990131874
CSO-9-4A-LCOMO-CorrEtiq.txt,200.0,97.00359712230215,199.0,21.258992805755394,9.611510791366907,2.9928057553956835,5.431654676258993,19.81294964028777,97.00359712230215,95.93165467625899,4.108891164032813,0.036577645276559205,7.726618705035971,3.457571781020464,0.08468982953631601
CSO-9-4A-MLORO-CorrEtiq.txt,200.0,79.88888888888889,199.0,35.148148148148145,3.4814814814814814,2.0617283950617282,1.8888888888888888,299.6666666666667,79.88888888888889,79.18518518518519,4.984025097998918,0.050795725309744084,5.802469135802469,2.900561557943058,0.10996987470742765
CSO-9-4A-MPAME-CorrEtiq.txt,200.0,92.30555555555556,198.0,33.77777777777778,13.583333333333334,2.9444444444444446,5.0,28.333333333333332,92.30555555555556,89.02777777777777,4.293933512959787,0.03715565423907932,7.361111111111111,3.197569969816387,0.09422290991037953
CSO-9-4A-NSARPA-CorrEtiq.txt,200.0,93.98139534883721,198.73023255813953,23.767441860465116,5.4511627906976745,2.130232558139535,5.4511627906976745,42.16279069767442,93.97674418604652,92.66976744186047,4.239874247864652,0.03850446634918867,6.8279069767441865,3.193365824785216,0.09829938615217405
CSO-9-4A-SLOCA-CorrEtiq.txt,200.0,83.17721518987342,199.0,43.94303797468354,2.9050632911392404,3.1265822784810124,2.9050632911392404,287.12025316455697,83.17721518987342,82.18354430379746,4.789647140842849,0.04368044314723402,6.9113924050632916,3.1486242734723637,0.20989926936007722
CSO-9-4A-YVDITR-CorrEtiq.txt,200.0,72.55333333333333,198.53333333333333,59.62,13.693333333333333,0.0,4.713333333333333,305.3066666666667,72.54666666666667,71.81333333333333,5.48262073657693,0.052171220184516344,6.62,3.068230660901451,0.1768473554897817
