file,wc,nodes,edges,re,pe,l1,l2,l3,lcc,lsc,atd,density,diameter,asp,cc
CDMS-10-4A-JURAN,5.0,13.277777777777779,10.777777777777779,0.5555555555555556,0.0,0.0,0.0,0.0,7.777777777777778,1.0,1.6247505652433414,0.1374041984465101,4.333333333333333,2.284175084175084,0.0
CDMS-10-5A-HEPIHO,5.0,15.307692307692308,11.846153846153847,0.6153846153846154,0.0,0.0,0.0,0.0,7.282051282051282,1.0,1.5404884177247162,0.11027063779425451,4.205128205128205,2.204801039416424,0.0
CDMS-10-5A-KSRAGU,5.0,16.933333333333334,12.933333333333334,0.9333333333333333,0.0,0.0,0.0,0.0,7.6,1.0,1.531287494754987,0.09052758845328504,3.8,2.15046657046657,0.0
CDMS-10-5A-SROPU,5.0,15.923076923076923,13.076923076923077,0.5384615384615384,0.0,0.0,0.0,0.0,9.76923076923077,1.0,1.5867685607791948,0.11139685904614406,5.230769230769231,2.5735603511621608,0.0
CDMS-10-5A-SZURO,5.0,14.25,12.833333333333334,0.9166666666666666,0.0,0.0,0.0,0.0,8.5,1.0,1.799880857446647,0.15137470852447632,4.208333333333333,2.2533722132986838,0.0
CDMS-10-5B-SRAJA,5.0,20.363636363636363,17.454545454545453,1.2727272727272727,0.0,0.0,0.0,0.0,11.090909090909092,1.0,1.713651159349834,0.08418829433923843,5.636363636363637,2.790418167690895,0.00979020979020979
CDMS-10-5C-DAAUSA,5.0,16.791666666666668,15.125,1.0833333333333333,0.0,0.0,0.0,0.0,11.166666666666666,1.0,1.7770488788387395,0.10611894555393007,4.791666666666667,2.552251833134186,0.0
CDMS-10-5C-ICAPA,5.0,10.0,8.333333333333334,0.26666666666666666,0.0,0.0,0.0,0.0,6.666666666666667,1.0,1.5934328634328634,0.18556998556998558,3.1333333333333333,1.8825796425796426,0.0
CDMS-10-5C-JFALGI,5.0,11.466666666666667,8.266666666666667,0.3333333333333333,0.0,0.0,0.0,0.0,5.866666666666666,1.0,1.4241262441262443,0.1338124838124838,3.3333333333333335,1.9504761904761907,0.0
CDMS-10-5C-MAORTO,5.0,14.576923076923077,13.23076923076923,1.5384615384615385,0.0,0.0,0.0,0.0,9.038461538461538,1.0,1.8069571173316112,0.12367543070854935,4.461538461538462,2.3478359247590017,0.0
CDMS-10-5C-NBEMO,5.0,20.63157894736842,16.789473684210527,0.42105263157894735,0.0,0.0,0.0,0.0,11.105263157894736,1.0,1.6209949777376589,0.09148242609133354,4.947368421052632,2.574736038317593,0.0
CDMS-10-6B-ASCACO,5.0,13.666666666666666,13.142857142857142,1.619047619047619,0.0,0.0,0.0,0.0,10.523809523809524,1.0,1.9050283258929877,0.13749992001871703,5.523809523809524,2.6994260019470104,0.0
CDMS-10-6B-JJMOBE,5.0,13.318181818181818,10.863636363636363,0.22727272727272727,0.0,0.0,0.0,0.0,7.136363636363637,1.0,1.6431133260678714,0.13469313663163932,4.409090909090909,2.2196608946608944,0.0
CDMS-11-4A-GACHSA,5.0,11.75,11.0,1.25,0.0,0.0,0.0,0.0,8.318181818181818,1.0,1.8010990325073495,0.16937718850714908,4.954545454545454,2.410278151032443,0.0
CDMS-11-5A-EAARCA,5.0,13.0625,13.25,2.125,0.0,0.0,0.0,0.0,10.4375,1.0,1.9657981820810768,0.14767771519416256,4.9375,2.5579614120829293,0.0
CDMS-11-5A-MGTHAR,5.0,15.333333333333334,16.11111111111111,2.5,0.0,0.0,0.0,0.0,12.055555555555555,1.0,2.1106667660589227,0.13151939315510008,6.0,2.87636144719478,0.0
CDMS-11-6A-DFVEBE,5.0,17.157894736842106,16.05263157894737,1.736842105263158,0.0,0.0,0.0,0.0,11.263157894736842,1.0,1.8588240464256223,0.10474170890073009,4.2105263157894735,2.44167606604465,0.0
CDMS-11-6A-NMREPR,5.0,13.0,13.142857142857142,1.9642857142857142,0.0,0.0,0.0,0.0,9.464285714285714,1.0,2.032808432230701,0.14884998871343408,4.285714285714286,2.3276421990707705,0.0
CDMS-11-6B-ARAHE,5.0,14.478260869565217,10.521739130434783,0.43478260869565216,0.0,0.0,0.0,0.0,5.434782608695652,1.0,1.3964154379171616,0.11030910703404513,3.130434782608696,1.7897117375378246,0.0
CDMS-11-6B-AVROTO,5.0,10.375,9.0,1.1875,0.0,0.0,0.0,0.0,6.75,1.0,1.7463494838494837,0.16944860694860694,4.25,2.2431051587301587,0.0
CDMS-11-6B-EAFESA,5.0,19.612903225806452,19.161290322580644,2.806451612903226,0.0,0.0,0.0,0.0,12.67741935483871,1.0,1.9516311313498884,0.0924610187184927,5.161290322580645,2.6672059303813023,0.0
CDMS-11-6B-EFRGR,5.0,15.578947368421053,14.894736842105264,1.368421052631579,0.0,0.0,0.0,0.0,10.736842105263158,1.0,1.7755791301921333,0.13210650585232686,4.894736842105263,2.408753507121567,0.0
CDMS-11-6B-EROCO,5.0,10.909090909090908,9.5,0.6363636363636364,0.0,0.0,0.0,0.0,7.818181818181818,1.0,1.726458550104214,0.18875570785698786,3.9545454545454546,2.21993006993007,0.0
CDMS-11-6B-JACUPE,5.0,15.26923076923077,15.115384615384615,2.230769230769231,0.0,0.0,0.0,0.0,10.73076923076923,1.0,1.9199440546487463,0.12562197599706532,5.230769230769231,2.5998735301902722,0.0
CDMS-11-6B-JDCHBA,5.0,16.444444444444443,14.333333333333334,0.8611111111111112,0.0,0.0,0.0,0.0,10.11111111111111,1.0,1.7350764491308868,0.10923863503197868,4.638888888888889,2.481994702828036,0.0
CDMS-11-6B-JFSAHE,5.0,11.178571428571429,8.321428571428571,0.35714285714285715,0.0,0.0,0.0,0.0,6.107142857142857,1.0,1.4892127713556285,0.151224370867228,3.7857142857142856,2.072420634920635,0.0
CDMS-11-6B-JLPENA,5.0,11.75,8.75,0.625,0.0,0.0,0.0,0.0,5.5,1.0,1.4867990363394776,0.1358328711729447,3.21875,1.8822420634920636,0.0
CDMS-11-6B-JMARME,5.0,17.785714285714285,16.5,1.4285714285714286,0.0,0.0,0.0,0.0,11.857142857142858,1.0,1.8557745265565007,0.11528030231364654,5.678571428571429,2.7358873852571333,0.0
CDMS-11-6B-JPSAMA,5.0,18.90909090909091,15.090909090909092,0.5454545454545454,0.0,0.0,0.0,0.0,10.045454545454545,1.0,1.5975683658110633,0.08852556073906065,5.090909090909091,2.5856125158264196,0.0
CDMS-11-6B-LESTA,5.0,13.529411764705882,11.705882352941176,1.2352941176470589,0.0,0.0,0.0,0.0,7.764705882352941,1.0,1.7223239179121532,0.1306113295231853,5.0,2.42878102289867,0.0
CDMS-11-6B-MAGIMU,5.0,15.8125,14.0625,1.375,0.0,0.0,0.0,0.0,9.3125,1.0,1.832276751026751,0.12027005180062456,5.0625,2.535211462514094,0.0
CDMS-11-6B-MEBRTA,5.0,12.157894736842104,10.789473684210526,0.9473684210526315,0.0,0.0,0.0,0.0,7.842105263157895,1.0,1.6717445186793616,0.16757701062169325,3.6842105263157894,2.0382737674940703,0.01380862286435042
CDMS-11-6B-MMAMO,5.0,20.77777777777778,19.444444444444443,2.3333333333333335,0.0,0.0,0.0,0.0,10.88888888888889,1.0,1.8770305541489418,0.085475955285149,5.0,2.6869901703235035,0.0
CDMS-11-6B-RSECA,5.0,15.73913043478261,12.478260869565217,0.30434782608695654,0.0,0.0,0.0,0.0,9.478260869565217,1.0,1.5764173869235116,0.10818551746334759,5.130434782608695,2.6175245044810262,0.0
CDMS-11-6B-SCAPA,5.0,13.555555555555555,10.61111111111111,0.5555555555555556,0.0,0.0,0.0,0.0,5.444444444444445,1.0,1.5405660425268268,0.11983160267473994,3.388888888888889,1.8374338624338624,0.0
CDMS-11-6B-VZAPE,5.0,18.384615384615383,17.23076923076923,2.0,0.0,0.0,0.0,0.0,11.76923076923077,1.0,1.85680502474149,0.0960794025674898,5.153846153846154,2.7512139569831877,0.0
CDMS-11-6B-YLNIME,5.0,18.210526315789473,15.526315789473685,1.5263157894736843,0.0,0.0,0.0,0.0,9.789473684210526,1.0,1.7133156796673172,0.09176058569987766,5.105263157894737,2.6383576691626227,0.0
CDMS-11-7C-ICARE,5.0,14.105263157894736,13.105263157894736,1.8421052631578947,0.0,0.0,0.0,0.0,8.526315789473685,1.0,1.8690494146376497,0.12975185289426774,4.2105263157894735,2.3231899851094897,0.0
CDMS-11-7C-IMOIB,5.0,16.02857142857143,13.114285714285714,0.7428571428571429,0.0,0.0,0.0,0.0,8.342857142857143,1.0,1.6349799713775832,0.10712480428314129,4.8,2.4392249813678384,0.0
CDMS-11-7C-SALMA,5.0,17.45,17.85,2.3,0.0,0.0,0.0,0.0,11.95,1.0,2.017293174661596,0.11180806080893575,6.05,2.865116590925415,0.0
CDMS-11-7C-SPGAVE,5.0,13.424242424242424,10.818181818181818,0.9696969696969697,0.0,0.0,0.0,0.0,6.666666666666667,1.0,1.5615757207977035,0.12838214753578842,3.787878787878788,2.0785332413674658,0.0
CDMS-12-5A-SRIGO,5.0,17.59090909090909,15.863636363636363,2.0454545454545454,0.0,0.0,0.0,0.0,8.818181818181818,1.0,1.8353164774421458,0.10109704198502398,4.2272727272727275,2.312626514899242,0.0
CDMS-12-6A-FAROPA,5.0,16.529411764705884,15.117647058823529,2.176470588235294,0.0,0.0,0.0,0.0,9.294117647058824,1.0,1.7453356241281937,0.11914771978057355,4.529411764705882,2.3143281555046262,0.0
CDMS-12-6A-JGIGA,5.0,14.714285714285714,11.80952380952381,0.6666666666666666,0.0,0.0,0.0,0.0,8.428571428571429,1.0,1.6292357023781172,0.115910211874387,4.761904761904762,2.440243883101026,0.0
CDMS-12-6A-JSOTGU,5.0,15.344827586206897,14.172413793103448,2.0344827586206895,0.0,0.0,0.0,0.0,9.379310344827585,1.0,1.8545871302463595,0.12006033656508729,4.689655172413793,2.3959557683695616,0.0
CDMS-12-6A-SROAL,5.0,13.90625,12.71875,1.90625,0.0,0.0,0.0,0.0,8.15625,1.0,1.8360283915430975,0.1277521755849929,4.4375,2.3752138486513488,0.0
CDMS-12-6B-IJDAGA,5.0,14.12,12.6,1.48,0.0,0.0,0.0,0.0,7.52,1.0,1.684133942424964,0.13107928433571187,3.84,2.1090927634457044,0.0
CDMS-12-6B-SCLAG,5.0,16.36842105263158,15.947368421052632,2.9473684210526314,0.0,0.0,0.0,0.0,9.947368421052632,1.0,1.8894143456348118,0.1065350790827408,5.052631578947368,2.5067559447957035,0.0
CDMS-12-7C-ARAHE,5.0,15.461538461538462,12.923076923076923,1.0,0.0,0.0,0.0,0.0,7.538461538461538,1.0,1.6127086337493577,0.1114603794765738,4.3076923076923075,2.218602337833107,0.0
CDMS-12-7C-CATRAR,5.0,17.285714285714285,15.25,1.4642857142857142,0.0,0.0,0.0,0.0,10.107142857142858,1.0,1.8093965263842242,0.10992963889027577,5.0,2.5702766537850574,0.0
CDMS-12-7C-DLOLO,5.0,16.071428571428573,16.785714285714285,4.071428571428571,0.0,0.0,0.0,0.0,10.785714285714286,1.0,2.1076860231271994,0.1077549008860664,6.0,2.8493526314954885,0.0
CDMS-12-7C-JSZAOR,5.0,9.75,7.5,0.15,0.0,0.0,0.0,0.0,6.5,1.0,1.5562615678095555,0.2032371176295325,3.5,1.9871717171717171,0.0
CDMS-12-7C-MAROBE,5.0,19.5,15.916666666666666,1.0833333333333333,0.0,0.0,0.0,0.0,10.333333333333334,1.0,1.5955917891329792,0.0863456967495196,4.0,2.349453786953787,0.0
CDMS-12-7C-VMAPA,5.0,14.5,13.7,1.4,0.0,0.0,0.0,0.0,11.5,1.0,1.8597833539010011,0.12793139866669279,5.6,2.8113353313353313,0.0
CDMS-12-7C-VQURA,5.0,11.895833333333334,9.770833333333334,1.0208333333333333,0.0,0.0,0.0,0.0,6.645833333333333,1.0,1.6625752689075057,0.14707723817147192,4.0,2.149206349206349,0.0
CDMS-13-6B-ASUMO,5.0,11.294117647058824,9.117647058823529,0.4117647058823529,0.0,0.0,0.0,0.0,7.411764705882353,1.0,1.5905884964708494,0.14903593138887256,3.411764705882353,1.9663966752202047,0.0
CDMS-13-6B-JDTAHE,5.0,10.592592592592593,8.851851851851851,0.2962962962962963,0.0,0.0,0.0,0.0,7.518518518518518,1.0,1.6252446234472377,0.174867023559834,4.703703703703703,2.328373889485001,0.0
CDMS-13-7C-MVEAR,5.0,15.962962962962964,15.518518518518519,2.3703703703703702,0.0,0.0,0.0,0.0,11.481481481481481,1.0,1.9107187366647291,0.1135942539795309,4.7407407407407405,2.5064221722804456,0.0
CDMS-13-7C-RAIZAC,5.0,11.133333333333333,9.133333333333333,0.6666666666666666,0.0,0.0,0.0,0.0,7.4,1.0,1.6115804565804566,0.15590816590816592,4.066666666666666,2.1676911976911977,0.0
CDMS-13-7C-SSOSLO,5.0,20.24137931034483,19.310344827586206,2.8275862068965516,0.0,0.0,0.0,0.0,10.724137931034482,1.0,1.943342189913316,0.08946656430570821,4.517241379310345,2.450618724300266,0.0
CDMS-14-10A-IMORTO,5.0,12.407407407407407,10.0,1.037037037037037,0.0,0.0,0.0,0.0,6.777777777777778,1.0,1.5833722680127909,0.13357601004659828,3.4074074074074074,1.9985409652076318,0.0
CDMS-14-10A-JCVANI,5.0,14.25,10.722222222222221,0.5833333333333334,0.0,0.0,0.0,0.0,6.388888888888889,1.0,1.5339590904928881,0.11928482904360098,3.5555555555555554,1.9915738582405251,0.0
CDMS-14-5A-LSDUCO,5.0,19.181818181818183,21.09090909090909,4.181818181818182,0.0,0.0,0.0,0.0,12.545454545454545,1.0,2.1791683064410337,0.10206284657880982,5.7272727272727275,2.7131953014305954,0.0
CDMS-14-6B-KDCAHE,5.0,16.583333333333332,12.708333333333334,0.7083333333333334,0.0,0.0,0.0,0.0,7.416666666666667,1.0,1.5119567477442866,0.09494214112054668,4.625,2.33004403004403,0.0
CDMS-15-10A-AMALOS,5.0,15.935483870967742,14.774193548387096,1.935483870967742,0.0,0.0,0.0,0.0,10.741935483870968,1.0,1.8978184477925684,0.11611257327521834,5.387096774193548,2.69770278740867,0.0
CDMS-15-10A-JJMACH,5.0,25.75,21.833333333333332,0.5,0.0,0.0,0.0,0.0,13.791666666666666,1.0,1.7089040112201443,0.07101425682776079,6.416666666666667,3.1153512126132092,0.0
CDMS-15-10A-MAALCA,5.0,16.9,14.9,1.9,0.0,0.0,0.0,0.0,9.7,1.0,1.7447667245035667,0.09833423413531772,4.2,2.314812271062271,0.0
CDMS-15-10A-MAALRI,5.0,18.0,15.545454545454545,0.7727272727272727,0.0,0.0,0.0,0.0,10.045454545454545,1.0,1.7348671011104166,0.09965182946619332,5.545454545454546,2.6549160435524075,0.0
CDMS-15-10A-SGOMO,5.0,14.458333333333334,11.5,0.3333333333333333,0.0,0.0,0.0,0.0,7.666666666666667,1.0,1.6167268228703986,0.1259681412641939,4.625,2.319564925814926,0.0
CDMS-15-10A-SHEGA,5.0,19.842105263157894,15.789473684210526,0.7368421052631579,0.0,0.0,0.0,0.0,9.526315789473685,1.0,1.585747864779363,0.08254230217092683,4.842105263157895,2.5159156632840847,0.0
CDMS-15-11B-JEMOLO,5.0,18.285714285714285,18.183673469387756,2.8979591836734695,0.0,0.0,0.0,0.0,12.142857142857142,1.0,1.8920456311356002,0.10427864555808009,4.877551020408164,2.550172763323392,0.0
CDMS-15-11B-VSAHO,5.0,16.736842105263158,14.31578947368421,0.631578947368421,0.0,0.0,0.0,0.0,9.789473684210526,1.0,1.7213583494339564,0.11211487080804336,4.947368421052632,2.4768599821231403,0.0
CDMS-16-10A-SGALO,5.0,14.653846153846153,10.538461538461538,0.3076923076923077,0.0,0.0,0.0,0.0,6.5,1.0,1.4475257843291898,0.10931902370340094,4.076923076923077,2.0967060717060715,0.0
CDMS-16-11B-NGABE,5.0,18.428571428571427,17.952380952380953,2.0952380952380953,0.0,0.0,0.0,0.0,12.666666666666666,1.0,1.9060749292566368,0.10351671708716982,4.9523809523809526,2.5787045425920105,0.0
CDMS-17-10A-ASSAMO,5.0,16.416666666666668,11.916666666666666,0.25,0.0,0.0,0.0,0.0,6.583333333333333,1.0,1.3934574212673552,0.11183943830582005,3.8333333333333335,2.0303872053872056,0.0
CDMS-18-7C-VVECA,5.0,14.227272727272727,11.590909090909092,1.1818181818181819,0.0,0.0,0.0,0.0,7.454545454545454,1.0,1.6146384961787439,0.11513281492876203,4.045454545454546,2.1517520358429447,0.0
CDMS-8-4A-DBEVA,5.0,9.91304347826087,9.08695652173913,1.2173913043478262,0.0,0.0,0.0,0.0,6.826086956521739,1.0,1.749014029448812,0.22033618555357687,3.9130434782608696,2.0639186900056465,0.0
CDMS-8-4A-DJAVDA,5.0,12.421052631578947,9.31578947368421,0.21052631578947367,0.0,0.0,0.0,0.0,5.7894736842105265,1.0,1.502871428356193,0.1367462638930783,3.263157894736842,1.8865497076023394,0.0
CDMS-8-4A-DOSTR,5.0,14.555555555555555,12.933333333333334,1.6666666666666667,0.0,0.0,0.0,0.0,8.177777777777777,1.0,1.7790637877583182,0.12940404397172917,4.022222222222222,2.228445751779085,0.0
CDMS-8-4A-LGOPA,5.0,13.357142857142858,11.607142857142858,1.25,0.0,0.0,0.0,0.0,7.107142857142857,1.0,1.755235695676872,0.13043964089132157,3.857142857142857,2.120365943580229,0.0
CDMS-8-4C-JDBUTU,5.0,12.074074074074074,9.518518518518519,0.6666666666666666,0.0,0.0,0.0,0.0,6.555555555555555,1.0,1.5796387284949376,0.14565196362581984,4.0,2.107818930041152,0.0
CDMS-9-4A-ACDUTR,5.0,14.555555555555555,11.444444444444445,1.0,0.0,0.0,0.0,0.0,7.055555555555555,1.0,1.5794177982129478,0.11273187978554335,3.7222222222222223,2.106393298059965,0.0
CDMS-9-4A-CARGA,5.0,16.555555555555557,15.944444444444445,2.5555555555555554,0.0,0.0,0.0,0.0,9.555555555555555,1.0,1.9120269708505002,0.10636455525516413,5.055555555555555,2.5783537125642386,0.0
CDMS-9-4A-CRAAG,5.0,11.545454545454545,11.136363636363637,1.6818181818181819,0.0,0.0,0.0,0.0,7.954545454545454,1.0,1.8723245560143957,0.1659758913101159,4.318181818181818,2.2225103179648635,0.0
CDMS-9-4A-EROHI,5.0,15.2,13.32,1.2,0.0,0.0,0.0,0.0,8.56,1.0,1.732093682375416,0.11336860353269022,4.96,2.4241380947913456,0.0
CDMS-9-4A-ILOSE,5.0,19.4,18.133333333333333,1.4,0.0,0.0,0.0,0.0,13.266666666666667,1.0,1.8093445181123198,0.09251059719359625,5.733333333333333,2.7640243395048887,0.0
CDMS-9-4A-TGAFR,5.0,10.96,9.44,0.28,0.0,0.0,0.0,0.0,8.24,1.0,1.67575154910449,0.17441601535719184,4.48,2.2782708402708405,0.0
CDMS-9-4C-SCAMO,5.0,15.6,12.2,1.0,0.0,0.0,0.0,0.0,8.533333333333333,1.0,1.5413154630027697,0.09883314884862872,4.6,2.346000666000666,0.0
CDMS-9-5A-ABERO,5.0,14.185185185185185,12.74074074074074,1.4074074074074074,0.0,0.0,0.0,0.0,9.074074074074074,1.0,1.7854792266556971,0.12157299853378285,4.814814814814815,2.4260291149180038,0.0
CDMS-9-5A-PAGACO,5.0,13.863636363636363,11.818181818181818,1.3636363636363635,0.0,0.0,0.0,0.0,7.545454545454546,1.0,1.7095453788635608,0.11941440912029147,4.318181818181818,2.2448543880362064,0.0
CDMS-9-5A-VVAAR,5.0,11.7,9.2,0.4,0.0,0.0,0.0,0.0,7.05,1.0,1.586525974025974,0.1470077145077145,4.45,2.240952380952381,0.0
CDMS-9-5C-JDMADE,5.0,12.333333333333334,9.916666666666666,0.6666666666666666,0.0,0.0,0.0,0.0,6.916666666666667,1.0,1.611207311207311,0.13590992340992342,3.5,2.0863756613756617,0.0
CDMS-9-5C-LVIZAC,5.0,12.192307692307692,9.115384615384615,0.8076923076923077,0.0,0.0,0.0,0.0,5.038461538461538,1.0,1.5370426079702098,0.1397096995513285,3.269230769230769,1.8117826617826618,0.0
CDMS-9-5C-MLOGO,5.0,11.964285714285714,10.5,0.6428571428571429,0.0,0.0,0.0,0.0,8.071428571428571,1.0,1.7177234180385441,0.15469367817056892,4.607142857142857,2.289414553700268,0.0
CDMS-9-5C-SCAAG,5.0,11.217391304347826,9.521739130434783,0.8260869565217391,0.0,0.0,0.0,0.0,7.130434782608695,1.0,1.5903399475145334,0.17001171567398515,3.9565217391304346,2.1131769196986587,0.0
CDMS-XX-10A-VGILO,5.0,16.956521739130434,15.521739130434783,1.7391304347826086,0.0,0.0,0.0,0.0,10.652173913043478,1.0,1.8158696379985455,0.10863787132718523,4.434782608695652,2.415924395073675,0.0
CDMS-XX-5C-MJSARU,5.0,15.26086956521739,12.347826086956522,0.30434782608695654,0.0,0.0,0.0,0.0,8.826086956521738,1.0,1.5965845841838573,0.11348849472419267,4.608695652173913,2.3835485770268376,0.0
CDMS-XX-5C-MPCAQU,5.0,12.7,11.7,1.0,0.0,0.0,0.0,0.0,9.2,1.0,1.854287379287379,0.15114621489621488,5.25,2.6226895326895328,0.0
CDMS-XX-6A-MAGICA,5.0,15.333333333333334,12.235294117647058,0.3333333333333333,0.0,0.0,0.0,0.0,8.549019607843137,1.0,1.5801936788664874,0.11624339176293758,4.686274509803922,2.4271677124618303,0.0
CDMS-XX-6B-SPUCA,5.0,15.290322580645162,12.838709677419354,0.8709677419354839,0.0,0.0,0.0,0.0,9.161290322580646,1.0,1.6385077178411063,0.11380700841141397,4.741935483870968,2.4478206486745386,0.0
CSO-10-4A-ICAPA,5.0,16.045454545454547,15.545454545454545,2.5,0.0,0.0,0.0,0.0,10.227272727272727,1.0,1.9632567521604956,0.11364607106937533,5.181818181818182,2.6609637836910562,0.0
CSO-10-4A-KCOMO,5.0,13.382352941176471,13.823529411764707,1.4705882352941178,0.0,0.0,0.0,0.0,11.0,1.0,2.0343224585871647,0.15820302822897978,5.235294117647059,2.593230054259466,0.0
CSO-10-4A-LRAVI,5.0,13.333333333333334,11.333333333333334,0.0,0.0,0.0,0.0,0.0,9.266666666666667,1.0,1.6795615495615495,0.13808302808302805,4.533333333333333,2.4022965922965924,0.0
CSO-10-4A-LSCAVA,5.0,10.72,7.36,0.2,0.0,0.0,0.0,0.0,4.8,1.0,1.3554526323349854,0.19538375350140055,2.84,1.6886984126984126,0.0
CSO-10-5A-ACAVA,5.0,12.153846153846153,9.346153846153847,0.11538461538461539,0.0,0.0,0.0,0.0,7.538461538461538,1.0,1.5135548275254158,0.144916520065365,3.923076923076923,2.206116746501362,0.0
CSO-10-5A-ARACA,5.0,10.32258064516129,8.451612903225806,0.8064516129032258,0.0,0.0,0.0,0.0,6.32258064516129,1.0,1.6302442286787637,0.170683185673698,3.2580645161290325,1.9066540985895826,0.0
CSO-10-5A-DABRZA,5.0,15.793103448275861,14.517241379310345,2.1724137931034484,0.0,0.0,0.0,0.0,8.482758620689655,1.0,1.852550917742664,0.11308855866983149,4.9655172413793105,2.4416251373147926,0.0
CSO-10-5A-GZAMA,5.0,16.608695652173914,16.91304347826087,2.347826086956522,0.0,0.0,0.0,0.0,11.08695652173913,1.0,2.0061492021984684,0.11318225417363928,5.173913043478261,2.586185191619974,0.0
CSO-10-5A-IPECA,5.0,24.083333333333332,22.916666666666668,2.3333333333333335,0.0,0.0,0.0,0.0,15.916666666666666,1.0,1.906978602449617,0.0744952216329028,6.25,3.0029963579305683,0.0
CSO-10-5A-JANORO,5.0,12.8,11.25,1.05,0.0,0.0,0.0,0.0,9.35,1.0,1.7602034240269535,0.13996242319771732,4.9,2.5525974025974025,0.0
CSO-10-5A-JBUVE,5.0,14.705882352941176,11.0,0.11764705882352941,0.0,0.0,0.0,0.0,6.117647058823529,1.0,1.5091233929469223,0.12096203488937052,3.411764705882353,1.9603641456582632,0.0
CSO-10-5A-JJSEMO,5.0,11.782608695652174,10.91304347826087,1.6956521739130435,0.0,0.0,0.0,0.0,7.217391304347826,1.0,1.857485992268601,0.15233993060080017,4.304347826086956,2.183182759269716,0.0
CSO-10-5A-JLCARI,5.0,12.4375,9.8125,0.1875,0.0,0.0,0.0,0.0,7.875,1.0,1.5674507783882783,0.14157873376623376,4.25,2.216919191919192,0.0
CSO-10-5A-MAARAN,5.0,20.352941176470587,19.823529411764707,2.0,0.0,0.0,0.0,0.0,14.588235294117647,1.0,1.933058118352236,0.09443920103766652,6.411764705882353,3.0345523005820887,0.0
CSO-10-5A-MAOSMO,5.0,11.083333333333334,8.36111111111111,0.3611111111111111,0.0,0.0,0.0,0.0,6.055555555555555,1.0,1.4692920369390956,0.15555289391073704,3.5277777777777777,1.9357924482924485,0.0
CSO-10-5A-RVMOIB,5.0,16.73913043478261,14.26086956521739,0.7391304347826086,0.0,0.0,0.0,0.0,9.565217391304348,1.0,1.6777197765217686,0.10685650565776629,5.217391304347826,2.5999187513254007,0.0
CSO-10-5A-SVHEES,5.0,16.0,14.925925925925926,1.4074074074074074,0.0,0.0,0.0,0.0,11.037037037037036,1.0,1.8533795164944118,0.12391871413610545,5.444444444444445,2.557927874594541,0.0
CSO-11-5A-MDVOSPE,5.0,13.73913043478261,12.434782608695652,1.0869565217391304,0.0,0.0,0.0,0.0,8.782608695652174,1.0,1.7787493197339743,0.1346689613313654,4.173913043478261,2.2547481504003244,0.0
CSO-11-5A-MTAGA,5.0,13.125,9.583333333333334,0.375,0.0,0.0,0.0,0.0,6.083333333333333,1.0,1.4144059672697444,0.12292687282044867,3.7083333333333335,2.021010702260702,0.0
CSO-11-6A-CAPAMU,5.0,14.333333333333334,11.076923076923077,0.48717948717948717,0.0,0.0,0.0,0.0,7.769230769230769,1.0,1.5130245138311242,0.11687583537299308,3.9743589743589745,2.1614322540733593,0.0
CSO-11-6A-DSCACH,5.0,10.833333333333334,8.222222222222221,0.4444444444444444,0.0,0.0,0.0,0.0,6.111111111111111,1.0,1.5290427165427165,0.15683097766431098,3.388888888888889,1.9313492063492061,0.0
CSO-11-6A-EROMO,5.0,14.181818181818182,11.318181818181818,0.22727272727272727,0.0,0.0,0.0,0.0,7.818181818181818,1.0,1.6079748686595012,0.12332744459468353,4.590909090909091,2.334687282414555,0.0
CSO-11-6A-FSOVRE,5.0,13.558823529411764,10.5,0.2647058823529412,0.0,0.0,0.0,0.0,7.264705882352941,1.0,1.5506281087483134,0.12753371238025968,4.323529411764706,2.2220369499781265,0.0
CSO-11-6B-ANREVA,5.0,20.27777777777778,17.61111111111111,1.5555555555555556,0.0,0.0,0.0,0.0,10.333333333333334,1.0,1.760065754809901,0.08692343351797036,5.555555555555555,2.7383369626016685,0.0
CSO-11-6B-DISEMO,5.0,12.666666666666666,11.2,0.8666666666666667,0.0,0.0,0.0,0.0,8.333333333333334,1.0,1.7606776969160869,0.16734032794404313,4.6,2.320981240981241,0.0
CSO-11-6B-LHFDLACH,5.0,15.24,11.4,0.76,0.0,0.0,0.0,0.0,6.6,1.0,1.5004093397167835,0.11162818999001527,3.76,2.0704721944721944,0.019238095238095235
CSO-11-6B-RJGIHE,5.0,11.925925925925926,8.88888888888889,0.8148148148148148,0.0,0.0,0.0,0.0,5.444444444444445,1.0,1.449651401612186,0.12816779151488472,2.888888888888889,1.794674255785367,0.0
CSO-11-6B-SFLVA,5.0,15.5,14.571428571428571,0.6428571428571429,0.0,0.0,0.0,0.0,12.142857142857142,1.0,1.8687994023520338,0.12449919913984488,6.214285714285714,2.937814169957027,0.0
CSO-11-6B-VCOMA,5.0,14.722222222222221,12.61111111111111,1.2222222222222223,0.0,0.0,0.0,0.0,8.38888888888889,1.0,1.690049856213427,0.11502363783065538,3.9444444444444446,2.1275429545037388,0.0
CSO-12-6A-DGISE,5.0,11.0,8.588235294117647,0.35294117647058826,0.0,0.0,0.0,0.0,6.352941176470588,1.0,1.568975468975469,0.15872542490189548,3.9411764705882355,2.092224768695357,0.0
CSO-12-6A-FJOVRE,5.0,14.217391304347826,10.782608695652174,0.13043478260869565,0.0,0.0,0.0,0.0,7.695652173913044,1.0,1.5215194483803987,0.11785373881887544,4.608695652173913,2.2989208858774077,0.0
CSO-12-6B-GQULO,5.0,17.555555555555557,13.61111111111111,0.6111111111111112,0.0,0.0,0.0,0.0,8.0,1.0,1.5491436157199832,0.09234812991823806,4.722222222222222,2.435758377425044,0.0
CSO-12-6B-LJHEFE,5.0,26.692307692307693,21.53846153846154,1.2307692307692308,0.0,0.0,0.0,0.0,12.461538461538462,1.0,1.61123909734871,0.060210379414278835,4.923076923076923,2.6480931891267687,0.0
CSO-12-6B-VPAMA,5.0,11.583333333333334,9.833333333333334,1.8333333333333333,0.0,0.0,0.0,0.0,5.75,1.0,1.718950725200725,0.1359351296851297,4.166666666666667,2.104232804232804,0.0
CSO-12-7A-DALRE,5.0,14.214285714285714,13.535714285714286,1.2142857142857142,0.0,0.0,0.0,0.0,10.321428571428571,1.0,1.900138155802132,0.14725286805445642,4.928571428571429,2.43429850224963,0.0
CSO-12-7A-ESALA,5.0,9.25,6.625,0.5,0.0,0.0,0.0,0.0,4.458333333333333,1.0,1.4385070947570948,0.16402417027417027,2.875,1.6821428571428572,0.0
CSO-12-7A-IMERO,5.0,10.74074074074074,8.074074074074074,0.4444444444444444,0.0,0.0,0.0,0.0,5.87037037037037,1.0,1.4945003979317704,0.17065373805569883,3.9074074074074074,2.043545240767463,0.0
CSO-12-7A-JHEZA,5.0,10.923076923076923,7.6923076923076925,0.4230769230769231,0.0,0.0,0.0,0.0,4.884615384615385,1.0,1.391673924366232,0.1382850055926979,3.1923076923076925,1.7897435897435896,0.0
CSO-12-7A-LSARAR,5.0,12.578947368421053,10.789473684210526,0.9473684210526315,0.0,0.0,0.0,0.0,8.0,1.0,1.6854676970776044,0.14590776440621642,3.9473684210526314,2.209251567146304,0.0
CSO-12-7A-SCAHO,5.0,14.225806451612904,10.67741935483871,0.6451612903225806,0.0,0.0,0.0,0.0,5.967741935483871,1.0,1.474645650464586,0.1131263623024334,3.4838709677419355,1.918011916399013,0.0
CSO-12-7B-DVAGRO,5.0,10.92,8.52,0.96,0.0,0.0,0.0,0.0,5.08,1.0,1.5383878343878343,0.14637085137085137,3.24,1.8334603174603175,0.0
CSO-12-7B-SMUGU,5.0,10.363636363636363,9.272727272727273,1.0,0.0,0.0,0.0,0.0,7.454545454545454,1.0,1.8061779129960949,0.1868076368076368,4.090909090909091,2.24261445625082,0.0
CSO-12-7B-SSARA,5.0,12.444444444444445,9.777777777777779,1.1481481481481481,0.0,0.0,0.0,0.0,6.185185185185185,1.0,1.5858984011157924,0.14103888502566356,3.5185185185185186,1.9786641342196898,0.0
CSO-12-7B-VHOMA,5.0,13.181818181818182,11.575757575757576,1.303030303030303,0.0,0.0,0.0,0.0,8.393939393939394,1.0,1.7186819692800555,0.13303852124567014,4.121212121212121,2.204336236154418,0.0
CSO-12-8A-YTOME,5.0,15.857142857142858,13.642857142857142,1.2857142857142858,0.0,0.0,0.0,0.0,7.5,1.0,1.731687513061905,0.11067131247265086,4.285714285714286,2.2358482787054217,0.0
CSO-13-6A-ANASA,5.0,16.80851063829787,13.27659574468085,0.9148936170212766,0.0,0.0,0.0,0.0,8.702127659574469,1.0,1.5425618940795234,0.09624832290886541,4.382978723404255,2.320754245754246,0.0
CSO-13-6B-JETAVE,5.0,10.972972972972974,9.405405405405405,0.5945945945945946,0.0,0.0,0.0,0.0,7.837837837837838,1.0,1.631783020018314,0.17592383327677447,4.324324324324325,2.2921954921954923,0.0
CSO-13-6B-LFMIES,5.0,13.764705882352942,12.235294117647058,0.8235294117647058,0.0,0.0,0.0,0.0,8.882352941176471,1.0,1.7848535451476628,0.1334058770909982,4.529411764705882,2.3284199460670045,0.0
CSO-13-6B-LJMAHU,5.0,9.694444444444445,7.805555555555555,0.3055555555555556,0.0,0.0,0.0,0.0,6.166666666666667,1.0,1.5970970387637056,0.1831444789778123,3.7777777777777777,2.011317540484207,0.0
CSO-13-7A-CAPAMU,5.0,13.266666666666667,9.333333333333334,0.23333333333333334,0.0,0.0,0.0,0.0,5.133333333333334,1.0,1.3942400049211194,0.11846081277969822,3.066666666666667,1.8071428571428572,0.0
CSO-13-7A-CDDITR,5.0,9.842105263157896,7.421052631578948,0.42105263157894735,0.0,0.0,0.0,0.0,5.7368421052631575,1.0,1.489838231943495,0.16367433735854786,3.526315789473684,1.930200501253133,0.0
CSO-13-7A-JJATFL,5.0,16.055555555555557,12.833333333333334,0.3888888888888889,0.0,0.0,0.0,0.0,9.38888888888889,1.0,1.5933785097484787,0.10465717776089294,5.166666666666667,2.565435182101849,0.0
CSO-13-7A-KRAMA,5.0,15.0,13.533333333333333,1.9333333333333333,0.0,0.0,0.0,0.0,7.8,1.0,1.7210158766815113,0.11549187482624014,3.933333333333333,2.1629448329448326,0.0
CSO-13-7A-RXCHLU,5.0,12.066666666666666,11.4,1.0666666666666667,0.0,0.0,0.0,0.0,9.266666666666667,1.0,1.85150231032584,0.15959323900500372,4.733333333333333,2.3986406186406186,0.0
CSO-13-7A-YAMEZA,5.0,16.083333333333332,13.625,0.875,0.0,0.0,0.0,0.0,8.458333333333334,1.0,1.6326872073002103,0.11185791762417148,3.8333333333333335,2.0850132506382506,0.0
CSO-13-7A-YBOSO,5.0,8.0,6.777777777777778,0.4444444444444444,0.0,0.0,0.0,0.0,5.5,1.0,1.645923520923521,0.23468013468013466,3.3333333333333335,1.8029982363315697,0.0
CSO-13-8A-KIGAGU,5.0,14.583333333333334,13.333333333333334,2.0,0.0,0.0,0.0,0.0,9.083333333333334,1.0,1.863837875660631,0.12149788707451246,4.833333333333333,2.5461894586894585,0.0
CSO-13-8A-MBUAN,5.0,13.75,12.083333333333334,1.0277777777777777,0.0,0.0,0.0,0.0,7.972222222222222,1.0,1.7281144807396098,0.1321485169266387,4.194444444444445,2.233414297642884,0.0
CSO-13-8A-MGAAN,5.0,10.724137931034482,7.896551724137931,0.1724137931034483,0.0,0.0,0.0,0.0,5.448275862068965,1.0,1.4535705673636707,0.15319144457075493,3.310344827586207,1.81871921182266,0.0
CSO-13-8A-MGAHE,5.0,14.241379310344827,12.172413793103448,0.4482758620689655,0.0,0.0,0.0,0.0,9.310344827586206,1.0,1.684216005220596,0.12942955292693736,4.793103448275862,2.4587133454780514,0.0
CSO-13-8A-MJAGA,5.0,15.733333333333333,12.733333333333333,0.8,0.0,0.0,0.0,0.0,7.2,1.0,1.5883908500626767,0.10405030699148346,4.4,2.224117364117364,0.0
CSO-13-8A-VHODU,5.0,16.866666666666667,16.133333333333333,1.8,0.0,0.0,0.0,0.0,12.6,1.0,1.8737564287564288,0.11685591248762604,4.866666666666666,2.532019841756684,0.0
CSO-13-8B-FCJISA,5.0,7.8,5.28,0.08,0.0,0.0,0.0,0.0,4.08,1.0,1.309016761016761,0.22605194805194806,2.52,1.5571428571428572,0.0
CSO-13-8B-JEMABE,5.0,17.4,16.266666666666666,2.066666666666667,0.0,0.0,0.0,0.0,9.4,1.0,1.8543881782705314,0.10542903261169514,4.533333333333333,2.3535327635327636,0.00735042735042735
CSO-13-9B-DMLLLU,5.0,14.23076923076923,12.923076923076923,2.1538461538461537,0.0,0.0,0.0,0.0,8.076923076923077,1.0,1.848831899623755,0.1261437908496732,4.615384615384615,2.350715950715951,0.0
CSO-14-7A-MVEBE,5.0,11.0,9.3,0.7,0.0,0.0,0.0,0.0,7.5,1.0,1.7076881451881452,0.1846103896103896,4.4,2.2845238095238094,0.0
CSO-14-7B-EALHU,5.0,9.73913043478261,8.173913043478262,0.4782608695652174,0.0,0.0,0.0,0.0,6.6521739130434785,1.0,1.693989585293933,0.20333651855390986,4.3478260869565215,2.1828094610703306,0.0
CSO-14-7B-EVEGO,5.0,13.788461538461538,10.076923076923077,0.3076923076923077,0.0,0.0,0.0,0.0,5.8076923076923075,1.0,1.4376586092507067,0.11871781027525927,3.75,1.9703144078144077,0.0
CSO-14-8A-AQUMA,5.0,12.952380952380953,10.142857142857142,0.5238095238095238,0.0,0.0,0.0,0.0,7.571428571428571,1.0,1.580203021379492,0.13293083356108565,3.9523809523809526,2.161334432763004,0.0
CSO-14-8A-MCIDOS,5.0,12.75,9.25,0.5,0.0,0.0,0.0,0.0,6.4,1.0,1.3849367608655534,0.11613294557180005,3.8,2.012937062937063,0.0
CSO-14-8A-SZARA,5.0,11.68,9.4,0.36,0.0,0.0,0.0,0.0,7.08,1.0,1.6143462093462093,0.16195770895770895,4.32,2.2043290043290042,0.0
CSO-14-8B-JLLORA,5.0,16.6,13.533333333333333,0.4,0.0,0.0,0.0,0.0,9.0,1.0,1.6227717071370322,0.10483896908045515,4.733333333333333,2.3886506086506087,0.0
CSO-14-9A-AEDCAGO,5.0,12.607142857142858,9.678571428571429,0.10714285714285714,0.0,0.0,0.0,0.0,7.535714285714286,1.0,1.5326196620839476,0.13484818752675895,4.357142857142857,2.2880139701568276,0.0
CSO-14-9A-HASACA,5.0,12.5625,10.625,1.625,0.0,0.0,0.0,0.0,6.3125,1.0,1.779331738522915,0.15296299901079313,3.625,2.0481150793650795,0.0
CSO-14-9A-JSMAAL,5.0,15.916666666666666,13.916666666666666,1.75,0.0,0.0,0.0,0.0,8.708333333333334,1.0,1.7471707250151522,0.10331594217043133,4.166666666666667,2.2604571719703297,0.0
CSO-14-9A-MARJA,5.0,10.407407407407407,8.703703703703704,1.2222222222222223,0.0,0.0,0.0,0.0,6.2592592592592595,1.0,1.692871942871943,0.1619358008246897,3.4444444444444446,2.024349313238202,0.0
CSO-14-9A-SORZU,5.0,15.736842105263158,12.421052631578947,0.8421052631578947,0.0,0.0,0.0,0.0,8.526315789473685,1.0,1.5641805504075343,0.10131019198967708,5.052631578947368,2.4827692775061196,0.0
CSO-14-9B-ERAGA,5.0,12.9375,10.9375,0.875,0.0,0.0,0.0,0.0,8.3125,1.0,1.6758751665001665,0.13175106143856144,4.375,2.351659451659452,0.0
CSO-14-9B-MFEGA,5.0,12.6,11.4,2.5,0.0,0.0,0.0,0.0,6.7,1.0,1.757767151149504,0.1234904474610357,3.0,1.8187301587301588,0.0
CSO-15-10A-LJRAGU,5.0,23.31578947368421,24.210526315789473,2.9473684210526314,0.0,0.0,0.0,0.0,17.473684210526315,1.0,2.088316724176426,0.08394783560378292,7.105263157894737,3.280030875686946,0.0
CSO-15-10A-MAARLO,5.0,15.785714285714286,14.071428571428571,1.4285714285714286,0.0,0.0,0.0,0.0,10.071428571428571,1.0,1.7835350806989463,0.11008001102538918,4.928571428571429,2.588165009593581,0.0
CSO-15-10A-SFEGA,5.0,16.8125,14.4375,1.5,0.0,0.0,0.0,0.0,9.125,1.0,1.69162350340167,0.10038051060585218,4.5625,2.4163501794258373,0.0
CSO-15-10B-MEBUAR,5.0,14.176470588235293,12.588235294117647,1.411764705882353,0.0,0.0,0.0,0.0,8.470588235294118,1.0,1.7488069120422063,0.12386527857298209,4.588235294117647,2.2842771799519204,0.0
CSO-15-10B-YVBUAN,5.0,11.210526315789474,9.052631578947368,0.47368421052631576,0.0,0.0,0.0,0.0,6.578947368421052,1.0,1.6304549251917673,0.1577521893311367,3.8421052631578947,2.108563074352548,0.0
CSO-15-10C-ALBAHO,5.0,15.789473684210526,13.263157894736842,0.8421052631578947,0.0,0.0,0.0,0.0,9.578947368421053,1.0,1.670368164054004,0.10887890964068249,4.157894736842105,2.3680293390819704,0.0
CSO-15-10C-SSCAMO,5.0,9.428571428571429,6.6,0.34285714285714286,0.0,0.0,0.0,0.0,4.314285714285714,1.0,1.3905680034251462,0.16778285206856636,2.857142857142857,1.6673469387755102,0.0
CSO-15-11C-JETALO,5.0,11.575,9.5,0.95,0.0,0.0,0.0,0.0,6.25,1.0,1.6577617154087743,0.1539679315782257,3.8,2.01242784992785,0.0
CSO-15-7B-JCRAGA,5.0,12.545454545454545,10.545454545454545,0.5454545454545454,0.0,0.0,0.0,0.0,8.909090909090908,1.0,1.6717686947633472,0.14235051935586696,5.090909090909091,2.454223554223554,0.0
CSO-15-8A-VBMABR,5.0,15.789473684210526,13.526315789473685,0.8947368421052632,0.0,0.0,0.0,0.0,10.263157894736842,1.0,1.72430663410784,0.11629593949945913,5.315789473684211,2.6660032949506633,0.0
CSO-15-8B-KEPOGO,5.0,16.263157894736842,12.578947368421053,1.2105263157894737,0.0,0.0,0.0,0.0,6.0,1.0,1.559265811587793,0.0932243832968943,3.526315789473684,1.9674185463659146,0.0
CSO-15-9B-ALRIHE,5.0,14.8125,11.9375,0.875,0.0,0.0,0.0,0.0,7.625,1.0,1.619228283111797,0.11245546142024469,3.9375,2.173480339105339,0.0
CSO-15-9B-AMSAGO,5.0,13.705882352941176,11.0,0.8235294117647058,0.0,0.0,0.0,0.0,7.588235294117647,1.0,1.5354836836934023,0.12087241069112589,3.764705882352941,2.0636959268902446,0.0
CSO-15-9B-JCAPA,5.0,14.08695652173913,11.782608695652174,0.9130434782608695,0.0,0.0,0.0,0.0,7.782608695652174,1.0,1.6699967432098273,0.12569774417263985,4.130434782608695,2.2404412013107664,0.0
CSO-15-9B-KSBEJA,5.0,15.0,13.61111111111111,1.3333333333333333,0.0,0.0,0.0,0.0,9.944444444444445,1.0,1.7137279221678199,0.11814876300170418,4.444444444444445,2.4237806683627117,0.0
CSO-15-9B-RMCHLU,5.0,13.25,11.416666666666666,0.9583333333333334,0.0,0.0,0.0,0.0,8.416666666666666,1.0,1.688298921938628,0.1354399957341134,4.916666666666667,2.4944527694527694,0.0
CSO-15-9B-SJAGRO,5.0,15.846153846153847,10.538461538461538,0.0,0.0,0.0,0.0,0.0,5.3076923076923075,1.0,1.3513726547546177,0.10381053440850466,3.4615384615384617,1.920879120879121,0.0
CSO-16-10A-JEGAHE,5.0,18.47826086956522,15.608695652173912,1.3478260869565217,0.0,0.0,0.0,0.0,8.956521739130435,1.0,1.6882944107536917,0.08929859309394268,4.739130434782608,2.4344778409995804,0.0
CSO-16-10A-MSACO,5.0,15.36,11.48,0.4,0.0,0.0,0.0,0.0,5.88,1.0,1.521909939733469,0.1116190431515509,3.92,2.024536796536797,0.0
CSO-16-10A-SARI,5.0,16.875,13.625,1.0,0.0,0.0,0.0,0.0,7.625,1.0,1.630529324093818,0.10296864762998327,4.4375,2.3350649350649353,0.0
CSO-16-10A-SMOUT,5.0,20.09090909090909,16.954545454545453,0.8181818181818182,0.0,0.0,0.0,0.0,11.409090909090908,1.0,1.67016424583967,0.08728845137814732,5.136363636363637,2.559158757244882,0.009830311710010958
CSO-16-10A-YKMUJO,5.0,12.3,11.05,1.0,0.0,0.0,0.0,0.0,7.6,1.0,1.8022037684537686,0.15142510267510267,4.55,2.2907603507603507,0.0
CSO-16-10B-JESUGU,5.0,9.833333333333334,6.777777777777778,0.05555555555555555,0.0,0.0,0.0,0.0,5.333333333333333,1.0,1.3825557158890491,0.16242615409282077,3.2777777777777777,1.8625661375661378,0.0
CSO-16-10B-LTVIFA,5.0,11.72,7.96,0.16,0.0,0.0,0.0,0.0,5.04,1.0,1.3712787147493029,0.13105983558924733,3.28,1.813904761904762,0.0
CSO-16-10B-VVILI,5.0,15.148148148148149,12.518518518518519,0.7037037037037037,0.0,0.0,0.0,0.0,9.37037037037037,1.0,1.667868859535526,0.11390829577104088,5.0,2.5114469892247673,0.0
CSO-16-10C-ACALGU,5.0,14.225806451612904,11.32258064516129,0.8387096774193549,0.0,0.0,0.0,0.0,7.451612903225806,1.0,1.588856998967985,0.11921476686618958,4.354838709677419,2.289637781573265,0.0
CSO-16-10C-MAVAVE,5.0,10.444444444444445,7.688888888888889,0.4222222222222222,0.0,0.0,0.0,0.0,5.4,1.0,1.4624151157484493,0.1597977476408849,2.9555555555555557,1.8125396825396827,0.0
CSO-16-11A-JAVABO,5.0,12.241379310344827,9.137931034482758,1.1379310344827587,0.0,0.0,0.0,0.0,5.413793103448276,1.0,1.4021472175737149,0.13778118818419874,3.206896551724138,1.840258496292979,0.0
CSO-16-11A-JDMUVA,5.0,12.2,7.76,0.04,0.0,0.0,0.0,0.0,4.88,1.0,1.2658568098568097,0.12107459207459208,3.24,1.8278095238095238,0.0
CSO-16-11A-VZAOR,5.0,15.88888888888889,11.166666666666666,0.16666666666666666,0.0,0.0,0.0,0.0,5.777777777777778,1.0,1.385633163295029,0.10458842670916974,3.7777777777777777,1.997967772967773,0.0
CSO-16-11B-KRORE,5.0,12.76,10.08,0.68,0.0,0.0,0.0,0.0,7.16,1.0,1.5553982814571048,0.12782206682206682,3.56,2.059939393939394,0.0
CSO-16-11B-LLOZA,5.0,18.0,15.25925925925926,1.6296296296296295,0.0,0.0,0.0,0.0,8.962962962962964,1.0,1.666523915190926,0.09248379218002765,4.2592592592592595,2.305696772363439,0.0
CSO-16-11B-YAROMO,5.0,12.392857142857142,8.892857142857142,0.5357142857142857,0.0,0.0,0.0,0.0,5.607142857142857,1.0,1.4266159395913929,0.12880010211666557,3.25,1.8661693465264892,0.0
CSO-16-9A-JALEMO,5.0,16.058823529411764,11.941176470588236,1.0,0.0,0.0,0.0,0.0,6.411764705882353,1.0,1.4658811488396264,0.1009941398870714,3.8823529411764706,2.069421101774043,0.0
CSO-16-9A-JPROSO,5.0,13.666666666666666,10.428571428571429,0.14285714285714285,0.0,0.0,0.0,0.0,6.523809523809524,1.0,1.5262210012210013,0.12064007421150279,4.0,2.1514361300075584,0.0
CSO-16-9A-JSMAGU,5.0,14.8,10.85,0.3,0.0,0.25,0.0,0.0,7.05,1.0,1.4737574216289386,0.10347653722266725,4.25,2.204271284271284,0.0
CSO-16-9B-SJPAJI,5.0,21.428571428571427,22.571428571428573,3.2142857142857144,0.0,0.0,0.0,0.0,15.285714285714286,1.0,2.0797304023557284,0.09003449980050966,5.357142857142857,2.630557866982218,0.0
CSO-17-10A-YVGOCA,5.0,20.333333333333332,19.25,2.0833333333333335,0.0,0.0,0.0,0.0,13.083333333333334,1.0,1.850071066796172,0.09949256401404478,4.583333333333333,2.4832787539830883,0.0
CSO-17-10B-EHECO,5.0,13.521739130434783,10.869565217391305,0.7391304347826086,0.0,0.0,0.0,0.0,7.3478260869565215,1.0,1.611568901402661,0.12494469866592628,3.869565217391304,2.154425526164657,0.0
CSO-17-10B-YCQUVE,5.0,11.4,10.82857142857143,2.142857142857143,0.0,0.0,0.0,0.0,7.457142857142857,1.0,1.864121518071098,0.16170113266751923,3.942857142857143,2.1463727962047288,0.0
CSO-17-11A-DJAPA,5.0,15.666666666666666,14.958333333333334,1.6666666666666667,0.0,0.0,0.0,0.0,10.333333333333334,1.0,1.8804338023088023,0.12413538114069815,4.833333333333333,2.472273600582424,0.0
CSO-17-11A-JDAMO,5.0,13.478260869565217,12.521739130434783,0.9565217391304348,0.0,0.0,0.0,0.0,9.782608695652174,1.0,1.8221970342814333,0.15265705451127445,4.260869565217392,2.32190405502426,0.0
CSO-17-11A-NPAHE,5.0,17.862068965517242,15.137931034482758,0.41379310344827586,0.0,0.0,0.0,0.0,10.379310344827585,1.0,1.6795062647043004,0.09858838618638285,4.724137931034483,2.4633644586911374,0.0
CSO-17-11A-RLPAIG,5.0,11.621621621621621,8.783783783783784,0.6216216216216216,0.0,0.0,0.0,0.0,5.8108108108108105,1.0,1.508300395065101,0.15789212507478761,3.3783783783783785,1.9351780351780352,0.0
CSO-17-11A-SPUVA,5.0,14.266666666666667,14.466666666666667,3.6,0.0,0.0,0.0,0.0,8.2,1.0,1.9391948900772429,0.11499984764690648,4.4,2.2488215488215486,0.0
CSO-17-11B-CDBEBU,5.0,12.636363636363637,8.909090909090908,0.36363636363636365,0.0,0.0,0.0,0.0,5.545454545454546,1.0,1.4372245782324833,0.13960515846919253,3.272727272727273,1.8558441558441559,0.0
CSO-17-11C-JDAAG,5.0,12.75,8.285714285714286,0.07142857142857142,0.0,0.0,0.0,0.0,4.428571428571429,1.0,1.2695251177394036,0.11887237412447496,3.107142857142857,1.739965986394558,0.0
CSO-17-11C-MAPAMA,5.0,15.65,12.3,0.6,0.0,0.0,0.0,0.0,8.15,1.0,1.613064592356388,0.11236865516664278,4.75,2.4050006937506936,0.0
CSO-17-11C-MCAAG,5.0,12.542857142857143,9.485714285714286,0.5428571428571428,0.0,0.0,0.0,0.0,5.942857142857143,1.0,1.5314882288814562,0.13914235780137746,3.5428571428571427,1.9524420024420026,0.0
CSO-17-11C-SARJA,5.0,11.090909090909092,8.863636363636363,0.6363636363636364,0.0,0.0,0.0,0.0,6.0,1.0,1.574650728059819,0.1515729220274675,3.3181818181818183,1.921933621933622,0.0
CSO-18-11A-ADBAHO,5.0,15.947368421052632,12.263157894736842,0.47368421052631576,0.0,0.0,0.0,0.0,7.684210526315789,1.0,1.497284767176408,0.10174509013518301,4.578947368421052,2.3198880067301118,0.0
CSO-18-11B-YLLRE,5.0,16.344827586206897,14.448275862068966,1.0,0.0,0.0,0.0,0.0,10.03448275862069,1.0,1.804163458393735,0.1260914879962554,5.620689655172414,2.6782169383349053,0.0
CSO-18-9B-MAMOLO,5.0,12.666666666666666,9.622222222222222,0.3111111111111111,0.0,0.2222222222222222,0.0,0.0,6.222222222222222,1.0,1.5234481712913086,0.13048022057825978,3.7555555555555555,2.0330671797338464,0.0
CSO-8-3A-AIPRBR,5.0,16.72222222222222,14.555555555555555,0.9444444444444444,0.0,0.0,0.0,0.0,11.055555555555555,1.0,1.7394124871421053,0.10399831172534992,5.888888888888889,2.7840647007313675,0.0
CSO-8-3A-DAPAVA,5.0,13.290322580645162,13.0,1.8064516129032258,0.0,0.0,0.0,0.0,9.806451612903226,1.0,1.9251610396771688,0.13986702762044817,4.838709677419355,2.471447548866904,0.0
CSO-8-3A-KVPECO,5.0,8.31578947368421,7.105263157894737,1.3157894736842106,0.0,0.0,0.0,0.0,5.0,1.0,1.8615288220551378,0.22855536276588906,2.9473684210526314,1.760651629072682,0.0
CSO-8-4A-ARAGR,5.0,10.434782608695652,8.043478260869565,0.5652173913043478,0.0,0.0,0.0,0.0,5.434782608695652,1.0,1.5060287538548407,0.1592426896774723,3.347826086956522,1.8733609385783299,0.0
CSO-8-4A-JRAAR,5.0,10.434782608695652,8.217391304347826,0.9565217391304348,0.0,0.0,0.0,0.0,5.521739130434782,1.0,1.5819422123769948,0.15288938115025072,3.608695652173913,1.9456176673567978,0.0
CSO-9-2A-EXMOCO,5.0,11.285714285714286,10.392857142857142,1.5357142857142858,0.0,0.0,0.0,0.0,6.964285714285714,1.0,1.748152145473574,0.1601148268165075,3.75,2.047490208204494,0.0
CSO-9-4A-AGAPE,5.0,18.77777777777778,13.88888888888889,0.6666666666666666,0.0,0.0,0.0,0.0,8.11111111111111,1.0,1.468267449103811,0.08148237647497306,3.6666666666666665,2.1850088183421517,0.0
CSO-9-4A-DKVIMO,5.0,9.911764705882353,8.470588235294118,0.5,0.0,0.0,0.0,0.0,6.911764705882353,1.0,1.6789712498190008,0.20517700292786797,3.7058823529411766,2.060185566067919,0.0
CSO-9-4A-DSMOMU,5.0,7.537037037037037,4.703703703703703,0.037037037037037035,0.0,0.0,0.0,0.0,3.5925925925925926,1.0,1.2425049230604785,0.21265514321069875,2.1666666666666665,1.425132275132275,0.0
CSO-9-4A-DVGATO,5.0,13.210526315789474,10.157894736842104,0.3684210526315789,0.0,0.0,0.0,0.0,6.7368421052631575,1.0,1.5568822130741635,0.13693819080815983,3.8947368421052633,2.090445811498443,0.0
CSO-9-4A-EGCAMO,5.0,11.88,11.08,0.76,0.0,0.0,0.0,0.0,9.0,1.0,1.7972550325491503,0.16328503522621168,4.48,2.3331819291819293,0.0
CSO-9-4A-FAGIGA,5.0,11.157894736842104,8.68421052631579,0.7894736842105263,0.0,0.0,0.0,0.0,5.7368421052631575,1.0,1.539382547277284,0.1437375490007069,3.3157894736842106,1.879805574542417,0.0
CSO-9-4A-GSBRCO,5.0,12.25925925925926,11.444444444444445,1.1481481481481481,0.0,0.0,0.0,0.0,8.444444444444445,1.0,1.8404514210069765,0.15459735737513516,5.148148148148148,2.5182175848842516,0.0
CSO-9-4A-KEMOCO,5.0,13.384615384615385,12.076923076923077,1.3846153846153846,0.0,0.0,0.0,0.0,8.5,1.0,1.7981480563970442,0.14345993340099078,4.615384615384615,2.371210413518106,0.0
CSO-9-4A-LCOMO,5.0,13.75,12.5,1.95,0.0,0.25,0.0,0.0,7.75,1.0,1.7728059118384194,0.1597610316389762,4.15,2.2216228216228218,0.0
CSO-9-4A-MLORO,5.0,11.136363636363637,8.272727272727273,0.4090909090909091,0.0,0.0,0.0,0.0,5.5,1.0,1.4411120261669093,0.15190618361530267,3.227272727272727,1.8483733438278895,0.0
CSO-9-4A-MPAME,5.0,11.5,8.0,0.6875,0.0,0.0,0.0,0.0,4.625,1.0,1.3987476065601065,0.1470761877011877,2.6875,1.6830357142857144,0.0
CSO-9-4A-NSARPA,5.0,16.043478260869566,15.043478260869565,1.826086956521739,0.0,0.0,0.0,0.0,10.565217391304348,1.0,1.9239279124728041,0.11768506280217143,4.826086956521739,2.5421771465249727,0.0
CSO-9-4A-SLOCA,5.0,17.533333333333335,16.733333333333334,1.2666666666666666,0.0,0.0,0.0,0.0,11.733333333333333,1.0,1.8890541564844971,0.11327995192714536,5.333333333333333,2.6844173370489157,0.0
CSO-9-4A-YVDITR,5.0,9.095238095238095,8.047619047619047,0.8095238095238095,0.0,0.0,0.0,0.0,5.904761904761905,1.0,1.7868980226123083,0.21558943701800845,3.0952380952380953,1.857946815089672,0.0
