file,wc,nodes,edges,re,pe,l1,l2,l3,lcc,lsc,atd,density,diameter,asp,cc
CDMS-10-4A-JURAN,11.0,25.88888888888889,30.11111111111111,2.888888888888889,0.0,0.0,0.0,0.0,18.88888888888889,1.0,1.1591796338298088,0.04670173922547735,5.444444444444445,2.704324263818588,0.19926209340136314
CDMS-10-5A-HEPIHO,11.0,27.608695652173914,28.130434782608695,1.391304347826087,0.0,0.0,0.0,0.0,14.782608695652174,1.0,1.0125884308929058,0.039458295185150344,4.6521739130434785,2.397448905097983,0.3681573113226095
CDMS-10-5A-KSRAGU,11.0,30.5,30.0,3.5,0.0,0.0,0.0,0.0,15.75,1.0,0.9833333333333333,0.03333333333333333,4.5,2.377838827838828,0.15289321789321791
CDMS-10-5A-SROPU,11.0,33.75,41.75,2.75,0.0,0.0,0.0,0.0,25.5,1.0,1.2366310160427807,0.037753453654188945,7.0,2.965940170940171,0.4055266955266955
CDMS-10-5A-SZURO,11.0,24.466666666666665,35.266666666666666,4.466666666666667,0.0,0.13333333333333333,0.0,0.0,19.266666666666666,1.0,1.4495452184302116,0.06353455127884891,5.533333333333333,2.7440472272028336,0.3549030622088593
CDMS-10-5B-SRAJA,11.0,35.0,41.0,3.0,0.0,1.0,0.0,0.0,28.0,1.0,1.1723856209150325,0.03454078601137425,6.0,3.3472871317698907,0.16926351638995318
CDMS-10-5C-DAAUSA,11.0,32.92307692307692,50.46153846153846,8.461538461538462,0.0,0.5384615384615384,0.0,0.0,23.53846153846154,1.0,1.5335891114472706,0.048137159593516325,4.461538461538462,2.3778066285582566,0.4675307091849508
CDMS-10-5C-ICAPA,11.0,17.428571428571427,26.428571428571427,2.7142857142857144,0.0,0.0,0.0,0.0,15.571428571428571,1.0,1.5071237585943467,0.0929030942520549,4.714285714285714,2.22012987012987,0.5886419929277072
CDMS-10-5C-JFALGI,11.0,22.666666666666668,23.833333333333332,1.6666666666666667,0.0,0.0,0.0,0.0,13.666666666666666,1.0,1.0500396825396825,0.04862475688562645,4.0,2.144140500022853,0.41559155713567475
CDMS-10-5C-MAORTO,11.0,27.0,33.88235294117647,5.0588235294117645,0.0,0.23529411764705882,0.0,0.0,21.529411764705884,1.0,1.2703862173947034,0.05129708799332625,6.470588235294118,2.9238961304919036,0.1751857266109219
CDMS-10-5C-NBEMO,11.0,43.22222222222222,55.0,4.666666666666667,0.0,0.0,0.0,0.0,27.555555555555557,1.0,1.2690031195042164,0.030054183900913252,5.777777777777778,2.7141247610961545,0.3870502907343505
CDMS-10-6B-ASCACO,11.0,24.818181818181817,37.54545454545455,7.636363636363637,0.0,0.0,0.0,0.0,21.0,1.0,1.5127066141295389,0.06377471086957252,5.909090909090909,2.7808283186225893,0.29071262068128245
CDMS-10-6B-JJMOBE,11.0,24.76923076923077,27.615384615384617,1.3846153846153846,0.0,0.0,0.0,0.0,15.384615384615385,1.0,1.1143889889374838,0.046982248520710056,5.153846153846154,2.5078120134740756,0.364952236301282
CDMS-11-4A-GACHSA,11.0,23.11111111111111,35.96296296296296,6.777777777777778,0.0,0.0,0.0,0.0,18.11111111111111,1.0,1.5396244458373889,0.07348075898630943,4.518518518518518,2.3638969073566667,0.49314586976290575
CDMS-11-5A-EAARCA,11.0,26.2,41.4,9.6,0.0,0.0,0.0,0.0,21.8,1.0,1.5802479614893408,0.06299331896933096,4.4,2.512814645308924,0.4784222009874184
CDMS-11-5A-MGTHAR,11.0,26.6,49.3,11.0,0.0,0.1,0.0,0.0,24.9,1.0,1.8552692448037278,0.07291360424793708,4.8,2.415835027596647,0.47847654568083425
CDMS-11-6A-DFVEBE,11.0,29.1,42.6,8.9,0.0,0.0,0.0,0.0,23.6,1.0,1.4626927813565744,0.05218338956186565,4.5,2.5661016070123623,0.37804701437038013
CDMS-11-6A-NMREPR,11.0,25.785714285714285,37.785714285714285,8.357142857142858,0.0,0.0,0.0,0.0,20.5,1.0,1.465152625152625,0.059200376917768215,4.714285714285714,2.423643138318734,0.3348495604085348
CDMS-11-6B-ARAHE,11.0,27.333333333333332,31.733333333333334,3.066666666666667,0.0,0.13333333333333333,0.0,0.0,13.133333333333333,1.0,1.1428035222638622,0.044422037121907475,4.933333333333334,2.435464573316236,0.4096077060799283
CDMS-11-6B-AVROTO,11.0,18.571428571428573,24.714285714285715,5.142857142857143,0.0,0.0,0.0,0.0,12.714285714285714,1.0,1.3392857142857142,0.07862784790029373,4.142857142857143,2.244225615654187,0.3921064876166917
CDMS-11-6B-EAFESA,11.0,34.05263157894737,47.05263157894737,9.894736842105264,0.0,0.5263157894736842,0.0,0.0,23.68421052631579,1.0,1.3702696406980208,0.04155042540836971,5.526315789473684,2.6999563106629423,0.27770538309767373
CDMS-11-6B-EFRGR,11.0,35.77777777777778,54.55555555555556,9.333333333333334,0.0,0.0,0.0,0.0,28.77777777777778,1.0,1.5215290349915336,0.04387663531609735,6.111111111111111,2.820840077589821,0.3778281825140457
CDMS-11-6B-EROCO,11.0,17.076923076923077,28.307692307692307,3.6923076923076925,0.0,0.0,0.0,0.0,16.307692307692307,1.0,1.653079578660074,0.10359552727973781,4.153846153846154,2.11982247066791,0.6528753893430006
CDMS-11-6B-JACUPE,11.0,31.923076923076923,45.53846153846154,10.153846153846153,0.0,1.5384615384615385,0.0,0.0,26.307692307692307,1.0,1.4172636648194457,0.04640580604605489,6.0,2.8193162758785615,0.247710229276181
CDMS-11-6B-JDCHBA,11.0,29.96,36.32,3.32,0.0,0.0,0.0,0.0,20.84,1.0,1.2173818427384449,0.04346051511305702,4.84,2.5079553326133466,0.39060189654429317
CDMS-11-6B-JFSAHE,11.0,21.736842105263158,22.36842105263158,2.0526315789473686,0.0,0.0,0.0,0.0,12.526315789473685,1.0,1.0368412994859142,0.05177604673931303,4.421052631578948,2.3755097241939347,0.41400352936537144
CDMS-11-6B-JLPENA,11.0,22.333333333333332,23.61111111111111,3.611111111111111,0.0,0.0,0.0,0.0,12.222222222222221,1.0,1.0647882618789053,0.050981325717307825,4.0,2.2467875222979092,0.32554851115995825
CDMS-11-6B-JMARME,11.0,32.4,45.2,6.25,0.0,0.0,0.0,0.0,24.4,1.0,1.3878173343633535,0.045213724453452314,6.25,2.8297089579275836,0.31548141281652
CDMS-11-6B-JPSAMA,11.0,30.9,39.0,4.1,0.0,0.0,0.0,0.0,21.3,1.0,1.2654985776290495,0.04259251391031801,5.2,2.518116177640878,0.4620266856836235
CDMS-11-6B-LESTA,11.0,26.142857142857142,34.857142857142854,4.428571428571429,0.0,0.0,0.0,0.0,21.142857142857142,1.0,1.328203402223535,0.05299303419029271,5.571428571428571,2.688047015192757,0.3814956102985961
CDMS-11-6B-MAGIMU,11.0,27.375,38.5,5.875,0.0,0.0,0.0,0.0,23.25,1.0,1.4204309145618934,0.05505659837806517,6.625,3.1754790489301357,0.4368758195307108
CDMS-11-6B-MEBRTA,11.0,16.75,19.125,2.75,0.0,0.0,0.0,0.0,10.0,1.0,1.1568598213576928,0.07682073419786267,3.625,2.094823232323232,0.41326073232323235
CDMS-11-6B-MMAMO,11.0,39.5,51.666666666666664,9.333333333333334,0.0,0.0,0.0,0.0,22.0,1.0,1.3059191325718926,0.033900140142117036,5.166666666666667,2.7198326040431304,0.42633100638872645
CDMS-11-6B-RSECA,11.0,29.46153846153846,34.76923076923077,1.6153846153846154,0.0,0.0,0.0,0.0,23.46153846153846,1.0,1.1773438401914487,0.04138574079106294,5.384615384615385,2.7808812960033227,0.43719426037637177
CDMS-11-6B-SCAPA,11.0,25.444444444444443,24.333333333333332,2.5555555555555554,0.0,0.0,0.0,0.0,10.555555555555555,1.0,0.9538746438746438,0.03925722493521927,4.444444444444445,2.186475869809203,0.1685065448954338
CDMS-11-6B-VZAPE,11.0,31.5,47.25,9.0,0.0,0.0,0.0,0.0,22.5,1.0,1.4987445014662757,0.049162895641622004,4.25,2.495916149068323,0.42031376262626263
CDMS-11-6B-YLNIME,11.0,32.0,39.333333333333336,6.666666666666667,0.0,0.0,0.0,0.0,19.333333333333332,1.0,1.2287257856217921,0.039861348735951596,5.222222222222222,2.550212700864426,0.35504745453618863
CDMS-11-7C-ICARE,11.0,26.555555555555557,29.11111111111111,4.0,0.0,0.0,0.0,0.0,18.333333333333332,1.0,1.1014747272026966,0.043785026586126034,5.555555555555555,2.8536680754173016,0.21061830124625258
CDMS-11-7C-IMOIB,11.0,31.0,38.0,2.4,0.0,0.06666666666666667,0.0,0.0,21.6,1.0,1.2298099918798842,0.04140064235527059,6.066666666666666,2.7755343156716155,0.39890780235825407
CDMS-11-7C-SALMA,11.0,30.454545454545453,55.72727272727273,12.909090909090908,0.0,0.0,0.0,0.0,25.454545454545453,1.0,1.809179583857003,0.061345999674564396,6.818181818181818,2.970808300553296,0.3793160175674232
CDMS-11-7C-SPGAVE,11.0,21.923076923076923,19.615384615384617,2.6923076923076925,0.0,0.0,0.0,0.0,8.846153846153847,1.0,0.8950972940103376,0.0429444506675628,2.6923076923076925,1.876819761435146,0.28980698788391096
CDMS-12-5A-SRIGO,11.0,34.733333333333334,44.86666666666667,6.6,0.0,0.6666666666666666,0.0,0.0,21.533333333333335,1.0,1.2881516235096582,0.03849822932689631,4.933333333333334,2.6570786914424307,0.42486553157309337
CDMS-12-6A-FAROPA,11.0,37.4,56.4,15.0,0.0,0.0,0.0,0.0,22.4,1.0,1.5117464114832537,0.041831204594362494,5.2,2.558281078189545,0.2823419271769074
CDMS-12-6A-JGIGA,11.0,25.8,35.2,4.5,0.0,0.6,0.0,0.0,19.1,1.0,1.3670980449945966,0.05542377376635248,4.8,2.4247412649270235,0.4634175355415957
CDMS-12-6A-JSOTGU,11.0,25.529411764705884,37.0,8.058823529411764,0.058823529411764705,0.23529411764705882,0.058823529411764705,0.0,19.58823529411765,1.0588235294117647,1.4372348067378495,0.05909667331002829,4.529411764705882,2.416789443629609,0.4415674068525441
CDMS-12-6A-SROAL,11.0,25.608695652173914,34.130434782608695,4.478260869565218,0.0,0.391304347826087,0.0,0.0,18.956521739130434,1.0,1.3298484660120147,0.05450276507443576,6.0,2.8296728540301026,0.4694831425252441
CDMS-12-6B-IJDAGA,11.0,25.166666666666668,29.916666666666668,2.1666666666666665,0.0,0.0,0.0,0.0,15.583333333333334,1.0,1.1766011470241804,0.04970779862509508,5.583333333333333,2.772678475577026,0.2823346560846561
CDMS-12-6B-SCLAG,11.0,30.0,40.22222222222222,5.111111111111111,0.0,0.7777777777777778,0.0,0.0,23.22222222222222,1.0,1.319696340938171,0.04532832858841423,6.222222222222222,2.9925503693616924,0.3397152995013171
CDMS-12-7C-ARAHE,11.0,30.5,40.25,5.75,0.0,0.0,0.0,0.0,17.75,1.0,1.3193305437378713,0.04492876885813482,5.75,2.5688898906391167,0.4981972871994802
CDMS-12-7C-CATRAR,11.0,29.0,42.5,7.777777777777778,0.0,0.0,0.0,0.0,22.27777777777778,1.0,1.504752105368672,0.05622609509550072,5.888888888888889,2.777978662326843,0.38700950297550774
CDMS-12-7C-DLOLO,11.0,27.0,46.2,16.6,0.0,0.0,0.0,0.0,20.4,1.0,1.708218039942178,0.06577300604886811,5.6,2.7460010251933795,0.3212552857770249
CDMS-12-7C-JSZAOR,11.0,16.272727272727273,17.90909090909091,0.2727272727272727,0.0,0.0,0.0,0.0,15.181818181818182,1.0,1.1104591486944428,0.07444222444222444,4.181818181818182,2.241558664152247,0.2812603755919264
CDMS-12-7C-MAROBE,11.0,39.666666666666664,46.333333333333336,3.6666666666666665,0.0,0.0,0.0,0.0,26.0,1.0,1.168152454780362,0.03038234375443678,5.333333333333333,2.628195631528965,0.3384740650296206
CDMS-12-7C-VMAPA,11.0,25.666666666666668,36.333333333333336,4.666666666666667,0.0,0.0,0.0,0.0,22.333333333333332,1.0,1.4172602089268755,0.0576784755770263,5.666666666666667,2.6266390614216704,0.29597047660288767
CDMS-12-7C-VQURA,11.0,22.216216216216218,26.10810810810811,3.108108108108108,0.0,0.24324324324324326,0.0,0.0,14.108108108108109,1.0,1.1889592836604548,0.058355521120698126,5.108108108108108,2.5275045525045523,0.37261453071105877
CDMS-13-6B-ASUMO,11.0,20.125,22.625,1.75,0.0,0.0,0.0,0.0,12.25,1.0,1.115730727316237,0.058483775071640196,3.125,1.9217855877782348,0.5149838315279491
CDMS-13-6B-JDTAHE,11.0,20.333333333333332,25.11111111111111,1.6666666666666667,0.0,0.0,0.0,0.0,17.444444444444443,1.0,1.2374277028167189,0.06477778916981142,6.0,2.7804102860217412,0.3192312802313908
CDMS-13-7C-MVEAR,11.0,32.3125,48.4375,9.6875,0.1875,1.0625,0.1875,0.0,29.25,1.1875,1.4967953326384853,0.04861946842779036,5.5,2.6722940846102827,0.32123687013618585
CDMS-13-7C-RAIZAC,11.0,23.6,28.8,2.6,0.0,0.8,0.0,0.0,18.0,1.0,1.2160216594999205,0.053899289116680425,5.4,2.5885392402575063,0.3410683114996841
CDMS-13-7C-SSOSLO,11.0,35.68421052631579,53.31578947368421,10.473684210526315,0.631578947368421,1.736842105263158,0.42105263157894735,0.0,23.842105263157894,1.4210526315789473,1.5041191528800912,0.04401100768961029,4.473684210526316,2.4830522217896784,0.4674293960126097
CDMS-14-10A-IMORTO,11.0,22.583333333333332,31.583333333333332,5.583333333333333,0.0,1.0,0.0,0.0,14.166666666666666,1.0,1.3940098709663928,0.0653112593996293,3.75,2.0377824925619046,0.5023461147603304
CDMS-14-10A-JCVANI,11.0,27.708333333333332,27.75,2.5416666666666665,0.0,0.0,0.0,0.0,12.541666666666666,1.0,1.0017351572039073,0.03767865987513976,4.666666666666667,2.354962188224572,0.27315248508435214
CDMS-14-5A-LSDUCO,11.0,35.0,58.0,12.0,0.0,1.0,0.0,0.0,23.0,1.0,1.6571428571428573,0.04873949579831933,5.0,2.308300395256917,0.5574440052700922
CDMS-14-6B-KDCAHE,11.0,33.8,36.266666666666666,2.8666666666666667,0.0,0.0,0.0,0.0,16.733333333333334,1.0,1.0745528922266405,0.032973246204670355,5.266666666666667,2.7803061575507395,0.3764830131582798
CDMS-15-10A-AMALOS,11.0,32.25,41.95,5.25,0.25,1.6,0.25,0.0,24.15,1.25,1.3055530341361004,0.042543912696647763,5.15,2.61422372787819,0.3876855508715552
CDMS-15-10A-JJMACH,11.0,50.2,61.86666666666667,2.933333333333333,0.0,0.0,0.0,0.0,37.13333333333333,1.0,1.2361631615835187,0.025345643187205488,7.333333333333333,3.2740397717466787,0.4116490849381681
CDMS-15-10A-MAALCA,11.0,32.63636363636363,36.63636363636363,5.818181818181818,0.0,0.8181818181818182,0.0,0.0,19.636363636363637,1.0,1.111256652165743,0.035096043978387996,4.7272727272727275,2.5551691404855905,0.2082358452880783
CDMS-15-10A-MAALRI,11.0,31.5,40.583333333333336,4.333333333333333,0.0,0.0,0.0,0.0,17.416666666666668,1.0,1.2879997129290326,0.04254821750837886,4.0,2.2655939276295314,0.5243867497749292
CDMS-15-10A-SGOMO,11.0,26.0,33.30769230769231,1.1538461538461537,0.0,0.0,0.0,0.0,19.23076923076923,1.0,1.2911106925720668,0.05444358550360459,5.461538461538462,2.699358737824159,0.4263461562501281
CDMS-15-10A-SHEGA,11.0,36.5,44.8,4.6,0.7,0.0,0.7,0.0,21.0,1.7,1.2286863612473369,0.034740834192242484,5.0,2.842721346942783,0.4663852668696122
CDMS-15-11B-JEMOLO,11.0,37.61764705882353,55.76470588235294,11.411764705882353,0.0,0.0,0.0,0.0,29.441176470588236,1.0,1.4604270202169176,0.04095664705468038,6.029411764705882,2.822301264869283,0.32985876442223266
CDMS-15-11B-VSAHO,11.0,32.42857142857143,42.0,3.2857142857142856,0.0,0.14285714285714285,0.0,0.0,25.285714285714285,1.0,1.3022264544548077,0.04211684520158504,5.142857142857143,2.6193241380197905,0.4205410514535034
CDMS-16-10A-SGALO,11.0,27.5625,26.5625,1.1875,0.0,0.0,0.0,0.0,12.875,1.0,0.9840265870409569,0.0387736434489467,4.6875,2.4744975279708252,0.36026270045958514
CDMS-16-11B-NGABE,11.0,37.54545454545455,54.36363636363637,8.090909090909092,0.0,0.5454545454545454,0.0,0.0,27.272727272727273,1.0,1.448057448402276,0.040979980047569316,4.545454545454546,2.414022206733523,0.5053829073758899
CDMS-17-10A-ASSAMO,11.0,36.0,32.333333333333336,1.0,0.0,0.0,0.0,0.0,16.0,1.0,0.8991841491841491,0.025847179136652822,5.0,2.6450657185951303,0.07575252323151482
CDMS-18-7C-VVECA,11.0,26.076923076923077,30.0,5.153846153846154,0.0,0.6923076923076923,0.0,0.0,15.538461538461538,1.0,1.1620326893537465,0.047878209681483146,4.615384615384615,2.313081438420805,0.34438664747771086
CDMS-8-4A-DBEVA,11.0,20.333333333333332,28.466666666666665,5.666666666666667,0.0,0.0,0.0,0.0,15.666666666666666,1.0,1.3877835497835498,0.07207344564620106,5.266666666666667,2.502935638492914,0.3094502841097453
CDMS-8-4A-DJAVDA,11.0,22.4,24.6,2.2,0.0,0.0,0.0,0.0,10.3,1.0,1.1022145096283027,0.052386994131095765,3.5,1.992110667110667,0.28817460317460314
CDMS-8-4A-DOSTR,11.0,26.151515151515152,33.27272727272727,4.636363636363637,0.0,0.12121212121212122,0.0,0.0,17.757575757575758,1.0,1.2820040807964566,0.05287758786084964,4.575757575757576,2.379661292966277,0.4013096686190742
CDMS-8-4A-LGOPA,11.0,23.0,34.22222222222222,6.944444444444445,0.0,0.0,0.0,0.0,15.88888888888889,1.0,1.4970513053350583,0.06905632485151936,5.0,2.582477927988764,0.47607690046870615
CDMS-8-4C-JDBUTU,11.0,22.625,27.5625,4.0625,0.0,0.0,0.0,0.0,14.8125,1.0,1.220203351346086,0.05732401015699575,4.75,2.51387934981685,0.2892242077119309
CDMS-9-4A-ACDUTR,11.0,28.5,31.6,4.9,0.0,0.0,0.0,0.0,15.5,1.0,1.1097276605897295,0.04046844343396068,4.0,2.257848627980207,0.3843257354244196
CDMS-9-4A-CARGA,11.0,31.22222222222222,46.666666666666664,11.444444444444445,0.8888888888888888,0.1111111111111111,0.5555555555555556,0.0,20.444444444444443,1.5555555555555556,1.4956543559435662,0.04961758054082859,4.666666666666667,2.7620599099838867,0.23902974010116868
CDMS-9-4A-CRAAG,11.0,22.428571428571427,34.92857142857143,6.928571428571429,0.0,0.5,0.0,0.0,19.0,1.0,1.570237767269477,0.07576325383990326,5.714285714285714,2.5261193880612955,0.44780512826081387
CDMS-9-4A-EROHI,11.0,27.285714285714285,39.142857142857146,3.9285714285714284,0.21428571428571427,0.21428571428571427,0.21428571428571427,0.0,20.857142857142858,1.2142857142857142,1.4192854196484526,0.05373121888542749,5.071428571428571,2.528552989612103,0.6778498836178287
CDMS-9-4A-ILOSE,11.0,37.333333333333336,57.5,6.0,0.0,0.0,0.0,0.0,35.333333333333336,1.0,1.5398576714366188,0.04241162793794373,7.0,3.1381811528870354,0.3954558706017623
CDMS-9-4A-TGAFR,11.0,18.666666666666668,24.466666666666665,2.8666666666666667,0.0,0.3333333333333333,0.0,0.0,15.066666666666666,1.0,1.2957360051942097,0.07412620895155557,4.333333333333333,2.305198466251098,0.41684348730600723
CDMS-9-4C-SCAMO,11.0,31.5,32.166666666666664,3.3333333333333335,0.0,0.0,0.0,0.0,19.0,1.0,1.0226563961277368,0.03368900809725583,5.833333333333333,2.7677513519618784,0.180907504687409
CDMS-9-5A-ABERO,11.0,26.88888888888889,34.55555555555556,4.666666666666667,0.0,0.0,0.0,0.0,19.333333333333332,1.0,1.276364153088291,0.04930477001358227,5.111111111111111,2.6293219615124386,0.37189854875062595
CDMS-9-5A-PAGACO,11.0,25.083333333333332,33.416666666666664,5.0,0.0,0.0,0.0,0.0,17.083333333333332,1.0,1.3308070626367727,0.05534505215664636,5.416666666666667,2.7055487669651757,0.4137269452349432
CDMS-9-5A-VVAAR,11.0,22.3,26.9,3.1,0.0,0.0,0.0,0.0,14.5,1.0,1.2140659702616223,0.0575956937799043,4.4,2.4407334332334334,0.4481886298225584
CDMS-9-5C-JDMADE,11.0,26.0,26.5,3.0,0.0,0.0,0.0,0.0,18.0,1.0,1.0185185185185186,0.040776353276353275,5.0,2.7354016167870654,0.18443646996278573
CDMS-9-5C-LVIZAC,11.0,22.235294117647058,22.11764705882353,1.6470588235294117,0.0,0.17647058823529413,0.0,0.0,9.588235294117647,1.0,0.9959799170931222,0.04764371680550724,4.0588235294117645,2.16355148119854,0.15784695696460402
CDMS-9-5C-MLOGO,11.0,23.57894736842105,32.89473684210526,5.2105263157894735,0.0,0.0,0.0,0.0,17.157894736842106,1.0,1.3887677895012593,0.06180584638551638,4.842105263157895,2.402774282321363,0.35658378648717265
CDMS-9-5C-SCAAG,11.0,25.2,35.7,4.0,0.0,0.0,0.0,0.0,20.3,1.0,1.4048027649234547,0.05838245565307034,5.9,2.8907240678885584,0.4549395297402544
CDMS-XX-10A-VGILO,11.0,34.285714285714285,49.714285714285715,5.285714285714286,0.0,0.42857142857142855,0.0,0.0,31.142857142857142,1.0,1.4525913395661294,0.04376242921410989,5.428571428571429,2.7273443986756396,0.4931455182934696
CDMS-XX-5C-MJSARU,11.0,27.46153846153846,30.923076923076923,2.3076923076923075,0.0,0.0,0.0,0.0,16.307692307692307,1.0,1.122995418472872,0.0429132048312362,4.923076923076923,2.4305247813761746,0.3535681937063399
CDMS-XX-5C-MPCAQU,11.0,20.636363636363637,31.727272727272727,3.6363636363636362,0.0,0.0,0.0,0.0,19.636363636363637,1.0,1.5393015416730833,0.07886626481445312,4.2727272727272725,2.400918557940793,0.3841368020746279
CDMS-XX-6A-MAGICA,11.0,27.146341463414632,33.073170731707314,2.707317073170732,0.0,0.0,0.0,0.0,20.878048780487806,1.0,1.2200920647323041,0.04830502900931778,6.219512195121951,3.044027309471011,0.3370174781641276
CDMS-XX-6B-SPUCA,11.0,27.05,30.9,3.65,0.0,0.1,0.0,0.0,18.3,1.0,1.127011274803319,0.04361407966099898,6.2,2.813830542791439,0.2974046817793642
CSO-10-4A-ICAPA,11.0,31.272727272727273,48.54545454545455,11.090909090909092,0.0,0.0,0.0,0.0,22.636363636363637,1.0,1.5552358720310857,0.051679381754427996,5.2727272727272725,2.692830388297416,0.4536240314296369
CSO-10-4A-KCOMO,11.0,26.583333333333332,44.083333333333336,7.333333333333333,0.0,0.0,0.0,0.0,23.208333333333332,1.0,1.654616413684692,0.06567981991627657,4.666666666666667,2.390463552536398,0.523621182831399
CSO-10-4A-LRAVI,11.0,25.0,35.5,3.125,0.0,0.0,0.0,0.0,20.125,1.0,1.4173592530657748,0.05917597800749975,4.0,2.2373934775179056,0.4658226356544122
CSO-10-4A-LSCAVA,11.0,22.875,20.5625,0.625,0.0,0.0,0.0,0.0,9.625,1.0,0.8865926416481557,0.042603158525905356,3.125,1.9041791541791542,0.48093820861678005
CSO-10-5A-ACAVA,11.0,24.833333333333332,29.0,0.8888888888888888,0.0,0.0,0.0,0.0,17.22222222222222,1.0,1.168938920729692,0.049937009839901535,4.944444444444445,2.361774171152396,0.544583147416057
CSO-10-5A-ARACA,11.0,20.6,21.35,2.95,0.0,0.0,0.0,0.0,11.65,1.0,1.0283406029864504,0.053235110022665545,3.75,2.1420435120435117,0.14695040145040145
CSO-10-5A-DABRZA,11.0,29.0,36.72222222222222,5.5,0.0,0.0,0.0,0.0,17.72222222222222,1.0,1.26654219249333,0.0458828548394854,5.777777777777778,2.7765431233322833,0.369588051403066
CSO-10-5A-GZAMA,11.0,32.92857142857143,52.785714285714285,10.642857142857142,0.0,0.6428571428571429,0.0,0.0,26.357142857142858,1.0,1.6022667913695294,0.05032215337511956,5.5,2.685610523288965,0.3807474011449296
CSO-10-5A-IPECA,11.0,43.0,67.6,15.0,0.0,0.2,0.0,0.0,35.0,1.0,1.5742561749084722,0.03760982730636729,6.8,2.9080890554419967,0.3810369507861768
CSO-10-5A-JANORO,11.0,23.615384615384617,30.307692307692307,2.230769230769231,0.0,0.07692307692307693,0.0,0.0,19.307692307692307,1.0,1.2868126076821729,0.05718759501368197,5.0,2.5987790932837376,0.34406975835768405
CSO-10-5A-JBUVE,11.0,30.625,31.125,0.75,0.0,0.0,0.0,0.0,15.25,1.0,1.0178908465815795,0.034529588786054305,5.0,2.7095064163562617,0.17978513880299596
CSO-10-5A-JJSEMO,11.0,21.416666666666668,26.75,5.083333333333333,0.0,0.5,0.0,0.0,13.166666666666666,1.0,1.2487072850659808,0.06226660712594217,3.8333333333333335,2.25552320772909,0.2891521031111659
CSO-10-5A-JLCARI,11.0,23.77777777777778,29.77777777777778,1.1111111111111112,0.0,0.0,0.0,0.0,19.333333333333332,1.0,1.2560925525693143,0.0563017117289001,5.888888888888889,2.7850430729687696,0.41753630390126933
CSO-10-5A-MAARAN,11.0,37.7,58.3,9.9,0.0,0.0,0.0,0.0,29.8,1.0,1.5484501607720478,0.04257755236061639,7.1,2.8905728154566734,0.3579831173249654
CSO-10-5A-MAOSMO,11.0,23.074074074074073,23.296296296296298,1.6296296296296295,0.0,0.0,0.0,0.0,12.444444444444445,1.0,1.0091509937486949,0.04999174280144906,4.444444444444445,2.2506331858843036,0.4071007665475862
CSO-10-5A-RVMOIB,11.0,31.375,41.4375,3.4375,0.0,0.1875,0.0,0.0,23.9375,1.0,1.321730172549225,0.04366614614850502,6.4375,2.9285846275693292,0.41830744780271933
CSO-10-5A-SVHEES,11.0,29.25,45.4375,7.9375,0.0,0.0,0.0,0.0,21.0,1.0,1.5677909378904766,0.05779563138175444,4.4375,2.3036454005445877,0.46087547766173526
CSO-11-5A-MDVOSPE,11.0,28.133333333333333,38.4,5.733333333333333,0.0,0.0,0.0,0.0,19.866666666666667,1.0,1.3649160658619315,0.05074886428672439,4.0,2.395933911090729,0.373784899802156
CSO-11-5A-MTAGA,11.0,26.4375,26.9375,1.625,0.0,0.0,0.0,0.0,15.0625,1.0,1.0044375007937592,0.039579211660453244,4.6875,2.5767210883129077,0.40113796640826255
CSO-11-6A-CAPAMU,11.0,28.347826086956523,30.52173913043478,1.7391304347826086,0.0,0.0,0.0,0.0,15.304347826086957,1.0,1.0729080520958352,0.03989134812069104,4.913043478260869,2.456507515792135,0.3527220268260353
CSO-11-6A-DSCACH,11.0,22.4,23.6,1.8,0.0,0.3,0.0,0.0,13.2,1.0,1.050932400932401,0.049769274204056815,4.3,2.258693806193806,0.3642195304695305
CSO-11-6A-EROMO,11.0,26.2,33.733333333333334,2.466666666666667,0.0,0.0,0.0,0.0,18.6,1.0,1.2910495006871818,0.051745054896978934,5.333333333333333,2.5883316570807486,0.45598721267748005
CSO-11-6A-FSOVRE,11.0,23.423076923076923,27.115384615384617,1.5,0.0,0.0,0.0,0.0,15.923076923076923,1.0,1.1550903967754254,0.0523768827803497,4.230769230769231,2.423038395198951,0.43709376963293955
CSO-11-6B-ANREVA,11.0,38.666666666666664,47.333333333333336,4.666666666666667,0.0,0.0,0.0,0.0,26.22222222222222,1.0,1.2248739358495455,0.03267309236563434,7.111111111111111,3.145269792821437,0.3423447267550305
CSO-11-6B-DISEMO,11.0,25.5,33.25,5.625,0.0,0.0,0.0,0.0,16.5,1.0,1.3042110385588646,0.05365045180262572,3.625,2.2111072954822952,0.35783807841318344
CSO-11-6B-LHFDLACH,11.0,28.294117647058822,29.294117647058822,2.176470588235294,0.0,0.0,0.0,0.0,14.294117647058824,1.0,1.027710745202419,0.03936899516443935,4.294117647058823,2.266379619828544,0.3939101109654958
CSO-11-6B-RJGIHE,11.0,21.166666666666668,18.833333333333332,1.9444444444444444,0.0,0.05555555555555555,0.0,0.0,10.11111111111111,1.0,0.8825799090384573,0.044577894903832294,3.5,2.0994568702902034,0.18061883589661368
CSO-11-6B-SFLVA,11.0,27.857142857142858,47.142857142857146,5.142857142857143,0.0,0.0,0.0,0.0,23.571428571428573,1.0,1.6905782413171575,0.06301693562777307,4.285714285714286,2.3390311381256135,0.4850243807988169
CSO-11-6B-VCOMA,11.0,26.181818181818183,31.181818181818183,5.454545454545454,0.0,0.0,0.0,0.0,15.454545454545455,1.0,1.1772136709819994,0.04698033591065814,4.454545454545454,2.206786155850021,0.3360221199414043
CSO-12-6A-DGISE,11.0,20.555555555555557,22.555555555555557,1.7777777777777777,0.0,0.0,0.0,0.0,13.88888888888889,1.0,1.1056898232561174,0.05759454507211047,5.777777777777778,2.8071999170038384,0.36275376312141017
CSO-12-6A-FJOVRE,11.0,27.533333333333335,31.466666666666665,1.4666666666666666,0.0,0.0,0.0,0.0,19.866666666666667,1.0,1.162021202375352,0.04548849140574245,5.4,2.5756134475147805,0.4134588216636384
CSO-12-6B-GQULO,11.0,30.818181818181817,38.0,3.909090909090909,0.0,0.6363636363636364,0.0,0.0,17.0,1.0,1.2401533160457217,0.042047465292990624,4.181818181818182,2.4409262048580938,0.479076587831932
CSO-12-6B-LJHEFE,11.0,50.2,54.2,4.6,0.0,0.0,0.0,0.0,29.2,1.0,1.080476969838672,0.022075232271673476,7.6,3.1698483538667075,0.3115093823634709
CSO-12-6B-VPAMA,11.0,19.333333333333332,26.5,8.833333333333334,0.0,0.0,0.0,0.0,9.666666666666666,1.0,1.3724203322315451,0.07604471035114459,3.8333333333333335,2.0374699374699374,0.45679012345679015
CSO-12-7A-DALRE,11.0,26.63157894736842,37.578947368421055,5.7368421052631575,0.0,0.0,0.0,0.0,21.42105263157895,1.0,1.405224199682358,0.05940731252230908,5.7894736842105265,2.5828143365069423,0.3267504386127613
CSO-12-7A-ESALA,11.0,16.294117647058822,16.11764705882353,2.176470588235294,0.0,0.0,0.0,0.0,7.176470588235294,1.0,1.0106066503762734,0.06883450530327237,3.0,1.853828197945845,0.2738110799875506
CSO-12-7A-IMERO,11.0,20.022222222222222,22.355555555555554,2.6222222222222222,0.0,0.0,0.0,0.0,12.0,1.0,1.133385097621087,0.06377649348286939,3.9555555555555557,2.2469833724735686,0.4383784913487684
CSO-12-7A-JHEZA,11.0,21.0,17.833333333333332,1.5555555555555556,0.0,0.0,0.0,0.0,8.166666666666666,1.0,0.845660363028784,0.04249204472641902,3.5,1.994178969178969,0.22104477312810647
CSO-12-7A-LSARAR,11.0,22.09090909090909,34.18181818181818,4.363636363636363,0.0,0.0,0.0,0.0,17.363636363636363,1.0,1.5424434063959758,0.07374672758071968,4.636363636363637,2.412879173708051,0.4861459744842545
CSO-12-7A-SCAHO,11.0,27.0,29.416666666666668,3.8333333333333335,0.0,0.0,0.0,0.0,12.458333333333334,1.0,1.0639816713683494,0.041832687765448066,4.708333333333333,2.31422422815191,0.3891990985720514
CSO-12-7B-DVAGRO,11.0,18.823529411764707,22.41176470588235,4.0588235294117645,0.0,1.1764705882352942,0.0,0.0,10.294117647058824,1.0,1.2011842673983488,0.07001497006693257,4.764705882352941,2.316742081447964,0.3356184136436237
CSO-12-7B-SMUGU,11.0,19.416666666666668,26.416666666666668,3.9166666666666665,0.0,0.5,0.0,0.0,16.166666666666668,1.0,1.3597813979392928,0.07406506462234015,4.083333333333333,2.3966644459485016,0.2451196933894947
CSO-12-7B-SSARA,11.0,23.0,27.333333333333332,4.111111111111111,0.0,2.0,0.0,0.0,12.88888888888889,1.0,1.17652295892119,0.05715146726853101,4.611111111111111,2.3629211594123873,0.37781130906130905
CSO-12-7B-VHOMA,11.0,25.90909090909091,31.181818181818183,5.136363636363637,0.0,0.0,0.0,0.0,15.909090909090908,1.0,1.1871175356932477,0.04752589653432892,3.6818181818181817,2.121483369727811,0.30961753443106355
CSO-12-8A-YTOME,11.0,27.0,38.166666666666664,7.166666666666667,0.0,0.6666666666666666,0.0,0.0,17.5,1.0,1.4232753357753358,0.05564631451063235,6.833333333333333,3.02791886476097,0.3169779426922284
CSO-13-6A-ANASA,11.0,31.5,36.388888888888886,4.416666666666667,0.0,0.0,0.0,0.0,16.86111111111111,1.0,1.1148204632262633,0.036151299996264694,5.083333333333333,2.4813631118478114,0.35450731696552945
CSO-13-6B-JETAVE,11.0,19.548387096774192,27.193548387096776,3.161290322580645,0.0,0.0,0.0,0.0,15.67741935483871,1.0,1.3774571478455342,0.07527730588387603,4.612903225806452,2.445183837046915,0.5106357812620534
CSO-13-6B-LFMIES,11.0,24.5,32.9,4.5,0.0,0.0,0.0,0.0,16.2,1.0,1.3450145659493487,0.05791104581493598,3.7,2.252747092089197,0.5428435913501702
CSO-13-6B-LJMAHU,11.0,17.413793103448278,23.79310344827586,2.9655172413793105,0.0,0.0,0.0,0.0,12.413793103448276,1.0,1.3811988134636795,0.0863439496045987,3.896551724137931,2.1771134657544393,0.5138482426167156
CSO-13-7A-CAPAMU,11.0,24.5,26.0,1.6,0.0,0.0,0.0,0.0,12.15,1.0,1.0582914355759183,0.045269286310890514,4.8,2.4775458403825277,0.34874449725500145
CSO-13-7A-CDDITR,11.0,17.818181818181817,18.272727272727273,2.909090909090909,0.0,0.0,0.0,0.0,10.727272727272727,1.0,1.026051425354831,0.061701099897694324,4.0,2.1728423092059455,0.13837276480133623
CSO-13-7A-JJATFL,11.0,30.333333333333332,35.333333333333336,1.8888888888888888,0.0,0.0,0.0,0.0,21.0,1.0,1.1650760478346684,0.0397770811563915,5.0,2.553366606460936,0.399247716656329
CSO-13-7A-KRAMA,11.0,28.285714285714285,45.142857142857146,10.714285714285714,0.0,0.0,0.0,0.0,17.857142857142858,1.0,1.5830016491018795,0.05787432080634846,4.428571428571429,2.2471071618440037,0.4039578569578569
CSO-13-7A-RXCHLU,11.0,23.8,33.8,4.4,1.4,0.8,0.8,0.0,21.0,1.8,1.421376811594203,0.06241765480895915,4.4,2.437630439735703,0.4643873745302317
CSO-13-7A-YAMEZA,11.0,34.5,47.785714285714285,9.428571428571429,0.0,0.0,0.0,0.0,19.0,1.0,1.3820494494000173,0.04137065111753528,4.357142857142857,2.282935276776161,0.5250786168317034
CSO-13-7A-YBOSO,11.0,16.4,21.6,4.4,0.0,0.0,0.0,0.0,10.8,1.0,1.3248821809425526,0.08706926630301244,3.2,1.9342063492063493,0.3740476190476191
CSO-13-8A-KIGAGU,11.0,25.0,41.5,9.5,0.0,1.0,0.0,0.0,22.0,1.0,1.6600000000000001,0.06916666666666667,5.5,2.7822793148880107,0.28283507957421006
CSO-13-8A-MBUAN,11.0,24.5,33.03846153846154,3.6153846153846154,0.15384615384615385,0.15384615384615385,0.15384615384615385,0.0,15.615384615384615,1.1538461538461537,1.3529525149587942,0.05926989601367523,4.153846153846154,2.2680255665886713,0.43010160548254206
CSO-13-8A-MGAAN,11.0,21.05,21.5,1.05,0.0,0.35,0.0,0.0,10.85,1.0,1.0160128383716014,0.05179763332044931,4.2,2.1525632700632698,0.34992521020646017
CSO-13-8A-MGAHE,11.0,26.263157894736842,35.31578947368421,3.5789473684210527,0.0,0.15789473684210525,0.0,0.0,21.526315789473685,1.0,1.3310239446419712,0.05315600902468652,5.421052631578948,2.5896089610337474,0.3550400555742692
CSO-13-8A-MJAGA,11.0,29.375,32.25,2.375,0.0,0.5,0.0,0.0,16.0,1.0,1.0913554916164026,0.03866126246285165,5.375,2.6507024021729904,0.30333114053702287
CSO-13-8A-VHODU,11.0,34.5,50.25,7.75,0.0,1.0,0.0,0.0,26.75,1.0,1.456699346405229,0.04351710381122146,4.0,2.302924297924298,0.3966345813829105
CSO-13-8B-FCJISA,11.0,14.133333333333333,11.733333333333333,0.5333333333333333,0.0,0.0,0.0,0.0,7.533333333333333,1.0,0.8129966438789968,0.06293541425894367,4.2,2.3326695526695524,0.13493265993265996
CSO-13-8B-JEMABE,11.0,35.666666666666664,53.833333333333336,10.0,0.0,0.0,0.0,0.0,24.333333333333332,1.0,1.5106311530460135,0.04367101007967881,5.0,2.5103162511133523,0.5367608550835047
CSO-13-9B-DMLLLU,11.0,29.5,34.5,5.75,0.0,0.0,0.0,0.0,17.0,1.0,1.1689655172413793,0.04100985221674877,3.75,2.26552122198407,0.38928387144331417
CSO-14-7A-MVEBE,11.0,21.666666666666668,27.333333333333332,2.3333333333333335,0.0,0.0,0.0,0.0,15.0,1.0,1.2634920634920634,0.06164142239657113,4.333333333333333,2.1820818070818073,0.4644137806637807
CSO-14-7B-EALHU,11.0,18.5,22.4375,1.875,0.0,0.125,0.0,0.0,13.0,1.0,1.21381855132097,0.07105271078036171,4.375,2.3078213963324257,0.3809930532911238
CSO-14-7B-EVEGO,11.0,26.26086956521739,26.608695652173914,1.7173913043478262,0.0,0.0,0.0,0.0,13.195652173913043,1.0,1.007846321058558,0.04100751930865715,5.239130434782608,2.6386565735778134,0.2648281573430483
CSO-14-8A-AQUMA,11.0,26.545454545454547,28.727272727272727,2.272727272727273,0.0,0.0,0.0,0.0,19.454545454545453,1.0,1.092173563930226,0.0442117274807418,6.454545454545454,2.8008771554590153,0.34411863820401006
CSO-14-8A-MCIDOS,11.0,22.7,19.1,0.9,0.0,0.0,0.0,0.0,9.3,1.0,0.8350580799825652,0.03838943868234486,4.1,2.0722230040341496,0.18406293511556668
CSO-14-8A-SZARA,11.0,21.833333333333332,23.5,1.0,0.0,0.0,0.0,0.0,11.944444444444445,1.0,1.0774346533393286,0.05264576401730348,4.777777777777778,2.29442318282898,0.33374694146433276
CSO-14-8B-JLLORA,11.0,28.375,34.125,2.25,0.0,0.0,0.0,0.0,19.875,1.0,1.2013616461197105,0.044097509985997194,5.0,2.4453308279660244,0.38929030188221364
CSO-14-9A-AEDCAGO,11.0,24.0,26.333333333333332,0.3888888888888889,0.0,0.0,0.0,0.0,15.944444444444445,1.0,1.0952029451559073,0.04799563565136919,4.444444444444445,2.3339775487479306,0.5029670699503267
CSO-14-9A-HASACA,11.0,26.428571428571427,31.571428571428573,5.142857142857143,0.0,0.14285714285714285,0.0,0.0,13.714285714285714,1.0,1.2100347530316475,0.04898860034775372,4.142857142857143,2.3319881798873396,0.4670420760896951
CSO-14-9A-JSMAAL,11.0,31.428571428571427,42.714285714285715,6.285714285714286,0.0,0.7857142857142857,0.0,0.0,23.214285714285715,1.0,1.3545455403199418,0.04468264971732293,4.928571428571429,2.5373158907836797,0.3285096847223611
CSO-14-9A-MARJA,11.0,18.95,23.75,3.75,0.0,0.4,0.0,0.0,12.6,1.0,1.2743834759824462,0.07449826491167856,4.7,2.4242235950324185,0.366571532225944
CSO-14-9A-SORZU,11.0,28.545454545454547,30.272727272727273,3.3636363636363638,0.0,0.0,0.0,0.0,17.90909090909091,1.0,1.0609229480197222,0.03874035164357745,5.7272727272727275,2.6949326043753286,0.30683984278866366
CSO-14-9B-ERAGA,11.0,25.666666666666668,31.22222222222222,3.0,0.0,0.0,0.0,0.0,21.22222222222222,1.0,1.2168771763216208,0.04944327456404751,5.555555555555555,2.839962297780757,0.38135191404070123
CSO-14-9B-MFEGA,11.0,25.5,32.5,7.5,0.0,1.5,0.0,0.0,15.5,1.0,1.273076923076923,0.051923076923076926,4.0,2.0625,0.2799898018648018
CSO-15-10A-LJRAGU,11.0,41.18181818181818,73.36363636363636,12.909090909090908,0.18181818181818182,0.45454545454545453,0.18181818181818182,0.0,34.81818181818182,1.1818181818181819,1.8038306566854239,0.04589238440525261,5.7272727272727275,2.8240945652113405,0.38843165947627356
CSO-15-10A-MAARLO,11.0,29.6,37.2,3.4,0.0,0.6,0.0,0.0,24.8,1.0,1.2576190476190476,0.04404123335157818,6.2,2.906044593088071,0.13235236985236984
CSO-15-10A-SFEGA,11.0,34.333333333333336,43.166666666666664,6.666666666666667,0.0,0.0,0.0,0.0,21.833333333333332,1.0,1.2499418527379054,0.03756780250307415,5.0,2.5721887479133856,0.4484245576342137
CSO-15-10B-MEBUAR,11.0,29.75,35.75,4.875,0.0,0.375,0.0,0.0,24.5,1.0,1.2022756766777902,0.04187456962762858,6.0,2.9784271972201033,0.1660630292167128
CSO-15-10B-YVBUAN,11.0,21.333333333333332,26.88888888888889,2.888888888888889,0.0,0.0,0.0,0.0,15.333333333333334,1.0,1.2681128601037068,0.06310616241966356,4.111111111111111,2.39585697526874,0.39566619382795853
CSO-15-10C-ALBAHO,11.0,28.5,31.916666666666668,3.4166666666666665,0.0,0.0,0.0,0.0,19.416666666666668,1.0,1.125476260365721,0.04128913445862834,4.583333333333333,2.5997463477566787,0.20723182171149515
CSO-15-10C-SSCAMO,11.0,16.363636363636363,17.227272727272727,1.8636363636363635,0.0,0.0,0.0,0.0,8.818181818181818,1.0,1.045158986180658,0.06867338243112237,3.3636363636363638,1.9307326511871965,0.35079751897933714
CSO-15-11C-JETALO,11.0,22.06451612903226,26.129032258064516,3.774193548387097,0.0,0.22580645161290322,0.0,0.0,13.64516129032258,1.0,1.1774396678146803,0.05700604780706084,4.032258064516129,2.2308700886649553,0.3518500986618008
CSO-15-7B-JCRAGA,11.0,22.75,27.25,4.0,0.0,0.0,0.0,0.0,16.25,1.0,1.1977380952380952,0.05543219461697722,4.75,2.34482121121053,0.3009133238622403
CSO-15-8A-VBMABR,11.0,28.46153846153846,38.23076923076923,3.8461538461538463,0.0,0.0,0.0,0.0,22.923076923076923,1.0,1.378155363418646,0.0529526616881922,6.076923076923077,2.8907446735170725,0.4446161757810544
CSO-15-8B-KEPOGO,11.0,30.4,35.6,4.5,0.0,0.0,0.0,0.0,16.2,1.0,1.177631554166593,0.04049122920847222,4.9,2.6631037383668965,0.44111760280933215
CSO-15-9B-ALRIHE,11.0,30.375,33.25,3.5,0.0,0.25,0.0,0.0,16.75,1.0,1.0951213567323481,0.03738588235164292,3.875,2.1701809671236916,0.5490027278470583
CSO-15-9B-AMSAGO,11.0,26.444444444444443,29.333333333333332,2.888888888888889,0.0,0.0,0.0,0.0,15.11111111111111,1.0,1.082579874084122,0.04223224225884186,4.888888888888889,2.3958176759982748,0.3805352655010222
CSO-15-9B-JCAPA,11.0,25.642857142857142,30.285714285714285,2.9285714285714284,0.0,0.6428571428571429,0.0,0.0,15.071428571428571,1.0,1.1863880021543534,0.04979221578358082,3.9285714285714284,2.3990683574534506,0.4899385428573305
CSO-15-9B-KSBEJA,11.0,26.0,36.666666666666664,6.0,0.0,0.0,0.0,0.0,20.083333333333332,1.0,1.3762243962695402,0.054920438815361315,5.916666666666667,2.744878952338429,0.3814080751626833
CSO-15-9B-RMCHLU,11.0,23.41176470588235,30.705882352941178,3.588235294117647,0.0,0.35294117647058826,0.0,0.0,17.058823529411764,1.0,1.3352515991397438,0.06282544763504647,4.352941176470588,2.4855781766544833,0.40470300675269394
CSO-15-9B-SJAGRO,11.0,28.0,25.0,0.0,0.0,0.0,0.0,0.0,10.666666666666666,1.0,0.8961826276404281,0.03444061385237856,4.166666666666667,2.1702020202020202,0.24369889369889366
CSO-16-10A-JEGAHE,11.0,34.0,37.375,3.5,0.0,0.0625,0.0,0.0,22.375,1.0,1.1007970926895856,0.03359479569777277,6.625,3.051466341533586,0.21655931041371546
CSO-16-10A-MSACO,11.0,29.357142857142858,32.92857142857143,2.4285714285714284,0.5714285714285714,0.35714285714285715,0.2857142857142857,0.0,14.142857142857142,1.2857142857142858,1.1468105641257684,0.04371834087269747,4.285714285714286,2.2766587962629536,0.4640400486920674
CSO-16-10A-SARI,11.0,30.333333333333332,37.55555555555556,5.111111111111111,0.0,0.0,0.0,0.0,20.22222222222222,1.0,1.236996106652706,0.04316202275273538,5.555555555555555,2.9080119897468575,0.3903666686749847
CSO-16-10A-SMOUT,11.0,39.333333333333336,52.333333333333336,4.6,0.0,0.0,0.0,0.0,28.933333333333334,1.0,1.327711348708646,0.03479445386962566,6.066666666666666,2.7759354129396923,0.3725783772550273
CSO-16-10A-YKMUJO,11.0,22.846153846153847,32.30769230769231,3.4615384615384617,0.0,0.0,0.0,0.0,19.23076923076923,1.0,1.421182536422811,0.06690817029137747,4.923076923076923,2.688013799888211,0.4537061644514532
CSO-16-10B-JESUGU,11.0,19.7,20.5,1.2,0.0,0.0,0.0,0.0,10.7,1.0,1.0510440316477467,0.057636477169052215,3.7,2.032848817848818,0.5917566137566137
CSO-16-10B-LTVIFA,11.0,23.25,20.916666666666668,0.5,0.0,0.0,0.0,0.0,9.833333333333334,1.0,0.9104624327631573,0.04199769493438449,3.1666666666666665,1.9280878843378844,0.4937658984533984
CSO-16-10B-VVILI,11.0,29.764705882352942,35.05882352941177,2.9411764705882355,0.0,0.0,0.0,0.0,21.235294117647058,1.0,1.1840154830244018,0.041732024147005616,5.647058823529412,2.6822118881733825,0.29137584057701804
CSO-16-10C-ACALGU,11.0,27.666666666666668,30.083333333333332,2.1666666666666665,0.0,0.0,0.0,0.0,18.166666666666668,1.0,1.0842827547951979,0.0413765465108322,6.125,2.9544856881737687,0.29032053545005654
CSO-16-10C-MAVAVE,11.0,19.705882352941178,19.705882352941178,1.3529411764705883,0.0,0.3235294117647059,0.0,0.0,9.794117647058824,1.0,0.9996440513270127,0.05460724298162834,3.588235294117647,2.07163277898572,0.32695949747420333
CSO-16-11A-JAVABO,11.0,27.0,28.75,5.65,0.0,0.0,0.0,0.0,13.4,1.0,1.0441780355745542,0.04090934748279535,4.25,2.48658536466973,0.2770981104358482
CSO-16-11A-JDMUVA,11.0,24.25,20.5625,0.625,0.0,0.0,0.0,0.0,11.1875,1.0,0.8472489974106353,0.03689995927348758,4.75,2.4198048479298477,0.3416943142836
CSO-16-11A-VZAOR,11.0,27.181818181818183,27.09090909090909,0.6363636363636364,0.0,0.0,0.0,0.0,14.454545454545455,1.0,0.9881462641568952,0.03815177410260551,4.909090909090909,2.480970697688964,0.32432953290096145
CSO-16-11B-KRORE,11.0,25.923076923076923,36.30769230769231,4.384615384615385,0.0,0.15384615384615385,0.0,0.0,18.53846153846154,1.0,1.4040832169756357,0.05702574786876928,4.6923076923076925,2.311720043448664,0.4443971279739022
CSO-16-11B-LLOZA,11.0,31.555555555555557,40.55555555555556,5.777777777777778,0.0,0.0,0.0,0.0,20.666666666666668,1.0,1.2887408804962894,0.04332844673278307,5.111111111111111,2.680547786319761,0.31241510265541117
CSO-16-11B-YAROMO,11.0,23.473684210526315,24.31578947368421,2.0,0.0,0.3684210526315789,0.0,0.0,11.789473684210526,1.0,1.0522759439580944,0.04863964721902504,2.5789473684210527,1.8721938879833617,0.5680387059334427
CSO-16-9A-JALEMO,11.0,33.285714285714285,33.57142857142857,3.857142857142857,0.0,0.0,0.0,0.0,17.428571428571427,1.0,1.0026714066122933,0.031228820145076303,6.142857142857143,2.817596826913597,0.19844243337588502
CSO-16-9A-JPROSO,11.0,26.25,28.833333333333332,1.25,0.0,0.0,0.0,0.0,16.5,1.0,1.0986549388138915,0.04381681983540328,4.75,2.540252764091773,0.3836747553272321
CSO-16-9A-JSMAGU,11.0,26.6,27.5,1.7,0.0,0.7,0.0,0.0,16.0,1.0,1.0391736909323117,0.04099799245676307,5.0,2.538921499037598,0.3223178210678211
CSO-16-9B-SJPAJI,11.0,40.0,60.42857142857143,11.285714285714286,0.0,1.0,0.0,0.0,32.142857142857146,1.0,1.517615482698923,0.03934466839918927,5.714285714285714,2.5979866590179403,0.2899146264188806
CSO-17-10A-YVGOCA,11.0,36.75,51.25,7.5,0.0,2.0,0.0,0.0,28.0,1.0,1.392594238975818,0.03918198513911587,5.0,2.536833820721289,0.3770662764074469
CSO-17-10B-EHECO,11.0,25.733333333333334,26.733333333333334,2.3333333333333335,0.0,0.2,0.0,0.0,15.666666666666666,1.0,1.0467633214533636,0.04418981160921432,5.4,2.790952160441324,0.17353955775524402
CSO-17-10B-YCQUVE,11.0,22.12,31.04,7.68,0.0,0.2,0.0,0.0,17.8,1.0,1.3949003938307458,0.06717947281104016,4.72,2.498008553904529,0.2405645749535644
CSO-17-11A-DJAPA,11.0,32.13333333333333,45.06666666666667,8.533333333333333,0.0,0.2,0.0,0.0,23.133333333333333,1.0,1.417936869204896,0.0469560990769023,4.733333333333333,2.497331901284439,0.27828088123507605
CSO-17-11A-JDAMO,11.0,23.833333333333332,33.75,3.9166666666666665,0.0,0.0,0.0,0.0,19.833333333333332,1.0,1.398089960348987,0.06453946694658257,4.75,2.5614061723300856,0.4580780006527289
CSO-17-11A-NPAHE,11.0,31.36842105263158,42.473684210526315,3.8421052631578947,0.0,0.0,0.0,0.0,21.94736842105263,1.0,1.3510485026354828,0.044735503538357244,4.894736842105263,2.6067541630301174,0.4672156438216064
CSO-17-11A-RLPAIG,11.0,22.545454545454547,27.318181818181817,3.8181818181818183,0.0,0.0,0.0,0.0,10.818181818181818,1.0,1.2438645631066194,0.06274743507218249,3.772727272727273,2.033300033300033,0.5190246153557841
CSO-17-11A-SPUVA,11.0,26.833333333333332,30.5,7.5,0.0,0.0,0.0,0.0,15.333333333333334,1.0,1.1351750101750102,0.04391330891330891,4.166666666666667,2.5076061193708252,0.19204155593861474
CSO-17-11B-CDBEBU,11.0,22.916666666666668,23.666666666666668,3.25,0.0,0.0,0.0,0.0,10.833333333333334,1.0,1.0486778027045336,0.049816447513657346,3.75,2.0131735223840486,0.43200396825396825
CSO-17-11C-JDAAG,11.0,25.333333333333332,22.952380952380953,0.19047619047619047,0.0,0.0,0.0,0.0,10.19047619047619,1.0,0.9045395611994801,0.03760181674756645,3.8095238095238093,2.130957402385974,0.4310268372343202
CSO-17-11C-MAPAMA,11.0,30.727272727272727,31.09090909090909,3.0,0.0,0.0,0.0,0.0,13.454545454545455,1.0,1.0148404429480626,0.03466185639131069,4.818181818181818,2.459880470406786,0.2533167918130324
CSO-17-11C-MCAAG,11.0,22.724137931034484,22.517241379310345,1.5172413793103448,0.0,0.27586206896551724,0.0,0.0,12.551724137931034,1.0,0.9828462002603414,0.04796110691353012,4.482758620689655,2.405166697925319,0.18507107559016428
CSO-17-11C-SARJA,11.0,21.428571428571427,24.428571428571427,2.9285714285714284,0.0,0.0,0.0,0.0,10.571428571428571,1.0,1.1256832050481935,0.05502940452236647,4.142857142857143,2.1614233075146387,0.36394185478550806
CSO-18-11A-ADBAHO,11.0,26.11111111111111,27.444444444444443,2.0,0.0,0.2222222222222222,0.0,0.0,12.555555555555555,1.0,1.0384542457006225,0.04140882013945482,4.555555555555555,2.342393590432806,0.4314454653915438
CSO-18-11B-YLLRE,11.0,33.89473684210526,41.8421052631579,3.3684210526315788,0.0,0.0,0.0,0.0,26.0,1.0,1.243718203686995,0.0394647276355806,6.631578947368421,2.9959609343942524,0.37659287100692046
CSO-18-9B-MAMOLO,11.0,23.94871794871795,27.384615384615383,1.641025641025641,0.28205128205128205,0.6410256410256411,0.28205128205128205,0.0,12.692307692307692,1.2820512820512822,1.1441906896266256,0.05040425310332867,4.128205128205129,2.1872346977729213,0.5231083907392396
CSO-8-3A-AIPRBR,11.0,29.3,35.7,4.2,0.0,0.0,0.0,0.0,23.4,1.0,1.2184199374966895,0.0431181030068683,5.6,2.8560102650972214,0.2776889587474112
CSO-8-3A-DAPAVA,11.0,24.333333333333332,36.208333333333336,6.375,0.0,0.625,0.0,0.0,19.833333333333332,1.0,1.4842335140704705,0.06426570034550584,4.166666666666667,2.333082015444211,0.40559456446255404
CSO-8-3A-KVPECO,11.0,13.692307692307692,22.153846153846153,7.0,0.0,0.0,0.0,0.0,8.846153846153847,1.0,1.7807502009514393,0.17192691837547758,3.5384615384615383,1.9175546675546675,0.4619454619454619
CSO-8-4A-ARAGR,11.0,20.235294117647058,23.0,3.0,0.0,0.0,0.0,0.0,13.0,1.0,1.1292769398536344,0.05914862834882156,4.470588235294118,2.3752978607422244,0.29143440816828436
CSO-8-4A-JRAAR,11.0,20.8,22.533333333333335,2.533333333333333,0.0,0.0,0.0,0.0,11.666666666666666,1.0,1.0883037413472194,0.05563891386478545,3.533333333333333,2.0252928552928555,0.4099147334147334
CSO-9-2A-EXMOCO,11.0,18.68421052631579,28.31578947368421,6.2105263157894735,0.0,0.5789473684210527,0.0,0.0,12.157894736842104,1.0,1.4786813273028034,0.08844886028159615,3.9473684210526314,2.0819907474706234,0.46768117464546033
CSO-9-4A-AGAPE,11.0,36.0,33.0,4.0,0.0,0.0,0.0,0.0,14.0,1.0,0.9166666666666666,0.02619047619047619,4.0,2.2855311355311354,0.16963573463573461
CSO-9-4A-DKVIMO,11.0,17.08,21.56,1.04,0.0,0.04,0.0,0.0,14.0,1.0,1.2553922192358724,0.08055702312075982,4.84,2.4439347570214442,0.4564779162718128
CSO-9-4A-DSMOMU,11.0,13.363636363636363,11.787878787878787,0.48484848484848486,0.0,0.0,0.0,0.0,7.2727272727272725,1.0,0.8887056435501411,0.07573995426866241,3.090909090909091,1.8211858848222484,0.30299226026498755
CSO-9-4A-DVGATO,11.0,25.666666666666668,27.88888888888889,2.111111111111111,0.0,0.0,0.0,0.0,17.666666666666668,1.0,1.0900156711767572,0.04464477304890432,5.222222222222222,2.745629323854298,0.252989978219023
CSO-9-4A-EGCAMO,11.0,22.266666666666666,30.666666666666668,3.8,0.0,0.0,0.0,0.0,18.6,1.0,1.3397972340696798,0.06325807166465398,4.666666666666667,2.4043388075059906,0.34003344154635
CSO-9-4A-FAGIGA,11.0,22.833333333333332,24.833333333333332,2.1666666666666665,0.0,1.0,0.0,0.0,14.75,1.0,1.085431940892299,0.05031166094827086,4.583333333333333,2.4406277796564173,0.24762621017363262
CSO-9-4A-GSBRCO,11.0,21.941176470588236,33.35294117647059,4.823529411764706,0.0,0.0,0.0,0.0,18.823529411764707,1.0,1.5206496729117538,0.07360571013417964,6.0588235294117645,2.864244851785927,0.3476709399534101
CSO-9-4A-KEMOCO,11.0,25.785714285714285,36.57142857142857,5.5,0.0,1.2857142857142858,0.0,0.0,19.5,1.0,1.4109177314360437,0.05755644517139709,5.071428571428571,2.6800613300746945,0.45640903772902747
CSO-9-4A-LCOMO,11.0,22.0,26.9,4.0,0.0,2.6,0.0,0.0,16.9,1.0,1.208913590701719,0.06135711177150051,5.4,2.7735747585747585,0.1477656916863266
CSO-9-4A-MLORO,11.0,22.214285714285715,23.285714285714285,1.9285714285714286,0.0,0.0,0.0,0.0,11.214285714285714,1.0,1.0442568542568542,0.04945001504252894,4.0,2.171655328798186,0.29567823616293004
CSO-9-4A-MPAME,11.0,23.666666666666668,21.666666666666668,2.7777777777777777,0.0,0.0,0.0,0.0,8.666666666666666,1.0,0.9152576489533012,0.040443252399774136,3.3333333333333335,2.021180054513388,0.3932245737801293
CSO-9-4A-NSARPA,11.0,28.5,42.214285714285715,9.142857142857142,0.0,0.2857142857142857,0.0,0.0,21.142857142857142,1.0,1.4975262117967574,0.05682859582367094,4.857142857142857,2.477536347902414,0.4162349878265269
CSO-9-4A-SLOCA,11.0,34.875,54.125,9.5,0.0,0.0,0.0,0.0,25.75,1.0,1.5486758227476545,0.04580149751091589,5.875,2.7044710210694864,0.48105009885763855
CSO-9-4A-YVDITR,11.0,15.714285714285714,22.071428571428573,3.7857142857142856,0.0,0.0,0.0,0.0,14.0,1.0,1.4086501267173535,0.09641766963195535,4.928571428571429,2.4560540883019875,0.21348122582366283
