file,wc,nodes,edges,re,pe,l1,l2,l3,lcc,lsc,atd,density,diameter,asp,cc
CDMS-10-4A-JURAN,14.0,5.777777777777778,6.0,0.4444444444444444,0.0,0.0,0.0,0.0,5.777777777777778,1.0,2.0592592592592593,0.4,4.0,1.9481481481481484,0.21604938271604934
CDMS-10-5A-HEPIHO,14.0,9.1,6.933333333333334,0.03333333333333333,0.0,0.6666666666666666,0.0,0.0,5.266666666666667,1.0,1.5433977133977133,0.19692529692529692,2.933333333333333,1.797936507936508,0.016666666666666666
CDMS-10-5A-KSRAGU,14.0,6.666666666666667,4.166666666666667,0.0,0.0,0.0,0.0,0.0,3.5,1.0,1.2306878306878306,0.22764550264550265,2.1666666666666665,1.4333333333333333,0.0
CDMS-10-5A-SROPU,14.0,9.0,9.75,0.75,0.0,0.0,0.0,0.0,9.0,1.0,2.1611111111111114,0.251984126984127,4.0,2.203373015873016,0.16025462962962964
CDMS-10-5A-SZURO,14.0,8.733333333333333,7.133333333333334,0.5333333333333333,0.0,0.13333333333333333,0.0,0.0,5.4,1.0,1.661919191919192,0.2044348244348244,3.2,1.8196825396825398,0.0
CDMS-10-5B-SRAJA,14.0,9.0,7.0,0.0,0.0,1.0,0.0,0.0,5.0,1.0,1.5555555555555556,0.16666666666666666,4.0,2.0,0.0
CDMS-10-5C-DAAUSA,14.0,10.2,16.8,5.266666666666667,0.0,0.4666666666666667,0.0,0.0,10.2,1.0,3.2932996632996634,0.23767676767676765,3.4,2.02000962000962,0.14741382074715406
CDMS-10-5C-ICAPA,14.0,8.666666666666666,8.666666666666666,1.1666666666666667,0.0,0.0,0.0,0.0,8.333333333333334,1.0,1.9907407407407407,0.2255291005291005,4.0,2.243915343915344,0.0
CDMS-10-5C-JFALGI,14.0,5.333333333333333,4.333333333333333,0.0,0.0,0.0,0.0,0.0,5.333333333333333,1.0,1.6111111111111114,0.38888888888888884,2.6666666666666665,1.7444444444444445,0.0
CDMS-10-5C-MAORTO,14.0,5.705882352941177,5.705882352941177,0.6470588235294118,0.0,0.4117647058823529,0.0,0.0,5.588235294117647,1.0,1.980392156862745,0.3675070028011205,3.4705882352941178,1.9638655462184875,0.0
CDMS-10-5C-NBEMO,14.0,12.2,13.3,2.1,0.0,0.2,0.0,0.0,9.1,1.0,2.1523465423465424,0.16672882672882675,3.7,2.1382173382173386,0.0
CDMS-10-6B-ASCACO,14.0,7.333333333333333,9.083333333333334,2.4166666666666665,0.0,0.0,0.0,0.0,6.666666666666667,1.0,2.4771825396825395,0.2896825396825397,4.5,2.2103174603174605,0.0
CDMS-10-6B-JJMOBE,14.0,7.076923076923077,5.923076923076923,1.0,0.0,0.0,0.0,0.0,4.769230769230769,1.0,1.6915140415140415,0.23333333333333334,3.076923076923077,1.7564102564102566,0.0
CDMS-11-4A-GACHSA,14.0,8.457142857142857,9.942857142857143,2.4571428571428573,0.0,0.22857142857142856,0.0,0.0,7.514285714285714,1.0,2.368483262768977,0.24052487195344335,3.5142857142857142,2.0582108367822656,0.025889322317893745
CDMS-11-5A-EAARCA,14.0,8.285714285714286,11.0,3.7142857142857144,0.0,0.0,0.0,0.0,8.285714285714286,1.0,2.642857142857143,0.24206349206349206,4.0,2.315192743764172,0.0
CDMS-11-5A-MGTHAR,14.0,12.777777777777779,16.0,2.888888888888889,0.0,0.3333333333333333,0.0,0.0,12.777777777777779,1.0,2.5001665001665003,0.17168757168757168,4.222222222222222,2.3262996262996265,0.12101826744683887
CDMS-11-6A-DFVEBE,14.0,10.2,13.4,5.3,0.6,0.0,0.2,0.0,7.6,1.2,2.6439743589743587,0.1720868020868021,3.4,2.059004329004329,0.0
CDMS-11-6A-NMREPR,14.0,5.526315789473684,8.421052631578947,3.263157894736842,0.0,0.0,0.0,0.0,5.526315789473684,1.0,3.056140350877193,0.4360902255639097,2.4210526315789473,1.6466165413533833,0.22840434419381786
CDMS-11-6B-ARAHE,14.0,9.785714285714286,7.357142857142857,0.5714285714285714,0.0,0.14285714285714285,0.0,0.0,4.5,1.0,1.4423612102183532,0.15774820417677562,1.9285714285714286,1.497278911564626,0.0
CDMS-11-6B-AVROTO,14.0,6.142857142857143,6.571428571428571,1.4285714285714286,0.0,0.0,0.0,0.0,6.142857142857143,1.0,2.142857142857143,0.32653061224489793,3.142857142857143,1.8993197278911567,0.0
CDMS-11-6B-EAFESA,14.0,8.0,11.636363636363637,3.4545454545454546,0.0,1.1818181818181819,0.0,0.0,7.090909090909091,1.0,2.829357006629734,0.28383838383838383,3.409090909090909,1.945093795093795,0.14079545454545453
CDMS-11-6B-EFRGR,14.0,11.0,11.7,2.4,0.0,0.0,0.0,0.0,8.0,1.0,2.103838383838384,0.17070707070707072,4.1,2.250793650793651,0.1244378306878307
CDMS-11-6B-EROCO,14.0,10.307692307692308,11.153846153846153,1.3076923076923077,0.0,0.0,0.0,0.0,10.0,1.0,2.1688960612037538,0.21287772057002827,4.153846153846154,2.214050052511591,0.08391061929523468
CDMS-11-6B-JACUPE,14.0,7.294117647058823,9.235294117647058,3.3529411764705883,0.0,1.6470588235294117,0.0,0.0,4.823529411764706,1.0,2.5537815126050423,0.22198879551820727,2.764705882352941,1.7058823529411764,0.0
CDMS-11-6B-JDCHBA,14.0,9.333333333333334,9.925925925925926,2.037037037037037,0.0,0.0,0.0,0.0,7.111111111111111,1.0,2.14347442680776,0.21423761423761423,3.259259259259259,1.9360082304526751,0.09964726631393298
CDMS-11-6B-JFSAHE,14.0,5.526315789473684,4.578947368421052,0.21052631578947367,0.0,0.0,0.0,0.0,5.052631578947368,1.0,1.6671679197994989,0.3879699248120301,3.210526315789474,1.8285714285714287,0.0
CDMS-11-6B-JLPENA,14.0,5.217391304347826,3.5217391304347827,0.0,0.0,0.0,0.0,0.0,3.8260869565217392,1.0,1.3693581780538302,0.3538302277432712,2.4347826086956523,1.5304347826086957,0.0
CDMS-11-6B-JMARME,14.0,9.947368421052632,11.526315789473685,2.0526315789473686,0.0,0.0,0.0,0.0,8.894736842105264,1.0,2.3602339181286554,0.22530948583580165,4.0,2.195405179615706,0.06530214424951267
CDMS-11-6B-JPSAMA,14.0,9.307692307692308,9.076923076923077,1.2307692307692308,0.0,0.0,0.0,0.0,7.0,1.0,1.9538461538461538,0.205982905982906,3.076923076923077,1.8534798534798536,0.15531135531135531
CDMS-11-6B-LESTA,14.0,7.625,7.0,0.0,0.0,0.0,0.0,0.0,7.625,1.0,1.8154761904761905,0.27827380952380953,3.25,2.061309523809524,0.025
CDMS-11-6B-MAGIMU,14.0,10.714285714285714,10.0,1.0,0.0,0.0,0.0,0.0,9.285714285714286,1.0,1.8744588744588744,0.17474747474747473,4.428571428571429,2.341455370026799,0.0
CDMS-11-6B-MEBRTA,14.0,8.0,7.2,0.0,0.0,0.0,0.0,0.0,6.8,1.0,1.668917748917749,0.24774891774891775,2.8,1.7806060606060605,0.0
CDMS-11-6B-MMAMO,14.0,13.444444444444445,12.444444444444445,0.3333333333333333,0.6666666666666666,0.4444444444444444,0.3333333333333333,0.0,8.11111111111111,1.3333333333333333,1.8575036075036075,0.13768453768453767,3.2222222222222223,1.9331569664902999,0.1570840681951793
CDMS-11-6B-RSECA,14.0,8.642857142857142,8.714285714285714,0.5714285714285714,0.0,0.2857142857142857,0.0,0.0,8.142857142857142,1.0,2.0198412698412698,0.24019274376417235,3.4285714285714284,2.037641723356009,0.09497354497354496
CDMS-11-6B-SCAPA,14.0,3.0,2.0,0.0,0.0,0.0,0.0,0.0,3.0,1.0,1.2592592592592593,0.7407407407407407,2.0,1.3333333333333333,0.0
CDMS-11-6B-VZAPE,14.0,12.0,14.0,1.75,0.0,0.0,0.0,0.0,12.0,1.0,2.3344988344988344,0.18636363636363637,4.0,2.376573426573427,0.12483488733488733
CDMS-11-6B-YLNIME,14.0,9.2,9.6,1.9,0.0,0.0,0.0,0.0,8.2,1.0,2.0990404040404043,0.20898989898989898,4.0,2.298650793650794,0.0
CDMS-11-7C-ICARE,14.0,4.8,4.3,0.8,0.0,0.0,0.0,0.0,4.2,1.0,1.788095238095238,0.4238095238095238,2.3,1.5633333333333332,0.0
CDMS-11-7C-IMOIB,14.0,11.538461538461538,11.153846153846153,1.2307692307692308,0.0,0.5384615384615384,0.0,0.0,8.615384615384615,1.0,1.9296767335228873,0.15591758668681746,3.6538461538461537,2.212903762903763,0.0
CDMS-11-7C-SALMA,14.0,13.0,17.272727272727273,2.909090909090909,0.0,0.0,0.0,0.0,11.0,1.0,2.6687252141797595,0.18708564163109617,4.0,2.223864519319065,0.11339266793812247
CDMS-11-7C-SPGAVE,14.0,6.25,6.166666666666667,1.3333333333333333,0.0,0.0,0.0,0.0,5.041666666666667,1.0,1.71379847004847,0.39615985865985864,2.0833333333333335,1.546362433862434,0.0
CDMS-12-5A-SRIGO,14.0,12.076923076923077,12.384615384615385,1.0,0.0,0.7692307692307693,0.0,0.0,9.615384615384615,1.0,2.062965541246084,0.17400573282926224,4.0,2.267155067155067,0.0
CDMS-12-6A-FAROPA,14.0,10.25,12.0,2.5,0.0,0.0,0.0,0.0,7.75,1.0,2.3583333333333334,0.20227272727272727,4.75,2.2148809523809523,0.0
CDMS-12-6A-JGIGA,14.0,9.25,9.416666666666666,0.75,0.0,0.5,0.0,0.0,8.916666666666666,1.0,2.0500000000000003,0.22156084656084654,3.9166666666666665,2.3348424723424723,0.0
CDMS-12-6A-JSOTGU,14.0,6.7,7.3,2.0,0.05,0.4,0.05,0.0,5.15,1.05,2.190238095238095,0.26869047619047615,2.65,1.7090476190476191,0.03333333333333333
CDMS-12-6A-SROAL,14.0,10.73913043478261,9.08695652173913,0.43478260869565216,0.0,0.5217391304347826,0.0,0.0,7.521739130434782,1.0,1.6861997905476165,0.16050640181074963,3.9565217391304346,2.136627140974967,0.0
CDMS-12-6B-IJDAGA,14.0,6.625,5.1875,0.0,0.0,0.0,0.0,0.0,5.75,1.0,1.4944444444444445,0.31805555555555554,3.5,1.9024801587301587,0.0
CDMS-12-6B-SCLAG,14.0,10.3,14.2,2.5,0.0,1.9,0.0,0.0,9.7,1.0,2.727307692307692,0.2119047619047619,4.3,2.4233599733599736,0.21822649572649575
CDMS-12-7C-ARAHE,14.0,8.75,9.75,2.0,0.0,0.0,0.0,0.0,8.75,1.0,2.229166666666667,0.22916666666666666,5.0,2.633928571428571,0.0
CDMS-12-7C-CATRAR,14.0,8.736842105263158,10.157894736842104,1.736842105263158,0.0,0.0,0.0,0.0,8.31578947368421,1.0,2.19748321853585,0.2554693844167528,4.052631578947368,2.155631502999924,0.07305865674286727
CDMS-12-7C-DLOLO,14.0,10.2,15.2,6.0,0.0,0.0,0.0,0.0,10.2,1.0,2.98989898989899,0.19797979797979798,4.6,2.4820202020202022,0.0
CDMS-12-7C-JSZAOR,14.0,4.181818181818182,3.1818181818181817,0.0,0.0,0.2727272727272727,0.0,0.0,3.8181818181818183,1.0,1.5,0.4606060606060606,2.4545454545454546,1.5333333333333334,0.0
CDMS-12-7C-MAROBE,14.0,9.666666666666666,9.0,0.0,0.0,0.0,0.0,0.0,8.333333333333334,1.0,1.8666666666666665,0.21666666666666667,4.0,2.0423280423280423,0.0
CDMS-12-7C-VMAPA,14.0,9.0,9.0,0.0,0.0,0.0,0.0,0.0,9.0,1.0,2.0,0.25,4.0,2.2222222222222223,0.0
CDMS-12-7C-VQURA,14.0,8.692307692307692,6.948717948717949,0.15384615384615385,0.0,0.23076923076923078,0.0,0.0,6.205128205128205,1.0,1.5363176709330555,0.23092206938360782,3.2564102564102564,1.8427220927220929,0.0
CDMS-13-6B-ASUMO,14.0,6.5,5.5,0.0,0.0,0.0,0.0,0.0,6.5,1.0,1.688095238095238,0.3119047619047619,3.0,1.8821428571428571,0.0
CDMS-13-6B-JDTAHE,14.0,6.666666666666667,5.833333333333333,0.4444444444444444,0.0,0.0,0.0,0.0,6.111111111111111,1.0,1.7183381433381433,0.31689915023248355,3.7222222222222223,2.0238095238095237,0.0
CDMS-13-7C-MVEAR,14.0,8.333333333333334,10.166666666666666,1.6111111111111112,0.3333333333333333,1.2222222222222223,0.3333333333333333,0.0,8.333333333333334,1.3333333333333333,2.363047138047138,0.27690796857463523,3.1666666666666665,1.9257736091069424,0.0
CDMS-13-7C-RAIZAC,14.0,6.5,6.0,0.5,0.0,1.0,0.0,0.0,5.5,1.0,1.8,0.2571428571428571,3.5,1.9285714285714288,0.0
CDMS-13-7C-SSOSLO,14.0,15.05,15.25,2.0,0.85,2.0,0.5,0.0,10.85,1.5,2.042846761511622,0.11748689734757847,4.2,2.324585414585415,0.0
CDMS-14-10A-IMORTO,14.0,6.388888888888889,7.888888888888889,0.1111111111111111,0.0,0.7222222222222222,0.0,0.0,6.388888888888889,1.0,2.413095238095238,0.44462081128747794,2.7222222222222223,1.6331569664902998,0.019444444444444445
CDMS-14-10A-JCVANI,14.0,7.444444444444445,5.222222222222222,0.5555555555555556,0.0,0.0,0.0,0.0,3.7777777777777777,1.0,1.501395723617946,0.26756371200815643,2.5185185185185186,1.5407407407407407,0.0
CDMS-14-5A-LSDUCO,14.0,9.5,11.5,1.0,0.0,1.0,0.0,0.0,9.5,1.0,2.4222222222222225,0.2361111111111111,4.0,2.1833333333333336,0.13203703703703704
CDMS-14-6B-KDCAHE,14.0,9.133333333333333,6.666666666666667,0.2,0.0,0.0,0.0,0.0,5.266666666666667,1.0,1.4734199134199135,0.1914959114959115,3.8666666666666667,1.963809523809524,0.0
CDMS-15-10A-AMALOS,14.0,9.090909090909092,10.909090909090908,1.4090909090909092,0.4090909090909091,1.8636363636363635,0.4090909090909091,0.0,8.454545454545455,1.4090909090909092,2.4522464908828545,0.22462285189557915,3.090909090909091,1.959084349993441,0.031228956228956228
CDMS-15-10A-JJMACH,14.0,15.733333333333333,15.266666666666667,2.4,0.0,0.0,0.0,0.0,9.733333333333333,1.0,1.9654056899412935,0.11415167506498776,4.333333333333333,2.3286195286195284,0.0
CDMS-15-10A-MAALCA,14.0,5.7272727272727275,6.636363636363637,1.0909090909090908,0.0,1.0909090909090908,0.0,0.0,5.363636363636363,1.0,2.261038961038961,0.3471861471861472,2.272727272727273,1.6705627705627706,0.0
CDMS-15-10A-MAALRI,14.0,13.0,11.538461538461538,1.3076923076923077,0.0,0.0,0.0,0.0,9.076923076923077,1.0,1.784024309024309,0.13665650588727513,3.0,2.0891330891330893,0.0
CDMS-15-10A-SGOMO,14.0,13.0,11.266666666666667,0.7333333333333333,0.0,0.0,0.0,0.0,6.733333333333333,1.0,1.7471835571835572,0.14081807081807082,3.466666666666667,1.9133333333333333,0.0
CDMS-15-10A-SHEGA,14.0,14.0,10.7,0.1,1.0,0.0,1.0,0.0,6.7,2.0,1.5295970695970695,0.10586080586080586,4.0,2.144761904761905,0.0
CDMS-15-11B-JEMOLO,14.0,9.725,13.15,3.9,0.0,0.0,0.0,0.0,8.95,1.0,2.6879578754578755,0.23079559329559327,3.8,2.088422410922411,0.05601114163614164
CDMS-15-11B-VSAHO,14.0,8.5,10.8,1.8,0.4,0.7,0.4,0.0,8.5,1.4,2.557380952380952,0.2546825396825397,4.4,2.3092063492063493,0.0890542328042328
CDMS-16-10A-SGALO,14.0,7.764705882352941,5.352941176470588,0.17647058823529413,0.0,0.0,0.0,0.0,4.588235294117647,1.0,1.3590569561157797,0.19593837535014005,2.823529411764706,1.6827731092436975,0.0
CDMS-16-11B-NGABE,14.0,13.583333333333334,17.25,3.5833333333333335,0.0,0.75,0.0,0.0,12.916666666666666,1.0,2.547130647130647,0.15207570207570206,4.0,2.3224969474969472,0.0379542415256701
CDMS-17-10A-ASSAMO,14.0,4.0,2.0,0.0,0.0,0.0,0.0,0.0,2.0,1.0,1.0,0.3333333333333333,1.0,1.0,0.0
CDMS-18-7C-VVECA,14.0,4.538461538461538,5.846153846153846,1.3846153846153846,0.0,0.9230769230769231,0.0,0.0,4.538461538461538,1.0,2.5611721611721614,0.4824175824175824,2.230769230769231,1.5622710622710623,0.0
CDMS-8-4A-DBEVA,14.0,6.857142857142857,6.857142857142857,1.7857142857142858,0.0,0.0,0.0,0.0,5.285714285714286,1.0,2.072845804988662,0.2942176870748299,3.357142857142857,1.8714285714285717,0.0
CDMS-8-4A-DJAVDA,14.0,4.5,4.7,0.5,0.0,0.0,0.0,0.0,4.3,1.0,2.1333333333333333,0.5599999999999999,2.5,1.48,0.0
CDMS-8-4A-DOSTR,14.0,8.277777777777779,9.194444444444445,2.25,0.0,1.1388888888888888,0.0,0.0,6.694444444444445,1.0,2.0631032547699215,0.23443161776495108,2.8333333333333335,1.7819745069745072,0.02205687830687831
CDMS-8-4A-LGOPA,14.0,10.473684210526315,10.526315789473685,3.0,0.0,0.05263157894736842,0.0,0.0,5.526315789473684,1.0,2.0077454709033655,0.15168574115942537,3.526315789473684,1.942481203007519,0.0
CDMS-8-4C-JDBUTU,14.0,6.166666666666667,4.611111111111111,0.5,0.0,0.0,0.0,0.0,4.055555555555555,1.0,1.4862433862433864,0.26031746031746034,2.9444444444444446,1.662962962962963,0.0
CDMS-9-4A-ACDUTR,14.0,7.555555555555555,7.333333333333333,1.0,0.0,0.0,0.0,0.0,7.111111111111111,1.0,1.9506172839506175,0.2641093474426808,3.3333333333333335,1.9637566137566138,0.0
CDMS-9-4A-CARGA,14.0,8.777777777777779,11.444444444444445,2.7777777777777777,1.5555555555555556,0.4444444444444444,0.8888888888888888,0.0,7.0,1.8888888888888888,2.656004489337823,0.2250521083854417,3.7777777777777777,2.0939153439153437,0.06481481481481481
CDMS-9-4A-CRAAG,14.0,8.384615384615385,9.153846153846153,1.6923076923076923,0.0,0.5384615384615384,0.0,0.0,7.615384615384615,1.0,2.178205128205128,0.22844932844932847,3.6923076923076925,2.0463369963369966,0.0
CDMS-9-4A-EROHI,14.0,11.5625,11.9375,1.75,0.1875,0.1875,0.1875,0.0,10.0625,1.1875,2.0601483585858587,0.17057456432456433,4.625,2.377718808968809,0.0
CDMS-9-4A-ILOSE,14.0,16.5,18.0,1.5,0.0,0.0,0.0,0.0,12.5,1.0,2.1832244008714596,0.12972689075630253,4.0,2.2657342657342654,0.09365991151705437
CDMS-9-4A-TGAFR,14.0,5.9375,7.0,1.3125,0.0,0.3125,0.0,0.0,5.3125,1.0,2.4135416666666667,0.38720238095238096,2.875,1.6770833333333335,0.2760416666666667
CDMS-9-4C-SCAMO,14.0,6.833333333333333,6.166666666666667,0.3333333333333333,0.0,0.0,0.0,0.0,6.833333333333333,1.0,1.7996031746031746,0.29563492063492064,4.0,2.1809523809523808,0.0
CDMS-9-5A-ABERO,14.0,7.333333333333333,7.333333333333333,1.1666666666666667,0.0,0.0,0.0,0.0,5.888888888888889,1.0,2.0044973544973548,0.3053711720378387,3.5,1.9497354497354498,0.05555555555555555
CDMS-9-5A-PAGACO,14.0,9.923076923076923,8.538461538461538,1.2307692307692308,0.0,0.0,0.0,0.0,6.230769230769231,1.0,1.7286713286713287,0.1667665667665668,3.230769230769231,1.953846153846154,0.037545787545787544
CDMS-9-5A-VVAAR,14.0,7.454545454545454,6.363636363636363,0.9090909090909091,0.0,0.0,0.0,0.0,5.454545454545454,1.0,1.6586580086580085,0.23138528138528136,3.3636363636363638,1.8653679653679653,0.0
CDMS-9-5C-JDMADE,14.0,6.0,4.333333333333333,0.0,0.0,0.0,0.0,0.0,4.0,1.0,1.4523809523809526,0.3253968253968254,3.0,1.6666666666666667,0.0
CDMS-9-5C-LVIZAC,14.0,5.470588235294118,3.235294117647059,0.0,0.0,0.17647058823529413,0.0,0.0,2.4705882352941178,1.0,1.2794117647058822,0.24719887955182074,1.6666666666666667,1.222222222222222,0.0
CDMS-9-5C-MLOGO,14.0,9.157894736842104,9.789473684210526,2.4210526315789473,0.0,0.0,0.0,0.0,7.157894736842105,1.0,2.1308688387635755,0.2145325434799119,3.1578947368421053,2.0021720969089394,0.1368421052631579
CDMS-9-5C-SCAAG,14.0,9.571428571428571,8.785714285714286,0.5714285714285714,0.0,0.0,0.0,0.0,8.714285714285714,1.0,1.8045918367346938,0.20388579674293958,3.9285714285714284,2.235523603380746,0.0
CDMS-XX-10A-VGILO,14.0,12.928571428571429,12.0,0.21428571428571427,0.0,0.6428571428571429,0.0,0.0,9.142857142857142,1.0,1.85362296433725,0.14777563706135136,3.642857142857143,2.094090433376148,0.10490706383563526
CDMS-XX-5C-MJSARU,14.0,6.928571428571429,6.857142857142857,0.8571428571428571,0.0,0.0,0.0,0.0,6.214285714285714,1.0,1.9720521541950116,0.3094671201814059,4.0,2.066666666666667,0.10615079365079363
CDMS-XX-5C-MPCAQU,14.0,8.181818181818182,8.727272727272727,1.2727272727272727,0.0,0.0,0.0,0.0,7.636363636363637,1.0,2.198989898989899,0.27445887445887446,4.0,2.0904040404040405,0.0
CDMS-XX-6A-MAGICA,14.0,9.666666666666666,7.571428571428571,0.42857142857142855,0.07142857142857142,0.0,0.07142857142857142,0.0,5.809523809523809,1.0714285714285714,1.580469794755509,0.21338000623714912,3.5,1.9982237339380198,0.0
CDMS-XX-6B-SPUCA,14.0,6.7727272727272725,8.636363636363637,2.727272727272727,0.0,0.18181818181818182,0.0,0.0,6.681818181818182,1.0,2.397632165813984,0.3880985176439722,2.772727272727273,1.7993506493506493,0.0
CSO-10-4A-ICAPA,14.0,11.76923076923077,12.23076923076923,2.3846153846153846,0.0,0.0,0.0,0.0,9.923076923076923,1.0,2.0759368836291916,0.16054415669800284,4.769230769230769,2.4582861582861586,0.0
CSO-10-4A-KCOMO,14.0,9.76,13.4,3.92,0.0,0.08,0.0,0.0,9.68,1.0,2.710888888888889,0.22111688311688313,3.32,2.1084300144300143,0.06546440596440596
CSO-10-4A-LRAVI,14.0,6.833333333333333,10.666666666666666,3.8333333333333335,0.0,0.0,0.0,0.0,6.833333333333333,1.0,3.119047619047619,0.3444444444444444,3.0,1.876190476190476,0.0
CSO-10-4A-LSCAVA,14.0,5.6875,4.375,0.0,0.0,0.0,0.0,0.0,4.9375,1.0,1.5214285714285714,0.3306547619047619,2.6875,1.7166666666666668,0.0
CSO-10-5A-ACAVA,14.0,8.647058823529411,8.294117647058824,0.8823529411764706,0.0,0.0,0.0,0.0,8.176470588235293,1.0,1.9153594771241829,0.22549019607843135,3.3529411764705883,1.9765639589169002,0.0
CSO-10-5A-ARACA,14.0,3.6,3.25,0.8,0.0,0.0,0.0,0.0,3.15,1.0,1.719047619047619,0.6621428571428571,2.15,1.3833333333333333,0.0
CSO-10-5A-DABRZA,14.0,9.95,8.45,0.9,0.0,0.15,0.0,0.0,6.9,1.0,1.677967032967033,0.17902153402153403,4.2,2.1280158730158734,0.0
CSO-10-5A-GZAMA,14.0,11.214285714285714,14.5,3.142857142857143,0.0,0.6428571428571429,0.0,0.0,10.714285714285714,1.0,2.599340342197485,0.19090750519321947,4.428571428571429,2.2891414141414144,0.08593107950250807
CSO-10-5A-IPECA,14.0,14.333333333333334,20.666666666666668,7.0,0.0,0.6666666666666666,0.0,0.0,13.666666666666666,1.0,2.8825396825396825,0.136019536019536,4.0,2.282917082917083,0.0
CSO-10-5A-JANORO,14.0,8.727272727272727,7.909090909090909,0.0,0.0,0.18181818181818182,0.0,0.0,8.727272727272727,1.0,1.8146464646464648,0.2308080808080808,4.7272727272727275,2.3399711399711403,0.0
CSO-10-5A-JBUVE,14.0,9.25,6.125,0.0,0.0,0.0,0.0,0.0,4.25,1.0,1.3285714285714285,0.16448412698412698,2.75,1.65,0.0
CSO-10-5A-JJSEMO,14.0,7.142857142857143,7.142857142857143,1.5714285714285714,0.0,0.42857142857142855,0.0,0.0,5.142857142857143,1.0,2.0047619047619047,0.24359410430839,2.357142857142857,1.6108843537414965,0.0
CSO-10-5A-JLCARI,14.0,9.428571428571429,8.714285714285714,1.0,0.0,0.0,0.0,0.0,5.285714285714286,1.0,1.8412698412698414,0.19343434343434346,3.0,1.780952380952381,0.07142857142857142
CSO-10-5A-MAARAN,14.0,10.875,13.375,2.75,0.0,0.0,0.0,0.0,9.125,1.0,2.484396853146853,0.20809815184815184,3.5,2.071807359307359,0.15348484848484847
CSO-10-5A-MAOSMO,14.0,6.185185185185185,4.925925925925926,0.4074074074074074,0.0,0.0,0.0,0.0,4.481481481481482,1.0,1.5857142857142859,0.304673721340388,2.7777777777777777,1.6656966490299823,0.0
CSO-10-5A-RVMOIB,14.0,11.428571428571429,10.928571428571429,0.5,0.0,0.21428571428571427,0.0,0.0,9.714285714285714,1.0,1.8817642674785533,0.1717976467976468,3.9285714285714284,2.2439187796330655,0.0
CSO-10-5A-SVHEES,14.0,11.555555555555555,13.055555555555555,2.611111111111111,0.0,0.0,0.0,0.0,9.222222222222221,1.0,2.2351155017821682,0.17196538029871364,3.888888888888889,2.218935385602052,0.0
CSO-11-5A-MDVOSPE,14.0,10.142857142857142,10.571428571428571,2.857142857142857,0.0,0.0,0.0,0.0,7.285714285714286,1.0,2.075108225108225,0.16937229437229437,4.0,2.172789115646258,0.0
CSO-11-5A-MTAGA,14.0,7.333333333333333,5.866666666666666,0.4666666666666667,0.0,0.0,0.0,0.0,5.066666666666666,1.0,1.6044444444444443,0.2696825396825397,2.533333333333333,1.7244444444444444,0.0
CSO-11-6A-CAPAMU,14.0,8.2,7.333333333333333,0.5333333333333333,0.0,0.0,0.0,0.0,6.6,1.0,1.8320875420875422,0.2559114959114959,3.8,2.047936507936508,0.0
CSO-11-6A-DSCACH,14.0,6.555555555555555,5.222222222222222,0.3333333333333333,0.0,0.3333333333333333,0.0,0.0,4.555555555555555,1.0,1.6243386243386242,0.2661375661375661,3.3333333333333335,1.7925925925925925,0.0
CSO-11-6A-EROMO,14.0,10.923076923076923,10.615384615384615,0.9230769230769231,0.0,0.0,0.0,0.0,10.461538461538462,1.0,1.9462759462759462,0.1827932751009674,4.769230769230769,2.587090687090687,0.0
CSO-11-6A-FSOVRE,14.0,8.64,7.48,0.44,0.08,0.0,0.08,0.0,6.92,1.08,1.7112449772449774,0.2225234765234765,4.0,2.1311746031746033,0.0
CSO-11-6B-ANREVA,14.0,10.333333333333334,11.333333333333334,1.6666666666666667,0.0,0.0,0.0,0.0,9.666666666666666,1.0,2.162302512302512,0.20765037431704098,4.555555555555555,2.3860269360269357,0.0
CSO-11-6B-DISEMO,14.0,7.5,9.666666666666666,3.3333333333333335,0.0,0.0,0.0,0.0,5.5,1.0,2.5907407407407406,0.27499999999999997,2.3333333333333335,1.5563492063492064,0.38412698412698415
CSO-11-6B-LHFDLACH,14.0,7.8125,6.1875,0.0,0.0,0.0,0.0,0.0,6.5625,1.0,1.584375,0.2611111111111111,3.875,2.048958333333333,0.0
CSO-11-6B-RJGIHE,14.0,4.214285714285714,3.2857142857142856,0.35714285714285715,0.0,0.2857142857142857,0.0,0.0,3.0714285714285716,1.0,1.336734693877551,0.5850340136054422,1.7142857142857142,1.2857142857142858,0.0
CSO-11-6B-SFLVA,14.0,12.6,16.8,2.0,0.0,0.0,0.0,0.0,11.0,1.0,2.674125874125874,0.20475524475524476,5.0,2.272727272727273,0.1181818181818182
CSO-11-6B-VCOMA,14.0,6.444444444444445,7.444444444444445,2.4444444444444446,0.0,0.0,0.0,0.0,5.111111111111111,1.0,2.17283950617284,0.31534391534391537,2.888888888888889,1.7714285714285714,0.07760141093474426
CSO-12-6A-DGISE,14.0,8.25,5.875,0.0,0.0,0.0,0.0,0.0,4.75,1.0,1.4077380952380953,0.19613095238095238,3.5,1.8666666666666667,0.0
CSO-12-6A-FJOVRE,14.0,8.071428571428571,7.928571428571429,0.6428571428571429,0.0,0.0,0.0,0.0,7.928571428571429,1.0,1.9621315192743762,0.2611111111111111,4.0,2.2370181405895693,0.0
CSO-12-6B-GQULO,14.0,11.333333333333334,11.88888888888889,1.0,0.0,0.7777777777777778,0.0,0.0,8.88888888888889,1.0,2.0852542519209183,0.17244668911335578,3.7777777777777777,2.1210517877184545,0.0355181444070333
CSO-12-6B-LJHEFE,14.0,11.75,10.75,1.5,0.0,0.0,0.0,0.0,8.75,1.0,1.827922077922078,0.1484015984015984,3.0,1.9373015873015873,0.0
CSO-12-6B-VPAMA,14.0,5.0,6.0,2.0,0.0,0.0,0.0,0.0,5.0,1.0,2.4,0.4000000000000001,3.3333333333333335,1.8666666666666665,0.0
CSO-12-7A-DALRE,14.0,6.631578947368421,8.421052631578947,2.4210526315789473,0.0,0.0,0.0,0.0,5.894736842105263,1.0,2.4594820384294067,0.3175438596491228,2.8421052631578947,1.6863826232247283,0.18659147869674186
CSO-12-7A-ESALA,14.0,4.266666666666667,2.6,0.2,0.0,0.0,0.0,0.0,2.533333333333333,1.0,1.1555555555555554,0.40444444444444444,1.5333333333333334,1.1777777777777778,0.0
CSO-12-7A-IMERO,14.0,5.866666666666666,5.733333333333333,0.9777777777777777,0.0,0.0,0.0,0.0,5.644444444444445,1.0,1.858130511463845,0.39975308641975305,3.2444444444444445,1.8396119929453265,0.0
CSO-12-7A-JHEZA,14.0,3.8823529411764706,2.7058823529411766,0.5294117647058824,0.0,0.0,0.0,0.0,2.4705882352941178,1.0,1.3431372549019607,0.49607843137254903,1.4705882352941178,1.156862745098039,0.0
CSO-12-7A-LSARAR,14.0,12.2,13.1,0.5,0.0,0.0,0.0,0.0,11.8,1.0,2.139010989010989,0.18652181152181152,4.0,2.3652508602508604,0.0
CSO-12-7A-SCAHO,14.0,8.909090909090908,7.5,1.6363636363636365,0.0,0.0,0.0,0.0,4.2272727272727275,1.0,1.637542255724074,0.2039954994500449,2.4545454545454546,1.542857142857143,0.06385281385281384
CSO-12-7B-DVAGRO,14.0,5.8125,5.6875,0.625,0.0,1.375,0.0,0.0,4.3125,1.0,1.9583333333333333,0.29732142857142857,2.75,1.6541666666666668,0.0
CSO-12-7B-SMUGU,14.0,5.230769230769231,6.538461538461538,1.0,0.0,0.7692307692307693,0.0,0.0,4.923076923076923,1.0,2.5461538461538464,0.44890109890109886,2.3076923076923075,1.5769230769230769,0.2858974358974359
CSO-12-7B-SSARA,14.0,7.5,7.444444444444445,1.5,0.0,2.5,0.0,0.0,4.388888888888889,1.0,1.998817540484207,0.20949174282507615,2.1666666666666665,1.4687830687830687,0.0
CSO-12-7B-VHOMA,14.0,6.208333333333333,6.291666666666667,1.6666666666666667,0.0,0.041666666666666664,0.0,0.0,4.958333333333333,1.0,2.0063492063492063,0.2963293650793651,2.75,1.7162698412698412,0.0
CSO-12-8A-YTOME,14.0,11.0,10.4,1.6,0.0,0.8,0.0,0.0,5.4,1.0,1.8828282828282827,0.14606060606060606,3.4,1.9266666666666665,0.0
CSO-13-6A-ANASA,14.0,9.236842105263158,9.5,1.0789473684210527,0.0,0.0,0.0,0.0,7.7105263157894735,1.0,1.9472554492291334,0.2888562460930882,3.6315789473684212,1.972917579496527,0.0
CSO-13-6B-JETAVE,14.0,9.142857142857142,9.571428571428571,1.8928571428571428,0.0,0.0,0.0,0.0,8.071428571428571,1.0,2.0988378684807256,0.21495052566481138,4.0,2.257908163265306,0.0
CSO-13-6B-LFMIES,14.0,7.75,8.25,1.375,0.0,0.125,0.0,0.0,6.375,1.0,2.138392857142857,0.2619047619047619,2.875,1.7821428571428573,0.15148809523809523
CSO-13-6B-LJMAHU,14.0,7.7407407407407405,7.62962962962963,2.111111111111111,0.0,0.0,0.0,0.0,4.851851851851852,1.0,1.9998931110042222,0.24485863930308374,2.6296296296296298,1.7012345679012346,0.0
CSO-13-7A-CAPAMU,14.0,6.666666666666667,5.142857142857143,0.6190476190476191,0.0,0.0,0.0,0.0,4.380952380952381,1.0,1.5537414965986394,0.27052154195011335,2.4285714285714284,1.5777777777777777,0.0
CSO-13-7A-CDDITR,14.0,2.7,1.8,0.0,0.0,0.1,0.0,0.0,2.7,1.0,1.3,0.7666666666666666,1.7,1.2333333333333332,0.0
CSO-13-7A-JJATFL,14.0,9.666666666666666,9.444444444444445,0.7777777777777778,0.0,0.0,0.0,0.0,8.333333333333334,1.0,1.948148148148148,0.20555555555555557,4.0,2.178571428571429,0.06861111111111111
CSO-13-7A-KRAMA,14.0,9.833333333333334,13.5,3.0,0.0,0.0,0.0,0.0,8.5,1.0,2.693376068376068,0.2472989972989973,3.3333333333333335,1.9076960076960077,0.0
CSO-13-7A-RXCHLU,14.0,7.166666666666667,7.5,0.5,1.1666666666666667,0.6666666666666666,0.6666666666666666,0.0,5.666666666666667,1.6666666666666667,2.214814814814815,0.28055555555555556,2.8333333333333335,1.8055555555555556,0.0
CSO-13-7A-YAMEZA,14.0,9.733333333333333,14.466666666666667,5.933333333333334,0.0,0.06666666666666667,0.0,0.0,7.6,1.0,3.0461316461316463,0.2271128871128871,3.6666666666666665,2.035132275132275,0.12514991181657847
CSO-13-7A-YBOSO,14.0,4.888888888888889,5.666666666666667,2.7777777777777777,0.0,0.0,0.0,0.0,2.888888888888889,1.0,2.322222222222222,0.3037037037037037,1.8888888888888888,1.2962962962962963,0.0
CSO-13-8A-KIGAGU,14.0,7.0,11.0,2.3333333333333335,0.0,1.0,0.0,0.0,7.0,1.0,3.142857142857143,0.36507936507936506,3.0,1.7777777777777777,0.1365079365079365
CSO-13-8A-MBUAN,14.0,8.851851851851851,9.444444444444445,0.8888888888888888,0.2962962962962963,0.4444444444444444,0.2962962962962963,0.0,6.592592592592593,1.2962962962962963,2.1296109240553687,0.23009726898615787,3.7777777777777777,1.9763668430335097,0.04080932784636488
CSO-13-8A-MGAAN,14.0,5.95,5.3,0.85,0.0,0.5,0.0,0.0,4.45,1.0,1.825595238095238,0.33190476190476187,3.15,1.7583333333333333,0.0
CSO-13-8A-MGAHE,14.0,8.25,10.2,1.9,0.0,0.15,0.0,0.0,8.25,1.0,2.426161616161616,0.3026190476190476,3.65,2.052647907647908,0.04190909090909091
CSO-13-8A-MJAGA,14.0,8.666666666666666,7.0,1.0,0.0,0.8333333333333334,0.0,0.0,3.6666666666666665,1.0,1.6157407407407407,0.15674603174603174,2.0,1.4444444444444444,0.0
CSO-13-8A-VHODU,14.0,9.0,10.5,0.0,0.8333333333333334,1.0,0.8333333333333334,0.0,9.0,1.8333333333333333,2.3333333333333335,0.24074074074074073,4.0,2.1296296296296293,0.0
CSO-13-8B-FCJISA,14.0,3.357142857142857,2.0714285714285716,0.35714285714285715,0.0,0.0,0.0,0.0,2.0714285714285716,1.0,1.1615646258503403,0.6469387755102041,1.0714285714285714,1.023809523809524,0.0
CSO-13-8B-JEMABE,14.0,13.0,13.0,1.6666666666666667,0.0,0.0,0.0,0.0,11.666666666666666,1.0,1.9974358974358974,0.1463147963147963,4.0,2.35001295001295,0.0
CSO-13-9B-DMLLLU,14.0,8.75,8.25,1.5,0.0,0.0,0.0,0.0,6.75,1.0,1.875,0.19940476190476192,3.0,1.9595238095238097,0.0
CSO-14-7A-MVEBE,14.0,8.0,7.0,1.0,0.0,0.0,0.0,0.0,6.0,1.0,1.75,0.21428571428571427,3.0,1.8666666666666667,0.0
CSO-14-7B-EALHU,14.0,6.5,6.428571428571429,1.5714285714285714,0.0,0.14285714285714285,0.0,0.0,4.928571428571429,1.0,1.9974489795918369,0.267687074829932,3.0,1.761904761904762,0.0
CSO-14-7B-EVEGO,14.0,7.27906976744186,5.372093023255814,0.7441860465116279,0.0,0.0,0.0,0.0,3.9767441860465116,1.0,1.499848988221081,0.23027618376455583,2.511627906976744,1.548172757475083,0.0
CSO-14-8A-AQUMA,14.0,7.25,5.5,0.25,0.0,0.0,0.0,0.0,4.333333333333333,1.0,1.513888888888889,0.2329365079365079,2.0,1.5222222222222221,0.0
CSO-14-8A-MCIDOS,14.0,5.636363636363637,5.2727272727272725,0.0,0.0,0.0,0.0,0.0,5.454545454545454,1.0,1.7454545454545454,0.4779220779220779,2.8181818181818183,1.6874458874458875,0.0
CSO-14-8A-SZARA,14.0,7.0625,5.75,0.1875,0.0,0.0,0.0,0.0,5.5625,1.0,1.5989087301587301,0.26339285714285715,3.75,1.9787698412698413,0.0
CSO-14-8B-JLLORA,14.0,8.166666666666666,7.333333333333333,1.8333333333333333,0.0,0.0,0.0,0.0,4.833333333333333,1.0,1.8055555555555554,0.19246031746031744,2.8333333333333335,1.75,0.0
CSO-14-9A-AEDCAGO,14.0,7.684210526315789,7.7894736842105265,0.6842105263157895,0.0,0.0,0.0,0.0,7.684210526315789,1.0,2.024436090225564,0.27631578947368424,3.1578947368421053,2.014411027568922,0.06330409356725146
CSO-14-9A-HASACA,14.0,9.285714285714286,8.142857142857142,0.5714285714285714,0.0,0.14285714285714285,0.0,0.0,7.571428571428571,1.0,1.7589466089466088,0.1955988455988456,4.0,2.2029478458049887,0.0
CSO-14-9A-JSMAAL,14.0,9.466666666666667,10.2,1.0666666666666667,0.0,1.0,0.0,0.0,7.8,1.0,2.1455122655122656,0.20238095238095238,3.533333333333333,1.9543819143819146,0.09431457431457431
CSO-14-9A-MARJA,14.0,6.388888888888889,6.333333333333333,0.4444444444444444,0.0,0.5,0.0,0.0,5.611111111111111,1.0,1.9705026455026458,0.3232804232804233,3.0555555555555554,1.8243386243386241,0.0
CSO-14-9A-SORZU,14.0,5.7,5.4,1.1,0.0,0.0,0.0,0.0,4.5,1.0,1.888095238095238,0.35333333333333333,2.9,1.7133333333333334,0.0
CSO-14-9B-ERAGA,14.0,8.285714285714286,6.285714285714286,0.0,0.0,0.0,0.0,0.0,4.714285714285714,1.0,1.5158730158730158,0.20861678004535147,2.0,1.561904761904762,0.0
CSO-14-9B-MFEGA,14.0,6.0,6.0,1.0,0.0,2.0,0.0,0.0,4.0,1.0,2.0,0.26666666666666666,2.0,1.5,0.0
CSO-15-10A-LJRAGU,14.0,16.3,23.5,4.4,0.2,0.7,0.2,0.0,16.3,1.2,2.8875,0.14637254901960783,5.1,2.7294117647058824,0.03387079831932773
CSO-15-10A-MAARLO,14.0,5.6,6.6,0.2,0.0,1.0,0.0,0.0,5.0,1.0,2.37,0.45,3.0,1.6,0.0
CSO-15-10A-SFEGA,14.0,9.428571428571429,9.428571428571429,1.4285714285714286,0.0,0.0,0.0,0.0,8.0,1.0,2.0066790352504635,0.20941043083900227,4.0,2.1624716553287984,0.04497354497354498
CSO-15-10B-MEBUAR,14.0,5.625,4.0,0.0,0.0,0.375,0.0,0.0,3.625,1.0,1.425,0.2791666666666667,2.0,1.4375,0.0
CSO-15-10B-YVBUAN,14.0,8.4,8.9,1.0,0.0,0.0,0.0,0.0,7.2,1.0,2.1574725274725273,0.2756898656898657,3.9,2.1076190476190475,0.0
CSO-15-10C-ALBAHO,14.0,5.1,4.8,0.8,0.0,0.0,0.0,0.0,4.9,1.0,1.9100000000000001,0.4,3.2,1.83,0.0
CSO-15-10C-SSCAMO,14.0,4.8076923076923075,3.923076923076923,0.5384615384615384,0.0,0.0,0.0,0.0,3.9615384615384617,1.0,1.5782051282051281,0.37069597069597066,2.3076923076923075,1.5197802197802197,0.0
CSO-15-11C-JETALO,14.0,6.451612903225806,5.935483870967742,0.8709677419354839,0.0,0.3225806451612903,0.0,0.0,5.129032258064516,1.0,1.8040706605222734,0.2943164362519201,2.6129032258064515,1.7047619047619047,0.0
CSO-15-7B-JCRAGA,14.0,5.0,6.5,2.0,1.5,0.0,0.5,0.0,5.0,1.5,2.5999999999999996,0.4,3.0,1.8,0.0
CSO-15-8A-VBMABR,14.0,12.4,10.1,0.8,0.0,0.0,0.0,0.0,8.2,1.0,1.6325496725496726,0.13886890886890885,4.0,2.212698412698413,0.0
CSO-15-8B-KEPOGO,14.0,10.7,8.1,0.0,0.0,0.0,0.0,0.0,5.8,1.0,1.507051282051282,0.16253746253746254,3.6,2.013333333333333,0.0
CSO-15-9B-ALRIHE,14.0,7.857142857142857,7.428571428571429,1.0,0.0,0.5714285714285714,0.0,0.0,5.857142857142857,1.0,1.9047619047619047,0.2193877551020408,2.0,1.6489795918367347,0.0
CSO-15-9B-AMSAGO,14.0,9.125,6.25,0.125,0.0,0.0,0.0,0.0,5.125,1.0,1.31482683982684,0.1661075036075036,3.0,1.7577380952380954,0.0
CSO-15-9B-JCAPA,14.0,9.142857142857142,7.428571428571429,0.42857142857142855,0.0,0.6428571428571429,0.0,0.0,4.142857142857143,1.0,1.629411461554319,0.17603586889301173,2.0,1.5095238095238095,0.0
CSO-15-9B-KSBEJA,14.0,7.888888888888889,9.444444444444445,2.2222222222222223,0.0,0.0,0.0,0.0,6.777777777777778,1.0,2.4098765432098768,0.29320987654320985,2.0,1.6529100529100529,0.27804232804232804
CSO-15-9B-RMCHLU,14.0,9.066666666666666,9.133333333333333,1.1333333333333333,0.0,0.4666666666666667,0.0,0.0,7.333333333333333,1.0,2.02989417989418,0.21017797017797019,4.0,2.117936507936508,0.08793650793650794
CSO-15-9B-SJAGRO,14.0,7.75,5.0,0.0,0.0,0.0,0.0,0.0,4.25,1.0,1.2791666666666666,0.20297619047619048,2.0,1.5083333333333333,0.0
CSO-16-10A-JEGAHE,14.0,8.214285714285714,6.428571428571429,0.6428571428571429,0.0,0.14285714285714285,0.0,0.0,5.0,1.0,1.5593537414965988,0.1965419501133787,2.9285714285714284,1.7683673469387755,0.0
CSO-16-10A-MSACO,14.0,7.5,7.6875,1.1875,0.5,0.3125,0.25,0.0,5.6875,1.25,2.104563492063492,0.25704365079365077,3.25,1.8793650793650793,0.0
CSO-16-10A-SARI,14.0,9.571428571428571,9.0,1.0,0.0,0.0,0.0,0.0,6.285714285714286,1.0,1.8883116883116884,0.19877344877344877,3.7142857142857144,1.9387755102040816,0.2868480725623582
CSO-16-10A-SMOUT,14.0,14.0,14.76923076923077,0.6923076923076923,0.0,0.0,0.0,0.0,12.615384615384615,1.0,2.0996586746586745,0.15443018519941598,4.0,2.335735204965974,0.023617123617123616
CSO-16-10A-YKMUJO,14.0,10.272727272727273,9.909090909090908,0.9090909090909091,0.0,0.0,0.0,0.0,9.363636363636363,1.0,1.9228650137741048,0.18943985307621672,4.636363636363637,2.489006952643316,0.016473829201101926
CSO-16-10B-JESUGU,14.0,6.888888888888889,6.222222222222222,0.3333333333333333,0.0,0.0,0.0,0.0,6.888888888888889,1.0,1.8095238095238093,0.291005291005291,4.0,2.092063492063492,0.0
CSO-16-10B-LTVIFA,14.0,6.5625,4.875,0.0,0.0,0.0,0.0,0.0,5.125,1.0,1.4729166666666667,0.2675595238095238,2.6875,1.7354166666666666,0.0
CSO-16-10B-VVILI,14.0,8.166666666666666,8.444444444444445,0.7222222222222222,0.0,0.0,0.0,0.0,8.166666666666666,1.0,2.0600088183421517,0.2665343915343915,3.611111111111111,2.122310405643739,0.0
CSO-16-10C-ACALGU,14.0,8.454545454545455,5.818181818181818,0.13636363636363635,0.0,0.0,0.0,0.0,4.818181818181818,1.0,1.361038961038961,0.18726551226551225,2.590909090909091,1.6535714285714285,0.0
CSO-16-10C-MAVAVE,14.0,5.083333333333333,3.9444444444444446,0.1111111111111111,0.0,0.3888888888888889,0.0,0.0,3.638888888888889,1.0,1.4659611992945325,0.4585978835978836,2.388888888888889,1.482010582010582,0.0
CSO-16-11A-JAVABO,14.0,6.5625,8.0,3.1875,0.0,0.0,0.0,0.0,5.0625,1.0,2.3112599206349205,0.3350694444444444,3.8125,1.9547619047619047,0.0
CSO-16-11A-JDMUVA,14.0,4.6875,3.1875,0.0,0.0,0.0,0.0,0.0,3.6875,1.0,1.3583333333333334,0.4125,2.375,1.5,0.0
CSO-16-11A-VZAOR,14.0,8.555555555555555,7.333333333333333,0.0,0.0,0.0,0.0,0.0,5.111111111111111,1.0,1.6901234567901233,0.2257495590828924,2.5555555555555554,1.5576719576719578,0.12830687830687829
CSO-16-11B-KRORE,14.0,9.5,10.9375,1.9375,0.0,0.5,0.0,0.0,8.75,1.0,2.270138888888889,0.20967712842712843,4.0,2.1883477633477635,0.0
CSO-16-11B-LLOZA,14.0,10.777777777777779,9.722222222222221,1.5555555555555556,0.0,0.0,0.0,0.0,7.5,1.0,1.802866269532936,0.16022773522773523,4.166666666666667,2.1713403880070548,0.0
CSO-16-11B-YAROMO,14.0,6.2631578947368425,5.842105263157895,0.3157894736842105,0.0,0.3684210526315789,0.0,0.0,6.052631578947368,1.0,1.7936507936507937,0.34502923976608185,2.4210526315789473,1.7477861319966583,0.0
CSO-16-9A-JALEMO,14.0,5.625,4.125,0.375,0.0,0.0,0.0,0.0,3.875,1.0,1.3973214285714286,0.29464285714285715,2.25,1.5,0.0
CSO-16-9A-JPROSO,14.0,10.75,7.916666666666667,0.3333333333333333,0.0,0.0,0.0,0.0,5.666666666666667,1.0,1.4896640396640397,0.15057812557812558,3.3333333333333335,1.8936507936507938,0.10138888888888888
CSO-16-9A-JSMAGU,14.0,6.363636363636363,4.090909090909091,0.0,0.0,0.0,0.0,0.0,3.8181818181818183,1.0,1.2763872491145218,0.33082775810048537,2.090909090909091,1.445887445887446,0.0
CSO-16-9B-SJPAJI,14.0,7.6,8.0,0.4,0.0,1.4,0.0,0.0,7.6,1.0,2.1,0.2642857142857143,2.0,1.7357142857142858,0.0
CSO-17-10A-YVGOCA,14.0,13.0,14.0,2.0,0.0,2.0,0.0,0.0,11.0,1.0,2.1538461538461537,0.14102564102564102,4.0,2.109090909090909,0.0
CSO-17-10B-EHECO,14.0,7.0,4.571428571428571,0.2857142857142857,0.0,0.21428571428571427,0.0,0.0,3.142857142857143,1.0,1.3463151927437642,0.23072562358276644,2.142857142857143,1.380952380952381,0.0
CSO-17-10B-YCQUVE,14.0,5.653846153846154,4.846153846153846,0.23076923076923078,0.0,0.19230769230769232,0.0,0.0,5.1923076923076925,1.0,1.7330586080586081,0.3605311355311355,3.269230769230769,1.836172161172161,0.0
CSO-17-11A-DJAPA,14.0,6.6,9.733333333333333,3.2,0.0,0.2,0.0,0.0,6.066666666666666,1.0,3.0808994708994706,0.36232804232804233,3.1333333333333333,1.7707936507936508,0.15841269841269842
CSO-17-11A-JDAMO,14.0,10.285714285714286,12.428571428571429,3.0714285714285716,0.0,0.0,0.0,0.0,8.857142857142858,1.0,2.3872758194186763,0.1936044114615543,4.285714285714286,2.2254277468563184,0.1000803957946815
CSO-17-11A-NPAHE,14.0,11.8,12.95,2.0,0.0,0.0,0.0,0.0,11.5,1.0,2.180917970917971,0.17501998001998004,4.0,2.4184459984459985,0.017173271173271172
CSO-17-11A-RLPAIG,14.0,7.928571428571429,7.214285714285714,0.75,0.0,0.0,0.0,0.0,5.821428571428571,1.0,1.787953514739229,0.23721655328798183,3.25,1.8318027210884353,0.0
CSO-17-11A-SPUVA,14.0,3.6666666666666665,3.8333333333333335,1.1666666666666667,0.0,0.0,0.0,0.0,3.6666666666666665,1.0,1.9666666666666668,0.6055555555555555,2.1666666666666665,1.461111111111111,0.0
CSO-17-11B-CDBEBU,14.0,5.076923076923077,5.230769230769231,1.7692307692307692,0.0,0.0,0.0,0.0,3.8461538461538463,1.0,2.1333333333333333,0.37692307692307697,2.769230769230769,1.6,0.0
CSO-17-11C-JDAAG,14.0,7.052631578947368,5.105263157894737,0.2631578947368421,0.0,0.0,0.0,0.0,4.631578947368421,1.0,1.4761904761904763,0.2979114452798663,2.736842105263158,1.6982456140350877,0.0
CSO-17-11C-MAPAMA,14.0,8.636363636363637,7.636363636363637,1.0,0.0,0.18181818181818182,0.0,0.0,6.2727272727272725,1.0,1.7626984126984127,0.19894398530762167,3.727272727272727,2.015007215007215,0.0
CSO-17-11C-MCAAG,14.0,5.615384615384615,4.0,0.11538461538461539,0.0,0.3076923076923077,0.0,0.0,3.769230769230769,1.0,1.4043040293040292,0.2733516483516483,2.3846153846153846,1.4855311355311356,0.016025641025641024
CSO-17-11C-SARJA,14.0,7.923076923076923,7.0,0.0,0.0,0.0,0.0,0.0,6.153846153846154,1.0,1.7445054945054947,0.2518315018315018,3.6153846153846154,1.8226495726495726,0.15384615384615385
CSO-18-11A-ADBAHO,14.0,8.3,5.4,0.0,0.0,0.2,0.0,0.0,4.1,1.0,1.3142857142857143,0.18171717171717172,2.7,1.6199999999999999,0.0
CSO-18-11B-YLLRE,14.0,10.6,9.75,1.0,0.0,0.2,0.0,0.0,7.85,1.0,1.8600602175602177,0.1747100122100122,3.7,2.109404761904762,0.038968253968253964
CSO-18-9B-MAMOLO,14.0,8.305555555555555,7.972222222222222,0.6944444444444444,0.0,0.08333333333333333,0.0,0.0,6.972222222222222,1.0,1.976480309813643,0.26335516335516335,3.4722222222222223,1.9886402178068845,0.0790509953009953
CSO-8-3A-AIPRBR,14.0,7.444444444444445,6.666666666666667,0.7777777777777778,0.0,0.1111111111111111,0.0,0.0,6.111111111111111,1.0,1.807399390732724,0.267308000641334,4.0,2.0783068783068783,0.0
CSO-8-3A-DAPAVA,14.0,8.409090909090908,10.227272727272727,2.409090909090909,0.0,0.7272727272727273,0.0,0.0,8.136363636363637,1.0,2.446572871572872,0.24025974025974026,3.8636363636363638,2.1075757575757574,0.0
CSO-8-3A-KVPECO,14.0,6.7,7.7,2.7,0.0,0.0,0.0,0.0,5.3,1.0,2.3814285714285712,0.2795238095238095,2.6,1.7400000000000002,0.0
CSO-8-4A-ARAGR,14.0,4.142857142857143,5.285714285714286,2.142857142857143,0.0,0.0,0.0,0.0,4.142857142857143,1.0,2.523809523809524,0.4904761904761905,2.0714285714285716,1.5238095238095237,0.0
CSO-8-4A-JRAAR,14.0,6.5,4.642857142857143,0.0,0.0,0.0,0.0,0.0,4.785714285714286,1.0,1.435204081632653,0.27840136054421766,2.2142857142857144,1.6166666666666667,0.0
CSO-9-2A-EXMOCO,14.0,8.421052631578947,10.263157894736842,3.0,0.0,0.8947368421052632,0.0,0.0,6.2105263157894735,1.0,2.404602415128731,0.20669856459330144,3.210526315789474,1.906516290726817,0.0
CSO-9-4A-DKVIMO,14.0,7.8,6.72,0.24,0.0,0.04,0.0,0.0,6.6,1.0,1.6892380952380952,0.24578354978354977,3.52,1.9472987012987013,0.0
CSO-9-4A-DSMOMU,14.0,3.2,1.8666666666666667,0.03333333333333333,0.0,0.0,0.0,0.0,2.466666666666667,1.0,1.1644444444444444,0.63,1.4666666666666666,1.1555555555555554,0.0
CSO-9-4A-DVGATO,14.0,7.4,4.9,0.0,0.0,0.0,0.0,0.0,4.2,1.0,1.3285714285714287,0.20952380952380953,3.0,1.7,0.0
CSO-9-4A-EGCAMO,14.0,7.5,10.75,2.75,0.0,0.0,0.0,0.0,7.5,1.0,2.816666666666667,0.3377480158730159,3.4375,1.9387400793650793,0.17041666666666666
CSO-9-4A-FAGIGA,14.0,5.2,5.1,0.0,0.0,1.2,0.0,0.0,4.6,1.0,1.98,0.37,2.9,1.73,0.0
CSO-9-4A-GSBRCO,14.0,9.222222222222221,8.944444444444445,0.8888888888888888,0.0,0.0,0.0,0.0,8.222222222222221,1.0,1.9419753086419753,0.21450617283950618,4.555555555555555,2.3786596119929455,0.046296296296296294
CSO-9-4A-KEMOCO,14.0,10.235294117647058,9.235294117647058,0.7647058823529411,0.0,1.0588235294117647,0.0,0.0,7.470588235294118,1.0,1.7805028305028305,0.17932329108799697,4.176470588235294,2.2336134453781513,0.0
CSO-9-4A-LCOMO,14.0,4.2727272727272725,4.909090909090909,0.6363636363636364,0.0,2.4545454545454546,0.0,0.0,3.0,1.0,2.4,0.4636363636363636,2.0,1.3333333333333333,0.0
CSO-9-4A-MLORO,14.0,5.846153846153846,4.153846153846154,0.0,0.0,0.0,0.0,0.0,4.3076923076923075,1.0,1.43003663003663,0.30329670329670333,3.0,1.7076923076923076,0.0
CSO-9-4A-MPAME,14.0,3.7142857142857144,2.7142857142857144,0.0,0.0,0.0,0.0,0.0,3.7142857142857144,1.0,1.4285714285714286,0.5714285714285714,2.7142857142857144,1.5714285714285714,0.0
CSO-9-4A-NSARPA,14.0,7.428571428571429,11.928571428571429,5.214285714285714,0.0,0.2857142857142857,0.0,0.0,7.428571428571429,1.0,3.285034013605442,0.2852607709750567,3.2857142857142856,1.9625850340136055,0.0
CSO-9-4A-SLOCA,14.0,14.166666666666666,17.666666666666668,5.333333333333333,0.0,0.0,0.0,0.0,10.5,1.0,2.498046398046398,0.13284493284493284,4.0,2.388888888888889,0.0
CSO-9-4A-YVDITR,14.0,4.083333333333333,4.583333333333333,1.6666666666666667,0.0,0.0,0.0,0.0,3.75,1.0,2.236111111111111,0.5027777777777778,2.0,1.4583333333333333,0.0
