file,wc,nodes,edges,re,pe,l1,l2,l3,lcc,lsc,atd,density,diameter,asp,cc
CDMS-10-4A-JURAN-CorrEtiq.txt,30.0,23.759036144578314,29.0,0.6224899598393574,0.7791164658634538,0.11646586345381527,0.6385542168674698,0.9959839357429718,23.759036144578314,19.220883534136547,2.453620758657473,0.103584638969933,9.068273092369479,3.9909775043648725,0.05092278663266069
CDMS-10-5A-HEPIHO-CorrEtiq.txt,30.0,24.346613545816734,28.91235059760956,0.7051792828685259,0.6314741035856574,0.01195219123505976,0.4601593625498008,0.8007968127490039,24.312749003984063,19.221115537848604,2.405329223812255,0.10065033527850988,9.774900398406375,4.192576645752841,0.048412458128700195
CDMS-10-5A-KSRAGU-CorrEtiq.txt,30.0,22.887254901960784,29.0,1.0931372549019607,0.6862745098039216,0.4852941176470588,0.39705882352941174,0.23529411764705882,22.887254901960784,19.465686274509803,2.546661066341598,0.10926770317255802,8.362745098039216,3.7504702662036533,0.03727686791139621
CDMS-10-5A-SROPU-CorrEtiq.txt,30.0,22.524324324324326,29.0,1.9945945945945946,1.2432432432432432,0.4702702702702703,0.8486486486486486,0.5081081081081081,22.524324324324326,18.232432432432432,2.5977428790655335,0.10889273187455985,9.178378378378378,3.962521838951237,0.04378565716104127
CDMS-10-5A-SZURO-CorrEtiq.txt,30.0,23.103825136612024,29.0,1.3387978142076502,0.3360655737704918,0.15846994535519127,0.23224043715846995,0.6092896174863388,23.103825136612024,18.901639344262296,2.5510554237426293,0.11128366775254582,9.081967213114755,3.938341890815545,0.0449037252405037
CDMS-10-5B-SRAJA-CorrEtiq.txt,30.0,22.282700421940927,29.0,1.2531645569620253,0.23628691983122363,0.12236286919831224,0.23628691983122363,1.0253164556962024,22.282700421940927,19.40928270042194,2.6179570630362856,0.11719076162047684,7.540084388185654,3.3871092331358206,0.06698185080828191
CDMS-10-5C-DAAUSA-CorrEtiq.txt,30.0,22.049261083743843,29.0,1.7192118226600985,1.4901477832512315,0.21428571428571427,0.9704433497536946,2.3866995073891624,22.049261083743843,18.123152709359605,2.6705757029198947,0.11640228905032594,8.342364532019705,3.66984917755803,0.07603400561765689
CDMS-10-5C-ICAPA-CorrEtiq.txt,30.0,19.346666666666668,28.613333333333333,2.0533333333333332,0.0,0.4533333333333333,0.0,4.213333333333333,19.226666666666667,16.706666666666667,3.0198243274361727,0.15475979853791133,5.226666666666667,2.564922026591188,0.30264863637126904
CDMS-10-5C-JFALGI-CorrEtiq.txt,30.0,21.216216216216218,29.0,1.2864864864864864,0.7297297297297297,0.0,0.4972972972972973,1.427027027027027,21.216216216216218,18.92972972972973,2.753696342763781,0.1288500298940466,6.859459459459459,3.1069155697949618,0.11351075438789032
CDMS-10-5C-MAORTO-CorrEtiq.txt,30.0,20.234375,29.0,2.3723958333333335,1.3359375,0.6666666666666666,0.8515625,2.1744791666666665,20.234375,17.169270833333332,2.903587564393664,0.13254445759159128,7.341145833333333,3.276199735525104,0.07759422120657397
CDMS-10-5C-NBEMO-CorrEtiq.txt,30.0,21.37940379403794,29.0,1.929539295392954,0.8672086720867209,1.0,0.7100271002710027,1.7127371273712737,21.37940379403794,17.523035230352303,2.739339125020289,0.11868988327535747,7.989159891598916,3.59749238367072,0.06764931683676548
CDMS-10-6B-ASCACO-CorrEtiq.txt,30.0,22.012295081967213,29.0,1.2622950819672132,0.2459016393442623,0.0,0.2459016393442623,1.3155737704918034,22.012295081967213,19.901639344262296,2.64168256853499,0.11964605039997996,6.864754098360656,3.1841713860451906,0.0593199013325703
CDMS-10-6B-JJMOBE-CorrEtiq.txt,30.0,23.03716216216216,29.0,1.0777027027027026,1.0641891891891893,0.0,0.8547297297297297,0.652027027027027,23.03716216216216,19.75,2.54823188282562,0.10995771802794956,8.388513513513514,3.7418653047207098,0.03594856625405705
CDMS-11-4A-GACHSA-CorrEtiq.txt,30.0,21.53846153846154,29.0,2.407129455909944,0.7804878048780488,0.43151969981238275,0.5422138836772983,2.2439024390243905,21.53846153846154,17.5140712945591,2.7492542282708072,0.12135567365672731,8.664165103189493,3.818389341182678,0.08444903611856378
CDMS-11-5A-EAARCA-CorrEtiq.txt,30.0,22.107142857142858,29.0,1.6275510204081634,0.3469387755102041,0.14795918367346939,0.3163265306122449,1.4540816326530612,22.107142857142858,19.03061224489796,2.66255392639012,0.11905908830769622,8.198979591836734,3.6383088055527764,0.08409713324889706
CDMS-11-5A-MGTHAR-CorrEtiq.txt,30.0,20.083650190114067,29.0,2.817490494296578,1.258555133079848,0.5513307984790875,0.7604562737642585,1.8935361216730038,20.083650190114067,16.85171102661597,2.938734358258323,0.13529068630341412,7.307984790874524,3.298634905067737,0.06931868342701326
CDMS-11-6A-DFVEBE-CorrEtiq.txt,30.0,22.632867132867133,28.8986013986014,0.7797202797202797,0.32867132867132864,1.2867132867132867,0.32867132867132864,0.548951048951049,22.54895104895105,18.748251748251747,2.5744919035744114,0.11120811189754765,8.482517482517483,3.6891092873932756,0.04931007403810753
CDMS-11-6A-NMREPR-CorrEtiq.txt,30.0,23.248407643312103,29.0,1.464968152866242,0.1751592356687898,0.0,0.1751592356687898,0.4171974522292994,23.248407643312103,19.528662420382165,2.5186626029879102,0.10809744486395552,8.78343949044586,3.8241470484375806,0.03478673413757333
CDMS-11-6B-ARAHE-CorrEtiq.txt,30.0,22.16358024691358,28.910493827160494,1.7006172839506173,0.2222222222222222,0.8950617283950617,0.2222222222222222,0.9197530864197531,22.15432098765432,18.049382716049383,2.6372449246903877,0.11500275432460821,8.37037037037037,3.7097983880029886,0.04629420901236561
CDMS-11-6B-AVROTO-CorrEtiq.txt,30.0,23.801980198019802,29.0,1.2623762376237624,0.13861386138613863,0.0,0.13861386138613863,0.900990099009901,23.801980198019802,17.262376237623762,2.485256159801286,0.10674796782881703,10.905940594059405,4.513666464629554,0.06967208262761128
CDMS-11-6B-EAFESA-CorrEtiq.txt,30.0,23.080560420315237,29.0,1.4273204903677759,0.7495621716287215,0.30472854640980734,0.5919439579684763,1.0035026269702276,23.080560420315237,19.176882661996498,2.541485506482186,0.10774196975288886,9.267950963222416,4.037983717336439,0.049866950754950116
CDMS-11-6B-EFRGR-CorrEtiq.txt,30.0,21.146067415730336,29.0,2.553370786516854,0.601123595505618,0.5702247191011236,0.37359550561797755,4.075842696629214,21.146067415730336,17.99438202247191,2.78750636457663,0.12360132879917553,7.963483146067416,3.5692445119422076,0.08275974117097666
CDMS-11-6B-EROCO-CorrEtiq.txt,30.0,22.11,28.71,1.345,0.68,0.145,0.46,1.63,22.09,18.26,2.617153530819549,0.1167546526386074,8.155,3.5912073007607397,0.05003227323830625
CDMS-11-6B-JACUPE-CorrEtiq.txt,30.0,20.106870229007633,28.782442748091604,1.9274809160305344,1.7538167938931297,1.501908396946565,1.2251908396946565,1.5267175572519085,20.078244274809162,16.25,2.906732656482527,0.1308423280136465,7.7461832061068705,3.4407759189356963,0.08263118432276371
CDMS-11-6B-JDCHBA-CorrEtiq.txt,30.0,21.195767195767196,29.0,2.1146384479717812,2.601410934744268,0.8518518518518519,1.4162257495590829,1.2486772486772486,21.195767195767196,16.890652557319225,2.7821055485382993,0.12065470053318451,8.469135802469136,3.6969444268776215,0.06938558397043637
CDMS-11-6B-JFSAHE-CorrEtiq.txt,30.0,23.977900552486187,28.91988950276243,0.8149171270718232,0.5414364640883977,0.0,0.5414364640883977,0.7348066298342542,23.96132596685083,19.37292817679558,2.423932917199792,0.10131038168091755,9.320441988950277,4.052531721378881,0.026236697417460774
CDMS-11-6B-JLPENA-CorrEtiq.txt,30.0,21.42152466367713,28.47982062780269,1.0717488789237668,1.4394618834080717,0.7802690582959642,1.1434977578475336,1.8923766816143497,21.067264573991032,15.704035874439462,2.700315617989134,0.12073779442641441,8.820627802690582,3.750426435677295,0.10167782558844614
CDMS-11-6B-JMARME-CorrEtiq.txt,30.0,22.44665718349929,28.917496443812233,1.4864864864864864,1.2347083926031295,0.12375533428165007,0.7396870554765291,1.496443812233286,22.445234708392604,18.62588904694168,2.608302378840278,0.11355740964131979,8.621621621621621,3.797196072235073,0.06759020515173442
CDMS-11-6B-JPSAMA-CorrEtiq.txt,30.0,23.72340425531915,28.897163120567377,1.1312056737588652,0.7553191489361702,0.20567375886524822,0.5035460992907801,0.41843971631205673,23.71276595744681,19.24113475177305,2.453668061889981,0.102033560272358,9.51418439716312,4.075304054083611,0.03573772375690967
CDMS-11-6B-LESTA-CorrEtiq.txt,30.0,22.03435114503817,29.0,1.3969465648854962,0.7404580152671756,0.22137404580152673,0.4351145038167939,1.2213740458015268,22.03435114503817,19.32442748091603,2.659345357992618,0.1188517250816945,8.091603053435115,3.553034715387338,0.04759718175405075
CDMS-11-6B-MAGIMU-CorrEtiq.txt,30.0,21.27181208053691,29.0,1.8120805369127517,1.0,0.09731543624161074,0.7550335570469798,2.2114093959731544,21.27181208053691,18.7248322147651,2.7510372273434296,0.12470458531056577,7.318791946308725,3.314499817340092,0.08812053001310897
CDMS-11-6B-MEBRTA-CorrEtiq.txt,30.0,21.625806451612902,29.0,1.4322580645161291,1.8709677419354838,0.9290322580645162,1.2903225806451613,0.6451612903225806,21.625806451612902,18.52258064516129,2.729820994098937,0.1177636299164443,8.180645161290322,3.6330172102934686,0.04847504055315019
CDMS-11-6B-MMAMO-CorrEtiq.txt,30.0,23.504225352112677,29.0,0.8112676056338028,0.4028169014084507,0.4084507042253521,0.4028169014084507,0.6140845070422535,23.504225352112677,18.60281690140845,2.4836476592589616,0.10534758246370522,9.2,3.961752495800907,0.037324191157558174
CDMS-11-6B-RSECA-CorrEtiq.txt,30.0,22.196774193548386,29.0,1.3419354838709678,1.2129032258064516,0.14838709677419354,0.7322580645161291,1.0032258064516129,22.196774193548386,19.34516129032258,2.643554207234132,0.11702174242695479,7.709677419354839,3.4970488791828553,0.06430915402599434
CDMS-11-6B-SCAPA-CorrEtiq.txt,30.0,23.640243902439025,29.0,1.0121951219512195,0.0,0.0,0.0,0.8170731707317073,23.640243902439025,19.884146341463413,2.4658102534322044,0.10591864794409864,8.817073170731707,3.8473043554142943,0.018576726426294675
CDMS-11-6B-VZAPE-CorrEtiq.txt,30.0,21.925764192139738,29.0,1.8558951965065502,1.5065502183406114,0.5065502183406113,0.9170305676855895,0.5021834061135371,21.925764192139738,18.655021834061134,2.672484769603549,0.1148902307887102,8.323144104803493,3.706120495524454,0.03769693323094401
CDMS-11-6B-YLNIME-CorrEtiq.txt,30.0,23.299319727891156,29.0,0.8231292517006803,0.42517006802721086,0.0,0.3877551020408163,0.7414965986394558,23.299319727891156,19.459183673469386,2.5078357736092913,0.10903390424804482,8.619047619047619,3.789088380227014,0.02980956545654504
CDMS-11-7C-ICARE-CorrEtiq.txt,30.0,21.84108527131783,29.0,1.9147286821705427,1.0310077519379846,0.18992248062015504,0.7674418604651163,1.6395348837209303,21.84108527131783,17.449612403100776,2.6886329242656926,0.11846470829424444,8.755813953488373,3.7680468759726637,0.07051470744115845
CDMS-11-7C-IMOIB-CorrEtiq.txt,30.0,24.06217616580311,29.0,0.8082901554404145,0.6994818652849741,0.3756476683937824,0.5595854922279793,0.7901554404145078,24.06217616580311,18.4559585492228,2.423261806360477,0.09952171083850812,10.088082901554404,4.292587064809629,0.03635268874479899
CDMS-11-7C-SALMA-CorrEtiq.txt,30.0,22.729344729344728,29.0,1.9259259259259258,0.6609686609686609,0.0,0.4074074074074074,1.0797720797720798,22.729344729344728,18.77207977207977,2.566806004906557,0.10933623973798212,8.923076923076923,3.870002911235267,0.052760415455866815
CDMS-11-7C-SPGAVE-CorrEtiq.txt,30.0,22.429184549356222,28.875536480686694,1.5064377682403434,0.9141630901287554,1.1545064377682404,0.7253218884120172,0.7982832618025751,22.4206008583691,16.43776824034335,2.6039601206695564,0.10998927062348049,9.768240343347639,4.101574848105487,0.05237856234934458
CDMS-12-5A-SRIGO-CorrEtiq.txt,30.0,23.60475161987041,29.0,1.0928725701943844,0.4449244060475162,0.31317494600431967,0.37365010799136067,0.5399568034557235,23.60475161987041,19.622030237580994,2.4722339158329194,0.10373522085877815,9.107991360691145,3.9335801504656094,0.026577272843608227
CDMS-12-6A-FAROPA-CorrEtiq.txt,30.0,24.08231707317073,29.0,0.5426829268292683,0.28353658536585363,0.35365853658536583,0.28353658536585363,0.2652439024390244,24.08231707317073,20.286585365853657,2.419875566236913,0.10127005593748073,8.875,3.9291735413296616,0.016293737258676284
CDMS-12-6A-JGIGA-CorrEtiq.txt,30.0,21.453061224489797,29.0,1.3673469387755102,1.4040816326530612,0.3183673469387755,0.9673469387755103,0.8938775510204081,21.453061224489797,18.877551020408163,2.7235100441045317,0.1222053652589226,7.208163265306123,3.267142079631529,0.02550654446421429
CDMS-12-6A-JSOTGU-CorrEtiq.txt,30.0,21.45167286245353,29.0,1.7695167286245352,0.4052044609665427,0.32342007434944237,0.32342007434944237,1.8661710037174721,21.45167286245353,18.360594795539033,2.731496211224898,0.12395338517783662,7.780669144981412,3.450611707919678,0.0798152764286075
CDMS-12-6A-SROAL-CorrEtiq.txt,30.0,23.714285714285715,29.0,1.1045918367346939,0.5229591836734694,0.22193877551020408,0.3852040816326531,0.6428571428571429,23.714285714285715,19.117346938775512,2.4738310960132743,0.10380861956382496,9.331632653061224,4.05562399806231,0.042939335714749845
CDMS-12-6B-IJDAGA-CorrEtiq.txt,30.0,21.65,29.0,1.4933333333333334,0.78,1.5166666666666666,0.7333333333333333,2.03,21.65,17.243333333333332,2.7061804325738454,0.11659360279869095,8.85,3.8453065389845644,0.060423897338009964
CDMS-12-6B-SCLAG-CorrEtiq.txt,30.0,22.05592841163311,29.0,1.5883668903803132,1.109619686800895,0.6487695749440716,0.7472035794183445,1.371364653243848,22.05592841163311,18.185682326621922,2.6516566243210633,0.11473428102905124,8.357941834451902,3.6965371366668918,0.06237437022610445
CDMS-12-7C-ARAHE-CorrEtiq.txt,30.0,22.068292682926828,29.0,1.1219512195121952,1.1219512195121952,0.0,1.0,1.6634146341463414,22.068292682926828,19.44878048780488,2.6465426811348562,0.11779581205515827,7.68780487804878,3.4300122512972875,0.07890884864716022
CDMS-12-7C-CATRAR-CorrEtiq.txt,30.0,23.19916142557652,28.81761006289308,1.2851153039832286,0.49056603773584906,0.0,0.44863731656184486,1.1027253668763102,23.19077568134172,19.19496855345912,2.503505780186023,0.10704571825119298,8.786163522012579,3.8514048123066154,0.045233904937359404
CDMS-12-7C-DLOLO-CorrEtiq.txt,30.0,21.973584905660378,29.0,1.6830188679245284,0.1509433962264151,0.19622641509433963,0.10566037735849057,1.3735849056603773,21.973584905660378,18.70943396226415,2.6626318749125186,0.1198793835602416,7.916981132075471,3.5090488911680873,0.08898777290978013
CDMS-12-7C-JSZAOR-CorrEtiq.txt,30.0,24.22875816993464,29.0,0.43137254901960786,0.7320261437908496,0.1895424836601307,0.5555555555555556,0.5163398692810458,24.22875816993464,20.084967320261438,2.403961788161845,0.09978352107934375,8.993464052287582,3.998688860422307,0.03663656818800325
CDMS-12-7C-MAROBE-CorrEtiq.txt,30.0,24.06441717791411,29.0,0.9386503067484663,0.8374233128834356,0.0,0.6717791411042945,0.6809815950920245,24.06441717791411,18.892638036809817,2.4407565617336564,0.10164497927085596,9.843558282208589,4.213166228521276,0.052640571249983066
CDMS-12-7C-VMAPA-CorrEtiq.txt,30.0,22.53968253968254,29.0,1.4523809523809523,1.4523809523809523,0.0,0.6825396825396826,0.6587301587301587,22.53968253968254,19.626984126984127,2.5853319456081794,0.11178975893969902,7.690476190476191,3.452387234565506,0.04894319110570142
CDMS-12-7C-VQURA-CorrEtiq.txt,30.0,23.011194029850746,28.89179104477612,1.6138059701492538,0.7313432835820896,0.054104477611940295,0.5522388059701493,1.5167910447761195,22.878731343283583,16.77238805970149,2.540331428319672,0.1081266178240976,9.73320895522388,4.1112035104232225,0.06249040912615675
CDMS-13-6B-ASUMO-CorrEtiq.txt,30.0,23.272727272727273,28.194805194805195,0.564935064935065,0.7922077922077922,0.564935064935065,0.7922077922077922,1.9415584415584415,21.233766233766232,15.64935064935065,2.439183282159002,0.10317865766348634,9.116883116883116,3.8716018966844965,0.08199809536676902
CDMS-13-6B-JDTAHE-CorrEtiq.txt,30.0,22.63197026022305,28.78438661710037,1.3197026022304832,0.5762081784386617,0.5390334572490706,0.4200743494423792,1.516728624535316,22.54275092936803,18.00371747211896,2.552569316896131,0.10916391328026931,8.605947955390334,3.820980765438707,0.07848999966275622
CDMS-13-7C-MVEAR-CorrEtiq.txt,30.0,21.527831094049905,28.94433781190019,1.4625719769673704,0.42994241842610365,1.2706333973128598,0.2744721689059501,1.2264875239923225,21.51439539347409,18.25911708253359,2.713416799640311,0.12083054262441134,7.656429942418426,3.45786815250921,0.062292831212098144
CDMS-13-7C-RAIZAC-CorrEtiq.txt,30.0,23.585365853658537,29.0,1.024390243902439,1.886178861788618,0.23577235772357724,1.146341463414634,0.2845528455284553,23.585365853658537,20.130081300813007,2.4819049672150078,0.101447962448885,9.512195121951219,4.086156758313764,0.022328228461726756
CDMS-13-7C-SSOSLO-CorrEtiq.txt,30.0,21.76046901172529,28.95142378559464,1.6080402010050252,0.5628140703517588,0.7989949748743719,0.4723618090452261,2.1825795644891124,21.743718592964825,17.85929648241206,2.6993399054585017,0.11891696663893224,8.274706867671691,3.6412340078145347,0.08881078093835484
CDMS-14-10A-IMORTO-CorrEtiq.txt,30.0,22.680555555555557,29.0,1.46875,1.1111111111111112,0.10069444444444445,0.8090277777777778,1.1770833333333333,22.680555555555557,18.569444444444443,2.5742744119674104,0.10990832224658278,9.135416666666666,3.9464325140869527,0.055696986763906206
CDMS-14-10A-JCVANI-CorrEtiq.txt,30.0,23.898850574712643,29.0,0.8022988505747126,0.8275862068965517,0.2,0.6735632183908046,0.32413793103448274,23.898850574712643,18.404597701149424,2.4600041938258435,0.10274752748464809,10.050574712643678,4.260114013676155,0.02896877682263027
CDMS-14-5A-LSDUCO-CorrEtiq.txt,30.0,21.258160237388726,29.0,1.8694362017804154,1.7062314540059347,0.258160237388724,0.9940652818991098,2.029673590504451,21.258160237388726,18.774480712166174,2.7546278334415706,0.12313423909959141,7.537091988130563,3.4038831490893244,0.0852662550741849
CDMS-14-6B-KDCAHE-CorrEtiq.txt,30.0,22.528384279475983,28.936681222707424,1.6397379912663756,1.5131004366812226,0.6462882096069869,0.9519650655021834,1.2292576419213974,22.358078602620086,17.445414847161572,2.599649053533556,0.10883109905509143,9.251091703056769,4.02869857740568,0.062266924459920936
CDMS-15-10A-AMALOS-CorrEtiq.txt,30.0,22.788429752066115,29.0,1.2082644628099173,1.3454545454545455,0.71900826446281,0.9454545454545454,0.5570247933884298,22.788429752066115,18.570247933884296,2.577175190298681,0.10831254784761202,8.834710743801653,3.920914824469131,0.026483307763248292
CDMS-15-10A-JJMACH-CorrEtiq.txt,30.0,24.528662420382165,28.963057324840765,0.7949044585987262,0.510828025477707,0.2585987261146497,0.35286624203821654,0.8598726114649682,24.527388535031847,18.039490445859872,2.3830268413926414,0.09745767080729051,10.76687898089172,4.520228412323163,0.03638497429118154
CDMS-15-10A-MAALCA-CorrEtiq.txt,30.0,23.74581005586592,29.0,0.6871508379888268,0.7653631284916201,0.2430167597765363,0.5810055865921788,0.8044692737430168,23.74581005586592,19.37150837988827,2.459950401985609,0.10362703585110715,9.307262569832401,4.058036167257414,0.05546770128054618
CDMS-15-10A-MAALRI-CorrEtiq.txt,30.0,23.85148514851485,29.0,1.0594059405940595,1.2128712871287128,0.2400990099009901,0.9504950495049505,0.35396039603960394,23.85148514851485,18.344059405940595,2.45210891869312,0.10022824022888661,10.46039603960396,4.384888514327799,0.023135204040485812
CDMS-15-10A-SGOMO-CorrEtiq.txt,30.0,24.089285714285715,29.0,1.0505952380952381,0.16666666666666666,0.1636904761904762,0.16666666666666666,1.1458333333333333,24.089285714285715,19.226190476190474,2.420361511954421,0.100562369973987,9.821428571428571,4.200981909730724,0.05718713755624371
CDMS-15-10A-SHEGA-CorrEtiq.txt,30.0,23.444148936170212,29.0,0.651595744680851,0.648936170212766,0.07712765957446809,0.625,2.0,23.444148936170212,18.48404255319149,2.489403196624763,0.10684524595857912,9.28191489361702,3.9776463896943226,0.09299763337114317
CDMS-15-11B-JEMOLO-CorrEtiq.txt,30.0,23.595712098009187,29.0,1.4946401225114854,0.718989280245023,0.36906584992343033,0.49693721286370596,0.8790199081163859,23.595712098009187,18.07197549770291,2.4865871913338897,0.10243803443487146,10.127871362940276,4.309456631482384,0.039625086787235704
CDMS-15-11B-VSAHO-CorrEtiq.txt,30.0,22.88888888888889,29.0,1.6704980842911878,0.7662835249042146,0.3333333333333333,0.4444444444444444,0.7432950191570882,22.88888888888889,18.406130268199234,2.568073832009684,0.1094041454953285,9.0,3.909696675803973,0.042027511952974834
CDMS-16-10A-SGALO-CorrEtiq.txt,30.0,23.743386243386244,29.0,0.9973544973544973,0.6216931216931217,0.15079365079365079,0.47883597883597884,1.0264550264550265,23.743386243386244,18.74867724867725,2.458122326406806,0.10301991729019443,10.23015873015873,4.36465856247568,0.05767508339855372
CDMS-16-11B-NGABE-CorrEtiq.txt,30.0,24.22247191011236,28.934831460674157,0.7573033707865169,0.7730337078651686,0.1303370786516854,0.6337078651685393,0.42247191011235957,24.186516853932584,18.568539325842696,2.404020641047098,0.09908372455951711,9.92808988764045,4.235831762054219,0.029818848715776614
CDMS-17-10A-ASSAMO-CorrEtiq.txt,30.0,24.686411149825783,29.0,0.6655052264808362,0.2264808362369338,0.0,0.2264808362369338,0.8118466898954704,24.686411149825783,18.70731707317073,2.3608197339419883,0.09740793432435049,10.418118466898955,4.36619743266296,0.04495813599089438
CDMS-18-7C-VVECA-CorrEtiq.txt,30.0,22.16320474777448,28.91394658753709,1.5044510385756678,0.7596439169139466,0.08605341246290801,0.6320474777448071,1.7032640949554896,22.160237388724035,18.617210682492583,2.632176020766016,0.11588744284831437,7.9792284866468846,3.5552967370413198,0.07797302615121708
CDMS-8-4A-DBEVA-CorrEtiq.txt,30.0,20.567474048442907,29.0,1.8615916955017302,1.2249134948096885,0.6539792387543253,0.7301038062283737,2.688581314878893,20.567474048442907,18.069204152249135,2.858256843205464,0.13230216937479367,7.179930795847751,3.253907107233972,0.07415668716130125
CDMS-8-4A-DJAVDA-CorrEtiq.txt,30.0,19.458677685950413,28.880165289256198,1.9710743801652892,1.743801652892562,1.6528925619834711,1.165289256198347,2.487603305785124,19.425619834710744,16.578512396694215,3.0183474911819577,0.1401900755739214,6.979338842975206,3.1359733032154433,0.08559250919642193
CDMS-8-4A-DOSTR-CorrEtiq.txt,30.0,21.053356282271945,29.0,2.0051635111876074,1.1273666092943202,0.7022375215146299,0.8416523235800344,2.5817555938037864,21.053356282271945,17.931153184165233,2.7921359244221375,0.12530634558554982,7.676419965576592,3.4403554221789707,0.07631819223624652
CDMS-8-4A-LGOPA-CorrEtiq.txt,30.0,20.765578635014837,28.97032640949555,2.2403560830860534,1.827893175074184,0.4658753709198813,1.1127596439169138,2.8605341246290803,20.602373887240358,16.519287833827892,2.82278274672522,0.12600168844171317,8.228486646884273,3.608931285940045,0.12589540582523964
CDMS-8-4C-JDBUTU-CorrEtiq.txt,30.0,20.371335504885995,28.973941368078176,2.208469055374593,2.182410423452769,1.4495114006514658,1.1921824104234529,1.257328990228013,20.371335504885995,17.28338762214984,2.877180276663879,0.12790371206580814,7.5732899022801305,3.3775247372731196,0.07040747795040375
CDMS-9-4A-ACDUTR-CorrEtiq.txt,30.0,21.96896551724138,29.0,1.2344827586206897,0.5620689655172414,0.6,0.4724137931034483,1.4655172413793103,21.96896551724138,18.551724137931036,2.668749550933156,0.1189270714360182,7.910344827586207,3.5006877124163807,0.0668371961066191
CDMS-9-4A-CARGA-CorrEtiq.txt,30.0,22.118279569892472,29.0,1.6048387096774193,0.45161290322580644,0.46774193548387094,0.3064516129032258,1.4919354838709677,22.118279569892472,18.940860215053764,2.6516379523900815,0.11787936143205814,7.967741935483871,3.523407246780534,0.08349351579125354
CDMS-9-4A-CRAAG-CorrEtiq.txt,30.0,20.78798586572438,28.897526501766784,2.3392226148409896,2.3427561837455833,0.6148409893992933,0.8197879858657244,3.187279151943463,20.7773851590106,17.15547703180212,2.8456671453082447,0.1286314754885065,7.752650176678445,3.4415377011032944,0.09825658512470482
CDMS-9-4A-EROHI-CorrEtiq.txt,30.0,22.824742268041238,29.0,1.4158075601374571,0.44673539518900346,0.738831615120275,0.27147766323024053,0.8797250859106529,22.824742268041238,19.082474226804123,2.559854189672298,0.10826304887848555,9.384879725085911,4.021291002970919,0.054347561602282525
CDMS-9-4A-ILOSE-CorrEtiq.txt,30.0,21.385416666666668,29.0,1.9652777777777777,0.4375,0.0,0.3680555555555556,2.892361111111111,21.385416666666668,18.62152777777778,2.7538965343960737,0.12707228578682042,7.489583333333333,3.414226035174752,0.06021936151529247
CDMS-9-4A-TGAFR-CorrEtiq.txt,30.0,21.107142857142858,29.0,2.2023809523809526,1.2896825396825398,0.1746031746031746,0.8611111111111112,3.107142857142857,21.107142857142858,18.452380952380953,2.779211379695831,0.12433953194282726,7.349206349206349,3.3253229049868986,0.08892120281654428
CDMS-9-4C-SCAMO-CorrEtiq.txt,30.0,24.594285714285714,28.834285714285713,0.68,0.16,0.3142857142857143,0.16,0.56,24.554285714285715,19.04,2.358533040090804,0.09703062582448002,10.377142857142857,4.401835736546819,0.03581590906104611
CDMS-9-5A-ABERO-CorrEtiq.txt,30.0,22.12775330396476,28.93612334801762,1.9691629955947136,1.1806167400881058,0.698237885462555,0.6519823788546255,0.8788546255506607,22.068281938325992,17.80616740088106,2.6562610591501272,0.11381443926204667,8.845814977973568,3.847940362846151,0.03484692285826281
CDMS-9-5A-PAGACO-CorrEtiq.txt,30.0,22.3768115942029,29.0,1.3007246376811594,0.9818840579710145,0.42028985507246375,0.7536231884057971,1.3442028985507246,22.3768115942029,18.692028985507246,2.624692754023403,0.11389150404347896,8.69927536231884,3.8401027420942833,0.05442865117912537
CDMS-9-5A-VVAAR-CorrEtiq.txt,30.0,21.253012048192772,29.0,1.5843373493975903,1.2650602409638554,0.3493975903614458,1.0120481927710843,1.1927710843373494,21.253012048192772,18.879518072289155,2.7660442955019406,0.12438048720209806,7.355421686746988,3.310613521632076,0.07607313041745857
CDMS-9-5C-JDMADE-CorrEtiq.txt,30.0,21.601063829787233,29.0,2.148936170212766,1.5319148936170213,1.5425531914893618,0.9680851063829787,0.9414893617021277,21.601063829787233,15.872340425531915,2.73111035876181,0.11461317627730593,10.196808510638299,4.301120454862794,0.048967689982280294
CDMS-9-5C-LVIZAC-CorrEtiq.txt,30.0,22.48502994011976,29.0,1.6317365269461077,0.5449101796407185,0.3473053892215569,0.45209580838323354,2.3323353293413174,22.48502994011976,17.404191616766468,2.600794372112346,0.11189917629961622,9.344311377245509,3.9366079563059353,0.06897439540208058
CDMS-9-5C-MLOGO-CorrEtiq.txt,30.0,21.45565749235474,29.0,1.6850152905198776,0.6055045871559633,0.6207951070336392,0.3944954128440367,2.776758409785933,21.45565749235474,17.996941896024463,2.737821909135192,0.12349131785263556,8.009174311926605,3.5540769380381687,0.1330601222568733
CDMS-9-5C-SCAAG-CorrEtiq.txt,30.0,22.74609375,28.88671875,1.46875,0.62109375,0.33984375,0.47265625,1.38671875,22.72265625,18.71875,2.573357119763948,0.110611492260943,8.875,3.8681072822290252,0.06443383049081086
CDMS-XX-10A-VGILO-CorrEtiq.txt,30.0,23.054054054054053,28.912912912912912,1.1231231231231231,0.16816816816816818,0.9579579579579579,0.16816816816816818,0.8408408408408409,23.024024024024023,18.936936936936938,2.5318942120371952,0.10709343328568287,9.0990990990991,3.949797801472171,0.044250818607282014
CDMS-XX-5C-MJSARU-CorrEtiq.txt,30.0,23.489583333333332,29.0,0.6111111111111112,1.0138888888888888,0.2013888888888889,0.9201388888888888,0.8923611111111112,23.489583333333332,19.46527777777778,2.4836223136943008,0.10445641648587872,8.791666666666666,3.86132961581506,0.053537615144156975
CDMS-XX-5C-MPCAQU-CorrEtiq.txt,30.0,21.854771784232366,29.0,1.5601659751037344,0.6058091286307054,0.0,0.42323651452282157,2.136929460580913,21.854771784232366,18.767634854771785,2.694616156050643,0.12262441666439346,7.738589211618257,3.4834888961877035,0.08936687694380385
CDMS-XX-6A-MAGICA-CorrEtiq.txt,30.0,23.79542395693136,28.921938088829073,0.7900403768506057,0.423956931359354,0.11709286675639301,0.35800807537012114,0.6473755047106325,23.79542395693136,19.065948855989234,2.4458731740579713,0.10362795514961547,9.337819650067294,4.050410298643203,0.04083754994800372
CDMS-XX-6B-SPUCA-CorrEtiq.txt,30.0,23.235655737704917,29.0,1.1598360655737705,1.8934426229508197,0.05942622950819672,1.098360655737705,0.8565573770491803,23.235655737704917,18.62295081967213,2.519673232244602,0.10570909300263856,9.26639344262295,3.995940602064791,0.0560245950369829
CSO-10-4A-ICAPA-CorrEtiq.txt,30.0,21.522421524663677,28.934977578475337,1.742152466367713,1.0919282511210762,0.13004484304932734,0.7197309417040358,1.2802690582959642,21.522421524663677,18.515695067264573,2.7101192517959496,0.12134183540741406,7.625560538116592,3.3961274090471494,0.08944268119950598
CSO-10-4A-KCOMO-CorrEtiq.txt,30.0,20.84355179704017,29.0,2.1818181818181817,1.3382663847780127,0.4904862579281184,0.9936575052854123,1.215644820295983,20.84355179704017,17.357293868921776,2.8426193888478926,0.12801987091260145,7.820295983086681,3.444965789084929,0.07679172921438195
CSO-10-4A-LRAVI-CorrEtiq.txt,30.0,20.074534161490682,28.875776397515526,2.124223602484472,1.546583850931677,0.0,1.236024844720497,2.2049689440993787,20.055900621118013,17.111801242236027,2.9041503240346076,0.13583766055874688,6.422360248447205,2.993618359268648,0.11957882619992172
CSO-10-4A-LSCAVA-CorrEtiq.txt,30.0,23.003584229390682,29.0,1.7096774193548387,2.082437275985663,0.1039426523297491,1.075268817204301,1.0681003584229392,23.003584229390682,17.462365591397848,2.542050010367145,0.10513328356376356,9.96774193548387,4.238322038995864,0.059456929811351984
CSO-10-5A-ACAVA-CorrEtiq.txt,30.0,23.77859778597786,29.0,0.981549815498155,0.43911439114391143,0.922509225092251,0.3763837638376384,0.8339483394833949,23.77859778597786,17.88929889298893,2.4560206118534036,0.10039615609979383,10.55719557195572,4.440469414893749,0.03773325396806599
CSO-10-5A-ARACA-CorrEtiq.txt,30.0,22.015037593984964,28.24436090225564,2.0037593984962405,0.2706766917293233,1.0526315789473684,0.16917293233082706,0.5977443609022557,21.345864661654137,15.274436090225564,2.5943812280080985,0.11172487968258607,8.988721804511279,3.88356086179316,0.03589238902911043
CSO-10-5A-DABRZA-CorrEtiq.txt,30.0,20.758812615955474,28.946196660482375,2.476808905380334,1.3506493506493507,0.43042671614100186,0.8404452690166976,1.966604823747681,20.758812615955474,16.595547309833023,2.860055299913803,0.12963091521554218,8.482374768089054,3.6396253632565028,0.07587402727001677
CSO-10-5A-GZAMA-CorrEtiq.txt,30.0,22.947098976109213,28.950511945392492,1.4095563139931742,0.7866894197952219,0.09897610921501707,0.5614334470989761,1.52901023890785,22.947098976109213,19.274744027303754,2.5613430581559906,0.11044044191787195,8.812286689419794,3.8688404152896663,0.08095849151516066
CSO-10-5A-IPECA-CorrEtiq.txt,30.0,23.16030534351145,29.0,1.1030534351145038,0.5152671755725191,0.11068702290076336,0.3969465648854962,1.4809160305343512,23.16030534351145,18.786259541984734,2.5253257471539654,0.10863053038140046,8.82442748091603,3.838020757088697,0.0678183657026522
CSO-10-5A-JANORO-CorrEtiq.txt,30.0,23.01023890784983,28.901023890784984,1.2081911262798635,1.1194539249146758,0.17406143344709898,0.8054607508532423,1.129692832764505,22.97269624573379,18.986348122866893,2.527140102314539,0.1068384061726038,8.583617747440274,3.8139522885451926,0.05895388866573432
CSO-10-5A-JBUVE-CorrEtiq.txt,30.0,23.529850746268657,29.0,1.4067164179104477,0.7014925373134329,0.43283582089552236,0.48880597014925375,1.962686567164179,23.529850746268657,18.473880597014926,2.484543028486555,0.10221132412284774,9.626865671641792,4.1849968498519,0.0469989558014034
CSO-10-5A-JJSEMO-CorrEtiq.txt,30.0,21.05579399141631,28.875536480686694,1.9871244635193133,0.8025751072961373,0.12446351931330472,0.4892703862660944,1.5064377682403434,21.05579399141631,18.2274678111588,2.7679420680374833,0.12722802424115628,7.068669527896995,3.286805940979109,0.05456320820420999
CSO-10-5A-JLCARI-CorrEtiq.txt,30.0,22.8268156424581,28.837988826815643,1.2011173184357542,0.547486033519553,0.3240223463687151,0.39664804469273746,0.5977653631284916,22.8268156424581,17.07262569832402,2.545133280825852,0.1097989200883039,9.100558659217876,3.9613675342622523,0.046621123846323415
CSO-10-5A-MAARAN-CorrEtiq.txt,30.0,21.501272264631044,29.0,1.7455470737913485,0.6539440203562341,0.1475826972010178,0.44783715012722647,1.717557251908397,21.501272264631044,18.956743002544528,2.7253566531546043,0.12371906933098084,7.3867684478371505,3.3156722726412173,0.09888507325869983
CSO-10-5A-MAOSMO-CorrEtiq.txt,30.0,24.33949191685912,29.0,0.9630484988452656,0.3833718244803695,0.06697459584295612,0.3833718244803695,0.394919168591224,24.33949191685912,19.048498845265588,2.4003113525943447,0.09896679728891616,10.15704387990762,4.331114734496527,0.029999500914526828
CSO-10-5A-RVMOIB-CorrEtiq.txt,30.0,23.506818181818183,29.0,0.975,0.39090909090909093,0.2340909090909091,0.32954545454545453,1.0045454545454546,23.506818181818183,19.025,2.4870586260352225,0.10572293116657033,9.031818181818181,3.9209315683711234,0.042988350609862704
CSO-10-5A-SVHEES-CorrEtiq.txt,30.0,21.983758700696054,29.0,1.1624129930394431,0.568445475638051,0.8074245939675174,0.505800464037123,1.5266821345707657,21.983758700696054,18.503480278422273,2.667782541276338,0.11807024327508109,8.099767981438514,3.5827716984025177,0.06639898488745614
CSO-11-5A-MDVOSPE-CorrEtiq.txt,30.0,22.92997198879552,28.9187675070028,1.361344537815126,0.48739495798319327,0.19607843137254902,0.33613445378151263,1.2969187675070029,22.92717086834734,18.798319327731093,2.543559048125772,0.10971367841109896,8.80952380952381,3.837895059965909,0.062056799458125284
CSO-11-5A-MTAGA-CorrEtiq.txt,30.0,24.415625,29.0,1.0375,0.740625,0.490625,0.465625,0.56875,24.415625,18.7,2.3943206831095845,0.09616700615899454,10.965625,4.576820236895175,0.02265313850401689
CSO-11-6A-CAPAMU-CorrEtiq.txt,30.0,23.887931034482758,28.666666666666668,0.7471264367816092,0.46264367816091956,0.4454022988505747,0.39655172413793105,1.3735632183908046,23.60632183908046,16.163793103448278,2.4214421257749392,0.10125802543812686,10.301724137931034,4.2842129979848735,0.049747639351253745
CSO-11-6A-DSCACH-CorrEtiq.txt,30.0,24.126482213438734,29.0,0.9604743083003953,0.1422924901185771,0.11462450592885376,0.11462450592885376,0.7470355731225297,24.126482213438734,19.59288537549407,2.419666347092112,0.1011774697703626,9.090909090909092,3.95319874966655,0.02715189888610993
CSO-11-6A-EROMO-CorrEtiq.txt,30.0,22.06341463414634,29.0,1.5463414634146342,1.7560975609756098,0.14146341463414633,1.4439024390243902,1.0926829268292684,22.06341463414634,18.6,2.6506974888518675,0.11311938454892403,7.921951219512195,3.6131122444748347,0.03638744240513111
CSO-11-6A-FSOVRE-CorrEtiq.txt,30.0,21.58880778588808,28.929440389294403,1.7445255474452555,1.1411192214111923,0.3333333333333333,0.8223844282238443,1.8661800486618005,21.581508515815084,17.800486618004864,2.703666848806937,0.11972719402011757,7.9391727493917275,3.5503200069755154,0.0736242238132251
CSO-11-6B-ANREVA-CorrEtiq.txt,30.0,22.583333333333332,29.0,1.3527777777777779,0.5194444444444445,0.16111111111111112,0.44722222222222224,1.6583333333333334,22.583333333333332,19.380555555555556,2.588264243418829,0.112854310458407,7.877777777777778,3.5640911078837223,0.06884240718797521
CSO-11-6B-DISEMO-CorrEtiq.txt,30.0,22.77848101265823,28.341772151898734,1.1139240506329113,0.7531645569620253,0.3670886075949367,0.5379746835443038,0.8860759493670886,21.848101265822784,16.265822784810126,2.501677168914373,0.10744620604511113,8.563291139240507,3.765031567483467,0.07015996232089353
CSO-11-6B-LHFDLACH-CorrEtiq.txt,30.0,22.647959183673468,28.926020408163264,2.375,1.280612244897959,0.42857142857142855,0.826530612244898,4.451530612244898,22.647959183673468,17.07908163265306,2.6029190442917036,0.10660332551825419,9.974489795918368,4.263517622076303,0.053074691538024917
CSO-11-6B-RJGIHE-CorrEtiq.txt,30.0,21.978915662650603,29.0,1.1716867469879517,0.9819277108433735,0.6054216867469879,0.6475903614457831,1.7921686746987953,21.978915662650603,18.82831325301205,2.662921245931145,0.11829036656384546,7.960843373493976,3.494088236431964,0.09167469014639168
CSO-11-6B-SFLVA-CorrEtiq.txt,30.0,21.15081967213115,29.0,1.7573770491803278,1.5540983606557377,1.0688524590163935,0.9540983606557377,2.318032786885246,21.15081967213115,16.770491803278688,2.7833766632984096,0.12242034666642485,8.416393442622951,3.7424662916717337,0.08879097428496675
CSO-11-6B-VCOMA-CorrEtiq.txt,30.0,23.370106761565836,29.0,1.1352313167259787,0.7722419928825622,0.21352313167259787,0.6761565836298933,0.9893238434163701,23.370106761565836,18.750889679715304,2.5131068288791725,0.1062227081946116,9.270462633451958,3.9820742366610227,0.042728209478891416
CSO-12-6A-DGISE-CorrEtiq.txt,30.0,22.341269841269842,29.0,1.626984126984127,1.1626984126984128,1.380952380952381,0.7738095238095238,0.9563492063492064,22.341269841269842,17.253968253968253,2.6160754268023343,0.10912506363741016,9.571428571428571,4.085009468356759,0.06424847466724935
CSO-12-6A-FJOVRE-CorrEtiq.txt,30.0,22.13968253968254,28.90793650793651,1.1682539682539683,0.8285714285714286,0.5873015873015873,0.6888888888888889,1.6031746031746033,22.136507936507936,18.663492063492065,2.633369640662716,0.11574972915695353,8.031746031746032,3.5639083452317815,0.061342194826236575
CSO-12-6B-GQULO-CorrEtiq.txt,30.0,21.932659932659934,29.0,1.1885521885521886,0.9427609427609428,0.7777777777777778,0.7575757575757576,0.9326599326599326,21.932659932659934,18.282828282828284,2.6691729441235132,0.11708177060703537,8.38047138047138,3.6483488237324084,0.050260326342858645
CSO-12-6B-LJHEFE-CorrEtiq.txt,30.0,23.676855895196507,29.0,1.0262008733624455,0.9650655021834061,0.28602620087336245,0.6855895196506551,1.0109170305676856,23.676855895196507,18.05240174672489,2.4778813626910017,0.10337834424380068,10.301310043668122,4.389741085158059,0.05713956127928523
CSO-12-6B-VPAMA-CorrEtiq.txt,30.0,21.050847457627118,26.73728813559322,1.7966101694915255,0.5423728813559322,0.2457627118644068,0.4491525423728814,0.4576271186440678,19.822033898305083,13.322033898305085,2.5475895981900853,0.11550591402080984,6.872881355932203,3.124164344572485,0.04839919329840788
CSO-12-7A-DALRE-CorrEtiq.txt,30.0,20.68191268191268,28.933471933471935,2.451143451143451,0.6029106029106029,0.6735966735966736,0.4573804573804574,2.4802494802494803,20.67983367983368,16.893970893970895,2.8328311407838105,0.1279782396026947,7.898128898128898,3.5170521543759996,0.10001231718137474
CSO-12-7A-ESALA-CorrEtiq.txt,30.0,21.83009708737864,29.0,1.354368932038835,0.4368932038834951,0.0,0.3786407766990291,1.587378640776699,21.83009708737864,19.402912621359224,2.68023626219577,0.12264876053984468,6.907766990291262,3.182388075083305,0.08493954990532471
CSO-12-7A-IMERO-CorrEtiq.txt,30.0,22.61511423550088,29.0,1.6203866432337435,1.1775043936731107,0.35676625659050965,0.773286467486819,1.5307557117750439,22.61511423550088,17.513181019332162,2.592947344410353,0.11048682319035216,9.611599297012303,4.052206497411493,0.0684321288022579
CSO-12-7A-JHEZA-CorrEtiq.txt,30.0,23.987654320987655,28.695473251028808,1.2880658436213992,0.9053497942386831,0.5967078189300411,0.6831275720164609,1.3950617283950617,23.732510288065843,15.176954732510287,2.404609894720827,0.09566160200441826,11.62551440329218,4.835068957999715,0.04895019197219949
CSO-12-7A-LSARAR-CorrEtiq.txt,30.0,21.614285714285714,29.0,1.9047619047619047,1.2190476190476192,0.0,0.8095238095238095,0.919047619047619,21.614285714285714,18.823809523809523,2.7129980980360187,0.12070327816663605,7.29047619047619,3.334571310412224,0.05430565863831871
CSO-12-7A-SCAHO-CorrEtiq.txt,30.0,22.545945945945945,29.0,1.4594594594594594,0.8378378378378378,0.07837837837837838,0.5027027027027027,1.1486486486486487,22.545945945945945,18.954054054054055,2.5832523412042865,0.11227547480932863,8.402702702702703,3.71331163221108,0.06257786115796359
CSO-12-7B-DVAGRO-CorrEtiq.txt,30.0,23.65930599369085,29.0,1.1261829652996846,0.9779179810725552,0.6403785488958991,0.7160883280757098,1.138801261829653,23.65930599369085,16.738170347003155,2.4787794635321103,0.10131894429710812,11.123028391167193,4.618438009202454,0.051218294599671726
CSO-12-7B-SMUGU-CorrEtiq.txt,30.0,23.03347280334728,29.0,0.8535564853556485,0.2928870292887029,0.36401673640167365,0.2928870292887029,1.7364016736401673,23.03347280334728,18.778242677824267,2.544426962977501,0.11141743139550837,8.93305439330544,3.841474675889772,0.07285736795903029
CSO-12-7B-SSARA-CorrEtiq.txt,30.0,24.185430463576157,29.0,1.0165562913907285,0.46688741721854304,0.48013245033112584,0.37748344370860926,0.5264900662251656,24.185430463576157,20.026490066225165,2.4233441384421366,0.09916073343739193,10.119205298013245,4.349806982085316,0.014842609005479247
CSO-12-7B-VHOMA-CorrEtiq.txt,30.0,24.472340425531915,29.0,0.8063829787234043,0.5127659574468085,0.48723404255319147,0.4127659574468085,0.7148936170212766,24.472340425531915,18.917021276595744,2.3880721906318576,0.09716415716469272,10.446808510638299,4.418438680819651,0.04270525976135861
CSO-12-8A-YTOME-CorrEtiq.txt,30.0,23.48249027237354,29.0,0.9105058365758755,0.6342412451361867,0.11284046692607004,0.5486381322957199,0.5992217898832685,23.48249027237354,19.875486381322958,2.4800892931513805,0.1049572135270521,8.735408560311283,3.862245802749146,0.03858022840879259
CSO-13-6A-ANASA-CorrEtiq.txt,30.0,24.41276595744681,29.0,0.774468085106383,0.6609929078014184,0.08226950354609928,0.5546099290780142,0.7900709219858156,24.41276595744681,19.3177304964539,2.39707097744714,0.09874191169156558,10.164539007092198,4.355140551048012,0.03051535546763402
CSO-13-6B-JETAVE-CorrEtiq.txt,30.0,21.852156057494867,29.0,1.8624229979466118,0.38193018480492813,0.11909650924024641,0.34496919917864477,2.0492813141683777,21.852156057494867,19.121149897330596,2.6886846124890367,0.12040151180635375,7.457905544147844,3.3760362556803183,0.08403577716670269
CSO-13-6B-LFMIES-CorrEtiq.txt,30.0,22.857777777777777,28.74222222222222,0.7244444444444444,0.6577777777777778,0.4666666666666667,0.5111111111111111,0.9555555555555556,22.186666666666667,17.155555555555555,2.556791087275626,0.11249427154576727,9.013333333333334,3.8298732742861956,0.06560935198835681
CSO-13-6B-LJMAHU-CorrEtiq.txt,30.0,22.82934131736527,28.449101796407184,1.658682634730539,1.3622754491017963,0.17365269461077845,0.8532934131736527,0.4550898203592814,22.24251497005988,16.398203592814372,2.507183994609281,0.10506578091623105,9.080838323353293,3.9260548826307753,0.026948145935868917
CSO-13-7A-CAPAMU-CorrEtiq.txt,30.0,23.133574007220215,28.790613718411553,1.144404332129964,1.5451263537906137,0.5433212996389891,1.0469314079422383,1.351985559566787,23.12815884476534,17.34115523465704,2.5132340299583316,0.1039066857100196,10.171480144404333,4.31483263868898,0.05179537243663184
CSO-13-7A-CDDITR-CorrEtiq.txt,30.0,24.502222222222223,29.0,0.9155555555555556,0.5155555555555555,0.1288888888888889,0.39111111111111113,0.4533333333333333,24.502222222222223,18.746666666666666,2.3857036913308463,0.09762017258574594,10.577777777777778,4.427478443963773,0.032277949705171866
CSO-13-7A-JJATFL-CorrEtiq.txt,30.0,22.162790697674417,29.0,1.317829457364341,1.0426356589147288,0.19767441860465115,0.7364341085271318,1.255813953488372,22.162790697674417,19.732558139534884,2.6353603934938086,0.11577255617719294,7.170542635658915,3.304945754125493,0.046999188821731465
CSO-13-7A-KRAMA-CorrEtiq.txt,30.0,21.705357142857142,29.0,1.3883928571428572,0.875,0.3125,0.59375,0.59375,21.705357142857142,19.558035714285715,2.701031108863163,0.1220087458757193,6.982142857142857,3.2381402623354982,0.0506689442640691
CSO-13-7A-RXCHLU-CorrEtiq.txt,30.0,22.985714285714284,29.0,0.6333333333333333,0.5190476190476191,0.0,0.3904761904761905,0.6333333333333333,22.985714285714284,20.052380952380954,2.5333870635920324,0.11192904901208268,7.838095238095238,3.580099385123249,0.049748172018972074
CSO-13-7A-YAMEZA-CorrEtiq.txt,30.0,23.765811965811967,29.0,0.7521367521367521,0.7572649572649572,0.3606837606837607,0.7111111111111111,0.6957264957264957,23.765811965811967,19.22222222222222,2.453365566594106,0.10199063685945886,9.629059829059829,4.109456794597126,0.03915582447385548
CSO-13-7A-YBOSO-CorrEtiq.txt,30.0,22.375,26.5390625,0.625,0.453125,0.90625,0.40625,1.6171875,21.609375,10.109375,2.406794594506265,0.1065123560702016,9.1796875,3.8393217634493273,0.07530492554026909
CSO-13-8A-KIGAGU-CorrEtiq.txt,30.0,22.68421052631579,29.0,1.2894736842105263,0.7412280701754386,1.0921052631578947,0.5789473684210527,1.144736842105263,22.68421052631579,18.93859649122807,2.5736093707472527,0.10804421566214492,8.846491228070175,3.850159095632318,0.05367543285269559
CSO-13-8A-MBUAN-CorrEtiq.txt,30.0,23.65692007797271,28.943469785575047,1.3177387914230019,0.9395711500974658,0.39571150097465885,0.5536062378167641,0.6881091617933723,23.64522417153996,17.939571150097464,2.467185812016953,0.10161411971805048,10.368421052631579,4.383437542863355,0.031494568958051375
CSO-13-8A-MGAAN-CorrEtiq.txt,30.0,24.011049723756905,29.0,1.0027624309392265,0.9723756906077348,0.4005524861878453,0.861878453038674,0.7071823204419889,24.011049723756905,18.859116022099446,2.433639253046563,0.09817795488295003,10.12707182320442,4.322951480157696,0.03177594120205333
CSO-13-8A-MGAHE-CorrEtiq.txt,30.0,23.056603773584907,29.0,1.4787735849056605,0.125,0.27358490566037735,0.125,1.2995283018867925,23.056603773584907,19.14858490566038,2.5412639396244154,0.10925492331281283,8.787735849056604,3.831574099479021,0.04066328490491891
CSO-13-8A-MJAGA-CorrEtiq.txt,30.0,20.742049469964666,29.0,2.487632508833922,1.2897526501766785,1.6395759717314489,0.9787985865724381,1.5123674911660778,20.742049469964666,17.12367491166078,2.828821501885476,0.12285661335817658,8.15547703180212,3.615852674967045,0.07051158489657196
CSO-13-8A-VHODU-CorrEtiq.txt,30.0,22.68905472636816,29.0,0.8009950248756219,0.5572139303482587,0.36069651741293535,0.5049751243781094,1.2686567164179106,22.68905472636816,19.72139303482587,2.5752820519953756,0.11324196948427727,8.099502487562189,3.5987496880132888,0.06486168607144514
CSO-13-8B-FCJISA-CorrEtiq.txt,30.0,23.57777777777778,29.0,1.0844444444444445,1.0,0.1288888888888889,0.5066666666666667,1.3022222222222222,23.57777777777778,18.137777777777778,2.4729528813569495,0.1039637362308097,9.902222222222223,4.177973592543946,0.08287704659013632
CSO-13-8B-JEMABE-CorrEtiq.txt,30.0,21.416901408450705,28.83661971830986,1.9577464788732395,0.6309859154929578,0.29014084507042254,0.4028169014084507,0.828169014084507,21.304225352112677,18.29014084507042,2.720859544035516,0.12305687760598001,7.459154929577465,3.382379058182332,0.05389728058436486
CSO-13-9B-DMLLLU-CorrEtiq.txt,30.0,21.67539267015707,29.0,1.7591623036649215,0.3507853403141361,0.29842931937172773,0.2931937172774869,2.0418848167539267,21.67539267015707,18.848167539267017,2.706368212698344,0.12223016584115969,7.790575916230367,3.478071665568457,0.06794441118302152
CSO-14-7A-MVEBE-CorrEtiq.txt,30.0,22.17241379310345,29.0,0.47586206896551725,0.38620689655172413,0.36551724137931035,0.38620689655172413,1.013793103448276,22.17241379310345,19.83448275862069,2.625558888098934,0.11963272341430631,6.979310344827586,3.1592146333198965,0.076468405011872
CSO-14-7B-EALHU-CorrEtiq.txt,30.0,22.295681063122924,29.0,1.9269102990033222,0.9966777408637874,0.09634551495016612,0.6478405315614618,2.8372093023255816,22.295681063122924,18.82059800664452,2.6238592271024923,0.1126123119696299,8.325581395348838,3.706761764299169,0.06298017255410814
CSO-14-7B-EVEGO-CorrEtiq.txt,30.0,24.060747663551403,29.0,1.1425233644859814,0.6063084112149533,0.10163551401869159,0.49065420560747663,1.2581775700934579,24.060747663551403,19.08644859813084,2.4324198612629164,0.1004210254669155,10.001168224299066,4.281386285256351,0.05091892632833907
CSO-14-8A-AQUMA-CorrEtiq.txt,30.0,21.785714285714285,29.0,1.226890756302521,1.4621848739495797,0.12184873949579832,0.9495798319327731,1.0168067226890756,21.785714285714285,19.126050420168067,2.674867067137513,0.1197086430847379,7.474789915966387,3.396870279391712,0.06327561281479119
CSO-14-8A-MCIDOS-CorrEtiq.txt,30.0,22.543726235741445,28.692015209125476,1.494296577946768,0.7072243346007605,0.33079847908745247,0.532319391634981,1.908745247148289,21.817490494296578,17.20152091254753,2.575824414858004,0.11208978357194653,8.55513307984791,3.791822249477825,0.07570105608174742
CSO-14-8A-SZARA-CorrEtiq.txt,30.0,22.831715210355988,29.0,1.0161812297734627,0.8576051779935275,0.7961165048543689,0.8284789644012945,0.7799352750809061,22.831715210355988,18.362459546925567,2.5540234191018074,0.10712003920696263,8.864077669902912,3.843635949265819,0.03301705818815472
CSO-14-8B-JLLORA-CorrEtiq.txt,30.0,22.128205128205128,29.0,1.0366300366300367,0.4175824175824176,0.4249084249084249,0.40293040293040294,2.6483516483516483,22.128205128205128,18.805860805860807,2.6398605516363958,0.11803326242712137,7.681318681318682,3.432648820947972,0.09125579297446595
CSO-14-9A-AEDCAGO-CorrEtiq.txt,30.0,24.033175355450236,28.862559241706162,0.8791469194312796,0.9312796208530806,0.27488151658767773,0.7701421800947867,0.5165876777251185,23.827014218009477,18.412322274881518,2.425254216035519,0.0994752487481078,10.092417061611375,4.321855216390315,0.033312033131324754
CSO-14-9A-HASACA-CorrEtiq.txt,30.0,23.572687224669604,29.0,0.762114537444934,0.7577092511013216,0.1277533039647577,0.7577092511013216,0.5903083700440529,23.572687224669604,18.154185022026432,2.4786776704110545,0.10469780761638542,9.581497797356828,4.091539737581741,0.04580101869831077
CSO-14-9A-JSMAAL-CorrEtiq.txt,30.0,23.32751091703057,28.936681222707424,1.1353711790393013,0.8842794759825328,0.5698689956331878,0.6528384279475983,0.6812227074235808,23.268558951965066,17.96943231441048,2.5056340627811804,0.1047116147667025,9.196506550218341,4.017678354813903,0.05293856958289871
CSO-14-9A-MARJA-CorrEtiq.txt,30.0,23.197014925373136,29.0,1.3522388059701493,0.4507462686567164,0.0,0.3522388059701492,1.5522388059701493,23.197014925373136,18.925373134328357,2.5302526704095585,0.10927070157186301,8.991044776119402,3.8975485496427833,0.06813220010883674
CSO-14-9A-SORZU-CorrEtiq.txt,30.0,22.519354838709678,28.793548387096774,1.4129032258064516,1.229032258064516,0.5516129032258065,0.8290322580645161,1.2838709677419355,22.429032258064517,16.683870967741935,2.5913314665353537,0.11034859446474346,9.32258064516129,4.01275952695336,0.06103710901917727
CSO-14-9B-ERAGA-CorrEtiq.txt,30.0,21.273743016759777,28.91899441340782,1.4664804469273742,1.0810055865921788,0.5670391061452514,0.8100558659217877,1.3687150837988826,21.26536312849162,17.863128491620113,2.7436532591946334,0.12346902262275054,7.715083798882682,3.4167902871150093,0.07892781530120124
CSO-14-9B-MFEGA-CorrEtiq.txt,30.0,21.773662551440328,29.0,1.8518518518518519,1.2633744855967077,0.6255144032921811,0.8600823045267489,3.3703703703703702,21.773662551440328,17.987654320987655,2.706088485733504,0.11837869230048804,8.839506172839506,3.7819605782553394,0.078860512285202
CSO-15-10A-LJRAGU-CorrEtiq.txt,30.0,23.18069815195072,28.809034907597535,1.3552361396303902,0.3080082135523614,0.11909650924024641,0.17659137577002054,1.3080082135523614,23.04517453798768,19.145790554414784,2.516307219744633,0.10844557361149415,8.804928131416839,3.851484783236834,0.05783704715923424
CSO-15-10A-MAARLO-CorrEtiq.txt,30.0,22.18452380952381,28.827380952380953,1.3928571428571428,0.5386904761904762,0.36904761904761907,0.5059523809523809,1.1755952380952381,22.06845238095238,18.511904761904763,2.6101216354142145,0.11409742972842697,8.154761904761905,3.5840579785065683,0.06366169223519474
CSO-15-10A-SFEGA-CorrEtiq.txt,30.0,20.92549019607843,28.772549019607844,1.8901960784313725,1.0823529411764705,0.3411764705882353,0.8274509803921568,2.9098039215686273,20.91764705882353,17.580392156862747,2.8183263634210536,0.12948094335198398,7.294117647058823,3.2942207393363296,0.1066872995330956
CSO-15-10B-MEBUAR-CorrEtiq.txt,30.0,23.29090909090909,29.0,0.6424242424242425,1.0696969696969696,0.08787878787878788,0.9424242424242424,1.1181818181818182,23.29090909090909,18.087878787878786,2.5161742353063343,0.10793238446826962,9.548484848484849,4.054468694168932,0.049051918234746764
CSO-15-10B-YVBUAN-CorrEtiq.txt,30.0,22.940677966101696,28.877118644067796,1.2118644067796611,0.6949152542372882,0.1228813559322034,0.3559322033898305,2.0762711864406778,22.927966101694917,18.85593220338983,2.5369309816019454,0.10987634322630478,8.40677966101695,3.7197332020218847,0.06595802624770511
CSO-15-10C-ALBAHO-CorrEtiq.txt,30.0,23.002808988764045,29.0,1.5561797752808988,1.3258426966292134,0.8146067415730337,0.8735955056179775,0.8539325842696629,23.002808988764045,18.671348314606742,2.5401287696563197,0.10454853342368259,9.384831460674157,4.124543442931422,0.05847223736504048
CSO-15-10C-SSCAMO-CorrEtiq.txt,30.0,23.392441860465116,29.0,1.7645348837209303,1.3313953488372092,0.40988372093023256,0.8313953488372093,2.13953488372093,23.392441860465116,18.191860465116278,2.5184761907661737,0.10253755084453525,10.450581395348838,4.413416513006251,0.039914889732754866
CSO-15-11C-JETALO-CorrEtiq.txt,30.0,21.96594982078853,29.0,1.8888888888888888,2.71505376344086,0.6164874551971327,1.514336917562724,1.7186379928315412,21.96594982078853,17.09856630824373,2.6737047716496,0.11111008532717798,9.498207885304659,4.125099752204788,0.053953727157063126
CSO-15-7B-JCRAGA-CorrEtiq.txt,30.0,22.96212121212121,29.0,0.9393939393939394,0.42424242424242425,0.9090909090909091,0.3787878787878788,1.4848484848484849,22.96212121212121,18.742424242424242,2.5567299313781775,0.10987991763424446,9.106060606060606,4.0009790622317905,0.07616666032476047
CSO-15-8A-VBMABR-CorrEtiq.txt,30.0,22.668650793650794,29.0,1.8630952380952381,0.9365079365079365,0.057539682539682536,0.6190476190476191,0.8214285714285714,22.668650793650794,19.498015873015873,2.581560361500656,0.10992679303266352,8.65079365079365,3.8078934310573644,0.036505492865028646
CSO-15-8B-KEPOGO-CorrEtiq.txt,30.0,24.878892733564015,29.0,0.6920415224913494,0.07958477508650519,0.10034602076124567,0.058823529411764705,0.671280276816609,24.878892733564015,20.027681660899653,2.348531103092639,0.09659362488728468,10.619377162629759,4.46487978116865,0.0345868148591142
CSO-15-9B-ALRIHE-CorrEtiq.txt,30.0,23.487272727272728,29.0,0.8218181818181818,0.5818181818181818,0.6,0.48363636363636364,0.6036363636363636,23.487272727272728,18.72,2.483687711380992,0.10436532389794516,9.73090909090909,4.119016684489378,0.028777860908566724
CSO-15-9B-AMSAGO-CorrEtiq.txt,30.0,23.776422764227643,28.788617886178862,0.8333333333333334,0.7317073170731707,0.18699186991869918,0.4634146341463415,1.1544715447154472,23.32520325203252,18.8130081300813,2.444664328313825,0.10359651974338213,8.878048780487806,3.9246323334998503,0.06637645272874867
CSO-15-9B-JCAPA-CorrEtiq.txt,30.0,23.14887640449438,29.0,1.0870786516853932,0.17696629213483145,0.3258426966292135,0.1601123595505618,1.1853932584269662,23.14887640449438,19.230337078651687,2.529054499914669,0.109359421974986,8.808988764044944,3.8366923312942616,0.05461356152757505
CSO-15-9B-KSBEJA-CorrEtiq.txt,30.0,21.009090909090908,29.0,1.9484848484848485,0.9242424242424242,0.4393939393939394,0.8424242424242424,0.5151515151515151,21.009090909090908,17.124242424242425,2.8022597770774613,0.12675754035084177,7.615151515151515,3.432210009872428,0.03506770905491944
CSO-15-9B-RMCHLU-CorrEtiq.txt,30.0,22.65286624203822,29.0,1.2929936305732483,1.4745222929936306,0.09235668789808917,1.0222929936305734,1.3630573248407643,22.65286624203822,19.03503184713376,2.58471652733534,0.11075302719493844,8.656050955414013,3.7967065804252935,0.06134744933882271
CSO-15-9B-SJAGRO-CorrEtiq.txt,30.0,24.897196261682243,29.0,0.3598130841121495,0.6308411214953271,0.0,0.5794392523364486,0.2850467289719626,24.897196261682243,18.901869158878505,2.347689260037899,0.09613710135620357,10.841121495327103,4.5381461701921495,0.034757537381982
CSO-16-10A-JEGAHE-CorrEtiq.txt,30.0,22.888288288288287,29.0,1.3873873873873874,0.6792792792792792,0.15675675675675677,0.527927927927928,0.972972972972973,22.888288288288287,18.625225225225226,2.5569537537325933,0.10956210038814247,8.857657657657658,3.8810747465561484,0.05134871450094525
CSO-16-10A-MSACO-CorrEtiq.txt,30.0,23.87936507936508,29.0,0.8888888888888888,0.22857142857142856,0.18412698412698414,0.15555555555555556,1.034920634920635,23.87936507936508,19.32063492063492,2.441868150304313,0.10309334973059503,9.584126984126984,4.11740095370374,0.04531410966212965
CSO-16-10A-SARI-CorrEtiq.txt,30.0,22.54320987654321,27.567901234567902,2.111111111111111,0.5308641975308642,0.4773662551440329,0.3497942386831276,0.31275720164609055,21.31687242798354,12.843621399176955,2.4981069744408058,0.10462902070659347,9.96707818930041,4.221444685527002,0.02101754172907238
CSO-16-10A-SMOUT-CorrEtiq.txt,30.0,23.75728155339806,29.0,0.9281553398058252,0.8446601941747572,0.5514563106796116,0.5825242718446602,0.7572815533980582,23.75728155339806,18.798058252427186,2.4617271521325197,0.10141271381985874,9.889320388349514,4.195924081450675,0.050860808225751716
CSO-16-10A-YKMUJO-CorrEtiq.txt,30.0,21.74074074074074,29.0,1.2181069958847737,0.5720164609053497,0.4773662551440329,0.4609053497942387,0.9711934156378601,21.74074074074074,19.189300411522634,2.6926682478769894,0.12211379046283632,7.473251028806584,3.3322448978510972,0.06311696142321022
CSO-16-10B-JESUGU-CorrEtiq.txt,30.0,24.04794520547945,29.0,0.589041095890411,0.1917808219178082,0.19863013698630136,0.1917808219178082,0.9452054794520548,24.04794520547945,20.294520547945204,2.4220036295736116,0.1021336060317597,8.904109589041095,3.9331785074608185,0.052102572222392694
CSO-16-10B-LTVIFA-CorrEtiq.txt,30.0,26.308,29.0,0.608,0.336,0.0,0.228,0.692,26.308,17.508,2.2142042243103113,0.08552433007605421,13.18,5.357149446475563,0.018858592392041663
CSO-16-10B-VVILI-CorrEtiq.txt,30.0,23.612403100775193,29.0,1.0594315245478036,0.8294573643410853,0.2842377260981912,0.7493540051679587,0.8656330749354005,23.612403100775193,18.772609819121445,2.470133961432278,0.10206408925488389,9.651162790697674,4.154203345249177,0.030031150415973838
CSO-16-10C-ACALGU-CorrEtiq.txt,30.0,23.21271393643032,28.616136919315405,1.1980440097799512,0.5696821515892421,0.0,0.34963325183374083,0.9388753056234719,23.166259168704155,18.542787286063568,2.4957586806029686,0.10791522485628152,8.799511002444987,3.8478716425557686,0.04687479140498276
CSO-16-10C-MAVAVE-CorrEtiq.txt,30.0,24.151209677419356,29.0,0.7943548387096774,0.5604838709677419,0.25806451612903225,0.43951612903225806,0.8306451612903226,24.151209677419356,18.548387096774192,2.4256612134670004,0.10078492434372453,10.477822580645162,4.405604556640984,0.04148340073392703
CSO-16-11A-JAVABO-CorrEtiq.txt,30.0,23.498765432098764,29.0,1.0345679012345679,0.5234567901234568,0.42962962962962964,0.41728395061728396,0.854320987654321,23.498765432098764,19.007407407407406,2.4949695510195418,0.10524196713985647,9.320987654320987,3.9616948538352523,0.06145176961593671
CSO-16-11A-JDMUVA-CorrEtiq.txt,30.0,24.35185185185185,29.0,0.7530864197530864,0.4104938271604938,0.17901234567901234,0.35802469135802467,0.5864197530864198,24.35185185185185,20.237654320987655,2.391527304080981,0.09846374541595888,9.339506172839506,4.097161054785854,0.04905212535951488
CSO-16-11A-VZAOR-CorrEtiq.txt,30.0,24.13765182186235,28.765182186234817,0.7165991902834008,0.6437246963562753,0.46963562753036436,0.5708502024291497,0.38461538461538464,24.125506072874494,17.42105263157895,2.3915464533119875,0.09741187136577126,9.991902834008098,4.2083383527035965,0.02089916913607906
CSO-16-11B-KRORE-CorrEtiq.txt,30.0,23.65863453815261,29.0,1.5662650602409638,0.3373493975903614,0.11646586345381527,0.2289156626506024,0.5381526104417671,23.65863453815261,18.987951807228917,2.4774371377071422,0.10343537093318829,9.919678714859439,4.236299645576111,0.04340478999708574
CSO-16-11B-LLOZA-CorrEtiq.txt,30.0,24.548161120840632,28.949211908931698,0.4956217162872154,0.4115586690017513,0.30472854640980734,0.4115586690017513,0.647985989492119,24.548161120840632,19.6584938704028,2.379706670636623,0.0981114386810387,10.07705779334501,4.297263835989967,0.04421867238523144
CSO-16-11B-YAROMO-CorrEtiq.txt,30.0,24.131147540983605,29.0,0.9278688524590164,1.8852459016393444,0.380327868852459,1.2754098360655737,0.5573770491803278,24.131147540983605,16.550819672131148,2.4177671489831147,0.09585626573127042,11.836065573770492,4.917204031000894,0.042627316961142664
CSO-16-9A-JALEMO-CorrEtiq.txt,30.0,23.743150684931507,29.0,0.7123287671232876,0.928082191780822,0.09931506849315068,0.6643835616438356,0.4726027397260274,23.743150684931507,19.21917808219178,2.4659009925709103,0.10464377508453898,9.407534246575343,4.067110784666191,0.03264568987565841
CSO-16-9A-JPROSO-CorrEtiq.txt,30.0,23.819742489270386,29.0,1.1158798283261802,0.47639484978540775,0.4978540772532189,0.47639484978540775,0.8154506437768241,23.819742489270386,17.84978540772532,2.447209575134561,0.10023256438102099,10.351931330472103,4.361476457244128,0.042768334640279036
CSO-16-9A-JSMAGU-CorrEtiq.txt,30.0,22.24175824175824,29.0,1.3663003663003663,0.8095238095238095,0.21245421245421245,0.6190476190476191,1.8131868131868132,22.24175824175824,19.13186813186813,2.6373552829084486,0.11671751540360452,7.8901098901098905,3.549561439539493,0.08145497390963372
CSO-16-9B-SJPAJI-CorrEtiq.txt,30.0,23.160401002506266,29.0,1.0200501253132832,0.3032581453634085,0.14536340852130325,0.3032581453634085,1.1979949874686717,23.160401002506266,19.040100250626566,2.540996127786517,0.11111304266013289,8.914786967418546,3.850699255361704,0.05070924939587122
CSO-17-10A-YVGOCA-CorrEtiq.txt,30.0,22.996884735202492,29.0,1.0965732087227413,1.1339563862928348,0.14018691588785046,0.8691588785046729,1.3582554517133956,22.996884735202492,19.80373831775701,2.538168966128218,0.10781624007905286,8.404984423676012,3.7260025541819046,0.07125743173880245
CSO-17-10B-EHECO-CorrEtiq.txt,30.0,23.55944055944056,28.8986013986014,1.2307692307692308,0.3986013986013986,0.3041958041958042,0.3986013986013986,0.4195804195804196,23.482517482517483,19.342657342657343,2.4697203663335587,0.10288783210668433,9.34965034965035,3.9940918830374814,0.043283988715442846
CSO-17-10B-YCQUVE-CorrEtiq.txt,30.0,22.54653130287648,28.903553299492387,1.7292724196277496,1.6159052453468696,0.1692047377326565,0.949238578680203,1.3942470389170898,22.426395939086294,17.573604060913706,2.594724055050473,0.11063494613429713,9.09306260575296,3.9290678506755174,0.050403795776036306
CSO-17-11A-DJAPA-CorrEtiq.txt,30.0,23.23076923076923,28.93970893970894,1.1476091476091477,0.9313929313929314,0.15176715176715178,0.762993762993763,0.7422037422037422,23.224532224532226,18.68814968814969,2.522494347925041,0.10737350970475834,8.95010395010395,3.9380902814470327,0.04076246663237354
CSO-17-11A-JDAMO-CorrEtiq.txt,30.0,23.08041958041958,29.0,1.7447552447552448,0.3076923076923077,0.0,0.21328671328671328,1.1258741258741258,23.08041958041958,19.083916083916083,2.546425494495708,0.10936151591727405,8.674825174825175,3.859536329807814,0.03703539570418828
CSO-17-11A-NPAHE-CorrEtiq.txt,30.0,24.03962703962704,29.0,0.717948717948718,0.5011655011655012,0.07925407925407925,0.4568764568764569,0.5524475524475524,24.03962703962704,19.874125874125873,2.4316848434803022,0.10206637806709785,9.263403263403264,4.009198970337375,0.030871816521371772
CSO-17-11A-RLPAIG-CorrEtiq.txt,30.0,22.699551569506728,28.934977578475337,1.0448430493273542,1.2668161434977578,0.8452914798206278,0.899103139013453,1.2399103139013452,22.699551569506728,17.97982062780269,2.581875716721556,0.10960402006148072,9.547085201793722,4.11188368055145,0.06198222968598789
CSO-17-11A-SPUVA-CorrEtiq.txt,30.0,21.690647482014388,29.0,1.8381294964028776,0.6834532374100719,0.3129496402877698,0.5683453237410072,2.129496402877698,21.690647482014388,18.51798561151079,2.710622153062221,0.12003842256769247,7.856115107913669,3.5146296057502555,0.10235764649341653
CSO-17-11B-CDBEBU-CorrEtiq.txt,30.0,23.69655172413793,29.0,0.8724137931034482,0.9344827586206896,0.2,0.6655172413793103,0.7482758620689656,23.69655172413793,18.848275862068967,2.4640037765438225,0.1031457455193745,9.748275862068965,4.094018592216414,0.045938150602181
CSO-17-11C-JDAAG-CorrEtiq.txt,30.0,24.747800586510262,29.0,0.3548387096774194,0.5278592375366569,0.0,0.4633431085043988,0.8123167155425219,24.747800586510262,19.472140762463344,2.359529717239173,0.09775347417844583,10.20234604105572,4.31133331709783,0.05305134477761419
CSO-17-11C-MAPAMA-CorrEtiq.txt,30.0,23.04204204204204,29.0,0.9669669669669669,0.7237237237237237,0.36936936936936937,0.6426426426426426,0.8858858858858859,23.04204204204204,18.01801801801802,2.538873023975101,0.10874893183496105,9.297297297297296,3.9827247370978394,0.06347449933357555
CSO-17-11C-MCAAG-CorrEtiq.txt,30.0,23.55720338983051,29.0,1.3326271186440677,1.1165254237288136,0.0614406779661017,0.5720338983050848,0.8580508474576272,23.55720338983051,19.154661016949152,2.4812484213205135,0.10375614176505267,9.305084745762711,4.036553520360147,0.03904778506408214
CSO-17-11C-SARJA-CorrEtiq.txt,30.0,23.44047619047619,29.0,0.7857142857142857,0.7182539682539683,0.11507936507936507,0.6587301587301587,1.2857142857142858,23.44047619047619,19.702380952380953,2.4940847103382064,0.10636835750035416,8.88888888888889,3.897617724300918,0.05776183491155228
CSO-18-11A-ADBAHO-CorrEtiq.txt,30.0,24.846689895470384,29.0,0.5365853658536586,0.6655052264808362,0.0,0.6655052264808362,0.5644599303135889,24.846689895470384,19.65156794425087,2.343138752038919,0.09466154032583361,9.78048780487805,4.2088277028452765,0.031109090807823325
CSO-18-11B-YLLRE-CorrEtiq.txt,30.0,23.531453362255967,29.0,1.245119305856833,0.5466377440347071,0.0,0.4360086767895879,0.8004338394793926,23.531453362255967,18.648590021691973,2.485444977502141,0.10476398273976155,9.54229934924078,4.104828768660236,0.05471948180753374
CSO-18-9B-MAMOLO-CorrEtiq.txt,30.0,23.100376411543287,29.0,2.0326223337515685,1.8180677540777916,0.6223337515683814,0.8707653701380176,2.3375156838143036,23.100376411543287,16.371392722710162,2.5399727031524377,0.10262471836119176,10.90840652446675,4.544424132311916,0.042257188961615975
CSO-8-3A-AIPRBR-CorrEtiq.txt,30.0,21.62079510703364,29.0,1.415902140672783,0.42813455657492355,0.4434250764525994,0.42813455657492355,1.6422018348623852,21.62079510703364,18.155963302752294,2.704813161845595,0.12200615926101593,7.614678899082569,3.3983835585024083,0.07801571124984677
CSO-8-3A-DAPAVA-CorrEtiq.txt,30.0,21.76075731497418,29.0,1.6746987951807228,1.7246127366609294,0.6987951807228916,1.0567986230636832,1.261617900172117,21.76075731497418,17.34251290877797,2.6977596549652376,0.1161726107569825,8.419965576592082,3.7203726645919604,0.06176396791682159
CSO-8-3A-KVPECO-CorrEtiq.txt,30.0,22.115523465703973,28.779783393501805,1.4259927797833936,0.06859205776173286,0.5234657039711191,0.06859205776173286,1.2671480144404332,22.111913357400724,17.96389891696751,2.6206049421584403,0.11683299604687784,7.898916967509026,3.489109260522966,0.07459176099248245
CSO-8-4A-ARAGR-CorrEtiq.txt,30.0,23.447916666666668,28.776041666666668,1.2916666666666667,1.4947916666666667,0.3020833333333333,0.890625,0.4947916666666667,22.958333333333332,17.723958333333332,2.4984844931147747,0.10393049950254973,9.671875,4.124563391134574,0.04330993176802881
CSO-8-4A-JRAAR-CorrEtiq.txt,30.0,19.63095238095238,28.607142857142858,2.734126984126984,0.49603174603174605,0.9206349206349206,0.35714285714285715,1.3849206349206349,18.865079365079364,16.03968253968254,2.9543037033981627,0.1406266911612276,6.138888888888889,2.854368539421966,0.04682517078861515
CSO-9-2A-EXMOCO-CorrEtiq.txt,30.0,20.457286432160803,28.1356783919598,1.9447236180904524,0.9195979899497487,0.6080402010050251,0.5477386934673367,1.8894472361809045,19.849246231155778,14.045226130653266,2.7813109472274795,0.12921853676582362,7.346733668341709,3.3312182075868257,0.12011926928884488
CSO-9-4A-AGAPE-CorrEtiq.txt,30.0,22.79032258064516,29.0,0.9247311827956989,0.9139784946236559,0.0967741935483871,0.6989247311827957,1.3172043010752688,22.79032258064516,19.376344086021504,2.577845058684967,0.11308655425394606,8.096774193548388,3.671227159938578,0.05849885256841767
CSO-9-4A-DKVIMO-CorrEtiq.txt,30.0,21.33983286908078,28.919220055710305,1.615598885793872,0.5264623955431755,0.4233983286908078,0.4456824512534819,0.8969359331476323,21.292479108635096,18.710306406685238,2.7295351385696045,0.12395702969518563,6.983286908077995,3.2485397978451402,0.05669950029329361
CSO-9-4A-DSMOMU-CorrEtiq.txt,30.0,23.56330749354005,28.850129198966407,1.2377260981912144,0.627906976744186,0.5633074935400517,0.4392764857881137,0.4883720930232558,23.488372093023255,18.56847545219638,2.4681267207535105,0.10282899389522537,9.72609819121447,4.138638931240487,0.04339975178632083
CSO-9-4A-DVGATO-CorrEtiq.txt,30.0,22.723320158102766,28.885375494071145,1.407114624505929,0.9841897233201581,0.6877470355731226,0.6679841897233202,1.0197628458498025,22.679841897233203,17.288537549407113,2.571036485997623,0.10859067881493883,9.391304347826088,3.9921065052628757,0.06121655851723166
CSO-9-4A-EGCAMO-CorrEtiq.txt,30.0,21.4,29.0,1.6,1.4947368421052631,0.5087719298245614,0.8947368421052632,1.6912280701754385,21.4,18.466666666666665,2.7378762230711704,0.12229915647404718,7.519298245614035,3.3995667817407376,0.07665863398048194
CSO-9-4A-FAGIGA-CorrEtiq.txt,30.0,23.03448275862069,28.54741379310345,0.8577586206896551,1.2801724137931034,0.9741379310344828,0.9741379310344828,0.5603448275862069,22.66810344827586,16.21551724137931,2.492838515839877,0.10267781879693029,9.344827586206897,4.024362511126358,0.024474220366746794
CSO-9-4A-GSBRCO-CorrEtiq.txt,30.0,20.73972602739726,29.0,2.1073059360730593,0.7831050228310502,0.910958904109589,0.5799086757990868,1.8333333333333333,20.73972602739726,18.244292237442924,2.852552729847694,0.1302779986534445,7.3561643835616435,3.365634911993833,0.08245226460463664
CSO-9-4A-KEMOCO-CorrEtiq.txt,30.0,21.29179331306991,29.0,1.9696048632218845,0.5531914893617021,0.26443768996960487,0.3890577507598784,1.7082066869300911,21.29179331306991,18.97872340425532,2.7474103017208487,0.1245257367317592,7.319148936170213,3.3253299767177182,0.06624184438851688
CSO-9-4A-LCOMO-CorrEtiq.txt,30.0,23.645061728395063,29.0,1.0246913580246915,1.1975308641975309,0.26851851851851855,0.8364197530864198,1.2160493827160495,23.645061728395063,18.48148148148148,2.4737913176840203,0.10241542041236348,9.885802469135802,4.2067545129942285,0.05953803109455475
CSO-9-4A-MLORO-CorrEtiq.txt,30.0,21.525345622119815,29.0,1.8986175115207373,0.4608294930875576,0.39631336405529954,0.2626728110599078,2.0506912442396312,21.525345622119815,18.691244239631338,2.711838229718296,0.1214537237915852,7.741935483870968,3.4599378729726977,0.060665274663049086
CSO-9-4A-MPAME-CorrEtiq.txt,30.0,21.556818181818183,28.90909090909091,1.9829545454545454,0.9772727272727273,0.32954545454545453,0.6534090909090909,0.8125,20.869318181818183,17.448863636363637,2.7149099810887156,0.11908385571039758,7.8125,3.421514051281173,0.03633921602820878
CSO-9-4A-NSARPA-CorrEtiq.txt,30.0,22.876623376623378,28.905844155844157,1.1168831168831168,0.6818181818181818,0.2824675324675325,0.6818181818181818,0.8311688311688312,22.873376623376622,19.691558441558442,2.551446595558963,0.10934884276352558,8.25974025974026,3.7122765765560106,0.04523302078535306
CSO-9-4A-SLOCA-CorrEtiq.txt,30.0,21.368932038834952,29.0,1.8802588996763754,0.2750809061488673,0.37540453074433655,0.2750809061488673,2.385113268608414,21.368932038834952,17.893203883495147,2.732705445286592,0.1237514499675122,7.440129449838188,3.3663211239179596,0.10845108615531929
CSO-9-4A-YVDITR-CorrEtiq.txt,30.0,19.547619047619047,28.901360544217688,2.619047619047619,0.7891156462585034,0.0,0.6190476190476191,3.901360544217687,19.54421768707483,17.255102040816325,3.0168551147011935,0.14831246788849511,6.421768707482993,3.0152462837309364,0.12147557013551008
