file,wc,nodes,edges,re,pe,l1,l2,l3,lcc,lsc,atd,density,diameter,asp,cc
CDMS-10-4A-JURAN,14.0,30.22222222222222,31.555555555555557,3.5555555555555554,0.0,0.0,0.0,0.0,22.555555555555557,1.0,2.0854374087348995,0.06344540256294057,6.444444444444445,3.227586423238597,0.0
CDMS-10-5A-HEPIHO,14.0,37.766666666666666,33.666666666666664,2.466666666666667,0.0,0.0,0.0,0.0,21.4,1.0,1.7762302668848022,0.04670560835770564,6.8,3.289221864025321,0.0
CDMS-10-5A-KSRAGU,14.0,39.0,36.166666666666664,3.0,0.0,0.0,0.0,0.0,25.166666666666668,1.0,1.8577167223508688,0.04491039269601529,7.5,3.3790424405343757,0.0
CDMS-10-5A-SROPU,14.0,35.75,36.5,4.25,0.0,0.0,0.0,0.0,28.0,1.0,2.0400989224518633,0.051995654936831406,8.0,3.8565534082775463,0.0
CDMS-10-5A-SZURO,14.0,30.533333333333335,38.266666666666666,5.933333333333334,0.0,0.0,0.0,0.0,24.333333333333332,1.0,2.5310470099259397,0.07394240607526611,7.333333333333333,3.267457520976703,0.0
CDMS-10-5B-SRAJA,14.0,45.0,46.5,3.5,0.0,0.0,0.0,0.0,34.5,1.0,2.0681818181818183,0.043500219587176106,6.5,3.56707410236822,0.010071301247771836
CDMS-10-5C-DAAUSA,14.0,38.93333333333333,45.13333333333333,4.8,0.0,0.0,0.0,0.0,29.266666666666666,1.0,2.31721413664931,0.05478776788676358,6.333333333333333,2.971586959024853,0.0
CDMS-10-5C-ICAPA,14.0,20.333333333333332,23.0,2.0,0.0,0.0,0.0,0.0,19.166666666666668,1.0,2.259197235513025,0.10679223310802259,8.333333333333334,3.421234710708395,0.0
CDMS-10-5C-JFALGI,14.0,27.166666666666668,23.666666666666668,1.6666666666666667,0.0,0.0,0.0,0.0,16.5,1.0,1.7413512413512413,0.0619671686338353,5.666666666666667,2.872889709190019,0.0
CDMS-10-5C-MAORTO,14.0,31.352941176470587,36.470588235294116,6.176470588235294,0.0,0.0,0.0,0.0,26.823529411764707,1.0,2.3339742743334297,0.0647230503243047,7.588235294117647,3.4352715498760125,0.0
CDMS-10-5C-NBEMO,14.0,49.5,48.8,3.1,0.0,0.0,0.0,0.0,32.0,1.0,1.9629791588164125,0.038249944934750944,8.2,3.6055346128872268,0.0
CDMS-10-6B-ASCACO,14.0,30.25,39.5,8.75,0.0,0.0,0.0,0.0,26.25,1.0,2.6140662812242343,0.06984176312365041,7.666666666666667,3.430921974077896,0.0
CDMS-10-6B-JJMOBE,14.0,30.76923076923077,29.46153846153846,1.3076923076923077,0.0,0.0,0.0,0.0,19.615384615384617,1.0,1.9156137012783285,0.06176403889876376,7.0,3.183152001525942,0.0
CDMS-11-4A-GACHSA,14.0,26.142857142857142,31.485714285714284,5.314285714285714,0.0,0.0,0.0,0.0,21.485714285714284,1.0,2.388881963130101,0.08230783050313265,7.514285714285714,3.3646737248905345,0.0
CDMS-11-5A-EAARCA,14.0,30.571428571428573,39.285714285714285,8.714285714285714,0.0,0.0,0.0,0.0,26.0,1.0,2.5723465845029487,0.06792212531128787,7.0,3.179269876661181,0.0
CDMS-11-5A-MGTHAR,14.0,31.666666666666668,46.55555555555556,10.444444444444445,0.0,0.0,0.0,0.0,30.77777777777778,1.0,2.941917071825303,0.07498611467672951,7.555555555555555,3.2992774929792823,0.0
CDMS-11-6A-DFVEBE,14.0,36.8,43.8,6.7,0.0,0.0,0.0,0.0,30.7,1.0,2.3831114351894196,0.05662319768007375,7.0,3.225910929589167,0.0
CDMS-11-6A-NMREPR,14.0,30.42105263157895,38.31578947368421,8.052631578947368,0.0,0.0,0.0,0.0,24.42105263157895,1.0,2.52335552857813,0.06862839393082013,6.105263157894737,2.9264868388873104,0.0
CDMS-11-6B-ARAHE,14.0,32.0,30.571428571428573,3.357142857142857,0.0,0.0,0.0,0.0,15.857142857142858,1.0,1.885944584516013,0.05568626492232899,7.214285714285714,3.2797652752996513,0.0
CDMS-11-6B-AVROTO,14.0,23.0,26.0,5.142857142857143,0.0,0.0,0.0,0.0,16.714285714285715,1.0,2.261528326745718,0.08241913366136969,5.571428571428571,2.9544710461782557,0.0
CDMS-11-6B-EAFESA,14.0,42.40909090909091,52.13636363636363,10.363636363636363,0.0,0.0,0.0,0.0,29.90909090909091,1.0,2.45695420284224,0.047851215022851785,6.681818181818182,3.1586373257422706,0.0
CDMS-11-6B-EFRGR,14.0,39.2,45.7,6.6,0.0,0.0,0.0,0.0,31.0,1.0,2.314473881922954,0.05206982717014798,9.0,3.7590132402748084,0.0
CDMS-11-6B-EROCO,14.0,22.46153846153846,27.23076923076923,4.3076923076923075,0.0,0.0,0.0,0.0,21.076923076923077,1.0,2.449098818564763,0.10049312603660429,6.153846153846154,3.0328544076474078,0.0
CDMS-11-6B-JACUPE,14.0,37.35294117647059,47.0,9.529411764705882,0.0,0.0,0.0,0.0,31.470588235294116,1.0,2.5127981299166073,0.05554979023331893,6.882352941176471,3.30783497585266,0.0
CDMS-11-6B-JDCHBA,14.0,38.44444444444444,39.148148148148145,3.037037037037037,0.0,0.0,0.0,0.0,28.51851851851852,1.0,2.0245775823578467,0.050308728844288046,7.111111111111111,3.437835118366743,0.0
CDMS-11-6B-JFSAHE,14.0,25.736842105263158,23.31578947368421,2.5789473684210527,0.0,0.0,0.0,0.0,15.157894736842104,1.0,1.80882552168661,0.06728429283140973,7.0,3.2378141561333673,0.0
CDMS-11-6B-JLPENA,14.0,26.0,25.434782608695652,4.0,0.0,0.0,0.0,0.0,16.0,1.0,1.9627365806090118,0.0669857642546894,6.217391304347826,3.0807514984548874,0.0
CDMS-11-6B-JMARME,14.0,40.05263157894737,47.526315789473685,7.578947368421052,0.0,0.0,0.0,0.0,30.210526315789473,1.0,2.3664545791692277,0.05129847041014877,7.315789473684211,3.413764246991336,0.0
CDMS-11-6B-JPSAMA,14.0,39.0,41.0,4.461538461538462,0.0,0.0,0.0,0.0,27.307692307692307,1.0,2.1093630432061428,0.04964722915759289,7.153846153846154,3.3650243316083563,0.0
CDMS-11-6B-LESTA,14.0,30.0,33.0,5.125,0.0,0.0,0.0,0.0,23.0,1.0,2.19321609916368,0.06406237004941448,8.0,3.547380183206152,0.0
CDMS-11-6B-MAGIMU,14.0,34.285714285714285,38.857142857142854,6.714285714285714,0.0,0.0,0.0,0.0,29.714285714285715,1.0,2.2784748490884392,0.057102353371667545,10.428571428571429,4.28708343172033,0.0
CDMS-11-6B-MEBRTA,14.0,25.8,27.8,4.1,0.0,0.0,0.0,0.0,18.6,1.0,2.1083570883262213,0.07421671938312804,5.9,2.940663474456578,0.016657088122605364
CDMS-11-6B-MMAMO,14.0,50.111111111111114,53.333333333333336,7.888888888888889,0.0,0.0,0.0,0.0,28.88888888888889,1.0,2.1339159753205874,0.03709203336388626,6.666666666666667,3.4061717377642746,0.0
CDMS-11-6B-RSECA,14.0,35.42857142857143,34.285714285714285,2.2142857142857144,0.0,0.0,0.0,0.0,26.214285714285715,1.0,1.9339921050005082,0.05264810745792613,7.714285714285714,3.6646946153021918,0.0
CDMS-11-6B-SCAPA,14.0,32.0,30.555555555555557,3.6666666666666665,0.0,0.0,0.0,0.0,13.222222222222221,1.0,1.9046597055356789,0.05409290710487756,6.0,2.806320515092445,0.0
CDMS-11-6B-VZAPE,14.0,42.0,47.5,7.5,0.0,0.0,0.0,0.0,30.0,1.0,2.2618123746172527,0.04642461197339246,8.0,3.5861106023606024,0.0
CDMS-11-6B-YLNIME,14.0,42.3,43.7,7.2,0.0,0.0,0.0,0.0,28.1,1.0,2.0716836331838806,0.04211942714779025,8.1,3.7088545529491816,0.0
CDMS-11-7C-ICARE,14.0,34.3,35.9,5.3,0.0,0.0,0.0,0.0,25.4,1.0,2.0913368270647554,0.054059827168910356,7.4,3.5070443503680435,0.0
CDMS-11-7C-IMOIB,14.0,35.88461538461539,36.88461538461539,3.5,0.0,0.0,0.0,0.0,28.576923076923077,1.0,2.056055959114723,0.05345039852201762,8.692307692307692,3.979974068236956,0.0
CDMS-11-7C-SALMA,14.0,37.36363636363637,54.27272727272727,14.090909090909092,0.0,0.0,0.0,0.0,31.09090909090909,1.0,2.90305970631048,0.05915208977409934,8.363636363636363,3.6254023126738946,0.0
CDMS-11-7C-SPGAVE,14.0,31.333333333333332,29.458333333333332,3.9166666666666665,0.0,0.0,0.0,0.0,17.083333333333332,1.0,1.8610999863036861,0.05355696853152527,5.875,2.983207086509504,0.0
CDMS-12-5A-SRIGO,14.0,42.38461538461539,45.38461538461539,8.076923076923077,0.0,0.0,0.0,0.0,28.76923076923077,1.0,2.141929217596627,0.04262808200308572,8.538461538461538,3.746930123978449,0.0
CDMS-12-6A-FAROPA,14.0,39.5,44.5,10.625,0.0,0.0,0.0,0.0,24.5,1.0,2.2507338668282184,0.04462239097990061,7.375,3.3553121516164994,0.0
CDMS-12-6A-JGIGA,14.0,32.916666666666664,33.166666666666664,4.166666666666667,0.0,0.0,0.0,0.0,21.916666666666668,1.0,2.034333039657472,0.056172180027378754,7.0,3.4659135172047404,0.0
CDMS-12-6A-JSOTGU,14.0,32.5,40.8,8.6,0.0,0.0,0.0,0.0,25.45,1.0,2.515192631141253,0.06329901529060725,6.45,3.1106552264985767,0.0
CDMS-12-6A-SROAL,14.0,30.782608695652176,34.0,5.782608695652174,0.0,0.0,0.0,0.0,24.869565217391305,1.0,2.2080630301116475,0.06184296395685008,7.478260869565218,3.6948030079363736,0.0
CDMS-12-6B-IJDAGA,14.0,29.8125,30.5625,3.5,0.0,0.0,0.0,0.0,19.375,1.0,2.0364480691301443,0.06346518442537098,6.3125,3.2169735080874724,0.0
CDMS-12-6B-SCLAG,14.0,39.1,45.2,8.1,0.0,0.0,0.0,0.0,32.7,1.0,2.3004024003059738,0.05008967725109996,8.5,4.050861432321971,0.0
CDMS-12-7C-ARAHE,14.0,35.5,34.75,4.0,0.0,0.0,0.0,0.0,20.25,1.0,1.9574460824460824,0.05026958776958777,8.5,3.4157679180125,0.0
CDMS-12-7C-CATRAR,14.0,37.68421052631579,42.21052631578947,6.7894736842105265,0.0,0.0,0.0,0.0,28.36842105263158,1.0,2.2952041430752477,0.053236089818989946,7.7894736842105265,3.5877582973018156,0.0
CDMS-12-7C-DLOLO,14.0,35.8,47.0,14.6,0.0,0.0,0.0,0.0,28.2,1.0,2.623805990864814,0.05194011429305547,8.2,3.8166738948852412,0.0
CDMS-12-7C-JSZAOR,14.0,22.272727272727273,21.0,0.7272727272727273,0.0,0.0,0.0,0.0,18.09090909090909,1.0,1.9137022159792558,0.09210449815912715,4.636363636363637,2.577719923695156,0.0
CDMS-12-7C-MAROBE,14.0,46.0,44.333333333333336,4.666666666666667,0.0,0.0,0.0,0.0,30.0,1.0,1.9278308836125673,0.03834801919908303,6.333333333333333,3.1491251302152303,0.0
CDMS-12-7C-VMAPA,14.0,32.0,35.0,5.0,0.0,0.0,0.0,0.0,28.0,1.0,2.1875,0.06048387096774194,7.0,3.2037037037037037,0.0
CDMS-12-7C-VQURA,14.0,27.82051282051282,26.692307692307693,3.641025641025641,0.0,0.0,0.0,0.0,17.71794871794872,1.0,1.929200970511763,0.0626702152962624,7.205128205128205,3.322505037052755,0.0
CDMS-13-6B-ASUMO,14.0,25.75,25.625,2.875,0.0,0.0,0.0,0.0,17.0,1.0,1.9891304347826086,0.07174827788958224,4.25,2.4273162638874712,0.0
CDMS-13-6B-JDTAHE,14.0,24.555555555555557,25.0,1.8888888888888888,0.0,0.0,0.0,0.0,21.444444444444443,1.0,2.0385143117751814,0.08020749513503136,8.277777777777779,3.5641074566340416,0.0
CDMS-13-7C-MVEAR,14.0,37.0,45.833333333333336,9.222222222222221,0.0,0.0,0.0,0.0,33.833333333333336,1.0,2.468868809711883,0.0569017258035459,6.944444444444445,3.2610225846093943,0.0
CDMS-13-7C-RAIZAC,14.0,27.5,25.666666666666668,2.0,0.0,0.0,0.0,0.0,18.833333333333332,1.0,1.8636209469542804,0.06488975902769006,5.5,2.9704297508477073,0.0
CDMS-13-7C-SSOSLO,14.0,45.6,54.25,11.45,0.0,0.0,0.0,0.0,32.35,1.0,2.397323297123143,0.0426082788995732,8.0,3.62690924815987,0.0
CDMS-14-10A-IMORTO,14.0,27.77777777777778,30.72222222222222,7.166666666666667,0.0,0.0,0.0,0.0,16.833333333333332,1.0,2.2153806330606103,0.06389531646156023,5.055555555555555,2.6817330779769644,0.0
CDMS-14-10A-JCVANI,14.0,33.111111111111114,29.77777777777778,3.5555555555555554,0.0,0.0,0.0,0.0,15.555555555555555,1.0,1.8039859697750273,0.04986172081474051,5.851851851851852,2.921201967202999,0.0
CDMS-14-5A-LSDUCO,14.0,38.5,52.0,12.0,0.0,0.0,0.0,0.0,26.5,1.0,2.7017543859649122,0.055403581719371195,7.0,3.2509971509971507,0.0
CDMS-14-6B-KDCAHE,14.0,40.4,37.666666666666664,3.7333333333333334,0.0,0.0,0.0,0.0,20.466666666666665,1.0,1.8615485614972136,0.042595143730170745,7.333333333333333,3.4606195481563184,0.0
CDMS-15-10A-AMALOS,14.0,37.5,41.5,5.590909090909091,0.0,0.0,0.0,0.0,29.818181818181817,1.0,2.2210811437784446,0.05366119232494948,7.863636363636363,3.5011692580711338,0.0
CDMS-15-10A-JJMACH,14.0,61.333333333333336,63.0,2.2666666666666666,0.0,0.0,0.0,0.0,47.8,1.0,2.053690773270806,0.032839175811166306,9.666666666666666,4.206471207398116,0.0
CDMS-15-10A-MAALCA,14.0,39.09090909090909,39.36363636363637,5.636363636363637,0.0,0.0,0.0,0.0,27.363636363636363,1.0,2.0131170042669577,0.045558486055088915,6.0,3.111807218618558,0.0
CDMS-15-10A-MAALRI,14.0,40.38461538461539,41.07692307692308,4.0,0.0,0.0,0.0,0.0,23.53846153846154,1.0,2.0364632958737827,0.046718974541328326,7.153846153846154,3.241545808561791,0.0
CDMS-15-10A-SGOMO,14.0,34.8,33.06666666666667,1.1333333333333333,0.0,0.0,0.0,0.0,25.4,1.0,1.9176745355527118,0.05619736601854718,9.666666666666666,4.067387544901729,0.0
CDMS-15-10A-SHEGA,14.0,43.9,45.7,5.7,0.0,0.0,0.0,0.0,29.7,1.0,2.0822376381826073,0.04258740569694797,7.5,3.7635250439139867,0.0
CDMS-15-11B-JEMOLO,14.0,44.575,56.325,11.875,0.0,0.0,0.0,0.0,36.525,1.0,2.524208054488313,0.04623252499946605,7.55,3.5937387121941975,0.0
CDMS-15-11B-VSAHO,14.0,39.4,41.0,2.1,0.0,0.0,0.0,0.0,29.8,1.0,2.0825524290130075,0.051750074968519466,7.1,3.2980350304229615,0.0
CDMS-16-10A-SGALO,14.0,34.294117647058826,28.88235294117647,1.6470588235294117,0.0,0.0,0.0,0.0,18.11764705882353,1.0,1.6966021847163861,0.04854485130706925,7.823529411764706,3.481951772714523,0.0
CDMS-16-11B-NGABE,14.0,45.916666666666664,54.083333333333336,8.166666666666666,0.0,0.0,0.0,0.0,35.166666666666664,1.0,2.3505237614012033,0.04449741814667987,6.5,3.177988279552991,0.0
CDMS-17-10A-ASSAMO,14.0,38.0,32.0,1.0,0.0,0.0,0.0,0.0,16.0,1.0,1.6849776605874167,0.04427406500577232,5.0,2.745421245421246,0.0
CDMS-18-7C-VVECA,14.0,33.07692307692308,32.76923076923077,5.615384615384615,0.0,0.0,0.0,0.0,19.46153846153846,1.0,1.9949905286800975,0.05217137454989056,6.0,2.906057135159302,0.0
CDMS-8-4A-DBEVA,14.0,24.642857142857142,29.142857142857142,5.785714285714286,0.0,0.0,0.0,0.0,19.571428571428573,1.0,2.3591389643253,0.08022672979194719,7.0,3.135186628325726,0.0
CDMS-8-4A-DJAVDA,14.0,26.7,25.7,3.0,0.0,0.0,0.0,0.0,12.4,1.0,1.9310264332956213,0.06698418692107332,5.0,2.4874958374958376,0.0
CDMS-8-4A-DOSTR,14.0,33.0,35.72222222222222,5.388888888888889,0.0,0.0,0.0,0.0,24.25,1.0,2.175073733952006,0.05890027669357531,6.722222222222222,3.2254939405873193,0.0
CDMS-8-4A-LGOPA,14.0,28.210526315789473,32.31578947368421,5.2105263157894735,0.0,0.0,0.0,0.0,21.0,1.0,2.2952298222715646,0.07078161067271775,7.842105263157895,3.4044106832324768,0.0
CDMS-8-4C-JDBUTU,14.0,26.27777777777778,29.0,5.055555555555555,0.0,0.0,0.0,0.0,17.77777777777778,1.0,2.2075116674467,0.07281630789543499,6.944444444444445,3.2306544547643616,0.0
CDMS-9-4A-ACDUTR,14.0,34.111111111111114,32.666666666666664,5.444444444444445,0.0,0.0,0.0,0.0,19.666666666666668,1.0,1.9162294724730227,0.048410244018941215,5.666666666666667,3.0826884285986003,0.0
CDMS-9-4A-CARGA,14.0,37.77777777777778,46.77777777777778,10.333333333333334,0.0,0.0,0.0,0.0,28.77777777777778,1.0,2.4725015547865357,0.05280897999315277,8.88888888888889,4.086643661158554,0.0
CDMS-9-4A-CRAAG,14.0,27.0,34.30769230769231,6.923076923076923,0.0,0.0,0.0,0.0,24.53846153846154,1.0,2.544142587935691,0.07850099438612873,7.538461538461538,3.3704420156242016,0.0
CDMS-9-4A-EROHI,14.0,32.6875,34.75,4.0,0.0,0.0,0.0,0.0,24.5,1.0,2.1185286585245384,0.05898366851923295,8.25,4.009480830809197,0.0
CDMS-9-4A-ILOSE,14.0,47.166666666666664,51.5,4.5,0.0,0.0,0.0,0.0,42.833333333333336,1.0,2.1840715097023855,0.04333514953039359,8.833333333333334,4.1286135610839265,0.0
CDMS-9-4A-TGAFR,14.0,23.25,25.5625,3.25,0.0,0.0,0.0,0.0,19.1875,1.0,2.183802011299151,0.08635655407394538,6.1875,2.9810810292863312,0.0
CDMS-9-4C-SCAMO,14.0,38.166666666666664,34.5,4.0,0.0,0.0,0.0,0.0,24.5,1.0,1.8094825594825596,0.04309879573037467,7.5,3.4051390155737984,0.0
CDMS-9-5A-ABERO,14.0,33.05555555555556,37.0,4.666666666666667,0.0,0.0,0.0,0.0,25.22222222222222,1.0,2.2351887981157432,0.06100658066022632,7.944444444444445,3.430370246997986,0.0
CDMS-9-5A-PAGACO,14.0,30.76923076923077,34.38461538461539,5.846153846153846,0.0,0.0,0.0,0.0,21.923076923076923,1.0,2.241336703166841,0.06273235723032883,6.461538461538462,3.416619688473235,0.0
CDMS-9-5A-VVAAR,14.0,27.636363636363637,26.0,2.1818181818181817,0.0,0.0,0.0,0.0,19.636363636363637,1.0,1.8867926696958954,0.06529219043026656,6.909090909090909,3.250566956412965,0.0
CDMS-9-5C-JDMADE,14.0,31.0,28.0,2.6666666666666665,0.0,0.0,0.0,0.0,17.333333333333332,1.0,1.8084604212055193,0.05500276365235252,4.666666666666667,2.7144142407300307,0.0
CDMS-9-5C-LVIZAC,14.0,27.235294117647058,25.11764705882353,1.8823529411764706,0.0,0.0,0.0,0.0,11.941176470588236,1.0,1.8579341238934943,0.0662007712357009,4.882352941176471,2.4538102420455363,0.0
CDMS-9-5C-MLOGO,14.0,28.68421052631579,32.1578947368421,4.578947368421052,0.0,0.0,0.0,0.0,21.63157894736842,1.0,2.237342865103681,0.06988572262063275,7.105263157894737,3.0769246343803025,0.0
CDMS-9-5C-SCAAG,14.0,28.5,31.285714285714285,4.0,0.0,0.0,0.0,0.0,21.571428571428573,1.0,2.1822987477026383,0.06945759269137039,6.857142857142857,3.2862561613274073,0.0
CDMS-XX-10A-VGILO,14.0,40.642857142857146,46.285714285714285,7.5,0.0,0.0,0.0,0.0,32.5,1.0,2.2753640471031775,0.04829952156019883,6.857142857142857,3.342425088897532,0.0
CDMS-XX-5C-MJSARU,14.0,33.214285714285715,32.57142857142857,2.5714285714285716,0.0,0.0,0.0,0.0,20.642857142857142,1.0,1.9623964737410116,0.05625124927781474,7.0,3.186805153029938,0.0
CDMS-XX-5C-MPCAQU,14.0,25.818181818181817,32.45454545454545,4.181818181818182,0.0,0.0,0.0,0.0,23.0,1.0,2.519637386324043,0.08937695064313572,5.818181818181818,2.9898897558997417,0.0
CDMS-XX-6A-MAGICA,14.0,31.928571428571427,34.30952380952381,3.7857142857142856,0.0,0.0,0.0,0.0,26.214285714285715,1.0,2.149606147353286,0.06332818194136983,7.904761904761905,3.679687577331899,0.0
CDMS-XX-6B-SPUCA,14.0,34.90909090909091,35.04545454545455,3.3636363636363638,0.0,0.0,0.0,0.0,24.636363636363637,1.0,2.004283588607346,0.05406530638029991,7.7727272727272725,3.4845571632790455,0.0
CSO-10-4A-ICAPA,14.0,35.61538461538461,45.0,9.692307692307692,0.0,0.0,0.0,0.0,28.23076923076923,1.0,2.532842914146755,0.058110957097168923,6.923076923076923,3.33611795266711,0.0
CSO-10-4A-KCOMO,14.0,31.6,40.6,5.72,0.0,0.0,0.0,0.0,27.04,1.0,2.5526875738008563,0.07252452118644677,6.56,3.016562717335174,0.0
CSO-10-4A-LRAVI,14.0,30.0,32.333333333333336,0.5,0.0,0.0,0.0,0.0,22.666666666666668,1.0,2.1586165698512754,0.07357560798421013,5.0,2.821318777840517,0.0
CSO-10-4A-LSCAVA,14.0,28.8125,22.5,1.1875,0.0,0.0,0.0,0.0,13.0,1.0,1.5410373497856118,0.05343838141456841,5.375,2.7275515334338865,0.0
CSO-10-5A-ACAVA,14.0,30.294117647058822,27.823529411764707,0.5294117647058824,0.0,0.0,0.0,0.0,21.058823529411764,1.0,1.8378995543704697,0.06182731155854888,6.294117647058823,3.1472514029607455,0.0
CSO-10-5A-ARACA,14.0,23.954545454545453,23.363636363636363,3.3181818181818183,0.0,0.0,0.0,0.0,14.227272727272727,1.0,1.9467306443337806,0.07433679304209351,4.545454545454546,2.4093584223263367,0.0
CSO-10-5A-DABRZA,14.0,34.35,40.55,7.55,0.0,0.0,0.0,0.0,24.8,1.0,2.3598265414021182,0.05789475520319174,8.2,3.686198353167667,0.0
CSO-10-5A-GZAMA,14.0,39.642857142857146,50.0,9.428571428571429,0.0,0.0,0.0,0.0,32.142857142857146,1.0,2.519620395507682,0.05300644368066184,7.642857142857143,3.466924854570091,0.0
CSO-10-5A-IPECA,14.0,52.0,63.666666666666664,11.0,0.0,0.0,0.0,0.0,46.0,1.0,2.449808854359354,0.03974804822751549,8.0,3.867626891415158,0.0
CSO-10-5A-JANORO,14.0,28.90909090909091,30.818181818181817,2.8181818181818183,0.0,0.0,0.0,0.0,24.0,1.0,2.141684812633088,0.07011115414063133,6.2727272727272725,3.195612740355823,0.0
CSO-10-5A-JBUVE,14.0,35.375,31.375,1.0,0.0,0.0,0.0,0.0,21.5,1.0,1.7748346467773712,0.05032696491024264,7.25,3.39563382269904,0.0
CSO-10-5A-JJSEMO,14.0,26.928571428571427,30.928571428571427,6.071428571428571,0.0,0.0,0.0,0.0,18.357142857142858,1.0,2.2953527889734784,0.07142003158387823,5.785714285714286,2.954437380399344,0.0
CSO-10-5A-JLCARI,14.0,28.857142857142858,28.285714285714285,0.5714285714285714,0.0,0.0,0.0,0.0,23.571428571428573,1.0,1.9663266179236305,0.06968619705946895,8.142857142857142,3.3274741062939817,0.0
CSO-10-5A-MAARAN,14.0,43.375,57.875,10.5,0.0,0.0,0.0,0.0,35.0,1.0,2.665386493981219,0.05163670072915677,8.0,3.51435876257608,0.0
CSO-10-5A-MAOSMO,14.0,27.51851851851852,23.185185185185187,1.6666666666666667,0.0,0.0,0.0,0.0,15.0,1.0,1.6771922989144727,0.061858919351301424,5.814814814814815,2.881578406212697,0.0
CSO-10-5A-RVMOIB,14.0,37.57142857142857,42.142857142857146,4.5,0.0,0.0,0.0,0.0,31.428571428571427,1.0,2.2443824677403605,0.05505384981712098,8.928571428571429,3.8749113314100323,0.0
CSO-10-5A-SVHEES,14.0,33.55555555555556,41.388888888888886,7.111111111111111,0.0,0.0,0.0,0.0,25.333333333333332,1.0,2.476011716638981,0.06512148320520013,7.111111111111111,3.0324677965287483,0.0
CSO-11-5A-MDVOSPE,14.0,34.642857142857146,37.214285714285715,4.285714285714286,0.0,0.0,0.0,0.0,24.142857142857142,1.0,2.1416041767606164,0.056645804927770514,5.857142857142857,3.011489554964547,0.0
CSO-11-5A-MTAGA,14.0,33.266666666666666,29.4,1.6666666666666667,0.0,0.0,0.0,0.0,21.533333333333335,1.0,1.763810426841736,0.05181139909776303,8.0,3.798455267138715,0.0
CSO-11-6A-CAPAMU,14.0,35.333333333333336,32.5,1.5,0.0,0.0,0.0,0.0,22.5,1.0,1.832831723031353,0.05141143652192508,6.9,3.305962342350566,0.0
CSO-11-6A-DSCACH,14.0,26.77777777777778,23.444444444444443,2.0,0.0,0.0,0.0,0.0,15.444444444444445,1.0,1.7483912066487446,0.06236314946459874,5.0,2.6773774662061554,0.0
CSO-11-6A-EROMO,14.0,31.923076923076923,32.30769230769231,2.6923076923076925,0.0,0.0,0.0,0.0,25.076923076923077,1.0,2.036197199503651,0.061163512831152594,8.307692307692308,3.919243496501022,0.0
CSO-11-6A-FSOVRE,14.0,28.84,28.12,2.0,0.0,0.0,0.0,0.0,21.52,1.0,1.9536610620629942,0.06620668117199072,7.56,3.5774201259266403,0.0
CSO-11-6B-ANREVA,14.0,44.22222222222222,50.0,7.222222222222222,0.0,0.0,0.0,0.0,32.666666666666664,1.0,2.2674425413555848,0.044934523069618884,9.333333333333334,4.158006729072347,0.0
CSO-11-6B-DISEMO,14.0,29.666666666666668,31.333333333333332,4.0,0.0,0.0,0.0,0.0,19.333333333333332,1.0,2.113081554460865,0.06441100938227375,5.333333333333333,2.825859434682964,0.0
CSO-11-6B-LHFDLACH,14.0,35.3125,31.3125,2.8125,0.0,0.0,0.0,0.0,19.25,1.0,1.77056673123961,0.04788351750973137,6.1875,3.1229048698045196,0.041490244708994706
CSO-11-6B-RJGIHE,14.0,27.333333333333332,23.666666666666668,2.3333333333333335,0.0,0.0,0.0,0.0,15.055555555555555,1.0,1.7318480138524894,0.06027658617906663,4.944444444444445,2.6847594556572885,0.0
CSO-11-6B-SFLVA,14.0,31.8,40.8,5.4,0.0,0.0,0.0,0.0,27.0,1.0,2.566348973607038,0.07232160312805475,6.2,2.9651672771672772,0.026567516845294625
CSO-11-6B-VCOMA,14.0,32.77777777777778,32.77777777777778,4.777777777777778,0.0,0.0,0.0,0.0,20.444444444444443,1.0,1.9953849828525394,0.05382219108581734,5.444444444444445,2.778007687569091,0.0
CSO-12-6A-DGISE,14.0,24.875,23.875,2.25,0.0,0.0,0.0,0.0,19.125,1.0,1.922241619574828,0.07354009496250875,8.5,3.6550079242223203,0.0
CSO-12-6A-FJOVRE,14.0,32.42857142857143,31.5,1.5714285714285714,0.0,0.0,0.0,0.0,24.571428571428573,1.0,1.9539498590381457,0.06037455043399102,8.285714285714286,3.5104727095172477,0.0
CSO-12-6B-GQULO,14.0,36.77777777777778,37.22222222222222,5.111111111111111,0.0,0.0,0.0,0.0,21.11111111111111,1.0,2.022554379417125,0.04892774856655145,6.777777777777778,3.3385599483997654,0.0
CSO-12-6B-LJHEFE,14.0,61.25,59.75,4.5,0.0,0.0,0.0,0.0,39.25,1.0,1.9513148907103826,0.02997296289313169,8.25,3.4820862323269255,0.0
CSO-12-6B-VPAMA,14.0,24.0,27.0,8.0,0.0,0.0,0.0,0.0,12.666666666666666,1.0,2.252608695652174,0.06909090909090909,6.333333333333333,2.980963480963481,0.0
CSO-12-7A-DALRE,14.0,31.0,36.78947368421053,4.631578947368421,0.0,0.0,0.0,0.0,24.894736842105264,1.0,2.3722870446985063,0.0718806867018126,6.842105263157895,3.161282772959294,0.0
CSO-12-7A-ESALA,14.0,20.133333333333333,17.8,2.533333333333333,0.0,0.0,0.0,0.0,8.4,1.0,1.7976309546848426,0.0818406634454106,4.4,2.320947570947571,0.0
CSO-12-7A-IMERO,14.0,24.22222222222222,22.822222222222223,2.7333333333333334,0.0,0.0,0.0,0.0,15.022222222222222,1.0,1.9118451874318774,0.07509678200412352,6.4,3.0950223702137376,0.0
CSO-12-7A-JHEZA,14.0,25.88235294117647,19.941176470588236,1.411764705882353,0.0,0.0,0.0,0.0,10.470588235294118,1.0,1.5462032467720515,0.05820771444570551,4.764705882352941,2.4532284036609298,0.0
CSO-12-7A-LSARAR,14.0,26.8,30.8,5.1,0.0,0.0,0.0,0.0,23.8,1.0,2.301575091575091,0.07466645187784618,7.7,3.5809464100608266,0.0
CSO-12-7A-SCAHO,14.0,33.27272727272727,30.681818181818183,3.8181818181818183,0.0,0.0,0.0,0.0,16.0,1.0,1.815078661196968,0.050264168142668215,6.454545454545454,3.0259642201469688,0.0
CSO-12-7B-DVAGRO,14.0,22.9375,23.5625,5.3125,0.0,0.0,0.0,0.0,13.8125,1.0,2.063676935454429,0.07432443705299184,7.5625,3.362164223590307,0.0
CSO-12-7B-SMUGU,14.0,23.76923076923077,27.76923076923077,4.3076923076923075,0.0,0.0,0.0,0.0,20.153846153846153,1.0,2.337186694143216,0.08702725615769094,6.076923076923077,3.029700158802326,0.0
CSO-12-7B-SSARA,14.0,27.333333333333332,25.833333333333332,3.888888888888889,0.0,0.0,0.0,0.0,15.222222222222221,1.0,1.8747797467181198,0.06335426832786512,5.611111111111111,2.9504719898837544,0.0
CSO-12-7B-VHOMA,14.0,31.166666666666668,31.083333333333332,4.208333333333333,0.0,0.0,0.0,0.0,18.125,1.0,1.977794065598734,0.05686931530628367,4.958333333333333,2.558836035238955,0.0
CSO-12-8A-YTOME,14.0,33.6,38.2,7.0,0.0,0.0,0.0,0.0,24.2,1.0,2.2806414703473528,0.05730295803825216,8.2,3.807650668172407,0.0
CSO-13-6A-ANASA,14.0,37.94736842105263,37.13157894736842,5.0,0.0,0.0,0.0,0.0,22.473684210526315,1.0,1.9264236533859684,0.045696632783679574,7.2368421052631575,3.390853953577224,0.0
CSO-13-6B-JETAVE,14.0,23.428571428571427,24.714285714285715,2.642857142857143,0.0,0.0,0.0,0.0,19.214285714285715,1.0,2.0975622737011688,0.08438966185561872,6.392857142857143,3.171751751313147,0.0
CSO-13-6B-LFMIES,14.0,29.0,33.5,5.375,0.0,0.0,0.0,0.0,19.125,1.0,2.3124698810078397,0.06955800856489121,5.5,2.8045366312394178,0.0
CSO-13-6B-LJMAHU,14.0,20.703703703703702,23.074074074074073,2.5185185185185186,0.0,0.0,0.0,0.0,15.62962962962963,1.0,2.2646744594125727,0.10441619612451636,6.777777777777778,2.9523147465613926,0.0
CSO-13-7A-CAPAMU,14.0,29.666666666666668,27.666666666666668,1.4285714285714286,0.0,0.0,0.0,0.0,16.952380952380953,1.0,1.868681875303651,0.06210971543616281,6.380952380952381,3.2950247281628497,0.0
CSO-13-7A-CDDITR,14.0,21.1,21.6,4.2,0.0,0.0,0.0,0.0,14.1,1.0,2.065119620138465,0.08319184285599684,5.9,2.8164242620124975,0.0
CSO-13-7A-JJATFL,14.0,36.888888888888886,36.888888888888886,2.4444444444444446,0.0,0.0,0.0,0.0,27.22222222222222,1.0,2.0011239309484923,0.052120039839338085,7.444444444444445,3.445953215225246,0.0
CSO-13-7A-KRAMA,14.0,32.0,38.166666666666664,9.833333333333334,0.0,0.0,0.0,0.0,20.666666666666668,1.0,2.382245618553935,0.05747646788890873,7.166666666666667,3.236080394701084,0.0
CSO-13-7A-RXCHLU,14.0,29.166666666666668,31.666666666666668,4.166666666666667,0.0,0.0,0.0,0.0,24.333333333333332,1.0,2.1735206470838655,0.06710758377425044,7.333333333333333,3.177026789635485,0.0
CSO-13-7A-YAMEZA,14.0,39.93333333333333,42.6,5.733333333333333,0.0,0.0,0.0,0.0,24.133333333333333,1.0,2.129590905432886,0.0479189276979641,5.866666666666666,2.895117617164281,0.0
CSO-13-7A-YBOSO,14.0,19.555555555555557,20.88888888888889,3.111111111111111,0.0,0.0,0.0,0.0,13.444444444444445,1.0,2.1408040302777147,0.0989485498257428,5.0,2.4807118807118806,0.0
CSO-13-8A-KIGAGU,14.0,29.666666666666668,36.0,7.666666666666667,0.0,0.0,0.0,0.0,25.0,1.0,2.4249165739710787,0.06666136977594152,8.0,3.531111111111111,0.0
CSO-13-8A-MBUAN,14.0,30.22222222222222,34.148148148148145,5.074074074074074,0.0,0.0,0.0,0.0,20.48148148148148,1.0,2.2696632661318734,0.06726027184073698,5.814814814814815,2.962457161971553,0.0
CSO-13-8A-MGAAN,14.0,26.45,22.5,0.5,0.0,0.0,0.0,0.0,14.0,1.0,1.6969462082145739,0.06606115687300095,5.95,2.890079933826064,0.0
CSO-13-8A-MGAHE,14.0,32.25,35.85,3.35,0.0,0.0,0.0,0.0,27.4,1.0,2.218845790675512,0.06468273727480552,6.65,3.2223551836593742,0.0
CSO-13-8A-MJAGA,14.0,36.166666666666664,35.5,2.5,0.0,0.0,0.0,0.0,22.5,1.0,1.9597222222222221,0.05210773064750394,8.333333333333334,3.8317766647286096,0.0
CSO-13-8A-VHODU,14.0,36.333333333333336,46.166666666666664,8.333333333333334,0.0,0.0,0.0,0.0,31.0,1.0,2.5426847900532112,0.05908821249378524,6.0,2.9228803029322123,0.0
CSO-13-8B-FCJISA,14.0,18.5625,15.0625,0.6875,0.0,0.0,0.0,0.0,10.25,1.0,1.6144868758907072,0.0892579548028212,5.9375,2.8693428099678098,0.0
CSO-13-8B-JEMABE,14.0,41.166666666666664,46.333333333333336,7.833333333333333,0.0,0.0,0.0,0.0,27.333333333333332,1.0,2.2465848105382986,0.04652857682233447,7.0,3.3945156461248414,0.02102047815010778
CSO-13-9B-DMLLLU,14.0,32.5,36.0,9.0,0.0,0.0,0.0,0.0,20.5,1.0,2.214962121212121,0.05275537634408602,7.0,3.291195792511582,0.0
CSO-14-7A-MVEBE,14.0,26.0,25.0,2.0,0.0,0.0,0.0,0.0,18.0,1.0,1.9230769230769231,0.07076923076923076,7.0,2.9607843137254903,0.0
CSO-14-7B-EALHU,14.0,22.642857142857142,22.785714285714285,1.1428571428571428,0.0,0.0,0.0,0.0,16.285714285714285,1.0,2.0055816991841837,0.08922954804740471,5.928571428571429,2.8635717567606114,0.0
CSO-14-7B-EVEGO,14.0,31.86046511627907,28.232558139534884,1.7209302325581395,0.0,0.0,0.0,0.0,18.25581395348837,1.0,1.7671672130936564,0.054411242023083,7.930232558139535,3.6203573997979146,0.0
CSO-14-8A-AQUMA,14.0,33.083333333333336,30.416666666666668,2.3333333333333335,0.0,0.0,0.0,0.0,23.583333333333332,1.0,1.8471932236098303,0.05361570847804046,6.333333333333333,3.1161778680256944,0.0
CSO-14-8A-MCIDOS,14.0,29.636363636363637,25.363636363636363,1.9090909090909092,0.0,0.0,0.0,0.0,17.272727272727273,1.0,1.6898833824830028,0.05462796423422609,7.2727272727272725,3.328335952546479,0.0
CSO-14-8A-SZARA,14.0,26.5,24.75,1.25,0.0,0.0,0.0,0.0,16.25,1.0,1.8657536455090802,0.070135998651038,6.5625,3.066613659086485,0.0
CSO-14-8B-JLLORA,14.0,35.666666666666664,38.333333333333336,1.8333333333333333,0.0,0.0,0.0,0.0,26.5,1.0,2.1521397991986224,0.05924886302208284,8.0,3.2241555987236374,0.0
CSO-14-9A-AEDCAGO,14.0,30.0,27.0,0.3684210526315789,0.0,0.0,0.0,0.0,20.736842105263158,1.0,1.7977069197663718,0.06151933907627369,6.315789473684211,3.1957499567332652,0.0
CSO-14-9A-HASACA,14.0,32.142857142857146,30.285714285714285,5.857142857142857,0.0,0.0,0.0,0.0,15.571428571428571,1.0,1.8904278952960494,0.049129253278821894,5.714285714285714,3.0249055222628862,0.0
CSO-14-9A-JSMAAL,14.0,37.13333333333333,40.46666666666667,7.133333333333334,0.0,0.0,0.0,0.0,25.2,1.0,2.176708515655884,0.04972738525370104,6.466666666666667,3.377926987197266,0.0
CSO-14-9A-MARJA,14.0,23.11111111111111,23.88888888888889,4.166666666666667,0.0,0.0,0.0,0.0,16.5,1.0,2.0755738007225424,0.07829905759221803,6.888888888888889,3.2735890280265925,0.0
CSO-14-9A-SORZU,14.0,35.7,33.5,3.5,0.0,0.0,0.0,0.0,21.8,1.0,1.8762845657582499,0.048475194988352885,7.2,3.2902383366771573,0.0
CSO-14-9B-ERAGA,14.0,31.0,31.571428571428573,3.7142857142857144,0.0,0.0,0.0,0.0,25.571428571428573,1.0,2.037501986334022,0.06003798627348604,5.428571428571429,3.2548144609014176,0.0
CSO-14-9B-MFEGA,14.0,27.0,30.0,8.0,0.0,0.0,0.0,0.0,17.0,1.0,2.2222222222222223,0.06267806267806268,4.0,2.3823529411764706,0.0
CSO-15-10A-LJRAGU,14.0,47.6,68.9,14.1,0.0,0.0,0.0,0.0,40.1,1.0,2.9156399964486797,0.050344869486459685,7.5,3.4369007797053364,0.0
CSO-15-10A-MAARLO,14.0,37.2,39.4,4.2,0.0,0.0,0.0,0.0,29.6,1.0,2.123127199597788,0.05260726619859747,7.2,3.463337261860621,0.0
CSO-15-10A-SFEGA,14.0,38.57142857142857,39.57142857142857,5.571428571428571,0.0,0.0,0.0,0.0,27.0,1.0,2.0480995775420863,0.04697706809334516,7.857142857142857,3.6340040404166176,0.0
CSO-15-10B-MEBUAR,14.0,34.0,37.0,5.5,0.0,0.0,0.0,0.0,27.0,1.0,2.174618029029794,0.05613222561751974,7.625,3.590692950769485,0.0
CSO-15-10B-YVBUAN,14.0,25.5,25.9,2.9,0.0,0.0,0.0,0.0,18.5,1.0,2.0323589743589743,0.07388559749429315,7.3,3.4382499990549524,0.0
CSO-15-10C-ALBAHO,14.0,35.2,36.0,4.0,0.0,0.0,0.0,0.0,25.0,1.0,2.051056370541665,0.05347621981872456,6.5,3.104652553224004,0.0
CSO-15-10C-SSCAMO,14.0,19.923076923076923,18.153846153846153,1.7307692307692308,0.0,0.0,0.0,0.0,10.961538461538462,1.0,1.825203976711582,0.08757802486770047,5.6923076923076925,2.7133112613881845,0.0
CSO-15-11C-JETALO,14.0,27.129032258064516,26.451612903225808,3.774193548387097,0.0,0.0,0.0,0.0,16.93548387096774,1.0,1.9496846077011307,0.0648452097762651,6.290322580645161,2.998405804933667,0.0
CSO-15-7B-JCRAGA,14.0,29.0,32.0,4.0,0.0,0.0,0.0,0.0,25.0,1.0,2.206896551724138,0.06896551724137931,8.0,3.2733333333333334,0.0
CSO-15-8A-VBMABR,14.0,34.3,38.3,4.7,0.0,0.0,0.0,0.0,28.0,1.0,2.247724777240906,0.060524525478085844,7.9,3.4960180888921157,0.0
CSO-15-8B-KEPOGO,14.0,37.8,36.6,5.1,0.0,0.0,0.0,0.0,23.2,1.0,1.9432402035547092,0.045585417208916415,8.5,3.9766685488424622,0.0
CSO-15-9B-ALRIHE,14.0,36.285714285714285,34.285714285714285,3.7142857142857144,0.0,0.0,0.0,0.0,22.285714285714285,1.0,1.8899133290110732,0.04779962245685377,4.857142857142857,2.8720155466666246,0.0
CSO-15-9B-AMSAGO,14.0,31.75,29.375,3.625,0.0,0.0,0.0,0.0,18.75,1.0,1.8296510270774977,0.05311612674695839,6.375,3.065324374328951,0.0
CSO-15-9B-JCAPA,14.0,32.0,31.785714285714285,4.071428571428571,0.0,0.0,0.0,0.0,20.5,1.0,1.9866203403193616,0.055955977041438475,6.357142857142857,3.168930327206725,0.0
CSO-15-9B-KSBEJA,14.0,30.666666666666668,37.888888888888886,6.111111111111111,0.0,0.0,0.0,0.0,26.555555555555557,1.0,2.4493275965840797,0.07028107029741017,8.666666666666666,3.7756544037726667,0.0
CSO-15-9B-RMCHLU,14.0,28.333333333333332,29.866666666666667,4.133333333333334,0.0,0.0,0.0,0.0,21.266666666666666,1.0,2.1325723755861627,0.06902574253128388,6.333333333333333,3.281994600479861,0.0
CSO-15-9B-SJAGRO,14.0,39.25,30.5,0.25,0.0,0.0,0.0,0.0,12.75,1.0,1.5547325388026607,0.04101373168104409,4.75,2.562062937062937,0.0
CSO-16-10A-JEGAHE,14.0,40.42857142857143,41.357142857142854,4.714285714285714,0.0,0.0,0.0,0.0,28.214285714285715,1.0,2.0535588276347574,0.04633324576069982,7.428571428571429,3.448610391713868,0.0
CSO-16-10A-MSACO,14.0,37.9375,33.9375,1.125,0.0,0.0,0.0,0.0,19.375,1.0,1.8018445824835998,0.04811775219806375,6.5625,3.31172595518087,0.0
CSO-16-10A-SARI,14.0,38.57142857142857,38.857142857142854,5.142857142857143,0.0,0.0,0.0,0.0,25.142857142857142,1.0,2.014702882747996,0.04696945778231309,8.571428571428571,3.830002454412392,0.0
CSO-16-10A-SMOUT,14.0,47.30769230769231,52.0,4.923076923076923,0.0,0.0,0.0,0.0,38.23076923076923,1.0,2.195136197288927,0.04290323737269101,7.615384615384615,3.5209921058432294,0.032799752719192665
CSO-16-10A-YKMUJO,14.0,27.636363636363637,31.545454545454547,4.0,0.0,0.0,0.0,0.0,25.0,1.0,2.2915564797067116,0.07580328870125148,8.181818181818182,3.704248185602798,0.0
CSO-16-10B-JESUGU,14.0,24.555555555555557,19.444444444444443,1.0,0.0,0.0,0.0,0.0,13.666666666666666,1.0,1.5886756560669604,0.06413863824491844,5.555555555555555,2.8513255807373454,0.0
CSO-16-10B-LTVIFA,14.0,26.875,21.8125,0.75,0.0,0.0,0.0,0.0,14.8125,1.0,1.6285790238078408,0.061364999971664384,7.0,3.204286900320182,0.0
CSO-16-10B-VVILI,14.0,35.94444444444444,35.72222222222222,3.5555555555555554,0.0,0.0,0.0,0.0,26.055555555555557,1.0,1.9897987086001,0.05142086938501599,7.166666666666667,3.3369589135462316,0.0
CSO-16-10C-ACALGU,14.0,32.95454545454545,31.272727272727273,2.772727272727273,0.0,0.0,0.0,0.0,22.363636363636363,1.0,1.9001987313944895,0.05465882258065938,7.2727272727272725,3.454253914728223,0.0
CSO-16-10C-MAVAVE,14.0,24.47222222222222,20.86111111111111,1.5555555555555556,0.0,0.0,0.0,0.0,12.944444444444445,1.0,1.7076680886163644,0.0683497465310287,5.194444444444445,2.672547618503501,0.0
CSO-16-11A-JAVABO,14.0,32.05,29.6,5.2,0.0,0.0,0.0,0.0,17.0,1.0,1.82440097463788,0.04959874384555833,5.4,2.986061622714941,0.0
CSO-16-11A-JDMUVA,14.0,28.1875,22.0625,1.1875,0.0,0.0,0.0,0.0,14.6875,1.0,1.567062811581699,0.05510699958796727,7.75,3.30496815705794,0.0
CSO-16-11A-VZAOR,14.0,35.111111111111114,29.22222222222222,1.0,0.0,0.0,0.0,0.0,19.555555555555557,1.0,1.6586637801391955,0.04721177204698627,7.222222222222222,3.4907436967344085,0.0
CSO-16-11B-KRORE,14.0,30.5625,30.5625,2.9375,0.0,0.0,0.0,0.0,20.75,1.0,1.9943029195419923,0.061216684604742416,6.125,3.1352831988058383,0.0
CSO-16-11B-LLOZA,14.0,37.44444444444444,40.888888888888886,6.833333333333333,0.0,0.0,0.0,0.0,25.22222222222222,1.0,2.1788734883356997,0.05042593692122417,7.333333333333333,3.4361387188551014,0.011096287446347185
CSO-16-11B-YAROMO,14.0,29.473684210526315,24.05263157894737,2.0,0.0,0.0,0.0,0.0,14.421052631578947,1.0,1.644523880842124,0.05357885694813057,4.947368421052632,2.645178871967205,0.0
CSO-16-9A-JALEMO,14.0,36.875,32.875,3.75,0.0,0.0,0.0,0.0,19.0,1.0,1.7759322027108149,0.044849793494413634,6.875,3.2450785692473674,0.0
CSO-16-9A-JPROSO,14.0,31.916666666666668,28.916666666666668,1.5,0.0,0.0,0.0,0.0,20.25,1.0,1.8118719213002894,0.0556141119861839,7.416666666666667,3.674973553228702,0.0
CSO-16-9A-JSMAGU,14.0,34.45454545454545,29.90909090909091,1.7272727272727273,0.0,0.6363636363636364,0.0,0.0,19.363636363636363,1.0,1.7414019695436807,0.04813022325097537,5.7272727272727275,2.941373608246918,0.0
CSO-16-9B-SJPAJI,14.0,47.0,63.2,13.2,0.0,0.0,0.0,0.0,36.0,1.0,2.692051823203304,0.046340253718680856,7.2,3.1375713528654705,0.0
CSO-17-10A-YVGOCA,14.0,45.333333333333336,52.0,7.0,0.0,0.0,0.0,0.0,40.666666666666664,1.0,2.2940418679549115,0.04478114478114478,8.0,3.5290626503720213,0.0
CSO-17-10B-EHECO,14.0,32.07142857142857,30.214285714285715,2.9285714285714284,0.0,0.0,0.0,0.0,21.0,1.0,1.8946542568336393,0.05600009471402728,6.285714285714286,3.159259126298047,0.0
CSO-17-10B-YCQUVE,14.0,26.423076923076923,32.65384615384615,9.0,0.0,0.0,0.0,0.0,21.73076923076923,1.0,2.4653274193545687,0.07058423223672029,6.461538461538462,3.240063739214321,0.0
CSO-17-11A-DJAPA,14.0,37.53333333333333,47.0,8.066666666666666,0.0,0.0,0.0,0.0,28.066666666666666,1.0,2.5293937469717713,0.05902857301708251,6.266666666666667,3.0876092376763817,0.0
CSO-17-11A-JDAMO,14.0,32.142857142857146,36.642857142857146,5.071428571428571,0.0,0.0,0.0,0.0,26.142857142857142,1.0,2.261629215738935,0.06454687886521207,6.285714285714286,3.145909447211527,0.0
CSO-17-11A-NPAHE,14.0,38.65,42.75,3.8,0.0,0.0,0.0,0.0,29.15,1.0,2.212148330213157,0.05362277732548819,7.25,3.3930701069684988,0.0
CSO-17-11A-RLPAIG,14.0,25.428571428571427,23.571428571428573,4.0,0.0,0.0,0.0,0.0,12.071428571428571,1.0,1.8608986179012668,0.06480724177501558,5.714285714285714,2.8702767470624613,0.0
CSO-17-11A-SPUVA,14.0,32.333333333333336,40.333333333333336,12.0,0.0,0.0,0.0,0.0,20.5,1.0,2.498075513196481,0.05602191267513848,6.166666666666667,2.9670037839697283,0.0
CSO-17-11B-CDBEBU,14.0,28.384615384615383,25.46153846153846,2.230769230769231,0.0,0.0,0.0,0.0,15.538461538461538,1.0,1.8030025207162825,0.06086139639688329,6.384615384615385,2.7829373505486865,0.0
CSO-17-11C-JDAAG,14.0,30.36842105263158,23.31578947368421,0.10526315789473684,0.0,0.0,0.0,0.0,13.526315789473685,1.0,1.5366355011809025,0.0522766541808167,6.368421052631579,3.1374444956488303,0.0
CSO-17-11C-MAPAMA,14.0,36.45454545454545,34.18181818181818,3.272727272727273,0.0,0.0,0.0,0.0,20.363636363636363,1.0,1.877488549498119,0.04793777524568406,8.181818181818182,3.8566135095883993,0.0
CSO-17-11C-MCAAG,14.0,27.46153846153846,24.115384615384617,2.1153846153846154,0.0,0.0,0.0,0.0,16.346153846153847,1.0,1.7624102435988154,0.062037184429895,7.038461538461538,3.403346734028798,0.0
CSO-17-11C-SARJA,14.0,26.23076923076923,24.923076923076923,4.153846153846154,0.0,0.0,0.0,0.0,14.23076923076923,1.0,1.8990126623548373,0.0625736755929352,5.769230769230769,2.9728005839520484,0.0
CSO-18-11A-ADBAHO,14.0,33.0,31.8,2.6,0.0,0.0,0.0,0.0,20.9,1.0,1.9281741617670427,0.05554597701149425,7.3,3.4810804028145546,0.0
CSO-18-11B-YLLRE,14.0,41.45,43.05,3.25,0.0,0.0,0.0,0.0,32.15,1.0,2.078803826533446,0.04812803295169723,9.0,3.806984158958175,0.0
CSO-18-9B-MAMOLO,14.0,29.11111111111111,27.166666666666668,1.8611111111111112,0.0,0.6944444444444444,0.0,0.0,16.25,1.0,1.8681826785635802,0.060692480197576434,6.194444444444445,3.024447876111963,0.0
CSO-8-3A-AIPRBR,14.0,36.111111111111114,39.44444444444444,4.444444444444445,0.0,0.0,0.0,0.0,28.88888888888889,1.0,2.187061299032403,0.0553024631456004,7.111111111111111,3.337442249383295,0.0
CSO-8-3A-DAPAVA,14.0,29.636363636363637,36.68181818181818,6.7272727272727275,0.0,0.0,0.0,0.0,24.59090909090909,1.0,2.4776827424543546,0.07085519264285184,6.681818181818182,3.0999151389617863,0.0
CSO-8-3A-KVPECO,14.0,16.5,19.9,6.7,0.0,0.0,0.0,0.0,10.2,1.0,2.526576949620428,0.11055288331267601,4.7,2.4524386724386726,0.0
CSO-8-4A-ARAGR,14.0,24.714285714285715,24.142857142857142,2.142857142857143,0.0,0.0,0.0,0.0,17.285714285714285,1.0,1.9461151492185975,0.07506306636515968,6.285714285714286,3.1373169168666544,0.0
CSO-8-4A-JRAAR,14.0,25.214285714285715,24.142857142857142,3.142857142857143,0.0,0.0,0.0,0.0,15.142857142857142,1.0,1.9247791942159045,0.07012007431262089,5.928571428571429,2.9619299701232475,0.0
CSO-9-2A-EXMOCO,14.0,22.36842105263158,25.42105263157895,4.2631578947368425,0.0,0.0,0.0,0.0,15.421052631578947,1.0,2.2621252626504034,0.0926899791469747,5.684210526315789,2.842809081997611,0.0
CSO-9-4A-DKVIMO,14.0,21.2,22.08,1.8,0.0,0.0,0.0,0.0,18.56,1.0,2.0677192350133526,0.09581007652702363,7.08,3.3087597625748115,0.0
CSO-9-4A-DSMOMU,14.0,17.466666666666665,12.533333333333333,0.4666666666666667,0.0,0.0,0.0,0.0,7.266666666666667,1.0,1.4717519434146167,0.08995076632834069,3.8444444444444446,2.028910348910349,0.0
CSO-9-4A-DVGATO,14.0,29.9,28.4,2.6,0.0,0.0,0.0,0.0,20.5,1.0,1.900265752765753,0.060087057557858446,6.8,3.240730977641733,0.0
CSO-9-4A-EGCAMO,14.0,28.8125,31.75,2.8125,0.0,0.0,0.0,0.0,24.6875,1.0,2.1913404979130786,0.07252749652712874,7.0,3.173394026108853,0.0
CSO-9-4A-FAGIGA,14.0,27.5,25.4,2.7,0.0,0.0,0.0,0.0,17.6,1.0,1.8494581378419461,0.06268997208577418,5.0,2.7693038849695197,0.0
CSO-9-4A-GSBRCO,14.0,25.61111111111111,32.333333333333336,5.444444444444445,0.0,0.0,0.0,0.0,24.055555555555557,1.0,2.5230847341958453,0.08570703317080128,8.666666666666666,3.7517922120820675,0.0
CSO-9-4A-KEMOCO,14.0,29.764705882352942,33.470588235294116,5.235294117647059,0.0,0.0,0.0,0.0,25.11764705882353,1.0,2.242694511523161,0.06680055024806636,8.117647058823529,3.677612072881683,0.0
CSO-9-4A-LCOMO,14.0,32.18181818181818,35.63636363636363,6.0,0.0,0.9090909090909091,0.0,0.0,24.545454545454547,1.0,2.2131005454039263,0.06077655449021305,7.545454545454546,3.5662201006278966,0.0
CSO-9-4A-MLORO,14.0,27.153846153846153,25.46153846153846,2.6153846153846154,0.0,0.0,0.0,0.0,13.692307692307692,1.0,1.8767545814709332,0.06471585285231812,5.384615384615385,2.7949324153658517,0.0
CSO-9-4A-MPAME,14.0,27.285714285714285,23.571428571428573,3.7142857142857144,0.0,0.0,0.0,0.0,11.571428571428571,1.0,1.7302750159893017,0.055677294790595286,5.714285714285714,2.81352617970265,0.0
CSO-9-4A-NSARPA,14.0,36.07142857142857,43.214285714285715,6.571428571428571,0.0,0.0,0.0,0.0,28.0,1.0,2.4109332683236238,0.05865383600116279,6.928571428571429,3.2381657259930976,0.0
CSO-9-4A-SLOCA,14.0,41.333333333333336,48.333333333333336,5.833333333333333,0.0,0.0,0.0,0.0,31.5,1.0,2.3379770746049817,0.0510158002164749,7.0,3.4676238625021587,0.0
CSO-9-4A-YVDITR,14.0,18.833333333333332,23.333333333333332,3.8333333333333335,0.0,0.0,0.0,0.0,18.416666666666668,1.0,2.4819930470859264,0.11736623942506295,6.5,2.9875386996904023,0.0
