file,wc,nodes,edges,re,pe,l1,l2,l3,lcc,lsc,atd,density,diameter,asp,cc
CDMS-10-4A-JURAN,11.0,4.777777777777778,4.333333333333333,0.4444444444444444,0.0,0.0,0.0,0.0,4.777777777777778,1.0,0.9074074074074076,0.24814814814814815,3.6666666666666665,1.8814814814814815,0.030864197530864192
CDMS-10-5A-HEPIHO,11.0,6.913043478260869,4.565217391304348,0.0,0.0,0.0,0.0,0.0,4.217391304347826,1.0,0.6662337662337662,0.13242047807265198,2.6956521739130435,1.6347826086956523,0.0
CDMS-10-5A-KSRAGU,11.0,3.75,2.0,0.0,0.0,0.0,0.0,0.0,2.25,1.0,0.525,0.24583333333333332,1.25,1.0833333333333333,0.0
CDMS-10-5A-SROPU,11.0,9.0,9.0,0.0,0.0,0.0,0.0,0.0,9.0,1.0,1.0,0.1259920634920635,4.0,2.203373015873016,0.16025462962962964
CDMS-10-5A-SZURO,11.0,7.733333333333333,5.733333333333333,0.3333333333333333,0.0,0.13333333333333333,0.0,0.0,4.6,1.0,0.7672222222222221,0.13171957671957674,3.0,1.7422222222222221,0.0
CDMS-10-5B-SRAJA,11.0,8.0,6.0,0.0,0.0,1.0,0.0,0.0,4.0,1.0,0.75,0.10714285714285714,3.0,1.6666666666666667,0.0
CDMS-10-5C-DAAUSA,11.0,8.461538461538462,14.153846153846153,4.615384615384615,0.0,0.5384615384615384,0.0,0.0,8.461538461538462,1.0,1.6546092796092797,0.22368742368742367,3.076923076923077,1.8955433455433455,0.16744810744810745
CDMS-10-5C-ICAPA,11.0,7.428571428571429,7.142857142857143,1.0,0.0,0.0,0.0,0.0,6.857142857142857,1.0,0.9433106575963718,0.14716553287981857,3.857142857142857,2.072562358276644,0.0
CDMS-10-5C-JFALGI,11.0,5.0,4.0,0.0,0.0,0.0,0.0,0.0,5.0,1.0,0.7944444444444444,0.20555555555555557,2.6666666666666665,1.7222222222222223,0.0
CDMS-10-5C-MAORTO,11.0,4.705882352941177,4.411764705882353,0.47058823529411764,0.0,0.23529411764705882,0.0,0.0,4.705882352941177,1.0,0.9264705882352942,0.2627450980392157,3.0,1.7705882352941178,0.0
CDMS-10-5C-NBEMO,11.0,11.11111111111111,12.777777777777779,2.3333333333333335,0.0,0.0,0.0,0.0,9.222222222222221,1.0,1.1379133212466546,0.1132931882931883,3.7777777777777777,2.2022927689594356,0.0
CDMS-10-6B-ASCACO,11.0,6.454545454545454,7.2727272727272725,1.5454545454545454,0.0,0.0,0.0,0.0,6.181818181818182,1.0,1.1282467532467533,0.2113636363636364,4.2727272727272725,2.136796536796537,0.0
CDMS-10-6B-JJMOBE,11.0,6.461538461538462,4.769230769230769,0.5384615384615384,0.0,0.0,0.0,0.0,4.0,1.0,0.7354700854700855,0.13879731379731378,2.5384615384615383,1.5692307692307692,0.0
CDMS-11-4A-GACHSA,11.0,7.777777777777778,8.88888888888889,2.111111111111111,0.0,0.0,0.0,0.0,6.962962962962963,1.0,1.184652076318743,0.22834829779274224,3.3333333333333335,1.9959489070600183,0.029658578732652804
CDMS-11-5A-EAARCA,11.0,7.0,9.2,3.2,0.0,0.0,0.0,0.0,7.0,1.0,1.330952380952381,0.22999999999999998,4.0,2.179047619047619,0.0
CDMS-11-5A-MGTHAR,11.0,10.4,12.0,2.1,0.0,0.1,0.0,0.0,10.2,1.0,1.161010101010101,0.12606060606060607,3.9,2.234949494949495,0.08557768157768157
CDMS-11-6A-DFVEBE,11.0,8.1,9.7,3.4,0.0,0.0,0.0,0.0,6.5,1.0,1.225909090909091,0.19274170274170274,3.1,1.9077777777777776,0.0
CDMS-11-6A-NMREPR,11.0,5.071428571428571,7.071428571428571,2.357142857142857,0.0,0.0,0.0,0.0,5.071428571428571,1.0,1.4011904761904763,0.36428571428571427,2.0714285714285716,1.5523809523809524,0.25555555555555554
CDMS-11-6B-ARAHE,11.0,8.533333333333333,6.266666666666667,0.5333333333333333,0.0,0.13333333333333333,0.0,0.0,4.133333333333334,1.0,0.7036147186147186,0.11955988455988456,1.8666666666666667,1.451111111111111,0.0
CDMS-11-6B-AVROTO,11.0,5.142857142857143,5.142857142857143,1.0,0.0,0.0,0.0,0.0,5.142857142857143,1.0,1.0357142857142858,0.2785714285714286,2.5714285714285716,1.7095238095238094,0.0
CDMS-11-6B-EAFESA,11.0,5.894736842105263,7.7368421052631575,2.4210526315789473,0.0,0.5263157894736842,0.0,0.0,5.473684210526316,1.0,1.243922305764411,0.27604427736006687,3.0,1.7616959064327484,0.07048245614035087
CDMS-11-6B-EFRGR,11.0,10.666666666666666,11.333333333333334,2.6666666666666665,0.0,0.0,0.0,0.0,7.333333333333333,1.0,1.0576879910213244,0.11018518518518519,4.0,2.1507936507936507,0.13955026455026454
CDMS-11-6B-EROCO,11.0,8.153846153846153,8.461538461538462,0.8461538461538461,0.0,0.0,0.0,0.0,8.153846153846153,1.0,1.0173715173715174,0.14789099789099788,3.769230769230769,2.0525752025752024,0.06330225330225331
CDMS-11-6B-JACUPE,11.0,6.384615384615385,7.615384615384615,2.5384615384615383,0.0,1.5384615384615385,0.0,0.0,4.230769230769231,1.0,1.2297619047619048,0.25045787545787546,2.5384615384615383,1.5897435897435899,0.0
CDMS-11-6B-JDCHBA,11.0,7.72,7.36,1.2,0.0,0.0,0.0,0.0,5.8,1.0,0.962966810966811,0.15847763347763347,2.64,1.7340952380952381,0.06819047619047619
CDMS-11-6B-JFSAHE,11.0,4.631578947368421,3.526315789473684,0.21052631578947367,0.0,0.0,0.0,0.0,3.8421052631578947,1.0,0.762406015037594,0.25162907268170426,2.473684210526316,1.5300751879699248,0.0
CDMS-11-6B-JLPENA,11.0,4.111111111111111,2.8333333333333335,0.0,0.0,0.0,0.0,0.0,3.5555555555555554,1.0,0.6842592592592592,0.24629629629629632,2.388888888888889,1.4851851851851852,0.0
CDMS-11-6B-JMARME,11.0,8.55,9.0,1.45,0.0,0.0,0.0,0.0,7.35,1.0,1.0543831168831168,0.14871392496392494,3.75,2.041706349206349,0.0496031746031746
CDMS-11-6B-JPSAMA,11.0,8.8,7.4,0.4,0.0,0.0,0.0,0.0,6.8,1.0,0.8457142857142858,0.11063492063492064,3.0,1.886190476190476,0.05
CDMS-11-6B-LESTA,11.0,7.285714285714286,6.285714285714286,0.0,0.0,0.0,0.0,0.0,7.285714285714286,1.0,0.8585600907029478,0.14143990929705214,3.4285714285714284,2.0992063492063493,0.0
CDMS-11-6B-MAGIMU,11.0,9.25,8.0,0.375,0.0,0.0,0.0,0.0,8.0,1.0,0.8697916666666667,0.10689484126984128,4.125,2.21359126984127,0.0
CDMS-11-6B-MEBRTA,11.0,4.875,3.125,0.0,0.0,0.0,0.0,0.0,3.375,1.0,0.6437499999999999,0.18125,2.0,1.3958333333333333,0.0
CDMS-11-6B-MMAMO,11.0,9.833333333333334,8.666666666666666,0.5,0.0,0.0,0.0,0.0,7.166666666666667,1.0,0.8938973063973065,0.10464766714766716,3.6666666666666665,1.9985449735449734,0.0
CDMS-11-6B-RSECA,11.0,7.615384615384615,7.076923076923077,0.38461538461538464,0.0,0.0,0.0,0.0,6.923076923076923,1.0,0.9348290598290598,0.1462148962148962,3.3076923076923075,1.9912087912087912,0.07454212454212453
CDMS-11-6B-SCAPA,11.0,2.2222222222222223,1.2222222222222223,0.0,0.0,0.0,0.0,0.0,2.2222222222222223,1.0,0.5277777777777778,0.4722222222222222,1.2222222222222223,1.074074074074074,0.0
CDMS-11-6B-VZAPE,11.0,9.25,10.5,1.5,0.0,0.0,0.0,0.0,9.25,1.0,1.1368055555555556,0.139484126984127,4.0,2.2160714285714285,0.10268518518518518
CDMS-11-6B-YLNIME,11.0,7.222222222222222,7.444444444444445,1.2222222222222223,0.0,0.0,0.0,0.0,7.222222222222222,1.0,1.0365961199294533,0.17134038800705467,4.0,2.2192239858906526,0.0
CDMS-11-7C-ICARE,11.0,3.2222222222222223,2.6666666666666665,0.4444444444444444,0.0,0.0,0.0,0.0,3.2222222222222223,1.0,0.7777777777777778,0.37037037037037035,2.111111111111111,1.3888888888888888,0.0
CDMS-11-7C-IMOIB,11.0,9.533333333333333,8.466666666666667,0.6,0.0,0.06666666666666667,0.0,0.0,7.933333333333334,1.0,0.8938720538720538,0.10684223184223184,3.7333333333333334,2.1814814814814816,0.0
CDMS-11-7C-SALMA,11.0,11.090909090909092,13.636363636363637,2.272727272727273,0.0,0.0,0.0,0.0,9.636363636363637,1.0,1.2060742288015016,0.12303504576231848,4.0,2.236881805063623,0.06440771349862259
CDMS-11-7C-SPGAVE,11.0,2.4615384615384617,1.4615384615384615,0.0,0.0,0.0,0.0,0.0,2.4615384615384617,1.0,0.5705128205128205,0.42948717948717946,1.3846153846153846,1.141025641025641,0.0
CDMS-12-5A-SRIGO,11.0,9.466666666666667,9.466666666666667,0.8,0.0,0.6666666666666666,0.0,0.0,7.466666666666667,1.0,1.006854256854257,0.1356132756132756,3.6666666666666665,2.0835978835978834,0.0
CDMS-12-6A-FAROPA,11.0,9.8,13.0,3.4,0.0,0.0,0.0,0.0,7.8,1.0,1.328888888888889,0.15166666666666667,4.4,2.1238095238095243,0.0
CDMS-12-6A-JGIGA,11.0,8.0,8.3,0.9,0.0,0.6,0.0,0.0,8.0,1.0,1.0509920634920635,0.15436507936507934,4.0,2.3432539682539684,0.0
CDMS-12-6A-JSOTGU,11.0,5.764705882352941,6.117647058823529,1.8235294117647058,0.058823529411764705,0.23529411764705882,0.058823529411764705,0.0,4.470588235294118,1.0588235294117647,1.053501400560224,0.24061624649859942,2.3529411764705883,1.5980392156862746,0.0
CDMS-12-6A-SROAL,11.0,8.91304347826087,7.3478260869565215,0.391304347826087,0.0,0.391304347826087,0.0,0.0,6.391304347826087,1.0,0.8108225108225109,0.1036357362444319,3.5217391304347827,1.974628270280444,0.0
CDMS-12-6B-IJDAGA,11.0,6.416666666666667,5.333333333333333,0.0,0.0,0.0,0.0,0.0,6.25,1.0,0.819808201058201,0.15935846560846562,4.083333333333333,2.0848544973544976,0.0
CDMS-12-6B-SCLAG,11.0,7.666666666666667,9.222222222222221,1.4444444444444444,0.0,0.7777777777777778,0.0,0.0,6.555555555555555,1.0,1.1780864197530865,0.1894179894179894,3.3333333333333335,1.9469135802469135,0.37160493827160496
CDMS-12-7C-ARAHE,11.0,8.5,9.25,2.0,0.0,0.0,0.0,0.0,8.0,1.0,1.0868055555555556,0.1453373015873016,4.75,2.500595238095238,0.0
CDMS-12-7C-CATRAR,11.0,8.11111111111111,9.38888888888889,1.7777777777777777,0.0,0.0,0.0,0.0,7.777777777777778,1.0,1.1075837742504409,0.1570767195767196,4.055555555555555,2.1622134038800707,0.08259259259259259
CDMS-12-7C-DLOLO,11.0,7.8,12.0,5.2,0.0,0.0,0.0,0.0,7.8,1.0,1.5365079365079366,0.23015873015873015,3.6,2.1492063492063496,0.0
CDMS-12-7C-JSZAOR,11.0,3.4545454545454546,2.4545454545454546,0.0,0.0,0.0,0.0,0.0,3.4545454545454546,1.0,0.6939393939393939,0.3060606060606061,2.3636363636363638,1.4666666666666666,0.0
CDMS-12-7C-MAROBE,11.0,9.333333333333334,8.666666666666666,0.0,0.0,0.0,0.0,0.0,8.0,1.0,0.9333333333333332,0.11428571428571428,4.0,2.0357142857142856,0.0
CDMS-12-7C-VMAPA,11.0,8.0,8.0,0.0,0.0,0.0,0.0,0.0,8.0,1.0,1.0,0.14285714285714285,4.0,2.2142857142857144,0.0
CDMS-12-7C-VQURA,11.0,6.486486486486487,5.1891891891891895,0.16216216216216217,0.0,0.24324324324324326,0.0,0.0,5.0,1.0,0.7595589845589845,0.18357115857115858,2.810810810810811,1.6696911196911195,0.0
CDMS-13-6B-ASUMO,11.0,4.875,3.75,0.0,0.0,0.0,0.0,0.0,4.625,1.0,0.75625,0.20208333333333334,2.75,1.675,0.0
CDMS-13-6B-JDTAHE,11.0,5.833333333333333,4.888888888888889,0.3333333333333333,0.0,0.0,0.0,0.0,5.277777777777778,1.0,0.8238095238095239,0.18677248677248678,3.5,1.895767195767196,0.0
CDMS-13-7C-MVEAR,11.0,8.0,9.5,1.8125,0.1875,1.0625,0.1875,0.0,7.625,1.1875,1.1741319444444445,0.18043154761904762,3.25,1.9371527777777777,0.0
CDMS-13-7C-RAIZAC,11.0,6.2,5.8,0.6,0.0,0.8,0.0,0.0,5.4,1.0,0.9199999999999999,0.18714285714285714,3.4,1.9028571428571428,0.0
CDMS-13-7C-SSOSLO,11.0,12.0,11.736842105263158,1.368421052631579,0.631578947368421,1.736842105263158,0.42105263157894735,0.0,8.157894736842104,1.4210526315789473,0.9826500254131834,0.09616940077466393,3.736842105263158,2.1294182425761377,0.0
CDMS-14-10A-IMORTO,11.0,6.333333333333333,7.583333333333333,0.08333333333333333,0.0,1.0,0.0,0.0,6.333333333333333,1.0,1.190079365079365,0.22797619047619047,3.0,1.7575396825396823,0.03888888888888889
CDMS-14-10A-JCVANI,11.0,6.375,4.25,0.3333333333333333,0.0,0.0,0.0,0.0,3.3333333333333335,1.0,0.7307085275835276,0.2216844498094498,2.1666666666666665,1.4111111111111112,0.0
CDMS-14-5A-LSDUCO,11.0,9.0,11.0,1.0,0.0,1.0,0.0,0.0,9.0,1.0,1.2222222222222223,0.1527777777777778,4.0,2.1666666666666665,0.14074074074074072
CDMS-14-6B-KDCAHE,11.0,8.466666666666667,5.666666666666667,0.0,0.0,0.0,0.0,0.0,4.733333333333333,1.0,0.6709523809523809,0.09763828763828765,3.6666666666666665,1.888888888888889,0.0
CDMS-15-10A-AMALOS,11.0,7.9,8.6,0.85,0.25,1.6,0.25,0.0,7.1,1.25,1.1263492063492064,0.18168650793650792,2.75,1.8419444444444444,0.0
CDMS-15-10A-JJMACH,11.0,13.466666666666667,12.133333333333333,1.5333333333333334,0.0,0.0,0.0,0.0,8.133333333333333,1.0,0.9101610644257703,0.07567125140654553,3.8,2.1184607984607986,0.0
CDMS-15-10A-MAALCA,11.0,4.545454545454546,5.181818181818182,1.0,0.0,0.8181818181818182,0.0,0.0,4.181818181818182,1.0,1.0638528138528138,0.33549783549783546,2.2,1.540952380952381,0.0
CDMS-15-10A-MAALRI,11.0,10.916666666666666,9.083333333333334,0.75,0.0,0.0,0.0,0.0,7.333333333333333,1.0,0.833016983016983,0.0866961741961742,3.0,2.0189814814814815,0.0
CDMS-15-10A-SGOMO,11.0,10.846153846153847,8.923076923076923,0.23076923076923078,0.0,0.0,0.0,0.0,6.461538461538462,1.0,0.8204282896590589,0.08751206058898366,3.3846153846153846,1.9062271062271063,0.0
CDMS-15-10A-SHEGA,11.0,12.4,8.7,0.0,0.7,0.0,0.7,0.0,5.2,1.7,0.6962232212232212,0.061847874347874345,3.6,1.9066666666666667,0.0
CDMS-15-11B-JEMOLO,11.0,8.9375,11.59375,3.125,0.0,0.0,0.0,0.0,8.5,1.0,1.308009004884005,0.1828530844155844,3.90625,2.098904220779221,0.061013483044733044
CDMS-15-11B-VSAHO,11.0,7.714285714285714,8.714285714285714,1.7142857142857142,0.0,0.14285714285714285,0.0,0.0,7.714285714285714,1.0,1.1383219954648527,0.17375283446712017,4.0,2.199546485260771,0.044217687074829926
CDMS-16-10A-SGALO,11.0,6.5,4.25,0.0,0.0,0.0,0.0,0.0,4.0,1.0,0.6364087301587301,0.11946924603174602,2.375,1.5142857142857145,0.0
CDMS-16-11B-NGABE,11.0,10.909090909090908,13.090909090909092,2.3636363636363638,0.0,0.5454545454545454,0.0,0.0,10.909090909090908,1.0,1.203775517411881,0.12558956195319834,4.0,2.291621509803328,0.02533022533022533
CDMS-17-10A-ASSAMO,11.0,4.0,2.0,0.0,0.0,0.0,0.0,0.0,2.0,1.0,0.5,0.16666666666666666,1.0,1.0,0.0
CDMS-18-7C-VVECA,11.0,3.8461538461538463,4.538461538461538,1.0,0.0,0.6923076923076923,0.0,0.0,3.8461538461538463,1.0,1.1756410256410257,0.46282051282051284,2.230769230769231,1.4897435897435898,0.0
CDMS-8-4A-DBEVA,11.0,5.533333333333333,5.266666666666667,1.2666666666666666,0.0,0.0,0.0,0.0,4.466666666666667,1.0,0.9761904761904762,0.2650793650793651,3.0,1.72,0.0
CDMS-8-4A-DJAVDA,11.0,4.2,3.8,0.2,0.0,0.0,0.0,0.0,4.0,1.0,0.9166666666666666,0.2966666666666667,2.5,1.5,0.0
CDMS-8-4A-DOSTR,11.0,6.7272727272727275,6.424242424242424,1.1515151515151516,0.0,0.12121212121212122,0.0,0.0,5.575757575757576,1.0,0.8767326949145131,0.1827790895972714,2.606060606060606,1.671861471861472,0.0
CDMS-8-4A-LGOPA,11.0,8.722222222222221,8.61111111111111,2.5555555555555554,0.0,0.0,0.0,0.0,4.611111111111111,1.0,0.9907407407407407,0.13212081128747796,3.2777777777777777,1.7944444444444443,0.0
CDMS-8-4C-JDBUTU,11.0,5.375,3.9375,0.4375,0.0,0.0,0.0,0.0,3.625,1.0,0.7377976190476191,0.17782738095238096,2.625,1.5416666666666667,0.0
CDMS-9-4A-ACDUTR,11.0,5.9,5.6,0.7,0.0,0.0,0.0,0.0,5.9,1.0,0.95,0.195,3.0,1.86,0.0
CDMS-9-4A-CARGA,11.0,7.444444444444445,8.777777777777779,2.3333333333333335,0.8888888888888888,0.1111111111111111,0.5555555555555556,0.0,5.555555555555555,1.5555555555555556,1.1940035273368608,0.18959435626102292,3.4444444444444446,1.8846560846560847,0.07407407407407407
CDMS-9-4A-CRAAG,11.0,6.928571428571429,7.5,1.4285714285714286,0.0,0.5,0.0,0.0,6.357142857142857,1.0,1.0782312925170068,0.18741496598639457,3.357142857142857,1.9183673469387756,0.0
CDMS-9-4A-EROHI,11.0,10.571428571428571,10.428571428571429,1.1428571428571428,0.21428571428571427,0.21428571428571427,0.21428571428571427,0.0,9.142857142857142,1.2142857142857142,0.9772632129774986,0.11405459619745335,4.428571428571429,2.281376163519021,0.0
CDMS-9-4A-ILOSE,11.0,14.0,15.666666666666666,1.5,0.0,0.0,0.0,0.0,10.333333333333334,1.0,1.1227411477411477,0.08743756243756244,4.0,2.138047138047138,0.11921436588103253
CDMS-9-4A-TGAFR,11.0,5.4,5.4,0.6666666666666666,0.0,0.3333333333333333,0.0,0.0,4.733333333333333,1.0,1.0022222222222221,0.23333333333333334,2.8666666666666667,1.6600000000000001,0.14444444444444443
CDMS-9-4C-SCAMO,11.0,5.333333333333333,4.666666666666667,0.3333333333333333,0.0,0.0,0.0,0.0,5.333333333333333,1.0,0.888888888888889,0.23611111111111108,3.6666666666666665,1.9333333333333336,0.0
CDMS-9-5A-ABERO,11.0,5.888888888888889,5.555555555555555,0.8333333333333334,0.0,0.0,0.0,0.0,5.111111111111111,1.0,0.9119047619047619,0.21618165784832452,3.2777777777777777,1.851851851851852,0.013888888888888888
CDMS-9-5A-PAGACO,11.0,8.666666666666666,6.583333333333333,0.5833333333333334,0.0,0.0,0.0,0.0,5.333333333333333,1.0,0.7572089947089947,0.09993386243386243,3.0833333333333335,1.8555555555555554,0.0
CDMS-9-5A-VVAAR,11.0,7.0,6.0,1.0,0.0,0.0,0.0,0.0,5.0,1.0,0.8366666666666667,0.14095238095238094,3.4,1.85,0.0
CDMS-9-5C-JDMADE,11.0,3.5,2.5,0.0,0.0,0.0,0.0,0.0,3.5,1.0,0.7083333333333333,0.29166666666666663,2.5,1.5,0.0
CDMS-9-5C-LVIZAC,11.0,4.666666666666667,2.6666666666666665,0.0,0.0,0.2,0.0,0.0,2.2666666666666666,1.0,0.6333333333333333,0.12222222222222222,1.5833333333333333,1.1944444444444444,0.0
CDMS-9-5C-MLOGO,11.0,7.578947368421052,7.578947368421052,1.7894736842105263,0.0,0.0,0.0,0.0,5.894736842105263,1.0,0.9660192147034253,0.1536549707602339,2.8421052631578947,1.8317460317460317,0.05263157894736842
CDMS-9-5C-SCAAG,11.0,8.9,8.3,0.8,0.0,0.0,0.0,0.0,7.5,1.0,0.9246428571428572,0.12007936507936508,3.8,2.1447835497835497,0.0
CDMS-XX-10A-VGILO,11.0,11.285714285714286,11.857142857142858,0.42857142857142855,0.0,0.42857142857142855,0.0,0.0,10.142857142857142,1.0,1.0479520479520479,0.10204795204795204,3.4285714285714284,2.0513264513264513,0.15634392062963492
CDMS-XX-5C-MJSARU,11.0,5.538461538461538,5.076923076923077,0.15384615384615385,0.0,0.0,0.0,0.0,5.384615384615385,1.0,0.9096153846153847,0.20833333333333334,3.769230769230769,1.9076923076923078,0.1517094017094017
CDMS-XX-5C-MPCAQU,11.0,6.454545454545454,6.818181818181818,1.0,0.0,0.0,0.0,0.0,6.2727272727272725,1.0,1.0795454545454546,0.2213203463203463,3.5454545454545454,1.877922077922078,0.0
CDMS-XX-6A-MAGICA,11.0,7.951219512195122,5.804878048780488,0.2682926829268293,0.0,0.0,0.0,0.0,4.658536585365853,1.0,0.7346054352151913,0.13956050724343408,3.048780487804878,1.770731707317073,0.0
CDMS-XX-6B-SPUCA,11.0,4.894736842105263,5.631578947368421,1.631578947368421,0.0,0.10526315789473684,0.0,0.0,4.894736842105263,1.0,1.0532581453634087,0.25551378446115286,2.4705882352941178,1.6638655462184873,0.0
CSO-10-4A-ICAPA,11.0,10.818181818181818,10.818181818181818,2.3636363636363638,0.0,0.0,0.0,0.0,8.090909090909092,1.0,0.9991735537190082,0.10183654729109275,4.454545454545454,2.324170274170274,0.0
CSO-10-4A-KCOMO,11.0,8.625,11.083333333333334,3.1666666666666665,0.0,0.0,0.0,0.0,8.375,1.0,1.2855714886964886,0.17372083934583935,3.1666666666666665,2.0225829725829727,0.03665048300464967
CSO-10-4A-LRAVI,11.0,6.25,9.125,3.125,0.0,0.0,0.0,0.0,6.25,1.0,1.4553571428571428,0.2779761904761905,3.0,1.8345238095238094,0.0
CSO-10-4A-LSCAVA,11.0,5.125,3.625,0.0,0.0,0.0,0.0,0.0,4.0,1.0,0.69375,0.16979166666666667,2.3125,1.5291666666666668,0.0
CSO-10-5A-ACAVA,11.0,7.555555555555555,6.666666666666667,0.3888888888888889,0.0,0.0,0.0,0.0,7.0,1.0,0.8808862433862434,0.1406084656084656,2.9444444444444446,1.8592592592592594,0.0
CSO-10-5A-ARACA,11.0,3.7333333333333334,3.466666666666667,0.8666666666666667,0.0,0.0,0.0,0.0,3.3333333333333335,1.0,0.9444444444444444,0.4533333333333333,2.3333333333333335,1.4444444444444444,0.0
CSO-10-5A-DABRZA,11.0,7.444444444444445,5.722222222222222,0.5555555555555556,0.0,0.0,0.0,0.0,4.888888888888889,1.0,0.7670001295001295,0.13313214563214562,3.4444444444444446,1.8353615520282187,0.0
CSO-10-5A-GZAMA,11.0,8.928571428571429,11.214285714285714,2.4285714285714284,0.0,0.6428571428571429,0.0,0.0,8.214285714285714,1.0,1.22977478870336,0.16140486497629356,3.7857142857142856,2.047933415790559,0.07166177076891363
CSO-10-5A-IPECA,11.0,11.8,16.8,6.2,0.0,0.2,0.0,0.0,11.0,1.0,1.4242424242424243,0.13212121212121214,3.4,2.143030303030303,0.0
CSO-10-5A-JANORO,11.0,7.230769230769231,6.230769230769231,0.0,0.0,0.07692307692307693,0.0,0.0,7.076923076923077,1.0,0.8612637362637362,0.14056776556776557,4.153846153846154,2.189194139194139,0.0
CSO-10-5A-JBUVE,11.0,8.0,5.125,0.0,0.0,0.0,0.0,0.0,3.5,1.0,0.6413690476190477,0.09226190476190477,2.375,1.475,0.0
CSO-10-5A-JJSEMO,11.0,4.5,4.25,1.0,0.0,0.5,0.0,0.0,3.0,1.0,0.9694444444444444,0.4527777777777778,1.5833333333333333,1.2583333333333333,0.0
CSO-10-5A-JLCARI,11.0,8.555555555555555,7.333333333333333,0.7777777777777778,0.0,0.0,0.0,0.0,4.777777777777778,1.0,0.8503086419753086,0.11358024691358024,2.888888888888889,1.751851851851852,0.0
CSO-10-5A-MAARAN,11.0,9.5,10.8,2.1,0.0,0.0,0.0,0.0,7.9,1.0,1.1651587301587303,0.14858585858585857,3.4,2.030952380952381,0.13238095238095238
CSO-10-5A-MAOSMO,11.0,5.296296296296297,4.148148148148148,0.4074074074074074,0.0,0.0,0.0,0.0,4.0,1.0,0.7886243386243386,0.19779541446208113,2.5185185185185186,1.565432098765432,0.0
CSO-10-5A-RVMOIB,11.0,9.75,8.625,0.375,0.0,0.1875,0.0,0.0,7.625,1.0,0.8705041486291486,0.10102813852813852,3.6875,2.0877480158730157,0.0
CSO-10-5A-SVHEES,11.0,9.875,11.1875,2.3125,0.0,0.0,0.0,0.0,8.5,1.0,1.1470170454545454,0.1345305735930736,4.0,2.2301587301587302,0.0
CSO-11-5A-MDVOSPE,11.0,8.466666666666667,8.333333333333334,2.0,0.0,0.0,0.0,0.0,6.2,1.0,0.9898941798941798,0.13616402116402115,3.8,2.0304761904761905,0.0
CSO-11-5A-MTAGA,11.0,5.75,4.3125,0.3125,0.0,0.0,0.0,0.0,3.875,1.0,0.7166666666666667,0.2134672619047619,2.125,1.4854166666666666,0.0
CSO-11-6A-CAPAMU,11.0,7.217391304347826,6.086956521739131,0.5652173913043478,0.0,0.0,0.0,0.0,5.043478260869565,1.0,0.8874380450467407,0.1726033628207541,2.9565217391304346,1.7137336093857833,0.0
CSO-11-6A-DSCACH,11.0,5.5,4.4,0.3,0.0,0.3,0.0,0.0,4.1,1.0,0.8042857142857143,0.18738095238095237,2.9,1.6600000000000001,0.0
CSO-11-6A-EROMO,11.0,9.133333333333333,8.4,0.6666666666666666,0.0,0.0,0.0,0.0,8.333333333333334,1.0,0.9137037037037037,0.11476430976430976,4.333333333333333,2.3516209716209717,0.0
CSO-11-6A-FSOVRE,11.0,6.8076923076923075,5.538461538461538,0.3076923076923077,0.0,0.0,0.0,0.0,5.5,1.0,0.7875000000000001,0.14465534465534466,3.4615384615384617,1.9136446886446887,0.0
CSO-11-6B-ANREVA,11.0,8.333333333333334,8.222222222222221,0.6666666666666666,0.0,0.0,0.0,0.0,8.11111111111111,1.0,0.9579485329485329,0.13107263107263106,4.0,2.2297739297739296,0.0
CSO-11-6B-DISEMO,11.0,6.25,7.375,2.625,0.0,0.0,0.0,0.0,4.25,1.0,1.1864583333333334,0.23586309523809523,2.25,1.4666666666666666,0.34375
CSO-11-6B-LHFDLACH,11.0,6.470588235294118,5.0,0.0,0.0,0.0,0.0,0.0,5.529411764705882,1.0,0.7655462184873949,0.17212885154061625,3.4705882352941178,1.8885154061624652,0.0
CSO-11-6B-RJGIHE,11.0,3.4545454545454546,2.272727272727273,0.18181818181818182,0.0,0.09090909090909091,0.0,0.0,2.5454545454545454,1.0,0.577922077922078,0.3463203463203463,1.3636363636363635,1.1454545454545455,0.0
CSO-11-6B-SFLVA,11.0,11.428571428571429,14.285714285714286,1.7142857142857142,0.0,0.0,0.0,0.0,10.285714285714286,1.0,1.247052947052947,0.1204073704073704,4.857142857142857,2.299340342197485,0.05238095238095238
CSO-11-6B-VCOMA,11.0,5.2727272727272725,5.909090909090909,2.0,0.0,0.0,0.0,0.0,4.181818181818182,1.0,1.0113636363636365,0.25984848484848483,2.6363636363636362,1.6090909090909091,0.0707070707070707
CSO-12-6A-DGISE,11.0,6.333333333333333,4.0,0.0,0.0,0.0,0.0,0.0,3.4444444444444446,1.0,0.6137566137566137,0.12142857142857141,2.4444444444444446,1.4814814814814816,0.0
CSO-12-6A-FJOVRE,11.0,6.733333333333333,6.266666666666667,0.5333333333333333,0.0,0.0,0.0,0.0,6.6,1.0,0.9352116402116403,0.17320105820105822,3.8666666666666667,2.113121693121693,0.0
CSO-12-6B-GQULO,11.0,9.272727272727273,9.090909090909092,0.6363636363636364,0.0,0.6363636363636364,0.0,0.0,7.454545454545454,1.0,0.9808080808080807,0.13434343434343435,3.5454545454545454,2.033044733044733,0.026936026936026935
CSO-12-6B-LJHEFE,11.0,9.0,7.2,0.6,0.0,0.0,0.0,0.0,6.2,1.0,0.8025252525252526,0.10247474747474747,2.6,1.7755555555555556,0.0
CSO-12-6B-VPAMA,11.0,4.166666666666667,4.666666666666667,1.5,0.0,0.0,0.0,0.0,4.166666666666667,1.0,1.1166666666666667,0.35555555555555557,3.1666666666666665,1.7222222222222223,0.0
CSO-12-7A-DALRE,11.0,6.157894736842105,7.315789473684211,2.0526315789473686,0.0,0.0,0.0,0.0,5.315789473684211,1.0,1.131578947368421,0.2218045112781955,2.5789473684210527,1.6159147869674186,0.13399122807017544
CSO-12-7A-ESALA,11.0,4.285714285714286,2.642857142857143,0.21428571428571427,0.0,0.0,0.0,0.0,2.5714285714285716,1.0,0.5833333333333333,0.21190476190476187,1.5714285714285714,1.1904761904761905,0.0
CSO-12-7A-IMERO,11.0,5.0,4.604651162790698,0.7209302325581395,0.0,0.0,0.0,0.0,4.767441860465116,1.0,0.8679401993355481,0.2607419712070875,3.0,1.7286821705426358,0.0
CSO-12-7A-JHEZA,11.0,3.375,2.3125,0.4375,0.0,0.0,0.0,0.0,2.375,1.0,0.6614583333333334,0.3385416666666667,1.375,1.125,0.0
CSO-12-7A-LSARAR,11.0,10.090909090909092,10.090909090909092,0.45454545454545453,0.0,0.0,0.0,0.0,8.727272727272727,1.0,0.9898661944116488,0.11733569460842187,3.727272727272727,2.1054637281910007,0.0
CSO-12-7A-SCAHO,11.0,7.0,5.75,1.2083333333333333,0.0,0.0,0.0,0.0,3.75,1.0,0.7986832611832612,0.19703433140933138,2.25,1.45,0.05555555555555555
CSO-12-7B-DVAGRO,11.0,4.823529411764706,4.411764705882353,0.29411764705882354,0.0,1.1764705882352942,0.0,0.0,3.4705882352941178,1.0,0.9323529411764706,0.2754901960784314,2.235294117647059,1.4450980392156862,0.0
CSO-12-7B-SMUGU,11.0,4.166666666666667,4.916666666666667,0.8333333333333334,0.0,0.5,0.0,0.0,4.166666666666667,1.0,1.1805555555555556,0.40277777777777773,2.0833333333333335,1.4722222222222223,0.18055555555555555
CSO-12-7B-SSARA,11.0,6.388888888888889,6.222222222222222,1.1111111111111112,0.0,2.0,0.0,0.0,4.055555555555555,1.0,0.9729276895943563,0.2048941798941799,2.111111111111111,1.4387125220458552,0.0
CSO-12-7B-VHOMA,11.0,5.090909090909091,5.318181818181818,1.5454545454545454,0.0,0.0,0.0,0.0,4.454545454545454,1.0,0.9989177489177489,0.2465367965367965,2.6818181818181817,1.6402597402597403,0.0
CSO-12-8A-YTOME,11.0,8.666666666666666,7.833333333333333,1.3333333333333333,0.0,0.6666666666666666,0.0,0.0,4.0,1.0,0.9021164021164022,0.11871693121693122,2.3333333333333335,1.5555555555555554,0.0
CSO-13-6A-ANASA,11.0,7.828571428571428,7.6571428571428575,0.8285714285714286,0.0,0.0,0.0,0.0,6.228571428571429,1.0,0.9019604205318491,0.2127395620252763,3.2,1.8001814058956915,0.0
CSO-13-6B-JETAVE,11.0,7.67741935483871,7.548387096774194,1.3548387096774193,0.0,0.0,0.0,0.0,6.709677419354839,1.0,0.9833077316948285,0.1607131220034446,3.935483870967742,2.1282386072708652,0.0
CSO-13-6B-LFMIES,11.0,6.6,6.6,1.1,0.0,0.0,0.0,0.0,5.4,1.0,1.0025,0.1875,2.7,1.6688095238095237,0.12654761904761905
CSO-13-6B-LJMAHU,11.0,6.517241379310345,5.862068965517241,1.3448275862068966,0.0,0.0,0.0,0.0,4.206896551724138,1.0,0.908289794496691,0.19403642334676818,2.3793103448275863,1.5758620689655174,0.0
CSO-13-7A-CAPAMU,11.0,5.55,4.0,0.5,0.0,0.0,0.0,0.0,3.45,1.0,0.7570833333333333,0.3074404761904762,1.95,1.3766666666666667,0.0
CSO-13-7A-CDDITR,11.0,2.625,1.625,0.0,0.0,0.0,0.0,0.0,2.625,1.0,0.6041666666666666,0.3958333333333333,1.625,1.2083333333333333,0.0
CSO-13-7A-JJATFL,11.0,7.777777777777778,6.888888888888889,0.4444444444444444,0.0,0.0,0.0,0.0,6.444444444444445,1.0,0.8822751322751322,0.13187830687830687,3.6666666666666665,1.9899470899470901,0.04695767195767195
CSO-13-7A-KRAMA,11.0,9.142857142857142,12.0,2.2857142857142856,0.0,0.0,0.0,0.0,7.857142857142857,1.0,1.2921899529042384,0.16668450597022025,3.142857142857143,1.8256441970727686,0.0
CSO-13-7A-RXCHLU,11.0,6.0,7.2,0.6,1.4,0.8,0.8,0.0,6.0,1.8,1.2,0.24,3.0,1.8666666666666667,0.0
CSO-13-7A-YAMEZA,11.0,8.928571428571429,12.428571428571429,5.0,0.0,0.0,0.0,0.0,6.714285714285714,1.0,1.452337146980004,0.20647804576376005,3.5714285714285716,2.002267573696145,0.10639172335600908
CSO-13-7A-YBOSO,11.0,4.6,4.8,2.2,0.0,0.0,0.0,0.0,2.6,1.0,1.04,0.29333333333333333,1.6,1.2,0.0
CSO-13-8A-KIGAGU,11.0,6.5,10.5,2.0,0.0,1.0,0.0,0.0,6.5,1.0,1.619047619047619,0.2976190476190476,3.0,1.657142857142857,0.22738095238095238
CSO-13-8A-MBUAN,11.0,7.8076923076923075,7.153846153846154,0.5384615384615384,0.15384615384615385,0.15384615384615385,0.15384615384615385,0.0,5.346153846153846,1.1538461538461537,0.9039224664224664,0.1333943833943834,3.1538461538461537,1.768131868131868,0.02261396011396011
CSO-13-8A-MGAAN,11.0,5.0,4.421052631578948,0.7368421052631579,0.0,0.3684210526315789,0.0,0.0,4.0,1.0,0.8950501253132831,0.27424812030075185,2.789473684210526,1.631578947368421,0.0
CSO-13-8A-MGAHE,11.0,6.842105263157895,7.684210526315789,1.2105263157894737,0.0,0.15789473684210525,0.0,0.0,6.842105263157895,1.0,1.0783625730994153,0.22017543859649125,3.5789473684210527,1.969590643274854,0.01350877192982456
CSO-13-8A-MJAGA,11.0,6.625,5.0,0.625,0.0,0.5,0.0,0.0,3.25,1.0,0.7529761904761905,0.13452380952380952,2.0,1.375,0.0
CSO-13-8A-VHODU,11.0,9.0,10.0,0.0,0.0,1.0,0.0,0.0,9.0,1.0,1.1111111111111112,0.1388888888888889,4.0,2.0555555555555554,0.0
CSO-13-8B-FCJISA,11.0,2.6,1.4,0.1,0.0,0.0,0.0,0.0,2.0,1.0,0.525,0.4083333333333333,1.0,1.0,0.0
CSO-13-8B-JEMABE,11.0,12.166666666666666,12.166666666666666,1.6666666666666667,0.0,0.0,0.0,0.0,10.833333333333334,1.0,0.9906565656565657,0.088997113997114,4.0,2.3294483294483297,0.0
CSO-13-9B-DMLLLU,11.0,7.0,5.0,0.0,0.0,0.0,0.0,0.0,5.0,1.0,0.7113095238095238,0.11964285714285713,3.0,1.8,0.0
CSO-14-7A-MVEBE,11.0,8.0,6.666666666666667,0.6666666666666666,0.0,0.0,0.0,0.0,6.0,1.0,0.8333333333333334,0.11904761904761905,3.0,1.8666666666666665,0.0
CSO-14-7B-EALHU,11.0,5.4375,4.875,1.0,0.0,0.125,0.0,0.0,4.0625,1.0,0.8973214285714286,0.21517857142857144,2.5625,1.5854166666666667,0.0
CSO-14-7B-EVEGO,11.0,6.173913043478261,4.304347826086956,0.5217391304347826,0.0,0.0,0.0,0.0,3.391304347826087,1.0,0.7112718802936194,0.20071914800175672,2.152173913043478,1.413768115942029,0.0
CSO-14-8A-AQUMA,11.0,6.0,4.545454545454546,0.2727272727272727,0.0,0.0,0.0,0.0,3.909090909090909,1.0,0.7599567099567099,0.1634199134199134,2.0,1.4666666666666666,0.0
CSO-14-8A-MCIDOS,11.0,4.571428571428571,4.0,0.0,0.0,0.0,0.0,0.0,4.285714285714286,1.0,0.7999999999999999,0.2857142857142857,2.2857142857142856,1.4761904761904763,0.0
CSO-14-8A-SZARA,11.0,5.833333333333333,4.333333333333333,0.1111111111111111,0.0,0.0,0.0,0.0,4.5,1.0,0.728968253968254,0.17513227513227514,3.2777777777777777,1.7777777777777777,0.0
CSO-14-8B-JLLORA,11.0,6.625,5.5,1.0,0.0,0.0,0.0,0.0,4.375,1.0,0.8223214285714285,0.1494047619047619,2.625,1.6458333333333333,0.0
CSO-14-9A-AEDCAGO,11.0,6.333333333333333,5.944444444444445,0.3888888888888889,0.0,0.0,0.0,0.0,6.333333333333333,1.0,0.9268518518518518,0.17936507936507937,3.1666666666666665,1.9283068783068782,0.04054232804232804
CSO-14-9A-HASACA,11.0,7.571428571428571,6.857142857142857,0.5714285714285714,0.0,0.14285714285714285,0.0,0.0,6.714285714285714,1.0,0.9095804988662132,0.1405895691609977,4.0,2.186394557823129,0.0
CSO-14-9A-JSMAAL,11.0,8.142857142857142,8.714285714285714,0.7857142857142857,0.0,0.7857142857142857,0.0,0.0,7.571428571428571,1.0,1.0611678004535148,0.1558390022675737,3.5,1.9611678004535147,0.06708238851095995
CSO-14-9A-MARJA,11.0,5.35,5.1,0.4,0.0,0.4,0.0,0.0,4.65,1.0,0.9471428571428572,0.22119047619047622,2.75,1.65,0.0
CSO-14-9A-SORZU,11.0,5.0,4.363636363636363,0.7272727272727273,0.0,0.0,0.0,0.0,3.909090909090909,1.0,0.8863636363636364,0.2696969696969697,2.6363636363636362,1.5818181818181818,0.0
CSO-14-9B-ERAGA,11.0,7.333333333333333,5.333333333333333,0.0,0.0,0.0,0.0,0.0,4.222222222222222,1.0,0.7205467372134039,0.11609347442680774,2.0,1.511111111111111,0.0
CSO-14-9B-MFEGA,11.0,5.5,5.0,0.5,0.0,1.5,0.0,0.0,3.5,1.0,0.9,0.2,2.0,1.4166666666666665,0.0
CSO-15-10A-LJRAGU,11.0,14.454545454545455,18.272727272727273,2.727272727272727,0.18181818181818182,0.45454545454545453,0.18181818181818182,0.0,14.454545454545455,1.1818181818181819,1.2597402597402598,0.09350649350649352,5.2727272727272725,2.7962537462537465,0.012987012987012986
CSO-15-10A-MAARLO,11.0,5.0,5.6,0.0,0.0,0.6,0.0,0.0,5.0,1.0,1.1199999999999999,0.27999999999999997,3.0,1.6,0.0
CSO-15-10A-SFEGA,11.0,7.833333333333333,8.666666666666666,1.6666666666666667,0.0,0.0,0.0,0.0,7.833333333333333,1.0,1.0925925925925926,0.16038359788359788,4.0,2.1593915343915344,0.03827160493827161
CSO-15-10B-MEBUAR,11.0,5.25,3.625,0.0,0.0,0.375,0.0,0.0,3.25,1.0,0.6916666666666667,0.16458333333333333,2.0,1.375,0.0
CSO-15-10B-YVBUAN,11.0,6.333333333333333,6.333333333333333,0.4444444444444444,0.0,0.0,0.0,0.0,6.0,1.0,0.9753968253968254,0.1886243386243386,3.4444444444444446,1.9084656084656086,0.0
CSO-15-10C-ALBAHO,11.0,4.166666666666667,3.75,0.6666666666666666,0.0,0.0,0.0,0.0,4.0,1.0,0.9055555555555556,0.29583333333333334,2.5,1.5833333333333333,0.0
CSO-15-10C-SSCAMO,11.0,4.0,3.0454545454545454,0.45454545454545453,0.0,0.0,0.0,0.0,3.1818181818181817,1.0,0.7272727272727273,0.26515151515151514,1.7272727272727273,1.309090909090909,0.0
CSO-15-11C-JETALO,11.0,5.655172413793103,5.241379310344827,0.9310344827586207,0.0,0.2413793103448276,0.0,0.0,4.586206896551724,1.0,0.9024630541871921,0.20328407224958947,2.4827586206896552,1.6300492610837438,0.0
CSO-15-7B-JCRAGA,11.0,4.0,4.5,1.5,0.0,0.0,0.0,0.0,4.0,1.0,1.1458333333333333,0.41666666666666663,2.75,1.6166666666666667,0.0
CSO-15-8A-VBMABR,11.0,10.153846153846153,8.076923076923077,0.5384615384615384,0.0,0.0,0.0,0.0,6.923076923076923,1.0,0.786097236097236,0.09986551909628832,3.6153846153846154,2.0581196581196584,0.0
CSO-15-8B-KEPOGO,11.0,9.4,6.6,0.0,0.0,0.0,0.0,0.0,4.5,1.0,0.6943650793650794,0.08435064935064936,3.1,1.7533333333333332,0.0
CSO-15-9B-ALRIHE,11.0,6.875,6.0,0.75,0.0,0.25,0.0,0.0,5.125,1.0,0.8718253968253968,0.15317460317460319,2.0,1.6017857142857144,0.0
CSO-15-9B-AMSAGO,11.0,7.777777777777778,5.333333333333333,0.1111111111111111,0.0,0.0,0.0,0.0,4.666666666666667,1.0,0.6393939393939394,0.11122334455667787,2.6666666666666665,1.6365079365079367,0.0
CSO-15-9B-JCAPA,11.0,7.857142857142857,6.142857142857143,0.21428571428571427,0.0,0.6428571428571429,0.0,0.0,3.857142857142857,1.0,0.7868480725623582,0.11961451247165533,2.0,1.4761904761904763,0.0
CSO-15-9B-KSBEJA,11.0,6.666666666666667,7.25,1.5833333333333333,0.0,0.0,0.0,0.0,5.833333333333333,1.0,1.0729166666666667,0.2126984126984127,2.25,1.6563492063492065,0.1412698412698413
CSO-15-9B-RMCHLU,11.0,7.411764705882353,7.235294117647059,0.8235294117647058,0.0,0.35294117647058826,0.0,0.0,6.117647058823529,1.0,0.9877450980392157,0.15882352941176472,3.7058823529411766,1.9798319327731093,0.09103641456582633
CSO-15-9B-SJAGRO,11.0,5.833333333333333,3.5,0.0,0.0,0.0,0.0,0.0,3.1666666666666665,1.0,0.5819444444444445,0.13432539682539682,1.6666666666666667,1.2944444444444445,0.0
CSO-16-10A-JEGAHE,11.0,6.625,4.875,0.375,0.0,0.0625,0.0,0.0,4.125,1.0,0.7236607142857143,0.13050595238095236,2.5,1.5788690476190477,0.0
CSO-16-10A-MSACO,11.0,6.357142857142857,6.785714285714286,1.2857142857142858,0.5714285714285714,0.35714285714285715,0.2857142857142857,0.0,4.714285714285714,1.2857142857142858,1.1862244897959184,0.30765306122448977,2.9285714285714284,1.7380952380952384,0.0
CSO-16-10A-SARI,11.0,8.0,7.444444444444445,1.0,0.0,0.0,0.0,0.0,5.444444444444445,1.0,0.9348765432098765,0.13932980599647266,3.2222222222222223,1.7798941798941799,0.29056437389770723
CSO-16-10A-SMOUT,11.0,11.666666666666666,11.6,0.6,0.0,0.0,0.0,0.0,10.2,1.0,0.9817660117660117,0.0963096163096163,4.0,2.24993154993155,0.0
CSO-16-10A-YKMUJO,11.0,8.692307692307692,7.769230769230769,0.6923076923076923,0.0,0.0,0.0,0.0,7.384615384615385,1.0,0.8927350427350428,0.11764346764346764,4.384615384615385,2.322649572649573,0.0
CSO-16-10B-JESUGU,11.0,5.8,5.1,0.3,0.0,0.0,0.0,0.0,5.8,1.0,0.8757142857142858,0.1842857142857143,3.7,1.9895238095238095,0.0
CSO-16-10B-LTVIFA,11.0,5.416666666666667,3.8333333333333335,0.0,0.0,0.0,0.0,0.0,4.166666666666667,1.0,0.6892857142857144,0.15932539682539681,2.1666666666666665,1.513888888888889,0.0
CSO-16-10B-VVILI,11.0,6.647058823529412,6.352941176470588,0.35294117647058826,0.0,0.0,0.0,0.0,6.647058823529412,1.0,0.9383986928104575,0.17609710550887023,3.411764705882353,1.9939309056956116,0.0
CSO-16-10C-ACALGU,11.0,7.166666666666667,4.875,0.08333333333333333,0.0,0.0,0.0,0.0,4.416666666666667,1.0,0.6584325396825397,0.1277116402116402,2.375,1.5656746031746032,0.0
CSO-16-10C-MAVAVE,11.0,4.588235294117647,3.4411764705882355,0.11764705882352941,0.0,0.3235294117647059,0.0,0.0,3.4411764705882355,1.0,0.7188608776844071,0.24927637721755366,2.2941176470588234,1.4420168067226893,0.0
CSO-16-11A-JAVABO,11.0,5.625,6.5,2.4375,0.0,0.0,0.0,0.0,4.5,1.0,1.1105654761904762,0.2863095238095238,3.4375,1.8208333333333333,0.0
CSO-16-11A-JDMUVA,11.0,4.25,2.75,0.0,0.0,0.0,0.0,0.0,3.25,1.0,0.6447916666666667,0.21562499999999998,2.0,1.3666666666666667,0.0
CSO-16-11A-VZAOR,11.0,6.7272727272727275,5.2727272727272725,0.0,0.0,0.0,0.0,0.0,4.363636363636363,1.0,0.7585858585858586,0.13665223665223666,2.4545454545454546,1.503030303030303,0.0606060606060606
CSO-16-11B-KRORE,11.0,8.692307692307692,9.846153846153847,2.0,0.0,0.15384615384615385,0.0,0.0,7.769230769230769,1.0,1.1205128205128205,0.1491147741147741,3.769230769230769,2.0804639804639806,0.0
CSO-16-11B-LLOZA,11.0,9.0,7.777777777777778,1.0555555555555556,0.0,0.0,0.0,0.0,6.444444444444445,1.0,0.8672979797979798,0.11642817059483727,3.888888888888889,2.0562610229276896,0.0
CSO-16-11B-YAROMO,11.0,5.473684210526316,5.052631578947368,0.3157894736842105,0.0,0.3684210526315789,0.0,0.0,5.2631578947368425,1.0,0.893609022556391,0.2098997493734336,2.4210526315789473,1.7020050125313282,0.0
CSO-16-9A-JALEMO,11.0,5.285714285714286,3.857142857142857,0.42857142857142855,0.0,0.0,0.0,0.0,3.5714285714285716,1.0,0.692517006802721,0.16462585034013605,2.0,1.4142857142857144,0.0
CSO-16-9A-JPROSO,11.0,8.5,6.0,0.25,0.0,0.0,0.0,0.0,5.0,1.0,0.7090518278018277,0.0983886483886484,2.8333333333333335,1.7484126984126984,0.0
CSO-16-9A-JSMAGU,11.0,6.3,3.9,0.0,0.0,0.0,0.0,0.0,3.5,1.0,0.6185714285714285,0.15087301587301588,2.1,1.4133333333333333,0.0
CSO-16-9B-SJPAJI,11.0,7.142857142857143,7.142857142857143,0.2857142857142857,0.0,1.0,0.0,0.0,7.142857142857143,1.0,0.9880952380952381,0.16156462585034012,2.0,1.7159863945578233,0.0
CSO-17-10A-YVGOCA,11.0,11.25,11.75,1.5,0.0,2.0,0.0,0.0,9.25,1.0,1.043560606060606,0.1018939393939394,4.0,2.111111111111111,0.0
CSO-17-10B-EHECO,11.0,5.333333333333333,3.466666666666667,0.2,0.0,0.2,0.0,0.0,2.8,1.0,0.6743386243386243,0.2478835978835979,1.8,1.2666666666666666,0.0
CSO-17-10B-YCQUVE,11.0,4.92,4.12,0.2,0.0,0.2,0.0,0.0,4.52,1.0,0.8241904761904761,0.2598095238095238,2.88,1.689142857142857,0.0
CSO-17-11A-DJAPA,11.0,5.133333333333334,7.466666666666667,2.533333333333333,0.0,0.2,0.0,0.0,5.133333333333334,1.0,1.491904761904762,0.4703174603174603,2.8,1.6501587301587302,0.08603174603174603
CSO-17-11A-JDAMO,11.0,8.083333333333334,8.416666666666666,1.6666666666666667,0.0,0.0,0.0,0.0,6.416666666666667,1.0,1.0229497354497354,0.16884920634920633,3.25,1.8480158730158731,0.06984126984126983
CSO-17-11A-NPAHE,11.0,9.894736842105264,9.947368421052632,1.4210526315789473,0.0,0.0,0.0,0.0,9.052631578947368,1.0,0.9879794182425762,0.11252563226247438,3.9473684210526314,2.275180375180375,0.0
CSO-17-11A-RLPAIG,11.0,7.318181818181818,6.7727272727272725,0.8181818181818182,0.0,0.0,0.0,0.0,5.681818181818182,1.0,0.9276695526695526,0.15003607503607502,3.1818181818181817,1.8307359307359308,0.0
CSO-17-11A-SPUVA,11.0,2.8333333333333335,2.1666666666666665,0.3333333333333333,0.0,0.0,0.0,0.0,2.8333333333333335,1.0,0.6666666666666666,0.4305555555555555,1.5,1.2166666666666666,0.0
CSO-17-11B-CDBEBU,11.0,4.0,4.0,1.3333333333333333,0.0,0.0,0.0,0.0,3.3333333333333335,1.0,1.034722222222222,0.41944444444444445,2.25,1.4305555555555556,0.0
CSO-17-11C-JDAAG,11.0,6.095238095238095,4.142857142857143,0.09523809523809523,0.0,0.0,0.0,0.0,3.9047619047619047,1.0,0.6883786848072562,0.21600529100529103,2.380952380952381,1.53015873015873,0.0
CSO-17-11C-MAPAMA,11.0,5.909090909090909,4.818181818181818,0.6363636363636364,0.0,0.0,0.0,0.0,4.454545454545454,1.0,0.8206349206349206,0.23455988455988458,2.727272727272727,1.6419913419913421,0.0
CSO-17-11C-MCAAG,11.0,4.724137931034483,3.310344827586207,0.10344827586206896,0.0,0.27586206896551724,0.0,0.0,3.3448275862068964,1.0,0.6744252873563219,0.24191297208538587,2.0344827586206895,1.3666666666666667,0.027298850574712645
CSO-17-11C-SARJA,11.0,6.357142857142857,5.214285714285714,0.0,0.0,0.0,0.0,0.0,4.785714285714286,1.0,0.777125850340136,0.15093537414965988,2.7857142857142856,1.5575396825396826,0.14285714285714285
CSO-18-11A-ADBAHO,11.0,6.333333333333333,4.111111111111111,0.0,0.0,0.2222222222222222,0.0,0.0,3.4444444444444446,1.0,0.6236772486772487,0.12658730158730158,2.0,1.3925925925925926,0.0
CSO-18-11B-YLLRE,11.0,9.052631578947368,7.578947368421052,0.631578947368421,0.0,0.0,0.0,0.0,6.526315789473684,1.0,0.846157059314954,0.11127819548872181,3.1578947368421053,1.9385964912280702,0.018796992481203006
CSO-18-9B-MAMOLO,11.0,7.0,6.256410256410256,0.41025641025641024,0.0,0.07692307692307693,0.0,0.0,5.641025641025641,1.0,0.9201973951973952,0.17705535205535206,3.2051282051282053,1.8274521774521775,0.07934065934065934
CSO-8-3A-AIPRBR,11.0,5.6,4.8,0.5,0.0,0.0,0.0,0.0,5.0,1.0,0.8430555555555556,0.20194444444444443,3.6,1.8895238095238096,0.0
CSO-8-3A-DAPAVA,11.0,6.958333333333333,7.916666666666667,1.625,0.0,0.625,0.0,0.0,6.708333333333333,1.0,1.1356646825396826,0.19350198412698413,3.5,1.9805555555555554,0.0
CSO-8-3A-KVPECO,11.0,5.769230769230769,6.230769230769231,2.0,0.0,0.0,0.0,0.0,4.6923076923076925,1.0,1.1355311355311355,0.2695970695970696,2.4615384615384617,1.6564102564102565,0.0
CSO-8-4A-ARAGR,11.0,3.6470588235294117,4.0,1.3529411764705883,0.0,0.0,0.0,0.0,3.6470588235294117,1.0,1.0686274509803921,0.40196078431372545,2.0588235294117645,1.450980392156863,0.0
CSO-8-4A-JRAAR,11.0,5.133333333333334,3.466666666666667,0.0,0.0,0.0,0.0,0.0,3.8,1.0,0.6712698412698413,0.19873015873015873,2.0,1.4533333333333334,0.0
CSO-9-2A-EXMOCO,11.0,6.842105263157895,8.105263157894736,2.473684210526316,0.0,0.5789473684210527,0.0,0.0,5.2105263157894735,1.0,1.1261069340016707,0.21309523809523812,2.8947368421052633,1.743984962406015,0.0
CSO-9-4A-AGAPE,11.0,5.0,3.0,0.0,0.0,0.0,0.0,0.0,3.0,1.0,0.6,0.15,2.0,1.3333333333333333,0.0
CSO-9-4A-DKVIMO,11.0,6.36,5.04,0.12,0.0,0.04,0.0,0.0,5.16,1.0,0.7762380952380953,0.1516984126984127,3.2,1.7882222222222222,0.0
CSO-9-4A-DSMOMU,11.0,2.8,1.5666666666666667,0.03333333333333333,0.0,0.0,0.0,0.0,2.2666666666666666,1.0,0.5555555555555556,0.3722222222222222,1.2666666666666666,1.0888888888888888,0.0
CSO-9-4A-DVGATO,11.0,6.777777777777778,4.222222222222222,0.0,0.0,0.0,0.0,0.0,3.6666666666666665,1.0,0.6243386243386243,0.10899470899470899,2.4444444444444446,1.5185185185185184,0.0
CSO-9-4A-EGCAMO,11.0,5.857142857142857,7.857142857142857,2.0714285714285716,0.0,0.0,0.0,0.0,5.857142857142857,1.0,1.263095238095238,0.29081632653061223,2.7857142857142856,1.723639455782313,0.16071428571428573
CSO-9-4A-FAGIGA,11.0,4.75,4.25,0.0,0.0,1.0,0.0,0.0,4.0,1.0,0.8888888888888888,0.24305555555555555,2.5,1.5694444444444444,0.0
CSO-9-4A-GSBRCO,11.0,8.0,7.117647058823529,0.7058823529411765,0.0,0.0,0.0,0.0,6.235294117647059,1.0,0.8936274509803921,0.13018207282913163,3.7058823529411766,2.0094771241830065,0.09313725490196079
CSO-9-4A-KEMOCO,11.0,9.571428571428571,8.357142857142858,0.8571428571428571,0.0,1.2857142857142858,0.0,0.0,5.857142857142857,1.0,0.8755411255411255,0.10447588126159556,3.5,1.9234693877551021,0.0
CSO-9-4A-LCOMO,11.0,2.7,3.2,0.5,0.0,1.6,0.0,0.0,2.5,1.0,1.1833333333333331,0.8416666666666666,1.5,1.1666666666666665,0.0
CSO-9-4A-MLORO,11.0,4.642857142857143,3.142857142857143,0.0,0.0,0.0,0.0,0.0,3.642857142857143,1.0,0.6773809523809523,0.20238095238095238,2.5,1.519047619047619,0.0
CSO-9-4A-MPAME,11.0,3.3333333333333335,2.3333333333333335,0.0,0.0,0.0,0.0,0.0,3.3333333333333335,1.0,0.6666666666666666,0.3333333333333333,2.3333333333333335,1.4444444444444444,0.0
CSO-9-4A-NSARPA,11.0,6.0,8.928571428571429,3.642857142857143,0.0,0.2857142857142857,0.0,0.0,6.0,1.0,1.521485260770975,0.3406746031746032,2.857142857142857,1.802437641723356,0.0
CSO-9-4A-SLOCA,11.0,12.0,14.75,4.625,0.0,0.0,0.0,0.0,9.25,1.0,1.230314824064824,0.11450598013098014,4.0,2.325,0.0
CSO-9-4A-YVDITR,11.0,3.7142857142857144,3.7857142857142856,1.2142857142857142,0.0,0.0,0.0,0.0,3.4285714285714284,1.0,1.0071428571428571,0.38571428571428573,2.0,1.4047619047619047,0.0
