file,wc,nodes,edges,re,pe,l1,l2,l3,lcc,lsc,atd,density,diameter,asp,cc
CDMS-10-4A-JURAN,12.0,27.0,26.5,2.5,0.0,0.0,0.0,0.0,20.0,1.0,0.9987228607918264,0.03774928774928775,6.0,3.1299498746867167,0.0
CDMS-10-5A-HEPIHO,12.0,28.5,23.0,1.5,0.0,0.0,0.0,0.0,15.5,1.0,0.8628526645768024,0.03140394088669951,6.5,3.0586080586080584,0.0
CDMS-10-5A-KSRAGU,12.0,32.0,30.0,4.0,0.0,0.0,0.0,0.0,15.0,1.0,0.9375,0.029233870967741934,5.0,2.419047619047619,0.0
CDMS-10-5A-SROPU,12.0,35.0,35.0,4.0,0.0,0.0,0.0,0.0,26.0,1.0,1.0,0.029411764705882353,8.0,3.7415384615384615,0.0
CDMS-10-5A-SZURO,12.0,25.5,32.0,5.0,0.0,0.0,0.0,0.0,21.0,1.0,1.2090570719602978,0.0486231884057971,6.5,3.0994871794871797,0.0
CDMS-10-5B-SRAJA,12.0,39.0,38.0,3.0,0.0,0.0,0.0,0.0,30.0,1.0,0.9743589743589743,0.02564102564102564,6.0,3.535632183908046,0.0
CDMS-10-5C-DAAUSA,12.0,35.0,40.0,4.0,0.0,0.0,0.0,0.0,25.0,1.0,1.156862745098039,0.03399753840930311,6.0,2.9599069512862615,0.0
CDMS-10-5C-ICAPA,12.0,18.0,20.5,2.0,0.0,0.0,0.0,0.0,17.0,1.0,1.1515151515151516,0.06576797385620915,7.0,3.163157894736842,0.0
CDMS-10-5C-JFALGI,12.0,25.0,22.0,2.0,0.0,0.0,0.0,0.0,16.0,1.0,0.88,0.037549407114624504,5.0,2.825,0.0
CDMS-10-5C-MAORTO,12.0,30.0,32.5,5.0,0.0,0.0,0.0,0.0,24.0,1.0,1.1311827956989249,0.038505747126436785,8.0,3.306017316017316,0.0
CDMS-10-5C-NBEMO,12.0,46.0,46.5,3.0,0.0,0.0,0.0,0.0,31.0,1.0,1.0096153846153846,0.022192671394799055,8.0,3.424270353302611,0.0
CDMS-10-6B-ASCACO,12.0,27.0,35.0,8.5,0.0,0.0,0.0,0.0,22.5,1.0,1.3205128205128205,0.05147435897435897,8.0,3.447619047619048,0.0
CDMS-10-6B-JJMOBE,12.0,26.0,24.0,1.0,0.0,0.0,0.0,0.0,17.0,1.0,0.9230769230769231,0.036923076923076927,7.0,3.2245098039215687,0.0
CDMS-11-4A-GACHSA,12.0,25.0,27.0,5.5,0.0,0.0,0.0,0.0,17.5,1.0,1.188235294117647,0.05069169960474308,7.0,3.2377450980392157,0.0
CDMS-11-5A-EAARCA,12.0,28.0,35.5,7.5,0.0,0.0,0.0,0.0,23.0,1.0,1.2503192848020435,0.04638401190125328,6.5,3.0841238471673256,0.0
CDMS-11-5A-MGTHAR,12.0,28.0,40.0,9.0,0.0,0.0,0.0,0.0,26.0,1.0,1.4482758620689655,0.05172413793103448,7.0,3.2953846153846156,0.0
CDMS-11-6A-DFVEBE,12.0,31.0,36.0,5.0,0.0,0.0,0.0,0.0,26.0,1.0,1.1612903225806452,0.03870967741935484,7.0,3.033333333333333,0.0
CDMS-11-6A-NMREPR,12.0,28.0,33.0,6.0,0.0,0.0,0.0,0.0,22.0,1.0,1.1851851851851851,0.04497354497354497,6.0,2.9220779220779223,0.0
CDMS-11-6B-ARAHE,12.0,29.5,29.5,3.5,0.0,0.0,0.0,0.0,12.5,1.0,0.9688697318007663,0.03333333333333333,7.0,3.272727272727273,0.0
CDMS-11-6B-AVROTO,12.0,20.5,22.0,4.5,0.0,0.0,0.0,0.0,14.0,1.0,1.057565789473684,0.05513784461152882,5.0,2.850915750915751,0.0
CDMS-11-6B-EAFESA,12.0,36.0,42.0,8.0,0.0,0.0,0.0,0.0,25.0,1.0,1.1663602941176472,0.03282187836103112,7.0,3.313612040133779,0.0
CDMS-11-6B-EFRGR,12.0,38.5,47.5,7.0,0.0,0.0,0.0,0.0,30.5,1.0,1.230921052631579,0.03223684210526316,9.0,3.554337732160313,0.0
CDMS-11-6B-EROCO,12.0,18.0,22.0,3.0,0.0,0.0,0.0,0.0,18.0,1.0,1.2,0.07434640522875817,5.0,2.764705882352941,0.0
CDMS-11-6B-JACUPE,12.0,34.0,42.5,8.5,0.0,0.0,0.0,0.0,30.0,1.0,1.208108108108108,0.03723509605862547,7.0,3.3002567548938515,0.0
CDMS-11-6B-JDCHBA,12.0,32.0,29.5,2.5,0.0,0.0,0.0,0.0,20.0,1.0,1.0,0.030870279146141218,7.0,3.4105263157894736,0.0
CDMS-11-6B-JFSAHE,12.0,22.5,20.0,1.0,0.0,0.0,0.0,0.0,13.0,1.0,0.8603896103896104,0.0418859649122807,7.0,3.128205128205128,0.0
CDMS-11-6B-JLPENA,12.0,24.0,23.0,5.0,0.0,0.0,0.0,0.0,13.0,1.0,0.9583333333333334,0.04153846153846154,6.0,2.909090909090909,0.0
CDMS-11-6B-JMARME,12.0,35.0,42.0,6.0,0.0,0.0,0.0,0.0,26.0,1.0,1.1951219512195121,0.03333333333333333,7.0,3.3448275862068964,0.0
CDMS-11-6B-JPSAMA,12.0,33.0,35.0,4.0,0.0,0.0,0.0,0.0,22.0,1.0,1.0606060606060606,0.03314393939393939,7.0,3.1991341991341993,0.0
CDMS-11-6B-LESTA,12.0,28.0,30.5,4.5,0.0,0.0,0.0,0.0,22.5,1.0,1.1061827956989247,0.04026321698735492,8.0,3.636109253065775,0.0
CDMS-11-6B-MAGIMU,12.0,29.0,33.0,6.0,0.0,0.0,0.0,0.0,25.0,1.0,1.206896551724138,0.04310344827586207,11.0,4.333333333333333,0.0
CDMS-11-6B-MEBRTA,12.0,18.0,18.0,3.0,0.0,0.0,0.0,0.0,10.0,1.0,0.95,0.05263157894736842,5.0,2.6444444444444444,0.0
CDMS-11-6B-MMAMO,12.0,43.0,48.0,11.0,0.0,0.0,0.0,0.0,24.0,1.0,1.1395348837209303,0.027131782945736434,7.0,3.431159420289855,0.0
CDMS-11-6B-RSECA,12.0,31.0,31.5,2.0,0.0,0.0,0.0,0.0,25.0,1.0,0.9705627705627706,0.031720430107526884,8.0,3.769298245614035,0.0
CDMS-11-6B-SCAPA,12.0,26.5,23.5,3.0,0.0,0.0,0.0,0.0,11.0,1.0,0.9044444444444444,0.03538461538461538,5.5,2.602564102564102,0.0
CDMS-11-6B-VZAPE,12.0,35.0,41.0,8.0,0.0,0.0,0.0,0.0,24.0,1.0,1.1714285714285715,0.03529411764705882,7.0,3.170289855072464,0.0
CDMS-11-6B-YLNIME,12.0,35.5,36.0,7.0,0.0,0.0,0.0,0.0,20.5,1.0,1.0161290322580645,0.029283910533910534,6.0,3.0601503759398496,0.0
CDMS-11-7C-ICARE,12.0,28.5,27.5,3.5,0.0,0.0,0.0,0.0,19.5,1.0,1.0377492877492878,0.034937702679638166,6.5,3.270336852689794,0.0
CDMS-11-7C-IMOIB,12.0,33.0,33.0,2.0,0.0,0.0,0.0,0.0,24.0,1.0,0.9705882352941176,0.030776515151515152,7.5,3.645798042537173,0.0
CDMS-11-7C-SALMA,12.0,33.0,47.0,13.0,0.0,0.0,0.0,0.0,26.0,1.0,1.4028520499108734,0.04450757575757576,8.0,3.529979518689196,0.0
CDMS-11-7C-SPGAVE,12.0,24.0,20.0,3.0,0.0,0.0,0.0,0.0,9.5,1.0,0.8221343873517787,0.03689064558629776,4.5,2.3777777777777778,0.0
CDMS-12-5A-SRIGO,12.0,38.5,40.0,6.5,0.0,0.0,0.0,0.0,24.0,1.0,1.0722996515679442,0.028272604588394062,7.5,3.484075924075924,0.0
CDMS-12-6A-FAROPA,12.0,39.5,46.5,13.0,0.0,0.0,0.0,0.0,24.0,1.0,1.189423076923077,0.030887314439946016,7.0,3.2862318840579707,0.0
CDMS-12-6A-JGIGA,12.0,28.0,29.0,5.0,0.0,0.0,0.0,0.0,20.0,1.0,1.0689655172413792,0.039886039886039885,7.0,3.0994152046783627,0.0
CDMS-12-6A-JSOTGU,12.0,28.0,35.5,7.0,0.0,0.0,0.0,0.0,21.0,1.0,1.2880184331797235,0.04782430213464696,5.5,2.773714031066972,0.0
CDMS-12-6A-SROAL,12.0,28.0,29.0,5.0,0.0,0.0,0.0,0.0,20.5,1.0,1.0427272727272727,0.04127187627187627,7.0,3.454169019386411,0.0
CDMS-12-6B-IJDAGA,12.0,26.0,26.0,3.0,0.0,0.0,0.0,0.0,13.0,1.0,1.0,0.039886039886039885,5.0,2.8205128205128207,0.0
CDMS-12-6B-SCLAG,12.0,30.5,31.5,4.0,0.0,0.0,0.0,0.0,22.5,1.0,1.05,0.032143986091354514,8.0,4.087203557312253,0.0
CDMS-12-7C-ARAHE,12.0,34.0,34.0,4.0,0.0,0.0,0.0,0.0,20.0,1.0,1.0,0.030303030303030304,9.0,3.5631578947368423,0.0
CDMS-12-7C-CATRAR,12.0,31.0,35.0,8.0,0.0,0.0,0.0,0.0,24.0,1.0,1.1666666666666667,0.03787878787878788,7.0,3.3276353276353277,0.0
CDMS-12-7C-DLOLO,12.0,30.0,38.5,13.0,0.0,0.0,0.0,0.0,23.0,1.0,1.2830923248053394,0.043548387096774194,7.0,3.592608695652174,0.0
CDMS-12-7C-JSZAOR,12.0,17.0,17.0,0.0,0.0,0.0,0.0,0.0,16.0,1.0,0.9444444444444444,0.05718954248366013,4.0,2.531862745098039,0.0
CDMS-12-7C-MAROBE,12.0,41.5,40.0,4.0,0.0,0.0,0.0,0.0,28.0,1.0,0.9633720930232558,0.023807394156231364,6.5,3.1926967285587975,0.0
CDMS-12-7C-VMAPA,12.0,27.5,30.5,5.0,0.0,0.0,0.0,0.0,23.5,1.0,1.1091269841269842,0.04187016687016687,7.0,3.19532279314888,0.0
CDMS-12-7C-VQURA,12.0,24.5,24.0,2.0,0.0,0.0,0.0,0.0,15.5,1.0,0.9284802043422733,0.0424812030075188,6.0,3.018181818181818,0.0
CDMS-13-6B-ASUMO,12.0,22.0,22.0,2.0,0.0,0.0,0.0,0.0,14.0,1.0,0.9565217391304348,0.04736842105263158,4.0,2.361904761904762,0.0
CDMS-13-6B-JDTAHE,12.0,21.0,22.0,1.0,0.0,0.0,0.0,0.0,20.0,1.0,1.0434782608695652,0.05,8.0,3.531578947368421,0.0
CDMS-13-7C-MVEAR,12.0,35.0,44.0,9.0,0.0,0.0,0.0,0.0,33.0,1.0,1.2285714285714286,0.03613445378151261,7.0,3.276209677419355,0.0
CDMS-13-7C-RAIZAC,12.0,26.0,27.0,3.0,0.0,0.0,0.0,0.0,20.0,1.0,1.0384615384615385,0.04153846153846154,5.0,2.831578947368421,0.0
CDMS-13-7C-SSOSLO,12.0,38.5,46.0,10.5,0.0,0.0,0.0,0.0,25.5,1.0,1.186965811965812,0.03171390013495277,6.0,3.005324675324675,0.0
CDMS-14-10A-IMORTO,12.0,23.0,26.0,6.0,0.0,0.0,0.0,0.0,16.0,1.0,1.1481481481481481,0.04833333333333333,5.0,2.5588235294117645,0.0
CDMS-14-10A-JCVANI,12.0,30.0,26.0,3.0,0.0,0.0,0.0,0.0,14.0,1.0,0.8888888888888888,0.03078817733990148,6.0,2.923076923076923,0.0
CDMS-14-6B-KDCAHE,12.0,35.5,33.0,3.5,0.0,0.0,0.0,0.0,17.5,1.0,0.9311145510835913,0.02612044817927171,6.5,3.1470588235294117,0.0
CDMS-15-10A-AMALOS,12.0,34.0,36.0,4.0,0.0,0.0,0.0,0.0,27.0,1.0,1.0625,0.03015873015873016,8.0,3.768472906403941,0.0
CDMS-15-10A-JJMACH,12.0,55.0,54.5,1.0,0.0,0.0,0.0,0.0,42.5,1.0,1.0,0.018511799172176532,9.0,4.075056325657769,0.0
CDMS-15-10A-MAALCA,12.0,34.5,33.0,5.5,0.0,0.0,0.0,0.0,23.0,1.0,0.9864864864864865,0.02844950213371266,5.0,2.782608695652174,0.0
CDMS-15-10A-MAALRI,12.0,35.0,35.0,4.0,0.0,0.0,0.0,0.0,18.0,1.0,1.0,0.031092436974789917,7.0,3.111111111111111,0.0
CDMS-15-10A-SGOMO,12.0,27.5,27.0,0.5,0.0,0.0,0.0,0.0,21.0,1.0,0.9358823529411764,0.035240621447518,7.0,3.318295739348371,0.0
CDMS-15-10A-SHEGA,12.0,39.0,40.0,5.0,0.0,0.0,0.0,0.0,20.0,1.0,1.0256410256410255,0.02699055330634278,5.0,3.0,0.0
CDMS-15-11B-JEMOLO,12.0,42.0,52.0,10.0,0.0,0.0,0.0,0.0,34.0,1.0,1.2352941176470589,0.030917874396135265,7.0,3.445234708392603,0.0
CDMS-15-11B-VSAHO,12.0,34.0,35.5,2.0,0.0,0.0,0.0,0.0,26.5,1.0,1.0740259740259739,0.0325916730328495,8.0,3.34,0.0
CDMS-16-10A-SGALO,12.0,30.0,24.0,0.0,0.0,0.0,0.0,0.0,15.0,1.0,0.7714285714285715,0.026436781609195402,6.0,3.104761904761905,0.0
CDMS-16-11B-NGABE,12.0,41.0,45.5,7.0,0.0,0.0,0.0,0.0,30.5,1.0,1.1459595959595958,0.027675404970386612,6.0,3.1295645530939646,0.0
CDMS-17-10A-ASSAMO,12.0,38.0,32.0,1.0,0.0,0.0,0.0,0.0,17.0,1.0,0.8430555555555556,0.02287851037851038,5.0,2.75,0.0
CDMS-18-7C-VVECA,12.0,27.5,27.0,5.0,0.0,0.0,0.0,0.0,17.0,1.0,0.967741935483871,0.03708791208791209,6.0,2.836764705882353,0.0
CDMS-8-4A-DBEVA,12.0,22.0,25.0,6.0,0.0,0.0,0.0,0.0,19.0,1.0,1.143181818181818,0.055712403538490496,6.0,2.9821637426900587,0.0
CDMS-8-4A-DJAVDA,12.0,22.0,22.0,2.0,0.0,0.0,0.0,0.0,11.0,1.0,0.9310344827586207,0.04329004329004329,5.0,2.388888888888889,0.0
CDMS-8-4A-DOSTR,12.0,28.0,31.0,3.0,0.0,0.0,0.0,0.0,22.0,1.0,1.0417391304347827,0.04082284254698047,6.0,3.073160173160173,0.0
CDMS-8-4A-LGOPA,12.0,25.0,28.0,3.0,0.0,0.0,0.0,0.0,18.0,1.0,1.1153846153846154,0.045,7.0,2.9934640522875817,0.0
CDMS-8-4C-JDBUTU,12.0,24.0,27.0,4.0,0.0,0.0,0.0,0.0,16.0,1.0,1.05,0.04891304347826087,7.0,2.8833333333333333,0.0
CDMS-9-4A-ACDUTR,12.0,30.0,28.0,5.0,0.0,0.0,0.0,0.0,16.0,1.0,0.9354838709677419,0.03201970443349754,6.0,3.0166666666666666,0.0
CDMS-9-4A-CARGA,12.0,34.0,41.0,9.0,0.0,0.0,0.0,0.0,24.5,1.0,1.2121212121212122,0.03787878787878788,8.5,3.8674843674843675,0.0
CDMS-9-4A-CRAAG,12.0,24.0,29.0,6.0,0.0,0.0,0.0,0.0,22.0,1.0,1.25,0.04985754985754986,6.0,3.1067193675889326,0.0
CDMS-9-4A-EROHI,12.0,29.0,31.0,3.0,0.0,0.0,0.0,0.0,26.0,1.0,1.1071428571428572,0.038306451612903226,8.0,3.8,0.0
CDMS-9-4A-ILOSE,12.0,39.0,44.0,5.0,0.0,0.0,0.0,0.0,37.0,1.0,1.1025641025641026,0.029014844804318488,8.0,3.945945945945946,0.0
CDMS-9-4A-TGAFR,12.0,20.0,19.5,1.0,0.0,0.0,0.0,0.0,16.0,1.0,1.0,0.054093567251461985,6.0,2.9843814080656186,0.0
CDMS-9-4C-SCAMO,12.0,33.0,31.0,3.0,0.0,0.0,0.0,0.0,22.0,1.0,0.8857142857142857,0.02903225806451613,7.0,3.2964426877470356,0.0
CDMS-9-5A-ABERO,12.0,29.0,32.0,4.0,0.0,0.0,0.0,0.0,22.0,1.0,1.103448275862069,0.03908045977011494,7.0,3.3593073593073592,0.0
CDMS-9-5A-PAGACO,12.0,27.0,31.0,5.0,0.0,0.0,0.0,0.0,19.0,1.0,1.1071428571428572,0.042735042735042736,6.0,3.3216374269005846,0.0
CDMS-9-5A-VVAAR,12.0,23.0,23.0,3.0,0.0,0.0,0.0,0.0,16.0,1.0,1.0,0.045454545454545456,7.0,3.2058823529411766,0.0
CDMS-9-5C-JDMADE,12.0,27.0,25.0,3.0,0.0,0.0,0.0,0.0,19.0,1.0,0.9259259259259259,0.03561253561253561,5.0,2.912280701754386,0.0
CDMS-9-5C-LVIZAC,12.0,22.0,21.0,1.0,0.0,0.0,0.0,0.0,10.5,1.0,0.9110671936758893,0.04329004329004329,5.0,2.3647186147186146,0.0
CDMS-9-5C-MLOGO,12.0,25.5,27.5,4.0,0.0,0.0,0.0,0.0,18.5,1.0,1.1176923076923078,0.04438746438746438,7.0,3.075980392156863,0.0
CDMS-9-5C-SCAAG,12.0,28.0,33.0,4.0,0.0,0.0,0.0,0.0,24.0,1.0,1.096774193548387,0.043333333333333335,8.0,3.4894736842105263,0.0
CDMS-XX-10A-VGILO,12.0,36.0,40.5,5.5,0.0,0.0,0.0,0.0,32.5,1.0,1.0972222222222223,0.03134920634920635,8.0,3.6897177419354836,0.0
CDMS-XX-5C-MJSARU,12.0,29.0,29.0,3.0,0.0,0.0,0.0,0.0,17.0,1.0,0.952455590386625,0.034482758620689655,6.5,2.985335497835498,0.0
CDMS-XX-5C-MPCAQU,12.0,22.0,28.0,3.0,0.0,0.0,0.0,0.0,21.0,1.0,1.2223320158102768,0.05722755505364201,6.5,2.9714285714285715,0.0
CDMS-XX-6A-MAGICA,12.0,28.5,28.5,2.0,0.0,0.0,0.0,0.0,22.0,1.0,1.0,0.035663410663410666,8.0,3.5451477692526288,0.0
CDMS-XX-6B-SPUCA,12.0,30.0,30.0,2.0,0.0,0.0,0.0,0.0,20.0,1.0,0.9565217391304348,0.035632183908045977,7.0,3.238095238095238,0.0
CSO-10-4A-ICAPA,12.0,32.0,40.0,10.0,0.0,0.0,0.0,0.0,24.5,1.0,1.25,0.04032258064516129,7.0,3.2387079587079586,0.0
CSO-10-4A-KCOMO,12.0,30.0,38.0,5.0,0.0,0.0,0.0,0.0,25.0,1.0,1.25,0.046236559139784944,7.0,3.04,0.0
CSO-10-4A-LRAVI,12.0,26.0,28.0,0.0,0.0,0.0,0.0,0.0,21.0,1.0,1.0666666666666667,0.042735042735042736,5.0,2.813852813852814,0.0
CSO-10-4A-LSCAVA,12.0,26.0,19.0,1.0,0.0,0.0,0.0,0.0,12.0,1.0,0.76,0.03042328042328042,6.0,2.8484848484848486,0.0
CSO-10-5A-ACAVA,12.0,27.0,24.0,1.0,0.0,0.0,0.0,0.0,19.0,1.0,0.8928571428571429,0.03418803418803419,6.0,2.8285714285714287,0.0
CSO-10-5A-ARACA,12.0,22.0,21.0,3.0,0.0,0.0,0.0,0.0,13.0,1.0,0.9259259259259259,0.04743083003952569,5.0,2.4835164835164836,0.0
CSO-10-5A-DABRZA,12.0,30.0,34.0,6.0,0.0,0.0,0.0,0.0,20.0,1.0,1.103448275862069,0.035632183908045977,8.0,3.5321637426900585,0.0
CSO-10-5A-GZAMA,12.0,35.0,47.0,10.0,0.0,0.0,0.0,0.0,29.0,1.0,1.3428571428571427,0.038288288288288286,8.0,3.394088669950739,0.0
CSO-10-5A-IPECA,12.0,46.0,55.5,9.5,0.0,0.0,0.0,0.0,39.0,1.0,1.2065217391304348,0.026811594202898553,8.0,3.7295564795564795,0.0
CSO-10-5A-JANORO,12.0,25.0,26.0,2.0,0.0,0.0,0.0,0.0,20.5,1.0,1.04,0.043333333333333335,6.0,3.1710526315789473,0.0
CSO-10-5A-JBUVE,12.0,33.0,28.0,1.0,0.0,0.0,0.0,0.0,15.0,1.0,0.8571428571428571,0.026515151515151516,6.0,2.967032967032967,0.0
CSO-10-5A-JJSEMO,12.0,23.0,26.0,5.0,0.0,0.0,0.0,0.0,14.0,1.0,1.0833333333333333,0.04940711462450593,6.0,2.8363636363636364,0.0
CSO-10-5A-JLCARI,12.0,25.0,24.5,0.0,0.0,0.0,0.0,0.0,20.5,1.0,0.9791666666666667,0.041666666666666664,8.0,3.316676077545643,0.0
CSO-10-5A-MAARAN,12.0,41.0,51.0,9.0,0.0,0.0,0.0,0.0,30.0,1.0,1.2790697674418605,0.03156146179401993,7.0,3.286290322580645,0.0
CSO-10-5A-MAOSMO,12.0,27.0,22.0,1.0,0.0,0.0,0.0,0.0,12.0,1.0,0.8235294117647058,0.03167936788626444,6.0,3.017543859649123,0.0
CSO-10-5A-RVMOIB,12.0,33.0,36.0,3.0,0.0,0.0,0.0,0.0,27.0,1.0,1.0909090909090908,0.03409090909090909,9.0,3.753968253968254,0.0
CSO-10-5A-SVHEES,12.0,31.0,37.0,6.0,0.0,0.0,0.0,0.0,24.0,1.0,1.1891891891891893,0.03793103448275862,7.0,2.94,0.0
CSO-11-5A-MDVOSPE,12.0,31.0,34.0,5.0,0.0,0.0,0.0,0.0,21.5,1.0,1.093841642228739,0.03675247629641401,6.0,2.959341535657325,0.0
CSO-11-5A-MTAGA,12.0,29.0,26.0,1.0,0.0,0.0,0.0,0.0,20.0,1.0,0.896551724137931,0.031746031746031744,8.0,3.6526315789473682,0.0
CSO-11-6A-CAPAMU,12.0,30.0,26.0,1.0,0.0,0.0,0.0,0.0,17.5,1.0,0.8856209150326797,0.030336617405582925,6.5,3.1725563909774435,0.0
CSO-11-6A-DSCACH,12.0,24.0,21.0,2.0,0.0,0.0,0.0,0.0,14.0,1.0,0.8695652173913043,0.037549407114624504,5.0,2.58974358974359,0.0
CSO-11-6A-EROMO,12.0,28.0,27.0,2.0,0.0,0.0,0.0,0.0,20.5,1.0,0.9852941176470589,0.035098522167487683,8.0,3.8441643323996266,0.0
CSO-11-6A-FSOVRE,12.0,25.0,24.0,1.0,0.0,0.0,0.0,0.0,18.0,1.0,0.9615384615384616,0.04,8.0,3.4640522875816995,0.0
CSO-11-6B-ANREVA,12.0,41.5,42.5,3.5,0.0,0.0,0.0,0.0,29.0,1.0,1.025,0.026282051282051282,9.0,4.016488413547237,0.0
CSO-11-6B-DISEMO,12.0,27.0,28.0,4.0,0.0,0.0,0.0,0.0,17.0,1.0,1.0357142857142858,0.03835978835978836,5.0,2.661764705882353,0.0
CSO-11-6B-LHFDLACH,12.0,26.5,24.0,2.0,0.0,0.0,0.0,0.0,16.5,1.0,0.8765182186234818,0.0325,6.0,3.1094771241830066,0.029166666666666664
CSO-11-6B-RJGIHE,12.0,22.0,18.0,2.0,0.0,0.0,0.0,0.0,11.0,1.0,0.85,0.039525691699604744,4.0,2.5303030303030303,0.0
CSO-11-6B-SFLVA,12.0,30.0,37.0,4.5,0.0,0.0,0.0,0.0,25.0,1.0,1.2333333333333334,0.04367816091954023,7.0,3.0820512820512818,0.02388888888888889
CSO-11-6B-VCOMA,12.0,27.5,26.0,4.0,0.0,0.0,0.0,0.0,15.5,1.0,0.9614814814814814,0.03501056888153663,5.0,2.618767507002801,0.0
CSO-12-6A-DGISE,12.0,22.5,20.0,2.0,0.0,0.0,0.0,0.0,16.0,1.0,0.9045454545454545,0.042478354978354976,8.5,3.5702614379084965,0.0
CSO-12-6A-FJOVRE,12.0,30.5,27.0,1.0,0.0,0.0,0.0,0.0,21.0,1.0,0.9393382352941176,0.031683351872450874,8.0,3.37406015037594,0.0
CSO-12-6B-GQULO,12.0,33.0,31.0,3.5,0.0,0.0,0.0,0.0,18.5,1.0,0.969047619047619,0.030247018162103553,6.5,3.226535087719298,0.0
CSO-12-6B-LJHEFE,12.0,53.0,51.5,4.0,0.0,0.0,0.0,0.0,32.5,1.0,0.9703325774754346,0.019250755857898715,8.0,3.4493301238990894,0.0
CSO-12-6B-VPAMA,12.0,21.0,24.0,8.0,0.0,0.0,0.0,0.0,10.0,1.0,1.1428571428571428,0.05714285714285714,6.0,2.7222222222222223,0.0
CSO-12-7A-DALRE,12.0,31.0,35.0,3.0,0.0,0.0,0.0,0.0,24.5,1.0,1.1617262423714037,0.03817204301075269,7.0,3.1372974227172126,0.0
CSO-12-7A-ESALA,12.0,16.0,15.0,3.0,0.0,0.0,0.0,0.0,7.0,1.0,0.9111111111111111,0.05739379084967321,4.0,2.1944444444444446,0.0
CSO-12-7A-IMERO,12.0,20.0,19.0,2.0,0.0,0.0,0.0,0.0,14.0,1.0,0.8856209150326797,0.04710722788525992,7.0,3.145833333333333,0.0
CSO-12-7A-JHEZA,12.0,22.0,17.0,1.0,0.0,0.0,0.0,0.0,8.0,1.0,0.7272727272727273,0.03463203463203463,4.0,2.107142857142857,0.0
CSO-12-7A-LSARAR,12.0,24.0,27.0,4.5,0.0,0.0,0.0,0.0,20.0,1.0,1.1225,0.049818840579710144,7.5,3.4155844155844157,0.0
CSO-12-7A-SCAHO,12.0,31.0,29.0,3.0,0.0,0.0,0.0,0.0,13.0,1.0,0.9354838709677419,0.03118279569892473,6.0,3.0606060606060606,0.0
CSO-12-7B-DVAGRO,12.0,20.5,18.0,4.5,0.0,0.0,0.0,0.0,10.0,1.0,1.02,0.05346320346320346,7.0,3.2222222222222223,0.0
CSO-12-7B-SMUGU,12.0,21.0,23.0,4.0,0.0,0.0,0.0,0.0,18.0,1.0,1.1428571428571428,0.05627705627705628,6.0,3.0,0.0
CSO-12-7B-SSARA,12.0,23.0,22.0,3.0,0.0,0.0,0.0,0.0,12.0,1.0,0.9393939393939394,0.041501976284584984,6.0,2.923076923076923,0.0
CSO-12-7B-VHOMA,12.0,29.0,28.0,3.0,0.0,0.0,0.0,0.0,18.0,1.0,0.9333333333333333,0.034420289855072464,5.0,2.5619047619047617,0.0
CSO-12-8A-YTOME,12.0,29.0,33.0,6.0,0.0,0.0,0.0,0.0,22.0,1.0,1.1851851851851851,0.04433497536945813,9.0,3.8,0.0
CSO-13-6A-ANASA,12.0,35.0,33.0,4.0,0.0,0.0,0.0,0.0,20.0,1.0,0.9166666666666666,0.028409090909090908,6.0,3.141304347826087,0.0
CSO-13-6B-JETAVE,12.0,20.0,20.0,1.5,0.0,0.0,0.0,0.0,17.0,1.0,1.0,0.051665725578769056,7.0,3.186064425770308,0.0
CSO-13-6B-LFMIES,12.0,26.0,27.0,4.0,0.0,0.0,0.0,0.0,17.0,1.0,1.125,0.04461538461538461,6.0,2.764705882352941,0.0
CSO-13-6B-LJMAHU,12.0,18.5,19.5,2.0,0.0,0.0,0.0,0.0,13.0,1.0,1.0,0.0554093567251462,6.0,2.741722329957624,0.0
CSO-13-7A-CAPAMU,12.0,26.0,24.0,1.0,0.0,0.0,0.0,0.0,13.0,1.0,0.92,0.037549407114624504,5.0,2.8627450980392157,0.0
CSO-13-7A-CDDITR,12.0,18.5,19.0,4.0,0.0,0.0,0.0,0.0,11.5,1.0,0.996031746031746,0.05535130718954248,5.0,2.533333333333333,0.0
CSO-13-7A-JJATFL,12.0,33.0,30.5,2.0,0.0,0.0,0.0,0.0,23.0,1.0,0.967741935483871,0.030776515151515152,7.5,3.435328962502876,0.0
CSO-13-7A-KRAMA,12.0,28.5,35.0,9.5,0.0,0.0,0.0,0.0,21.5,1.0,1.2069327731092439,0.04304090846429556,7.5,3.4261038961038963,0.0
CSO-13-7A-RXCHLU,12.0,25.0,29.0,5.0,0.0,0.0,0.0,0.0,21.5,1.0,1.1425,0.04833333333333333,7.0,3.066666666666667,0.0
CSO-13-7A-YAMEZA,12.0,37.0,38.0,4.0,0.0,0.0,0.0,0.0,21.0,1.0,1.0555555555555556,0.02927927927927928,5.0,2.7114624505928853,0.0
CSO-13-7A-YBOSO,12.0,17.0,18.0,3.0,0.0,0.0,0.0,0.0,12.0,1.0,1.1111111111111112,0.0661764705882353,5.0,2.409090909090909,0.0
CSO-13-8A-KIGAGU,12.0,27.0,34.0,8.0,0.0,0.0,0.0,0.0,23.0,1.0,1.2592592592592593,0.04843304843304843,8.0,3.5731225296442686,0.0
CSO-13-8A-MBUAN,12.0,27.0,26.0,3.0,0.0,0.0,0.0,0.0,15.0,1.0,0.9310344827586207,0.041501976284584984,6.0,2.9707602339181287,0.0
CSO-13-8A-MGAAN,12.0,22.0,19.0,0.0,0.0,0.0,0.0,0.0,12.0,1.0,0.8,0.03684210526315789,6.0,2.8363636363636364,0.0
CSO-13-8A-MGAHE,12.0,29.0,30.5,3.0,0.0,0.0,0.0,0.0,23.5,1.0,1.0657327586206895,0.03964745344055689,6.0,3.1946653346653346,0.0
CSO-13-8A-MJAGA,12.0,33.0,30.0,2.0,0.0,0.0,0.0,0.0,19.0,1.0,0.9090909090909091,0.03078817733990148,7.0,3.235294117647059,0.0
CSO-13-8A-VHODU,12.0,36.0,43.0,8.0,0.0,0.0,0.0,0.0,28.0,1.0,1.1714285714285715,0.034126984126984124,6.0,2.8465608465608465,0.0
CSO-13-8B-FCJISA,12.0,16.0,11.5,0.5,0.0,0.0,0.0,0.0,8.5,1.0,0.78125,0.054555860805860806,5.5,2.7246753246753244,0.0
CSO-13-8B-JEMABE,12.0,38.0,45.0,8.0,0.0,0.0,0.0,0.0,26.0,1.0,1.125,0.03003003003003003,7.0,3.3047619047619046,0.04246031746031746
CSO-13-9B-DMLLLU,12.0,30.0,32.0,6.0,0.0,0.0,0.0,0.0,19.0,1.0,1.0,0.034482758620689655,7.0,3.2748538011695905,0.0
CSO-14-7A-MVEBE,12.0,23.0,22.5,2.0,0.0,0.0,0.0,0.0,16.0,1.0,0.9791666666666667,0.04464285714285714,6.5,2.854166666666667,0.0
CSO-14-7B-EALHU,12.0,20.0,19.0,1.0,0.0,0.0,0.0,0.0,14.0,1.0,0.9473684210526315,0.05194805194805195,6.0,2.8676470588235294,0.0
CSO-14-7B-EVEGO,12.0,27.0,23.0,1.0,0.0,0.0,0.0,0.0,14.0,1.0,0.8636363636363636,0.03225806451612903,7.0,3.212121212121212,0.0
CSO-14-8A-AQUMA,12.0,28.0,26.0,2.0,0.0,0.0,0.0,0.0,21.0,1.0,0.9175084175084175,0.033719632857563894,6.5,3.026234888935118,0.0
CSO-14-8A-MCIDOS,12.0,24.0,18.0,0.0,0.0,0.0,0.0,0.0,9.0,1.0,0.6666666666666666,0.02564102564102564,4.0,2.388888888888889,0.0
CSO-14-8A-SZARA,12.0,23.0,19.0,1.0,0.0,0.0,0.0,0.0,12.0,1.0,0.8260869565217391,0.039525691699604744,5.0,2.727272727272727,0.0
CSO-14-8B-JLLORA,12.0,31.0,32.0,1.0,0.0,0.0,0.0,0.0,22.0,1.0,1.0666666666666667,0.03314393939393939,7.0,3.08,0.0
CSO-14-9A-AEDCAGO,12.0,26.0,21.0,0.0,0.0,0.0,0.0,0.0,16.0,1.0,0.8333333333333334,0.03439153439153439,6.0,3.1473684210526316,0.0
CSO-14-9A-HASACA,12.0,28.5,27.5,5.5,0.0,0.0,0.0,0.0,14.0,1.0,0.9827586206896552,0.035759897828863345,6.0,3.120879120879121,0.0
CSO-14-9A-JSMAAL,12.0,34.0,38.0,6.0,0.0,0.0,0.0,0.0,29.0,1.0,1.1176470588235294,0.03314393939393939,7.0,3.6,0.0
CSO-14-9A-MARJA,12.0,21.0,20.0,4.0,0.0,0.0,0.0,0.0,14.0,1.0,1.0,0.05,6.0,2.975,0.0
CSO-14-9A-SORZU,12.0,30.0,27.5,3.0,0.0,0.0,0.0,0.0,19.5,1.0,0.9298029556650247,0.031609195402298854,7.0,3.1602672689629214,0.0
CSO-14-9B-ERAGA,12.0,27.5,28.0,3.0,0.0,0.0,0.0,0.0,23.0,1.0,1.0178571428571428,0.03841066341066341,5.5,3.22562582345191,0.0
CSO-14-9B-MFEGA,12.0,27.0,30.0,8.0,0.0,0.0,0.0,0.0,17.0,1.0,1.1111111111111112,0.042735042735042736,4.0,2.3823529411764706,0.0
CSO-15-10A-LJRAGU,12.0,44.0,60.0,10.5,0.0,0.0,0.0,0.0,36.0,1.0,1.3143939393939394,0.03021494009866103,8.0,3.435315997815998,0.0
CSO-15-10A-MAARLO,12.0,31.5,33.0,3.5,0.0,0.0,0.0,0.0,26.5,1.0,1.065625,0.03559858175750834,7.0,3.3931623931623935,0.0
CSO-15-10A-SFEGA,12.0,35.0,34.0,5.0,0.0,0.0,0.0,0.0,25.0,1.0,1.03125,0.02857142857142857,8.0,3.6231884057971016,0.0
CSO-15-10B-MEBUAR,12.0,31.0,34.0,5.0,0.0,0.0,0.0,0.0,26.0,1.0,1.0625,0.034408602150537634,8.0,3.5652173913043477,0.0
CSO-15-10B-YVBUAN,12.0,23.0,22.5,3.0,0.0,0.0,0.0,0.0,17.0,1.0,0.9591666666666667,0.043560606060606064,7.0,3.3159313725490196,0.0
CSO-15-10C-ALBAHO,12.0,31.0,31.0,3.0,0.0,0.0,0.0,0.0,21.0,1.0,1.03125,0.034274193548387094,5.0,2.853801169590643,0.0
CSO-15-10C-SSCAMO,12.0,17.0,15.0,2.0,0.0,0.0,0.0,0.0,9.0,1.0,0.8823529411764706,0.05514705882352941,4.0,2.388888888888889,0.0
CSO-15-11C-JETALO,12.0,24.0,22.5,3.0,0.0,0.0,0.0,0.0,12.5,1.0,0.9615384615384616,0.04259259259259259,6.0,2.9454545454545453,0.0
CSO-15-7B-JCRAGA,12.0,25.0,25.0,3.0,0.0,0.0,0.0,0.0,18.0,1.0,1.0384615384615385,0.04153846153846154,7.0,2.985294117647059,0.0
CSO-15-8A-VBMABR,12.0,30.0,34.0,3.5,0.0,0.0,0.0,0.0,24.0,1.0,1.0825892857142856,0.0374823988735279,8.0,3.326745718050066,0.0
CSO-15-8B-KEPOGO,12.0,31.0,32.0,6.0,0.0,0.0,0.0,0.0,21.0,1.0,1.0,0.03225806451612903,9.0,4.104761904761904,0.0
CSO-15-9B-ALRIHE,12.0,32.0,30.0,3.0,0.0,0.0,0.0,0.0,17.0,1.0,0.9090909090909091,0.02903225806451613,5.0,2.783333333333333,0.0
CSO-15-9B-AMSAGO,12.0,29.0,27.5,3.5,0.0,0.0,0.0,0.0,19.0,1.0,0.9476190476190476,0.03333333333333333,7.0,3.3454545454545457,0.0
CSO-15-9B-JCAPA,12.0,29.0,27.0,3.0,0.0,0.0,0.0,0.0,13.0,1.0,1.0,0.03571428571428571,4.0,2.290909090909091,0.0
CSO-15-9B-KSBEJA,12.0,26.0,29.0,4.0,0.0,0.0,0.0,0.0,22.0,1.0,1.125,0.043076923076923075,8.0,3.6623376623376624,0.0
CSO-15-9B-RMCHLU,12.0,23.5,26.5,2.5,0.0,0.0,0.0,0.0,18.0,1.0,1.0454545454545454,0.048225108225108226,6.0,3.2083333333333335,0.0
CSO-15-9B-SJAGRO,12.0,27.0,22.0,0.0,0.0,0.0,0.0,0.0,12.0,1.0,0.8,0.03133903133903134,5.0,2.5303030303030303,0.0
CSO-16-10A-JEGAHE,12.0,36.0,36.0,3.0,0.0,0.0,0.0,0.0,25.0,1.0,0.9705882352941176,0.029411764705882353,7.0,3.3933333333333335,0.0
CSO-16-10A-MSACO,12.0,32.0,27.0,1.0,0.0,0.0,0.0,0.0,15.0,1.0,0.9,0.028409090909090908,6.0,2.802197802197802,0.0
CSO-16-10A-SARI,12.0,33.0,34.0,5.0,0.0,0.0,0.0,0.0,22.5,1.0,1.0,0.032196969696969696,8.0,3.7271739130434782,0.0
CSO-16-10A-SMOUT,12.0,42.5,45.5,4.0,0.0,0.0,0.0,0.0,34.0,1.0,1.0568181818181817,0.02510939353044616,7.0,3.407091927680163,0.03867378907485859
CSO-16-10A-YKMUJO,12.0,24.0,27.0,3.0,0.0,0.0,0.0,0.0,22.0,1.0,1.0834782608695652,0.04630952380952381,8.0,3.605486542443064,0.0
CSO-16-10B-JESUGU,12.0,20.0,17.0,1.0,0.0,0.0,0.0,0.0,12.0,1.0,0.7727272727272727,0.039473684210526314,5.0,2.772727272727273,0.0
CSO-16-10B-LTVIFA,12.0,25.0,19.0,1.0,0.0,0.0,0.0,0.0,9.0,1.0,0.76,0.03166666666666667,5.0,2.5555555555555554,0.0
CSO-16-10B-VVILI,12.0,31.5,31.5,3.0,0.0,0.0,0.0,0.0,22.0,1.0,0.9710084033613445,0.030668756530825497,7.0,3.2816050616050614,0.0
CSO-16-10C-ACALGU,12.0,30.0,27.0,2.0,0.0,0.0,0.0,0.0,20.0,1.0,0.9285714285714286,0.03103448275862069,8.0,3.3947368421052633,0.0
CSO-16-10C-MAVAVE,12.0,21.0,18.0,1.0,0.0,0.0,0.0,0.0,11.0,1.0,0.8421052631578947,0.042105263157894736,5.0,2.5384615384615383,0.0
CSO-16-11A-JAVABO,12.0,31.0,26.0,5.0,0.0,0.0,0.0,0.0,14.0,1.0,0.8947368421052632,0.03125,5.0,2.8484848484848486,0.0
CSO-16-11A-JDMUVA,12.0,26.0,20.0,1.0,0.0,0.0,0.0,0.0,13.0,1.0,0.7586206896551724,0.029914529914529916,8.0,3.1868131868131866,0.0
CSO-16-11A-VZAOR,12.0,28.5,23.0,0.0,0.0,0.0,0.0,0.0,15.5,1.0,0.8072660098522167,0.028051450465243568,7.0,3.3114452798663327,0.0
CSO-16-11B-KRORE,12.0,27.0,27.5,3.0,0.0,0.0,0.0,0.0,19.5,1.0,1.0,0.038461538461538464,6.0,3.1035087719298247,0.0
CSO-16-11B-LLOZA,12.0,33.0,35.0,5.0,0.0,0.0,0.0,0.0,23.0,1.0,1.0689655172413792,0.03314393939393939,6.0,3.116923076923077,0.0
CSO-16-11B-YAROMO,12.0,25.5,21.0,2.0,0.0,0.0,0.0,0.0,14.0,1.0,0.8409090909090909,0.0367948717948718,4.5,2.468452380952381,0.0
CSO-16-9A-JALEMO,12.0,37.0,33.0,4.0,0.0,0.0,0.0,0.0,22.0,1.0,0.8985879332477535,0.025500688658583397,8.0,3.5424430641821947,0.0
CSO-16-9A-JPROSO,12.0,28.0,25.0,1.0,0.0,0.0,0.0,0.0,19.0,1.0,0.8928571428571429,0.03306878306878307,7.0,3.5714285714285716,0.0
CSO-16-9A-JSMAGU,12.0,30.0,27.0,2.0,0.0,1.0,0.0,0.0,18.0,1.0,0.9,0.031746031746031744,6.0,2.9941520467836256,0.0
CSO-16-9B-SJPAJI,12.0,42.5,58.0,12.0,0.0,0.0,0.0,0.0,34.0,1.0,1.3257575757575757,0.03310863439382411,7.0,3.0659536541889483,0.0
CSO-17-10A-YVGOCA,12.0,39.0,43.0,7.0,0.0,0.0,0.0,0.0,30.0,1.0,1.1025641025641026,0.0272938443670151,7.0,3.12183908045977,0.0
CSO-17-10B-EHECO,12.0,27.5,25.5,2.5,0.0,0.0,0.0,0.0,17.0,1.0,0.9165217391304348,0.035002035002035,7.0,3.0891456582633054,0.0
CSO-17-10B-YCQUVE,12.0,22.5,28.5,10.0,0.0,0.0,0.0,0.0,20.0,1.0,1.254032258064516,0.05397935397935398,7.0,3.281679235796883,0.0
CSO-17-11A-DJAPA,12.0,36.0,42.0,7.0,0.0,0.0,0.0,0.0,25.5,1.0,1.1918168168168168,0.0328749802434013,6.0,3.0042735042735043,0.0
CSO-17-11A-JDAMO,12.0,28.0,31.0,1.0,0.0,0.0,0.0,0.0,23.0,1.0,1.0625,0.041005291005291,6.0,3.043956043956044,0.0
CSO-17-11A-NPAHE,12.0,34.0,36.5,3.0,0.0,0.0,0.0,0.0,24.0,1.0,1.0822072072072073,0.03297682709447415,7.0,3.3961838161838163,0.0
CSO-17-11A-RLPAIG,12.0,23.0,24.0,4.0,0.0,0.0,0.0,0.0,12.0,1.0,1.0,0.04743083003952569,5.0,2.8461538461538463,0.0
CSO-17-11A-SPUVA,12.0,29.0,32.0,8.0,0.0,0.0,0.0,0.0,17.0,1.0,1.0740740740740742,0.03908045977011494,5.0,2.6911764705882355,0.0
CSO-17-11B-CDBEBU,12.0,26.0,21.0,2.0,0.0,0.0,0.0,0.0,10.0,1.0,0.9166666666666666,0.036923076923076927,5.0,2.4444444444444446,0.0
CSO-17-11C-JDAAG,12.0,26.0,20.0,0.0,0.0,0.0,0.0,0.0,11.0,1.0,0.7543103448275862,0.02923076923076923,6.0,3.0604395604395602,0.0
CSO-17-11C-MAPAMA,12.0,33.0,29.5,2.0,0.0,0.0,0.0,0.0,15.0,1.0,0.8736089030206677,0.026121616611049316,7.0,3.104761904761905,0.0
CSO-17-11C-MCAAG,12.0,23.5,19.0,1.0,0.0,0.0,0.0,0.0,13.0,1.0,0.8636363636363636,0.03598484848484848,6.5,3.371794871794872,0.0
CSO-17-11C-SARJA,12.0,23.0,20.0,3.0,0.0,0.0,0.0,0.0,9.0,1.0,0.9047619047619048,0.04112554112554113,4.0,2.392857142857143,0.0
CSO-18-11A-ADBAHO,12.0,29.0,27.5,2.0,0.0,0.0,0.0,0.0,17.5,1.0,0.9193548387096774,0.03333333333333333,6.0,3.110294117647059,0.0
CSO-18-11B-YLLRE,12.0,37.0,36.5,3.0,0.0,0.0,0.0,0.0,28.0,1.0,1.0264808362369338,0.027952091767881243,8.0,3.6404545454545456,0.0
CSO-18-9B-MAMOLO,12.0,25.5,23.0,1.0,0.0,1.0,0.0,0.0,14.0,1.0,0.9165217391304348,0.03691678691678692,6.0,2.802069275753486,0.0
CSO-8-3A-AIPRBR,12.0,31.0,33.0,4.0,0.0,0.0,0.0,0.0,25.0,1.0,1.064516129032258,0.035483870967741936,7.0,3.217391304347826,0.0
CSO-8-3A-DAPAVA,12.0,26.0,31.0,6.0,0.0,0.0,0.0,0.0,22.0,1.0,1.1785714285714286,0.04700854700854701,6.0,3.0216450216450217,0.0
CSO-8-3A-KVPECO,12.0,14.5,17.0,6.0,0.0,0.0,0.0,0.0,9.5,1.0,1.2008928571428572,0.08628663003663004,5.0,2.5131313131313133,0.0
CSO-8-4A-ARAGR,12.0,22.5,22.0,2.0,0.0,0.0,0.0,0.0,14.0,1.0,0.957427536231884,0.045454545454545456,6.0,2.7032967032967035,0.0
CSO-8-4A-JRAAR,12.0,22.0,21.0,3.0,0.0,0.0,0.0,0.0,13.0,1.0,0.950956937799043,0.045454545454545456,5.5,2.7413919413919414,0.0
CSO-9-2A-EXMOCO,12.0,18.5,19.5,2.0,0.0,0.0,0.0,0.0,15.0,1.0,1.1222222222222222,0.06352813852813852,5.5,2.7945845004668532,0.0
CSO-9-4A-AGAPE,12.0,38.0,32.0,4.0,0.0,0.0,0.0,0.0,15.0,1.0,0.8421052631578947,0.02275960170697013,4.0,2.4,0.0
CSO-9-4A-DKVIMO,12.0,17.5,17.0,1.0,0.0,0.0,0.0,0.0,15.0,1.0,0.9486842105263158,0.05718954248366013,7.0,3.2273809523809525,0.0
CSO-9-4A-DSMOMU,12.0,14.0,12.0,0.0,0.0,0.0,0.0,0.0,9.0,1.0,0.7947368421052632,0.05714285714285714,4.0,2.2777777777777777,0.0
CSO-9-4A-DVGATO,12.0,27.0,25.5,3.0,0.0,0.0,0.0,0.0,19.5,1.0,0.9474358974358974,0.03632478632478632,7.0,3.2981203007518793,0.0
CSO-9-4A-EGCAMO,12.0,23.5,25.0,2.0,0.0,0.0,0.0,0.0,19.5,1.0,1.0634615384615385,0.04403846153846154,6.0,2.944175824175824,0.0
CSO-9-4A-FAGIGA,12.0,25.0,23.0,2.0,0.0,0.0,0.0,0.0,15.0,1.0,0.92,0.03833333333333333,5.0,2.8,0.0
CSO-9-4A-GSBRCO,12.0,23.0,28.5,5.0,0.0,0.0,0.0,0.0,20.5,1.0,1.2086956521739132,0.05423019009975531,8.0,3.61231884057971,0.0
CSO-9-4A-KEMOCO,12.0,28.0,33.0,5.0,0.0,0.0,0.0,0.0,21.0,1.0,1.1071428571428572,0.041379310344827586,7.0,3.4761904761904763,0.0
CSO-9-4A-LCOMO,12.0,23.0,25.0,4.0,0.0,1.0,0.0,0.0,16.0,1.0,1.0909090909090908,0.04940711462450593,6.0,2.875,0.0
CSO-9-4A-MLORO,12.0,23.0,22.0,3.0,0.0,0.0,0.0,0.0,12.0,1.0,0.9565217391304348,0.041666666666666664,5.0,2.6818181818181817,0.0
CSO-9-4A-MPAME,12.0,25.0,21.0,3.0,0.0,0.0,0.0,0.0,9.0,1.0,0.8574999999999999,0.0358082497212932,5.0,2.5555555555555554,0.0
CSO-9-4A-NSARPA,12.0,30.0,38.0,6.0,0.0,0.0,0.0,0.0,23.0,1.0,1.21875,0.040229885057471264,7.0,3.241106719367589,0.0
CSO-9-4A-SLOCA,12.0,38.0,44.0,5.0,0.0,0.0,0.0,0.0,28.0,1.0,1.1538461538461537,0.031294452347083924,7.0,3.436923076923077,0.0
CSO-9-4A-YVDITR,12.0,16.0,20.0,3.0,0.0,0.0,0.0,0.0,16.0,1.0,1.1666666666666667,0.075,6.0,2.941666666666667,0.0
