file,wc,nodes,edges,re,pe,l1,l2,l3,lcc,lsc,atd,density,diameter,asp,cc
CDMS-10-4A-JURAN,13.0,29.0,33.0,3.0,0.0,0.0,0.0,0.0,21.0,1.0,2.3703703703703702,0.07859571730539472,5.5,2.70859010270775,0.21993246573991915
CDMS-10-5A-HEPIHO,13.0,36.0,40.0,2.0,0.0,0.0,0.0,0.0,20.0,1.0,2.1333333333333333,0.05855855855855856,5.0,2.6476190476190475,0.34210526315789475
CDMS-10-5A-KSRAGU,13.0,35.0,37.0,3.0,0.0,0.0,0.0,0.0,23.0,1.0,2.0526315789473686,0.05405405405405406,6.0,2.857707509881423,0.24659977703455965
CDMS-10-5A-SROPU,13.0,35.0,46.0,4.0,0.0,0.0,0.0,0.0,27.0,1.0,2.5555555555555554,0.06722689075630252,7.0,3.0028490028490027,0.3593340815563038
CDMS-10-5A-SZURO,13.0,27.5,41.0,6.0,0.0,0.0,0.0,0.0,22.5,1.0,2.9309523809523808,0.08997445721583652,5.5,2.761994301994302,0.34254777830864785
CDMS-10-5B-SRAJA,13.0,43.0,50.0,3.0,0.0,1.0,0.0,0.0,33.0,1.0,2.4390243902439024,0.053156146179401995,6.0,3.3698924731182798,0.1964985994397759
CDMS-10-5C-DAAUSA,13.0,37.5,60.0,10.0,0.0,0.0,0.0,0.0,27.5,1.0,3.1998577524893315,0.07391617095564465,4.0,2.3664021164021163,0.45106941435903436
CDMS-10-5C-ICAPA,13.0,19.0,30.0,3.0,0.0,0.0,0.0,0.0,19.0,1.0,3.1578947368421053,0.1568627450980392,5.0,2.3,0.5943181818181819
CDMS-10-5C-JFALGI,13.0,26.0,28.0,2.0,0.0,0.0,0.0,0.0,16.0,1.0,2.074074074074074,0.07666666666666666,4.0,2.183333333333333,0.3641025641025641
CDMS-10-5C-MAORTO,13.0,30.5,40.0,6.0,0.0,0.0,0.0,0.0,25.5,1.0,2.7416666666666667,0.07779013718946978,7.0,3.0557692307692306,0.18831757011104835
CDMS-10-5C-NBEMO,13.0,46.0,58.0,6.0,0.0,0.0,0.0,0.0,29.0,1.0,2.5217391304347827,0.04897959183673469,6.0,2.97,0.3636423405654175
CDMS-10-6B-ASCACO,13.0,28.0,46.0,12.0,0.0,0.0,0.0,0.0,25.0,1.0,3.1333333333333333,0.09195402298850575,6.0,2.8966666666666665,0.27555555555555555
CDMS-10-6B-JJMOBE,13.0,29.0,32.0,2.0,0.0,0.0,0.0,0.0,17.5,1.0,2.210591133004926,0.07785987958401752,5.0,2.561704506363949,0.3434673869547819
CDMS-11-4A-GACHSA,13.0,24.0,36.0,8.0,0.0,0.0,0.0,0.0,18.0,1.0,3.026315789473684,0.1138013838013838,5.5,2.6141439205955335,0.42861111111111105
CDMS-11-5A-EAARCA,13.0,29.5,47.0,11.0,0.0,0.0,0.0,0.0,25.5,1.0,3.284802043422733,0.08694581280788177,5.5,2.6605862977602106,0.45407343381256426
CDMS-11-5A-MGTHAR,13.0,30.0,57.5,11.5,0.0,0.0,0.0,0.0,29.0,1.0,3.898446833930705,0.10226177233963663,5.0,2.4138352069386553,0.4918788798219246
CDMS-11-6A-DFVEBE,13.0,35.0,51.0,10.0,0.0,0.0,0.0,0.0,29.0,1.0,3.0,0.07196969696969698,5.0,2.667692307692308,0.35881608103830326
CDMS-11-6A-NMREPR,13.0,29.0,44.0,10.5,0.0,0.0,0.0,0.0,23.0,1.0,3.0357598978288634,0.08273213623602946,5.0,2.4738779738779737,0.30288103201146677
CDMS-11-6B-ARAHE,13.0,30.0,39.0,5.0,0.0,0.0,0.0,0.0,13.0,1.0,2.4390243902439024,0.07384615384615385,6.0,2.576923076923077,0.30512820512820515
CDMS-11-6B-AVROTO,13.0,22.0,30.5,5.0,0.0,0.0,0.0,0.0,15.5,1.0,2.7727272727272725,0.10549595332204029,4.0,2.300735294117647,0.4507227891156462
CDMS-11-6B-EAFESA,13.0,39.0,56.0,13.0,0.0,0.0,0.0,0.0,27.0,1.0,2.871794871794872,0.057971014492753624,6.0,2.836693548387097,0.27385858585858586
CDMS-11-6B-EFRGR,13.0,38.0,61.0,9.0,0.0,0.0,0.0,0.0,30.0,1.0,2.9047619047619047,0.06666666666666667,6.0,2.8476190476190477,0.38530762167125804
CDMS-11-6B-EROCO,13.0,19.0,36.5,4.0,0.0,0.0,0.0,0.0,19.0,1.0,3.313725490196078,0.15459482038429406,4.0,2.151796157059315,0.6626192177275769
CDMS-11-6B-JACUPE,13.0,35.0,53.5,12.5,0.0,2.0,0.0,0.0,30.0,1.0,2.9838709677419355,0.06694677871148459,6.0,2.824193548387097,0.2346339858058608
CDMS-11-6B-JDCHBA,13.0,35.5,46.0,5.0,0.0,0.0,0.0,0.0,28.5,1.0,2.572595851665619,0.0632454316664843,5.0,2.6701228878648235,0.3747939598211831
CDMS-11-6B-JFSAHE,13.0,23.5,25.5,1.5,0.0,0.0,0.0,0.0,14.0,1.0,2.1818181818181817,0.08329004329004329,4.5,2.3833333333333333,0.39914965986394557
CDMS-11-6B-JLPENA,13.0,24.0,27.0,3.5,0.0,0.0,0.0,0.0,14.0,1.0,2.1569230769230767,0.08333333333333333,4.0,2.3333333333333335,0.27166666666666667
CDMS-11-6B-JMARME,13.0,38.0,59.5,9.5,0.0,0.0,0.0,0.0,28.0,1.0,2.930735930735931,0.06716635664004085,6.5,2.8220992800303146,0.31887812648181313
CDMS-11-6B-JPSAMA,13.0,37.0,46.0,5.0,0.0,0.0,0.0,0.0,25.0,1.0,2.512019230769231,0.06266628108733371,6.0,2.7666666666666666,0.40761829641190317
CDMS-11-6B-LESTA,13.0,28.0,34.0,4.0,0.0,0.0,0.0,0.0,20.0,1.0,2.5384615384615383,0.08465608465608465,6.0,2.7246376811594204,0.39558281224947894
CDMS-11-6B-MAGIMU,13.0,33.5,45.5,7.0,0.0,0.0,0.0,0.0,28.0,1.0,2.746732026143791,0.07157976827094474,8.0,3.740740740740741,0.4127772433327989
CDMS-11-6B-MEBRTA,13.0,23.0,26.0,3.0,0.0,0.0,0.0,0.0,13.0,1.0,2.4444444444444446,0.10526315789473684,4.0,2.1555555555555554,0.43398268398268397
CDMS-11-6B-MMAMO,13.0,46.0,63.0,6.5,0.0,0.0,0.0,0.0,27.0,1.0,2.5157715260017053,0.04807615799943166,5.0,2.706348364279399,0.37965082756749424
CDMS-11-6B-RSECA,13.0,33.0,41.0,3.0,0.0,0.0,0.0,0.0,25.0,1.0,2.4242424242424243,0.06854838709677419,5.0,2.6277056277056277,0.45918803418803417
CDMS-11-6B-SCAPA,13.0,30.0,29.0,3.5,0.0,0.0,0.0,0.0,12.5,1.0,1.967741935483871,0.06159113217936747,5.0,2.3333333333333335,0.13904761904761903
CDMS-11-6B-VZAPE,13.0,39.0,57.0,10.0,0.0,0.0,0.0,0.0,28.0,1.0,2.918918918918919,0.06606606606606606,4.0,2.560846560846561,0.4500570136933773
CDMS-11-6B-YLNIME,13.0,39.0,49.0,9.0,0.0,0.0,0.0,0.0,24.0,1.0,2.5128205128205128,0.0553306342780027,5.0,2.6557971014492754,0.3480952380952381
CDMS-11-7C-ICARE,13.0,32.0,36.0,6.0,0.0,0.0,0.0,0.0,25.0,1.0,2.3333333333333335,0.06236559139784946,6.0,2.8947368421052633,0.23658810325476992
CDMS-11-7C-IMOIB,13.0,35.0,45.0,4.0,0.0,0.0,0.0,0.0,26.0,1.0,2.611111111111111,0.07301587301587302,6.0,2.93,0.4054743867243867
CDMS-11-7C-SALMA,13.0,36.0,68.5,16.0,0.0,0.0,0.0,0.0,30.0,1.0,3.7222222222222223,0.082289508760097,7.0,2.9370189995189993,0.394367784992785
CDMS-11-7C-SPGAVE,13.0,30.0,34.0,4.0,0.0,0.0,0.0,0.0,16.0,1.0,2.1818181818181817,0.06666666666666667,4.0,2.5047619047619047,0.3711484593837535
CDMS-12-5A-SRIGO,13.0,40.0,57.0,8.0,0.0,0.0,0.0,0.0,30.5,1.0,2.7892882311486966,0.05786267995570321,6.0,3.110493140526511,0.39157706093189965
CDMS-12-6A-FAROPA,13.0,38.0,52.0,11.0,0.0,0.0,0.0,0.0,24.0,1.0,2.810810810810811,0.05832147937411095,5.0,2.630434782608696,0.26789021164021165
CDMS-12-6A-JGIGA,13.0,30.0,40.0,5.0,0.0,0.0,0.0,0.0,20.0,1.0,2.689655172413793,0.08045977011494253,5.0,2.5324675324675323,0.45286195286195285
CDMS-12-6A-JSOTGU,13.0,31.0,46.0,9.0,0.0,0.0,0.0,0.0,23.0,1.0,2.9285714285714284,0.07692307692307693,5.0,2.6748768472906406,0.3967982634649301
CDMS-12-6A-SROAL,13.0,29.5,39.0,5.0,0.0,0.0,0.0,0.0,22.5,1.0,2.6666666666666665,0.08186550605905445,6.0,3.0158911772184087,0.450983436853002
CDMS-12-6B-IJDAGA,13.0,27.0,31.0,3.0,0.0,0.0,0.0,0.0,13.0,1.0,2.3846153846153846,0.07956989247311828,5.0,2.787878787878788,0.2726337448559671
CDMS-12-6B-SCLAG,13.0,37.0,57.0,10.0,0.0,1.0,0.0,0.0,33.0,1.0,3.128205128205128,0.06543385490753911,6.0,3.0201680672268907,0.33354037267080744
CDMS-12-7C-ARAHE,13.0,35.0,45.0,6.0,0.0,0.0,0.0,0.0,20.0,1.0,2.5714285714285716,0.06554621848739496,6.0,2.6789473684210527,0.48356009070294786
CDMS-12-7C-CATRAR,13.0,35.0,49.0,8.5,0.0,0.0,0.0,0.0,26.5,1.0,2.9857142857142858,0.07142857142857142,6.0,2.6892528735632184,0.3412724415502193
CDMS-12-7C-DLOLO,13.0,33.5,56.5,19.0,0.0,0.0,0.0,0.0,25.5,1.0,3.373440285204991,0.06957241332241332,6.0,2.895616211745244,0.29085714285714287
CDMS-12-7C-JSZAOR,13.0,19.0,21.5,1.0,0.0,0.0,0.0,0.0,17.0,1.0,2.108187134502924,0.12057103543171654,5.0,2.3127450980392155,0.25028966131907304
CDMS-12-7C-MAROBE,13.0,43.0,50.0,4.0,0.0,0.0,0.0,0.0,28.5,1.0,2.321353065539112,0.04983388704318937,5.0,2.6223843206601827,0.3132216775599128
CDMS-12-7C-VMAPA,13.0,30.0,41.5,5.0,0.0,0.0,0.0,0.0,26.0,1.0,2.766407119021135,0.08396366332962552,6.0,2.6205413105413107,0.2859761226427893
CDMS-12-7C-VQURA,13.0,27.0,33.0,2.0,0.0,0.0,0.0,0.0,18.0,1.0,2.3670033670033668,0.08460696391730874,5.0,2.5426900584795322,0.4098169191919192
CDMS-13-6B-ASUMO,13.0,25.0,30.0,3.0,0.0,0.0,0.0,0.0,17.0,1.0,2.4347826086956523,0.09666666666666666,3.0,1.9191176470588236,0.5397435897435897
CDMS-13-6B-JDTAHE,13.0,23.0,29.0,3.0,0.0,0.0,0.0,0.0,20.0,1.0,2.608695652173913,0.1067193675889328,6.0,2.9004329004329006,0.319327731092437
CDMS-13-7C-MVEAR,13.0,36.0,56.0,10.0,0.0,1.0,0.0,0.0,34.0,1.0,3.0,0.06984126984126984,5.0,2.6666666666666665,0.29371258307244463
CDMS-13-7C-RAIZAC,13.0,26.0,28.0,1.0,0.0,1.0,0.0,0.0,19.0,1.0,2.074074074074074,0.07971014492753623,5.0,2.5606060606060606,0.3444444444444444
CDMS-13-7C-SSOSLO,13.0,42.0,65.0,13.0,0.0,2.0,0.0,0.0,31.0,1.0,2.875,0.0545790934320074,5.0,2.774193548387097,0.46455669224211427
CDMS-14-10A-IMORTO,13.0,26.0,36.0,7.0,0.0,1.0,0.0,0.0,16.0,1.0,2.7333333333333334,0.08262108262108261,3.0,2.052287581699346,0.40127127774186594
CDMS-14-10A-JCVANI,13.0,31.0,31.5,4.0,0.0,0.0,0.0,0.0,15.0,1.0,2.064583333333333,0.06206896551724138,4.0,2.466346153846154,0.224013024013024
CDMS-14-5A-LSDUCO,13.0,38.0,63.0,12.0,0.0,1.0,0.0,0.0,26.0,1.0,3.230769230769231,0.06827880512091039,6.0,2.6523076923076925,0.4797202797202797
CDMS-14-6B-KDCAHE,13.0,37.5,41.5,3.5,0.0,0.0,0.0,0.0,18.5,1.0,2.2025641025641027,0.053813833225597935,6.0,2.780701754385965,0.3525788678044317
CDMS-15-10A-AMALOS,13.0,35.0,49.0,6.0,0.0,1.0,0.0,0.0,27.0,1.0,2.717948717948718,0.07130124777183601,5.0,2.6666666666666665,0.38067926225820964
CDMS-15-10A-JJMACH,13.0,58.0,73.0,3.5,0.0,0.0,0.0,0.0,44.5,1.0,2.4995203070035177,0.04149620105201637,8.0,3.459219086721615,0.4427294313425908
CDMS-15-10A-MAALCA,13.0,36.5,40.0,5.0,0.0,1.0,0.0,0.0,25.0,1.0,2.219548872180451,0.05311026849764296,5.0,2.566851851851852,0.21375291375291375
CDMS-15-10A-MAALRI,13.0,37.0,49.0,5.0,0.0,0.0,0.0,0.0,20.0,1.0,2.520300751879699,0.0643678437796085,4.0,2.3449112978524744,0.5088236866014644
CDMS-15-10A-SGOMO,13.0,34.0,40.5,1.0,0.0,0.0,0.0,0.0,22.5,1.0,2.563301282051282,0.0766488413547237,7.0,3.04963768115942,0.4260242843576177
CDMS-15-10A-SHEGA,13.0,42.0,53.0,5.0,1.0,0.0,1.0,0.0,29.0,2.0,2.558139534883721,0.05609756097560976,6.0,3.3654188948306594,0.47883597883597884
CDMS-15-11B-JEMOLO,13.0,43.0,67.0,16.0,0.0,0.0,0.0,0.0,36.0,1.0,3.111111111111111,0.058823529411764705,7.0,2.9654654654654653,0.301521164021164
CDMS-15-11B-VSAHO,13.0,36.0,49.0,3.0,0.0,1.0,0.0,0.0,28.0,1.0,2.5853658536585367,0.06507936507936508,5.0,2.671957671957672,0.4122222222222222
CDMS-16-10A-SGALO,13.0,32.5,32.5,2.0,0.0,0.0,0.0,0.0,17.0,1.0,1.8888888888888888,0.055443548387096774,6.0,2.8676470588235294,0.3197802197802198
CDMS-16-11B-NGABE,13.0,45.0,67.0,9.0,0.0,1.0,0.0,0.0,35.0,1.0,3.0526315789473686,0.0595959595959596,5.0,2.492176386913229,0.4993293418732015
CDMS-17-10A-ASSAMO,13.0,35.5,32.5,1.0,0.0,0.0,0.0,0.0,15.5,1.0,1.7867647058823528,0.0493959868959869,5.0,2.6544117647058822,0.07849806589302388
CDMS-18-7C-VVECA,13.0,31.0,35.5,6.0,0.0,1.0,0.0,0.0,18.0,1.0,2.169047619047619,0.05901398379151438,5.0,2.389705882352941,0.32662280701754387
CDMS-8-4A-DBEVA,13.0,23.0,33.0,8.0,0.0,0.0,0.0,0.0,19.0,1.0,2.869565217391304,0.10526315789473684,5.0,2.5047619047619047,0.29952153110047847
CDMS-8-4A-DJAVDA,13.0,24.0,29.0,4.0,0.0,0.0,0.0,0.0,11.0,1.0,2.32,0.08666666666666667,4.0,2.018181818181818,0.24025974025974026
CDMS-8-4A-DOSTR,13.0,31.0,42.0,7.0,0.0,0.0,0.0,0.0,25.0,1.0,2.611111111111111,0.07076923076923076,5.0,2.5270935960591134,0.42074074074074075
CDMS-8-4A-LGOPA,13.0,27.0,39.0,6.0,0.0,0.0,0.0,0.0,19.0,1.0,2.905982905982906,0.09544159544159544,5.0,2.7149122807017543,0.4802971781305115
CDMS-8-4C-JDBUTU,13.0,25.0,33.0,5.0,0.0,0.0,0.0,0.0,17.0,1.0,2.4761904761904763,0.08947368421052632,5.0,2.4558823529411766,0.27320261437908494
CDMS-9-4A-ACDUTR,13.0,33.0,38.0,6.0,0.0,0.0,0.0,0.0,18.0,1.0,2.3488843813387423,0.06060606060606061,4.0,2.34640522875817,0.3933351370851371
CDMS-9-4A-CARGA,13.0,35.5,54.5,12.0,1.5,0.0,1.0,0.0,28.5,2.0,3.015151515151515,0.0664594714130318,5.0,3.050036489691662,0.317375283446712
CDMS-9-4A-CRAAG,13.0,26.0,39.5,9.0,0.0,0.0,0.0,0.0,24.0,1.0,3.178571428571429,0.09985754985754985,6.0,2.8912845849802373,0.37486772486772485
CDMS-9-4A-EROHI,13.0,31.0,38.0,5.0,0.0,0.0,0.0,0.0,17.0,1.0,2.5517241379310347,0.07881773399014778,5.0,2.5428571428571427,0.661532738095238
CDMS-9-4A-ILOSE,13.0,44.0,65.0,5.0,0.0,0.0,0.0,0.0,40.0,1.0,2.980392156862745,0.0613107822410148,7.0,3.158974358974359,0.40910031996988516
CDMS-9-4A-TGAFR,13.0,22.0,33.0,4.0,0.0,0.0,0.0,0.0,19.0,1.0,2.8,0.11428571428571428,4.0,2.3625730994152048,0.3615051615051615
CDMS-9-4C-SCAMO,13.0,36.0,38.0,3.0,0.0,0.0,0.0,0.0,23.0,1.0,2.054054054054054,0.052552552552552555,6.0,2.8260869565217392,0.1765151515151515
CDMS-9-5A-ABERO,13.0,31.0,43.0,6.0,0.0,0.0,0.0,0.0,24.0,1.0,2.6666666666666665,0.07459677419354839,6.0,2.8,0.3890655321689805
CDMS-9-5A-PAGACO,13.0,29.0,40.5,7.0,0.0,0.0,0.0,0.0,20.5,1.0,2.779310344827586,0.082010582010582,6.0,2.7993506493506493,0.41677735143644234
CDMS-9-5A-VVAAR,13.0,26.0,30.5,3.0,0.0,0.0,0.0,0.0,17.5,1.0,2.414285714285714,0.07933862433862433,4.5,2.502316397053239,0.4210069444444444
CDMS-9-5C-JDMADE,13.0,29.0,29.5,2.5,0.0,0.0,0.0,0.0,16.0,1.0,2.069295101553166,0.06787060012866464,4.5,2.382366171839856,0.28336809389440965
CDMS-9-5C-LVIZAC,13.0,25.0,25.0,1.0,0.0,0.0,0.0,0.0,12.0,1.0,2.073924731182796,0.07512987012987013,4.0,2.121212121212121,0.14682539682539683
CDMS-9-5C-MLOGO,13.0,27.0,39.0,5.0,0.0,0.0,0.0,0.0,19.5,1.0,2.9814814814814814,0.08723646723646723,5.0,2.4121381886087767,0.34635954860413065
CDMS-9-5C-SCAAG,13.0,27.0,36.0,3.0,0.0,0.0,0.0,0.0,21.0,1.0,2.7586206896551726,0.09852216748768473,6.0,2.783333333333333,0.43448773448773453
CDMS-XX-10A-VGILO,13.0,38.0,57.0,7.0,0.0,1.0,0.0,0.0,34.0,1.0,2.772727272727273,0.06341463414634146,5.0,2.7444444444444445,0.4232330827067669
CDMS-XX-5C-MJSARU,13.0,31.0,37.0,3.0,0.0,0.0,0.0,0.0,19.0,1.0,2.413793103448276,0.07311827956989247,5.0,2.466666666666667,0.31198945981554677
CDMS-XX-5C-MPCAQU,13.0,24.0,37.0,5.0,0.0,0.0,0.0,0.0,21.5,1.0,3.1471571906354514,0.12121212121212122,4.0,2.365800865800866,0.4084859584859585
CDMS-XX-6A-MAGICA,13.0,30.0,38.0,2.0,0.0,0.0,0.0,0.0,24.0,1.0,2.6923076923076925,0.07881773399014778,7.0,3.0619047619047617,0.35221674876847286
CDMS-XX-6B-SPUCA,13.0,33.0,43.0,5.0,0.0,0.0,0.0,0.0,21.0,1.0,2.4864864864864864,0.06606606606606606,7.0,3.0655270655270654,0.41141414141414134
CSO-10-4A-ICAPA,13.0,34.0,55.5,13.0,0.0,0.0,0.0,0.0,26.0,1.0,3.0690476190476192,0.07748121976063152,5.5,2.7258870564717643,0.4161237774571108
CSO-10-4A-KCOMO,13.0,31.0,53.5,8.0,0.0,0.0,0.0,0.0,26.0,1.0,3.4028520499108734,0.09352795193312435,5.0,2.389216524216524,0.5277035849952516
CSO-10-4A-LRAVI,13.0,28.0,41.0,4.0,0.0,0.0,0.0,0.0,22.0,1.0,2.838709677419355,0.09971509971509972,4.0,2.292490118577075,0.4911928651059086
CSO-10-4A-LSCAVA,13.0,27.0,27.0,1.0,0.0,0.0,0.0,0.0,14.0,1.0,1.8709677419354838,0.06769230769230769,4.0,2.2527472527472527,0.44115646258503405
CSO-10-5A-ACAVA,13.0,28.5,33.0,1.0,0.0,0.0,0.0,0.0,21.0,1.0,2.3225806451612905,0.0812807881773399,5.5,2.34192298929141,0.5782792207792207
CSO-10-5A-ARACA,13.0,22.0,26.0,4.0,0.0,0.0,0.0,0.0,14.0,1.0,2.16,0.08771929824561403,4.0,2.141025641025641,0.19981060606060605
CSO-10-5A-DABRZA,13.0,32.0,44.0,8.0,0.0,0.0,0.0,0.0,23.0,1.0,2.8,0.06984126984126984,6.0,3.010869565217391,0.38925925925925925
CSO-10-5A-GZAMA,13.0,37.0,60.0,14.0,0.0,1.0,0.0,0.0,31.0,1.0,3.317073170731707,0.07057057057057058,5.0,2.596590909090909,0.4312550826782326
CSO-10-5A-IPECA,13.0,48.5,78.5,17.0,0.0,0.5,0.0,0.0,41.5,1.0,3.2172619047619047,0.05254921117383124,7.0,3.1205234687792824,0.3837821738984529
CSO-10-5A-JANORO,13.0,27.5,36.0,2.0,0.0,0.0,0.0,0.0,22.0,1.0,2.6547619047619047,0.09523809523809523,5.0,2.6233766233766236,0.336477821695213
CSO-10-5A-JBUVE,13.0,34.0,35.0,1.0,0.0,0.0,0.0,0.0,21.0,1.0,2.111111111111111,0.062388591800356503,6.0,2.9047619047619047,0.2274327122153209
CSO-10-5A-JJSEMO,13.0,25.0,34.0,7.0,0.0,0.0,0.0,0.0,18.0,1.0,2.64,0.0935672514619883,4.0,2.363157894736842,0.3261904761904762
CSO-10-5A-JLCARI,13.0,26.5,34.0,1.0,0.0,0.0,0.0,0.0,22.5,1.0,2.566951566951567,0.09777777777777777,6.0,2.802371541501976,0.39228051263624386
CSO-10-5A-MAARAN,13.0,43.0,67.0,11.0,0.0,0.0,0.0,0.0,32.0,1.0,3.255813953488372,0.06312292358803986,7.0,2.8774193548387097,0.3606402369560264
CSO-10-5A-MAOSMO,13.0,28.0,27.5,2.0,0.0,0.0,0.0,0.0,12.0,1.0,2.0,0.07009529423322527,5.0,2.418181818181818,0.38095238095238093
CSO-10-5A-RVMOIB,13.0,35.0,48.0,4.0,0.0,0.0,0.0,0.0,29.0,1.0,2.742857142857143,0.07394957983193277,7.0,2.9971509971509973,0.3952214452214452
CSO-10-5A-SVHEES,13.0,31.0,50.0,9.0,0.0,0.0,0.0,0.0,24.0,1.0,3.1578947368421053,0.09113300492610837,5.0,2.342857142857143,0.44440993788819877
CSO-11-5A-MDVOSPE,13.0,31.0,45.0,8.0,0.0,0.0,0.0,0.0,22.0,1.0,2.742857142857143,0.07741935483870968,4.0,2.4588744588744587,0.39506290810638633
CSO-11-5A-MTAGA,13.0,31.0,32.0,1.5,0.0,0.0,0.0,0.0,20.5,1.0,2.129032258064516,0.06434362601345524,5.0,2.712155388471178,0.43621031746031746
CSO-11-6A-CAPAMU,13.0,32.0,36.0,2.0,0.0,0.0,0.0,0.0,23.0,1.0,2.2,0.06653225806451613,6.0,2.7311827956989245,0.29723076923076924
CSO-11-6A-DSCACH,13.0,25.5,25.5,2.0,0.0,0.0,0.0,0.0,14.0,1.0,2.0787037037037037,0.07988603988603989,4.0,2.1758241758241756,0.375
CSO-11-6A-EROMO,13.0,30.0,40.0,3.0,0.0,0.0,0.0,0.0,24.0,1.0,2.686274509803922,0.08160919540229886,6.0,2.9239130434782608,0.4543414588057445
CSO-11-6A-FSOVRE,13.0,27.0,33.0,2.0,0.0,0.0,0.0,0.0,21.0,1.0,2.458333333333333,0.08997354497354497,4.5,2.6151891586674196,0.4739380989380989
CSO-11-6B-ANREVA,13.0,42.0,58.5,9.0,0.0,0.0,0.0,0.0,29.5,1.0,2.7435064935064934,0.058304297328687575,8.0,3.3036647260785195,0.3285182823129252
CSO-11-6B-DISEMO,13.0,28.0,37.0,7.0,0.0,0.0,0.0,0.0,18.0,1.0,2.642857142857143,0.07956989247311828,3.0,2.139705882352941,0.3604108309990663
CSO-11-6B-LHFDLACH,13.0,32.0,36.0,3.0,0.0,0.0,0.0,0.0,18.0,1.0,2.1481481481481484,0.06552706552706553,5.0,2.457516339869281,0.36568627450980395
CSO-11-6B-RJGIHE,13.0,24.0,23.0,3.0,0.0,0.0,0.0,0.0,16.0,1.0,1.84,0.06493506493506493,4.0,2.4313725490196076,0.21695906432748535
CSO-11-6B-SFLVA,13.0,30.5,55.5,7.0,0.0,0.0,0.0,0.0,26.0,1.0,3.588709677419355,0.10548757879124954,4.0,2.365071225071225,0.4604076834846066
CSO-11-6B-VCOMA,13.0,30.0,33.0,5.5,0.0,0.0,0.0,0.0,18.0,1.0,2.3152709359605907,0.06526610644257702,5.0,2.238095238095238,0.3454647302015723
CSO-12-6A-DGISE,13.0,23.0,28.0,2.0,0.0,0.0,0.0,0.0,18.0,1.0,2.3636363636363638,0.09782608695652174,7.0,3.1695906432748537,0.4216666666666667
CSO-12-6A-FJOVRE,13.0,31.0,36.0,2.0,0.0,0.0,0.0,0.0,23.0,1.0,2.3870967741935485,0.07311827956989247,6.0,2.6366666666666667,0.414450628736343
CSO-12-6B-GQULO,13.0,34.5,45.5,5.0,0.0,1.0,0.0,0.0,19.0,1.0,2.6115830115830114,0.0664594714130318,4.0,2.473684210526316,0.47098124098124095
CSO-12-6B-LJHEFE,13.0,58.0,65.0,5.0,0.0,0.0,0.0,0.0,37.0,1.0,2.280701754385965,0.03750756200846945,8.0,3.1532976827094474,0.33090181594336715
CSO-12-6B-VPAMA,13.0,22.5,31.0,10.0,0.0,0.0,0.0,0.0,11.5,1.0,2.772256728778468,0.09109730848861283,4.0,2.1416083916083917,0.47391774891774896
CSO-12-7A-DALRE,13.0,29.5,42.0,5.5,0.0,0.0,0.0,0.0,24.5,1.0,2.8403361344537816,0.08732804232804232,6.0,2.589035409035409,0.3408764515907373
CSO-12-7A-ESALA,13.0,18.0,18.5,3.0,0.0,0.0,0.0,0.0,7.5,1.0,2.0,0.09803921568627451,3.0,1.9666666666666668,0.29523809523809524
CSO-12-7A-IMERO,13.0,22.0,28.0,2.5,0.0,0.0,0.0,0.0,15.0,1.0,2.1818181818181817,0.09057971014492754,4.0,2.3473684210526313,0.4616402116402117
CSO-12-7A-JHEZA,13.0,24.0,21.0,2.0,0.0,0.0,0.0,0.0,9.5,1.0,1.7082228116710874,0.0680171277997365,3.0,1.9272727272727272,0.29523809523809524
CSO-12-7A-LSARAR,13.0,26.0,40.0,5.0,0.0,0.0,0.0,0.0,20.0,1.0,3.2,0.11666666666666667,4.0,2.4818840579710146,0.5035164835164835
CSO-12-7A-SCAHO,13.0,33.0,38.0,6.0,0.0,0.0,0.0,0.0,14.0,1.0,2.303030303030303,0.06157635467980296,5.0,2.6719367588932808,0.3743589743589743
CSO-12-7B-DVAGRO,13.0,22.0,27.0,6.0,0.0,1.0,0.0,0.0,11.0,1.0,2.5185185185185186,0.09090909090909091,6.0,2.619047619047619,0.35333333333333333
CSO-12-7B-SMUGU,13.0,22.0,31.5,4.5,0.0,1.0,0.0,0.0,19.0,1.0,2.8452380952380953,0.10846038019951063,4.0,2.458152958152958,0.25081770081770083
CSO-12-7B-SSARA,13.0,24.0,28.0,5.0,0.0,2.0,0.0,0.0,12.0,1.0,2.3333333333333335,0.08695652173913043,5.0,2.47,0.3851851851851852
CSO-12-7B-VHOMA,13.0,30.0,34.0,4.0,0.0,0.0,0.0,0.0,16.0,1.0,2.1875,0.06890756302521009,4.0,2.175,0.3280132565846851
CSO-12-8A-YTOME,13.0,31.5,46.5,8.5,0.0,1.0,0.0,0.0,23.0,1.0,2.886088709677419,0.07486559139784946,7.5,3.3561143204621464,0.3119087434304825
CSO-13-6A-ANASA,13.0,36.0,44.0,5.0,0.0,0.0,0.0,0.0,22.0,1.0,2.388888888888889,0.059743954480796585,5.0,2.5714285714285716,0.3614529914529915
CSO-13-6B-JETAVE,13.0,22.0,34.0,4.0,0.0,0.0,0.0,0.0,19.0,1.0,2.9565217391304346,0.12105263157894737,4.0,2.4313725490196076,0.5147382920110193
CSO-13-6B-LFMIES,13.0,27.0,37.0,7.0,0.0,0.0,0.0,0.0,18.0,1.0,2.9166666666666665,0.0896551724137931,4.0,2.1857142857142855,0.5801790801790802
CSO-13-6B-LJMAHU,13.0,20.0,28.0,2.0,0.0,0.0,0.0,0.0,14.0,1.0,2.8,0.12105263157894737,4.0,2.3095238095238093,0.5188816738816739
CSO-13-7A-CAPAMU,13.0,28.0,30.0,2.0,0.0,0.0,0.0,0.0,13.0,1.0,2.1540740740740745,0.07682132682132682,4.0,2.365761689291101,0.3744047619047619
CSO-13-7A-CDDITR,13.0,21.0,21.0,4.0,0.0,0.0,0.0,0.0,14.0,1.0,2.1666666666666665,0.09047619047619047,4.0,2.2222222222222223,0.1597222222222222
CSO-13-7A-JJATFL,13.0,34.5,44.0,3.0,0.0,0.0,0.0,0.0,26.0,1.0,2.5349761526232113,0.0691648629148629,5.0,2.658620689655172,0.41775357578929007
CSO-13-7A-KRAMA,13.0,30.0,44.0,11.0,0.0,0.0,0.0,0.0,21.0,1.0,3.142857142857143,0.082010582010582,5.0,2.4615384615384617,0.3401360544217687
CSO-13-7A-RXCHLU,13.0,27.0,38.0,5.0,1.0,1.0,1.0,0.0,23.0,2.0,2.6206896551724137,0.08547008547008547,5.0,2.5238095238095237,0.3875776397515528
CSO-13-7A-YAMEZA,13.0,39.0,53.0,10.0,0.0,0.0,0.0,0.0,21.0,1.0,2.8146341463414632,0.05971963866700709,5.0,2.372820512820513,0.46192390942390943
CSO-13-7A-YBOSO,13.0,18.0,25.0,6.0,0.0,0.0,0.0,0.0,12.5,1.0,2.757309941520468,0.127859477124183,3.0,1.9824786324786325,0.37421855921855923
CSO-13-8A-KIGAGU,13.0,29.0,43.0,8.0,0.0,1.0,0.0,0.0,25.0,1.0,3.0804597701149428,0.08620689655172414,5.0,2.7380171277997363,0.2489459815546772
CSO-13-8A-MBUAN,13.0,29.5,36.0,5.5,0.0,0.0,0.0,0.0,20.0,1.0,2.801948051948052,0.08164255845707458,5.0,2.5606377053745475,0.3641660196687371
CSO-13-8A-MGAAN,13.0,25.0,26.0,1.0,0.0,0.0,0.0,0.0,13.0,1.0,2.0,0.08300395256916997,4.0,2.1666666666666665,0.3254464285714286
CSO-13-8A-MGAHE,13.0,31.0,48.0,5.0,0.0,0.0,0.0,0.0,27.0,1.0,2.823529411764706,0.08275862068965517,5.0,2.5213675213675213,0.35808080808080806
CSO-13-8A-MJAGA,13.0,34.0,39.0,3.0,0.0,1.0,0.0,0.0,20.0,1.0,2.342857142857143,0.06218487394957983,7.0,3.3,0.2961111111111111
CSO-13-8A-VHODU,13.0,36.0,54.0,8.0,1.0,1.0,1.0,0.0,30.0,2.0,3.0588235294117645,0.0746031746031746,4.0,2.388888888888889,0.35287356321839075
CSO-13-8B-FCJISA,13.0,17.0,15.0,1.0,0.0,0.0,0.0,0.0,9.0,1.0,1.7647058823529411,0.10294117647058823,4.0,2.4444444444444446,0.21212121212121213
CSO-13-8B-JEMABE,13.0,39.0,54.0,9.0,0.0,0.0,0.0,0.0,26.0,1.0,2.761904761904762,0.06401137980085349,5.0,2.5476923076923077,0.5340388007054674
CSO-13-9B-DMLLLU,13.0,31.0,40.0,7.0,0.0,0.0,0.0,0.0,20.0,1.0,2.6666666666666665,0.06881720430107527,4.0,2.3216374269005846,0.4464912280701754
CSO-14-7A-MVEBE,13.0,24.0,30.5,3.0,0.0,0.0,0.0,0.0,17.0,1.0,2.548951048951049,0.1008924408924409,4.5,2.2101307189542485,0.4041245791245791
CSO-14-7B-EALHU,13.0,22.0,28.0,2.0,0.0,0.0,0.0,0.0,15.0,1.0,2.5555555555555554,0.11231884057971014,4.0,2.3333333333333335,0.4025974025974026
CSO-14-7B-EVEGO,13.0,29.0,30.0,2.0,0.0,0.0,0.0,0.0,16.0,1.0,2.0896686159844053,0.06436781609195402,5.0,2.6601190476190477,0.2875457875457875
CSO-14-8A-AQUMA,13.0,31.0,33.0,2.0,0.0,0.0,0.0,0.0,23.0,1.0,2.1714285714285713,0.06881720430107527,6.0,2.5968379446640317,0.34110671936758896
CSO-14-8A-MCIDOS,13.0,27.0,29.5,2.0,0.0,0.0,0.0,0.0,19.0,1.0,2.2592592592592595,0.07149223325693914,6.0,3.0766231818863394,0.24248120300751877
CSO-14-8A-SZARA,13.0,24.0,25.0,1.0,0.0,0.0,0.0,0.0,13.0,1.0,2.1739130434782608,0.09057971014492754,5.0,2.4945054945054945,0.3669642857142857
CSO-14-8B-JLLORA,13.0,33.0,42.0,3.0,0.0,0.0,0.0,0.0,24.0,1.0,2.5454545454545454,0.07007575757575757,6.0,2.677536231884058,0.3956043956043956
CSO-14-9A-AEDCAGO,13.0,28.0,32.5,1.0,0.0,0.0,0.0,0.0,20.0,1.0,2.327956989247312,0.08160919540229886,5.0,2.3896103896103895,0.5110488816738816
CSO-14-9A-HASACA,13.0,31.0,36.0,6.0,0.0,0.0,0.0,0.0,14.0,1.0,2.3663793103448274,0.06565860215053763,4.0,2.300412087912088,0.5143668831168831
CSO-14-9A-JSMAAL,13.0,35.0,48.5,7.0,0.0,1.0,0.0,0.0,28.5,1.0,2.8,0.0667614983404457,5.0,2.6451612903225805,0.32623321123321125
CSO-14-9A-MARJA,13.0,23.0,28.0,4.0,0.0,0.0,0.0,0.0,16.0,1.0,2.5,0.10144927536231885,5.0,2.5073529411764706,0.33849206349206346
CSO-14-9A-SORZU,13.0,34.0,34.0,4.0,0.0,0.0,0.0,0.0,20.0,1.0,2.2,0.05714285714285714,5.0,2.6315789473684212,0.3111111111111111
CSO-14-9B-ERAGA,13.0,29.0,36.0,3.0,0.0,0.0,0.0,0.0,24.0,1.0,2.4402298850574713,0.07848932676518883,5.5,2.8576877470355733,0.35694444444444445
CSO-14-9B-MFEGA,13.0,26.0,33.0,7.5,0.0,1.5,0.0,0.0,16.0,1.0,2.533333333333333,0.07537037037037037,4.0,2.0627450980392155,0.26995357583592877
CSO-15-10A-LJRAGU,13.0,45.0,85.0,17.0,0.0,1.0,0.0,0.0,36.0,1.0,3.7777777777777777,0.06767676767676768,6.0,2.860597439544808,0.3763458763458763
CSO-15-10A-MAARLO,13.0,35.0,42.5,4.0,0.0,1.0,0.0,0.0,28.5,1.0,2.4564102564102566,0.06386554621848739,6.5,2.956759715380405,0.13296358813600195
CSO-15-10A-SFEGA,13.0,36.5,43.5,6.0,0.0,0.0,0.0,0.0,24.5,1.0,2.439097744360902,0.060431235431235436,6.0,2.8504347826086955,0.3334920634920635
CSO-15-10B-MEBUAR,13.0,32.0,38.0,5.0,0.0,0.0,0.0,0.0,26.0,1.0,2.3636363636363638,0.06653225806451613,6.0,3.011396011396011,0.19514189514189514
CSO-15-10B-YVBUAN,13.0,24.0,32.0,3.0,0.0,0.0,0.0,0.0,17.0,1.0,2.75,0.1067193675889328,4.0,2.477124183006536,0.4238095238095238
CSO-15-10C-ALBAHO,13.0,33.0,37.0,4.0,0.0,0.0,0.0,0.0,22.0,1.0,2.3870967741935485,0.06451612903225806,5.0,2.6333333333333333,0.20858585858585857
CSO-15-10C-SSCAMO,13.0,19.0,20.0,2.0,0.0,0.0,0.0,0.0,9.0,1.0,2.125,0.10833333333333334,4.0,2.018181818181818,0.4372294372294372
CSO-15-11C-JETALO,13.0,26.0,29.0,4.0,0.0,0.0,0.0,0.0,13.0,1.0,2.2,0.08046301524562394,4.0,2.3758234519104082,0.4372766122766123
CSO-15-7B-JCRAGA,13.0,26.0,32.0,5.0,0.0,0.0,0.0,0.0,20.0,1.0,2.4615384615384617,0.08307692307692308,5.0,2.4052287581699345,0.290652557319224
CSO-15-8A-VBMABR,13.0,33.0,45.0,5.0,0.0,0.0,0.0,0.0,25.0,1.0,2.896551724137931,0.08143939393939394,6.0,2.7984189723320156,0.4703369094673442
CSO-15-8B-KEPOGO,13.0,36.0,41.0,6.0,0.0,0.0,0.0,0.0,22.0,1.0,2.411764705882353,0.062388591800356503,6.0,3.2766798418972334,0.4388528138528139
CSO-15-9B-ALRIHE,13.0,34.5,40.0,4.0,0.0,0.5,0.0,0.0,21.5,1.0,2.2857142857142856,0.059663865546218484,4.0,2.2341991341991343,0.5213705276205276
CSO-15-9B-AMSAGO,13.0,28.0,33.0,3.0,0.0,0.0,0.0,0.0,19.0,1.0,2.357142857142857,0.0659536541889483,6.0,2.6363636363636362,0.3792617638771485
CSO-15-9B-JCAPA,13.0,30.0,37.0,4.0,0.0,1.0,0.0,0.0,21.0,1.0,2.4242424242424243,0.0735632183908046,5.0,2.8857142857142857,0.3934343434343434
CSO-15-9B-KSBEJA,13.0,28.5,42.5,6.5,0.0,0.0,0.0,0.0,25.5,1.0,2.9483870967741934,0.08859479827221764,7.0,3.1016272472268263,0.3565238854712539
CSO-15-9B-RMCHLU,13.0,26.0,37.0,4.0,0.0,0.0,0.0,0.0,20.0,1.0,2.781052631578947,0.09676638176638176,4.0,2.5041666666666664,0.3700099206349206
CSO-15-9B-SJAGRO,13.0,37.0,34.0,0.0,0.0,0.0,0.0,0.0,12.0,1.0,1.8,0.05105105105105105,5.0,2.393939393939394,0.11507936507936507
CSO-16-10A-JEGAHE,13.0,40.0,43.0,4.0,0.0,0.0,0.0,0.0,27.0,1.0,2.27027027027027,0.05641025641025641,6.0,3.0,0.23429118773946359
CSO-16-10A-MSACO,13.0,36.0,39.0,2.0,0.0,0.0,0.0,0.0,17.0,1.0,2.1621621621621623,0.057057057057057055,6.0,2.826839826839827,0.3806182121971596
CSO-16-10A-SARI,13.0,36.0,45.0,6.0,0.0,0.0,0.0,0.0,23.5,1.0,2.5,0.06190476190476191,6.0,3.1100131752305664,0.40249884978145845
CSO-16-10A-SMOUT,13.0,45.5,61.5,6.0,0.0,0.0,0.0,0.0,35.5,1.0,2.6897233201581026,0.05704364167458202,6.5,2.8513538748832867,0.3576303070247707
CSO-16-10A-YKMUJO,13.0,25.5,38.5,4.0,0.0,0.0,0.0,0.0,23.5,1.0,2.9309523809523808,0.10746438746438747,5.0,2.738685481820493,0.4806980056980057
CSO-16-10B-JESUGU,13.0,23.5,25.0,1.0,0.0,0.0,0.0,0.0,13.5,1.0,2.0833333333333335,0.08893280632411067,4.0,2.208791208791209,0.5377777777777778
CSO-16-10B-LTVIFA,13.0,25.0,25.0,1.0,0.0,0.0,0.0,0.0,14.0,1.0,2.0,0.08307692307692308,4.0,2.3,0.5047619047619047
CSO-16-10B-VVILI,13.0,34.0,41.0,4.0,0.0,0.0,0.0,0.0,23.0,1.0,2.4827586206896552,0.06818181818181818,6.0,2.7415384615384615,0.3060802833530106
CSO-16-10C-ACALGU,13.0,31.0,34.0,2.0,0.0,0.0,0.0,0.0,21.0,1.0,2.2142857142857144,0.06666666666666667,7.0,3.116883116883117,0.2802197802197802
CSO-16-10C-MAVAVE,13.0,23.0,23.0,1.0,0.0,0.0,0.0,0.0,12.0,1.0,1.92,0.08333333333333333,4.0,2.3555555555555556,0.2568027210884354
CSO-16-11A-JAVABO,13.0,32.0,37.0,8.0,0.0,0.0,0.0,0.0,14.0,1.0,2.342857142857143,0.058823529411764705,5.0,2.606060606060606,0.29705215419501135
CSO-16-11A-JDMUVA,13.0,28.0,24.0,1.0,0.0,0.0,0.0,0.0,13.0,1.0,1.793103448275862,0.06403940886699508,5.0,2.575,0.3294642857142857
CSO-16-11A-VZAOR,13.0,31.5,34.5,0.5,0.0,0.0,0.0,0.0,18.0,1.0,2.1434634974533107,0.06198686371100164,5.0,2.6491228070175437,0.3484001670843776
CSO-16-11B-KRORE,13.0,28.0,40.0,5.0,0.0,0.0,0.0,0.0,20.0,1.0,2.6666666666666665,0.08262108262108261,5.0,2.4313725490196076,0.4398110661268556
CSO-16-11B-LLOZA,13.0,34.0,47.0,8.0,0.0,0.0,0.0,0.0,25.0,1.0,2.689655172413793,0.06451612903225806,5.0,2.7857142857142856,0.3285335354300872
CSO-16-11B-YAROMO,13.0,27.0,26.5,2.0,0.0,0.0,0.0,0.0,14.0,1.0,1.9791666666666667,0.07407407407407407,3.0,1.9597222222222221,0.556060606060606
CSO-16-9A-JALEMO,13.0,35.0,33.0,4.0,0.0,0.0,0.0,0.0,16.0,1.0,2.0,0.05040322580645161,7.0,2.9450549450549453,0.2066666666666667
CSO-16-9A-JPROSO,13.0,31.0,35.0,1.0,0.0,0.0,0.0,0.0,19.0,1.0,2.2758620689655173,0.07407407407407407,5.0,2.380952380952381,0.3993055555555556
CSO-16-9A-JSMAGU,13.0,32.0,32.0,1.5,0.0,1.0,0.0,0.0,19.0,1.0,1.9071969696969697,0.055687927663734114,5.0,2.5959064327485377,0.2606837606837607
CSO-16-9B-SJPAJI,13.0,45.5,68.5,12.5,0.0,1.0,0.0,0.0,35.0,1.0,3.033816425120773,0.05483091787439613,6.0,2.6327731092436975,0.2838490495012234
CSO-17-10A-YVGOCA,13.0,43.5,63.0,9.0,0.0,2.0,0.0,0.0,38.5,1.0,2.8852713178294573,0.057352595724688746,6.0,2.8253869253869253,0.33719610491349616
CSO-17-10B-EHECO,13.0,30.0,32.0,3.0,0.0,0.0,0.0,0.0,19.0,1.0,2.064516129032258,0.06403940886699508,5.0,2.9,0.13125
CSO-17-10B-YCQUVE,13.0,24.0,34.0,10.0,0.0,0.0,0.0,0.0,22.0,1.0,2.909090909090909,0.08658008658008658,4.0,2.5770750988142295,0.2236263736263736
CSO-17-11A-DJAPA,13.0,37.5,51.5,11.0,0.0,0.0,0.0,0.0,26.5,1.0,3.1437246963562755,0.06795054163475217,5.0,2.6040617429555017,0.3020485466914038
CSO-17-11A-JDAMO,13.0,32.0,48.0,7.0,0.0,0.0,0.0,0.0,26.0,1.0,3.0,0.08266129032258064,5.0,2.4871794871794872,0.4804292929292929
CSO-17-11A-NPAHE,13.0,36.0,52.0,5.0,0.0,0.0,0.0,0.0,28.0,1.0,2.8205128205128207,0.07017543859649122,5.0,2.7733333333333334,0.42535064935064937
CSO-17-11A-RLPAIG,13.0,23.0,30.0,4.0,0.0,0.0,0.0,0.0,12.0,1.0,2.2758620689655173,0.08947368421052632,4.0,2.238095238095238,0.48937728937728936
CSO-17-11A-SPUVA,13.0,31.0,39.0,11.0,0.0,0.0,0.0,0.0,18.0,1.0,2.6,0.0625,4.0,2.5808823529411766,0.1954920634920635
CSO-17-11B-CDBEBU,13.0,26.5,28.5,4.0,0.0,0.0,0.0,0.0,12.5,1.0,2.2264957264957266,0.07834757834757836,4.0,2.1297702297702297,0.3886507936507937
CSO-17-11C-JDAAG,13.0,28.0,27.0,0.0,0.0,0.0,0.0,0.0,13.5,1.0,1.8544973544973544,0.0660968660968661,4.0,2.361904761904762,0.4492477760334903
CSO-17-11C-MAPAMA,13.0,33.5,39.0,3.0,0.0,0.0,0.0,0.0,21.5,1.0,2.25,0.05768337310145459,6.0,2.923141351402221,0.2976190476190476
CSO-17-11C-MCAAG,13.0,24.0,24.0,2.0,0.0,0.0,0.0,0.0,14.0,1.0,2.0,0.07246376811594203,5.0,2.713235294117647,0.20578231292517007
CSO-17-11C-SARJA,13.0,24.5,29.0,3.5,0.0,0.0,0.0,0.0,12.0,1.0,2.374125874125874,0.0873015873015873,4.5,2.266281512605042,0.5045531849103277
CSO-18-11A-ADBAHO,13.0,31.0,35.0,2.0,0.0,0.0,0.0,0.0,18.0,1.0,2.2580645161290325,0.07007575757575757,6.0,3.0292397660818713,0.3423015873015873
CSO-18-11B-YLLRE,13.0,38.0,49.0,4.0,0.0,0.0,0.0,0.0,30.0,1.0,2.5238095238095237,0.06039488966318235,7.0,2.993846153846154,0.3747331615752668
CSO-18-9B-MAMOLO,13.0,28.0,33.0,2.0,0.0,1.0,0.0,0.0,15.0,1.0,2.357142857142857,0.07971014492753623,4.0,2.2435897435897436,0.5056051587301588
CSO-8-3A-AIPRBR,13.0,34.0,42.5,5.0,0.0,0.0,0.0,0.0,26.5,1.0,2.5218487394957982,0.06903355183715715,5.5,2.836666666666667,0.28664009553664727
CSO-8-3A-DAPAVA,13.0,28.0,42.0,9.0,0.0,1.0,0.0,0.0,23.0,1.0,3.0434782608695654,0.09116809116809117,4.0,2.3399209486166006,0.38650793650793647
CSO-8-3A-KVPECO,13.0,16.0,26.0,8.0,0.0,0.0,0.0,0.0,10.0,1.0,3.375,0.15833333333333333,4.0,2.106060606060606,0.4353174603174603
CSO-8-4A-ARAGR,13.0,24.0,29.0,4.0,0.0,0.0,0.0,0.0,17.0,1.0,2.3703703703703702,0.09057971014492754,5.0,2.3970588235294117,0.26265664160401003
CSO-8-4A-JRAAR,13.0,23.0,26.0,3.0,0.0,0.0,0.0,0.0,14.0,1.0,2.32,0.09420289855072464,4.0,2.128205128205128,0.40714285714285714
CSO-9-2A-EXMOCO,13.0,21.0,34.0,4.0,0.0,1.0,0.0,0.0,16.0,1.0,3.3452380952380953,0.12401185770750989,4.0,2.2134502923976607,0.472826296510507
CSO-9-4A-AGAPE,13.0,38.0,35.0,4.0,0.0,0.0,0.0,0.0,15.0,1.0,1.8421052631578947,0.044096728307254626,4.0,2.276190476190476,0.15703703703703703
CSO-9-4A-DKVIMO,13.0,20.0,24.0,1.0,0.0,0.0,0.0,0.0,17.0,1.0,2.5,0.12926255031518188,5.0,2.541501976284585,0.45791446208112874
CSO-9-4A-DSMOMU,13.0,16.0,12.0,0.0,0.0,0.0,0.0,0.0,4.5,1.0,1.4642857142857144,0.10303030303030303,3.0,1.6666666666666667,0.26996336996337
CSO-9-4A-DVGATO,13.0,28.0,31.0,3.0,0.0,0.0,0.0,0.0,20.0,1.0,2.2,0.07407407407407407,5.0,2.8105263157894735,0.26288737717309146
CSO-9-4A-EGCAMO,13.0,29.0,45.0,6.0,0.0,0.0,0.0,0.0,24.0,1.0,3.0,0.09523809523809523,5.0,2.54985754985755,0.39238683127572016
CSO-9-4A-FAGIGA,13.0,26.0,30.0,2.0,0.0,1.0,0.0,0.0,18.0,1.0,2.2222222222222223,0.07666666666666666,5.0,2.5285714285714285,0.2534848484848485
CSO-9-4A-GSBRCO,13.0,24.0,39.0,5.0,0.0,0.0,0.0,0.0,23.0,1.0,3.1666666666666665,0.11956521739130435,7.0,3.013333333333333,0.32660317460317456
CSO-9-4A-KEMOCO,13.0,28.0,39.5,5.0,0.0,1.0,0.0,0.0,23.0,1.0,2.7338935574229692,0.08847837985769019,6.0,2.8379612825166367,0.4049359668109668
CSO-9-4A-LCOMO,13.0,29.5,36.5,6.0,0.0,3.0,0.0,0.0,25.0,1.0,2.4939024390243905,0.06791125541125541,7.5,3.469778007821486,0.1383125472411187
CSO-9-4A-MLORO,13.0,25.5,27.0,3.0,0.0,0.0,0.0,0.0,12.0,1.0,2.170289855072464,0.08012820512820512,4.0,2.1818181818181817,0.3452380952380953
CSO-9-4A-MPAME,13.0,26.0,24.5,3.5,0.0,0.0,0.0,0.0,9.0,1.0,1.8873626373626373,0.06615384615384615,3.0,1.9444444444444444,0.45185185185185184
CSO-9-4A-NSARPA,13.0,33.0,53.0,11.0,0.0,0.0,0.0,0.0,26.0,1.0,3.0,0.07386363636363637,5.0,2.664615384615385,0.40956776556776553
CSO-9-4A-SLOCA,13.0,39.0,62.0,11.0,0.0,0.0,0.0,0.0,30.0,1.0,3.2,0.06794871794871794,6.0,2.7896613190730837,0.4808080808080808
CSO-9-4A-YVDITR,13.0,18.0,25.0,5.0,0.0,0.0,0.0,0.0,17.0,1.0,2.9411764705882355,0.1437908496732026,5.0,2.5588235294117645,0.2556022408963585
