file,wc,nodes,edges,re,pe,l1,l2,l3,lcc,lsc,atd,density,diameter,asp,cc
CDMS-10-4A-JURAN,11.0,25.0,29.0,2.0,0.0,0.0,0.0,0.0,19.0,1.0,2.25,0.08666666666666667,6.0,2.7719298245614037,0.19140989729225022
CDMS-10-5A-HEPIHO,11.0,26.0,26.0,1.0,0.0,0.0,0.0,0.0,14.0,1.0,2.0,0.07608695652173914,4.0,2.3736263736263736,0.4145363408521303
CDMS-10-5A-KSRAGU,11.0,30.5,29.5,3.5,0.0,0.0,0.0,0.0,14.5,1.0,1.935483870967742,0.05784204671857619,4.5,2.323076923076923,0.1547041847041847
CDMS-10-5A-SROPU,11.0,34.0,41.5,2.5,0.0,0.0,0.0,0.0,25.0,1.0,2.4411764705882355,0.06979723707664884,7.0,2.96,0.40268398268398264
CDMS-10-5A-SZURO,11.0,25.0,34.0,5.0,0.0,0.0,0.0,0.0,20.0,1.0,2.838709677419355,0.10666666666666667,5.0,2.721014492753623,0.33284493284493283
CDMS-10-5B-SRAJA,11.0,35.0,41.0,3.0,0.0,1.0,0.0,0.0,28.0,1.0,2.344771241830065,0.062341906459553516,6.0,3.3472871317698907,0.16926351638995318
CDMS-10-5C-DAAUSA,11.0,33.0,54.0,9.0,0.0,1.0,0.0,0.0,23.0,1.0,3.1515151515151514,0.08266129032258064,4.0,2.335384615384615,0.4685107376283847
CDMS-10-5C-ICAPA,11.0,16.0,26.0,3.0,0.0,0.0,0.0,0.0,16.0,1.0,3.090909090909091,0.16911764705882354,5.0,2.2416666666666667,0.5943181818181819
CDMS-10-5C-JFALGI,11.0,22.5,22.5,2.0,0.0,0.0,0.0,0.0,12.5,1.0,2.0952380952380953,0.09074440052700922,4.0,2.1666666666666665,0.42053571428571423
CDMS-10-5C-MAORTO,11.0,28.0,35.0,5.0,0.0,0.0,0.0,0.0,21.0,1.0,2.533333333333333,0.07692307692307693,6.0,2.963768115942029,0.17857142857142858
CDMS-10-5C-NBEMO,11.0,43.0,57.0,5.0,0.0,0.0,0.0,0.0,30.0,1.0,2.6382978723404253,0.05410628019323672,6.0,2.7338709677419355,0.39956597222222223
CDMS-10-6B-ASCACO,11.0,25.0,40.0,11.0,0.0,0.0,0.0,0.0,21.0,1.0,3.037037037037037,0.10333333333333333,6.0,2.8366013071895426,0.2886904761904762
CDMS-10-6B-JJMOBE,11.0,25.0,27.0,1.0,0.0,0.0,0.0,0.0,16.0,1.0,2.230769230769231,0.08923076923076922,5.0,2.371794871794872,0.37083333333333335
CDMS-11-4A-GACHSA,11.0,24.0,32.0,8.0,0.0,0.0,0.0,0.0,16.0,1.0,3.125,0.11764705882352941,4.0,2.2941176470588234,0.5091575091575091
CDMS-11-5A-EAARCA,11.0,26.0,42.0,10.0,0.0,0.0,0.0,0.0,23.0,1.0,3.1538461538461537,0.09538461538461539,4.0,2.4789473684210526,0.46627140974967063
CDMS-11-5A-MGTHAR,11.0,26.5,50.0,10.5,0.0,0.0,0.0,0.0,25.0,1.0,3.728888888888889,0.11436047849091327,5.0,2.4144017094017096,0.4633828627236335
CDMS-11-6A-DFVEBE,11.0,29.5,44.0,9.0,0.0,0.0,0.0,0.0,23.5,1.0,2.933333333333333,0.08087027914614121,4.5,2.520688579155398,0.38133100233100237
CDMS-11-6A-NMREPR,11.0,26.0,38.5,8.0,0.0,0.0,0.0,0.0,21.0,1.0,2.923076923076923,0.09116809116809117,5.0,2.412023043736599,0.3407258028376041
CDMS-11-6B-ARAHE,11.0,28.0,35.0,4.0,0.0,0.0,0.0,0.0,12.0,1.0,2.3684210526315788,0.08465608465608465,5.0,2.3333333333333335,0.3444444444444444
CDMS-11-6B-AVROTO,11.0,20.0,24.0,5.0,0.0,0.0,0.0,0.0,14.0,1.0,2.6666666666666665,0.11578947368421053,4.0,2.2637362637362637,0.4207936507936508
CDMS-11-6B-EAFESA,11.0,35.0,44.0,8.0,0.0,0.0,0.0,0.0,24.0,1.0,2.689655172413793,0.0665024630541872,6.0,2.742690058479532,0.213768115942029
CDMS-11-6B-EFRGR,11.0,35.0,58.0,9.0,0.0,0.0,0.0,0.0,29.0,1.0,3.0526315789473686,0.07130124777183601,6.0,2.8029556650246303,0.3635610766045549
CDMS-11-6B-EROCO,11.0,17.0,26.0,3.0,0.0,0.0,0.0,0.0,16.0,1.0,3.3333333333333335,0.19166666666666668,4.0,2.1,0.6498397435897436
CDMS-11-6B-JACUPE,11.0,32.0,49.0,11.0,0.0,2.0,0.0,0.0,28.0,1.0,2.875,0.07056451612903226,6.0,2.7804232804232805,0.21295371295371296
CDMS-11-6B-JDCHBA,11.0,31.0,33.0,3.0,0.0,0.0,0.0,0.0,20.0,1.0,2.5294117647058822,0.07226890756302522,5.0,2.5098039215686274,0.3816666666666667
CDMS-11-6B-JFSAHE,11.0,21.0,22.0,2.0,0.0,0.0,0.0,0.0,13.0,1.0,2.0833333333333335,0.09047619047619047,4.0,2.358974358974359,0.3857142857142857
CDMS-11-6B-JLPENA,11.0,21.5,23.5,4.5,0.0,0.0,0.0,0.0,13.0,1.0,2.121693121693122,0.0884502923976608,4.0,2.23018648018648,0.35145502645502646
CDMS-11-6B-JMARME,11.0,33.0,47.5,7.0,0.0,0.0,0.0,0.0,25.5,1.0,2.8074324324324325,0.0767567920585162,6.0,2.8045787545787544,0.3293132793132793
CDMS-11-6B-JPSAMA,11.0,31.0,39.0,4.0,0.0,0.0,0.0,0.0,21.5,1.0,2.4913978494623654,0.07556544308490916,5.5,2.546821599453178,0.4708754208754209
CDMS-11-6B-LESTA,11.0,26.0,33.0,4.0,0.0,0.0,0.0,0.0,21.0,1.0,2.6666666666666665,0.08994708994708994,6.0,2.802371541501976,0.3761904761904762
CDMS-11-6B-MAGIMU,11.0,26.0,38.0,6.5,0.0,0.0,0.0,0.0,24.0,1.0,2.903076923076923,0.09769230769230769,7.0,3.2652669391799827,0.43777997364953886
CDMS-11-6B-MEBRTA,11.0,16.5,18.5,3.0,0.0,0.0,0.0,0.0,10.0,1.0,2.3157894736842106,0.12549019607843137,4.0,2.138888888888889,0.41328763828763826
CDMS-11-6B-MMAMO,11.0,39.5,52.0,10.0,0.0,0.0,0.0,0.0,21.5,1.0,2.633974358974359,0.05571409762680623,5.0,2.711175666438824,0.42633546347832063
CDMS-11-6B-RSECA,11.0,29.0,36.0,2.0,0.0,0.0,0.0,0.0,23.0,1.0,2.4,0.07936507936507936,5.0,2.632034632034632,0.41319405232448714
CDMS-11-6B-SCAPA,11.0,25.0,23.0,3.0,0.0,0.0,0.0,0.0,11.0,1.0,1.9166666666666667,0.07076923076923076,4.0,2.1818181818181817,0.15555555555555556
CDMS-11-6B-VZAPE,11.0,31.5,47.0,10.0,0.0,0.0,0.0,0.0,22.5,1.0,2.9858870967741935,0.08009530791788856,4.0,2.513260869565217,0.4315340909090909
CDMS-11-6B-YLNIME,11.0,32.0,38.0,8.0,0.0,0.0,0.0,0.0,19.0,1.0,2.4516129032258065,0.06451612903225806,5.0,2.461988304093567,0.3448051948051948
CDMS-11-7C-ICARE,11.0,27.0,29.0,4.0,0.0,0.0,0.0,0.0,18.0,1.0,2.2142857142857144,0.06896551724137931,5.0,2.816993464052288,0.19490358126721763
CDMS-11-7C-IMOIB,11.0,31.0,38.0,3.0,0.0,0.0,0.0,0.0,22.0,1.0,2.5,0.07816091954022988,6.0,2.717391304347826,0.41172138047138046
CDMS-11-7C-SALMA,11.0,31.0,59.0,16.0,0.0,0.0,0.0,0.0,25.0,1.0,3.806451612903226,0.0967741935483871,7.0,2.9288537549407114,0.3893491124260355
CDMS-11-7C-SPGAVE,11.0,22.0,20.0,3.0,0.0,0.0,0.0,0.0,8.0,1.0,1.8,0.0735930735930736,3.0,1.7619047619047619,0.29523809523809524
CDMS-12-5A-SRIGO,11.0,35.0,42.0,7.0,0.0,0.0,0.0,0.0,18.0,1.0,2.7027027027027026,0.06543385490753911,4.0,2.3790849673202614,0.43529411764705883
CDMS-12-6A-FAROPA,11.0,38.0,57.0,15.0,0.0,0.0,0.0,0.0,23.0,1.0,3.0,0.059743954480796585,5.0,2.6205533596837944,0.28107472237907016
CDMS-12-6A-JGIGA,11.0,25.5,36.0,4.5,0.0,0.0,0.0,0.0,19.0,1.0,2.716524216524217,0.09814381270903011,5.0,2.4461988304093567,0.4560783572688334
CDMS-12-6A-JSOTGU,11.0,26.0,38.0,8.0,0.0,0.0,0.0,0.0,19.0,1.0,2.96,0.09,4.0,2.2745098039215685,0.4345238095238095
CDMS-12-6A-SROAL,11.0,26.0,33.0,5.0,0.0,0.0,0.0,0.0,19.0,1.0,2.5925925925925926,0.08923076923076922,6.0,2.9393939393939394,0.4611555111555112
CDMS-12-6B-IJDAGA,11.0,24.5,30.0,2.5,0.0,0.0,0.0,0.0,12.0,1.0,2.425806451612903,0.09428571428571428,5.0,2.826923076923077,0.321114417989418
CDMS-12-6B-SCLAG,11.0,28.0,39.0,5.0,0.0,1.0,0.0,0.0,22.0,1.0,2.6666666666666665,0.07936507936507936,6.0,3.0786290322580645,0.34368530020703936
CDMS-12-7C-ARAHE,11.0,30.5,41.0,6.0,0.0,0.0,0.0,0.0,18.5,1.0,2.6467803030303028,0.07793878118544414,6.0,2.6071551427588577,0.4952667548500882
CDMS-12-7C-CATRAR,11.0,29.0,43.0,9.0,0.0,0.0,0.0,0.0,22.0,1.0,2.966666666666667,0.0832512315270936,5.0,2.592948717948718,0.4048947264856355
CDMS-12-7C-DLOLO,11.0,27.0,48.0,18.0,0.0,0.0,0.0,0.0,20.0,1.0,3.310344827586207,0.08615384615384615,6.0,2.7953216374269005,0.3325396825396825
CDMS-12-7C-JSZAOR,11.0,16.0,18.0,0.0,0.0,0.0,0.0,0.0,16.0,1.0,2.1176470588235294,0.13333333333333333,4.0,2.35,0.26382575757575755
CDMS-12-7C-MAROBE,11.0,40.0,47.0,4.0,0.0,0.0,0.0,0.0,26.0,1.0,2.3333333333333335,0.05512820512820513,5.0,2.5692307692307694,0.3352564102564103
CDMS-12-7C-VMAPA,11.0,26.0,37.0,5.0,0.0,0.0,0.0,0.0,22.0,1.0,2.8461538461538463,0.09846153846153846,6.0,2.6623376623376624,0.29551357733175915
CDMS-12-7C-VQURA,11.0,23.0,27.0,2.0,0.0,0.0,0.0,0.0,14.0,1.0,2.25,0.09782608695652174,5.0,2.4285714285714284,0.346031746031746
CDMS-13-6B-ASUMO,11.0,20.0,22.5,2.0,0.0,0.0,0.0,0.0,11.5,1.0,2.25,0.10777863777089783,3.0,1.8668331668331668,0.5173941798941799
CDMS-13-6B-JDTAHE,11.0,20.0,25.5,1.5,0.0,0.0,0.0,0.0,18.0,1.0,2.5675057208237986,0.12631578947368421,6.0,2.7742690058479536,0.2840712893344472
CDMS-13-7C-MVEAR,11.0,32.5,51.0,10.0,0.0,1.0,0.0,0.0,30.0,1.0,3.0,0.07658846529814273,5.5,2.6311699156526744,0.3172846003320683
CDMS-13-7C-RAIZAC,11.0,24.0,26.0,3.0,0.0,1.0,0.0,0.0,18.0,1.0,2.380952380952381,0.09230769230769231,5.0,2.4894736842105263,0.3782539682539683
CDMS-13-7C-SSOSLO,11.0,35.0,54.0,10.0,0.0,2.0,0.0,0.0,24.0,1.0,2.918918918918919,0.06606606606606606,4.0,2.3506493506493507,0.48201942984551677
CDMS-14-10A-IMORTO,11.0,22.0,30.5,5.5,0.0,1.0,0.0,0.0,15.0,1.0,2.844444444444444,0.10937571200729096,3.0,1.9384803921568627,0.4864359945609945
CDMS-14-10A-JCVANI,11.0,27.5,27.0,3.0,0.0,0.0,0.0,0.0,12.0,1.0,2.0,0.06887429301222404,4.0,2.314269064269064,0.23452380952380952
CDMS-14-5A-LSDUCO,11.0,35.0,58.0,12.0,0.0,1.0,0.0,0.0,23.0,1.0,3.3142857142857145,0.07563025210084033,5.0,2.308300395256917,0.5574440052700922
CDMS-14-6B-KDCAHE,11.0,34.0,36.0,3.0,0.0,0.0,0.0,0.0,17.0,1.0,2.1818181818181817,0.05873015873015873,5.0,2.698529411764706,0.4167548500881834
CDMS-15-10A-AMALOS,11.0,31.0,43.0,4.0,0.0,1.0,0.0,0.0,24.5,1.0,2.6225806451612903,0.07219132369299222,6.0,2.733840579710145,0.3896233766233766
CDMS-15-10A-JJMACH,11.0,50.0,61.0,2.0,0.0,0.0,0.0,0.0,37.0,1.0,2.4444444444444446,0.04591836734693878,7.0,3.296341463414634,0.3987712287712287
CDMS-15-10A-MAALCA,11.0,32.0,34.0,6.0,0.0,1.0,0.0,0.0,19.0,1.0,2.108108108108108,0.0582010582010582,4.0,2.3529411764705883,0.21187584345479082
CDMS-15-10A-MAALRI,11.0,32.0,41.0,5.0,0.0,0.0,0.0,0.0,17.0,1.0,2.6087962962962963,0.07506756368236445,4.0,2.2422385620915035,0.5114132553606238
CDMS-15-10A-SGOMO,11.0,25.0,35.0,1.0,0.0,0.0,0.0,0.0,20.0,1.0,2.5517241379310347,0.10666666666666667,5.0,2.497076023391813,0.42936507936507934
CDMS-15-10A-SHEGA,11.0,36.0,44.5,5.0,1.0,0.0,1.0,0.0,20.0,2.0,2.5,0.0626984126984127,4.0,2.594736842105263,0.4945728291316527
CDMS-15-11B-JEMOLO,11.0,39.5,59.5,10.5,0.0,0.0,0.0,0.0,30.5,1.0,3.0767045454545454,0.0613613797182475,6.0,2.782531185444144,0.3149039983299545
CDMS-15-11B-VSAHO,11.0,32.0,42.0,3.0,0.0,0.0,0.0,0.0,25.0,1.0,2.625,0.07862903225806452,5.0,2.61,0.4306122448979592
CDMS-16-10A-SGALO,11.0,28.0,26.5,0.0,0.0,0.0,0.0,0.0,13.5,1.0,1.8018648018648018,0.06297208538587849,5.0,2.5556776556776555,0.3547514619883041
CDMS-16-11B-NGABE,11.0,37.0,51.0,8.0,0.0,1.0,0.0,0.0,26.0,1.0,2.896551724137931,0.06456456456456457,4.0,2.3971774193548385,0.48659502262443444
CDMS-17-10A-ASSAMO,11.0,36.0,33.0,1.0,0.0,0.0,0.0,0.0,17.0,1.0,1.8181818181818181,0.050793650793650794,5.0,2.6544117647058822,0.07026143790849673
CDMS-18-7C-VVECA,11.0,25.0,29.0,5.0,0.0,1.0,0.0,0.0,16.0,1.0,2.272727272727273,0.07,5.0,2.389705882352941,0.3384615384615385
CDMS-8-4A-DBEVA,11.0,21.0,29.0,8.0,0.0,0.0,0.0,0.0,16.0,1.0,2.727272727272727,0.12380952380952381,5.0,2.4725274725274726,0.28968253968253965
CDMS-8-4A-DJAVDA,11.0,21.5,24.0,2.0,0.0,0.0,0.0,0.0,10.0,1.0,2.186147186147186,0.09978354978354978,3.5,1.9472222222222224,0.274074074074074
CDMS-8-4A-DOSTR,11.0,26.0,33.0,5.0,0.0,0.0,0.0,0.0,18.0,1.0,2.413793103448276,0.0873015873015873,4.0,2.4095238095238094,0.4081726354453627
CDMS-8-4A-LGOPA,11.0,23.0,34.0,6.0,0.0,0.0,0.0,0.0,17.0,1.0,2.923076923076923,0.10448428383210992,5.0,2.627450980392157,0.512703081232493
CDMS-8-4C-JDBUTU,11.0,22.5,28.5,4.0,0.0,0.0,0.0,0.0,15.0,1.0,2.3846153846153846,0.0983201581027668,4.0,2.344047619047619,0.28211309523809525
CDMS-9-4A-ACDUTR,11.0,29.0,31.0,4.5,0.0,0.0,0.0,0.0,15.5,1.0,2.253315649867374,0.06887429301222404,4.0,2.21978021978022,0.40011273448773443
CDMS-9-4A-CARGA,11.0,31.0,46.0,11.0,1.0,0.0,1.0,0.0,20.0,2.0,3.0,0.07311827956989247,5.0,2.8526315789473684,0.28869047619047616
CDMS-9-4A-CRAAG,11.0,22.0,35.0,7.5,0.0,0.0,0.0,0.0,19.5,1.0,3.0925925925925926,0.11289473684210527,5.0,2.4897986071899116,0.42033771381597473
CDMS-9-4A-EROHI,11.0,27.0,36.0,4.0,0.0,0.0,0.0,0.0,21.0,1.0,2.8184615384615386,0.09942528735632183,5.5,2.581596564355185,0.6983958570165467
CDMS-9-4A-ILOSE,11.0,37.5,57.5,6.0,0.0,0.0,0.0,0.0,35.5,1.0,3.093172119487909,0.07658447921605815,7.0,3.164884135472371,0.3963114566055742
CDMS-9-4A-TGAFR,11.0,18.0,22.0,1.0,0.0,0.0,0.0,0.0,14.0,1.0,2.6,0.12631578947368421,4.0,2.3529411764705883,0.35933014354066983
CDMS-9-4C-SCAMO,11.0,31.5,32.5,3.0,0.0,0.0,0.0,0.0,19.5,1.0,2.0625610948191593,0.06053885630498534,6.0,2.7777777777777777,0.18800013118194936
CDMS-9-5A-ABERO,11.0,27.0,33.5,5.0,0.0,0.0,0.0,0.0,19.5,1.0,2.4900284900284904,0.08386650386650386,5.0,2.6279761904761907,0.36767895404259043
CDMS-9-5A-PAGACO,11.0,25.0,34.5,6.0,0.0,0.0,0.0,0.0,17.5,1.0,2.7037037037037037,0.09479375696767,5.0,2.7021978021978024,0.4098739495798319
CDMS-9-5A-VVAAR,11.0,22.5,28.5,3.5,0.0,0.0,0.0,0.0,15.0,1.0,2.5790513833992095,0.10549595332204029,4.0,2.4583333333333335,0.43716553287981863
CDMS-9-5C-JDMADE,11.0,26.0,26.5,3.0,0.0,0.0,0.0,0.0,18.0,1.0,2.037037037037037,0.07227920227920229,5.0,2.7354016167870654,0.18443646996278573
CDMS-9-5C-LVIZAC,11.0,22.0,22.0,1.0,0.0,0.0,0.0,0.0,10.0,1.0,2.0,0.08571428571428572,4.0,2.121212121212121,0.14682539682539683
CDMS-9-5C-MLOGO,11.0,23.0,34.0,5.0,0.0,0.0,0.0,0.0,18.0,1.0,2.962962962962963,0.09523809523809523,5.0,2.375,0.365007215007215
CDMS-9-5C-SCAAG,11.0,26.0,36.0,3.5,0.0,0.0,0.0,0.0,22.0,1.0,2.7350000000000003,0.10437321937321938,6.0,2.8461538461538463,0.4365675387414518
CDMS-XX-10A-VGILO,11.0,34.0,49.0,4.0,0.0,0.0,0.0,0.0,31.0,1.0,2.742857142857143,0.07563025210084033,5.0,2.689516129032258,0.4959523809523809
CDMS-XX-5C-MJSARU,11.0,28.0,31.0,2.0,0.0,0.0,0.0,0.0,16.0,1.0,2.2142857142857144,0.07881773399014778,5.0,2.366013071895425,0.34069264069264066
CDMS-XX-5C-MPCAQU,11.0,20.0,32.0,3.0,0.0,0.0,0.0,0.0,20.0,1.0,3.1,0.13157894736842105,4.0,2.34640522875817,0.3998834498834499
CDMS-XX-6A-MAGICA,11.0,26.0,32.0,1.0,0.0,0.0,0.0,0.0,19.0,1.0,2.5,0.08387096774193549,6.0,2.9590643274853803,0.36086309523809523
CDMS-XX-6B-SPUCA,11.0,27.5,32.5,3.0,0.0,0.0,0.0,0.0,18.5,1.0,2.3301630434782608,0.07586206896551724,6.5,2.8886446886446886,0.3969065656565656
CSO-10-4A-ICAPA,11.0,31.0,49.0,12.0,0.0,0.0,0.0,0.0,23.0,1.0,3.1333333333333333,0.08172043010752689,5.0,2.6956521739130435,0.45544588744588743
CSO-10-4A-KCOMO,11.0,28.0,45.5,6.5,0.0,0.0,0.0,0.0,24.0,1.0,3.357142857142857,0.1044306906375872,5.0,2.403985507246377,0.5270891634245671
CSO-10-4A-LRAVI,11.0,25.0,34.5,3.0,0.0,0.0,0.0,0.0,20.0,1.0,2.83974358974359,0.10603988603988604,4.0,2.2381711855396063,0.4601081580957742
CSO-10-4A-LSCAVA,11.0,24.5,22.5,0.5,0.0,0.0,0.0,0.0,9.5,1.0,1.8596059113300494,0.07605517416730231,3.5,1.932900432900433,0.5531746031746032
CSO-10-5A-ACAVA,11.0,26.0,29.5,1.0,0.0,0.0,0.0,0.0,17.0,1.0,2.346326836581709,0.09173789173789174,5.0,2.170106639146887,0.6049168152109329
CSO-10-5A-ARACA,11.0,20.5,23.0,3.0,0.0,0.0,0.0,0.0,11.0,1.0,2.087121212121212,0.0915032679738562,4.0,2.161421911421911,0.19395743145743144
CSO-10-5A-DABRZA,11.0,29.0,37.0,6.0,0.0,0.0,0.0,0.0,18.0,1.0,2.5684093437152393,0.07302188552188552,6.0,2.719298245614035,0.38290123456790126
CSO-10-5A-GZAMA,11.0,32.0,54.0,10.5,0.0,1.0,0.0,0.0,26.5,1.0,3.128787878787879,0.0783949758991472,5.0,2.5586781609195404,0.40832025117739407
CSO-10-5A-IPECA,11.0,43.0,69.0,14.0,0.0,0.0,0.0,0.0,35.0,1.0,3.1219512195121952,0.05758582502768549,7.0,2.878787878787879,0.3809144072301967
CSO-10-5A-JANORO,11.0,23.0,30.0,2.0,0.0,0.0,0.0,0.0,19.0,1.0,2.56,0.10144927536231885,5.0,2.5789473684210527,0.343984962406015
CSO-10-5A-JBUVE,11.0,30.0,31.0,1.0,0.0,0.0,0.0,0.0,14.5,1.0,2.066666666666667,0.06896551724137931,5.0,2.835883071177189,0.1656617192331478
CSO-10-5A-JJSEMO,11.0,22.0,27.5,5.0,0.0,0.0,0.0,0.0,13.5,1.0,2.4318181818181817,0.09337068160597572,4.0,2.3312908496732025,0.2774498456790123
CSO-10-5A-JLCARI,11.0,24.0,30.0,1.0,0.0,0.0,0.0,0.0,20.0,1.0,2.5454545454545454,0.11231884057971014,6.0,2.8051948051948052,0.4508333333333333
CSO-10-5A-MAARAN,11.0,38.5,58.5,10.0,0.0,0.0,0.0,0.0,29.5,1.0,3.115131578947368,0.06614509246088193,7.0,2.881609195402299,0.3582295482295482
CSO-10-5A-MAOSMO,11.0,27.0,25.0,1.0,0.0,0.0,0.0,0.0,11.0,1.0,2.0,0.07671957671957672,5.0,2.418181818181818,0.3671957671957672
CSO-10-5A-RVMOIB,11.0,31.0,41.5,3.0,0.0,0.0,0.0,0.0,25.0,1.0,2.6875,0.0815799120234604,6.0,2.8830769230769233,0.39586247086247084
CSO-10-5A-SVHEES,11.0,29.0,46.5,8.0,0.0,0.0,0.0,0.0,21.0,1.0,3.065237651444548,0.09113300492610837,4.0,2.2937979539641944,0.46815732513100927
CSO-11-5A-MDVOSPE,11.0,29.0,39.0,6.0,0.0,0.0,0.0,0.0,20.0,1.0,2.75,0.08620689655172414,4.0,2.4095238095238094,0.35702075702075703
CSO-11-5A-MTAGA,11.0,27.0,28.5,1.0,0.0,0.0,0.0,0.0,15.0,1.0,2.037037037037037,0.07398284984491882,4.0,2.381701631701632,0.4279761904761905
CSO-11-6A-CAPAMU,11.0,28.0,30.0,2.0,0.0,0.0,0.0,0.0,17.0,1.0,2.1818181818181817,0.07586206896551724,5.0,2.607843137254902,0.3191358024691358
CSO-11-6A-DSCACH,11.0,22.5,23.0,2.0,0.0,0.0,0.0,0.0,13.0,1.0,2.0,0.08695652173913043,4.0,2.117132867132867,0.41405677655677653
CSO-11-6A-EROMO,11.0,27.0,34.0,3.0,0.0,0.0,0.0,0.0,19.0,1.0,2.6153846153846154,0.09230769230769231,5.0,2.575,0.48639455782312924
CSO-11-6A-FSOVRE,11.0,23.5,28.5,2.0,0.0,0.0,0.0,0.0,17.5,1.0,2.3636363636363638,0.10072463768115943,4.0,2.44327485380117,0.470679012345679
CSO-11-6B-ANREVA,11.0,39.0,46.0,3.0,0.0,0.0,0.0,0.0,26.0,1.0,2.3,0.05714285714285714,7.0,3.141304347826087,0.35173160173160173
CSO-11-6B-DISEMO,11.0,25.5,33.5,6.0,0.0,0.0,0.0,0.0,17.0,1.0,2.6414285714285715,0.08681159420289855,3.5,2.1480392156862744,0.3604108309990663
CSO-11-6B-LHFDLACH,11.0,25.0,27.0,2.0,0.0,0.0,0.0,0.0,15.0,1.0,2.08,0.07509881422924901,4.0,2.301470588235294,0.4184126984126984
CSO-11-6B-RJGIHE,11.0,20.0,17.0,2.0,0.0,0.0,0.0,0.0,9.0,1.0,1.738888888888889,0.07722738218094255,3.5,2.0476190476190474,0.16066618566618568
CSO-11-6B-SFLVA,11.0,28.0,47.0,5.0,0.0,0.0,0.0,0.0,25.0,1.0,3.4074074074074074,0.11330049261083744,4.0,2.3,0.49625974025974023
CSO-11-6B-VCOMA,11.0,26.0,27.0,4.0,0.0,0.0,0.0,0.0,13.0,1.0,2.3333333333333335,0.07792207792207792,4.0,2.08974358974359,0.31309523809523804
CSO-12-6A-DGISE,11.0,20.0,22.0,2.0,0.0,0.0,0.0,0.0,15.0,1.0,2.3157894736842106,0.11255411255411256,7.0,2.876190476190476,0.38666666666666666
CSO-12-6A-FJOVRE,11.0,29.0,31.0,1.0,0.0,0.0,0.0,0.0,20.0,1.0,2.3225806451612905,0.07389162561576355,6.0,2.538095238095238,0.4110516934046346
CSO-12-6B-GQULO,11.0,31.0,38.0,4.0,0.0,1.0,0.0,0.0,17.0,1.0,2.606060606060606,0.07526881720430108,4.0,2.4411764705882355,0.4809523809523809
CSO-12-6B-LJHEFE,11.0,48.0,53.0,5.0,0.0,0.0,0.0,0.0,29.0,1.0,2.1923076923076925,0.040780141843971635,8.0,3.164021164021164,0.29554531490015357
CSO-12-6B-VPAMA,11.0,19.0,26.5,9.0,0.0,0.0,0.0,0.0,9.5,1.0,2.7228260869565215,0.09907120743034056,4.0,2.0388888888888888,0.45
CSO-12-7A-DALRE,11.0,28.0,41.0,4.0,0.0,0.0,0.0,0.0,24.0,1.0,2.774193548387097,0.08262108262108261,6.0,2.5833333333333335,0.3629496571804264
CSO-12-7A-ESALA,11.0,16.0,16.0,2.0,0.0,0.0,0.0,0.0,7.0,1.0,2.0,0.11666666666666667,3.0,1.8,0.29523809523809524
CSO-12-7A-IMERO,11.0,19.0,22.0,2.0,0.0,0.0,0.0,0.0,13.0,1.0,2.0952380952380953,0.0935672514619883,4.0,2.2857142857142856,0.42962962962962964
CSO-12-7A-JHEZA,11.0,21.0,18.5,2.0,0.0,0.0,0.0,0.0,6.0,1.0,1.6581818181818182,0.07480823270296955,3.0,1.7392857142857143,0.3105654761904762
CSO-12-7A-LSARAR,11.0,22.0,37.0,4.0,0.0,0.0,0.0,0.0,17.0,1.0,3.04,0.12681159420289856,4.0,2.4242424242424243,0.4946778711484594
CSO-12-7A-SCAHO,11.0,28.5,30.5,3.5,0.0,0.0,0.0,0.0,12.0,1.0,2.2373737373737375,0.06986737400530504,4.5,2.3385281385281385,0.364021164021164
CSO-12-7B-DVAGRO,11.0,20.0,21.0,4.0,0.0,1.0,0.0,0.0,10.0,1.0,2.4705882352941178,0.1,6.0,2.6,0.35333333333333333
CSO-12-7B-SMUGU,11.0,19.0,27.5,4.0,0.0,0.5,0.0,0.0,17.0,1.0,2.761904761904762,0.1203842940685046,4.0,2.381232492997199,0.2525676937441643
CSO-12-7B-SSARA,11.0,22.0,27.0,4.5,0.0,2.0,0.0,0.0,12.0,1.0,2.3102766798418974,0.09090909090909091,5.0,2.393939393939394,0.40302197802197803
CSO-12-7B-VHOMA,11.0,26.0,31.0,4.0,0.0,0.0,0.0,0.0,16.5,1.0,2.1430395913154534,0.08070607553366174,4.0,2.1675856307435257,0.3231060606060606
CSO-12-8A-YTOME,11.0,27.0,39.0,6.5,0.0,1.0,0.0,0.0,17.0,1.0,2.692857142857143,0.08448355187485622,6.5,2.9446790052053213,0.2903061224489796
CSO-13-6A-ANASA,11.0,32.5,36.5,3.5,0.0,0.0,0.0,0.0,19.0,1.0,2.196774193548387,0.06604561016325722,5.0,2.5204678362573096,0.36200783343640486
CSO-13-6B-JETAVE,11.0,19.0,25.0,3.0,0.0,0.0,0.0,0.0,15.0,1.0,2.7777777777777777,0.1368421052631579,4.0,2.3676470588235294,0.4761904761904762
CSO-13-6B-LFMIES,11.0,25.0,30.5,5.0,0.0,0.0,0.0,0.0,16.0,1.0,2.775,0.09940711462450594,3.5,2.1310294968189707,0.5375457875457875
CSO-13-6B-LJMAHU,11.0,18.0,24.0,2.0,0.0,0.0,0.0,0.0,12.0,1.0,2.6315789473684212,0.14035087719298245,4.0,2.141025641025641,0.5191919191919192
CSO-13-7A-CAPAMU,11.0,24.0,26.0,1.5,0.0,0.0,0.0,0.0,11.5,1.0,2.091097308488613,0.08479201957462827,4.0,2.2028804528804526,0.37910997732426305
CSO-13-7A-CDDITR,11.0,17.0,19.0,2.0,0.0,0.0,0.0,0.0,10.0,1.0,2.0,0.10294117647058823,4.0,2.1758241758241756,0.13999999999999999
CSO-13-7A-JJATFL,11.0,30.0,36.0,2.0,0.0,0.0,0.0,0.0,21.0,1.0,2.4,0.07586206896551724,5.0,2.609230769230769,0.4125
CSO-13-7A-KRAMA,11.0,27.0,43.0,11.0,0.0,0.0,0.0,0.0,20.0,1.0,3.185185185185185,0.09116809116809117,5.0,2.3714285714285714,0.3595238095238095
CSO-13-7A-RXCHLU,11.0,24.0,34.0,4.0,2.0,1.0,1.0,0.0,21.0,2.0,2.8333333333333335,0.10144927536231885,4.0,2.405263157894737,0.4730507587650445
CSO-13-7A-YAMEZA,11.0,34.5,47.5,9.5,0.0,0.0,0.0,0.0,19.5,1.0,2.8195548489666136,0.0649825169949009,4.0,2.278138528138528,0.4988812639380821
CSO-13-7A-YBOSO,11.0,16.0,22.0,5.5,0.0,0.0,0.0,0.0,11.0,1.0,2.841666666666667,0.13651960784313727,3.0,1.9227272727272728,0.3533730158730159
CSO-13-8A-KIGAGU,11.0,25.0,41.5,9.5,0.0,1.0,0.0,0.0,22.0,1.0,3.3200000000000003,0.10333333333333333,5.5,2.7822793148880107,0.28283507957421006
CSO-13-8A-MBUAN,11.0,25.0,28.0,3.0,0.0,0.0,0.0,0.0,13.0,1.0,2.4232804232804233,0.10736677115987461,4.0,2.2153846153846155,0.406986531986532
CSO-13-8A-MGAAN,11.0,21.0,20.5,1.0,0.0,0.0,0.0,0.0,11.0,1.0,2.0,0.09403508771929825,4.0,2.090909090909091,0.35416666666666663
CSO-13-8A-MGAHE,11.0,27.0,34.0,3.0,0.0,0.0,0.0,0.0,21.0,1.0,2.6666666666666665,0.09420289855072464,5.0,2.52,0.3108695652173913
CSO-13-8A-MJAGA,11.0,29.0,31.0,2.5,0.0,0.5,0.0,0.0,17.5,1.0,2.1385902031063324,0.07252090800477898,5.0,2.477124183006536,0.30832696715049657
CSO-13-8A-VHODU,11.0,34.0,50.0,8.0,0.0,1.0,0.0,0.0,26.5,1.0,2.9150326797385624,0.07219251336898397,4.0,2.307387057387057,0.39594006243473046
CSO-13-8B-FCJISA,11.0,14.0,12.0,0.0,0.0,0.0,0.0,0.0,7.0,1.0,1.5714285714285714,0.12087912087912088,4.0,2.2857142857142856,0.0
CSO-13-8B-JEMABE,11.0,35.5,52.5,9.5,0.0,0.0,0.0,0.0,25.0,1.0,2.8736842105263154,0.06694677871148459,5.0,2.52020757020757,0.5370049703383037
CSO-13-9B-DMLLLU,11.0,29.5,35.0,6.0,0.0,0.0,0.0,0.0,17.5,1.0,2.373563218390805,0.06896551724137931,4.0,2.293300653594771,0.37556022408963585
CSO-14-7A-MVEBE,11.0,21.0,27.0,3.0,0.0,0.0,0.0,0.0,15.0,1.0,2.5,0.11428571428571428,4.0,2.1333333333333333,0.4715151515151515
CSO-14-7B-EALHU,11.0,18.5,22.5,2.0,0.0,0.0,0.0,0.0,13.0,1.0,2.4222222222222225,0.1315359477124183,4.0,2.295959595959596,0.38669312169312164
CSO-14-7B-EVEGO,11.0,25.5,26.0,2.0,0.0,0.0,0.0,0.0,13.0,1.0,2.061111111111111,0.07407407407407407,5.0,2.417124542124542,0.2829395604395604
CSO-14-8A-AQUMA,11.0,27.0,28.0,2.0,0.0,0.0,0.0,0.0,20.0,1.0,2.125,0.07407407407407407,6.0,2.7777777777777777,0.3490196078431373
CSO-14-8A-MCIDOS,11.0,23.0,17.5,0.0,0.0,0.0,0.0,0.0,6.5,1.0,1.4660869565217391,0.06678917319649585,3.0,1.8472222222222223,0.21012949039264828
CSO-14-8A-SZARA,11.0,22.0,23.0,1.0,0.0,0.0,0.0,0.0,10.5,1.0,2.0434782608695654,0.09069264069264069,5.0,2.242424242424242,0.3646825396825397
CSO-14-8B-JLLORA,11.0,29.0,33.0,2.0,0.0,0.0,0.0,0.0,20.0,1.0,2.458064516129032,0.0800148312940304,5.0,2.471734148204736,0.3868235930735931
CSO-14-9A-AEDCAGO,11.0,24.0,25.0,0.0,0.0,0.0,0.0,0.0,15.5,1.0,2.220647773279352,0.09504987765857331,5.0,2.4210526315789473,0.4956575963718821
CSO-14-9A-HASACA,11.0,25.0,32.0,5.0,0.0,0.0,0.0,0.0,14.0,1.0,2.5217391304347827,0.08333333333333333,4.0,2.4395604395604398,0.4333333333333333
CSO-14-9A-JSMAAL,11.0,31.0,43.5,6.0,0.0,1.0,0.0,0.0,26.5,1.0,2.753781512605042,0.0731010292680122,5.0,2.6761666401822133,0.34230880230880234
CSO-14-9A-MARJA,11.0,20.0,24.5,3.5,0.0,0.0,0.0,0.0,13.5,1.0,2.5108225108225106,0.11240601503759398,5.0,2.3846153846153846,0.3396451914098973
CSO-14-9A-SORZU,11.0,28.0,30.0,4.0,0.0,0.0,0.0,0.0,18.0,1.0,2.076923076923077,0.06769230769230769,5.0,2.6315789473684212,0.3111111111111111
CSO-14-9B-ERAGA,11.0,26.0,31.0,3.0,0.0,0.0,0.0,0.0,22.0,1.0,2.4166666666666665,0.08831908831908832,6.0,2.7865612648221343,0.3516233766233766
CSO-14-9B-MFEGA,11.0,25.5,32.5,7.5,0.0,1.5,0.0,0.0,15.5,1.0,2.546153846153846,0.0767948717948718,4.0,2.0625,0.2799898018648018
CSO-15-10A-LJRAGU,11.0,42.0,74.0,11.0,0.0,0.0,0.0,0.0,34.0,1.0,3.2857142857142856,0.06736353077816493,6.0,2.815315315315315,0.3861894861894862
CSO-15-10A-MAARLO,11.0,30.0,37.0,3.0,0.0,1.0,0.0,0.0,24.0,1.0,2.533333333333333,0.07816091954022988,7.0,2.9907692307692306,0.1342171717171717
CSO-15-10A-SFEGA,11.0,32.5,39.0,6.0,0.0,0.0,0.0,0.0,24.0,1.0,2.4375,0.06355251686321295,5.0,2.7349409849409847,0.42904398658366916
CSO-15-10B-MEBUAR,11.0,29.5,35.0,4.0,0.0,0.0,0.0,0.0,25.0,1.0,2.3337041156840934,0.07119815668202764,6.0,2.9733333333333336,0.13587261503928172
CSO-15-10B-YVBUAN,11.0,21.0,28.0,3.0,0.0,0.0,0.0,0.0,16.0,1.0,2.6666666666666665,0.11904761904761904,4.0,2.3833333333333333,0.37100840336134455
CSO-15-10C-ALBAHO,11.0,27.5,31.5,3.0,0.0,0.0,0.0,0.0,19.0,1.0,2.3205619412515963,0.07806337978751772,4.0,2.526315789473684,0.21827050264550263
CSO-15-10C-SSCAMO,11.0,16.0,17.5,2.0,0.0,0.0,0.0,0.0,8.5,1.0,2.0,0.12399626517273576,3.0,1.9146825396825398,0.35555555555555557
CSO-15-11C-JETALO,11.0,23.0,25.0,3.0,0.0,0.0,0.0,0.0,12.0,1.0,2.235294117647059,0.09166666666666666,4.0,2.120879120879121,0.4243998425816608
CSO-15-7B-JCRAGA,11.0,22.5,27.5,4.0,0.0,0.0,0.0,0.0,16.0,1.0,2.3980952380952383,0.09528985507246376,5.0,2.368872549019608,0.2965919701213819
CSO-15-8A-VBMABR,11.0,27.0,38.0,4.0,0.0,0.0,0.0,0.0,22.0,1.0,2.8125,0.09666666666666666,6.0,2.696969696969697,0.4713203463203463
CSO-15-8B-KEPOGO,11.0,30.5,35.0,5.0,0.0,0.0,0.0,0.0,16.5,1.0,2.392081736909323,0.07350495259282802,5.0,2.696172248803828,0.4475649350649351
CSO-15-9B-ALRIHE,11.0,30.0,33.5,4.0,0.0,0.0,0.0,0.0,16.5,1.0,2.19375,0.0645012315270936,4.0,2.1323529411764706,0.5723981900452488
CSO-15-9B-AMSAGO,11.0,27.0,33.0,3.0,0.0,0.0,0.0,0.0,17.0,1.0,2.357142857142857,0.07881773399014778,6.0,2.6363636363636362,0.3574576938213302
CSO-15-9B-JCAPA,11.0,26.0,30.5,3.0,0.0,1.0,0.0,0.0,12.5,1.0,2.4376657824933687,0.08307692307692308,2.5,1.9493006993006992,0.4445887445887446
CSO-15-9B-KSBEJA,11.0,24.5,34.5,5.0,0.0,0.0,0.0,0.0,20.5,1.0,2.8166666666666664,0.08811762949693984,6.5,2.8875939849624057,0.3575850736565022
CSO-15-9B-RMCHLU,11.0,23.0,30.0,3.0,0.0,0.0,0.0,0.0,17.0,1.0,2.6,0.11067193675889328,4.0,2.4191176470588234,0.3815873015873016
CSO-15-9B-SJAGRO,11.0,25.5,23.5,0.0,0.0,0.0,0.0,0.0,10.5,1.0,1.7777777777777777,0.07223151244890376,4.5,2.2303030303030305,0.13268398268398268
CSO-16-10A-JEGAHE,11.0,33.0,35.5,3.0,0.0,0.0,0.0,0.0,23.5,1.0,2.217986314760508,0.06244429590017825,6.0,2.8504611330698286,0.20676587301587301
CSO-16-10A-MSACO,11.0,29.5,32.0,2.0,0.0,0.0,0.0,0.0,13.0,1.0,2.2319327731092438,0.07019704433497537,5.0,2.242424242424242,0.46113445378151263
CSO-16-10A-SARI,11.0,32.0,39.0,6.0,0.0,0.0,0.0,0.0,21.0,1.0,2.4864864864864864,0.07056451612903226,6.0,3.036231884057971,0.40521541950113377
CSO-16-10A-SMOUT,11.0,40.0,54.0,6.0,0.0,0.0,0.0,0.0,32.0,1.0,2.727272727272727,0.0613107822410148,6.0,2.8128342245989306,0.38018644957983194
CSO-16-10A-YKMUJO,11.0,23.0,32.0,3.0,0.0,0.0,0.0,0.0,19.0,1.0,2.869565217391304,0.11462450592885376,5.0,2.639705882352941,0.4795031055900621
CSO-16-10B-JESUGU,11.0,19.5,21.5,1.0,0.0,0.0,0.0,0.0,10.0,1.0,2.0,0.11052631578947368,4.0,2.0277777777777777,0.6037037037037036
CSO-16-10B-LTVIFA,11.0,23.5,21.0,0.5,0.0,0.0,0.0,0.0,9.0,1.0,1.83,0.07954545454545456,3.0,1.8333333333333333,0.5323870573870574
CSO-16-10B-VVILI,11.0,30.0,35.0,3.0,0.0,0.0,0.0,0.0,21.0,1.0,2.3448275862068964,0.07635467980295567,6.0,2.719047619047619,0.2838624338624338
CSO-16-10C-ACALGU,11.0,27.0,30.0,2.0,0.0,0.0,0.0,0.0,18.0,1.0,2.15987460815047,0.07540735126942025,6.0,3.033333333333333,0.29302721088435374
CSO-16-10C-MAVAVE,11.0,20.0,19.0,1.0,0.0,0.0,0.0,0.0,10.0,1.0,2.0,0.09940711462450594,4.0,2.0236763236763236,0.29523809523809524
CSO-16-11A-JAVABO,11.0,27.5,30.0,7.0,0.0,0.0,0.0,0.0,11.5,1.0,2.2857142857142856,0.06431878306878307,4.0,2.5777777777777775,0.315
CSO-16-11A-JDMUVA,11.0,24.0,20.5,0.5,0.0,0.0,0.0,0.0,11.5,1.0,1.6666666666666667,0.07076923076923076,5.0,2.3987179487179486,0.3284126984126984
CSO-16-11A-VZAOR,11.0,26.0,26.0,0.0,0.0,0.0,0.0,0.0,15.0,1.0,1.9259259259259258,0.07333333333333333,5.0,2.5,0.31396825396825395
CSO-16-11B-KRORE,11.0,25.0,37.0,5.0,0.0,0.0,0.0,0.0,19.0,1.0,2.6666666666666665,0.0960591133004926,5.0,2.3529411764705883,0.4398110661268556
CSO-16-11B-LLOZA,11.0,29.5,38.0,6.0,0.0,0.0,0.0,0.0,21.0,1.0,2.5758620689655176,0.06924211690945971,5.0,2.5267857142857144,0.3385357142857143
CSO-16-11B-YAROMO,11.0,23.0,24.0,2.0,0.0,0.0,0.0,0.0,11.0,1.0,2.1,0.09047619047619047,3.0,1.9120879120879122,0.5931623931623932
CSO-16-9A-JALEMO,11.0,33.0,34.0,4.0,0.0,0.0,0.0,0.0,21.0,1.0,2.0606060606060606,0.05405405405405406,7.0,3.051948051948052,0.2066666666666667
CSO-16-9A-JPROSO,11.0,26.5,28.5,1.0,0.0,0.0,0.0,0.0,18.0,1.0,2.163333333333333,0.08487179487179487,5.0,2.4713962508080156,0.3530075187969925
CSO-16-9A-JSMAGU,11.0,26.0,27.0,2.0,0.0,1.0,0.0,0.0,17.0,1.0,2.0689655172413794,0.07230769230769231,5.0,2.552631578947368,0.2885912698412698
CSO-16-9B-SJPAJI,11.0,39.0,60.0,11.0,0.0,1.0,0.0,0.0,33.0,1.0,3.081081081081081,0.06456456456456457,6.0,2.564516129032258,0.29968516332152695
CSO-17-10A-YVGOCA,11.0,37.5,51.5,7.5,0.0,2.0,0.0,0.0,27.5,1.0,2.7960526315789473,0.06282598387861546,5.0,2.508954008954009,0.36949977521872945
CSO-17-10B-EHECO,11.0,25.0,28.0,2.0,0.0,0.0,0.0,0.0,17.0,1.0,2.0,0.07333333333333333,5.0,2.823529411764706,0.16153846153846155
CSO-17-10B-YCQUVE,11.0,22.0,30.0,9.0,0.0,0.0,0.0,0.0,18.0,1.0,2.8181818181818183,0.09941520467836257,4.0,2.4842105263157896,0.24523809523809523
CSO-17-11A-DJAPA,11.0,33.0,45.0,9.0,0.0,0.0,0.0,0.0,24.0,1.0,2.764705882352941,0.06507936507936508,5.0,2.5770750988142295,0.31247947454844005
CSO-17-11A-JDAMO,11.0,25.5,36.0,3.0,0.0,0.0,0.0,0.0,22.5,1.0,2.7524038461538463,0.10297110297110297,5.0,2.5766666666666667,0.4741307303807304
CSO-17-11A-NPAHE,11.0,32.0,45.0,4.0,0.0,0.0,0.0,0.0,21.0,1.0,2.75,0.0812807881773399,5.0,2.718279569892473,0.46534391534391534
CSO-17-11A-RLPAIG,11.0,21.0,29.0,4.0,0.0,0.0,0.0,0.0,11.5,1.0,2.5227272727272725,0.10714285714285715,4.0,2.0999999999999996,0.5348639455782314
CSO-17-11A-SPUVA,11.0,27.0,31.5,8.0,0.0,0.0,0.0,0.0,15.5,1.0,2.293956043956044,0.06507122507122506,4.0,2.4862637362637363,0.1544871794871795
CSO-17-11B-CDBEBU,11.0,23.0,23.0,4.0,0.0,0.0,0.0,0.0,8.5,1.0,2.245819397993311,0.08821510297482837,3.0,1.8214285714285714,0.4023809523809524
CSO-17-11C-JDAAG,11.0,24.0,22.0,0.0,0.0,0.0,0.0,0.0,9.0,1.0,1.75,0.07509881422924901,4.0,2.1904761904761907,0.4622710622710623
CSO-17-11C-MAPAMA,11.0,30.0,32.0,2.0,0.0,0.0,0.0,0.0,13.0,1.0,2.0625,0.058823529411764705,5.0,2.423076923076923,0.3
CSO-17-11C-MCAAG,11.0,22.0,20.0,1.0,0.0,0.0,0.0,0.0,12.0,1.0,1.9230769230769231,0.08225108225108226,4.0,2.303030303030303,0.22307692307692306
CSO-17-11C-SARJA,11.0,21.5,23.5,3.0,0.0,0.0,0.0,0.0,8.0,1.0,2.2356979405034325,0.0944698703279939,4.0,2.0238095238095237,0.39920634920634923
CSO-18-11A-ADBAHO,11.0,27.0,29.0,2.0,0.0,0.0,0.0,0.0,16.0,1.0,2.142857142857143,0.07692307692307693,6.0,2.869281045751634,0.3456582633053222
CSO-18-11B-YLLRE,11.0,34.0,40.0,3.0,0.0,0.0,0.0,0.0,26.0,1.0,2.5,0.06818181818181818,7.0,2.9264069264069263,0.3891977813852814
CSO-18-9B-MAMOLO,11.0,24.0,26.0,1.0,0.0,1.0,0.0,0.0,12.0,1.0,2.24,0.09090909090909091,4.0,2.212121212121212,0.522077922077922
CSO-8-3A-AIPRBR,11.0,29.0,36.0,4.0,0.0,0.0,0.0,0.0,23.0,1.0,2.447619047619048,0.07512315270935961,5.5,2.8438735177865615,0.26222826086956524
CSO-8-3A-DAPAVA,11.0,24.0,35.5,6.0,0.0,0.0,0.0,0.0,20.5,1.0,2.9814814814814814,0.1021080368906456,4.0,2.337377935363869,0.4042942796953492
CSO-8-3A-KVPECO,11.0,14.0,22.0,8.0,0.0,0.0,0.0,0.0,9.0,1.0,3.4285714285714284,0.17582417582417584,4.0,1.9444444444444444,0.44761904761904764
CSO-8-4A-ARAGR,11.0,20.0,24.0,4.0,0.0,0.0,0.0,0.0,13.0,1.0,2.347826086956522,0.10294117647058823,4.0,2.2564102564102564,0.2783882783882784
CSO-8-4A-JRAAR,11.0,21.0,23.0,3.0,0.0,0.0,0.0,0.0,12.0,1.0,2.272727272727273,0.1,4.0,2.0476190476190474,0.40714285714285714
CSO-9-2A-EXMOCO,11.0,18.0,25.0,3.0,0.0,1.0,0.0,0.0,14.0,1.0,3.185185185185185,0.12857142857142856,4.0,2.1714285714285713,0.4880952380952381
CSO-9-4A-AGAPE,11.0,36.0,33.0,4.0,0.0,0.0,0.0,0.0,14.0,1.0,1.8333333333333333,0.046031746031746035,4.0,2.2855311355311354,0.16963573463573461
CSO-9-4A-DKVIMO,11.0,17.0,20.0,1.0,0.0,0.0,0.0,0.0,14.0,1.0,2.5,0.14705882352941177,5.0,2.448717948717949,0.4641269841269841
CSO-9-4A-DSMOMU,11.0,13.0,12.0,0.0,0.0,0.0,0.0,0.0,8.0,1.0,1.7894736842105263,0.14102564102564102,3.0,1.8571428571428572,0.3121212121212121
CSO-9-4A-DVGATO,11.0,25.0,28.0,2.0,0.0,0.0,0.0,0.0,18.0,1.0,2.1666666666666665,0.08666666666666667,5.0,2.824561403508772,0.2679012345679012
CSO-9-4A-EGCAMO,11.0,22.0,29.0,5.0,0.0,0.0,0.0,0.0,18.0,1.0,2.8333333333333335,0.10952380952380952,4.0,2.3333333333333335,0.38627450980392153
CSO-9-4A-FAGIGA,11.0,23.5,26.0,2.0,0.0,1.0,0.0,0.0,14.5,1.0,2.20460358056266,0.08666666666666667,5.0,2.529718234981393,0.2672514619883041
CSO-9-4A-GSBRCO,11.0,22.0,34.0,4.0,0.0,0.0,0.0,0.0,19.0,1.0,3.0434782608695654,0.12648221343873517,7.0,2.8362573099415203,0.34154589371980676
CSO-9-4A-KEMOCO,11.0,27.0,38.0,6.0,0.0,2.0,0.0,0.0,19.0,1.0,2.745977011494253,0.09483109483109484,5.0,2.7570378151260506,0.43990392648287385
CSO-9-4A-LCOMO,11.0,22.5,28.5,4.5,0.0,3.0,0.0,0.0,16.0,1.0,2.4605263157894735,0.08893280632411067,5.0,2.5416666666666665,0.1760673868312757
CSO-9-4A-MLORO,11.0,22.0,23.5,2.0,0.0,0.0,0.0,0.0,12.0,1.0,2.1666666666666665,0.09019138755980861,4.0,2.1818181818181817,0.3452380952380953
CSO-9-4A-MPAME,11.0,24.0,21.0,3.0,0.0,0.0,0.0,0.0,8.0,1.0,1.826086956521739,0.07,3.0,1.8666666666666667,0.45185185185185184
CSO-9-4A-NSARPA,11.0,28.0,42.5,9.5,0.0,0.0,0.0,0.0,21.5,1.0,3.001277139208174,0.08603146534181016,5.0,2.5509298921967587,0.41555829355829355
CSO-9-4A-SLOCA,11.0,35.0,54.5,10.0,0.0,0.0,0.0,0.0,27.5,1.0,3.1336898395721926,0.07572964669738863,6.0,2.7506105006105006,0.4803030303030303
CSO-9-4A-YVDITR,11.0,16.0,22.0,4.0,0.0,0.0,0.0,0.0,15.0,1.0,2.8125,0.16666666666666666,5.0,2.555357142857143,0.2595238095238095
