file,wc,nodes,edges,re,pe,l1,l2,l3,lcc,lsc,atd,density,diameter,asp,cc
CDMS-10-4A-JURAN-CorrEtiq.txt,200.0,94.0,199.0,29.0,14.0,1.0,4.0,132.0,94.0,93.0,4.23404255319149,0.037977579501258296,7.0,3.309082589796385,0.08744537528920848
CDMS-10-5A-HEPIHO-CorrEtiq.txt,200.0,97.0,199.0,22.0,5.0,0.0,3.0,31.0,96.0,95.0,4.103092783505154,0.037719298245614034,7.0,3.2555479295355756,0.09133956995876501
CDMS-10-5A-KSRAGU-CorrEtiq.txt,200.0,97.0,199.0,27.0,5.0,2.0,3.0,20.0,97.0,96.0,4.103092783505154,0.03629725085910653,7.0,3.4387886597938144,0.06640051047614073
CDMS-10-5A-SROPU-CorrEtiq.txt,200.0,96.0,199.0,35.0,16.0,4.0,5.0,7.0,96.0,95.0,4.145833333333333,0.03442982456140351,10.0,3.666895447266072,0.08052653263854766
CDMS-10-5A-SZURO-CorrEtiq.txt,200.0,87.0,199.0,40.0,4.0,0.0,2.0,53.0,87.0,86.0,4.574712643678161,0.04231974921630094,7.0,3.3561545325396542,0.08686781759070916
CDMS-10-5B-SRAJA-CorrEtiq.txt,200.0,99.0,199.0,24.5,4.0,1.0,3.0,35.0,99.0,97.0,4.02020202020202,0.03525046382189239,7.0,3.270150484436199,0.11178569426321258
CDMS-10-5C-DAAUSA-CorrEtiq.txt,200.0,87.0,199.0,35.0,6.0,2.0,3.0,109.0,87.0,85.0,4.574712643678161,0.04187946884576098,7.0,3.1972309299895505,0.10914462081128748
CDMS-10-5C-JFALGI-CorrEtiq.txt,200.0,90.0,199.0,33.0,14.0,0.0,4.0,279.0,90.0,88.0,4.4222222222222225,0.04069912609238452,7.0,3.08682328907048,0.2133059185979575
CDMS-10-5C-MAORTO-CorrEtiq.txt,200.0,77.0,199.0,43.0,25.0,6.0,7.0,113.0,77.0,77.0,5.1688311688311686,0.048530416951469584,6.0,2.9280701754385965,0.13961195577633934
CDMS-10-5C-NBEMO-CorrEtiq.txt,200.0,82.0,199.0,35.0,9.0,8.0,6.0,44.0,82.0,81.0,4.853658536585366,0.0461357625624449,6.0,3.014986776373788,0.11335307514818792
CDMS-10-6B-ASCACO-CorrEtiq.txt,200.0,76.0,199.0,44.0,4.0,0.0,3.0,88.0,76.0,75.0,5.2368421052631575,0.05368421052631579,6.0,2.7783783783783784,0.23622028342028345
CDMS-10-6B-JJMOBE-CorrEtiq.txt,200.0,85.0,199.0,30.0,10.0,0.0,7.0,56.0,85.0,84.0,4.682352941176471,0.04437316225608126,7.0,3.214810461357626,0.0787652279855009
CDMS-11-4A-GACHSA-CorrEtiq.txt,200.0,75.0,199.0,46.0,11.0,3.0,5.0,121.0,75.0,74.0,5.306666666666667,0.052982456140350874,6.0,2.9902702702702704,0.14764494764494762
CDMS-11-5A-EAARCA-CorrEtiq.txt,200.0,91.0,199.0,32.0,5.0,1.0,3.0,83.0,91.0,89.0,4.373626373626373,0.04004884004884005,6.0,3.220888661899898,0.16549142215808882
CDMS-11-5A-MGTHAR-CorrEtiq.txt,200.0,78.0,199.0,44.0,11.0,5.0,5.0,201.0,78.0,77.0,5.102564102564102,0.0485742327847591,7.0,3.021493551973232,0.14911113388794933
CDMS-11-6A-DFVEBE-CorrEtiq.txt,200.0,93.0,198.0,25.0,3.0,6.0,2.0,23.0,93.0,91.0,4.258064516129032,0.0389393215480172,7.0,3.2605790914644723,0.1021874058361136
CDMS-11-6A-NMREPR-CorrEtiq.txt,200.0,88.0,199.0,35.0,3.0,0.0,2.0,54.0,88.0,87.0,4.5227272727272725,0.04231974921630094,7.0,3.222110927187818,0.11343971122356897
CDMS-11-6B-ARAHE-CorrEtiq.txt,200.0,82.0,198.0,42.0,3.0,6.0,2.0,54.0,82.0,79.0,4.829268292682927,0.04607046070460705,7.0,3.168100975329891,0.05622978879534514
CDMS-11-6B-AVROTO-CorrEtiq.txt,200.0,98.0,199.0,22.0,2.0,0.0,2.0,32.5,98.0,97.0,4.061224489795919,0.037134441405428154,8.0,3.4275194613928046,0.06658922634007458
CDMS-11-6B-EAFESA-CorrEtiq.txt,200.0,83.0,199.0,40.5,6.0,3.0,3.0,20.0,83.0,82.0,4.795180722891566,0.044666470761093154,7.0,3.2994440725866427,0.10308925045525613
CDMS-11-6B-EFRGR-CorrEtiq.txt,200.0,80.0,199.0,46.0,3.0,4.0,2.0,304.0,80.0,79.0,4.975,0.04746835443037975,6.0,3.0946643717728053,0.18904020975624403
CDMS-11-6B-EROCO-CorrEtiq.txt,200.0,83.0,198.0,33.0,16.0,2.0,7.0,84.0,83.0,83.0,4.771084337349397,0.04525418748163385,6.0,3.1416397296503087,0.1656814536996539
CDMS-11-6B-JACUPE-CorrEtiq.txt,200.0,79.0,199.0,33.0,19.0,12.0,10.0,72.0,79.0,77.0,4.975,0.04803635183382019,6.0,3.02963702963703,0.14560365560365562
CDMS-11-6B-JDCHBA-CorrEtiq.txt,200.0,83.0,199.0,35.0,22.0,6.0,12.0,61.0,83.0,83.0,4.795180722891566,0.04422024139920114,7.0,3.126849653061819,0.16610704447198255
CDMS-11-6B-JFSAHE-CorrEtiq.txt,200.0,93.0,198.0,27.0,5.0,0.0,5.0,104.0,93.0,92.0,4.258064516129032,0.03889270189887897,6.0,3.237437568517465,0.04982045138204767
CDMS-11-6B-JLPENA-CorrEtiq.txt,200.0,104.0,195.0,13.0,13.5,4.0,9.5,13.0,104.0,96.0,3.75,0.031600989910527316,8.0,3.7324495892457055,0.09023020552432318
CDMS-11-6B-JMARME-CorrEtiq.txt,200.0,86.0,199.0,34.0,8.0,0.0,4.0,65.0,86.0,85.0,4.627906976744186,0.04388984509466437,7.0,3.1712087782104175,0.1483465197213487
CDMS-11-6B-JPSAMA-CorrEtiq.txt,200.0,98.0,199.0,24.0,12.0,1.0,4.0,19.0,98.0,96.0,4.040816326530612,0.035346097201767304,7.0,3.5005153576582146,0.08356589176363895
CDMS-11-6B-LESTA-CorrEtiq.txt,200.0,77.0,199.0,39.0,9.0,1.0,4.0,124.0,77.0,76.0,5.1688311688311686,0.05297334244702666,5.0,2.896842105263158,0.11129546072001313
CDMS-11-6B-MAGIMU-CorrEtiq.txt,200.0,73.0,199.0,45.0,15.0,1.0,7.0,220.0,73.0,72.0,5.4520547945205475,0.05555555555555555,6.0,2.9432707355242567,0.15321589457745063
CDMS-11-6B-MEBRTA-CorrEtiq.txt,200.0,86.0,199.0,27.0,21.0,7.0,9.0,39.0,86.0,85.0,4.627906976744186,0.04295485636114911,7.0,3.2096959265633966,0.1138893732723656
CDMS-11-6B-MMAMO-CorrEtiq.txt,200.0,95.0,199.0,21.0,5.0,1.0,5.0,40.0,95.0,94.0,4.189473684210526,0.03829787234042553,7.0,3.1736842105263157,0.13713248151296395
CDMS-11-6B-RSECA-CorrEtiq.txt,200.0,87.0,199.0,33.0,21.0,1.0,7.0,78.0,87.0,86.0,4.574712643678161,0.04196738839882384,7.0,3.181395348837209,0.10558779670621776
CDMS-11-6B-SCAPA-CorrEtiq.txt,200.0,97.0,199.0,28.0,2.0,0.0,2.0,30.5,97.0,95.0,4.103092783505154,0.036404639175257734,6.0,3.2393510239147205,0.06593587389041936
CDMS-11-6B-VZAPE-CorrEtiq.txt,200.0,79.0,199.0,49.0,15.0,4.0,7.0,55.0,79.0,78.0,5.037974683544304,0.04528804528804529,7.0,3.2044622044622044,0.07488622488622489
CDMS-11-6B-YLNIME-CorrEtiq.txt,200.0,87.0,199.0,31.0,5.0,0.0,2.0,73.0,87.0,86.0,4.574712643678161,0.04490777866880513,7.0,3.0800344234079176,0.12267826206223335
CDMS-11-7C-ICARE-CorrEtiq.txt,200.0,87.0,199.0,32.0,11.0,1.0,7.0,39.0,87.0,86.0,4.574712643678161,0.042012952297635534,7.0,3.253467323358592,0.13018361058133784
CDMS-11-7C-IMOIB-CorrEtiq.txt,200.0,95.0,199.0,24.0,5.0,4.0,3.0,20.0,95.0,94.5,4.189473684210526,0.0374020156774916,7.0,3.3303230211688466,0.10772316094896739
CDMS-11-7C-SALMA-CorrEtiq.txt,200.0,85.0,199.0,43.0,6.0,0.0,3.0,76.0,85.0,84.0,4.682352941176471,0.04274239816408491,6.0,3.126675786593707,0.12427603452448173
CDMS-11-7C-SPGAVE-CorrEtiq.txt,200.0,88.0,199.0,33.0,4.0,7.0,3.0,80.0,88.0,87.0,4.5,0.04049111807732497,7.0,3.176714511043269,0.14703505988335708
CDMS-12-5A-SRIGO-CorrEtiq.txt,200.0,89.0,199.0,34.0,3.0,3.0,2.0,20.0,89.0,89.0,4.47191011235955,0.04085801838610827,6.0,3.2152875175315567,0.09676994659966796
CDMS-12-6A-FAROPA-CorrEtiq.txt,200.0,90.0,199.0,32.0,5.0,3.0,3.0,28.0,90.0,90.0,4.4222222222222225,0.04078144078144078,7.0,3.2442468460252316,0.10505578157752071
CDMS-12-6A-JGIGA-CorrEtiq.txt,200.0,84.5,199.0,36.0,21.5,3.0,8.0,81.5,84.5,82.0,4.7102240896358545,0.043230063109581184,7.0,3.1403108637199866,0.13479301228338103
CDMS-12-6A-JSOTGU-CorrEtiq.txt,200.0,84.0,199.0,35.0,12.0,3.0,4.0,83.0,84.0,83.0,4.738095238095238,0.04475043029259897,7.0,3.2167721518987342,0.1319483026454704
CDMS-12-6A-SROAL-CorrEtiq.txt,200.0,94.0,199.0,33.0,12.0,1.0,3.0,16.0,94.0,92.5,4.23404255319149,0.037222566128549864,7.0,3.3264079926519123,0.06046671928486855
CDMS-12-6B-IJDAGA-CorrEtiq.txt,200.0,91.0,199.0,29.0,13.0,10.0,7.0,24.0,91.0,90.0,4.373626373626373,0.038559754851889685,7.0,3.3452991452991454,0.0886828607566903
CDMS-12-6B-SCLAG-CorrEtiq.txt,200.0,80.0,199.0,36.0,10.0,5.0,6.0,39.0,80.0,79.0,4.975,0.04828504828504829,7.0,3.164388243335612,0.11222859119200583
CDMS-12-7C-ARAHE-CorrEtiq.txt,200.0,87.0,199.0,31.5,7.0,0.0,6.5,87.5,87.0,86.0,4.574712643678161,0.043807097819079516,6.0,3.0113605987703824,0.1899247126174104
CDMS-12-7C-CATRAR-CorrEtiq.txt,200.0,93.0,198.0,30.0,7.0,0.0,4.0,52.0,93.0,91.0,4.258064516129032,0.038435140700068635,7.0,3.303560165044719,0.08823056470541552
CDMS-12-7C-DLOLO-CorrEtiq.txt,200.0,86.0,199.0,30.0,3.0,1.0,1.0,87.0,86.0,85.0,4.627906976744186,0.04569083447332421,7.0,3.0075278530563083,0.2093034162220209
CDMS-12-7C-JSZAOR-CorrEtiq.txt,200.0,104.0,199.0,17.0,7.0,2.0,4.0,20.0,104.0,104.0,3.826923076923077,0.03267363704256908,8.0,3.612087912087912,0.08382509708813815
CDMS-12-7C-MAROBE-CorrEtiq.txt,200.0,91.5,199.0,28.0,7.0,0.0,4.0,15.0,91.5,90.0,4.349856665074056,0.03924988055422838,8.0,3.4127382279556193,0.11090109653939441
CDMS-12-7C-VQURA-CorrEtiq.txt,200.0,94.0,198.0,28.0,6.0,0.0,4.0,53.0,94.0,91.0,4.23404255319149,0.03798375537505972,7.0,3.3657425742574256,0.1007879257239871
CDMS-13-6B-ASUMO-CorrEtiq.txt,200.0,96.0,194.0,20.0,6.0,2.0,6.0,54.0,96.0,82.0,4.041666666666667,0.03640350877192983,9.0,3.5178264604811,0.15251983081806086
CDMS-13-6B-JDTAHE-CorrEtiq.txt,200.0,92.0,198.0,31.5,12.0,4.0,3.0,40.5,92.0,90.0,4.282608695652174,0.037505972288580984,8.0,3.3775970135276436,0.10686456914247486
CDMS-13-7C-MVEAR-CorrEtiq.txt,200.0,77.0,198.0,31.0,10.0,9.0,4.0,48.0,77.0,76.0,5.142857142857143,0.05263157894736842,6.0,2.8876582278481013,0.16429111801533497
CDMS-13-7C-SSOSLO-CorrEtiq.txt,200.0,85.0,199.0,33.0,5.0,6.0,3.0,82.0,85.0,83.0,4.658823529411765,0.04397759103641457,6.0,3.1287974683544304,0.13567848241958555
CDMS-14-10A-IMORTO-CorrEtiq.txt,200.0,85.0,199.0,32.0,11.0,1.0,6.0,22.5,85.0,84.0,4.682352941176471,0.043697478991596636,7.0,3.1801836524054665,0.09973265534980835
CDMS-14-10A-JCVANI-CorrEtiq.txt,200.0,98.0,199.0,23.0,10.0,2.0,4.0,11.0,98.0,97.0,4.061224489795919,0.035868893011750155,7.0,3.3606580710434093,0.05519966583124478
CDMS-14-5A-LSDUCO-CorrEtiq.txt,200.0,76.0,199.0,47.0,19.0,3.0,6.0,202.0,76.0,76.0,5.2368421052631575,0.05157894736842105,6.0,2.986697965571205,0.12922663614064134
CDMS-14-6B-KDCAHE-CorrEtiq.txt,200.0,87.0,198.0,31.0,16.0,5.0,8.0,68.0,86.0,84.0,4.574712643678161,0.041400757801017304,7.0,3.2852218707070353,0.10663809692523474
CDMS-15-10A-AMALOS-CorrEtiq.txt,200.0,84.0,199.0,28.0,14.0,4.0,8.0,21.0,84.0,83.0,4.738095238095238,0.04481792717086835,6.0,3.150683311384653,0.06618335053319574
CDMS-15-10A-JJMACH-CorrEtiq.txt,200.0,100.0,199.0,22.0,3.0,2.0,2.0,22.0,100.0,99.0,3.96,0.03425742574257426,7.0,3.4424943988050782,0.06897548330738593
CDMS-15-10A-MAALCA-CorrEtiq.txt,200.0,92.0,199.0,27.0,7.0,2.0,4.0,23.0,92.0,91.0,4.326086956521739,0.039971863884907366,7.0,3.1398232202580028,0.09464895040612066
CDMS-15-10A-MAALRI-CorrEtiq.txt,200.0,99.0,199.0,24.0,15.0,2.0,8.0,19.0,99.0,97.0,4.02020202020202,0.03405940594059406,8.0,3.6413110698824984,0.07060153744393478
CDMS-15-10A-SGOMO-CorrEtiq.txt,200.0,100.0,199.0,25.0,2.0,1.0,2.0,20.0,100.0,98.0,3.98,0.03479282622139765,7.0,3.428589447180012,0.11598326560061253
CDMS-15-10A-SHEGA-CorrEtiq.txt,200.0,87.0,199.0,27.0,5.0,1.0,5.0,39.0,87.0,86.0,4.574712643678161,0.04437316225608126,6.0,3.011743450767841,0.1693170505228223
CDMS-15-11B-JEMOLO-CorrEtiq.txt,200.0,91.0,199.0,31.0,7.0,2.0,4.0,29.0,91.0,89.0,4.373626373626373,0.04013377926421405,7.0,3.3206395960446033,0.08388736586411004
CDMS-15-11B-VSAHO-CorrEtiq.txt,200.0,87.0,199.0,37.0,8.0,3.0,4.0,27.0,87.0,85.0,4.574712643678161,0.04226580768634639,6.0,3.208558726110137,0.07602540643777757
CDMS-16-10A-SGALO-CorrEtiq.txt,200.0,89.5,199.0,30.0,6.5,1.0,4.0,28.0,89.5,88.5,4.447066167290886,0.041758241758241756,7.0,3.2469789537497014,0.09272409727666298
CDMS-16-11B-NGABE-CorrEtiq.txt,200.0,98.0,199.0,21.0,9.0,1.0,5.0,13.0,98.0,97.0,4.040816326530612,0.035346097201767304,7.0,3.3724524076147815,0.09905284773705826
CDMS-17-10A-ASSAMO-CorrEtiq.txt,200.0,107.0,199.0,23.0,2.0,0.0,1.0,19.0,107.0,105.0,3.7196261682242993,0.03108715184186882,7.0,3.5176531671858773,0.0912176931978912
CDMS-18-7C-VVECA-CorrEtiq.txt,200.0,90.0,199.0,36.0,8.0,0.0,4.0,51.0,90.0,89.0,4.4222222222222225,0.03956043956043956,7.0,3.2105006105006106,0.1667299934327798
CDMS-8-4A-DBEVA-CorrEtiq.txt,200.0,79.0,199.0,36.0,19.0,2.0,5.0,241.0,79.0,78.0,5.037974683544304,0.05063291139240506,6.0,2.8542680947744237,0.2029727394058446
CDMS-8-4A-DJAVDA-CorrEtiq.txt,200.0,72.0,198.0,48.0,29.0,12.0,9.0,148.0,72.0,71.0,5.5,0.05242566510172144,7.0,2.88556338028169,0.15813951306909055
CDMS-8-4A-DOSTR-CorrEtiq.txt,200.0,82.0,199.0,41.0,14.0,6.0,5.0,152.0,82.0,81.0,4.853658536585366,0.043827160493827164,7.0,3.197647733792312,0.1354450023281192
CDMS-8-4A-LGOPA-CorrEtiq.txt,200.0,79.0,199.0,43.0,18.0,2.0,7.0,144.0,79.0,77.0,5.037974683544304,0.049367088607594936,6.0,3.072112098427888,0.17028463364495755
CDMS-8-4C-JDBUTU-CorrEtiq.txt,200.0,76.0,199.0,41.0,20.0,12.0,9.0,55.0,76.0,75.0,5.2368421052631575,0.04936936936936937,6.0,2.9196855775803146,0.20221444023217697
CDMS-9-4A-ACDUTR-CorrEtiq.txt,200.0,82.0,199.0,40.0,6.0,5.0,4.0,133.0,82.0,80.5,4.853658536585366,0.04633393556157783,6.0,2.971452204481884,0.16065552068998518
CDMS-9-4A-CARGA-CorrEtiq.txt,200.0,83.0,199.0,37.0,6.0,2.0,3.0,91.0,83.0,82.0,4.795180722891566,0.046296296296296294,6.0,3.0838917734510374,0.16332549677893443
CDMS-9-4A-CRAAG-CorrEtiq.txt,200.0,77.0,198.0,45.0,25.0,6.0,7.0,264.0,77.0,74.0,5.142857142857143,0.04955570745044429,7.0,2.963431305536569,0.20736777175133342
CDMS-9-4A-EROHI-CorrEtiq.txt,200.0,85.0,199.0,37.0,11.0,5.0,2.0,44.0,85.0,84.0,4.682352941176471,0.04417670682730924,7.0,3.345280437756498,0.10839644016114605
CDMS-9-4A-ILOSE-CorrEtiq.txt,200.0,75.0,199.0,49.0,1.0,0.0,1.0,236.0,75.0,74.0,5.306666666666667,0.05278746663029287,6.0,2.9610937108233433,0.1077265795680118
CDMS-9-4A-TGAFR-CorrEtiq.txt,200.0,82.0,199.0,48.0,17.0,1.0,6.0,424.0,82.0,81.0,4.853658536585366,0.04351851851851852,6.0,2.9858947987070232,0.11966628441493418
CDMS-9-4C-SCAMO-CorrEtiq.txt,200.0,103.5,198.0,20.0,2.0,1.0,2.0,31.0,103.5,102.0,3.8261762509335324,0.0329921363616395,7.0,3.5226372475801373,0.07997532727453541
CDMS-9-5A-ABERO-CorrEtiq.txt,200.0,83.0,199.0,43.0,13.0,5.0,4.0,88.0,83.0,81.0,4.795180722891566,0.04566863782550057,6.0,3.094173842307845,0.10267617376803517
CDMS-9-5A-PAGACO-CorrEtiq.txt,200.0,81.0,199.0,34.0,8.0,3.0,5.0,69.0,81.0,80.0,4.91358024691358,0.04841772151898734,6.0,3.1468875478163634,0.1038111518111518
CDMS-9-5A-VVAAR-CorrEtiq.txt,200.0,86.0,199.0,39.0,13.0,4.0,6.0,138.0,86.0,85.0,4.627906976744186,0.04131326949384405,8.0,3.2046511627906975,0.1531689641161691
CDMS-9-5C-JDMADE-CorrEtiq.txt,200.0,99.0,199.0,30.0,15.0,10.0,7.0,17.0,99.0,96.0,4.02020202020202,0.032673267326732675,9.0,3.7046449647820294,0.08907817252313467
CDMS-9-5C-LVIZAC-CorrEtiq.txt,200.0,94.0,199.0,30.0,9.0,3.0,5.0,57.0,94.0,93.0,4.23404255319149,0.03752001830244795,7.0,3.4388437649307213,0.1012954135236744
CDMS-9-5C-MLOGO-CorrEtiq.txt,200.0,85.0,199.0,36.0,5.0,4.0,3.0,137.0,85.0,84.0,4.682352941176471,0.04397759103641457,8.0,3.2535948461180784,0.21095219260637604
CDMS-9-5C-SCAAG-CorrEtiq.txt,200.0,84.0,199.0,34.0,6.0,3.0,5.0,58.0,84.0,81.0,4.714285714285714,0.046638655462184875,7.0,3.2084470285322473,0.10253585895636852
CDMS-XX-10A-VGILO-CorrEtiq.txt,200.0,90.0,198.0,30.0,0.0,7.0,0.0,14.0,90.0,87.0,4.4222222222222225,0.0412836227442969,7.0,3.338100102145046,0.06832261727312487
CDMS-XX-5C-MJSARU-CorrEtiq.txt,200.0,93.0,199.0,29.0,10.0,2.0,7.0,46.0,93.0,92.0,4.279569892473118,0.03763440860215054,7.0,3.339132302405498,0.1196410518991164
CDMS-XX-5C-MPCAQU-CorrEtiq.txt,200.0,79.0,199.0,40.0,9.0,0.0,4.0,127.5,79.0,78.0,5.037974683544304,0.05063291139240506,6.0,2.9485514485514486,0.14968266382740067
CDMS-XX-6A-MAGICA-CorrEtiq.txt,200.0,93.0,199.0,28.0,4.5,1.0,3.0,35.0,93.0,92.0,4.258064516129032,0.03880317905563347,7.0,3.371961475854585,0.08036861962063839
CDMS-XX-6B-SPUCA-CorrEtiq.txt,200.0,91.0,199.0,35.0,25.0,1.0,7.0,23.0,91.0,90.0,4.373626373626373,0.038202247191011236,7.0,3.288815117466803,0.10149985122761893
CSO-10-4A-ICAPA-CorrEtiq.txt,200.0,79.0,199.0,43.0,17.0,1.0,6.0,92.0,79.0,78.0,5.037974683544304,0.04868549172346641,6.0,2.925740925740926,0.25635991850161427
CSO-10-4A-KCOMO-CorrEtiq.txt,200.0,81.0,199.0,38.0,12.0,2.0,6.0,61.0,81.0,80.0,4.91358024691358,0.04746835443037975,7.0,3.1326949384404923,0.1298380167187043
CSO-10-4A-LRAVI-CorrEtiq.txt,200.0,86.0,198.0,37.0,21.0,0.0,8.0,104.0,86.0,83.0,4.604651162790698,0.04186046511627907,7.0,3.2298221614227085,0.167338874256881
CSO-10-4A-LSCAVA-CorrEtiq.txt,200.0,100.0,199.0,34.0,58.0,1.0,9.0,21.0,100.0,96.5,3.98,0.031559015358720806,8.0,3.855036409228287,0.09007281962901711
CSO-10-5A-ACAVA-CorrEtiq.txt,200.0,91.0,199.0,26.0,3.0,6.0,2.0,31.0,91.0,91.0,4.373626373626373,0.04004884004884005,7.0,3.1876000915122398,0.12160168022720617
CSO-10-5A-ARACA-CorrEtiq.txt,200.0,88.0,196.0,29.0,3.0,7.0,2.0,19.0,88.0,86.0,4.413793103448276,0.04170008019246191,7.0,3.2595562683774393,0.08246386255036774
CSO-10-5A-DABRZA-CorrEtiq.txt,200.0,76.0,199.0,46.0,17.0,4.0,7.0,123.0,76.0,76.0,5.2105263157894735,0.04886148938780518,7.0,3.1090735748269998,0.1446362893346057
CSO-10-5A-GZAMA-CorrEtiq.txt,200.0,85.5,199.0,33.0,6.0,0.0,3.0,51.5,85.5,84.0,4.643365253077976,0.044618456845448684,7.0,3.0984425506905673,0.13291870724663069
CSO-10-5A-IPECA-CorrEtiq.txt,200.0,86.0,199.0,31.0,4.0,0.0,3.0,90.0,86.0,85.0,4.627906976744186,0.04437316225608126,6.0,3.0748709122203097,0.12171400724032304
CSO-10-5A-JANORO-CorrEtiq.txt,200.0,93.0,198.0,24.0,14.0,1.0,6.0,34.0,93.0,91.0,4.258064516129032,0.03903693314633006,7.0,3.2367879203843515,0.11606772159107315
CSO-10-5A-JBUVE-CorrEtiq.txt,200.0,95.0,199.0,31.0,15.0,3.0,3.0,72.0,95.0,94.0,4.189473684210526,0.036604895904827274,7.0,3.363761153054221,0.07726712864384955
CSO-10-5A-JJSEMO-CorrEtiq.txt,200.0,83.0,199.0,38.0,20.0,1.0,4.0,168.0,83.0,81.0,4.795180722891566,0.04607046070460705,6.0,3.0203671830177856,0.13791123078084977
CSO-10-5A-JLCARI-CorrEtiq.txt,200.0,99.0,198.0,23.0,7.0,2.0,4.0,14.0,99.0,97.0,4.0,0.03525046382189239,7.0,3.4522778808493095,0.0894024509570728
CSO-10-5A-MAARAN-CorrEtiq.txt,200.0,78.0,199.0,50.0,14.0,2.0,5.0,79.0,78.0,78.0,5.102564102564102,0.04810126582278481,6.0,2.9092188465744306,0.21856998365025104
CSO-10-5A-MAOSMO-CorrEtiq.txt,200.0,96.0,199.0,25.0,3.0,1.0,3.0,23.0,96.0,95.0,4.145833333333333,0.03728070175438596,8.0,3.5106382978723403,0.06841465420907507
CSO-10-5A-RVMOIB-CorrEtiq.txt,200.0,91.0,199.0,29.0,4.0,1.0,3.0,42.0,91.0,89.0,4.373626373626373,0.04126984126984127,7.0,3.222806648432569,0.10388360773606471
CSO-10-5A-SVHEES-CorrEtiq.txt,200.0,78.0,199.0,34.0,6.0,5.0,4.0,77.0,78.0,78.0,5.102564102564102,0.050949367088607596,6.0,2.860280753002272,0.15112561050061052
CSO-11-5A-MDVOSPE-CorrEtiq.txt,200.0,84.0,199.0,36.0,11.0,1.0,3.0,89.0,84.0,84.0,4.714285714285714,0.04561101549053356,6.0,3.0397759103641455,0.13612727142138908
CSO-11-5A-MTAGA-CorrEtiq.txt,200.0,92.0,199.0,28.0,19.0,3.0,5.0,33.0,92.0,91.0,4.326086956521739,0.040372670807453416,7.0,3.2534798534798535,0.06576822221983512
CSO-11-6A-CAPAMU-CorrEtiq.txt,200.0,97.0,198.0,26.0,3.0,2.0,2.0,27.0,97.0,94.0,4.082474226804123,0.035964912280701755,8.0,3.427412280701754,0.08426944787238905
CSO-11-6A-DSCACH-CorrEtiq.txt,200.0,97.0,199.0,29.0,2.0,1.0,1.0,25.0,97.0,95.0,4.103092783505154,0.03640350877192983,7.0,3.432635874480014,0.05582030359990886
CSO-11-6A-EROMO-CorrEtiq.txt,200.0,91.0,199.0,31.0,30.0,1.0,12.0,37.0,91.0,89.0,4.373626373626373,0.03785103785103785,8.0,3.3037851037851036,0.08886275654286228
CSO-11-6A-FSOVRE-CorrEtiq.txt,200.0,80.0,199.0,41.0,11.0,2.0,5.0,133.5,80.0,78.0,4.9375,0.047530864197530866,6.0,3.1169928895139867,0.16010033264312995
CSO-11-6B-ANREVA-CorrEtiq.txt,200.0,86.0,199.0,37.0,7.0,2.0,4.0,61.0,86.0,85.0,4.627906976744186,0.04295485636114911,7.0,3.089127744120904,0.13528127441091287
CSO-11-6B-DISEMO-CorrEtiq.txt,200.0,103.0,196.0,21.0,6.0,1.0,4.0,18.0,103.0,94.5,3.769230769230769,0.03198172472872644,9.0,3.6490448681339602,0.0766071208074274
CSO-11-6B-LHFDLACH-CorrEtiq.txt,200.0,94.0,198.0,32.0,29.0,2.0,8.0,158.0,94.0,92.5,4.23404255319149,0.0363761153054221,7.0,3.4143216655227637,0.08222635298304481
CSO-11-6B-RJGIHE-CorrEtiq.txt,200.0,88.0,199.0,27.0,13.0,4.0,4.0,98.0,88.0,86.0,4.5227272727272725,0.04366700715015322,6.0,2.964044943820225,0.1945791805044101
CSO-11-6B-SFLVA-CorrEtiq.txt,200.0,79.0,199.0,37.0,13.0,8.0,7.0,165.0,79.0,79.0,5.037974683544304,0.04725413475413476,6.0,3.0376434768101435,0.2076979747140816
CSO-11-6B-VCOMA-CorrEtiq.txt,200.0,96.0,199.0,30.0,6.0,0.0,5.0,90.0,96.0,95.0,4.145833333333333,0.03650615901455767,8.0,3.344465058750773,0.09062935568791
CSO-12-6A-DGISE-CorrEtiq.txt,200.0,90.0,199.0,33.0,11.0,10.0,6.0,32.0,90.0,90.0,4.4222222222222225,0.038202247191011236,7.0,3.4284644194756555,0.07518958049856925
CSO-12-6A-FJOVRE-CorrEtiq.txt,200.0,86.0,198.0,30.0,6.0,3.0,5.0,71.0,86.0,84.0,4.604651162790698,0.04383854584335739,6.0,3.0099680128667345,0.14079230438256807
CSO-12-6B-GQULO-CorrEtiq.txt,200.0,82.0,199.0,38.0,12.0,5.0,6.0,37.0,82.0,81.0,4.853658536585366,0.044866004215597714,7.0,3.1718194254445966,0.1081500501435142
CSO-12-6B-LJHEFE-CorrEtiq.txt,200.0,94.0,199.0,29.0,13.0,2.0,6.0,44.0,94.0,93.0,4.23404255319149,0.03729123770304278,7.0,3.314516207188966,0.11890809203239214
CSO-12-7A-DALRE-CorrEtiq.txt,200.0,76.0,198.0,49.0,6.0,4.0,3.0,157.0,76.0,75.0,5.2368421052631575,0.05009009009009009,6.0,3.0413604660180003,0.17606663122452595
CSO-12-7A-ESALA-CorrEtiq.txt,200.0,85.0,199.0,39.0,7.0,0.0,4.0,124.0,85.0,83.0,4.682352941176471,0.044257703081232495,7.0,3.019219736087206,0.15869457253922323
CSO-12-7A-IMERO-CorrEtiq.txt,200.0,91.0,199.0,29.0,19.0,2.0,7.0,46.0,91.0,90.0,4.373626373626373,0.03917821309125657,7.0,3.3245658835546474,0.09768826893923643
CSO-12-7A-JHEZA-CorrEtiq.txt,200.0,103.0,197.0,18.0,7.0,5.0,5.0,22.0,103.0,96.0,3.8058252427184467,0.032300224047796866,8.0,3.5619047619047617,0.13383962504384259
CSO-12-7A-LSARAR-CorrEtiq.txt,200.0,83.0,199.0,41.0,18.0,0.0,6.0,31.0,83.0,82.0,4.795180722891566,0.04451954158095798,6.0,3.17956844800806,0.14568528929765895
CSO-12-7A-SCAHO-CorrEtiq.txt,200.0,92.0,199.0,33.0,10.0,1.0,5.0,52.0,92.0,91.0,4.326086956521739,0.038461538461538464,8.0,3.410804966474554,0.10058374627540626
CSO-12-7B-DVAGRO-CorrEtiq.txt,200.0,91.0,199.0,30.0,9.0,4.0,5.0,55.0,91.0,90.0,4.373626373626373,0.038701026488031864,7.0,3.2961200987581054,0.08195984805191966
CSO-12-7B-SMUGU-CorrEtiq.txt,200.0,82.0,199.0,32.0,2.5,3.0,2.0,110.5,82.0,81.0,4.853658536585366,0.04847937368262571,6.0,3.0415011445964524,0.12919994576188937
CSO-12-7B-SSARA-CorrEtiq.txt,200.0,97.0,199.0,25.0,5.0,4.0,3.0,37.0,97.0,96.0,4.103092783505154,0.03672680412371134,8.0,3.429885332059245,0.04750692254719316
CSO-12-7B-VHOMA-CorrEtiq.txt,200.0,110.0,199.0,21.0,3.0,5.0,1.0,20.0,110.0,108.0,3.618181818181818,0.029221882432891606,8.0,3.7600831022849373,0.07895560542619365
CSO-12-8A-YTOME-CorrEtiq.txt,200.0,80.0,199.0,35.0,9.0,1.0,6.0,77.0,80.0,79.0,4.975,0.05063291139240506,6.0,2.929182895163908,0.19072618179726541
CSO-13-6A-ANASA-CorrEtiq.txt,200.0,95.0,199.0,33.0,10.0,1.0,5.0,17.0,95.0,94.0,4.189473684210526,0.03628219484882419,7.0,3.4662933930571107,0.0649871500284297
CSO-13-6B-JETAVE-CorrEtiq.txt,200.0,77.0,199.0,50.0,3.0,2.0,2.0,140.0,77.0,76.0,5.1688311688311686,0.04955570745044429,6.0,2.985244191559981,0.1466453149711196
CSO-13-6B-LFMIES-CorrEtiq.txt,200.0,91.0,197.0,31.0,4.0,2.0,3.0,42.0,91.0,84.0,4.329670329670329,0.03882783882783883,13.0,3.7213675213675215,0.14049641716308384
CSO-13-6B-LJMAHU-CorrEtiq.txt,200.0,72.0,196.0,72.0,24.0,0.0,7.0,36.0,72.0,67.0,5.444444444444445,0.046462063086104004,7.0,3.312676056338028,0.06663662616043568
CSO-13-7A-CAPAMU-CorrEtiq.txt,200.0,88.0,197.0,34.0,18.0,5.0,8.0,43.0,88.0,86.0,4.4772727272727275,0.03970741901776385,7.0,3.433458177278402,0.09121116087408222
CSO-13-7A-CDDITR-CorrEtiq.txt,200.0,91.0,199.0,30.0,7.0,1.0,4.0,43.0,91.0,90.0,4.373626373626373,0.04053724053724054,6.0,3.187789987789988,0.0939930420418972
CSO-13-7A-JJATFL-CorrEtiq.txt,200.0,91.0,199.0,30.0,8.0,1.0,4.5,98.0,91.0,90.0,4.373626373626373,0.039316239316239315,6.0,3.0159958009887884,0.152544102170935
CSO-13-7A-KRAMA-CorrEtiq.txt,200.0,83.0,199.0,40.0,11.0,2.0,5.0,33.0,83.0,83.0,4.795180722891566,0.043837370387473235,7.0,3.1011743450767844,0.08781266892722
CSO-13-7A-RXCHLU-CorrEtiq.txt,200.0,89.0,199.0,23.0,7.0,0.0,5.0,73.0,89.0,87.0,4.47191011235955,0.04416305636762824,5.0,2.9887185493055313,0.1693662858843526
CSO-13-7A-YAMEZA-CorrEtiq.txt,200.0,89.0,199.0,32.0,6.0,4.0,5.0,45.0,89.0,89.0,4.47191011235955,0.04053724053724054,7.0,3.199843260188088,0.09755816955169405
CSO-13-8A-KIGAGU-CorrEtiq.txt,200.0,81.0,199.0,38.0,10.0,8.0,6.0,90.0,81.0,81.0,4.91358024691358,0.04506172839506173,6.0,3.0822697657085842,0.14377710002925
CSO-13-8A-MBUAN-CorrEtiq.txt,200.0,88.0,199.0,30.0,10.0,3.0,4.0,40.0,88.0,88.0,4.5227272727272725,0.04231974921630094,8.0,3.3896293401081365,0.07867730208910015
CSO-13-8A-MGAAN-CorrEtiq.txt,200.0,99.0,199.0,28.0,13.0,2.0,7.0,16.0,99.0,97.0,4.02020202020202,0.03380746237889095,7.0,3.3669346526489385,0.08126555157805158
CSO-13-8A-MGAHE-CorrEtiq.txt,200.0,86.0,199.0,33.0,1.0,1.0,1.0,93.0,86.0,85.0,4.627906976744186,0.04453781512605042,6.0,3.1512605042016806,0.08896743353265092
CSO-13-8A-MJAGA-CorrEtiq.txt,200.0,80.0,199.0,44.0,10.0,13.0,7.0,51.0,80.0,79.0,4.975,0.0451152223304122,7.0,3.1371961371961374,0.1264534813906688
CSO-13-8A-VHODU-CorrEtiq.txt,200.0,86.0,199.0,27.0,6.0,2.0,5.0,55.0,86.0,85.0,4.627906976744186,0.04519331243469175,7.0,2.9941176470588236,0.19961268685652625
CSO-13-8B-FCJISA-CorrEtiq.txt,200.0,100.0,199.0,24.0,14.0,1.0,5.0,34.0,100.0,98.0,3.98,0.03474747474747475,8.0,3.4762935477221193,0.11278967151412972
CSO-13-8B-JEMABE-CorrEtiq.txt,200.0,78.0,198.0,53.0,5.0,2.0,3.0,92.0,78.0,76.0,5.076923076923077,0.047619047619047616,6.0,3.002921129503408,0.1466920429788077
CSO-13-9B-DMLLLU-CorrEtiq.txt,200.0,81.0,199.0,38.0,5.0,2.0,4.0,92.0,81.0,81.0,4.91358024691358,0.04722222222222222,6.0,3.0003086419753084,0.13968208650075034
CSO-14-7B-EALHU-CorrEtiq.txt,200.0,87.0,199.0,38.0,6.0,0.0,3.0,127.0,87.0,86.0,4.574712643678161,0.04218437976634118,6.0,3.140405116644946,0.1394987577414874
CSO-14-7B-EVEGO-CorrEtiq.txt,200.0,97.0,199.0,28.0,7.0,0.0,4.0,47.0,97.0,96.0,4.103092783505154,0.036187670944666524,8.0,3.417310996563574,0.10256951684383901
CSO-14-8A-AQUMA-CorrEtiq.txt,200.0,85.0,199.0,25.0,10.0,1.0,5.0,44.0,85.0,84.0,4.682352941176471,0.047058823529411764,5.0,2.815047879616963,0.18791281683819416
CSO-14-8A-MCIDOS-CorrEtiq.txt,200.0,87.0,197.0,40.0,5.0,2.0,2.0,136.0,87.0,82.0,4.528735632183908,0.04143277198609997,8.0,3.345280437756498,0.1096821441212686
CSO-14-8A-SZARA-CorrEtiq.txt,200.0,85.0,199.0,35.0,7.0,6.0,6.0,102.0,85.0,84.0,4.682352941176471,0.04285714285714286,7.0,3.2014811031664965,0.07947027719754993
CSO-14-8B-JLLORA-CorrEtiq.txt,200.0,87.0,199.0,30.0,3.0,4.0,3.0,66.0,87.0,87.0,4.574712643678161,0.04276931301790965,6.0,3.021651964715317,0.14767540504099644
CSO-14-9A-AEDCAGO-CorrEtiq.txt,200.0,100.0,198.0,21.0,12.0,3.0,6.0,65.5,100.0,98.0,3.96,0.03373737373737374,8.0,3.5307342876421823,0.07168152478037576
CSO-14-9A-HASACA-CorrEtiq.txt,200.0,88.0,199.0,32.0,8.0,1.0,6.0,15.0,88.0,86.0,4.5227272727272725,0.04179728317659352,6.0,3.098569969356486,0.10051909625946139
CSO-14-9A-JSMAAL-CorrEtiq.txt,200.0,91.0,198.0,29.0,9.0,4.5,5.0,34.0,91.0,89.0,4.351648351648351,0.0389393215480172,8.0,3.370791229725004,0.1427361779556915
CSO-14-9A-MARJA-CorrEtiq.txt,200.0,88.0,199.0,33.0,1.0,0.0,1.0,83.0,88.0,87.0,4.5227272727272725,0.04310344827586207,7.0,3.3134796238244513,0.13835951630069276
CSO-14-9A-SORZU-CorrEtiq.txt,200.0,85.0,198.0,36.0,23.0,3.0,7.0,105.0,84.0,82.0,4.682352941176471,0.043137254901960784,7.0,3.1706827309236947,0.1466038037318314
CSO-14-9B-ERAGA-CorrEtiq.txt,200.0,75.0,198.0,31.0,13.0,5.0,7.0,99.0,75.0,74.0,5.306666666666667,0.055905220288781934,6.0,2.8991628614916287,0.16943636670646567
CSO-14-9B-MFEGA-CorrEtiq.txt,200.0,86.0,199.0,34.0,13.0,5.0,6.0,119.0,86.0,85.0,4.627906976744186,0.04281322793752625,6.0,3.1484421955949653,0.19057530295263003
CSO-15-10A-LJRAGU-CorrEtiq.txt,200.0,85.0,198.0,38.0,4.0,0.0,2.0,91.0,85.0,84.0,4.658823529411765,0.04388984509466437,6.0,3.066827051590484,0.17052078863368597
CSO-15-10A-MAARLO-CorrEtiq.txt,200.0,84.0,198.0,29.0,6.0,3.0,4.0,30.0,84.0,82.0,4.690476190476191,0.04589787722317843,7.0,3.116074052306788,0.1451929430218904
CSO-15-10A-SFEGA-CorrEtiq.txt,200.0,87.5,197.0,37.0,12.0,2.0,6.0,199.0,87.5,86.0,4.52573145245559,0.04036353916065223,7.0,3.2737280426577833,0.13811129502305974
CSO-15-10B-MEBUAR-CorrEtiq.txt,200.0,92.0,199.0,27.0,19.0,0.0,9.0,48.0,92.0,90.0,4.326086956521739,0.039417104634495936,8.0,3.3342092689918776,0.13676673567977915
CSO-15-10B-YVBUAN-CorrEtiq.txt,200.0,92.0,198.0,28.0,8.0,1.0,3.0,39.0,92.0,91.0,4.304347826086956,0.0389393215480172,7.0,3.3095476986781334,0.15287264462484404
CSO-15-10C-ALBAHO-CorrEtiq.txt,200.0,86.0,199.0,34.0,14.0,4.0,6.0,21.0,86.0,86.0,4.627906976744186,0.04223469660518578,8.0,3.3322884012539187,0.08599103079205775
CSO-15-10C-SSCAMO-CorrEtiq.txt,200.0,99.0,199.0,31.0,20.0,2.0,6.0,59.0,99.0,98.0,4.02020202020202,0.03298289012574727,8.0,3.5409495506360007,0.08458524572116816
CSO-15-11C-JETALO-CorrEtiq.txt,200.0,83.0,199.0,37.0,22.0,4.0,12.0,37.0,83.0,83.0,4.795180722891566,0.04213406292749658,6.0,3.132490213791027,0.12362059488965807
CSO-15-8A-VBMABR-CorrEtiq.txt,200.0,83.0,199.0,39.0,12.0,1.0,5.0,58.0,83.0,82.0,4.795180722891566,0.045658263305322126,6.0,3.144070196128429,0.11962157084108305
CSO-15-8B-KEPOGO-CorrEtiq.txt,200.0,100.0,199.0,21.0,0.0,1.0,0.0,39.0,100.0,99.0,3.98,0.03595959595959596,7.0,3.3953535353535353,0.09539829451594156
CSO-15-9B-ALRIHE-CorrEtiq.txt,200.0,95.0,199.0,27.0,11.0,4.0,4.0,30.0,95.0,95.0,4.189473684210526,0.03684210526315789,7.0,3.3183252682516304,0.1181742081970915
CSO-15-9B-AMSAGO-CorrEtiq.txt,200.0,103.0,198.0,20.0,2.0,0.0,2.0,31.0,103.0,99.0,3.8446601941747574,0.03350466400152294,8.0,3.569437002523782,0.1391675967918115
CSO-15-9B-JCAPA-CorrEtiq.txt,200.0,87.0,199.0,30.0,8.0,3.0,2.0,40.0,87.0,86.0,4.574712643678161,0.04330392943063352,7.0,3.219933554817276,0.12968056339465367
CSO-15-9B-KSBEJA-CorrEtiq.txt,200.0,75.0,199.0,43.0,9.0,4.0,5.0,61.0,75.0,75.0,5.306666666666667,0.05225225225225225,6.0,2.9614414414414414,0.1437694509675934
CSO-15-9B-RMCHLU-CorrEtiq.txt,200.0,82.0,199.0,40.0,29.0,1.0,8.0,137.0,82.0,81.0,4.853658536585366,0.044753086419753084,6.0,2.9881210433041865,0.15206308388610768
CSO-15-9B-SJAGRO-CorrEtiq.txt,200.0,109.0,199.0,14.0,12.0,0.0,7.0,10.0,109.0,108.0,3.6513761467889907,0.030241250424736663,7.0,3.61024575977847,0.07956960456960457
CSO-16-10A-JEGAHE-CorrEtiq.txt,200.0,85.0,199.0,36.0,12.0,1.0,5.0,35.0,85.0,84.0,4.682352941176471,0.044257703081232495,7.0,3.170726754651704,0.13279586893032272
CSO-16-10A-MSACO-CorrEtiq.txt,200.0,98.0,199.0,20.0,1.0,1.0,1.0,42.0,98.0,97.0,4.061224489795919,0.03710575139146568,7.0,3.3468357703906304,0.1031456350666877
CSO-16-10A-SARI-CorrEtiq.txt,200.0,91.0,189.0,30.0,4.0,4.0,3.0,47.0,91.0,83.0,4.131868131868132,0.0372829417773238,7.0,3.458158017765311,0.06688165635534057
CSO-16-10A-SMOUT-CorrEtiq.txt,200.0,92.0,199.0,29.0,13.0,4.0,5.0,67.5,92.0,91.0,4.326086956521739,0.03882783882783883,7.0,3.390374570393734,0.11615013900241172
CSO-16-10A-YKMUJO-CorrEtiq.txt,200.0,79.0,199.0,35.0,8.0,2.0,5.0,97.0,79.0,78.0,5.037974683544304,0.05128205128205128,6.0,2.9254774132822914,0.12646255997675565
CSO-16-10B-LTVIFA-CorrEtiq.txt,200.0,123.0,199.0,10.0,3.0,0.0,2.0,10.0,123.0,122.0,3.2357723577235773,0.02464516129032258,9.0,4.082758620689655,0.039295257776035916
CSO-16-10B-VVILI-CorrEtiq.txt,200.0,94.0,199.0,26.0,14.0,1.0,6.0,59.0,94.0,93.0,4.23404255319149,0.03807390817469205,7.0,3.295715778474399,0.07401794423071019
CSO-16-10C-ACALGU-CorrEtiq.txt,200.0,92.0,196.0,31.0,10.0,0.0,4.0,52.0,92.0,88.0,4.260869565217392,0.03880317905563347,7.0,3.3036261491317673,0.07879141298859459
CSO-16-10C-MAVAVE-CorrEtiq.txt,200.0,96.0,199.0,23.0,5.0,2.0,4.0,28.0,96.0,95.0,4.145833333333333,0.03807390817469205,7.0,3.4616956077630237,0.09697314180072801
CSO-16-11A-JAVABO-CorrEtiq.txt,200.0,95.0,199.0,29.0,12.0,4.0,4.0,17.0,95.0,94.0,4.189473684210526,0.036730123180291153,7.0,3.302093973442288,0.11822326756789671
CSO-16-11A-JDMUVA-CorrEtiq.txt,200.0,95.0,199.0,29.0,5.0,2.0,3.0,25.0,95.0,94.0,4.189473684210526,0.03717805151175812,7.0,3.340873460246361,0.1257980659419038
CSO-16-11A-VZAOR-CorrEtiq.txt,200.0,103.0,197.0,23.0,7.0,4.0,5.0,34.0,103.0,100.0,3.825242718446602,0.031600989910527316,8.0,3.530388104487205,0.05013243242481015
CSO-16-11B-KRORE-CorrEtiq.txt,200.0,94.0,199.0,27.0,4.0,1.0,3.0,59.0,94.0,93.0,4.23404255319149,0.038435140700068635,7.0,3.267282384888544,0.11432738710460871
CSO-16-11B-LLOZA-CorrEtiq.txt,200.0,97.0,199.0,24.0,3.0,3.0,3.0,26.0,97.0,96.0,4.082474226804123,0.03662280701754386,7.0,3.3101903695408734,0.072094093597853
CSO-16-11B-YAROMO-CorrEtiq.txt,200.0,103.0,199.0,20.0,17.0,4.0,9.0,11.0,103.0,102.0,3.8640776699029127,0.03198172472872644,8.0,3.643577296489918,0.08293285594323656
CSO-16-9A-JALEMO-CorrEtiq.txt,200.0,92.0,199.0,20.0,8.0,1.0,7.0,23.0,92.0,91.0,4.326086956521739,0.04108934543717153,7.0,3.148112756808409,0.0764714062888505
CSO-16-9A-JPROSO-CorrEtiq.txt,200.0,104.0,199.0,22.0,5.0,3.0,4.0,15.0,104.0,102.0,3.826923076923077,0.03217209213782601,8.0,3.702389843166542,0.05926712614870509
CSO-16-9A-JSMAGU-CorrEtiq.txt,200.0,88.0,199.0,37.0,7.0,2.0,4.0,139.0,88.0,87.0,4.5227272727272725,0.04136874361593463,6.0,3.0828655439722,0.11668005671682426
CSO-16-9B-SJPAJI-CorrEtiq.txt,200.0,82.0,199.0,36.0,4.0,1.0,4.0,130.0,82.0,81.0,4.853658536585366,0.04814814814814815,6.0,3.0070987654320986,0.12676828766537077
CSO-17-10A-YVGOCA-CorrEtiq.txt,200.0,84.0,199.0,27.0,16.0,1.0,8.0,50.0,84.0,84.0,4.738095238095238,0.047332185886402756,6.0,3.012311901504788,0.1501562684953373
CSO-17-10B-EHECO-CorrEtiq.txt,200.0,98.0,198.0,26.0,2.0,1.0,2.0,23.0,98.0,95.0,4.040816326530612,0.03555649063749211,8.0,3.379166666666667,0.09759167338215564
CSO-17-10B-YCQUVE-CorrEtiq.txt,200.0,83.0,199.0,36.0,12.0,1.0,6.0,34.0,83.0,82.0,4.771084337349397,0.045037292025243834,6.0,3.1128040630847367,0.11163925796225724
CSO-17-11A-DJAPA-CorrEtiq.txt,200.0,89.0,198.0,31.0,11.0,1.0,7.0,53.0,89.0,86.0,4.460674157303371,0.04246889190709416,6.0,3.1635798658270566,0.10014584906741769
CSO-17-11A-JDAMO-CorrEtiq.txt,200.0,82.0,199.0,41.0,3.0,0.0,2.0,101.5,82.0,81.0,4.853658536585366,0.04819277108433735,7.0,3.181962025316456,0.09195920102932298
CSO-17-11A-NPAHE-CorrEtiq.txt,200.0,91.0,199.0,30.5,5.0,1.0,4.0,31.0,91.0,91.0,4.373626373626373,0.03920099875156055,6.0,3.1178027637387244,0.12054246349405248
CSO-17-11A-RLPAIG-CorrEtiq.txt,200.0,88.0,199.0,32.0,17.0,5.0,8.0,32.0,88.0,87.0,4.5,0.0408981555733761,7.0,3.2083333333333335,0.13830023687387688
CSO-17-11A-SPUVA-CorrEtiq.txt,200.0,80.0,199.0,46.0,6.0,2.0,5.0,210.0,80.0,79.0,4.975,0.046202531645569624,6.0,2.973567835118468,0.1670846022075937
CSO-17-11B-CDBEBU-CorrEtiq.txt,200.0,98.0,199.0,26.0,17.0,2.0,5.0,30.0,98.0,96.0,4.061224489795919,0.0352233676975945,8.0,3.44026787900761,0.14443992940722628
CSO-17-11C-JDAAG-CorrEtiq.txt,200.0,100.0,199.0,22.0,7.0,0.0,5.0,18.0,100.0,100.0,3.98,0.034545454545454546,8.0,3.4759251435347616,0.07332759473574307
CSO-17-11C-MAPAMA-CorrEtiq.txt,200.0,91.0,199.0,31.0,7.0,2.0,6.0,87.0,91.0,90.0,4.373626373626373,0.03967818535478526,6.0,3.179309873530901,0.14894178182420514
CSO-17-11C-MCAAG-CorrEtiq.txt,200.0,93.0,199.0,26.0,13.0,0.5,5.0,26.5,93.0,93.0,4.279569892473118,0.03907203907203907,7.0,3.327856220424087,0.0710437455744089
CSO-17-11C-SARJA-CorrEtiq.txt,200.0,85.0,199.0,29.0,8.0,0.0,6.0,85.0,85.0,84.0,4.682352941176471,0.04593837535014006,6.0,3.099859943977591,0.13380426281475755
CSO-18-11A-ADBAHO-CorrEtiq.txt,200.0,104.0,199.0,15.0,6.0,0.0,6.0,10.0,104.0,103.0,3.826923076923077,0.03323375653472741,7.0,3.3554159527888827,0.0959072594072594
CSO-18-11B-YLLRE-CorrEtiq.txt,200.0,97.0,199.0,27.0,12.0,0.0,3.0,28.0,97.0,96.0,4.103092783505154,0.03608247422680412,7.0,3.380601725226173,0.10479715320140852
CSO-18-9B-MAMOLO-CorrEtiq.txt,200.0,96.0,199.0,35.0,15.0,4.0,6.0,33.0,96.0,94.0,4.145833333333333,0.03429413002314328,8.0,3.6600700886415174,0.0749084249084249
CSO-8-3A-AIPRBR-CorrEtiq.txt,200.0,80.0,199.0,43.0,3.0,4.0,2.0,138.0,80.0,79.0,4.975,0.04819277108433735,6.0,2.9905335628227196,0.13670094966768515
CSO-8-3A-DAPAVA-CorrEtiq.txt,200.0,81.0,199.0,38.0,20.0,4.0,9.0,91.0,81.0,80.0,4.91358024691358,0.04642962092271525,6.0,3.190420217455187,0.1050286800812011
CSO-8-3A-KVPECO-CorrEtiq.txt,200.0,81.0,198.0,45.0,4.0,3.0,3.0,91.0,81.0,79.0,4.888888888888889,0.04556962025316456,6.0,2.890740740740741,0.1927993164241582
CSO-8-4A-ARAGR-CorrEtiq.txt,200.0,91.0,197.0,28.0,20.5,2.0,6.0,54.5,91.0,88.0,4.351648351648351,0.04004884004884005,7.0,3.2508797887479517,0.061916273871223955
CSO-8-4A-JRAAR-CorrEtiq.txt,200.0,75.5,197.0,47.5,9.0,2.0,6.0,145.0,75.5,72.0,5.245087719298246,0.05138454243717401,6.0,2.8941447297611678,0.12350972715176925
CSO-9-2A-EXMOCO-CorrEtiq.txt,200.0,89.0,193.0,29.0,10.0,1.5,6.0,86.0,89.0,83.0,4.337078651685394,0.040546886924260034,6.0,3.116878909109476,0.17230806366835777
CSO-9-4A-AGAPE-CorrEtiq.txt,200.0,90.0,199.0,27.0,11.0,1.0,6.0,66.0,90.0,89.0,4.4222222222222225,0.04094881398252185,7.0,3.186766541822722,0.10809208833105892
CSO-9-4A-DKVIMO-CorrEtiq.txt,200.0,75.0,199.0,42.0,5.0,2.0,3.0,122.0,75.0,74.0,5.306666666666667,0.0547945205479452,6.0,2.908002145213867,0.13408821375937502
CSO-9-4A-DSMOMU-CorrEtiq.txt,200.0,101.0,198.0,21.0,3.0,4.0,2.0,16.0,101.0,99.0,3.9019607843137254,0.0341681226946224,8.0,3.4808019028202515,0.08760189418346577
CSO-9-4A-DVGATO-CorrEtiq.txt,200.0,83.0,198.0,34.0,11.0,6.0,5.0,81.0,83.0,77.0,4.771084337349397,0.04525418748163385,8.0,3.1818983250073463,0.1137802405776262
CSO-9-4A-EGCAMO-CorrEtiq.txt,200.0,90.0,199.0,34.0,27.0,3.0,7.0,42.0,90.0,89.0,4.4222222222222225,0.03870162297128589,7.0,3.2828705050091185,0.11060971121534804
CSO-9-4A-FAGIGA-CorrEtiq.txt,200.0,88.0,196.0,23.0,15.0,6.0,8.0,41.0,88.0,83.0,4.454545454545454,0.041536050156739814,7.0,3.1606230847803882,0.0928955442371335
CSO-9-4A-GSBRCO-CorrEtiq.txt,200.0,74.0,199.0,46.0,10.0,6.0,4.0,167.0,74.0,73.0,5.378378378378378,0.0539906103286385,6.0,2.908471275559883,0.15070432078104712
CSO-9-4A-KEMOCO-CorrEtiq.txt,200.0,77.0,199.0,36.0,8.0,1.0,6.0,105.5,77.0,76.0,5.1688311688311686,0.05331510594668489,6.0,2.8814518814518815,0.17177681544197382
CSO-9-4A-LCOMO-CorrEtiq.txt,200.0,97.0,199.0,20.0,9.0,3.0,6.0,19.0,97.0,96.0,4.103092783505154,0.03660845781611614,8.0,3.437171524128046,0.07893584079151089
CSO-9-4A-MLORO-CorrEtiq.txt,200.0,81.0,199.0,38.0,4.0,2.0,2.0,307.0,81.0,80.0,4.91358024691358,0.04814814814814815,6.0,2.9246913580246914,0.07723804071390389
CSO-9-4A-MPAME-CorrEtiq.txt,200.0,94.0,198.0,35.0,14.0,2.0,5.0,30.0,94.0,86.0,4.212765957446808,0.03568977350720659,9.0,3.477693891557996,0.0752375781491123
CSO-9-4A-NSARPA-CorrEtiq.txt,200.0,92.0,199.0,25.0,6.0,2.0,6.0,43.0,92.0,90.0,4.326086956521739,0.039950062421972535,7.0,3.1191011235955055,0.1051035565741448
CSO-9-4A-SLOCA-CorrEtiq.txt,200.0,83.0,199.0,45.0,3.0,3.0,3.0,266.0,83.0,81.5,4.795180722891566,0.044078754040552455,7.0,3.112741835334103,0.2077531511608798
CSO-9-4A-YVDITR-CorrEtiq.txt,200.0,73.0,199.0,62.0,12.0,0.0,5.0,325.0,73.0,73.0,5.424657534246576,0.05141614216956683,7.0,3.0823612595295327,0.18080489154018564
