file,wc,nodes,edges,re,pe,l1,l2,l3,lcc,lsc,atd,density,diameter,asp,cc
CDMS-10-4A-JURAN,11.0,25.0,29.0,2.0,0.0,0.0,0.0,0.0,19.0,1.0,1.125,0.047692307692307694,6.0,2.7719298245614037,0.19140989729225022
CDMS-10-5A-HEPIHO,11.0,26.0,26.0,1.0,0.0,0.0,0.0,0.0,14.0,1.0,1.0,0.04,4.0,2.3736263736263736,0.4145363408521303
CDMS-10-5A-KSRAGU,11.0,30.5,29.5,3.5,0.0,0.0,0.0,0.0,14.5,1.0,0.967741935483871,0.03333333333333333,4.5,2.323076923076923,0.1547041847041847
CDMS-10-5A-SROPU,11.0,34.0,41.5,2.5,0.0,0.0,0.0,0.0,25.0,1.0,1.2205882352941178,0.037182486631016046,7.0,2.96,0.40268398268398264
CDMS-10-5A-SZURO,11.0,25.0,34.0,5.0,0.0,0.0,0.0,0.0,20.0,1.0,1.4193548387096775,0.06,5.0,2.721014492753623,0.33284493284493283
CDMS-10-5B-SRAJA,11.0,35.0,41.0,3.0,0.0,1.0,0.0,0.0,28.0,1.0,1.1723856209150325,0.03454078601137425,6.0,3.3472871317698907,0.16926351638995318
CDMS-10-5C-DAAUSA,11.0,33.0,54.0,9.0,0.0,1.0,0.0,0.0,23.0,1.0,1.5757575757575757,0.04924242424242424,4.0,2.335384615384615,0.4685107376283847
CDMS-10-5C-ICAPA,11.0,16.0,26.0,3.0,0.0,0.0,0.0,0.0,16.0,1.0,1.5454545454545454,0.09558823529411764,5.0,2.2416666666666667,0.5943181818181819
CDMS-10-5C-JFALGI,11.0,22.5,22.5,2.0,0.0,0.0,0.0,0.0,12.5,1.0,1.0476190476190477,0.04826604554865424,4.0,2.1666666666666665,0.42053571428571423
CDMS-10-5C-MAORTO,11.0,28.0,35.0,5.0,0.0,0.0,0.0,0.0,21.0,1.0,1.2666666666666666,0.047692307692307694,6.0,2.963768115942029,0.17857142857142858
CDMS-10-5C-NBEMO,11.0,43.0,57.0,5.0,0.0,0.0,0.0,0.0,30.0,1.0,1.3191489361702127,0.030434782608695653,6.0,2.7338709677419355,0.39956597222222223
CDMS-10-6B-ASCACO,11.0,25.0,40.0,11.0,0.0,0.0,0.0,0.0,21.0,1.0,1.5185185185185186,0.06267806267806268,6.0,2.8366013071895426,0.2886904761904762
CDMS-10-6B-JJMOBE,11.0,25.0,27.0,1.0,0.0,0.0,0.0,0.0,16.0,1.0,1.1153846153846154,0.04710144927536232,5.0,2.371794871794872,0.37083333333333335
CDMS-11-4A-GACHSA,11.0,24.0,32.0,8.0,0.0,0.0,0.0,0.0,16.0,1.0,1.5625,0.06926406926406926,4.0,2.2941176470588234,0.5091575091575091
CDMS-11-5A-EAARCA,11.0,26.0,42.0,10.0,0.0,0.0,0.0,0.0,23.0,1.0,1.5769230769230769,0.06307692307692307,4.0,2.4789473684210526,0.46627140974967063
CDMS-11-5A-MGTHAR,11.0,26.5,50.0,10.5,0.0,0.0,0.0,0.0,25.0,1.0,1.8644444444444446,0.07608262108262108,5.0,2.4144017094017096,0.4633828627236335
CDMS-11-6A-DFVEBE,11.0,29.5,44.0,9.0,0.0,0.0,0.0,0.0,23.5,1.0,1.4666666666666666,0.05067197170645446,4.5,2.520688579155398,0.38133100233100237
CDMS-11-6A-NMREPR,11.0,26.0,38.5,8.0,0.0,0.0,0.0,0.0,21.0,1.0,1.4615384615384615,0.05846153846153846,5.0,2.412023043736599,0.3407258028376041
CDMS-11-6B-ARAHE,11.0,28.0,35.0,4.0,0.0,0.0,0.0,0.0,12.0,1.0,1.1842105263157894,0.04482758620689655,5.0,2.3333333333333335,0.3444444444444444
CDMS-11-6B-AVROTO,11.0,20.0,24.0,5.0,0.0,0.0,0.0,0.0,14.0,1.0,1.3333333333333333,0.06904761904761905,4.0,2.2637362637362637,0.4207936507936508
CDMS-11-6B-EAFESA,11.0,35.0,44.0,8.0,0.0,0.0,0.0,0.0,24.0,1.0,1.3448275862068966,0.041463414634146344,6.0,2.742690058479532,0.213768115942029
CDMS-11-6B-EFRGR,11.0,35.0,58.0,9.0,0.0,0.0,0.0,0.0,29.0,1.0,1.5263157894736843,0.04188948306595366,6.0,2.8029556650246303,0.3635610766045549
CDMS-11-6B-EROCO,11.0,17.0,26.0,3.0,0.0,0.0,0.0,0.0,16.0,1.0,1.6666666666666667,0.1111111111111111,4.0,2.1,0.6498397435897436
CDMS-11-6B-JACUPE,11.0,32.0,49.0,11.0,0.0,2.0,0.0,0.0,28.0,1.0,1.4375,0.046370967741935484,6.0,2.7804232804232805,0.21295371295371296
CDMS-11-6B-JDCHBA,11.0,31.0,33.0,3.0,0.0,0.0,0.0,0.0,20.0,1.0,1.2647058823529411,0.03978494623655914,5.0,2.5098039215686274,0.3816666666666667
CDMS-11-6B-JFSAHE,11.0,21.0,22.0,2.0,0.0,0.0,0.0,0.0,13.0,1.0,1.0416666666666667,0.05238095238095238,4.0,2.358974358974359,0.3857142857142857
CDMS-11-6B-JLPENA,11.0,21.5,23.5,4.5,0.0,0.0,0.0,0.0,13.0,1.0,1.060846560846561,0.048917748917748916,4.0,2.23018648018648,0.35145502645502646
CDMS-11-6B-JMARME,11.0,33.0,47.5,7.0,0.0,0.0,0.0,0.0,25.5,1.0,1.4037162162162162,0.04435141663402533,6.0,2.8045787545787544,0.3293132793132793
CDMS-11-6B-JPSAMA,11.0,31.0,39.0,4.0,0.0,0.0,0.0,0.0,21.5,1.0,1.2456989247311827,0.042232109751575826,5.5,2.546821599453178,0.4708754208754209
CDMS-11-6B-LESTA,11.0,26.0,33.0,4.0,0.0,0.0,0.0,0.0,21.0,1.0,1.3333333333333333,0.05172413793103448,6.0,2.802371541501976,0.3761904761904762
CDMS-11-6B-MAGIMU,11.0,26.0,38.0,6.5,0.0,0.0,0.0,0.0,24.0,1.0,1.4515384615384614,0.05923076923076923,7.0,3.2652669391799827,0.43777997364953886
CDMS-11-6B-MEBRTA,11.0,16.5,18.5,3.0,0.0,0.0,0.0,0.0,10.0,1.0,1.1578947368421053,0.07058823529411765,4.0,2.138888888888889,0.41328763828763826
CDMS-11-6B-MMAMO,11.0,39.5,52.0,10.0,0.0,0.0,0.0,0.0,21.5,1.0,1.3169871794871795,0.0334316344585921,5.0,2.711175666438824,0.42633546347832063
CDMS-11-6B-RSECA,11.0,29.0,36.0,2.0,0.0,0.0,0.0,0.0,23.0,1.0,1.2,0.041005291005291,5.0,2.632034632034632,0.41319405232448714
CDMS-11-6B-SCAPA,11.0,25.0,23.0,3.0,0.0,0.0,0.0,0.0,11.0,1.0,0.9583333333333334,0.03804347826086957,4.0,2.1818181818181817,0.15555555555555556
CDMS-11-6B-VZAPE,11.0,31.5,47.0,10.0,0.0,0.0,0.0,0.0,22.5,1.0,1.4929435483870968,0.049333855799373036,4.0,2.513260869565217,0.4315340909090909
CDMS-11-6B-YLNIME,11.0,32.0,38.0,8.0,0.0,0.0,0.0,0.0,19.0,1.0,1.2258064516129032,0.04064039408866995,5.0,2.461988304093567,0.3448051948051948
CDMS-11-7C-ICARE,11.0,27.0,29.0,4.0,0.0,0.0,0.0,0.0,18.0,1.0,1.1071428571428572,0.04310344827586207,5.0,2.816993464052288,0.19490358126721763
CDMS-11-7C-IMOIB,11.0,31.0,38.0,3.0,0.0,0.0,0.0,0.0,22.0,1.0,1.25,0.04252873563218391,6.0,2.717391304347826,0.41172138047138046
CDMS-11-7C-SALMA,11.0,31.0,59.0,16.0,0.0,0.0,0.0,0.0,25.0,1.0,1.903225806451613,0.06060606060606061,7.0,2.9288537549407114,0.3893491124260355
CDMS-11-7C-SPGAVE,11.0,22.0,20.0,3.0,0.0,0.0,0.0,0.0,8.0,1.0,0.9,0.041501976284584984,3.0,1.7619047619047619,0.29523809523809524
CDMS-12-5A-SRIGO,11.0,35.0,42.0,7.0,0.0,0.0,0.0,0.0,18.0,1.0,1.3513513513513513,0.037786774628879895,4.0,2.3790849673202614,0.43529411764705883
CDMS-12-6A-FAROPA,11.0,38.0,57.0,15.0,0.0,0.0,0.0,0.0,23.0,1.0,1.5,0.04054054054054054,5.0,2.6205533596837944,0.28107472237907016
CDMS-12-6A-JGIGA,11.0,25.5,36.0,4.5,0.0,0.0,0.0,0.0,19.0,1.0,1.3582621082621085,0.05442307692307692,5.0,2.4461988304093567,0.4560783572688334
CDMS-12-6A-JSOTGU,11.0,26.0,38.0,8.0,0.0,0.0,0.0,0.0,19.0,1.0,1.48,0.056666666666666664,4.0,2.2745098039215685,0.4345238095238095
CDMS-12-6A-SROAL,11.0,26.0,33.0,5.0,0.0,0.0,0.0,0.0,19.0,1.0,1.2962962962962963,0.05253623188405797,6.0,2.9393939393939394,0.4611555111555112
CDMS-12-6B-IJDAGA,11.0,24.5,30.0,2.5,0.0,0.0,0.0,0.0,12.0,1.0,1.2129032258064516,0.04989177489177489,5.0,2.826923076923077,0.321114417989418
CDMS-12-6B-SCLAG,11.0,28.0,39.0,5.0,0.0,1.0,0.0,0.0,22.0,1.0,1.3333333333333333,0.044444444444444446,6.0,3.0786290322580645,0.34368530020703936
CDMS-12-7C-ARAHE,11.0,30.5,41.0,6.0,0.0,0.0,0.0,0.0,18.5,1.0,1.3233901515151514,0.045482910906298,6.0,2.6071551427588577,0.4952667548500882
CDMS-12-7C-CATRAR,11.0,29.0,43.0,9.0,0.0,0.0,0.0,0.0,22.0,1.0,1.4833333333333334,0.05114942528735632,5.0,2.592948717948718,0.4048947264856355
CDMS-12-7C-DLOLO,11.0,27.0,48.0,18.0,0.0,0.0,0.0,0.0,20.0,1.0,1.6551724137931034,0.06666666666666667,6.0,2.7953216374269005,0.3325396825396825
CDMS-12-7C-JSZAOR,11.0,16.0,18.0,0.0,0.0,0.0,0.0,0.0,16.0,1.0,1.0588235294117647,0.06666666666666667,4.0,2.35,0.26382575757575755
CDMS-12-7C-MAROBE,11.0,40.0,47.0,4.0,0.0,0.0,0.0,0.0,26.0,1.0,1.1666666666666667,0.03012820512820513,5.0,2.5692307692307694,0.3352564102564103
CDMS-12-7C-VMAPA,11.0,26.0,37.0,5.0,0.0,0.0,0.0,0.0,22.0,1.0,1.4230769230769231,0.05692307692307692,6.0,2.6623376623376624,0.29551357733175915
CDMS-12-7C-VQURA,11.0,23.0,27.0,2.0,0.0,0.0,0.0,0.0,14.0,1.0,1.125,0.057971014492753624,5.0,2.4285714285714284,0.346031746031746
CDMS-13-6B-ASUMO,11.0,20.0,22.5,2.0,0.0,0.0,0.0,0.0,11.5,1.0,1.125,0.05846054530265056,3.0,1.8668331668331668,0.5173941798941799
CDMS-13-6B-JDTAHE,11.0,20.0,25.5,1.5,0.0,0.0,0.0,0.0,18.0,1.0,1.2837528604118993,0.0694014447884417,6.0,2.7742690058479536,0.2840712893344472
CDMS-13-7C-MVEAR,11.0,32.5,51.0,10.0,0.0,1.0,0.0,0.0,30.0,1.0,1.5,0.048341275659824046,5.5,2.6311699156526744,0.3172846003320683
CDMS-13-7C-RAIZAC,11.0,24.0,26.0,3.0,0.0,1.0,0.0,0.0,18.0,1.0,1.1904761904761905,0.05384615384615385,5.0,2.4894736842105263,0.3782539682539683
CDMS-13-7C-SSOSLO,11.0,35.0,54.0,10.0,0.0,2.0,0.0,0.0,24.0,1.0,1.4594594594594594,0.04054054054054054,4.0,2.3506493506493507,0.48201942984551677
CDMS-14-10A-IMORTO,11.0,22.0,30.5,5.5,0.0,1.0,0.0,0.0,15.0,1.0,1.422222222222222,0.06413419913419913,3.0,1.9384803921568627,0.4864359945609945
CDMS-14-10A-JCVANI,11.0,27.5,27.0,3.0,0.0,0.0,0.0,0.0,12.0,1.0,1.0,0.03774928774928775,4.0,2.314269064269064,0.23452380952380952
CDMS-14-5A-LSDUCO,11.0,35.0,58.0,12.0,0.0,1.0,0.0,0.0,23.0,1.0,1.6571428571428573,0.04873949579831933,5.0,2.308300395256917,0.5574440052700922
CDMS-14-6B-KDCAHE,11.0,34.0,36.0,3.0,0.0,0.0,0.0,0.0,17.0,1.0,1.0909090909090908,0.03208556149732621,5.0,2.698529411764706,0.4167548500881834
CDMS-15-10A-AMALOS,11.0,31.0,43.0,4.0,0.0,1.0,0.0,0.0,24.5,1.0,1.3112903225806452,0.04088680926916221,6.0,2.733840579710145,0.3896233766233766
CDMS-15-10A-JJMACH,11.0,50.0,61.0,2.0,0.0,0.0,0.0,0.0,37.0,1.0,1.2222222222222223,0.02410901467505241,7.0,3.296341463414634,0.3987712287712287
CDMS-15-10A-MAALCA,11.0,32.0,34.0,6.0,0.0,1.0,0.0,0.0,19.0,1.0,1.054054054054054,0.03571428571428571,4.0,2.3529411764705883,0.21187584345479082
CDMS-15-10A-MAALRI,11.0,32.0,41.0,5.0,0.0,0.0,0.0,0.0,17.0,1.0,1.3043981481481481,0.041859010011123465,4.0,2.2422385620915035,0.5114132553606238
CDMS-15-10A-SGOMO,11.0,25.0,35.0,1.0,0.0,0.0,0.0,0.0,20.0,1.0,1.2758620689655173,0.055,5.0,2.497076023391813,0.42936507936507934
CDMS-15-10A-SHEGA,11.0,36.0,44.5,5.0,1.0,0.0,1.0,0.0,20.0,2.0,1.25,0.03571428571428571,4.0,2.594736842105263,0.4945728291316527
CDMS-15-11B-JEMOLO,11.0,39.5,59.5,10.5,0.0,0.0,0.0,0.0,30.5,1.0,1.5383522727272727,0.039894795127353264,6.0,2.782531185444144,0.3149039983299545
CDMS-15-11B-VSAHO,11.0,32.0,42.0,3.0,0.0,0.0,0.0,0.0,25.0,1.0,1.3125,0.04233870967741935,5.0,2.61,0.4306122448979592
CDMS-16-10A-SGALO,11.0,28.0,26.5,0.0,0.0,0.0,0.0,0.0,13.5,1.0,0.9009324009324009,0.031486042692939246,5.0,2.5556776556776555,0.3547514619883041
CDMS-16-11B-NGABE,11.0,37.0,51.0,8.0,0.0,1.0,0.0,0.0,26.0,1.0,1.4482758620689655,0.03716608594657375,4.0,2.3971774193548385,0.48659502262443444
CDMS-17-10A-ASSAMO,11.0,36.0,33.0,1.0,0.0,0.0,0.0,0.0,17.0,1.0,0.9090909090909091,0.02619047619047619,5.0,2.6544117647058822,0.07026143790849673
CDMS-18-7C-VVECA,11.0,25.0,29.0,5.0,0.0,1.0,0.0,0.0,16.0,1.0,1.1363636363636365,0.045,5.0,2.389705882352941,0.3384615384615385
CDMS-8-4A-DBEVA,11.0,21.0,29.0,8.0,0.0,0.0,0.0,0.0,16.0,1.0,1.3636363636363635,0.07105263157894737,5.0,2.4725274725274726,0.28968253968253965
CDMS-8-4A-DJAVDA,11.0,21.5,24.0,2.0,0.0,0.0,0.0,0.0,10.0,1.0,1.093073593073593,0.05476190476190476,3.5,1.9472222222222224,0.274074074074074
CDMS-8-4A-DOSTR,11.0,26.0,33.0,5.0,0.0,0.0,0.0,0.0,18.0,1.0,1.206896551724138,0.05238095238095238,4.0,2.4095238095238094,0.4081726354453627
CDMS-8-4A-LGOPA,11.0,23.0,34.0,6.0,0.0,0.0,0.0,0.0,17.0,1.0,1.4615384615384615,0.06521739130434782,5.0,2.627450980392157,0.512703081232493
CDMS-8-4C-JDBUTU,11.0,22.5,28.5,4.0,0.0,0.0,0.0,0.0,15.0,1.0,1.1923076923076923,0.05820628646715603,4.0,2.344047619047619,0.28211309523809525
CDMS-9-4A-ACDUTR,11.0,29.0,31.0,4.5,0.0,0.0,0.0,0.0,15.5,1.0,1.126657824933687,0.04082284254698047,4.0,2.21978021978022,0.40011273448773443
CDMS-9-4A-CARGA,11.0,31.0,46.0,11.0,1.0,0.0,1.0,0.0,20.0,2.0,1.5,0.04942528735632184,5.0,2.8526315789473684,0.28869047619047616
CDMS-9-4A-CRAAG,11.0,22.0,35.0,7.5,0.0,0.0,0.0,0.0,19.5,1.0,1.5462962962962963,0.06952380952380953,5.0,2.4897986071899116,0.42033771381597473
CDMS-9-4A-EROHI,11.0,27.0,36.0,4.0,0.0,0.0,0.0,0.0,21.0,1.0,1.4092307692307693,0.055415474081141246,5.5,2.581596564355185,0.6983958570165467
CDMS-9-4A-ILOSE,11.0,37.5,57.5,6.0,0.0,0.0,0.0,0.0,35.5,1.0,1.5465860597439545,0.042377904220009484,7.0,3.164884135472371,0.3963114566055742
CDMS-9-4A-TGAFR,11.0,18.0,22.0,1.0,0.0,0.0,0.0,0.0,14.0,1.0,1.3,0.07142857142857142,4.0,2.3529411764705883,0.35933014354066983
CDMS-9-4C-SCAMO,11.0,31.5,32.5,3.0,0.0,0.0,0.0,0.0,19.5,1.0,1.0312805474095796,0.033302785923753665,6.0,2.7777777777777777,0.18800013118194936
CDMS-9-5A-ABERO,11.0,27.0,33.5,5.0,0.0,0.0,0.0,0.0,19.5,1.0,1.2450142450142452,0.04883190883190883,5.0,2.6279761904761907,0.36767895404259043
CDMS-9-5A-PAGACO,11.0,25.0,34.5,6.0,0.0,0.0,0.0,0.0,17.5,1.0,1.3518518518518519,0.054021260542999675,5.0,2.7021978021978024,0.4098739495798319
CDMS-9-5A-VVAAR,11.0,22.5,28.5,3.5,0.0,0.0,0.0,0.0,15.0,1.0,1.2895256916996047,0.060041407867494824,4.0,2.4583333333333335,0.43716553287981863
CDMS-9-5C-JDMADE,11.0,26.0,26.5,3.0,0.0,0.0,0.0,0.0,18.0,1.0,1.0185185185185186,0.040776353276353275,5.0,2.7354016167870654,0.18443646996278573
CDMS-9-5C-LVIZAC,11.0,22.0,22.0,1.0,0.0,0.0,0.0,0.0,10.0,1.0,1.0,0.047619047619047616,4.0,2.121212121212121,0.14682539682539683
CDMS-9-5C-MLOGO,11.0,23.0,34.0,5.0,0.0,0.0,0.0,0.0,18.0,1.0,1.4814814814814814,0.05982905982905983,5.0,2.375,0.365007215007215
CDMS-9-5C-SCAAG,11.0,26.0,36.0,3.5,0.0,0.0,0.0,0.0,22.0,1.0,1.3675000000000002,0.05838133283785458,6.0,2.8461538461538463,0.4365675387414518
CDMS-XX-10A-VGILO,11.0,34.0,49.0,4.0,0.0,0.0,0.0,0.0,31.0,1.0,1.3714285714285714,0.040336134453781515,5.0,2.689516129032258,0.4959523809523809
CDMS-XX-5C-MJSARU,11.0,28.0,31.0,2.0,0.0,0.0,0.0,0.0,16.0,1.0,1.1071428571428572,0.043478260869565216,5.0,2.366013071895425,0.34069264069264066
CDMS-XX-5C-MPCAQU,11.0,20.0,32.0,3.0,0.0,0.0,0.0,0.0,20.0,1.0,1.55,0.07575757575757576,4.0,2.34640522875817,0.3998834498834499
CDMS-XX-6A-MAGICA,11.0,26.0,32.0,1.0,0.0,0.0,0.0,0.0,19.0,1.0,1.25,0.04528985507246377,6.0,2.9590643274853803,0.36086309523809523
CDMS-XX-6B-SPUCA,11.0,27.5,32.5,3.0,0.0,0.0,0.0,0.0,18.5,1.0,1.1650815217391304,0.042631889183613325,6.5,2.8886446886446886,0.3969065656565656
CSO-10-4A-ICAPA,11.0,31.0,49.0,12.0,0.0,0.0,0.0,0.0,23.0,1.0,1.5666666666666667,0.053763440860215055,5.0,2.6956521739130435,0.45544588744588743
CSO-10-4A-KCOMO,11.0,28.0,45.5,6.5,0.0,0.0,0.0,0.0,24.0,1.0,1.6785714285714286,0.06504287538770298,5.0,2.403985507246377,0.5270891634245671
CSO-10-4A-LRAVI,11.0,25.0,34.5,3.0,0.0,0.0,0.0,0.0,20.0,1.0,1.419871794871795,0.058368945868945865,4.0,2.2381711855396063,0.4601081580957742
CSO-10-4A-LSCAVA,11.0,24.5,22.5,0.5,0.0,0.0,0.0,0.0,9.5,1.0,0.9298029556650247,0.038252508361204016,3.5,1.932900432900433,0.5531746031746032
CSO-10-5A-ACAVA,11.0,26.0,29.5,1.0,0.0,0.0,0.0,0.0,17.0,1.0,1.1731634182908546,0.04663817663817664,5.0,2.170106639146887,0.6049168152109329
CSO-10-5A-ARACA,11.0,20.5,23.0,3.0,0.0,0.0,0.0,0.0,11.0,1.0,1.043560606060606,0.051470588235294115,4.0,2.161421911421911,0.19395743145743144
CSO-10-5A-DABRZA,11.0,29.0,37.0,6.0,0.0,0.0,0.0,0.0,18.0,1.0,1.2842046718576197,0.04320887445887446,6.0,2.719298245614035,0.38290123456790126
CSO-10-5A-GZAMA,11.0,32.0,54.0,10.5,0.0,1.0,0.0,0.0,26.5,1.0,1.5643939393939394,0.049686619515841524,5.0,2.5586781609195404,0.40832025117739407
CSO-10-5A-IPECA,11.0,43.0,69.0,14.0,0.0,0.0,0.0,0.0,35.0,1.0,1.5609756097560976,0.03820598006644518,7.0,2.878787878787879,0.3809144072301967
CSO-10-5A-JANORO,11.0,23.0,30.0,2.0,0.0,0.0,0.0,0.0,19.0,1.0,1.28,0.05731225296442688,5.0,2.5789473684210527,0.343984962406015
CSO-10-5A-JBUVE,11.0,30.0,31.0,1.0,0.0,0.0,0.0,0.0,14.5,1.0,1.0333333333333334,0.035632183908045977,5.0,2.835883071177189,0.1656617192331478
CSO-10-5A-JJSEMO,11.0,22.0,27.5,5.0,0.0,0.0,0.0,0.0,13.5,1.0,1.2159090909090908,0.062324007336795065,4.0,2.3312908496732025,0.2774498456790123
CSO-10-5A-JLCARI,11.0,24.0,30.0,1.0,0.0,0.0,0.0,0.0,20.0,1.0,1.2727272727272727,0.057971014492753624,6.0,2.8051948051948052,0.4508333333333333
CSO-10-5A-MAARAN,11.0,38.5,58.5,10.0,0.0,0.0,0.0,0.0,29.5,1.0,1.557565789473684,0.04100712616437906,7.0,2.881609195402299,0.3582295482295482
CSO-10-5A-MAOSMO,11.0,27.0,25.0,1.0,0.0,0.0,0.0,0.0,11.0,1.0,1.0,0.042328042328042326,5.0,2.418181818181818,0.3671957671957672
CSO-10-5A-RVMOIB,11.0,31.0,41.5,3.0,0.0,0.0,0.0,0.0,25.0,1.0,1.34375,0.04408602150537634,6.0,2.8830769230769233,0.39586247086247084
CSO-10-5A-SVHEES,11.0,29.0,46.5,8.0,0.0,0.0,0.0,0.0,21.0,1.0,1.532618825722274,0.05236270753512133,4.0,2.2937979539641944,0.46815732513100927
CSO-11-5A-MDVOSPE,11.0,29.0,39.0,6.0,0.0,0.0,0.0,0.0,20.0,1.0,1.375,0.05,4.0,2.4095238095238094,0.35702075702075703
CSO-11-5A-MTAGA,11.0,27.0,28.5,1.0,0.0,0.0,0.0,0.0,15.0,1.0,1.0185185185185186,0.03917378917378918,4.0,2.381701631701632,0.4279761904761905
CSO-11-6A-CAPAMU,11.0,28.0,30.0,2.0,0.0,0.0,0.0,0.0,17.0,1.0,1.0909090909090908,0.03968253968253968,5.0,2.607843137254902,0.3191358024691358
CSO-11-6A-DSCACH,11.0,22.5,23.0,2.0,0.0,0.0,0.0,0.0,13.0,1.0,1.0,0.046536796536796536,4.0,2.117132867132867,0.41405677655677653
CSO-11-6A-EROMO,11.0,27.0,34.0,3.0,0.0,0.0,0.0,0.0,19.0,1.0,1.3076923076923077,0.04942528735632184,5.0,2.575,0.48639455782312924
CSO-11-6A-FSOVRE,11.0,23.5,28.5,2.0,0.0,0.0,0.0,0.0,17.5,1.0,1.1818181818181819,0.05434782608695652,4.0,2.44327485380117,0.470679012345679
CSO-11-6B-ANREVA,11.0,39.0,46.0,3.0,0.0,0.0,0.0,0.0,26.0,1.0,1.15,0.029689608636977057,7.0,3.141304347826087,0.35173160173160173
CSO-11-6B-DISEMO,11.0,25.5,33.5,6.0,0.0,0.0,0.0,0.0,17.0,1.0,1.3207142857142857,0.050536890645586294,3.5,2.1480392156862744,0.3604108309990663
CSO-11-6B-LHFDLACH,11.0,25.0,27.0,2.0,0.0,0.0,0.0,0.0,15.0,1.0,1.04,0.04131054131054131,4.0,2.301470588235294,0.4184126984126984
CSO-11-6B-RJGIHE,11.0,20.0,17.0,2.0,0.0,0.0,0.0,0.0,9.0,1.0,0.8694444444444445,0.0449874686716792,3.5,2.0476190476190474,0.16066618566618568
CSO-11-6B-SFLVA,11.0,28.0,47.0,5.0,0.0,0.0,0.0,0.0,25.0,1.0,1.7037037037037037,0.06307692307692307,4.0,2.3,0.49625974025974023
CSO-11-6B-VCOMA,11.0,26.0,27.0,4.0,0.0,0.0,0.0,0.0,13.0,1.0,1.1666666666666667,0.047619047619047616,4.0,2.08974358974359,0.31309523809523804
CSO-12-6A-DGISE,11.0,20.0,22.0,2.0,0.0,0.0,0.0,0.0,15.0,1.0,1.1578947368421053,0.06060606060606061,7.0,2.876190476190476,0.38666666666666666
CSO-12-6A-FJOVRE,11.0,29.0,31.0,1.0,0.0,0.0,0.0,0.0,20.0,1.0,1.1612903225806452,0.04064039408866995,6.0,2.538095238095238,0.4110516934046346
CSO-12-6B-GQULO,11.0,31.0,38.0,4.0,0.0,1.0,0.0,0.0,17.0,1.0,1.303030303030303,0.043010752688172046,4.0,2.4411764705882355,0.4809523809523809
CSO-12-6B-LJHEFE,11.0,48.0,53.0,5.0,0.0,0.0,0.0,0.0,29.0,1.0,1.0961538461538463,0.02171985815602837,8.0,3.164021164021164,0.29554531490015357
CSO-12-6B-VPAMA,11.0,19.0,26.5,9.0,0.0,0.0,0.0,0.0,9.5,1.0,1.3614130434782608,0.07739938080495357,4.0,2.0388888888888888,0.45
CSO-12-7A-DALRE,11.0,28.0,41.0,4.0,0.0,0.0,0.0,0.0,24.0,1.0,1.3870967741935485,0.046236559139784944,6.0,2.5833333333333335,0.3629496571804264
CSO-12-7A-ESALA,11.0,16.0,16.0,2.0,0.0,0.0,0.0,0.0,7.0,1.0,1.0,0.07083333333333333,3.0,1.8,0.29523809523809524
CSO-12-7A-IMERO,11.0,19.0,22.0,2.0,0.0,0.0,0.0,0.0,13.0,1.0,1.0476190476190477,0.05555555555555555,4.0,2.2857142857142856,0.42962962962962964
CSO-12-7A-JHEZA,11.0,21.0,18.5,2.0,0.0,0.0,0.0,0.0,6.0,1.0,0.8290909090909091,0.0410306068200805,3.0,1.7392857142857143,0.3105654761904762
CSO-12-7A-LSARAR,11.0,22.0,37.0,4.0,0.0,0.0,0.0,0.0,17.0,1.0,1.52,0.07312252964426877,4.0,2.4242424242424243,0.4946778711484594
CSO-12-7A-SCAHO,11.0,28.5,30.5,3.5,0.0,0.0,0.0,0.0,12.0,1.0,1.1186868686868687,0.04099287808965228,4.5,2.3385281385281385,0.364021164021164
CSO-12-7B-DVAGRO,11.0,20.0,21.0,4.0,0.0,1.0,0.0,0.0,10.0,1.0,1.2352941176470589,0.06324110671936758,6.0,2.6,0.35333333333333333
CSO-12-7B-SMUGU,11.0,19.0,27.5,4.0,0.0,0.5,0.0,0.0,17.0,1.0,1.380952380952381,0.07285247432306255,4.0,2.381232492997199,0.2525676937441643
CSO-12-7B-SSARA,11.0,22.0,27.0,4.5,0.0,2.0,0.0,0.0,12.0,1.0,1.1551383399209487,0.0516798418972332,5.0,2.393939393939394,0.40302197802197803
CSO-12-7B-VHOMA,11.0,26.0,31.0,4.0,0.0,0.0,0.0,0.0,16.5,1.0,1.0715197956577267,0.043290854572713644,4.0,2.1675856307435257,0.3231060606060606
CSO-12-8A-YTOME,11.0,27.0,39.0,6.5,0.0,1.0,0.0,0.0,17.0,1.0,1.3464285714285715,0.05387336093857833,6.5,2.9446790052053213,0.2903061224489796
CSO-13-6A-ANASA,11.0,32.5,36.5,3.5,0.0,0.0,0.0,0.0,19.0,1.0,1.0983870967741935,0.03723509605862547,5.0,2.5204678362573096,0.36200783343640486
CSO-13-6B-JETAVE,11.0,19.0,25.0,3.0,0.0,0.0,0.0,0.0,15.0,1.0,1.3888888888888888,0.07575757575757576,4.0,2.3676470588235294,0.4761904761904762
CSO-13-6B-LFMIES,11.0,25.0,30.5,5.0,0.0,0.0,0.0,0.0,16.0,1.0,1.3875,0.058368945868945865,3.5,2.1310294968189707,0.5375457875457875
CSO-13-6B-LJMAHU,11.0,18.0,24.0,2.0,0.0,0.0,0.0,0.0,12.0,1.0,1.3157894736842106,0.07309941520467836,4.0,2.141025641025641,0.5191919191919192
CSO-13-7A-CAPAMU,11.0,24.0,26.0,1.5,0.0,0.0,0.0,0.0,11.5,1.0,1.0455486542443064,0.045858416945373466,4.0,2.2028804528804526,0.37910997732426305
CSO-13-7A-CDDITR,11.0,17.0,19.0,2.0,0.0,0.0,0.0,0.0,10.0,1.0,1.0,0.06432748538011696,4.0,2.1758241758241756,0.13999999999999999
CSO-13-7A-JJATFL,11.0,30.0,36.0,2.0,0.0,0.0,0.0,0.0,21.0,1.0,1.2,0.041379310344827586,5.0,2.609230769230769,0.4125
CSO-13-7A-KRAMA,11.0,27.0,43.0,11.0,0.0,0.0,0.0,0.0,20.0,1.0,1.5925925925925926,0.059475806451612906,5.0,2.3714285714285714,0.3595238095238095
CSO-13-7A-RXCHLU,11.0,24.0,34.0,4.0,2.0,1.0,1.0,0.0,21.0,2.0,1.4166666666666667,0.06159420289855073,4.0,2.405263157894737,0.4730507587650445
CSO-13-7A-YAMEZA,11.0,34.5,47.5,9.5,0.0,0.0,0.0,0.0,19.5,1.0,1.4097774244833068,0.042191854111358756,4.0,2.278138528138528,0.4988812639380821
CSO-13-7A-YBOSO,11.0,16.0,22.0,5.5,0.0,0.0,0.0,0.0,11.0,1.0,1.4208333333333334,0.09178921568627452,3.0,1.9227272727272728,0.3533730158730159
CSO-13-8A-KIGAGU,11.0,25.0,41.5,9.5,0.0,1.0,0.0,0.0,22.0,1.0,1.6600000000000001,0.06916666666666667,5.5,2.7822793148880107,0.28283507957421006
CSO-13-8A-MBUAN,11.0,25.0,28.0,3.0,0.0,0.0,0.0,0.0,13.0,1.0,1.2116402116402116,0.059113300492610835,4.0,2.2153846153846155,0.406986531986532
CSO-13-8A-MGAAN,11.0,21.0,20.5,1.0,0.0,0.0,0.0,0.0,11.0,1.0,1.0,0.050833333333333335,4.0,2.090909090909091,0.35416666666666663
CSO-13-8A-MGAHE,11.0,27.0,34.0,3.0,0.0,0.0,0.0,0.0,21.0,1.0,1.3333333333333333,0.05253623188405797,5.0,2.52,0.3108695652173913
CSO-13-8A-MJAGA,11.0,29.0,31.0,2.5,0.0,0.5,0.0,0.0,17.5,1.0,1.0692951015531662,0.039230769230769236,5.0,2.477124183006536,0.30832696715049657
CSO-13-8A-VHODU,11.0,34.0,50.0,8.0,0.0,1.0,0.0,0.0,26.5,1.0,1.4575163398692812,0.044117647058823525,4.0,2.307387057387057,0.39594006243473046
CSO-13-8B-FCJISA,11.0,14.0,12.0,0.0,0.0,0.0,0.0,0.0,7.0,1.0,0.7857142857142857,0.06043956043956044,4.0,2.2857142857142856,0.0
CSO-13-8B-JEMABE,11.0,35.5,52.5,9.5,0.0,0.0,0.0,0.0,25.0,1.0,1.4368421052631577,0.040502886787716505,5.0,2.52020757020757,0.5370049703383037
CSO-13-9B-DMLLLU,11.0,29.5,35.0,6.0,0.0,0.0,0.0,0.0,17.5,1.0,1.1867816091954024,0.041379310344827586,4.0,2.293300653594771,0.37556022408963585
CSO-14-7A-MVEBE,11.0,21.0,27.0,3.0,0.0,0.0,0.0,0.0,15.0,1.0,1.25,0.05952380952380952,4.0,2.1333333333333333,0.4715151515151515
CSO-14-7B-EALHU,11.0,18.5,22.5,2.0,0.0,0.0,0.0,0.0,13.0,1.0,1.2111111111111112,0.0690359477124183,4.0,2.295959595959596,0.38669312169312164
CSO-14-7B-EVEGO,11.0,25.5,26.0,2.0,0.0,0.0,0.0,0.0,13.0,1.0,1.0305555555555554,0.039733742959549415,5.0,2.417124542124542,0.2829395604395604
CSO-14-8A-AQUMA,11.0,27.0,28.0,2.0,0.0,0.0,0.0,0.0,20.0,1.0,1.0625,0.038461538461538464,6.0,2.7777777777777777,0.3490196078431373
CSO-14-8A-MCIDOS,11.0,23.0,17.5,0.0,0.0,0.0,0.0,0.0,6.5,1.0,0.7330434782608696,0.03339458659824793,3.0,1.8472222222222223,0.21012949039264828
CSO-14-8A-SZARA,11.0,22.0,23.0,1.0,0.0,0.0,0.0,0.0,10.5,1.0,1.0217391304347827,0.048701298701298704,5.0,2.242424242424242,0.3646825396825397
CSO-14-8B-JLLORA,11.0,29.0,33.0,2.0,0.0,0.0,0.0,0.0,20.0,1.0,1.229032258064516,0.04300310162379128,5.0,2.471734148204736,0.3868235930735931
CSO-14-9A-AEDCAGO,11.0,24.0,25.0,0.0,0.0,0.0,0.0,0.0,15.5,1.0,1.110323886639676,0.04892008152877718,5.0,2.4210526315789473,0.4956575963718821
CSO-14-9A-HASACA,11.0,25.0,32.0,5.0,0.0,0.0,0.0,0.0,14.0,1.0,1.2608695652173914,0.05333333333333334,4.0,2.4395604395604398,0.4333333333333333
CSO-14-9A-JSMAAL,11.0,31.0,43.5,6.0,0.0,1.0,0.0,0.0,26.5,1.0,1.376890756302521,0.042818945760122226,5.0,2.6761666401822133,0.34230880230880234
CSO-14-9A-MARJA,11.0,20.0,24.5,3.5,0.0,0.0,0.0,0.0,13.5,1.0,1.2554112554112553,0.06754385964912281,5.0,2.3846153846153846,0.3396451914098973
CSO-14-9A-SORZU,11.0,28.0,30.0,4.0,0.0,0.0,0.0,0.0,18.0,1.0,1.0384615384615385,0.03870967741935484,5.0,2.6315789473684212,0.3111111111111111
CSO-14-9B-ERAGA,11.0,26.0,31.0,3.0,0.0,0.0,0.0,0.0,22.0,1.0,1.2083333333333333,0.04843304843304843,6.0,2.7865612648221343,0.3516233766233766
CSO-14-9B-MFEGA,11.0,25.5,32.5,7.5,0.0,1.5,0.0,0.0,15.5,1.0,1.273076923076923,0.051923076923076926,4.0,2.0625,0.2799898018648018
CSO-15-10A-LJRAGU,11.0,42.0,74.0,11.0,0.0,0.0,0.0,0.0,34.0,1.0,1.6428571428571428,0.04006968641114982,6.0,2.815315315315315,0.3861894861894862
CSO-15-10A-MAARLO,11.0,30.0,37.0,3.0,0.0,1.0,0.0,0.0,24.0,1.0,1.2666666666666666,0.04367816091954023,7.0,2.9907692307692306,0.1342171717171717
CSO-15-10A-SFEGA,11.0,32.5,39.0,6.0,0.0,0.0,0.0,0.0,24.0,1.0,1.21875,0.03780241935483871,5.0,2.7349409849409847,0.42904398658366916
CSO-15-10B-MEBUAR,11.0,29.5,35.0,4.0,0.0,0.0,0.0,0.0,25.0,1.0,1.1668520578420467,0.04125615763546798,6.0,2.9733333333333336,0.13587261503928172
CSO-15-10B-YVBUAN,11.0,21.0,28.0,3.0,0.0,0.0,0.0,0.0,16.0,1.0,1.3333333333333333,0.06666666666666667,4.0,2.3833333333333333,0.37100840336134455
CSO-15-10C-ALBAHO,11.0,27.5,31.5,3.0,0.0,0.0,0.0,0.0,19.0,1.0,1.1602809706257982,0.04334413989586403,4.0,2.526315789473684,0.21827050264550263
CSO-15-10C-SSCAMO,11.0,16.0,17.5,2.0,0.0,0.0,0.0,0.0,8.5,1.0,1.0,0.07018288084464555,3.0,1.9146825396825398,0.35555555555555557
CSO-15-11C-JETALO,11.0,23.0,25.0,3.0,0.0,0.0,0.0,0.0,12.0,1.0,1.1176470588235294,0.0533596837944664,4.0,2.120879120879121,0.4243998425816608
CSO-15-7B-JCRAGA,11.0,22.5,27.5,4.0,0.0,0.0,0.0,0.0,16.0,1.0,1.1990476190476191,0.05574534161490683,5.0,2.368872549019608,0.2965919701213819
CSO-15-8A-VBMABR,11.0,27.0,38.0,4.0,0.0,0.0,0.0,0.0,22.0,1.0,1.40625,0.051666666666666666,6.0,2.696969696969697,0.4713203463203463
CSO-15-8B-KEPOGO,11.0,30.5,35.0,5.0,0.0,0.0,0.0,0.0,16.5,1.0,1.1960408684546615,0.04305710048201706,5.0,2.696172248803828,0.4475649350649351
CSO-15-9B-ALRIHE,11.0,30.0,33.5,4.0,0.0,0.0,0.0,0.0,16.5,1.0,1.096875,0.03661806769426347,4.0,2.1323529411764706,0.5723981900452488
CSO-15-9B-AMSAGO,11.0,27.0,33.0,3.0,0.0,0.0,0.0,0.0,17.0,1.0,1.1785714285714286,0.04365079365079365,6.0,2.6363636363636362,0.3574576938213302
CSO-15-9B-JCAPA,11.0,26.0,30.5,3.0,0.0,1.0,0.0,0.0,12.5,1.0,1.2188328912466844,0.04846153846153846,2.5,1.9493006993006992,0.4445887445887446
CSO-15-9B-KSBEJA,11.0,24.5,34.5,5.0,0.0,0.0,0.0,0.0,20.5,1.0,1.4083333333333332,0.054430849091583244,6.5,2.8875939849624057,0.3575850736565022
CSO-15-9B-RMCHLU,11.0,23.0,30.0,3.0,0.0,0.0,0.0,0.0,17.0,1.0,1.3,0.07114624505928854,4.0,2.4191176470588234,0.3815873015873016
CSO-15-9B-SJAGRO,11.0,25.5,23.5,0.0,0.0,0.0,0.0,0.0,10.5,1.0,0.8888888888888888,0.03611575622445188,4.5,2.2303030303030305,0.13268398268398268
CSO-16-10A-JEGAHE,11.0,33.0,35.5,3.0,0.0,0.0,0.0,0.0,23.5,1.0,1.108993157380254,0.035037878787878785,6.0,2.8504611330698286,0.20676587301587301
CSO-16-10A-MSACO,11.0,29.5,32.0,2.0,0.0,0.0,0.0,0.0,13.0,1.0,1.1159663865546219,0.03747947454844007,5.0,2.242424242424242,0.46113445378151263
CSO-16-10A-SARI,11.0,32.0,39.0,6.0,0.0,0.0,0.0,0.0,21.0,1.0,1.2432432432432432,0.04086021505376344,6.0,3.036231884057971,0.40521541950113377
CSO-16-10A-SMOUT,11.0,40.0,54.0,6.0,0.0,0.0,0.0,0.0,32.0,1.0,1.3636363636363635,0.03322259136212625,6.0,2.8128342245989306,0.38018644957983194
CSO-16-10A-YKMUJO,11.0,23.0,32.0,3.0,0.0,0.0,0.0,0.0,19.0,1.0,1.434782608695652,0.06521739130434782,5.0,2.639705882352941,0.4795031055900621
CSO-16-10B-JESUGU,11.0,19.5,21.5,1.0,0.0,0.0,0.0,0.0,10.0,1.0,1.0,0.05526315789473684,4.0,2.0277777777777777,0.6037037037037036
CSO-16-10B-LTVIFA,11.0,23.5,21.0,0.5,0.0,0.0,0.0,0.0,9.0,1.0,0.915,0.04076086956521739,3.0,1.8333333333333333,0.5323870573870574
CSO-16-10B-VVILI,11.0,30.0,35.0,3.0,0.0,0.0,0.0,0.0,21.0,1.0,1.1724137931034482,0.04187192118226601,6.0,2.719047619047619,0.2838624338624338
CSO-16-10C-ACALGU,11.0,27.0,30.0,2.0,0.0,0.0,0.0,0.0,18.0,1.0,1.079937304075235,0.03908076203833567,6.0,3.033333333333333,0.29302721088435374
CSO-16-10C-MAVAVE,11.0,20.0,19.0,1.0,0.0,0.0,0.0,0.0,10.0,1.0,1.0,0.053889318885448914,4.0,2.0236763236763236,0.29523809523809524
CSO-16-11A-JAVABO,11.0,27.5,30.0,7.0,0.0,0.0,0.0,0.0,11.5,1.0,1.1428571428571428,0.03931451612903226,4.0,2.5777777777777775,0.315
CSO-16-11A-JDMUVA,11.0,24.0,20.5,0.5,0.0,0.0,0.0,0.0,11.5,1.0,0.8333333333333334,0.036923076923076927,5.0,2.3987179487179486,0.3284126984126984
CSO-16-11A-VZAOR,11.0,26.0,26.0,0.0,0.0,0.0,0.0,0.0,15.0,1.0,0.9629629629629629,0.03666666666666667,5.0,2.5,0.31396825396825395
CSO-16-11B-KRORE,11.0,25.0,37.0,5.0,0.0,0.0,0.0,0.0,19.0,1.0,1.3333333333333333,0.05295566502463054,5.0,2.3529411764705883,0.4398110661268556
CSO-16-11B-LLOZA,11.0,29.5,38.0,6.0,0.0,0.0,0.0,0.0,21.0,1.0,1.2879310344827588,0.04187192118226601,5.0,2.5267857142857144,0.3385357142857143
CSO-16-11B-YAROMO,11.0,23.0,24.0,2.0,0.0,0.0,0.0,0.0,11.0,1.0,1.05,0.05,3.0,1.9120879120879122,0.5931623931623932
CSO-16-9A-JALEMO,11.0,33.0,34.0,4.0,0.0,0.0,0.0,0.0,21.0,1.0,1.0303030303030303,0.030952380952380953,7.0,3.051948051948052,0.2066666666666667
CSO-16-9A-JPROSO,11.0,26.5,28.5,1.0,0.0,0.0,0.0,0.0,18.0,1.0,1.0816666666666666,0.04403846153846154,5.0,2.4713962508080156,0.3530075187969925
CSO-16-9A-JSMAGU,11.0,26.0,27.0,2.0,0.0,1.0,0.0,0.0,17.0,1.0,1.0344827586206897,0.03847290640394089,5.0,2.552631578947368,0.2885912698412698
CSO-16-9B-SJPAJI,11.0,39.0,60.0,11.0,0.0,1.0,0.0,0.0,33.0,1.0,1.5405405405405406,0.041963015647226175,6.0,2.564516129032258,0.29968516332152695
CSO-17-10A-YVGOCA,11.0,37.5,51.5,7.5,0.0,2.0,0.0,0.0,27.5,1.0,1.3980263157894737,0.037793157529999635,5.0,2.508954008954009,0.36949977521872945
CSO-17-10B-EHECO,11.0,25.0,28.0,2.0,0.0,0.0,0.0,0.0,17.0,1.0,1.0,0.04,5.0,2.823529411764706,0.16153846153846155
CSO-17-10B-YCQUVE,11.0,22.0,30.0,9.0,0.0,0.0,0.0,0.0,18.0,1.0,1.4090909090909092,0.06578947368421052,4.0,2.4842105263157896,0.24523809523809523
CSO-17-11A-DJAPA,11.0,33.0,45.0,9.0,0.0,0.0,0.0,0.0,24.0,1.0,1.3823529411764706,0.041935483870967745,5.0,2.5770750988142295,0.31247947454844005
CSO-17-11A-JDAMO,11.0,25.5,36.0,3.0,0.0,0.0,0.0,0.0,22.5,1.0,1.3762019230769231,0.060025062656641606,5.0,2.5766666666666667,0.4741307303807304
CSO-17-11A-NPAHE,11.0,32.0,45.0,4.0,0.0,0.0,0.0,0.0,21.0,1.0,1.375,0.04433497536945813,5.0,2.718279569892473,0.46534391534391534
CSO-17-11A-RLPAIG,11.0,21.0,29.0,4.0,0.0,0.0,0.0,0.0,11.5,1.0,1.2613636363636362,0.06590909090909092,4.0,2.0999999999999996,0.5348639455782314
CSO-17-11A-SPUVA,11.0,27.0,31.5,8.0,0.0,0.0,0.0,0.0,15.5,1.0,1.146978021978022,0.04413308913308913,4.0,2.4862637362637363,0.1544871794871795
CSO-17-11B-CDBEBU,11.0,23.0,23.0,4.0,0.0,0.0,0.0,0.0,8.5,1.0,1.1229096989966556,0.0510540184453228,3.0,1.8214285714285714,0.4023809523809524
CSO-17-11C-JDAAG,11.0,24.0,22.0,0.0,0.0,0.0,0.0,0.0,9.0,1.0,0.875,0.03804347826086957,4.0,2.1904761904761907,0.4622710622710623
CSO-17-11C-MAPAMA,11.0,30.0,32.0,2.0,0.0,0.0,0.0,0.0,13.0,1.0,1.03125,0.031092436974789917,5.0,2.423076923076923,0.3
CSO-17-11C-MCAAG,11.0,22.0,20.0,1.0,0.0,0.0,0.0,0.0,12.0,1.0,0.9615384615384616,0.045454545454545456,4.0,2.303030303030303,0.22307692307692306
CSO-17-11C-SARJA,11.0,21.5,23.5,3.0,0.0,0.0,0.0,0.0,8.0,1.0,1.1178489702517163,0.05526315789473684,4.0,2.0238095238095237,0.39920634920634923
CSO-18-11A-ADBAHO,11.0,27.0,29.0,2.0,0.0,0.0,0.0,0.0,16.0,1.0,1.0714285714285714,0.04131054131054131,6.0,2.869281045751634,0.3456582633053222
CSO-18-11B-YLLRE,11.0,34.0,40.0,3.0,0.0,0.0,0.0,0.0,26.0,1.0,1.25,0.03598484848484849,7.0,2.9264069264069263,0.3891977813852814
CSO-18-9B-MAMOLO,11.0,24.0,26.0,1.0,0.0,1.0,0.0,0.0,12.0,1.0,1.12,0.049783549783549784,4.0,2.212121212121212,0.522077922077922
CSO-8-3A-AIPRBR,11.0,29.0,36.0,4.0,0.0,0.0,0.0,0.0,23.0,1.0,1.223809523809524,0.04276974416017798,5.5,2.8438735177865615,0.26222826086956524
CSO-8-3A-DAPAVA,11.0,24.0,35.5,6.0,0.0,0.0,0.0,0.0,20.5,1.0,1.4907407407407407,0.06313131313131312,4.0,2.337377935363869,0.4042942796953492
CSO-8-3A-KVPECO,11.0,14.0,22.0,8.0,0.0,0.0,0.0,0.0,9.0,1.0,1.7142857142857142,0.13186813186813187,4.0,1.9444444444444444,0.44761904761904764
CSO-8-4A-ARAGR,11.0,20.0,24.0,4.0,0.0,0.0,0.0,0.0,13.0,1.0,1.173913043478261,0.058823529411764705,4.0,2.2564102564102564,0.2783882783882784
CSO-8-4A-JRAAR,11.0,21.0,23.0,3.0,0.0,0.0,0.0,0.0,12.0,1.0,1.1363636363636365,0.05714285714285714,4.0,2.0476190476190474,0.40714285714285714
CSO-9-2A-EXMOCO,11.0,18.0,25.0,3.0,0.0,1.0,0.0,0.0,14.0,1.0,1.5925925925925926,0.09090909090909091,4.0,2.1714285714285713,0.4880952380952381
CSO-9-4A-AGAPE,11.0,36.0,33.0,4.0,0.0,0.0,0.0,0.0,14.0,1.0,0.9166666666666666,0.02619047619047619,4.0,2.2855311355311354,0.16963573463573461
CSO-9-4A-DKVIMO,11.0,17.0,20.0,1.0,0.0,0.0,0.0,0.0,14.0,1.0,1.25,0.075,5.0,2.448717948717949,0.4641269841269841
CSO-9-4A-DSMOMU,11.0,13.0,12.0,0.0,0.0,0.0,0.0,0.0,8.0,1.0,0.8947368421052632,0.07051282051282051,3.0,1.8571428571428572,0.3121212121212121
CSO-9-4A-DVGATO,11.0,25.0,28.0,2.0,0.0,0.0,0.0,0.0,18.0,1.0,1.0833333333333333,0.04666666666666667,5.0,2.824561403508772,0.2679012345679012
CSO-9-4A-EGCAMO,11.0,22.0,29.0,5.0,0.0,0.0,0.0,0.0,18.0,1.0,1.4166666666666667,0.06277056277056277,4.0,2.3333333333333335,0.38627450980392153
CSO-9-4A-FAGIGA,11.0,23.5,26.0,2.0,0.0,1.0,0.0,0.0,14.5,1.0,1.10230179028133,0.04736024844720497,5.0,2.529718234981393,0.2672514619883041
CSO-9-4A-GSBRCO,11.0,22.0,34.0,4.0,0.0,0.0,0.0,0.0,19.0,1.0,1.5217391304347827,0.07380952380952381,7.0,2.8362573099415203,0.34154589371980676
CSO-9-4A-KEMOCO,11.0,27.0,38.0,6.0,0.0,2.0,0.0,0.0,19.0,1.0,1.3729885057471265,0.05742204655248133,5.0,2.7570378151260506,0.43990392648287385
CSO-9-4A-LCOMO,11.0,22.5,28.5,4.5,0.0,3.0,0.0,0.0,16.0,1.0,1.2302631578947367,0.058959156785243744,5.0,2.5416666666666665,0.1760673868312757
CSO-9-4A-MLORO,11.0,22.0,23.5,2.0,0.0,0.0,0.0,0.0,12.0,1.0,1.0833333333333333,0.04905844155844156,4.0,2.1818181818181817,0.3452380952380953
CSO-9-4A-MPAME,11.0,24.0,21.0,3.0,0.0,0.0,0.0,0.0,8.0,1.0,0.9130434782608695,0.041501976284584984,3.0,1.8666666666666667,0.45185185185185184
CSO-9-4A-NSARPA,11.0,28.0,42.5,9.5,0.0,0.0,0.0,0.0,21.5,1.0,1.500638569604087,0.05568011171459447,5.0,2.5509298921967587,0.41555829355829355
CSO-9-4A-SLOCA,11.0,35.0,54.5,10.0,0.0,0.0,0.0,0.0,27.5,1.0,1.5668449197860963,0.04553839553839554,6.0,2.7506105006105006,0.4803030303030303
CSO-9-4A-YVDITR,11.0,16.0,22.0,4.0,0.0,0.0,0.0,0.0,15.0,1.0,1.40625,0.09375,5.0,2.555357142857143,0.2595238095238095
