file,z_wc,z_nodes,z_edges,z_re,z_pe,z_l1,z_l2,z_l3,z_lcc,z_lsc,z_atd,z_density,z_diameter,z_asp,z_cc
CDMS-10-4A-JURAN,0.0,2.694434699739812,0.0,0.0,-0.6036871801455372,-0.9796351921561397,-0.6036871801455372,-0.4690732230546899,0.20092452579750994,-0.6975311811440086,-2.2602191391470177,-1.757546857446702,-1.0154887451861483,-0.6979467666382,-0.7530280101870749
CDMS-10-5A-HEPIHO,0.0,3.2377743751033536,0.0,0.0,-0.5707880974257615,-0.9135047288272717,-0.5707880974257615,-0.38906035506573255,-0.5516458796683036,-0.6396684579198145,-2.5983097720313046,-2.1232696820545405,-1.110784825932881,-0.9350366628012976,-0.6060051074523957
CDMS-10-5A-KSRAGU,0.0,3.2768079673165094,0.0,0.0,-0.6025066849871945,-0.9963563101713042,-0.6025066849871945,-0.4262525184109691,-0.7574936757656751,-0.7182845576514818,-2.6319664128780054,-2.2169395958651803,-1.581124862096959,-1.8695131898507817,-0.6597244064249373
CDMS-10-5A-SROPU,0.0,3.2019236119065204,0.0,0.0,-0.6509589675834329,-0.8808829411040944,-0.6509589675834329,-0.5149035482253606,0.6099730808174468,-0.8225977591886428,-2.680104391538384,-2.2996146632673127,-0.6923907072649207,-0.42819035565335445,-0.7242384018619451
CDMS-10-5A-SZURO,0.0,2.097614050251864,0.0,0.0,-0.7343190535464255,-1.0666549447427607,-0.7343190535464255,-0.565447188903287,0.0018670608125244126,-0.8982952090638955,-1.851036218733226,-1.3387231373019146,-0.2018858289183078,-0.41148470711833435,-1.0195196338898291
CDMS-10-5B-SRAJA,0.0,3.182226761337712,0.0,0.0,-0.6669543638546445,-0.8626912826315646,-0.6669543638546445,-0.4648717303515508,0.966199748174055,-0.7646700850608481,-2.6956684728513878,-2.242115861706016,-1.7494974175070586,-0.9373905262940253,-0.800272762832958
CDMS-10-5C-DAAUSA,0.0,2.627114333091257,0.0,0.0,-0.6720288982471468,-0.9666312529357856,-0.6720288982471468,-0.5224224112201068,-0.5334733860058282,-0.8414906374358874,-2.2626933618630902,-1.8442753798673193,-1.379946340518194,-1.5444365911079652,-0.8730273645801323
CDMS-10-5C-ICAPA,0.0,1.9049866923263503,0.0,0.0,-0.7482911435374248,-1.0648985046615476,-0.7482911435374248,-0.5177179595980196,1.0341292812662801,-0.8449600356189001,-1.6760845843839824,-1.098933410366396,0.36844167253431026,0.33213076154052873,-0.8864017472824981
CDMS-10-5C-JFALGI,0.0,2.881441645346643,0.0,0.0,-0.5746714350269099,-0.9205536560113319,-0.5746714350269099,-0.3681297367227632,-0.018745484409309194,-0.6344897192431991,-2.349410205006223,-1.8415758111767149,-1.054827799197463,-0.7417046815926615,-0.5916185085339724
CDMS-10-5C-MAORTO,0.0,2.6207773541886095,0.0,0.0,-0.6882177238593851,-1.0416779773363793,-0.6882177238593851,-0.4934586951922602,0.8392455843047475,-0.8142211927599469,-2.2168088872870766,-1.7409331712833545,-0.5947410840307763,-0.5754049881049111,-0.7861073407674185
CDMS-10-5C-NBEMO,0.0,3.5233980677627628,0.0,0.0,-0.6492319248381383,-1.0379363468436633,-0.6492319248381383,-0.4469091594162556,-1.0024361585623813,-0.7247201124159486,-2.977271557395126,-2.4782946696858583,-1.4175577036011922,-1.7085895335066523,-0.8549083522206833
CDMS-10-6B-ASCACO,0.0,2.340855056698535,0.0,0.0,-0.6700110149573283,-0.9933228984002983,-0.6700110149573283,-0.5109212718380594,0.8634178528957858,-0.8428977220921309,-2.0363603500727177,-1.5191925484040167,-0.19981611973143332,-0.28055392819159497,-0.8535263282099126
CDMS-10-6B-JJMOBE,0.0,2.72690778293664,0.0,0.0,-0.5733915211474732,-0.9423329981117649,-0.5733915211474732,-0.45748410549527835,-0.6238149413280893,-0.7222435151277066,-2.2820557158983115,-1.795566907009575,-0.7184720596742397,-0.7972347653066403,-0.6982493011484223
CDMS-11-4A-GACHSA,0.0,2.2582100963857754,0.0,0.0,-0.6831150410562121,-0.9961398746104578,-0.6831150410562121,-0.471160425345512,0.4003346552327077,-0.8031027802108525,-1.939870734570668,-1.4374220822044048,-0.1949376805282553,-0.28549348477502157,-0.8352021362704194
CDMS-11-5A-EAARCA,0.0,2.444476393771377,0.0,0.0,-0.6969071971914369,-1.0057233303252187,-0.6969071971914369,-0.5229793404504715,0.5614250496904765,-0.8703768458233135,-2.1234406912725885,-1.5598190074982612,-1.0705355247352126,-0.9941260000292818,-0.838777097049892
CDMS-11-5A-MGTHAR,0.0,2.1431252959258638,0.0,0.0,-0.752926228819041,-1.082297246112498,-0.752926228819041,-0.5932209420983688,1.4946599408591592,-0.9635122807729912,-1.8938927375467542,-1.365901181795933,-0.40299877183189736,-0.5544587958565976,-1.0432717521474169
CDMS-11-6A-DFVEBE,0.0,2.61315314263874,0.0,0.0,-0.7322768391087622,-1.037243288919343,-0.7322768391087622,-0.5180451108086043,0.8309738739490682,-0.8646963112087157,-2.2160553398511618,-1.7378084922084895,-1.1017952210676316,-1.1220085449153308,-0.8267489132859843
CDMS-11-6A-NMREPR,0.0,2.561294239245412,0.0,0.0,-0.6647233047825706,-1.0032020240381088,-0.6647233047825706,-0.5159943257639429,0.48466599450549924,-0.8466434475160426,-2.208000051664381,-1.673891068285119,-1.1024324945166817,-1.1467000199855697,-0.8211911898122723
CDMS-11-6B-ARAHE,0.0,3.0567062770670455,0.0,0.0,-0.6137773637805742,-0.9414357990992005,-0.6137773637805742,-0.39507625616660585,-1.4320225997887759,-0.6929781405618379,-2.5001964133960572,-2.0162303813543923,-1.0139966149171935,-1.0112269950834796,-0.6523693266317775
CDMS-11-6B-AVROTO,0.0,2.5815977701371824,0.0,0.0,-0.6021792387369648,-0.9784950321766931,-0.6021792387369648,-0.36945638664264163,0.32552086479734127,-0.6552533070260717,-2.1338493203090843,-1.6045947187737213,-0.7550264337393843,-0.2903762675710877,-0.6226893054561654
CDMS-11-6B-EAFESA,0.0,2.9180721506679346,0.0,0.0,-0.6707642766798866,-0.9770269649102163,-0.6707642766798866,-0.4842584836946743,-0.45226033616275363,-0.7762287856695017,-2.477644947226557,-2.0239323870243213,-1.3087196838068085,-1.4299000569962859,-0.8315576891846597
CDMS-11-6B-EFRGR,0.0,2.65717718423945,0.0,0.0,-0.7437237645015145,-0.9645906872036699,-0.7437237645015145,-0.5673926027279569,0.07627969091094212,-0.877794787809472,-2.3290128814367694,-1.8945925601037896,-0.38130365367756536,-0.8484562689339733,-0.9983685830180585
CDMS-11-6B-EROCO,0.0,1.8478013291600763,0.0,0.0,-0.681270476946925,-1.071685395002228,-0.681270476946925,-0.4842143104515108,1.5840800274072213,-0.792064685207168,-1.6342778413582788,-1.0854122552793122,-0.8651392845072988,-0.3309172673534413,-0.8698441693443304
CDMS-11-6B-JACUPE,0.0,2.7450084173069667,0.0,0.0,-0.6477797809407382,-0.9540130208293433,-0.6477797809407382,-0.4726886699368152,0.8256010927709976,-0.782593342744926,-2.343431061403172,-1.8716295653004826,-1.2073717951556713,-1.0625953648165734,-0.8090598920724605
CDMS-11-6B-JDCHBA,0.0,2.873897555770287,0.0,0.0,-0.6467544089407145,-0.9877595110133077,-0.6467544089407145,-0.45399776380814066,0.14770698797395684,-0.7207214275526975,-2.406225737261975,-1.975956072258189,-1.0433655695048403,-0.8603275948968365,-0.77896658511897
CDMS-11-6B-JFSAHE,0.0,3.0015484724702413,0.0,0.0,-0.5578187301991328,-0.9179994846359626,-0.5578187301991328,-0.3591850178480797,-0.0476118347060194,-0.6503146778994396,-2.411647355598785,-1.9218974400250708,-0.11431349311856523,-0.059850455800287194,-0.583610630829911
CDMS-11-6B-JLPENA,0.0,3.2218250369636636,0.0,0.0,-0.5574110976191751,-0.9064577616369284,-0.5574110976191751,-0.3566900413550972,-0.23836795306242634,-0.6143532537748355,-2.5463350902463824,-2.004299151471436,-0.7621545331083176,-0.48032784903670783,-0.5724879607940109
CDMS-11-6B-JMARME,0.0,2.7383319368331276,0.0,0.0,-0.696568837965007,-0.998894893340446,-0.696568837965007,-0.5337380229779273,-0.05416134677790304,-0.8498594271491762,-2.352844128340828,-1.9059534739693007,-1.1296136295998396,-0.9807154540670805,-0.8473975361168178
CDMS-11-6B-JPSAMA,0.0,2.852652500683594,0.0,0.0,-0.6772484433660818,-0.997132075616881,-0.6772484433660818,-0.470636715541342,-0.3266619811214067,-0.795293933297883,-2.3906137981411053,-1.9620306843734874,-1.310369791279256,-1.1899662458006581,-0.7867984149314624
CDMS-11-6B-LESTA,0.0,2.5629031722994,0.0,0.0,-0.6344782623731315,-0.966940017705992,-0.6344782623731315,-0.4635127405024896,0.7721141733587519,-0.7644115373217067,-2.1659638052179218,-1.6834634941087407,-0.14146736735217233,-0.08466225491480321,-0.7591227920010543
CDMS-11-6B-MAGIMU,0.0,2.7239338341233164,0.0,0.0,-0.6289072098226909,-0.9704265383385096,-0.6289072098226909,-0.46415209525900036,1.2712533678782687,-0.7506207900163396,-2.2912287198809422,-1.7997147021729314,0.7576877003557406,0.6305470680182981,-0.7529811788046694
CDMS-11-6B-MEBRTA,0.0,2.6536166951334477,0.0,0.0,-0.5781523974087588,-0.9282720635422628,-0.5781523974087588,-0.36611339523518194,-0.06336208207482522,-0.6594216797156922,-2.1726502988639416,-1.6336509560593684,-0.7545312561770773,-0.29721292651587305,-0.5676310021788662
CDMS-11-6B-MMAMO,0.0,3.799267225995712,0.0,0.0,-0.6470182124045952,-0.9399446968251933,-0.6470182124045952,-0.4495748004543613,-1.1753747291503298,-0.7227462456768675,-3.150760738270348,-2.633091623514012,-1.7984460983879753,-1.4913604137180896,-0.6968030455042168
CDMS-11-6B-RSECA,0.0,2.722321996865988,0.0,0.0,-0.6637624487551123,-1.0078983103055312,-0.6637624487551123,-0.43264590250346513,0.9670310176872796,-0.7433904818166983,-2.263924291259741,-1.8254827643456617,-0.46255645373004867,-0.07309442345065019,-0.7562804505224611
CDMS-11-6B-SCAPA,0.0,3.0684408566531842,0.0,0.0,-0.5729449438939684,-0.9159724147113946,-0.5729449438939684,-0.3985864397304224,-1.5063153596511123,-0.6840132237651856,-2.501387581943488,-2.0174565035500858,-1.192049813323116,-1.4194893308581762,-0.6048025243370946
CDMS-11-6B-VZAPE,0.0,2.7180859104263777,0.0,0.0,-0.6700258036187716,-1.0128394765434792,-0.6700258036187716,-0.48267754028513876,-0.18018627814010613,-0.7910971617323428,-2.2999157505553236,-1.8961346692719472,-1.2358480154644567,-1.1536497562982677,-0.8206428943360038
CDMS-11-6B-YLNIME,0.0,3.275875623591377,0.0,0.0,-0.5683768260382288,-0.8818303074600693,-0.5683768260382288,-0.36578252966488706,-0.24596595883920816,-0.6435241938567726,-2.6695864266595963,-2.197149940511606,-1.3163769558623613,-1.1927616386832631,-0.6450720852325915
CDMS-11-7C-ICARE,0.0,2.8083028987563106,0.0,0.0,-0.6338272071072326,-0.99391842537315,-0.6338272071072326,-0.4420567808067458,0.20263537841524845,-0.6928557726773912,-2.322573574794996,-1.8414178489993414,-1.0164532639643773,-0.6890077258446479,-0.706947568970365
CDMS-11-7C-IMOIB,0.0,2.8729292580651826,0.0,0.0,-0.6522347061432187,-0.9947545314429631,-0.6522347061432187,-0.45283551802896865,0.06963366445710123,-0.7660825126906001,-2.3897983256821,-1.9545532560867682,-0.5466353959872223,-0.4480124957755093,-0.7527007257157236
CDMS-11-7C-SALMA,0.0,2.3189584173408915,0.0,0.0,-0.716005359652198,-1.0125353344488526,-0.716005359652198,-0.5489982686069713,0.3128475974723485,-0.9113836887198751,-2.033969947524861,-1.591853795445768,-0.35756637048024326,-0.451605427012198,-0.9662867360341064
CDMS-11-7C-SPGAVE,0.0,3.3439579540731783,0.0,0.0,-0.49173203731564485,-0.7760394836578346,-0.49173203731564485,-0.29784309799741954,-0.9408494660266302,-0.5300050919611692,-2.607001894575777,-2.194378783389942,-1.5763755350292488,-1.3835990343796913,-0.4840876567402193
CDMS-12-5A-SRIGO,0.0,3.4525353527217137,0.0,0.0,-0.6207185863866599,-0.9464091810163555,-0.6207185863866599,-0.4485572415820742,-0.3451924831118562,-0.7228720509869296,-2.8473507425278517,-2.413039558674017,-0.980639420549622,-1.0160413315100079,-0.6899585615023894
CDMS-12-6A-FAROPA,0.0,3.670132704990492,0.0,0.0,-0.6659198267584813,-0.9314088761684147,-0.6659198267584813,-0.427929834865129,-0.7020766372903109,-0.7185779199265837,-3.002816742799655,-2.56250285660806,-1.677771473657721,-1.7282349604995713,-0.5893669597400686
CDMS-12-6A-JGIGA,0.0,2.6759844993528303,0.0,0.0,-0.6179990294192548,-0.9771165321104643,-0.6179990294192548,-0.470351319735934,0.28426068665510135,-0.7200777888933252,-2.263537046753293,-1.765409866625258,-0.7123218941589394,-0.5735915647256282,-0.7562703645372856
CDMS-12-6A-JSOTGU,0.0,2.4339445464741347,0.0,0.0,-0.6994416790839497,-0.9917225778737934,-0.6994416790839497,-0.4732422074985619,0.2989181287062755,-0.7885141550576255,-2.0881075214912155,-1.5842621406022184,-1.0208589935074392,-1.036875514413767,-0.7736546969087985
CDMS-12-6A-SROAL,0.0,2.711645311047138,0.0,0.0,-0.6440764891191241,-0.999064917552381,-0.6440764891191241,-0.44969123886012696,0.4897380388828494,-0.7288515651464761,-2.2817204594971345,-1.782177491550443,-0.49265686710711637,-0.14806856202259866,-0.7312282241283662
CDMS-12-6B-IJDAGA,0.0,2.6596807532479576,0.0,0.0,-0.6630963243241095,-1.0246735982899857,-0.6630963243241095,-0.46261801901457567,-0.7150707694883359,-0.7600907252368364,-2.2280929690198223,-1.7457899959283836,-1.18860575905644,-0.8024786742428968,-0.7680735243306759
CDMS-12-6B-SCLAG,0.0,2.817774118715671,0.0,0.0,-0.6805172466391733,-1.0003956778427354,-0.6805172466391733,-0.4812184221135397,0.5958310686304463,-0.7886107933551906,-2.3835339400107127,-1.9623736024683867,-0.3303844709405934,0.022533636546535462,-0.7788430220289064
CDMS-12-7C-ARAHE,0.0,2.7585251187360544,0.0,0.0,-0.6509097124356563,-0.9517918923319888,-0.6509097124356563,-0.4269104287205864,-1.0991378562677245,-0.7107749737739086,-2.2794140160548357,-1.8331740832967496,-0.5784051047587667,-1.0007201168324504,-0.7130121615510231
CDMS-12-7C-CATRAR,0.0,2.6336225126700703,0.0,0.0,-0.6816864178737055,-1.0089197268232426,-0.6816864178737055,-0.502171743742411,0.32486595264885626,-0.8086740663057318,-2.2156029624999736,-1.742219165770968,-0.6511016465437494,-0.5402910051456926,-0.816194373657782
CDMS-12-7C-DLOLO,0.0,3.0664502614908606,0.0,0.0,-0.610972024639036,-0.9625581005333401,-0.610972024639036,-0.4139057310555193,0.8911196494386896,-0.7101757344752899,-2.5061401669824805,-1.9903386338631832,-0.6020964086927094,-0.1975571532701293,-0.6691096954750485
CDMS-12-7C-JSZAOR,0.0,1.9380327994234618,0.0,0.0,-0.6755680164490813,-0.9886232179111708,-0.6755680164490813,-0.45951773075899105,1.6271907721040868,-0.7737673767749412,-1.6623623415728852,-1.1911579761895263,-1.1675107070291713,-0.7152816926129844,-0.7839951918999237
CDMS-12-7C-MAROBE,0.0,3.6723444508186502,0.0,0.0,-0.6048102727677972,-0.9448785785230777,-0.6048102727677972,-0.3677715794866512,-0.12016280814519625,-0.6290288444312351,-3.0188070565498357,-2.5221540834550846,-2.0557224289526363,-1.9744850191939942,-0.696144511656516
CDMS-12-7C-VMAPA,0.0,2.6130178125323344,0.0,0.0,-0.6514423300300319,-0.9699143708565824,-0.6514423300300319,-0.4705721174400954,1.293450573259389,-0.7991030276902645,-2.2417556487324695,-1.7146692098424776,-0.7248711063023342,-0.6190307599888735,-0.7547635795832797
CDMS-12-7C-VQURA,0.0,2.863087343612797,0.0,0.0,-0.5525751127619151,-0.9047231468952572,-0.5525751127619151,-0.39171492902251537,0.16745713913316457,-0.6519198370056181,-2.3343731756052866,-1.8796199374079547,-0.31358280822962303,-0.16045854345884475,-0.6202207942984718
CDMS-13-6B-ASUMO,0.0,2.500679169638141,0.0,0.0,-0.5739895317940596,-0.9230472154085082,-0.5739895317940596,-0.40452186502466086,-0.4483243149747444,-0.6657333645006878,-2.1010606802741147,-1.6530888220022355,-1.5239004068364574,-1.4255122854535058,-0.6772324165822481
CDMS-13-6B-JDTAHE,0.0,2.2972683658359405,0.0,0.0,-0.6690582168182782,-0.9726698774564846,-0.6690582168182782,-0.4970207771339512,1.2408806070936986,-0.8000813861106186,-2.0014965845977204,-1.4626378214766051,0.38233237129064884,0.3354137912146754,-0.8349632597569046
CDMS-13-7C-MVEAR,0.0,2.748587679923241,0.0,0.0,-0.683834647087503,-0.98414462218856,-0.683834647087503,-0.5224647857624091,1.76001803157461,-0.8399888699200765,-2.368586029489528,-1.9374225963668867,-1.1972506068959172,-1.1293471082212154,-0.8725589005916096
CDMS-13-7C-RAIZAC,0.0,2.68316928036424,0.0,0.0,-0.6049957833115903,-0.9525110553760499,-0.6049957833115903,-0.41749169236354045,0.5631777905297553,-0.7359107868639037,-2.267346288744121,-1.7209258451434277,-1.253007987380641,-0.9337889550280801,-0.7005323167857151
CDMS-13-7C-SSOSLO,0.0,3.213177688320048,0.0,0.0,-0.6507494953949803,-0.9311038052917977,-0.6507494953949803,-0.4914432811751468,-0.5698059401066617,-0.797431394434209,-2.717239216593897,-2.2814493709401154,-1.4636946144425773,-1.3864331443564462,-0.7986805080549755
CDMS-14-10A-IMORTO,0.0,2.8549127780509163,0.0,0.0,-0.5705895426015094,-0.9276064770974674,-0.5705895426015094,-0.39287293113230604,0.014561621873505556,-0.6372829762097337,-2.330982357802485,-1.8675026504484176,-1.275821841868834,-0.9475827996718845,-0.6406195895901968
CDMS-14-10A-JCVANI,0.0,3.4291617803206216,0.0,0.0,-0.5604787728239027,-0.9372918935075266,-0.5604787728239027,-0.362222205021919,-0.9261492014745633,-0.6288087127938163,-2.679275444711418,-2.199302661265294,-1.1176527117868014,-1.0958794024022005,-0.5810284326346468
CDMS-14-5A-LSDUCO,0.0,2.6632718000239746,0.0,0.0,-0.7198051755130666,-1.0362926787613245,-0.7198051755130666,-0.6152198555457548,-1.8556246988188116,-0.8559785396929923,-2.386768121699332,-1.99140006771979,-1.2607012146832968,-1.798080564271385,-1.1510463814426821
CDMS-14-6B-KDCAHE,0.0,3.532590633267419,0.0,0.0,-0.6152658114353858,-0.8876896790901466,-0.6152658114353858,-0.430845963395421,-1.1171009368139084,-0.7238341947566609,-2.884317018321687,-2.441540023716546,-1.2607153907330797,-1.0803935972385381,-0.6375944545178079
CDMS-15-10A-AMALOS,0.0,3.014049763187402,0.0,0.0,-0.663002798657321,-0.9675017300268826,-0.663002798657321,-0.4513970507323359,0.46753369377886783,-0.7615370084877356,-2.521294022418104,-2.071520816543783,-0.8651837011461516,-0.8273642627679871,-0.7775827253855718
CDMS-15-10A-JJMACH,0.0,3.705249748771543,0.0,0.0,-0.7235904748723478,-1.0441810327014474,-0.7235904748723478,-0.5037241232458787,-0.28995099822907194,-0.8173771069308894,-3.1872137371666023,-2.6328479027806746,-0.8724461187611702,-1.00096774996529,-0.9166262104698343
CDMS-15-10A-MAALCA,0.0,3.392587930263366,0.0,0.0,-0.5688798980506992,-0.9039363768934063,-0.5688798980506992,-0.37465689203458175,-0.10975427280065174,-0.6397188070799517,-2.7552959478521104,-2.3055963511549664,-1.8411872120657387,-1.5443729414213785,-0.6545293489219499
CDMS-15-10A-MAALRI,0.0,2.9608411910407324,0.0,0.0,-0.6489403731327817,-0.9562801306302667,-0.6489403731327817,-0.45265210611174417,-1.340543341460333,-0.7501662204984574,-2.4672016099727396,-2.0330402500127702,-1.1803540246555706,-1.3711097008836568,-0.741516987652809
CDMS-15-10A-SGOMO,0.0,2.503020178814054,0.0,0.0,-0.6232818759455085,-0.9873052683212188,-0.6232818759455085,-0.4422051440076772,0.35232704358809347,-0.7123825845249137,-2.1064020873706526,-1.6729228113392745,-0.2965172082440828,-0.23196673919005198,-0.7867068141016147
CDMS-15-10A-SHEGA,0.0,3.4932410598362758,0.0,0.0,-0.608798043888514,-0.9255327092126139,-0.608798043888514,-0.4381682218771206,-0.8260852343446551,-0.6838255394676797,-2.8980499325636915,-2.4252315454179056,-1.7377410962445006,-1.27914882028978,-0.7485109550477163
CDMS-15-11B-JEMOLO,0.0,3.050404647223447,0.0,0.0,-0.6749401525644305,-1.0286939560390869,-0.6749401525644305,-0.5140918117684422,0.30887312255861804,-0.8021111107589912,-2.611411900951619,-2.137134680846611,-1.3245622418930751,-1.2568906339967867,-0.8952492155970935
CDMS-15-11B-VSAHO,0.0,2.639594984042056,0.0,0.0,-0.7314583782944418,-1.0080519829844827,-0.7314583782944418,-0.5270731682247434,0.13743836654602468,-0.8643500630751839,-2.2893262395974574,-1.8603020856260322,-0.5067147809784168,-0.9297621149754144,-0.9071738490122999
CDMS-16-10A-SGALO,0.0,3.5182333914825086,0.0,0.0,-0.5726668433857247,-0.9452610587195798,-0.5726668433857247,-0.34895780922618674,-0.6721921902813652,-0.6377660441477973,-2.7703954339896772,-2.2221620343305046,-0.7091814622358473,-0.8540431016220474,-0.569807960147539
CDMS-16-11B-NGABE,0.0,3.1746397161683784,0.0,0.0,-0.6474612665571852,-1.010357850077037,-0.6474612665571852,-0.47889376150032914,-0.16253430053216109,-0.7361186488605352,-2.697286477879457,-2.2122136875687555,-1.6709945474851737,-1.6884579146459304,-0.8596365527212398
CDMS-17-10A-ASSAMO,0.0,3.5818399760760715,0.0,0.0,-0.5610089495604291,-0.9052152388804983,-0.5610089495604291,-0.4090420082232469,-1.3909003097698853,-0.6552518013014835,-2.9169842833138375,-2.5233731975090383,-2.052818627231622,-1.8453834636050594,-0.6368799509767816
CDMS-18-7C-VVECA,0.0,3.000651772008781,0.0,0.0,-0.5683093547562105,-0.9272921322021381,-0.5683093547562105,-0.39138091498044797,-0.19121545249751984,-0.6151203619887278,-2.4364066677018537,-1.980265660737478,-1.1123129627460708,-1.0845342736124777,-0.6585714599276196
CDMS-8-4A-DBEVA,0.0,2.322664530672646,0.0,0.0,-0.6677248870570675,-1.0415943217834103,-0.6677248870570675,-0.44843499097201567,0.4227509315399741,-0.7303659895778151,-1.9914663785282616,-1.4460528859793358,-0.4048018985685019,-0.4761524993820174,-0.7730171929978379
CDMS-8-4A-DJAVDA,0.0,2.7619525150639435,0.0,0.0,-0.6203438562769927,-0.9734873597169035,-0.6203438562769927,-0.38499989619535324,-1.6152895999072645,-0.636408985913847,-2.263271243149846,-1.7211149020339875,-1.744697903061665,-1.6659013196278978,-0.6430240126781709
CDMS-8-4A-DOSTR,0.0,2.762918730857259,0.0,0.0,-0.6593597223971734,-0.9793137007910137,-0.6593597223971734,-0.4467543646909493,-0.06175192090605756,-0.7522990176107489,-2.2810012115685865,-1.7604568358711483,-0.8693641537553419,-0.841711607755602,-0.7370771413726492
CDMS-8-4A-LGOPA,0.0,2.401539563939486,0.0,0.0,-0.6384569981233452,-0.981807375004908,-0.6384569981233452,-0.4710349790296392,-0.1750437599753755,-0.7582478190454991,-2.0649594989418336,-1.5699178629206687,-0.5422541482895261,-0.6280966785303956,-0.7887922906893521
CDMS-8-4C-JDBUTU,0.0,2.583268713102479,0.0,0.0,-0.6258979128532467,-0.949082861757096,-0.6258979128532467,-0.4367259031582629,-0.2145025745312128,-0.7250370984058226,-2.1662306353126515,-1.6636610966356433,-0.4571400631737651,-0.5579749634356741,-0.7199762118135559
CDMS-9-4A-ACDUTR,0.0,3.505658213199829,0.0,0.0,-0.5720440029891005,-0.9644769540187607,-0.5720440029891005,-0.3476207613159198,-0.1453888762068299,-0.6322115377611706,-2.7395257454873048,-2.2245494568384325,-1.275965658395108,-0.948891071697064,-0.5450743741743528
CDMS-9-4A-CARGA,0.0,2.706163798486528,0.0,0.0,-0.6659500009564756,-1.007342370957164,-0.6659500009564756,-0.4745210387911313,-0.6969184634653638,-0.7587237146801769,-2.2741162800474766,-1.8496812472993878,-0.8812982218802227,-0.6274845052533796,-0.778153458351102
CDMS-9-4A-CRAAG,0.0,2.2498468153272926,0.0,0.0,-0.6758361368342821,-1.0195119441918306,-0.6758361368342821,-0.5150319057385958,0.8393313391851056,-0.8420797127025967,-1.954260814969445,-1.4155471205001628,-0.382275243860957,-0.4086807325451698,-0.846160132212055
CDMS-9-4A-EROHI,0.0,2.6814050246410304,0.0,0.0,-0.6870923974640046,-1.007090987727836,-0.6870923974640046,-0.5116327297292371,0.6628827763752987,-0.8179810587901553,-2.2451896977532484,-1.7561211741943052,-0.09782667877587116,0.2384813062988321,-0.7938483648936965
CDMS-9-4A-ILOSE,0.0,2.807276881992729,0.0,0.0,-0.7141052376923135,-0.9760635380452326,-0.7141052376923135,-0.5422598989363691,2.0670020038883368,-0.8685186300473484,-2.4394007053565416,-2.0153018486913035,-0.8463331000968721,-0.46726400247430205,-0.8986857269089117
CDMS-9-4A-TGAFR,0.0,2.2372957846149983,0.0,0.0,-0.6500005187448484,-0.947078353203696,-0.6500005187448484,-0.39941106467875254,0.8043197808514809,-0.7152500043160541,-1.9005089546690148,-1.4236720493960993,-0.3150366739283678,-0.18780073741948974,-0.7332286930439285
CDMS-9-4C-SCAMO,0.0,3.480720215248665,0.0,0.0,-0.5558565207063885,-0.9189401818274289,-0.5558565207063885,-0.3549812690393223,0.24465871370596992,-0.6291507127539643,-2.760908251784324,-2.29326374680095,-0.8359324219238319,-0.8269378011212868,-0.5792800531876109
CDMS-9-5A-ABERO,0.0,2.6339175757031104,0.0,0.0,-0.7146525423821912,-1.0068281120677973,-0.7146525423821912,-0.47729510740974807,-0.06038337127983567,-0.81361553388833,-2.217247485776656,-1.7098190136353542,-0.653991847968438,-0.747686159173067,-0.7695884328400207
CDMS-9-5A-PAGACO,0.0,2.6474706328751405,0.0,0.0,-0.5951976564420877,-0.9508053644321364,-0.5951976564420877,-0.45048079048867423,-0.13772067762068887,-0.7238175248700642,-2.246032822642462,-1.7519495506642684,-0.8214511247990033,-0.42143107068804203,-0.7202153126206242
CDMS-9-5A-VVAAR,0.0,2.6784509972922264,0.0,0.0,-0.581098505428802,-0.9406679107127847,-0.581098505428802,-0.3852845934742587,0.02555213641786394,-0.6407219996939645,-2.251683243696035,-1.7474288980765595,-0.39309051998783984,-0.2751991049177604,-0.6553703607812641
CDMS-9-5C-JDMADE,0.0,3.0246358165194573,0.0,0.0,-0.5699216255126663,-0.9496429089494483,-0.5699216255126663,-0.412447776881804,0.6212274330213181,-0.6257709251795472,-2.4360362275914857,-2.041207487776664,-1.3130283066320632,-0.8637002768496319,-0.6888818490149916
CDMS-9-5C-LVIZAC,0.0,2.854588239830447,0.0,0.0,-0.6007334308151886,-0.9509290554371449,-0.6007334308151886,-0.37809011791478614,-1.5051672235015605,-0.6518494422413399,-2.3109936678389538,-1.7978468787227087,-1.4518988531889194,-1.497360690620014,-0.6314036042001395
CDMS-9-5C-MLOGO,0.0,2.442287521392088,0.0,0.0,-0.6391092768851282,-0.9734887454381173,-0.6391092768851282,-0.4956535643887249,0.12225714885657941,-0.7685837786405137,-2.0834376886687567,-1.6116655590999294,-0.33178596734321186,-0.6395519155063992,-0.8103200516465031
CDMS-9-5C-SCAAG,0.0,2.460246400454932,0.0,0.0,-0.712313523935906,-1.0268494592193973,-0.712313523935906,-0.4713989348655712,0.4643792334602569,-0.7911866196689782,-2.105583193759281,-1.582147924960987,-0.3685163325281913,-0.2561724185961878,-0.8040390267742351
CDMS-XX-10A-VGILO,0.0,2.8786042091364976,0.0,0.0,-0.6740359607201106,-0.9617766999011776,-0.6740359607201106,-0.5428573856678254,1.6266354013247706,-0.8059017566656826,-2.4868987920445376,-2.072618486517599,-0.6515462074644525,-0.6104782834086956,-0.8813137925313971
CDMS-XX-5C-MJSARU,0.0,2.888492727078818,0.0,0.0,-0.6263297368206289,-0.9610885020555917,-0.6263297368206289,-0.4223090365074106,-0.6115374380936653,-0.6948804929695529,-2.3882662474418854,-1.903355993262308,-0.9094887132317996,-0.979018256736911,-0.6702438007545634
CDMS-XX-5C-MPCAQU,0.0,1.7935212629182595,0.0,0.0,-0.7990538621789817,-1.1272790188195012,-0.7990538621789817,-0.5647354962952237,1.3733560578466113,-0.9073361809367531,-1.6127287228693783,-1.0066618558913805,-0.4683430288373805,-0.2880506278684331,-1.0298676315675375
CDMS-XX-6A-MAGICA,0.0,2.68746404210611,0.0,0.0,-0.6317629310044798,-0.9664894910771366,-0.6317629310044798,-0.4676673707796831,0.6688327942721146,-0.7707669200839451,-2.2588542359643995,-1.7761969528016104,-0.2963213723681312,-0.05331157974827465,-0.7687330903248983
CDMS-XX-6B-SPUCA,0.0,2.8570130012289843,0.0,0.0,-0.614890567135847,-0.9620782150018735,-0.614890567135847,-0.44867963065141525,0.06114407426703257,-0.7396946098781416,-2.3610436776044543,-1.9059334724840575,-0.38393290434115335,-0.4569134375606539,-0.7060630836102274
CSO-10-4A-ICAPA,0.0,2.8214898498454755,0.0,0.0,-0.6859350245880708,-0.992577766520233,-0.6859350245880708,-0.49368807829745853,0.011424918823992354,-0.8476365786789549,-2.387623843133345,-1.9509308181267946,-1.1475040468715745,-1.100753358843657,-0.801560756846149
CSO-10-4A-KCOMO,0.0,2.0340529474024716,0.0,0.0,-0.8029287097148528,-1.073869667561691,-0.8029287097148528,-0.5458852151312746,0.49282254921081065,-0.927268863203807,-1.812016729469345,-1.278726998812536,-0.8345160172937375,-0.9859521028998547,-0.9801917488520006
CSO-10-4A-LRAVI,0.0,2.0258780096100475,0.0,0.0,-0.7115610170955795,-1.046773907852216,-0.7115610170955795,-0.5999092306395267,-0.1804250906831046,-0.9484892761171381,-1.8022044958419658,-1.3140959522524,-1.61338372346105,-1.30104754878672,-1.0302663594071697
CSO-10-4A-LSCAVA,0.0,3.5409676938784598,0.0,0.0,-0.4822720330938302,-0.8472616414361471,-0.4822720330938302,-0.3107422245652489,-0.884380750570095,-0.5547786725169874,-2.704364464203295,-2.187099278241569,-0.9697482272785073,-1.007360790545243,-0.48426797084517403
CSO-10-5A-ACAVA,0.0,2.782755330666898,0.0,0.0,-0.6329380888328939,-0.9747204180627226,-0.6329380888328939,-0.43266605544606596,0.09674607817849641,-0.7065542958314351,-2.320479469342965,-1.800500498788224,-1.087800687497226,-0.8566800133057387,-0.7093126413105433
CSO-10-5A-ARACA,0.0,2.798315057878539,0.0,0.0,-0.5487084367977881,-0.9250182070674301,-0.5487084367977881,-0.3502296394597511,-0.3225494995329901,-0.6056621514008975,-2.267482046079186,-1.8114139323229481,-1.2967300986921106,-1.2129843335645631,-0.5999920328097399
CSO-10-5A-DABRZA,0.0,2.7514679196230376,0.0,0.0,-0.6503778428539047,-0.9877614661042098,-0.6503778428539047,-0.4510043416010816,-0.8999025475914065,-0.7460195421730818,-2.302580667078993,-1.8427040414275777,-0.6919187269088641,-0.6704032457872344,-0.7559684876730679
CSO-10-5A-GZAMA,0.0,2.523483737603373,0.0,0.0,-0.7033996319683664,-0.9994954095698108,-0.7033996319683664,-0.5300903222865149,0.1165422624192913,-0.8821488992876324,-2.21075197371799,-1.762620676873419,-0.9160523174502678,-0.9918287201760118,-0.9327896021462136
CSO-10-5A-IPECA,0.0,3.3460340584053503,0.0,0.0,-0.7115684043831141,-1.0891164282307682,-0.7115684043831141,-0.5160693902142283,0.5362295358778901,-0.800774823474919,-2.8856189514059567,-2.3878839424050105,-1.2809578104881636,-1.3302680117195917,-0.9561016901403411
CSO-10-5A-JANORO,0.0,2.3561673671533567,0.0,0.0,-0.5853423818292531,-0.9678545656977193,-0.5853423818292531,-0.4925276623916787,0.7876433537946173,-0.7313551483085773,-2.0186905215421387,-1.5919190553579095,-0.7653703588838832,-0.369385716991986,-0.8067150278685289
CSO-10-5A-JBUVE,0.0,3.11720642102694,0.0,0.0,-0.6180935801274532,-0.9997774205624724,-0.6180935801274532,-0.42898261533390236,-1.1463929445055623,-0.7171539265427053,-2.532885727269786,-2.117593268406056,-1.3511461602525228,-1.2933607816878145,-0.661355089182113
CSO-10-5A-JJSEMO,0.0,2.5423401540432518,0.0,0.0,-0.5913982794240636,-0.9717670530535334,-0.5913982794240636,-0.409496376595648,-0.41112610721189746,-0.6619173058321902,-2.1229413172513243,-1.632361776063492,-1.013415964536789,-0.8989701058601457,-0.6709990985208479
CSO-10-5A-JLCARI,0.0,2.3200445477540566,0.0,0.0,-0.6650203959299635,-0.9705319248692219,-0.6650203959299635,-0.44842051018412554,0.7984493960139835,-0.7732271562922239,-1.9934177229346868,-1.494091858152569,0.023880212225095857,-0.21742393895640244,-0.769095759832636
CSO-10-5A-MAARAN,0.0,2.718157821413564,0.0,0.0,-0.7651688799267522,-1.0804915655296385,-0.7651688799267522,-0.5943455085582382,-0.3843996882331409,-0.9098944779362794,-2.4052413341698196,-1.9349569489145668,-0.9946818175369133,-1.273663044986487,-1.023074162300637
CSO-10-5A-MAOSMO,0.0,3.129580170959055,0.0,0.0,-0.5787097321379532,-0.9119273761792466,-0.5787097321379532,-0.32962149506788696,-0.329659784099479,-0.6222455033018944,-2.477931922595368,-1.9567985375231811,-0.8319842501391901,-0.7582754739819833,-0.5488043246360841
CSO-10-5A-RVMOIB,0.0,2.6817748911068553,0.0,0.0,-0.6917421118013674,-1.030383976404601,-0.6917421118013674,-0.5130857399609492,0.20503254582095037,-0.837536104379247,-2.2900787090373877,-1.8799106111798292,-0.514218221151072,-0.4482551589017018,-0.8444384675452723
CSO-10-5A-SVHEES,0.0,2.477324892051232,0.0,0.0,-0.7353272935158391,-1.016150266418458,-0.7353272935158391,-0.5206911747035126,-0.4199947454188497,-0.8306900059934853,-2.1315890713839702,-1.670478347935265,-0.8951224259076326,-1.4371455109133278,-0.8671785568386736
CSO-11-5A-MDVOSPE,0.0,2.5637950414615576,0.0,0.0,-0.6777468405336017,-1.0073326591968115,-0.6777468405336017,-0.4818646639341456,-0.3317291664873044,-0.7644105061924094,-2.172379121131121,-1.6883787732174056,-1.4161775530187526,-1.3097141655461342,-0.8243307726581288
CSO-11-5A-MTAGA,0.0,3.2098902901065554,0.0,0.0,-0.5995836041197499,-0.9570745923575574,-0.5995836041197499,-0.38384750115407656,-0.3537013408410103,-0.6130720365396062,-2.5606375275857793,-2.0368231374209285,-0.5816931607815031,-0.3398119463917084,-0.6006628565481875
CSO-11-6A-CAPAMU,0.0,3.2026168286925634,0.0,0.0,-0.5995328866495686,-0.9377409786585141,-0.5995328866495686,-0.4033331619424339,-0.784947121688491,-0.6982828972125311,-2.5717394514504206,-2.081377880301158,-1.2078899721325784,-1.1124930167770677,-0.6331496730953897
CSO-11-6A-DSCACH,0.0,2.876482426384461,0.0,0.0,-0.5346528684470477,-0.8757926029735101,-0.5346528684470477,-0.37600382023098533,-0.043923126578986865,-0.6134398622386522,-2.3496035155302044,-1.8757022923192757,-1.203960902749722,-1.009837670640494,-0.5909509603598047
CSO-11-6A-EROMO,0.0,2.672022335695165,0.0,0.0,-0.6329171670337896,-0.9988490103126186,-0.6329171670337896,-0.4751534901911307,0.1527476187552869,-0.7747527326977547,-2.246458953696082,-1.7928234993328884,-0.43031807939031796,-0.11041961886933344,-0.7403882526356241
CSO-11-6A-FSOVRE,0.0,2.5988895059771986,0.0,0.0,-0.599280370344785,-0.94290488823129,-0.599280370344785,-0.4190837777995242,0.08366898591038362,-0.7008812180490642,-2.1730839010921184,-1.6961727807665619,-0.43284280034572553,-0.2892638319052001,-0.7003014842478372
CSO-11-6B-ANREVA,0.0,3.4321067255317788,0.0,0.0,-0.6555359806423486,-0.9565470127404991,-0.6555359806423486,-0.48826849341189277,-0.34491767683702057,-0.7682515453399184,-2.8860887659744727,-2.4063357288441654,-0.4569969835603327,-0.363609936154575,-0.8369690921761394
CSO-11-6B-DISEMO,0.0,2.673580814030126,0.0,0.0,-0.6198207859062046,-0.9858577781268943,-0.6198207859062046,-0.4652784512265377,-0.4760634177111703,-0.7428304426852423,-2.240959594640413,-1.7921494336398136,-1.1733860861974905,-1.1250432777366222,-0.7504546428202128
CSO-11-6B-LHFDLACH,0.0,3.5176564699129322,0.0,0.0,-0.5456489935257995,-0.8751480294375789,-0.5456489935257995,-0.3576542415651323,-0.660826047590135,-0.5988249403974943,-2.814628621798659,-2.338311965554949,-1.234487856735991,-1.0490526868930767,0.288973175015686
CSO-11-6B-RJGIHE,0.0,3.1380788896556897,0.0,0.0,-0.518823559728545,-0.888987998620038,-0.518823559728545,-0.3022814337625899,-0.5367808601825678,-0.5559035771437671,-2.4348437492408297,-1.993640793384973,-1.5195700037288031,-1.2357486981008132,-0.518655971953245
CSO-11-6B-SFLVA,0.0,2.1953146045253256,0.0,0.0,-0.8161887085246401,-1.0532898097027603,-0.8161887085246401,-0.5791573255888677,0.43664682771167307,-0.9654294076741633,-1.9449506568965031,-1.442889151356135,-0.5876916247813249,-0.9805800202280252,-0.542814993363737
CSO-11-6B-VCOMA,0.0,2.8871017532676535,0.0,0.0,-0.5920022061598462,-0.9339391807975719,-0.5920022061598462,-0.39939547926059765,-0.3605390020701867,-0.6840099630969292,-2.369377633644732,-1.9033076800100657,-1.5265969034156748,-1.5265306646039838,-0.6437448309305996
CSO-12-6A-DGISE,0.0,2.7295375940755218,0.0,0.0,-0.5672933438205161,-0.8704772611599545,-0.5672933438205161,-0.4054918066422731,0.47503266618365925,-0.6766911345362034,-2.2635096422514187,-1.8320486841045402,0.34186340625902684,0.1917989924817595,-0.6626426322581894
CSO-12-6A-FJOVRE,0.0,2.704651462431992,0.0,0.0,-0.6128262503209083,-0.9594766027004589,-0.6128262503209083,-0.43799805868629016,0.5134256829998721,-0.7083540968464719,-2.24766856374388,-1.7813513876147298,-0.1605007721963769,-0.39872894547123433,-0.7366269847397023
CSO-12-6B-GQULO,0.0,3.149361249061835,0.0,0.0,-0.6060199877537594,-0.9833852556844882,-0.6060199877537594,-0.39697013258974895,-0.6650536735630546,-0.6725673575645386,-2.5523860127492295,-2.1301788147884633,-1.093866986850751,-0.8824963768594375,-0.6715354348628393
CSO-12-6B-LJHEFE,0.0,4.216518344025777,0.0,0.0,-0.6263828146472029,-0.9639797351379595,-0.6263828146472029,-0.45813053519613395,-1.0317314918266542,-0.7584868205763319,-3.47795831891342,-2.991721950184482,-1.5860354901289926,-1.7784348245893575,-0.7600583981627121
CSO-12-6B-VPAMA,0.0,2.9586759564518377,0.0,0.0,-0.5173640906906646,-0.8780447238655155,-0.5173640906906646,-0.36699779136151967,-0.42204922927019006,-0.6143077889809796,-2.3716334043873446,-1.8905925159139372,-0.02536968768751549,-0.26137320142024395,-0.552062013960003
CSO-12-7A-DALRE,0.0,2.2973570084986306,0.0,0.0,-0.7189009435063509,-1.0154288364770332,-0.7189009435063509,-0.5114284817656323,0.2523837957991151,-0.8584648834331808,-2.0213689499165293,-1.543452158479576,-0.6486242159391148,-0.7350533252247357,-0.9100804908595668
CSO-12-7A-ESALA,0.0,2.833069992254358,0.0,0.0,-0.5446672650153989,-0.8352003574574799,-0.5446672650153989,-0.3055136296274367,-0.868792492682154,-0.5954440669262351,-2.2260997775592455,-1.75780579374112,-0.949138688072081,-0.8340432854759844,-0.499359062107684
CSO-12-7A-IMERO,0.0,2.787943575389815,0.0,0.0,-0.5723583718003538,-0.924921108661789,-0.5723583718003538,-0.37520143860886623,-0.014013986241865969,-0.6473949645419937,-2.245696797136949,-1.7552761197296944,-0.3048467381264012,-0.13913778638052451,-0.595464019263327
CSO-12-7A-JHEZA,0.0,3.4086302787624643,0.0,0.0,-0.4796617920227892,-0.8260795232660686,-0.4796617920227892,-0.2905325733877028,-0.9408330820269395,-0.5188358510314237,-2.6097231212268692,-2.1131243156039603,-1.240786008765565,-1.249416768851833,-0.47201495734145965
CSO-12-7A-LSARAR,0.0,2.304335085351212,0.0,0.0,-0.6353358539664953,-0.990846053839006,-0.6353358539664953,-0.4468554600324795,0.5731160447339395,-0.6873543875557035,-1.973481504293531,-1.5194151995678213,-0.15905878685187716,-0.06823107717502465,-0.7845301588977605
CSO-12-7A-SCAHO,0.0,3.3275177053287153,0.0,0.0,-0.5356448161325515,-0.8925841563248279,-0.5356448161325515,-0.3690911548705797,-1.0655747049417648,-0.6372224479896458,-2.6202180107110853,-2.163458975018498,-1.1048717565210484,-1.1379678658479524,-0.5876433310510989
CSO-12-7B-DVAGRO,0.0,2.8893056820492715,0.0,0.0,-0.5429524460656325,-0.8959330728892204,-0.5429524460656325,-0.30294683424489266,-0.1653828129202119,-0.5899330664241709,-2.298779463187047,-1.8286970219638898,0.14254620443064409,0.17750799844746928,-0.5198962626587827
CSO-12-7B-SMUGU,0.0,2.231954874955005,0.0,0.0,-0.6846177176124749,-1.0579699877812476,-0.6846177176124749,-0.48795468035199185,0.8203065201184246,-0.7987461716567122,-1.9616430168979642,-1.3902132656620585,-0.6404558791276534,-0.3652254673008219,-0.8585648005668488
CSO-12-7B-SSARA,0.0,2.9634429090243364,0.0,0.0,-0.5542092881112708,-0.8825474931659869,-0.5542092881112708,-0.34409818029599004,-0.3024679463472893,-0.6146353585992822,-2.370141313195064,-1.8833992722193966,-0.824247935465929,-0.5504700333444158,-0.5824607444392804
CSO-12-7B-VHOMA,0.0,3.048548981437094,0.0,0.0,-0.6305625617018737,-0.9597694364275433,-0.6305625617018737,-0.4085106353562745,-0.3762170895499566,-0.7096711900748411,-2.498746782722475,-1.946503706800687,-1.6115299775024985,-1.6895860782527208,-0.6327392295199465
CSO-12-8A-YTOME,0.0,2.606148156972717,0.0,0.0,-0.6836209766724304,-1.0008989506888064,-0.6836209766724304,-0.4907689357760548,-0.4616940857587106,-0.8935436762023845,-2.2112545579330507,-1.7440267397621252,-0.24977939735656882,-0.32393255830128526,-0.7475750957100257
CSO-13-6A-ANASA,0.0,3.6364577219502983,0.0,0.0,-0.5710409741614519,-0.8925898832169329,-0.5710409741614519,-0.3716547996350904,-0.6924776894921947,-0.6465549546531251,-2.8736323040516076,-2.380606045942384,-0.9741267922977956,-0.9496010558044315,-0.590640596018221
CSO-13-6B-JETAVE,0.0,2.244134357638899,0.0,0.0,-0.6455390908599783,-0.978990995126604,-0.6455390908599783,-0.44468596880585776,0.763533849916518,-0.7382136968070931,-1.9146776482279835,-1.439590524038201,-0.3716668849740429,-0.09530890172415533,-0.7714600086382739
CSO-13-6B-LFMIES,0.0,2.392691461286206,0.0,0.0,-0.6472410987791841,-0.9872060855782898,-0.6472410987791841,-0.4936031967607525,-0.6752273320767787,-0.7550007651765126,-2.0612951316796684,-1.6005322644686337,-1.2554264481741508,-1.1708901810644385,-0.8220155503259152
CSO-13-6B-LJMAHU,0.0,2.0721041980304435,0.0,0.0,-0.6461512337322785,-1.0251144939048538,-0.6461512337322785,-0.4701542225383822,0.06308974349578643,-0.7613164158198891,-1.7596583478726822,-1.2343741940869928,-0.20549232559268335,-0.2696424932485881,-0.8043116893747535
CSO-13-7A-CAPAMU,0.0,2.809004586955099,0.0,0.0,-0.5767262134857296,-0.9344370586846804,-0.5767262134857296,-0.41039790323927133,-1.3044881825019852,-0.6679121506857156,-2.330293535823775,-1.8395509815077216,-1.2208283979736216,-0.9561218336251711,-0.6671414910280331
CSO-13-7A-CDDITR,0.0,2.658067922710968,0.0,0.0,-0.5690525868715443,-0.8862448306479763,-0.5690525868715443,-0.3828441673696741,-0.13664645322468735,-0.679027147986687,-2.167232979943211,-1.7162218209826272,-0.6718536795261465,-0.6934239143945687,-0.6070401752361777
CSO-13-7A-JJATFL,0.0,2.8722121096804143,0.0,0.0,-0.7016766460625212,-1.0668107936157978,-0.7016766460625212,-0.5371655438504089,0.09075690232974264,-0.8592429145516127,-2.3940961463774952,-1.97500146551556,-0.6493040636222914,-0.7630092843103378,-0.7799692918280011
CSO-13-7A-KRAMA,0.0,2.8593455276149777,0.0,0.0,-0.626210479007762,-0.9826621901871683,-0.626210479007762,-0.3977141947265808,-0.3662476259758362,-0.6906758190994805,-2.3592871818093704,-1.9159863845164267,-0.8433939921451191,-0.9546192569010288,-0.7047197218046769
CSO-13-7A-RXCHLU,0.0,2.1273024477428164,0.0,0.0,-0.6180743566763687,-0.9281955865034475,-0.6180743566763687,-0.46818449431279907,1.1128244945177441,-0.831614329901947,-1.8700834935878887,-1.3613825743622907,-0.23966220180495218,-0.5594951516593699,-0.8101066612175275
CSO-13-7A-YAMEZA,0.0,3.1998643796963386,0.0,0.0,-0.6451505006099598,-0.9242778927260275,-0.6451505006099598,-0.4740075148395439,-1.4587004926183986,-0.7681684328237194,-2.679245000232744,-2.2424391263424197,-2.0218910944032222,-2.1265429084202605,-0.7596696991046713
CSO-13-7A-YBOSO,0.0,2.1448096752724504,0.0,0.0,-0.647511779554993,-0.9657766615232773,-0.647511779554993,-0.427082911500453,-0.3617220747887204,-0.7175378485313134,-1.8256424974900292,-1.3305113334018184,-0.928613702844412,-1.036457738970348,-0.7177357381835983
CSO-13-8A-KIGAGU,0.0,2.5794781525059274,0.0,0.0,-0.5640464909234186,-1.011891705384343,-0.5640464909234186,-0.5399674387642383,1.2352199452603165,-0.7313301338095295,-2.1980630606274425,-1.7425772352463569,0.21639665534299854,0.2724069869373179,-0.8633599899974934
CSO-13-8A-MBUAN,0.0,2.5407528166939266,0.0,0.0,-0.677099018733186,-1.0289615585977367,-0.677099018733186,-0.47793768359463207,-0.22440814700510986,-0.78258437577968,-2.116446990530832,-1.5954703999588478,-1.1509342321493727,-0.9382027956346874,-0.8315520762326702
CSO-13-8A-MGAAN,0.0,2.879498272793151,0.0,0.0,-0.5768747901349397,-0.9188861271125172,-0.5768747901349397,-0.3768393864106745,-0.7505532799485148,-0.6282826521667123,-2.328289531448918,-1.8558860172099816,-0.8239498696993619,-0.7685564983732351,-0.6293330553619139
CSO-13-8A-MGAHE,0.0,2.4943837187607576,0.0,0.0,-0.6973337808494259,-1.0158438611036986,-0.6973337808494259,-0.49861126358796315,0.6534833205432093,-0.82790172790779,-2.143895195518034,-1.6381248542114577,-0.8224756326452469,-0.6005112439138237,-0.8197348698771076
CSO-13-8A-MJAGA,0.0,3.0454664499297786,0.0,0.0,-0.6303511084099246,-0.962207595751233,-0.6303511084099246,-0.43110230357188756,-1.1406435408230915,-0.7137398333635421,-2.5089578315326917,-2.058624053893894,-0.8535087516212898,-0.8178337484301436,-0.7089854338690542
CSO-13-8A-VHODU,0.0,2.9817645993294586,0.0,0.0,-0.6770076491355124,-0.8817724746336433,-0.6770076491355124,-0.5192944773640635,0.38205706517887567,-0.8404865267108608,-2.5461994292082455,-2.1147334327157,-1.7929599732662804,-2.0170004839074003,-0.814338157225629
CSO-13-8B-FCJISA,0.0,2.619115631700609,0.0,0.0,-0.49563495029215426,-0.8694819566418196,-0.49563495029215426,-0.29097131471307286,-0.339981198936358,-0.5455668119617318,-2.052657916917355,-1.5664522427630005,-0.06546060160611021,0.057727121562047214,-0.48249454252217566
CSO-13-8B-JEMABE,0.0,3.0477143506131625,0.0,0.0,-0.6939335066320568,-0.9260388517173382,-0.6939335066320568,-0.5019594124006467,-0.5967079501155242,-0.7982573971634649,-2.581346917665234,-2.123142007854282,-1.2519549418667213,-1.3013539868010329,-0.2787084524544184
CSO-13-9B-DMLLLU,0.0,3.332367785974121,0.0,0.0,-0.6667022491339802,-1.0003957495513747,-0.6667022491339802,-0.42377114163162877,-0.22171009515752207,-0.7518091354031704,-2.660556970940803,-2.142145696094477,-0.802717738918115,-0.9290329978049855,-0.6237773697567125
CSO-14-7A-MVEBE,0.0,2.5703412680168496,0.0,0.0,-0.6471634547602032,-0.9669365129189474,-0.6471634547602032,-0.3937375941088654,0.044433604359920054,-0.6951202852178606,-2.1680135727661436,-1.6095722608130762,-0.6148646046456195,-0.8182680125901279,-0.6793488988330276
CSO-14-7B-EALHU,0.0,2.2712608014898255,0.0,0.0,-0.6486809973562834,-0.9732040942443625,-0.6486809973562834,-0.4130798357652167,-0.018085281766376447,-0.7146895397540202,-1.9327140501433984,-1.4437221145255068,-0.5644902889814211,-0.451458385879283,-0.7385119838132144
CSO-14-7B-EVEGO,0.0,3.160258205052669,0.0,0.0,-0.5669400274418177,-0.9158450878700072,-0.5669400274418177,-0.3820655460368213,-0.881779242583071,-0.6565184107698202,-2.547633049632097,-2.0755353890601844,-0.5791020545075971,-0.5649649740855853,-0.6098217482282245
CSO-14-8A-AQUMA,0.0,2.945851085015082,0.0,0.0,-0.6114341028560346,-0.9769334357483708,-0.6114341028560346,-0.410194744268575,0.7749805828152632,-0.7025557817521917,-2.417165074113971,-1.951617121331521,-0.788908900763976,-0.5999888413187586,-0.6849582521878188
CSO-14-8A-MCIDOS,0.0,3.840645957524038,0.0,0.0,-0.4554608253226241,-0.7942971811532218,-0.4554608253226241,-0.29378309881881354,-0.7731760830643847,-0.5151968204357014,-2.8186800988163183,-2.221392756436552,-0.798175567323079,-0.8068081776793135,-0.45241518862838587
CSO-14-8A-SZARA,0.0,2.777278355188316,0.0,0.0,-0.5799218223500424,-0.9353391555882151,-0.5799218223500424,-0.3986577122562673,-0.6534307080984285,-0.6709902733238664,-2.255024469026088,-1.757891044306434,-0.6598916976650901,-0.6721345190036689,-0.6675819661002244
CSO-14-8B-JLLORA,0.0,2.503859008020395,0.0,0.0,-0.718865955709847,-1.069541532509792,-0.718865955709847,-0.5518207344292412,-0.5680089796479455,-0.9087333449387964,-2.143370311377502,-1.7101111738507142,-0.7594342691489566,-1.341613408850772,-0.887717893437217
CSO-14-9A-AEDCAGO,0.0,2.8586787187633287,0.0,0.0,-0.586014167947644,-0.9312450773672764,-0.586014167947644,-0.4317468942635727,0.1266615334647673,-0.6855797260630362,-2.361702431345459,-1.870100879378062,-0.7711121112265218,-0.4500784610562817,-0.6856534885295457
CSO-14-9A-HASACA,0.0,3.277114312513763,0.0,0.0,-0.4960100179459891,-0.8725230404966322,-0.4960100179459891,-0.3586410236386545,-0.3061565942090302,-0.5958679067428532,-2.5985765939071857,-2.1665074724008595,-1.0447476893301522,-0.6995786040602596,-0.5580029384655736
CSO-14-9A-JSMAAL,0.0,2.9381700645756164,0.0,0.0,-0.6612249195726435,-0.9859081294503588,-0.6612249195726435,-0.47165739281681507,0.5729980068593162,-0.782112004851337,-2.4396340533787653,-1.9815533534611944,-1.1694971546752686,-0.7923359395131945,-0.7813568023194205
CSO-14-9A-MARJA,0.0,2.64294719586256,0.0,0.0,-0.5747160116967743,-0.8998962052379069,-0.5747160116967743,-0.3776600730878587,0.3425874644745963,-0.6634866803992973,-2.1818666180023447,-1.7105631837259232,-0.0864591127190842,0.10715399083910811,-0.6013165821348574
CSO-14-9A-SORZU,0.0,3.152177195041614,0.0,0.0,-0.5780528821837424,-0.952355525175562,-0.5780528821837424,-0.3757308939539372,0.058588043632153246,-0.6783135098269581,-2.530980468998342,-2.0557321076355164,-0.7666032656016949,-0.6779668697230463,-0.634477257208469
CSO-14-9B-ERAGA,0.0,2.8087992705169706,0.0,0.0,-0.6160591555346246,-0.9572745997019246,-0.6160591555346246,-0.4479398119277182,1.1457189032123865,-0.749956052970986,-2.3554863547670157,-1.8320815210300674,-1.3253296715257605,-0.6120087975137415,-0.7063385268909642
CSO-14-9B-MFEGA,0.0,3.1071751939590717,0.0,0.0,-0.548321752104002,-0.9127313771665274,-0.548321752104002,-0.42533861700057113,-0.032347271644682304,-0.6731750219002466,-2.4661540121744765,-2.0236354242857093,-1.9630414080311658,-1.713613551095811,-0.6205571129538122
CSO-15-10A-LJRAGU,0.0,2.6131622121928015,0.0,0.0,-0.7991744603194749,-1.1003556490801627,-0.7991744603194749,-0.6315829700629885,0.15630560367387034,-0.940152269472819,-2.328283587346049,-1.865234713276763,-0.96636140230982,-1.2936819988533108,-1.1062091406683063
CSO-15-10A-MAARLO,0.0,2.5871558670400487,0.0,0.0,-0.7513273263280772,-1.1203722359179253,-0.7513273263280772,-0.6001033277779997,0.9223360084888504,-0.9658044669441642,-2.1937706670575983,-1.7931085658042494,-0.8078411681683475,-0.6869882666226165,-0.8267644940819249
CSO-15-10A-SFEGA,0.0,3.131505510469783,0.0,0.0,-0.5674407935718023,-0.9144386012418243,-0.5674407935718023,-0.38973723718385417,-0.15636156458189557,-0.642498483319127,-2.566885015674276,-2.150742744230932,-1.3103036035221478,-1.0464388299524625,-0.6703408283393858
CSO-15-10B-MEBUAR,0.0,2.716935515233107,0.0,0.0,-0.710653969787346,-1.0377342537201806,-0.710653969787346,-0.4718504771398012,1.2125441512519197,-0.7659912541439844,-2.26857686804844,-1.7690600576841997,-0.5999328654048692,-0.5035706536002871,-0.795180966077213
CSO-15-10B-YVBUAN,0.0,2.61641231049043,0.0,0.0,-0.6137083956449415,-0.9403183987917318,-0.6137083956449415,-0.4096062123920856,0.5236525478109197,-0.6767475721176222,-2.1812910229785527,-1.6717285444125665,-0.3888217820015223,-0.039396062154886974,-0.6743659175043173
CSO-15-10C-ALBAHO,0.0,2.765020157135416,0.0,0.0,-0.6909183211337186,-1.0137514884635033,-0.6909183211337186,-0.4860471856883622,-0.11111672588332255,-0.7707169763855201,-2.31844034334293,-1.8453041349652743,-1.4441642715519591,-1.3503563497681064,-0.7578943042794389
CSO-15-10C-SSCAMO,0.0,2.5922588146512804,0.0,0.0,-0.5472012260491652,-0.8916117101525306,-0.5472012260491652,-0.3464473434007935,-0.5387782947559737,-0.6208259693624437,-2.0966236995400545,-1.6240484549819973,-0.592805473082285,-0.5831615652630251,-0.5611640698080831
CSO-15-11C-JETALO,0.0,2.7796968343140134,0.0,0.0,-0.5636895115776814,-0.9099627335919566,-0.5636895115776814,-0.4082379671379222,-0.048468546047772065,-0.6722040790313042,-2.274572164420997,-1.797319351530307,-0.7755256450429724,-0.6796531780325968,-0.6595591702104507
CSO-15-7B-JCRAGA,0.0,2.5903289008661137,0.0,0.0,-0.6205864836581025,-1.0528910410512045,-0.6205864836581025,-0.4099326091538059,0.11386332915161868,-0.6723748424959117,-2.165656551709929,-1.6147276815497833,-0.6243574629536711,-0.8279584798572567,-0.7451016250002842
CSO-15-8A-VBMABR,0.0,2.541488175760814,0.0,0.0,-0.6679429699082401,-0.9337744522454983,-0.6679429699082401,-0.46860493179147605,0.7357784510799695,-0.8092985361523805,-2.161012744097259,-1.689063852037461,-0.49936589237910406,-0.5685779412501426,-0.8355105484578905
CSO-15-8B-KEPOGO,0.0,3.3239516811323186,0.0,0.0,-0.5967162726737418,-0.971902822733074,-0.5967162726737418,-0.36823061129645007,-0.5473841485799619,-0.6496393540817265,-2.6757013327174954,-2.195824802854349,-0.9043993854874561,-0.6761029177603429,-0.6432603422507329
CSO-15-9B-ALRIHE,0.0,3.246095363702473,0.0,0.0,-0.5785305604167825,-0.9404400937027937,-0.5785305604167825,-0.3934616426574517,-0.4925601964333297,-0.6943515924913962,-2.613012137543655,-2.162940863696879,-2.1529919350502116,-1.823814351671277,-0.6301158379501519
CSO-15-9B-AMSAGO,0.0,3.170187140073873,0.0,0.0,-0.5728039145083997,-0.9287450040946226,-0.5728039145083997,-0.3508224503845737,-0.2656633763329784,-0.6417731742923731,-2.5425905463638427,-2.0433290364303147,-1.0458718551709103,-0.9314426019547624,-0.5768485100134174
CSO-15-9B-JCAPA,0.0,2.909418481592835,0.0,0.0,-0.5981715551695365,-0.9321004658084477,-0.5981715551695365,-0.39651620982560276,-0.4735746962782608,-0.7026632796889601,-2.3627279034576314,-1.8901030952139142,-1.2044012519553875,-0.9889788979074482,-0.6424685672652508
CSO-15-9B-KSBEJA,0.0,2.4469779604764033,0.0,0.0,-0.6512619682154003,-0.9715771709036699,-0.6512619682154003,-0.48823558210675116,0.4063987306128672,-0.8237063172252892,-2.086340404577214,-1.6052212624326334,-0.256125651738111,-0.2348592555638109,-0.8251459115204098
CSO-15-9B-RMCHLU,0.0,2.6258161837913994,0.0,0.0,-0.6446803677829085,-0.9876115617290893,-0.6446803677829085,-0.463712227584157,0.4045592888042295,-0.7485262762375612,-2.2088507728726663,-1.6974401516642146,-0.6639154094263381,-0.33460219801536206,-0.7651675209001647
CSO-15-9B-SJAGRO,0.0,3.384967452795117,0.0,0.0,-0.532099783554833,-0.8512172688847844,-0.532099783554833,-0.3458772574526208,-1.3310903121931543,-0.6062277287690555,-2.739607067639574,-2.2449825173231326,-1.606298127557383,-1.600503955370795,-0.577540440829606
CSO-16-10A-JEGAHE,0.0,3.1675999548639253,0.0,0.0,-0.6042234212044673,-0.933207449126771,-0.6042234212044673,-0.438090969933946,0.015801987536096247,-0.7121339856004663,-2.617470334283002,-2.223145977295716,-1.001459052240848,-0.7875105574874512,-0.7128818017639883
CSO-16-10A-MSACO,0.0,3.0103772435384206,0.0,0.0,-0.6315953722201615,-0.94486953006206,-0.6315953722201615,-0.4369246114739159,-1.4747539326779067,-0.738087710748726,-2.495053591560686,-2.039260071615158,-1.4792823210669819,-1.506170531832627,-0.6888935730815345
CSO-16-10A-SARI,0.0,3.029105197707903,0.0,0.0,-0.5790009666013755,-0.9115603406696279,-0.5790009666013755,-0.3926847917252683,0.0658062669432096,-0.6539053090535437,-2.507843534667197,-2.046919864007807,-0.5304120005342811,-0.4081730642353582,-0.7002905300664685
CSO-16-10A-SMOUT,0.0,3.2504558441272358,0.0,0.0,-0.6588676955855763,-1.013725720159993,-0.6588676955855763,-0.5095949155063602,0.1310001653627169,-0.8083412987253618,-2.747223942079438,-2.287235702554567,-1.3893482802523114,-1.4491830875556098,-0.20655839987432803
CSO-16-10A-YKMUJO,0.0,2.345161866002596,0.0,0.0,-0.6749660827295743,-0.9784326407754829,-0.6749660827295743,-0.5295812673189126,0.8598736828610813,-0.8315300901350964,-2.044767950244293,-1.5394130213670143,-0.08574943767954167,0.1592971844877928,-0.8676433783023186
CSO-16-10B-JESUGU,0.0,2.985754261998662,0.0,0.0,-0.4916521968580506,-0.8585852416098287,-0.4916521968580506,-0.2892758913112604,-0.035860730870296065,-0.5397410039015444,-2.3694031115893655,-1.9633653234452022,-0.6814290071079989,-0.42450822635281826,-0.49649542437434874
CSO-16-10B-LTVIFA,0.0,3.5651154350958585,0.0,0.0,-0.49047802945379826,-0.8336652081683517,-0.49047802945379826,-0.34810624100926185,-0.6520022757262762,-0.5764058270930413,-2.75059725731164,-2.2576153000585673,-0.7452054532674942,-0.735783781368056,-0.5285906132524006
CSO-16-10B-VVILI,0.0,2.8800476152816903,0.0,0.0,-0.6382622406810469,-0.9876326567809085,-0.6382622406810469,-0.4387970598441348,0.30949560029232853,-0.7298296768948606,-2.384111665366629,-1.9365400964580213,-0.8004278449966716,-0.8614123969111116,-0.7384502798254109
CSO-16-10C-ACALGU,0.0,2.940075855424831,0.0,0.0,-0.6001674765028866,-0.9426684040277533,-0.6001674765028866,-0.41113515154295927,0.19908464636268383,-0.6855567988524646,-2.422869281467459,-1.9611105869965018,-0.6148906858180114,-0.42288534622295715,-0.6697109688700711
CSO-16-10C-MAVAVE,0.0,2.981283370660151,0.0,0.0,-0.5511911008581836,-0.8821591552534628,-0.5511911008581836,-0.3260456859214336,-0.5406803613447244,-0.6019456812112306,-2.387431697799575,-1.9017920109737465,-1.1034934202250217,-0.889180605759354,-0.5447395391322865
CSO-16-11A-JAVABO,0.0,3.569294780383136,0.0,0.0,-0.49294775908714056,-0.861530342443318,-0.49294775908714056,-0.3227110301383073,-0.3243291063373627,-0.5729491808442287,-2.762167095045261,-2.2702783126420525,-1.1379656690086561,-0.81833964581223,-0.5286489920448487
CSO-16-11A-JDMUVA,0.0,3.6225789148797225,0.0,0.0,-0.4823082031660492,-0.8728470341332963,-0.4823082031660492,-0.29788811221693173,-0.2626672115365578,-0.5536153619993652,-2.808304674421749,-2.220280383198348,0.08165932026526898,-0.11882098506453344,-0.4531948312657369
CSO-16-11A-VZAOR,0.0,3.4356896346241084,0.0,0.0,-0.5409053668168502,-0.8751108061170303,-0.5409053668168502,-0.371644924874038,-0.38813548797393804,-0.6106792561625912,-2.711060579257929,-2.2290300559377623,-0.6222931419438971,-0.44951165595892706,-0.5693142196877635
CSO-16-11B-KRORE,0.0,2.5400930359489715,0.0,0.0,-0.6355423041171311,-0.9964173634797885,-0.6355423041171311,-0.4856099718068772,-0.030364119210688052,-0.7743873662651362,-2.170419171999983,-1.6893204718177215,-1.2118441250397358,-1.020735326610215,-0.767718037750519
CSO-16-11B-LLOZA,0.0,3.0680810980916124,0.0,0.0,-0.6669595777074229,-0.9785884402629369,-0.6669595777074229,-0.4416941135436644,-0.3559532752074918,-0.760551713802501,-2.551450841972396,-2.0346808679889343,-1.22395124273064,-1.0983273085036878,-0.5615133259886196
CSO-16-11B-YAROMO,0.0,3.41466167014823,0.0,0.0,-0.5493734028491477,-0.9086233912552256,-0.5493734028491477,-0.335886589616165,-0.34967444619579685,-0.6133268928324236,-2.674753644804097,-2.122518267802212,-1.2181846816813693,-1.080774652740141,-0.5354192581627119
CSO-16-9A-JALEMO,0.0,3.6434876052366456,0.0,0.0,-0.5490434162701481,-0.9082218588576829,-0.5490434162701481,-0.3660364025698529,-0.5597612368518448,-0.637657136930663,-2.92019889573671,-2.4730286847518985,-1.0475427857586241,-1.0174710026705303,-0.6151878995883517
CSO-16-9A-JPROSO,0.0,2.956009421595816,0.0,0.0,-0.5858110979825907,-0.9381797040371601,-0.5858110979825907,-0.40073378669155235,-0.04303941106691341,-0.6725543452629607,-2.4365215908330016,-1.9818135097874272,-0.6226504272818748,-0.14597189441858271,-0.6685394057034081
CSO-16-9A-JSMAGU,0.0,3.1779319639654977,0.0,0.0,-0.5910980252326589,-0.17715207543177533,-0.5910980252326589,-0.3908373891338342,-0.17774554124510836,-0.6689816797955336,-2.5515347092706855,-2.1410366147329056,-1.22394001225894,-1.030016111786149,-0.6250946956291028
CSO-16-9B-SJPAJI,0.0,2.6839099132415467,0.0,0.0,-0.7522404993853976,-1.1014940341993447,-0.7522404993853976,-0.5815193587542341,-0.3126214818942425,-0.9059736895791198,-2.3748995770670405,-1.9417764972823026,-1.4886210523032133,-2.013538398884451,-1.0299615556227175
CSO-17-10A-YVGOCA,0.0,3.2331312884125643,0.0,0.0,-0.6581234009370018,-0.9445138577973815,-0.6581234009370018,-0.43495408326269525,0.4672377943353476,-0.7382120712452067,-2.722715900991951,-2.2584026984318566,-1.347875272339965,-1.5653219412027748,-0.7315157039238176
CSO-17-10B-EHECO,0.0,2.9456280718809444,0.0,0.0,-0.5750605228336352,-0.9584947172437936,-0.5750605228336352,-0.40137330052492814,-0.02568588712106025,-0.662822920928265,-2.403598870243923,-1.9473557264007895,-0.9687797738010828,-0.7987148841011039,-0.6527284291852281
CSO-17-10B-YCQUVE,0.0,2.6113801181305587,0.0,0.0,-0.6214909360447554,-0.9482136469917264,-0.6214909360447554,-0.4425197597972124,1.0359574576742494,-0.7220309909214149,-2.182297597179527,-1.7171088082029826,-0.6060821142101603,-0.2960229761867158,-0.719716458996955
CSO-17-11A-DJAPA,0.0,2.630967285389059,0.0,0.0,-0.7023431776839663,-0.9615262359074345,-0.7023431776839663,-0.5165074367754147,-0.28203218117714607,-0.884432094690736,-2.2503007207216394,-1.7937479070763052,-1.5150399494274183,-1.543736561216292,-0.9175105967435317
CSO-17-11A-JDAMO,0.0,2.2525792492394223,0.0,0.0,-0.688703460037762,-1.0060530515586639,-0.688703460037762,-0.4806900149793894,0.6975299403460932,-0.7942238278233377,-1.943017232779388,-1.4358441426828612,-0.9611906635029706,-0.66248800838785,-0.8046495917020424
CSO-17-11A-NPAHE,0.0,2.6795499638896416,0.0,0.0,-0.6882026629764111,-0.9864821238343802,-0.6882026629764111,-0.5092577901361862,-0.4575245819937301,-0.8125417877877413,-2.2846450060916252,-1.8539784598257416,-1.0007367484194531,-0.9190823319089363,-0.8243869269562563
CSO-17-11A-RLPAIG,0.0,2.9912897969692596,0.0,0.0,-0.5585531242644856,-0.9244401671523743,-0.5585531242644856,-0.3448333998897055,-0.698902319130463,-0.621651646970628,-2.394687488769296,-1.9278368088296942,-0.9110319004611038,-0.7521400632406717,-0.578400345877382
CSO-17-11A-SPUVA,0.0,3.272852501629693,0.0,0.0,-0.5677881479250634,-0.9635982648364819,-0.5677881479250634,-0.3749162083033975,-0.16993529434468183,-0.6336171331145751,-2.5937553240766316,-2.1103932834665735,-1.042621705183487,-1.056296885476211,-0.6235215619900729
CSO-17-11B-CDBEBU,0.0,3.1342507949415293,0.0,0.0,-0.5272193554392697,-0.8587933707961382,-0.5272193554392697,-0.35903029549641413,-0.9096691672002569,-0.6329457669852162,-2.4980023459027563,-2.032887028603322,-0.9261920268312607,-1.1950230545009395,-0.5803417816643995
CSO-17-11C-JDAAG,0.0,3.46006153873583,0.0,0.0,-0.5114456075474495,-0.8721018198338525,-0.5114456075474495,-0.3205799144749274,-1.0516526116351559,-0.581656558555834,-2.725901852425515,-2.223057978007317,-0.8181100581308043,-0.7465482157447052,-0.5161074038467888
CSO-17-11C-MAPAMA,0.0,3.6212080277617384,0.0,0.0,-0.5676669900770953,-0.9210764538808196,-0.5676669900770953,-0.35278489154204384,-1.124920020878207,-0.6319558245944079,-2.8543564810782684,-2.34388138183733,-0.8170788405887365,-0.7981125574169209,-0.5926459765521204
CSO-17-11C-MCAAG,0.0,3.1202284514343086,0.0,0.0,-0.5454915803983897,-0.8871301261230073,-0.5454915803983897,-0.3310009965684093,-0.33502844191665476,-0.6009389152066815,-2.482920721695179,-2.026011576226967,-0.5378494768758384,-0.2907286794218905,-0.5586101112317262
CSO-17-11C-SARJA,0.0,3.051579873925338,0.0,0.0,-0.5171700623424677,-0.8608387129034938,-0.5171700623424677,-0.32422035353692047,-0.6570614220234727,-0.5760792351034312,-2.4272694789713114,-1.994904906244301,-1.0842690074703911,-0.8454951582699705,-0.5324552680985881
CSO-18-11A-ADBAHO,0.0,3.0541052527754564,0.0,0.0,-0.605217640957351,-0.9543384580689978,-0.605217640957351,-0.421565228935451,-1.3165536464293879,-0.7071336699646632,-2.4873309002129846,-2.043398727873617,-1.2731416070991857,-1.3288394944907314,-0.6527029452721496
CSO-18-11B-YLLRE,0.0,2.957167951696037,0.0,0.0,-0.6773267249768331,-0.9464276969479709,-0.6773267249768331,-0.48104070529190585,0.41513169534325745,-0.7884173193478746,-2.5007017204790594,-2.0620695239285434,-0.3968008799740264,-0.525302491629666,-0.8317489351569711
CSO-18-9B-MAMOLO,0.0,2.8461747181381774,0.0,0.0,-0.5785622099300097,-0.300893361995593,-0.5785622099300097,-0.4085330197499881,-0.8138840965598533,-0.658217279175292,-2.3281860618504804,-1.979121271736953,-1.0408210141386307,-0.9115970620228947,-0.6542707703686218
CSO-8-3A-AIPRBR,0.0,2.64024073863822,0.0,0.0,-0.7141905395836722,-1.027202616106559,-0.7141905395836722,-0.47950102765433167,0.6910563168276106,-0.8061383681234959,-2.2167360906149125,-1.7472320076274883,-0.8709033528023357,-0.877665549899073,-0.7869338162340228
CSO-8-3A-DAPAVA,0.0,2.3080267450179703,0.0,0.0,-0.6954488229738969,-1.010363687028771,-0.6954488229738969,-0.4848551878019866,0.5606780025742386,-0.8176076705548998,-2.006597410921314,-1.5003949844984084,-0.7839545368001125,-0.8066568388231511,-0.8345526585584367
CSO-8-3A-KVPECO,0.0,2.213056944751634,0.0,0.0,-0.5434304356106456,-0.8960141165485219,-0.5434304356106456,-0.3159149509943757,0.24473697683705306,-0.603192270112072,-1.8441712291849122,-1.3744151404051597,-0.34801446001838066,-0.20700251257277463,-0.5594804538809364
CSO-8-4A-ARAGR,0.0,2.4598489242283397,0.0,0.0,-0.6010574246534403,-0.9259205522641326,-0.6010574246534403,-0.4004505507789573,-0.1635563628703958,-0.6734465888756396,-2.0511349214110357,-1.6088004970453864,-0.6457948763270264,-0.4921772884933974,-0.678469889288837
CSO-8-4A-JRAAR,0.0,2.9472726991037344,0.0,0.0,-0.5714293021140889,-0.9503848864129492,-0.5714293021140889,-0.3352987161783016,-0.34826353196356247,-0.5923941541891905,-2.3893546430722816,-1.850198332759351,-0.8781967560481417,-0.7635932788847748,-0.5883655428050638
CSO-9-2A-EXMOCO,0.0,2.3896161697794107,0.0,0.0,-0.6184661103030485,-0.9807916190167072,-0.6184661103030485,-0.4189488434916436,-0.10878406141871479,-0.6904509262996781,-1.972583656956831,-1.4723087189959552,-0.5350342432753911,-0.4290836743252905,-0.7236519394748695
CSO-9-4A-AGAPE,0.0,4.404352127671279,0.0,0.0,-0.5089133578079825,-0.7760161102700176,-0.5089133578079825,-0.29488391230979427,-0.9912895150999748,-0.4941461790802056,-3.378730427699492,-2.842124164325799,-2.129260895785998,-1.8404859091279269,-0.642035917728766
CSO-9-4A-DKVIMO,0.0,2.0967702127764385,0.0,0.0,-0.6605306364147543,-0.9576282628600898,-0.6605306364147543,-0.4332213610758094,0.8129237301914892,-0.7499684635069734,-1.8162662492096888,-1.3018116536300337,0.15282168922505435,0.30710817284969744,-0.74405305752509
CSO-9-4A-DSMOMU,0.0,2.6033266623582025,0.0,0.0,-0.5204692392471932,-0.8743330829534274,-0.5204692392471932,-0.28743611101004823,-0.28123194487455727,-0.5713494865126176,-2.0364884152162777,-1.5150054986707058,-0.5185577360326962,-0.5246158970889282,-0.49497199176873136
CSO-9-4A-DVGATO,0.0,2.8227876487055066,0.0,0.0,-0.5960745343593025,-0.9339201155017671,-0.5960745343593025,-0.39292578835982855,0.38515479585744916,-0.671453595728416,-2.3241870610358992,-1.8114457514653575,-0.4708014893460866,-0.47126830111770346,-0.6350033929375652
CSO-9-4A-EGCAMO,0.0,2.2681739037179955,0.0,0.0,-0.6959102915119977,-0.9969347576972335,-0.6959102915119977,-0.46235405749601316,0.8156417887315643,-0.8197413689716219,-1.9330106434387215,-1.4572391382820942,-0.9240670160894715,-0.7515321749274626,-0.8086435987879732
CSO-9-4A-FAGIGA,0.0,2.8724318504774153,0.0,0.0,-0.5262496137334789,-0.8959726588996529,-0.5262496137334789,-0.37734444029142117,0.25786684861250325,-0.6028760755247213,-2.3278066424900485,-1.8914577885486896,-1.0010123631985783,-0.652216167903933,-0.6159016026796605
CSO-9-4A-GSBRCO,0.0,2.1290503675824124,0.0,0.0,-0.7083605424333885,-1.0503018835711093,-0.7083605424333885,-0.5527404266454488,0.7881713917058139,-0.871005760849459,-1.8873168745243372,-1.337003145817901,0.2761673459552505,0.3686833154357487,-0.9552568271437375
CSO-9-4A-KEMOCO,0.0,2.6858292879337347,0.0,0.0,-0.6867086883321336,-1.016794626975994,-0.6867086883321336,-0.461219364815642,0.41825034938851313,-0.792131899108011,-2.2574671435682654,-1.7371174116310826,-0.4468772887373201,-0.3204380926368781,-0.7606136200175294
CSO-9-4A-LCOMO,0.0,2.336855725007106,0.0,0.0,-0.6378880216262244,0.13296236698391928,-0.6378880216262244,-0.45489461687503974,0.313507195453275,-0.7413815446930668,-2.00031402326059,-1.772489622325309,-0.7867354497054179,-0.49772909280655664,-0.7519991282615079
CSO-9-4A-MLORO,0.0,2.76738406287038,0.0,0.0,-0.5931047718707572,-0.939984021924334,-0.5931047718707572,-0.3738638862365331,-0.9893277453933358,-0.625594778677453,-2.2768807643627254,-1.79914487129984,-1.0539732031030593,-0.9327362212184934,-0.6223291984274627
CSO-9-4A-MPAME,0.0,3.818841902095554,0.0,0.0,-0.4468955105784807,-0.8054198524563582,-0.4468955105784807,-0.3102163378099949,-1.068147565080985,-0.5223307232636035,-2.966239584582291,-2.461151773768619,-0.9764287250373767,-0.9459164351309192,-0.4873919885816799
CSO-9-4A-NSARPA,0.0,2.601413795198479,0.0,0.0,-0.6923565081115975,-1.0176520607621955,-0.6923565081115975,-0.5132084558449509,-0.2588841505722071,-0.8135661979182427,-2.2303905242400046,-1.723017462073369,-0.992214927316484,-1.101872950787432,-0.8495750744857782
CSO-9-4A-SLOCA,0.0,2.768909415564308,0.0,0.0,-0.7166086984658951,-0.9498412696428329,-0.7166086984658951,-0.52930767799205,-0.4772446347995869,-0.8497789615789764,-2.394626793848322,-1.9695513909686608,-1.2594183464229742,-1.173226754369309,-0.9066140623514144
CSO-9-4A-YVDITR,0.0,1.7843292049839885,0.0,0.0,-0.7344518071339554,-1.0603418438453525,-0.7344518071339554,-0.5047106436609848,0.9634678561483836,-0.8290347008281261,-1.573254017513395,-1.0301360024262622,-0.1933793468504832,-0.15847176026175805,-0.8472747572112409
