file,z_wc,z_nodes,z_edges,z_re,z_pe,z_l1,z_l2,z_l3,z_lcc,z_lsc,z_atd,z_density,z_diameter,z_asp,z_cc
CDMS-10-4A-JURAN,0.0,0.0,0.0,-0.7500000000000002,0.0,0.0,0.0,0.0,0.5310850045437943,0.0,0.0,0.0,0.5310850045437943,0.5310850045437945,0.0
CDMS-10-5A-HEPIHO,0.0,0.0,0.0,-0.4525696378552518,0.0,0.0,0.0,0.0,0.9045340337332912,0.0,0.0,0.0,0.9045340337332912,0.9045340337332904,0.0
CDMS-10-5A-KSRAGU,0.0,0.0,0.0,0.0,0.0,-0.375,0.0,0.0,0.3749999999999999,0.0,0.0,0.0,0.3750000000000001,0.3749999999999998,0.0
CDMS-10-5A-SROPU,0.0,0.0,0.0,-1.398660004802518,-0.10206207261596577,-0.6006681601447454,-0.10206207261596577,0.0,1.0499550123285664,-0.10206207261596584,0.0,0.0,0.019652660353298684,0.37108474896422766,0.31163488180410426
CDMS-10-5A-SZURO,0.0,0.0,0.0,-0.6,0.0,0.0,0.0,0.0,-0.2829014524383842,0.0,0.0,0.0,0.6236095644623232,0.13054472152211868,0.0
CDMS-10-5C-DAAUSA,0.0,0.0,0.0,-1.0905505084692926,-0.44334780230501963,-1.053370324765175,-0.46852128566581813,0.0,0.6139114636151581,-0.468521285665818,0.0,0.0,-0.6344189708206868,-0.5903534693358538,0.4096482261881593
CDMS-10-5C-ICAPA,0.0,0.0,0.0,-1.1973421894279312,0.0,0.0,0.0,0.0,1.1636536530501198,0.0,0.0,0.0,0.7622517090726589,1.2223902955251804,0.0
CDMS-10-5C-JFALGI,0.0,0.0,0.0,-1.3333333333333335,0.0,0.0,0.0,0.0,1.3333333333333337,0.0,0.0,0.0,1.3333333333333337,1.333333333333334,0.0
CDMS-10-5C-MAORTO,0.0,0.0,0.0,-0.38655567174253386,0.0,0.0,0.0,0.0,0.22941573387056097,0.0,0.0,0.0,0.38655567174253386,0.3865556717425333,0.0
CDMS-10-5C-NBEMO,0.0,0.0,0.0,-0.08762159086766477,0.0,0.0,0.0,0.0,-0.7701404898908798,0.0,0.0,0.0,-0.9702412474100939,-0.7830873858817838,0.0
CDMS-10-6B-ASCACO,0.0,0.0,0.0,0.7000714395062331,0.0,0.0,0.0,0.0,0.36288736930121185,0.0,0.0,0.0,0.39735970711951296,1.0386279351579852,0.0
CDMS-10-6B-JJMOBE,0.0,0.0,0.0,0.0,0.0,0.0,0.0,0.0,0.0,0.0,0.0,0.0,-0.5763406941759945,-0.10510210263140952,0.0
CDMS-11-4A-GACHSA,0.0,0.0,0.0,0.2703923535755573,0.0,-0.6081636405595374,0.0,0.0,0.45256963785525156,0.0,0.0,0.0,-0.47253726792795814,0.08437588507078167,0.0
CDMS-11-5A-EAARCA,0.0,0.0,0.0,0.3471667229642731,0.0,-0.7337993857053428,0.0,0.0,1.0341954449975006,0.0,0.0,0.0,0.6564879518897743,1.4759840579090018,-0.7227893410214254
CDMS-11-5A-MGTHAR,0.0,0.0,0.0,-1.3717400472994687,0.0,-1.2675833779971932,0.0,0.0,1.395603492426018,0.0,0.0,0.0,0.5713217555358409,0.3074704976853003,0.5955376136415401
CDMS-11-6A-DFVEBE,0.0,0.0,0.0,2.6144505066284722,0.0,-1.133322841333305,0.0,0.0,-1.7320508075688774,0.0,0.0,0.0,-0.41015155621479826,0.06177504915597234,-0.6703638893851429
CDMS-11-6A-NMREPR,0.0,0.0,0.0,-0.4200840252084027,0.0,-0.5536116542816145,0.0,0.0,0.0,0.0,0.0,0.0,-0.4200840252084027,-0.7167973207896019,0.9801960588196069
CDMS-11-6B-ARAHE,0.0,0.0,0.0,0.47907013758040845,-0.10050378152592122,-0.5641519475835701,-0.10050378152592122,0.0,-1.0522735830032934,-0.1005037815259213,0.0,0.0,-1.1995934270593107,-1.007219360693963,0.0
CDMS-11-6B-AVROTO,0.0,0.0,0.0,0.6859943405700352,0.0,-1.4919136877222163,0.0,0.0,0.6277052972051467,0.0,0.0,0.0,-0.37102079154518697,0.04216895015371658,0.0
CDMS-11-6B-EAFESA,0.0,0.0,0.0,-0.5465357250000211,0.0,0.0,0.0,0.0,0.544026284328477,0.0,0.0,0.0,0.5465357250000211,-0.021265333353113938,0.0
CDMS-11-6B-EFRGR,0.0,0.0,0.0,0.8367811998831765,0.0,-0.7018100265975372,0.0,0.0,-0.9472095507755249,0.0,0.0,0.0,0.06560610252610388,-0.8897248471568653,2.288017201310324
CDMS-11-6B-EROCO,0.0,0.0,0.0,-1.5476548114790578,0.0,-0.2294157338705618,0.0,0.0,1.3333333333333337,0.0,0.0,0.0,0.818387935282501,0.42197634742688456,0.10677921303255297
CDMS-11-6B-JACUPE,0.0,0.0,0.0,0.5533068361424335,0.0,0.8115026712006891,0.0,0.0,-0.5969507391375298,0.0,0.0,0.0,0.515580046947248,0.05486864047024856,0.0
CDMS-11-6B-JDCHBA,0.0,0.0,0.0,0.0,0.0,0.0,0.0,0.0,0.0,0.0,0.0,0.0,0.0,0.0,0.0
CDMS-11-6B-JFSAHE,0.0,0.0,0.0,0.0,0.0,-0.4525696378552518,0.0,0.0,0.5310850045437943,0.0,0.0,0.0,0.5310850045437943,0.5310850045437945,0.0
CDMS-11-6B-JLPENA,0.0,0.0,0.0,-0.5206046712252557,0.0,0.0,0.0,0.0,0.8164965809277259,0.0,0.0,0.0,0.8164965809277259,0.8164965809277265,0.0
CDMS-11-6B-JMARME,0.0,0.0,0.0,-0.7603957632939364,0.0,0.0,0.0,0.0,0.5650456129885413,0.0,0.0,0.0,0.03439890404716096,-0.11243321426211206,0.0
CDMS-11-6B-JPSAMA,0.0,0.0,0.0,-0.5801403939596208,0.0,-0.9333006596237625,0.0,0.0,0.3741525947235139,0.0,0.0,0.0,-0.3086095203322282,-0.43089129782739277,0.0
CDMS-11-6B-LESTA,0.0,0.0,0.0,-1.5852581740085334,0.0,-0.8864052604279183,0.0,0.0,1.565685834026591,0.0,0.0,0.0,0.597350980439975,0.9697116530136183,0.0
CDMS-11-6B-MAGIMU,0.0,0.0,0.0,-1.2116187571256876,0.0,0.0,0.0,0.0,1.3954844731250202,0.0,0.0,0.0,1.0171517239152386,1.0917224453999403,0.0
CDMS-11-6B-MEBRTA,0.0,0.0,0.0,0.0,0.0,0.0,0.0,0.0,0.0,0.0,0.0,0.0,0.0,0.0,0.0
CDMS-11-6B-MMAMO,0.0,0.0,0.0,-0.5415289814232662,2.535199694539067,-0.9300002822405334,1.9790570145063193,0.0,-0.06758159916648711,1.9790570145063193,0.0,0.0,-0.32617900591487403,-0.48035864574470266,-0.4721789802707771
CDMS-11-6B-RSECA,0.0,0.0,0.0,-0.2063290498276482,-0.36174054197616334,-1.090550508469293,-0.3865556717425342,0.0,1.188652798158269,-0.38655567174253386,0.0,0.0,-0.06415002990995819,-0.009015068602787115,0.35839811472994704
CDMS-11-6B-SCAPA,0.0,0.0,0.0,0.0,0.0,0.0,0.0,0.0,0.0,0.0,0.0,0.0,0.0,0.0,0.0
CDMS-11-6B-VZAPE,0.0,0.0,0.0,0.011955702496470271,-0.4777706342355661,-1.3694504089156139,-0.5538113838058225,-0.12920141917453057,1.2515476325032115,-0.5300189937882578,0.0,0.0,0.2603534042470437,0.5721945974291098,0.667129010817392
CDMS-11-6B-YLNIME,0.0,0.0,0.0,-1.05158524784124,0.0,0.0,0.0,0.0,0.9875066076871253,0.0,0.0,0.0,0.6022177586739335,0.7680871006024709,0.0
CDMS-11-7C-ICARE,0.0,0.0,0.0,0.0,0.0,0.0,0.0,0.0,0.5310850045437943,0.0,0.0,0.0,0.5310850045437943,0.5310850045437945,0.0
CDMS-11-7C-IMOIB,0.0,0.0,0.0,-0.6064496310619683,0.0,-0.8164965809277261,0.0,0.0,1.162456368464605,0.0,0.0,0.0,0.6923076923076921,0.9683544238464906,0.0
CDMS-11-7C-SALMA,0.0,0.0,0.0,-0.6363636363636365,0.0,0.0,0.0,0.0,-0.34806170919108304,0.0,0.0,0.0,-0.8849405625429982,-0.8117868447342922,0.0
CDMS-11-7C-SPGAVE,0.0,0.0,0.0,0.0,0.0,0.0,0.0,0.0,0.0,0.0,0.0,0.0,0.0,0.0,0.0
CDMS-12-5A-SRIGO,0.0,0.0,0.0,-0.9561828874675149,0.0,0.0,0.0,0.0,0.2986853654573299,0.0,0.0,0.0,-0.9610979690693829,-0.6875863611350862,0.0
CDMS-12-6A-FAROPA,0.0,0.0,0.0,-0.13756036123821544,0.0,0.0,0.0,0.0,-0.8896802485305647,0.0,0.0,0.0,-0.5359280056132761,-0.8177791590882042,0.0
CDMS-12-6A-JGIGA,0.0,0.0,0.0,-0.8565647611324374,0.0,0.0,0.0,0.0,0.7143949774591203,0.0,0.0,0.0,0.4938777562064027,1.0867901150123584,0.0
CDMS-12-6A-JSOTGU,0.0,0.0,0.0,1.0408329997330663,0.0,0.0,0.0,0.0,-0.9860720875671517,0.0,0.0,0.0,-0.9482915229778291,-0.7687112751028661,0.0
CDMS-12-6A-SROAL,0.0,0.0,0.0,-0.6391014819458268,0.0,0.0,0.0,0.0,0.8008933807976704,0.0,0.0,0.0,0.8485281374238571,0.8373840984503276,0.0
CDMS-12-6B-IJDAGA,0.0,0.0,0.0,-0.5303666392073946,0.0,-0.8886327518791244,0.0,0.0,1.3943144081210024,0.0,0.0,0.0,0.903696386923057,0.8793842343510327,-0.34313721466505986
CDMS-12-6B-SCLAG,0.0,0.0,0.0,-0.3076613486827318,-0.20412414523193154,1.226341046800315,-0.20412414523193154,0.0,0.4723774929733303,-0.20412414523193168,0.0,0.0,-0.2559648865059583,0.6036281558154524,1.0100985154802566
CDMS-12-7C-ARAHE,0.0,0.0,0.0,1.125897916975893,-0.25264557631995566,-0.6224199682387501,-0.25264557631995566,0.0,0.8838834764831844,-0.25264557631995593,0.0,0.0,0.9659555102628219,1.6210207709733064,-0.8315769664243343
CDMS-12-7C-CATRAR,0.0,0.0,0.0,-0.9364588413949084,0.0,-0.8540263134416626,0.0,0.0,0.8707327925078187,0.0,0.0,0.0,-0.1680260183401599,0.03430157453560376,0.8215654312754127
CDMS-12-7C-DLOLO,0.0,0.0,0.0,-0.9129613975298102,0.0,0.0,0.0,0.0,0.8977623880615252,0.0,0.0,0.0,1.1995934270593107,1.2238723009107142,0.0
CDMS-12-7C-JSZAOR,0.0,0.0,0.0,-0.7018100265975372,0.0,0.0,0.0,0.0,0.7018100265975373,0.0,0.0,0.0,0.7018100265975373,0.701810026597537,0.0
CDMS-12-7C-MAROBE,0.0,0.0,0.0,-1.3939723242266875,0.0,0.0,0.0,0.0,0.38140646834159836,0.0,0.0,0.0,-0.16823439212702382,-0.41441006632288246,0.0
CDMS-12-7C-VMAPA,0.0,0.0,0.0,-1.3378950449979532,0.0,0.0,0.0,0.0,0.719541170043952,0.0,0.0,0.0,-0.4624468238845353,-0.10530099309714856,0.0
CDMS-12-7C-VQURA,0.0,0.0,0.0,-0.5619514869490164,0.0,0.0,0.0,0.0,0.6546536707079768,0.0,0.0,0.0,0.5284716385983181,0.7463739387841382,0.0
CDMS-13-6B-ASUMO,0.0,0.0,0.0,-0.7340830356661753,0.0,-1.1403404497855698,0.0,0.0,1.8049205027517363,0.0,0.0,0.0,0.7543317668464521,1.2481991787242916,0.0
CDMS-13-6B-JDTAHE,0.0,0.0,0.0,-0.9238722625232011,0.0,0.0,0.0,0.0,1.1815460815673062,0.0,0.0,0.0,0.9606553415275894,1.0168309173191212,0.0
CDMS-13-7C-MVEAR,0.0,0.0,0.0,0.5057918655280282,0.0,-0.6071064335781731,0.0,0.0,0.8334778237000177,0.0,0.0,0.0,0.06711656180002581,0.16771426203273848,-0.8913787967123445
CDMS-13-7C-RAIZAC,0.0,0.0,0.0,-0.3656362120635653,0.0,2.4784787961282104,0.0,0.0,0.4066141874683071,0.0,0.0,0.0,0.15183145103679738,0.4431393817620515,-0.6038361280611106
CDMS-13-7C-SSOSLO,0.0,0.0,0.0,-0.11704114719613067,0.5163977794943223,-0.245769576155712,1.1751393027860064,0.0,0.10810968751610266,1.1751393027860064,0.0,0.0,0.9941348467724341,0.7022949310359505,-0.3610866254015191
CDMS-14-10A-IMORTO,0.0,0.0,0.0,-1.626426108303193,0.0,-0.29172525746612543,0.0,0.0,0.552833661279621,0.0,0.0,0.0,-0.5723349561083324,-0.6204195786620281,-0.6667215331561019
CDMS-14-10A-JCVANI,0.0,0.0,0.0,0.0,0.0,0.0,0.0,0.0,0.0,0.0,0.0,0.0,0.0,0.0,0.0
CDMS-14-6B-KDCAHE,0.0,0.0,0.0,-0.47826086956521735,0.0,0.0,0.0,0.0,0.9894672312056636,0.0,0.0,0.0,0.9894672312056636,0.9894672312056635,0.0
CDMS-15-10A-AMALOS,0.0,0.0,0.0,-1.2967828756429993,0.0,-0.8352423148617137,0.0,0.0,0.9561087582771308,0.0,0.0,0.0,0.8774796054591019,0.954778506577509,0.0
CDMS-15-10A-JJMACH,0.0,0.0,0.0,0.012039457764664504,-0.27435163058436723,-1.0563286022020402,-0.27435163058436723,0.0,-0.1498017988556203,-0.27435163058436746,0.0,0.0,0.29510399795557735,-0.25516643204935885,-0.4795492800146999
CDMS-15-10A-MAALCA,0.0,0.0,0.0,0.0,0.0,0.5310850045437943,0.0,0.0,0.0,0.0,0.0,0.0,-0.629940788348712,0.0,0.0
CDMS-15-10A-MAALRI,0.0,0.0,0.0,-0.27915759476371127,0.0,-0.21821789023599242,0.0,0.0,0.4939291825864274,0.0,0.0,0.0,0.0879315572640818,0.5995471559773876,0.0
CDMS-15-10A-SGOMO,0.0,0.0,0.0,-0.5310850045437944,0.0,-0.5334650693692645,0.0,0.0,0.11807496920323424,0.0,0.0,0.0,-0.5248210056684359,-0.48811429443719434,-0.3691680212409402
CDMS-15-10A-SHEGA,0.0,0.0,0.0,-0.3144854510165755,2.2593210830318453,-0.8301683390760395,2.715700915677684,0.0,0.11728043280569009,2.715700915677684,0.0,0.0,1.0687268753803727,0.6967511210115471,0.0
CDMS-15-11B-JEMOLO,0.0,0.0,0.0,0.885668387686116,0.0,-1.21216914922545,0.0,0.0,0.44219740696805127,0.0,0.0,0.0,0.18067900652188373,0.11005015914079995,-0.09518847184081344
CDMS-15-11B-VSAHO,0.0,0.0,0.0,-1.0606601717798214,0.0,-0.3515615246553262,0.0,0.0,0.5722384507662776,0.0,0.0,0.0,0.19569842191603254,0.13951018404274518,0.2298820290410468
CDMS-16-10A-SGALO,0.0,0.0,0.0,-0.3144854510165755,0.0,0.0,0.0,0.0,0.747329898508016,0.0,0.0,0.0,0.747329898508016,0.7473298985080155,0.0
CDMS-16-11B-NGABE,0.0,0.0,0.0,-0.9722857292609519,0.0,0.6702800625998364,0.0,0.0,1.1250830816268886,0.0,0.0,0.0,-0.17494533812142107,0.3482724124256408,-0.2504072702828937
CDMS-17-10A-ASSAMO,0.0,0.0,0.0,0.0,0.0,0.0,0.0,0.0,0.0,0.0,0.0,0.0,0.0,0.0,0.0
CDMS-18-7C-VVECA,0.0,0.0,0.0,0.0,0.0,0.0,0.0,0.0,0.0,0.0,0.0,0.0,0.0,0.0,0.0
CDMS-8-4A-DBEVA,0.0,0.0,0.0,0.14563564388512543,0.0,0.0,0.0,0.0,-0.052392215651046355,0.0,0.0,0.0,0.4999999999999999,0.4999999999999998,0.0
CDMS-8-4A-DJAVDA,0.0,0.0,0.0,-0.7680642489238874,0.0,0.0,0.0,0.0,0.623701324535898,0.0,0.0,0.0,0.27540942218887204,0.19991503749458228,0.0
CDMS-8-4A-DOSTR,0.0,0.0,0.0,0.0,0.0,0.0,0.0,0.0,0.0,0.0,0.0,0.0,0.0,0.0,0.0
CDMS-8-4A-LGOPA,0.0,0.0,0.0,2.000801635368276,0.0,0.0,0.0,0.0,-1.5975394921612518,0.0,0.0,0.0,-0.4292260954511895,-0.8616034836831363,0.0
CDMS-8-4C-JDBUTU,0.0,0.0,0.0,1.5275252316519468,0.0,-0.7663560447348133,0.0,0.0,-0.3903916581942668,0.0,0.0,0.0,0.7663560447348137,-0.10166936239180696,-0.07142857142857144
CDMS-9-4A-ACDUTR,0.0,0.0,0.0,-1.2165143291190263,0.0,0.0,0.0,0.0,1.2165143291190263,0.0,0.0,0.0,1.2165143291190263,1.2076414853866049,0.0
CDMS-9-4A-CARGA,0.0,0.0,0.0,2.0335440376381158,3.9135706880829155,-0.831784016934645,2.2912878474779204,0.0,-0.774854889656771,2.2912878474779204,0.0,0.0,-0.2230845546132644,0.16186402352720067,-1.0087889378808699
CDMS-9-4A-CRAAG,0.0,0.0,0.0,-0.8802079604080317,0.0,0.18463723646899907,0.0,0.0,0.8758139951764461,0.0,0.0,0.0,1.0196449809219417,0.880825675116969,0.0
CDMS-9-4A-EROHI,0.0,0.0,0.0,-0.6068712036660457,0.0,-0.3865556717425342,0.0,0.0,1.0169503597462533,0.0,0.0,0.0,0.7147809835466019,0.5393098616111616,-0.4846504753125703
CDMS-9-4A-ILOSE,0.0,0.0,0.0,-0.5471410470681299,0.0,-0.2142543454240602,0.0,0.0,-0.9741819691561435,0.0,0.0,0.0,-1.7852500259968256,-1.664901464787734,1.5335317104674067
CDMS-9-4A-TGAFR,0.0,0.0,0.0,-0.5927489783638191,0.0,0.0,0.0,0.0,0.29488391230979455,0.0,0.0,0.0,0.05579524756320986,-0.281427034960391,0.6154398820383157
CDMS-9-4C-SCAMO,0.0,0.0,0.0,-0.9797650896552486,0.0,0.0,0.0,0.0,0.9478320633480117,0.0,0.0,0.0,0.8761674007996029,0.9796785084420403,0.0
CDMS-9-5A-ABERO,0.0,0.0,0.0,-0.41177865880068376,0.0,0.0,0.0,0.0,0.43868137966660614,0.0,0.0,0.0,-0.12798244325297914,0.14434830150835318,0.0
CDMS-9-5A-PAGACO,0.0,0.0,0.0,0.24470412985443335,0.0,-0.14744195615489714,0.0,0.0,0.01642195184869019,0.0,0.0,0.0,0.32905850596099134,0.32100622362869013,0.0
CDMS-9-5A-VVAAR,0.0,0.0,0.0,0.016442120788899686,0.0,0.0,0.0,0.0,0.07035975447302925,0.0,0.0,0.0,0.8664712341376681,0.488707673105474,0.0
CDMS-9-5C-LVIZAC,0.0,0.0,0.0,0.0,0.0,0.0,0.0,0.0,0.0,0.0,0.0,0.0,0.0,0.0,0.0
CDMS-9-5C-MLOGO,0.0,0.0,0.0,0.9005485401182526,0.0,-1.020204061220407,0.0,0.0,0.08692913816996177,0.0,0.0,0.0,-0.5619514869490169,0.27275383177848633,0.0
CDMS-9-5C-SCAAG,0.0,0.0,0.0,-0.5705617579388762,0.0,0.0,0.0,0.0,1.2602520756252087,0.0,0.0,0.0,0.29164062253505657,0.365442693922861,0.0
CDMS-XX-10A-VGILO,0.0,0.0,0.0,-2.5212844612227765,-0.3865556717425342,-0.36715194430416326,-0.3865556717425342,0.0,1.1019986109583082,-0.38655567174253386,0.0,0.0,-0.2581988897471613,-0.4638240404608318,0.977147729868186
CDMS-XX-5C-MJSARU,0.0,0.0,0.0,-1.0195857032052138,0.0,-0.42008402520840293,0.0,0.0,0.4850712500726664,0.0,0.0,0.0,0.20908137272485855,0.22757441279807314,0.37220962677907327
CDMS-XX-5C-MPCAQU,0.0,0.0,0.0,-0.9659555102628219,0.0,0.0,0.0,0.0,0.45727873412480924,0.0,0.0,0.0,0.3442141954107571,-0.08266516055485748,0.0
CDMS-XX-6A-MAGICA,0.0,0.0,0.0,0.0,0.0,-0.4843221048378526,0.0,0.0,0.0,0.0,0.0,0.0,0.18148567245963804,0.5982182768609697,-0.14285714285714288
CDMS-XX-6B-SPUCA,0.0,0.0,0.0,-0.468521285665818,0.0,0.0,0.0,0.0,0.4685212856658186,0.0,0.0,0.0,0.4685212856658186,0.4685212856658185,0.0
CSO-10-4A-ICAPA,0.0,0.0,0.0,0.08336287473357808,0.0,0.0,0.0,0.0,0.40718927884743045,0.0,0.0,0.0,0.9607689228305224,0.9236508736113255,0.0
CSO-10-4A-KCOMO,0.0,0.0,0.0,-0.5025694466502982,0.0,-0.694010312582555,0.0,0.0,0.8746054639738665,0.0,0.0,0.0,-0.8572903739373623,-0.15382569089257334,-0.18312290269592008
CSO-10-4A-LRAVI,0.0,0.0,0.0,-1.6908605559386884,0.0,0.0,0.0,0.0,0.5070925528371101,0.0,0.0,0.0,-0.7870865581652959,-0.5456763005724953,0.0
CSO-10-4A-LSCAVA,0.0,0.0,0.0,-0.850962943396763,0.0,0.0,0.0,0.0,0.850962943396763,0.0,0.0,0.0,0.4200840252084027,0.8509629433967628,0.0
CSO-10-5A-ACAVA,0.0,0.0,0.0,-1.0,0.0,0.0,0.0,0.0,1.4722770859345924,0.0,0.0,0.0,1.0,1.1300223629365984,0.0
CSO-10-5A-ARACA,0.0,0.0,0.0,1.457737973711325,0.0,-1.061913167103641,0.0,0.0,0.45256963785525156,0.0,0.0,0.0,0.8785175323072536,0.878517532307254,-0.6859943405700354
CSO-10-5A-DABRZA,0.0,0.0,0.0,0.4402865213689813,0.0,0.0,0.0,0.0,0.04371777646495764,0.0,0.0,0.0,0.7730237122966448,0.43219311304400043,0.0
CSO-10-5A-GZAMA,0.0,0.0,0.0,-0.8471688988595668,-0.10050378152592122,-0.08127881584533261,-0.10050378152592122,0.0,0.9435926300554685,-0.1005037815259213,0.0,0.0,0.954679185323916,0.6260241011546386,0.0
CSO-10-5A-IPECA,0.0,0.0,0.0,-0.15956092512274272,0.0,-0.6236095644623236,0.0,0.0,1.0717054514781545,0.0,0.0,0.0,0.508913357807983,1.0667321462977746,-0.6944787808723989
CSO-10-5A-JANORO,0.0,0.0,0.0,-0.9857160402833807,0.0,-0.36927447293799814,0.0,0.0,1.3855586627608814,0.0,0.0,0.0,1.4961089428620888,1.5203659811312151,-0.5163914275948799
CSO-10-5A-JBUVE,0.0,0.0,0.0,0.0,0.0,-0.21821789023599242,0.0,0.0,0.24136514856214578,0.0,0.0,0.0,0.12540229739113246,0.22237986138910887,0.0
CSO-10-5A-JJSEMO,0.0,0.0,0.0,0.9229582069908971,0.0,0.38317802236740667,0.0,0.0,-1.4248870236980298,0.0,0.0,0.0,-0.8146881698903526,-0.8543731580089474,0.0
CSO-10-5A-JLCARI,0.0,0.0,0.0,0.22941573387056183,0.0,0.0,0.0,0.0,-1.0978484120705263,0.0,0.0,0.0,-1.385869734367166,-1.0913984804016623,0.0
CSO-10-5A-MAARAN,0.0,0.0,0.0,-0.6707584517664235,0.0,-0.9862078446180105,0.0,0.0,0.16676920965756548,0.0,0.0,0.0,-0.26787431563954034,-0.1642619756755266,0.4569729935160346
CSO-10-5A-MAOSMO,0.0,0.0,0.0,-0.43643578047198484,0.0,0.0,0.0,0.0,0.0,0.0,0.0,0.0,0.0,0.0,0.0
CSO-10-5A-RVMOIB,0.0,0.0,0.0,-1.152086320307161,0.0,0.0,0.0,0.0,1.2540996926127783,0.0,0.0,0.0,0.8283695165902745,1.0710325063740322,-0.15871564149803485
CSO-10-5A-SVHEES,0.0,0.0,0.0,0.2938830811237051,0.0,-0.5773502691896258,0.0,0.0,-0.11867816581938492,0.0,0.0,0.0,-0.3812575090597311,-0.30765797207200896,-0.5779833756771717
CSO-11-5A-MDVOSPE,0.0,0.0,0.0,1.2790439614166067,0.0,-0.36927447293799814,0.0,0.0,-0.3358817904110026,0.0,0.0,0.0,0.8173068387245354,0.5029720617845641,-0.6974596237279636
CSO-11-5A-MTAGA,0.0,0.0,0.0,-0.5682778358712671,0.0,0.0,0.0,0.0,0.3750000000000001,0.0,0.0,0.0,0.15724272550828788,0.375,0.0
CSO-11-6A-CAPAMU,0.0,0.0,0.0,-0.6755964113173943,0.0,0.0,0.0,0.0,0.32961712654360775,0.0,0.0,0.0,0.20272121351984568,-0.11344337542592213,0.0
CSO-11-6A-DSCACH,0.0,0.0,0.0,-0.5614248502275441,0.0,0.0,0.0,0.0,0.40178420586665514,0.0,0.0,0.0,0.8422272926352481,0.6887142134276689,0.0
CSO-11-6A-EROMO,0.0,0.0,0.0,-0.9547225543580434,0.0,0.0,0.0,0.0,1.1015207944770171,0.0,0.0,0.0,0.6015712178439623,0.9651658520856431,0.0
CSO-11-6A-FSOVRE,0.0,0.0,0.0,-0.5619514869490164,0.0,0.0,0.0,0.0,0.7352751445486225,0.0,0.0,0.0,0.7892486714644344,0.8406038201727729,0.0
CSO-11-6B-ANREVA,0.0,0.0,0.0,-1.158786728914029,-0.14285714285714288,-0.6236095644623236,-0.14285714285714288,0.0,1.2839010189590236,-0.142857142857143,0.0,0.0,1.0653526916680511,1.0078189025733242,-0.6364233357938689
CSO-11-6B-DISEMO,0.0,0.0,0.0,1.2247448713915894,0.0,-0.8864052604279183,0.0,0.0,-1.4685110039850748,0.0,0.0,0.0,-1.743260542437596,-1.8714659059814256,2.2382525798207658
CSO-11-6B-LHFDLACH,0.0,0.0,0.0,-0.7177405625652735,0.0,0.0,0.0,0.0,1.0993221803693534,0.0,0.0,0.0,1.0890815647638703,0.888100204498429,0.0
CSO-11-6B-RJGIHE,0.0,0.0,0.0,0.0,0.0,0.0,0.0,0.0,0.0,0.0,0.0,0.0,0.0,0.0,0.0
CSO-11-6B-SFLVA,0.0,0.0,0.0,0.09491579957525,-0.47922949793182507,-1.3261583198155518,-0.5026028286234493,0.0,-0.8543701342034541,-0.515580046947248,0.0,0.0,-0.5821681508787844,-1.2281235465698073,0.09784367639152713
CSO-11-6B-VCOMA,0.0,0.0,0.0,0.5070925528371101,0.0,0.0,0.0,0.0,-0.5070925528371096,0.0,0.0,0.0,0.27435163058436746,-0.22229892074135987,0.0
CSO-12-6A-DGISE,0.0,0.0,0.0,-0.4525696378552518,0.0,0.0,0.0,0.0,0.38202872398020815,0.0,0.0,0.0,0.41504585744114836,0.41504585744114836,0.0
CSO-12-6A-FJOVRE,0.0,0.0,0.0,-0.6834296476214932,0.0,-0.6081636405595374,0.0,0.0,0.9920317455237935,0.0,0.0,0.0,0.7747039763929631,1.0057994200795974,-0.35551792172223434
CSO-12-6B-GQULO,0.0,0.0,0.0,-0.7440916048338274,0.0,0.7348236377106105,0.0,0.0,0.07580980435788985,0.0,0.0,0.0,-0.7079147228280391,-0.5619729628868503,-0.09735669734387878
CSO-12-6B-LJHEFE,0.0,0.0,0.0,0.3705222783217463,0.0,0.0,0.0,0.0,-0.2721655269759089,0.0,0.0,0.0,-0.042896555759327125,-0.035844551151998555,0.0
CSO-12-6B-VPAMA,0.0,0.0,0.0,-0.5772578131179268,0.0,0.0,0.0,0.0,0.5772578131179266,0.0,0.0,0.0,0.7831011504890334,0.7245258768613673,0.0
CSO-12-7A-DALRE,0.0,0.0,0.0,-0.6081636405595374,0.0,-0.5773502691896258,0.0,0.0,0.5773502691896258,0.0,0.0,0.0,0.09298135910606163,-0.08627431444095865,0.521941309877021
CSO-12-7A-ESALA,0.0,0.0,0.0,0.0,0.0,0.0,0.0,0.0,0.0,0.0,0.0,0.0,0.0,0.0,0.0
CSO-12-7A-IMERO,0.0,0.0,0.0,0.0,0.0,0.0,0.0,0.0,0.30766134868273187,0.0,0.0,0.0,0.11547005383792526,0.48803790790240187,0.0
CSO-12-7A-JHEZA,0.0,0.0,0.0,0.0,0.0,0.0,0.0,0.0,0.0,0.0,0.0,0.0,0.0,0.0,0.0
CSO-12-7A-LSARAR,0.0,0.0,0.0,-1.678408888247603,0.0,0.0,0.0,0.0,0.7754466424952983,0.0,0.0,0.0,-0.9369951056381062,-0.769599483109558,0.0
CSO-12-7A-SCAHO,0.0,0.0,0.0,1.0350763481629992,0.0,0.0,0.0,0.0,-1.0650983752604903,0.0,0.0,0.0,0.0,-0.8435905684084312,0.0
CSO-12-7B-DVAGRO,0.0,0.0,0.0,0.0,0.0,0.7500000000000002,0.0,0.0,-0.19753736687974827,0.0,0.0,0.0,0.4364357804719851,0.07756833872194109,0.0
CSO-12-7B-SMUGU,0.0,0.0,0.0,-0.7941076435127278,-0.18463723646899907,-0.0946168735854809,-0.18463723646899907,0.0,0.4842606428329089,-0.18463723646899924,0.0,0.0,-0.3273268353539884,-0.4787956589390383,0.8897565210026093
CSO-12-7B-SSARA,0.0,0.0,0.0,0.9333006596237625,0.0,0.914355878826808,0.0,0.0,-0.914355878826808,0.0,0.0,0.0,0.0,-0.9333006596237623,0.0
CSO-12-7B-VHOMA,0.0,0.0,0.0,-0.5773502691896258,0.0,0.0,0.0,0.0,0.5650320466312654,0.0,0.0,0.0,0.15724272550828788,0.503608411598409,0.0
CSO-12-8A-YTOME,0.0,0.0,0.0,1.4340047021144244,-0.3684033128631489,0.5972867131789812,-0.3684033128631489,0.0,-1.5689373779328148,-0.3684033128631489,0.0,0.0,-0.5632336465869658,-0.7542230336675184,-0.5705254093378709
CSO-13-6A-ANASA,0.0,0.0,0.0,0.0,0.0,0.0,0.0,0.0,0.0,0.0,0.0,0.0,-0.00845275016928833,0.0,0.0
CSO-13-6B-JETAVE,0.0,0.0,0.0,-0.6236095644623236,0.0,0.0,0.0,0.0,0.6236095644623235,0.0,0.0,0.0,0.4685212856658186,0.7172990857560902,0.0
CSO-13-6B-LFMIES,0.0,0.0,0.0,-0.9896590376869769,0.0,-0.646877576326902,0.0,0.0,0.6428481139164479,0.0,0.0,0.0,-0.0709828627745006,-0.02889388183891763,0.44449764901154054
CSO-13-6B-LJMAHU,0.0,0.0,0.0,0.3273751528441556,0.0,0.0,0.0,0.0,-0.5948440877996596,0.0,0.0,0.0,-0.46951295016619116,-0.4802542534667951,0.0
CSO-13-7A-CAPAMU,0.0,0.0,0.0,0.217149889923762,0.0,0.0,0.0,0.0,-0.11599532982593128,0.0,0.0,0.0,-0.054990405572345934,-0.0095012009675801,0.0
CSO-13-7A-CDDITR,0.0,0.0,0.0,0.0,0.0,0.0,0.0,0.0,0.0,0.0,0.0,0.0,0.0,0.0,0.0
CSO-13-7A-JJATFL,0.0,0.0,0.0,-0.41505805692916564,0.0,0.0,0.0,0.0,0.47304991679126585,0.0,0.0,0.0,1.024295039463168,0.7400537013111982,0.0
CSO-13-7A-KRAMA,0.0,0.0,0.0,-0.3709078494518646,0.0,0.0,0.0,0.0,0.4438360328731859,0.0,0.0,0.0,-0.6974858324629153,-0.6601471716723473,0.0
CSO-13-7A-RXCHLU,0.0,0.0,0.0,-0.30530408919874114,0.9610979690693833,-0.9761870601839526,0.8360796171499411,0.0,0.14285714285713982,1.0408329997330663,0.0,0.0,0.4364357804719851,0.21339876629739174,0.0
CSO-13-7A-YAMEZA,0.0,0.0,0.0,0.7171429334854322,0.0,-0.5875696513930031,0.0,0.0,-0.8739175663352128,0.0,0.0,0.0,0.4870567873948488,-0.5880071480362808,0.5464060466576264
CSO-13-7A-YBOSO,0.0,0.0,0.0,1.2247448713915894,0.0,0.0,0.0,0.0,-1.2247448713915894,0.0,0.0,0.0,-1.2247448713915894,-1.2247448713915898,0.0
CSO-13-8A-MBUAN,0.0,0.0,0.0,-0.42008402520840293,0.0,0.0,0.0,0.0,-0.00509721096439085,0.0,0.0,0.0,-0.1904453466268297,-0.4677412485420595,0.0
CSO-13-8A-MGAAN,0.0,0.0,0.0,0.0,0.0,0.0,0.0,0.0,0.0,0.0,0.0,0.0,0.0,0.0,0.0
CSO-13-8A-MGAHE,0.0,0.0,0.0,-0.6666666666666666,0.0,-0.7337993857053428,0.0,0.0,0.7663560447348137,0.0,0.0,0.0,0.0,-0.03187369622932515,-0.4769033687286064
CSO-13-8A-MJAGA,0.0,0.0,0.0,1.4977597705762031,0.0,1.2247448713915892,0.0,0.0,-1.2571368189910737,0.0,0.0,0.0,-1.4953163214732585,-1.3050301275701877,-0.1255350354778031
CSO-13-8A-VHODU,0.0,0.0,0.0,-1.8448962937457534,0.0,0.7177405625652733,0.0,0.0,0.7755999403964954,0.0,0.0,0.0,0.4330382838319156,0.10639042118319358,-0.3828582367945413
CSO-13-8B-FCJISA,0.0,0.0,0.0,0.0,0.0,0.0,0.0,0.0,0.0,0.0,0.0,0.0,0.0,0.0,0.0
CSO-13-8B-JEMABE,0.0,0.0,0.0,-1.144233323147649,0.0,0.0,0.0,0.0,1.3812262459007223,0.0,0.0,0.0,0.23718497845959144,0.8298135773981684,0.0
CSO-13-9B-DMLLLU,0.0,0.0,0.0,-0.6236095644623236,0.0,-0.5465357250000211,0.0,0.0,1.1513389576266566,0.0,0.0,0.0,0.639101481945827,1.0827528302933447,0.0
CSO-14-7A-MVEBE,0.0,0.0,0.0,0.019248573853813337,0.0,0.0,0.0,0.0,0.08278509340244918,0.0,0.0,0.0,0.16439898730535746,0.24408496130508636,0.0
CSO-14-7B-EALHU,0.0,0.0,0.0,0.8100314200705485,0.0,0.0,0.0,0.0,-0.39729350496495264,0.0,0.0,0.0,-0.24792718004901024,-0.22421011700731036,0.0
CSO-14-7B-EVEGO,0.0,0.0,0.0,0.5901334093700714,0.0,0.0,0.0,0.0,-0.44326384965599763,0.0,0.0,0.0,0.0,-0.23048399624128807,0.0
CSO-14-8A-AQUMA,0.0,0.0,0.0,0.0,0.0,0.0,0.0,0.0,-0.16552117772047373,0.0,0.0,0.0,-1.1281521496355325,-0.6124521398146459,0.0
CSO-14-8A-MCIDOS,0.0,0.0,0.0,-1.0140993866100705,0.0,0.0,0.0,0.0,0.515580046947248,0.0,0.0,0.0,-0.20272121351984568,-0.2310039045457405,0.0
CSO-14-8A-SZARA,0.0,0.0,0.0,-0.15724272550828788,0.0,0.0,0.0,0.0,0.4685212856658186,0.0,0.0,0.0,0.4685212856658186,0.4685212856658167,0.0
CSO-14-8B-JLLORA,0.0,0.0,0.0,1.5444443206031968,0.0,-0.9607689228305227,0.0,0.0,-0.390640389933915,0.0,0.0,0.0,-0.5903712984232261,-0.49089799278331425,0.0
CSO-14-9A-AEDCAGO,0.0,0.0,0.0,-1.4529663145135578,0.0,0.0,0.0,0.0,1.1970317504516705,0.0,0.0,0.0,0.33333333333333365,1.0289490298139792,0.0
CSO-14-9A-HASACA,0.0,0.0,0.0,-0.7500000000000002,0.0,0.0,0.0,0.0,0.7528149060171322,0.0,0.0,0.0,0.7541538818534392,1.0182390582147915,0.0
CSO-14-9A-JSMAAL,0.0,0.0,0.0,-1.2796959767337355,0.0,-0.4968730149821546,0.0,0.0,0.8740783265002959,0.0,0.0,0.0,0.21531809081405467,-0.027842256755646024,0.7740074007249654
CSO-14-9A-MARJA,0.0,0.0,0.0,-0.9801960588196068,0.0,0.0,0.0,0.0,0.6123551103662389,0.0,0.0,0.0,0.47074848694643556,0.1635485195393808,0.0
CSO-14-9A-SORZU,0.0,0.0,0.0,0.7337993857053428,0.0,-0.7337993857053428,0.0,0.0,0.0,0.0,0.0,0.0,0.733799385705343,0.7337993857053436,0.0
CSO-14-9B-ERAGA,0.0,0.0,0.0,0.0,-0.4525696378552518,-0.9045340337332909,-0.4525696378552518,0.0,-0.3471667229642731,-0.45256963785525156,0.0,0.0,-0.5757575757575756,-0.41074504666936645,0.0
CSO-15-10A-LJRAGU,0.0,0.0,0.0,-0.27975144247209394,-0.10050378152592122,-0.12751534261266775,-0.10050378152592122,0.0,0.9769980737642696,-0.1005037815259213,0.0,0.0,0.27915759476371127,0.5143814192858809,-0.6319695176630358
CSO-15-10A-MAARLO,0.0,0.0,0.0,-1.443004395716929,0.0,0.7177405625652733,0.0,0.0,0.4364357804719851,0.0,0.0,0.0,0.1864109298003599,-0.229343055035473,-0.5773502691896257
CSO-15-10A-SFEGA,0.0,0.0,0.0,-0.7393903555502237,0.0,-0.5626572869905652,0.0,0.0,1.1988157398486123,0.0,0.0,0.0,0.9480297121536247,1.2467574863215973,-0.18393448870342133
CSO-15-10B-MEBUAR,0.0,0.0,0.0,0.0,0.0,0.3273268353539886,0.0,0.0,-0.3273268353539886,0.0,0.0,0.0,0.0,-0.32732683535398865,0.0
CSO-15-10B-YVBUAN,0.0,0.0,0.0,-0.9072647087265548,0.0,0.0,0.0,0.0,0.3984781572953881,0.0,0.0,0.0,-0.11162911443718962,-0.06577369282563511,0.0
CSO-15-10C-ALBAHO,0.0,0.0,0.0,-0.4999510758925503,0.0,0.0,0.0,0.0,0.515580046947248,0.0,0.0,0.0,0.6546536707079772,0.6546536707079769,0.0
CSO-15-10C-SSCAMO,0.0,0.0,0.0,0.0,0.0,0.0,0.0,0.0,0.0,0.0,0.0,0.0,0.0,0.0,0.0
CSO-15-11C-JETALO,0.0,0.0,0.0,0.0,0.0,0.0,0.0,0.0,0.0,0.0,0.0,0.0,0.0,0.0,0.0
CSO-15-7B-JCRAGA,0.0,0.0,0.0,1.1139173577967085,0.0,-1.1139173577967085,0.0,0.0,0.0,0.0,0.0,0.0,1.1139173577967085,1.113917357796709,0.0
CSO-15-8A-VBMABR,0.0,0.0,0.0,0.10998081114469203,0.0,0.0,0.0,0.0,0.19952717629465774,0.0,0.0,0.0,0.960952235798994,0.7781739833980398,0.0
CSO-15-8B-KEPOGO,0.0,0.0,0.0,-0.668042657122685,0.0,0.0,0.0,0.0,-0.3989139088491279,0.0,0.0,0.0,-0.16517237390694145,-0.1525493216051803,0.0
CSO-15-9B-ALRIHE,0.0,0.0,0.0,0.75,0.0,0.0,0.0,0.0,-0.7747950294510557,0.0,0.0,0.0,-0.7499999999999998,-0.7747950294510557,0.0
CSO-15-9B-AMSAGO,0.0,0.0,0.0,-0.5,0.0,0.0,0.0,0.0,1.0050373176663492,0.0,0.0,0.0,1.0853138077999407,1.0401955779934575,0.0
CSO-15-9B-JCAPA,0.0,0.0,0.0,0.0,0.0,0.75,0.0,0.0,-0.9193047165574783,0.0,0.0,0.0,-1.183215956619923,-1.088033547834999,0.0
CSO-15-9B-KSBEJA,0.0,0.0,0.0,0.4786482351316981,0.0,-0.30468468166318485,0.0,0.0,-0.6889157903110905,0.0,0.0,0.0,-1.1506412611630616,-1.0637654355883965,0.75
CSO-15-9B-RMCHLU,0.0,0.0,0.0,-0.1892337471709618,0.0,0.0,0.0,0.0,0.3734114027515843,0.0,0.0,0.0,0.7423074889580905,0.4398059224403066,0.0
CSO-15-9B-SJAGRO,0.0,0.0,0.0,0.0,0.0,0.0,0.0,0.0,0.0,0.0,0.0,0.0,0.0,0.0,0.0
CSO-16-10A-JEGAHE,0.0,0.0,0.0,0.0,0.0,0.0,0.0,0.0,0.0,0.0,0.0,0.0,0.0,0.0,0.0
CSO-16-10A-MSACO,0.0,0.0,0.0,-0.20643330618098152,0.0,-0.6081636405595374,0.0,0.0,0.29488391230979455,0.0,0.0,0.0,0.47241145980653043,0.3889552706345766,-0.565166817258575
CSO-16-10A-SARI,0.0,0.0,0.0,0.5222329678670936,0.0,-0.6702800625998364,0.0,0.0,-0.7411646416016756,0.0,0.0,0.0,0.12703807713610388,-0.684934818426736,2.3130450107039877
CSO-16-10A-SMOUT,0.0,0.0,0.0,-1.53669917422403,0.0,0.0,0.0,0.0,0.6973228189676974,0.0,0.0,0.0,-1.0312907158973177,-0.6346150546199338,0.0
CSO-16-10A-YKMUJO,0.0,0.0,0.0,-0.05229465636923786,0.0,-0.58481530992811,0.0,0.0,1.1202748555369204,0.0,0.0,0.0,0.7961173386514129,0.8074716671170651,0.0
CSO-16-10B-JESUGU,0.0,0.0,0.0,-1.2868100387432053,0.0,0.0,0.0,0.0,1.2428784296830364,0.0,0.0,0.0,1.4168465268681514,1.213258056638323,0.0
CSO-16-10B-LTVIFA,0.0,0.0,0.0,-0.14285714285714288,-0.21983938593571414,-1.1519340302608563,-0.2262848189276259,0.0,1.4994395607241588,-0.22628481892762578,0.0,0.0,1.0252852843445837,1.2518389765160796,0.0
CSO-16-10B-VVILI,0.0,0.0,0.0,-1.064516129032258,0.0,-0.7663560447348133,0.0,0.0,1.0702388536275744,0.0,0.0,0.0,-0.12996433101201849,0.3478730619161465,0.0
CSO-16-10C-ACALGU,0.0,0.0,0.0,-0.12632278815997783,0.0,0.0,0.0,0.0,0.0,0.0,0.0,0.0,0.0,0.0,0.0
CSO-16-10C-MAVAVE,0.0,0.0,0.0,-0.419562654798893,0.0,0.0,0.0,0.0,0.0,0.0,0.0,0.0,0.22628481892762578,0.016675933649126763,0.0
CSO-16-11A-JAVABO,0.0,0.0,0.0,1.4305319512135828,0.0,0.0,0.0,0.0,-1.1418296534781534,0.0,0.0,0.0,0.4007521159884993,-0.06142208937818715,0.0
CSO-16-11A-JDMUVA,0.0,0.0,0.0,-0.1932778358712671,0.0,0.0,0.0,0.0,0.30251699353908174,0.0,0.0,0.0,0.30251699353908174,0.30251699353908157,0.0
CSO-16-11A-VZAOR,0.0,0.0,0.0,-0.668042657122685,0.0,0.0,0.0,0.0,0.0,0.0,0.0,0.0,-0.3046038495400855,-0.5533705398185146,0.0
CSO-16-11B-KRORE,0.0,0.0,0.0,-1.2909944487358056,0.0,0.0,0.0,0.0,0.8215139825964182,0.0,0.0,0.0,-0.0833628747335786,0.08580812964187998,0.0
CSO-16-11B-LLOZA,0.0,0.0,0.0,0.44866434824740475,0.0,0.0,0.0,0.0,0.2644075900463404,0.0,0.0,0.0,-0.10081775234372457,-0.15328378539316512,0.0
CSO-16-11B-YAROMO,0.0,0.0,0.0,0.0,0.0,0.0,0.0,0.0,0.0,0.0,0.0,0.0,0.0,0.0,0.0
CSO-16-9A-JALEMO,0.0,0.0,0.0,0.37833999667165896,0.0,0.0,0.0,0.0,0.0,0.0,0.0,0.0,-0.8445935390062912,-0.3526743241919077,0.0
CSO-16-9A-JPROSO,0.0,0.0,0.0,-0.5387657669481323,0.0,-0.16666666666666669,0.0,0.0,0.7145385245274731,0.0,0.0,0.0,0.7747950294510557,0.7472964027722726,0.0
CSO-16-9A-JSMAGU,0.0,0.0,0.0,0.0,0.0,0.0,0.0,0.0,0.0,0.0,0.0,0.0,0.0,0.0,0.0
CSO-16-9B-SJPAJI,0.0,0.0,0.0,-1.927449365961306,0.0,-1.927449365961306,0.0,0.0,1.927449365961306,0.0,0.0,0.0,0.25264557631995593,1.1800439939772196,0.0
CSO-17-10A-YVGOCA,0.0,0.0,0.0,-0.6504484255261751,0.0,-0.18379700047157393,0.0,0.0,0.7152469992196367,0.0,0.0,0.0,1.0306216549205824,0.7805118901559798,0.0
CSO-17-10B-EHECO,0.0,0.0,0.0,0.0,0.0,0.0,0.0,0.0,0.0,0.0,0.0,0.0,0.0,0.0,0.0
CSO-17-10B-YCQUVE,0.0,0.0,0.0,0.0,0.0,0.0,0.0,0.0,0.0,0.0,0.0,0.0,0.0,0.0,0.0
CSO-17-11A-DJAPA,0.0,0.0,0.0,-0.4180648641540373,0.0,-0.5,0.0,0.0,0.27035480201293266,0.0,0.0,0.0,0.4240944648399854,0.37398112966859537,0.0
CSO-17-11A-JDAMO,0.0,0.0,0.0,-0.060847075360240505,0.0,-0.9801960588196068,0.0,0.0,-0.02657850778573892,0.0,0.0,0.0,0.6558707363125245,0.26036999233161184,1.187820731862479
CSO-17-11A-NPAHE,0.0,0.0,0.0,-1.315437351842025,0.0,0.0,0.0,0.0,1.2327897254014402,0.0,0.0,0.0,0.3203581541090469,1.0200905541030967,0.0
CSO-17-11A-RLPAIG,0.0,0.0,0.0,-0.19190323556251,0.0,0.0,0.0,0.0,-0.19058714652177333,0.0,0.0,0.0,-0.24186577729988643,-0.3852004788145876,0.0
CSO-17-11A-SPUVA,0.0,0.0,0.0,0.0,0.0,0.0,0.0,0.0,0.0,0.0,0.0,0.0,0.0,0.0,0.0
CSO-17-11B-CDBEBU,0.0,0.0,0.0,0.0,0.0,0.0,0.0,0.0,0.0,0.0,0.0,0.0,0.16666666666666682,0.0,0.0
CSO-17-11C-JDAAG,0.0,0.0,0.0,0.0,0.0,-0.43643578047198484,0.0,0.0,0.6546536707079768,0.0,0.0,0.0,0.6546536707079772,0.6546536707079769,0.0
CSO-17-11C-MAPAMA,0.0,0.0,0.0,0.0,0.0,0.0,0.0,0.0,0.0,0.0,0.0,0.0,0.0,0.0,0.0
CSO-17-11C-MCAAG,0.0,0.0,0.0,0.0,0.0,0.0,0.0,0.0,0.0,0.0,0.0,0.0,0.0,0.0,0.0
CSO-17-11C-SARJA,0.0,0.0,0.0,-0.8342065257545972,0.0,0.0,0.0,0.0,-0.21870935444293954,0.0,0.0,0.0,-0.1315644649102637,-0.4243942865484067,0.0
CSO-18-11A-ADBAHO,0.0,0.0,0.0,-0.29488391230979427,0.0,0.0,0.0,0.0,0.3953477463074333,0.0,0.0,0.0,0.3831305140884609,0.7090102021968728,0.0
CSO-18-11B-YLLRE,0.0,0.0,0.0,-0.524890659167824,0.0,0.0,0.0,0.0,0.30922084321804416,0.0,0.0,0.0,0.1758631145281636,0.25842003663139845,0.0
CSO-18-9B-MAMOLO,0.0,0.0,0.0,-0.45256963785525156,0.0,-0.014908776472757517,0.0,0.0,0.3984781572953881,0.0,0.0,0.0,-0.20019405368762033,0.0,0.0
CSO-8-3A-AIPRBR,0.0,0.0,0.0,-0.5225078344450282,0.0,0.0,0.0,0.0,0.6307943234771546,0.0,0.0,0.0,0.7998198324905024,0.7187675159833948,0.0
CSO-8-3A-DAPAVA,0.0,0.0,0.0,-0.7600665183501387,0.0,0.29637448918190956,0.0,0.0,0.7442684233720229,0.0,0.0,0.0,0.8784381271934221,0.9365411016160445,0.0
CSO-8-3A-KVPECO,0.0,0.0,0.0,0.0,0.0,0.0,0.0,0.0,0.0,0.0,0.0,0.0,0.4685212856658186,0.16729103596005568,0.0
CSO-8-4A-ARAGR,0.0,0.0,0.0,0.0,0.0,0.0,0.0,0.0,0.0,0.0,0.0,0.0,0.0,0.0,0.0
CSO-8-4A-JRAAR,0.0,0.0,0.0,0.0,0.0,0.0,0.0,0.0,0.0,0.0,0.0,0.0,0.0,0.0,0.0
CSO-9-2A-EXMOCO,0.0,0.0,0.0,0.5496733646163915,0.0,2.586949495507729,0.0,0.0,-0.8451542547285166,0.0,0.0,0.0,-0.685994340570035,-0.6859943405700344,-0.7285739017007715
CSO-9-4A-DKVIMO,0.0,0.0,0.0,-0.6391014819458268,0.0,0.0,0.0,0.0,1.0000000000000002,0.0,0.0,0.0,0.8864052604279182,1.006401184213543,0.0
CSO-9-4A-DSMOMU,0.0,0.0,0.0,0.0,0.0,0.0,0.0,0.0,0.0,0.0,0.0,0.0,0.0,0.0,0.0
CSO-9-4A-DVGATO,0.0,0.0,0.0,0.0,0.0,0.0,0.0,0.0,0.0,0.0,0.0,0.0,0.0,0.0,0.0
CSO-9-4A-EGCAMO,0.0,0.0,0.0,-0.7828813612588125,0.0,-0.9306642008212314,0.0,0.0,0.6125497037370514,0.0,0.0,0.0,-0.3961397833768971,-0.2726873674840223,0.45878646286791175
CSO-9-4A-FAGIGA,0.0,0.0,0.0,-0.9254814716983815,0.0,1.0541741042275696,0.0,0.0,0.257790023473624,0.0,0.0,0.0,0.20448003824341598,0.32225823282598604,-0.4361644433191806
CSO-9-4A-GSBRCO,0.0,0.0,0.0,-0.14727007379991283,0.0,-0.33333333333333337,0.0,0.0,0.778194333907839,0.0,0.0,0.0,-0.24283283362279284,0.29927434511843864,0.0
CSO-9-4A-KEMOCO,0.0,0.0,0.0,-0.1718311176157829,0.0,1.029001057066402,0.0,0.0,0.26090919301624094,0.0,0.0,0.0,0.8993903701292669,1.1393164120196655,0.0
CSO-9-4A-LCOMO,0.0,0.0,0.0,0.0,0.0,0.0,0.0,0.0,0.0,0.0,0.0,0.0,0.0,0.0,0.0
CSO-9-4A-MLORO,0.0,0.0,0.0,-0.4525696378552518,0.0,0.0,0.0,0.0,0.6905281031789496,0.0,0.0,0.0,0.6905281031789496,0.6905281031789501,0.0
CSO-9-4A-MPAME,0.0,0.0,0.0,-0.7018100265975372,0.0,0.0,0.0,0.0,0.7018100265975373,0.0,0.0,0.0,0.7018100265975373,0.701810026597537,0.0
CSO-9-4A-NSARPA,0.0,0.0,0.0,0.0,0.0,0.0,0.0,0.0,0.4364357804719851,0.0,0.0,0.0,0.4364357804719851,0.14724903768430753,0.0
CSO-9-4A-SLOCA,0.0,0.0,0.0,0.7961173386514129,0.0,-1.0309565835518204,0.0,0.0,-0.49651841143166653,0.0,0.0,0.0,-0.2581988897471613,-0.04214218003659237,-0.4944954930186468
CSO-9-4A-YVDITR,0.0,0.0,0.0,0.0,0.0,0.0,0.0,0.0,0.0,0.0,0.0,0.0,0.0,0.0,0.0
