file,z_wc,z_nodes,z_edges,z_re,z_pe,z_l1,z_l2,z_l3,z_lcc,z_lsc,z_atd,z_density,z_diameter,z_asp,z_cc
CDMS-10-4A-JURAN,0.0,2.712945160300482,0.0,0.0,-0.7037136415387267,-1.016823182419397,-0.7037136415387267,-0.4554571724601795,0.002957276526433699,-0.7330101005924435,-2.2776098560386475,-1.7585624299960028,-1.276446689927319,-1.072902336400669,-0.7911057545815456
CDMS-10-5A-HEPIHO,0.0,3.420869354347276,0.0,0.0,-0.5897107274227853,-0.9839266343279088,-0.5897107274227853,-0.40645022911475065,-0.6151377711258922,-0.6766571706960265,-2.750944024891129,-2.287979499438675,-1.250581558414598,-1.1607993849333307,-0.6336177490277685
CDMS-10-5A-KSRAGU,0.0,3.5470307411499675,0.0,0.0,-0.5948573555746239,-0.8837753908159907,-0.5948573555746239,-0.4396690491135041,-0.6852090196565355,-0.7138414372875505,-2.9242960167399,-2.474912187874624,-1.6126467426764277,-1.9659139884889911,-0.6834960280038815
CDMS-10-5A-SROPU,0.0,3.316961506014313,0.0,0.0,-0.6267570185784315,-0.9182697787552573,-0.6267570185784315,-0.4267825602318822,0.5921076295373797,-0.684782443163185,-2.7811912004325983,-2.311961547345472,-0.7488726673597277,-0.40958707904683844,-0.7681883956700337
CDMS-10-5A-SZURO,0.0,2.0732235588728343,0.0,0.0,-0.7492165085201177,-1.0901495572941124,-0.7492165085201177,-0.6232070444408927,-0.0034326132002729637,-0.9878391024504793,-1.8477775404619625,-1.3828982722552554,-0.2655640091153132,-0.5518682821104742,-1.0681346182804443
CDMS-10-5C-DAAUSA,0.0,2.733649428263064,0.0,0.0,-0.7414044970682494,-0.9963414523280979,-0.7414044970682494,-0.6005018604462811,-1.0168305122826917,-0.9081515344855156,-2.3697321571316636,-1.9470294980261327,-1.741740626481912,-1.9921113876726624,-0.9502818975731795
CDMS-10-5C-ICAPA,0.0,1.8320990471262597,0.0,0.0,-0.7706153945332674,-1.075789732109349,-0.7706153945332674,-0.5722219635945237,1.5016377150540139,-0.8801108306511706,-1.6522230861138922,-1.0440873412425202,0.7883429510023304,0.4150769251587173,-1.0310424711587718
CDMS-10-5C-JFALGI,0.0,3.2122026566024244,0.0,0.0,-0.5802472776287357,-0.9590529270927491,-0.5802472776287357,-0.38167724083251164,0.37842265726843793,-0.6380574464938928,-2.5673135771578446,-2.082411067115203,-1.0505313219449088,-0.8293855119187366,-0.6033563393459429
CDMS-10-5C-MAORTO,0.0,2.591194950615501,0.0,0.0,-0.6796887197484317,-0.9668080544159384,-0.6796887197484317,-0.45874451982726216,1.002783994894205,-0.7955838523747277,-2.2210683073638213,-1.7729248435053266,-0.6252575193624951,-0.6997110650089148,-0.8244858669105543
CDMS-10-5C-NBEMO,0.0,3.904028500235842,0.0,0.0,-0.7358575539524522,-1.0555506449672976,-0.7358575539524522,-0.5139437905624562,-1.2573620384199875,-0.7767118064512014,-3.344371391446329,-2.8006135678225155,-1.3142761181990597,-1.7558400157413108,-0.8597659452697438
CDMS-10-6B-ASCACO,0.0,2.3300987460793667,0.0,0.0,-0.8046207228370343,-1.0484903983445644,-0.8046207228370343,-0.5651384943194373,0.9684432283103853,-0.9218501207523919,-2.0406910853553843,-1.5650152876995038,-0.2689275889531382,-0.3904863703026679,-0.9254801748668187
CDMS-10-6B-JJMOBE,0.0,2.713469545603476,0.0,0.0,-0.7129180868012779,-1.0247846313218893,-0.7129180868012779,-0.4769915614499334,-0.6487512067609622,-0.758009560947272,-2.2920778017448686,-1.7939191273821116,-0.704875884702218,-0.8574282310642244,-0.7873703661181349
CDMS-11-4A-GACHSA,0.0,2.380514280627956,0.0,0.0,-0.7129551421608256,-0.9992339910921849,-0.7129551421608256,-0.5144725335888786,0.35064458809903454,-0.8472942332833133,-2.0681383287935917,-1.5813997498391703,-0.42661807103389754,-0.4664137133006976,-0.8730200453468391
CDMS-11-5A-EAARCA,0.0,2.4291861551042353,0.0,0.0,-0.7270173565949394,-1.0065878852396117,-0.7270173565949394,-0.5074774928436631,0.45631856493114764,-0.868275992597006,-2.1327571083377688,-1.6761475182497207,-1.126036281566181,-1.2651268899012855,-0.8868316128380535
CDMS-11-5A-MGTHAR,0.0,2.082096027642244,0.0,0.0,-0.8263414807515942,-1.0878354726084072,-0.8263414807515942,-0.5864816538893478,1.8004484682831696,-0.9838365003827552,-1.8593143310133937,-1.3081683510493642,-0.44872376779841994,-0.6196782464352584,-1.0198421511707758
CDMS-11-6A-DFVEBE,0.0,2.7161277015151777,0.0,0.0,-0.6530555775477606,-0.9631274703279158,-0.6530555775477606,-0.47033026803160216,0.6065127216381401,-0.7697305940938101,-2.3402141467793864,-1.8976732206251175,-1.2565662437727279,-1.3454656222868064,-0.8329611573292703
CDMS-11-6A-NMREPR,0.0,2.4734560390062366,0.0,0.0,-0.7282374811179957,-1.0226072675041258,-0.7282374811179957,-0.5006443452037317,0.37530028930306925,-0.8563290000330507,-2.120436594545952,-1.6541353147003102,-1.4025555851067644,-1.416473496073437,-0.8116674154594762
CDMS-11-6B-ARAHE,0.0,3.1546999145053514,0.0,0.0,-0.5911837177447112,-0.926370773964362,-0.5911837177447112,-0.4450080428108866,-1.480303248669854,-0.7055033648644933,-2.585820702511974,-2.145079190942091,-0.8512307688762621,-0.8751997539259998,-0.7166866697625065
CDMS-11-6B-AVROTO,0.0,2.652012053986458,0.0,0.0,-0.5938888247264248,-0.9272386051123623,-0.5938888247264248,-0.3804164640782582,0.16453303831393232,-0.6483716334392586,-2.201792644719144,-1.7196388421536546,-1.0452807075949657,-0.5535036768449333,-0.6322296379369592
CDMS-11-6B-EAFESA,0.0,3.1557473257639392,0.0,0.0,-0.6568576291481094,-0.9761274709726286,-0.6568576291481094,-0.49902135046634927,-0.6376133331549277,-0.79591061321248,-2.6874626397238766,-2.2280246777987536,-1.4280628136828426,-1.674515658674523,-0.8538848106497903
CDMS-11-6B-EFRGR,0.0,2.81088501865851,0.0,0.0,-0.7580482293787733,-1.066568800039022,-0.7580482293787733,-0.5849256967094839,0.037159249675398,-0.8882946296331818,-2.4878609979497086,-2.0314802956808835,-0.5145501993650102,-1.0275672187160274,-1.0354809047672349
CDMS-11-6B-EROCO,0.0,1.9700753707977467,0.0,0.0,-0.7109882951989012,-1.0403640742133038,-0.7109882951989012,-0.5746821722456602,1.642955890606168,-0.8742399492499142,-1.7787192329719834,-1.177594123353625,-0.9812763237985891,-0.5432029675155793,-0.999991205952992
CDMS-11-6B-JACUPE,0.0,2.959579950897569,0.0,0.0,-0.7022545234898323,-1.0374281937028036,-0.7022545234898323,-0.5232135649408961,0.8336967320337293,-0.8460806097645116,-2.5418846298208937,-2.0640164100520537,-1.4938310450625598,-1.362509782196475,-0.9211647603766128
CDMS-11-6B-JDCHBA,0.0,3.174241094654138,0.0,0.0,-0.653850743604487,-0.9697916899516025,-0.653850743604487,-0.4812273042797507,0.07686544212541511,-0.7772092128728672,-2.6565114559999117,-2.195976756130062,-1.1383255380221364,-1.0355426975496647,-0.7850748728488177
CDMS-11-6B-JFSAHE,0.0,3.0671967509227676,0.0,0.0,-0.548471498849257,-0.8953655434972716,-0.548471498849257,-0.3714394698218734,-0.10871056873517647,-0.6249071545034582,-2.4699217745684394,-2.0150204467326778,-0.24149297853114546,-0.22183032700992844,-0.6110501459887145
CDMS-11-6B-JLPENA,0.0,3.173642471847873,0.0,0.0,-0.5727880473456988,-0.9175036363672596,-0.5727880473456988,-0.3636711746617109,0.056937391801080914,-0.6575223712176782,-2.5264876359641733,-2.010230422003536,-0.6645267367032858,-0.35163497451366177,-0.5829570602119033
CDMS-11-6B-JMARME,0.0,2.8985033171460213,0.0,0.0,-0.7101667410605448,-1.000502407076223,-0.7101667410605448,-0.5459383371751786,-0.2082271694634784,-0.8571661904547679,-2.489712091565583,-2.0684641450422685,-1.2759067108989675,-1.2786944783403802,-0.8805240978676385
CDMS-11-6B-JPSAMA,0.0,3.045692706006577,0.0,0.0,-0.6214416762821967,-0.9289618241081364,-0.6214416762821967,-0.47600531900799903,-0.20620206673089686,-0.7713759787009061,-2.575856258532751,-2.147766702259312,-1.4215460657390617,-1.3841351695842308,-0.8185283579648892
CDMS-11-6B-LESTA,0.0,2.6620438955844112,0.0,0.0,-0.6964323091339899,-0.9676461503721819,-0.6964323091339899,-0.48868526526795575,0.72632055727408,-0.817716153401045,-2.2790190191799904,-1.7872499578048597,-0.314793843899027,-0.3267272899962642,-0.8098601032503726
CDMS-11-6B-MAGIMU,0.0,2.6787335917788906,0.0,0.0,-0.7007594257584504,-0.9510333686053115,-0.7007594257584504,-0.5122475427233087,1.5098806395746396,-0.8451172220331858,-2.2762406912138005,-1.8958350576802028,0.6327276032814119,0.5357428066666555,-0.7717923370999249
CDMS-11-6B-MEBRTA,0.0,2.7043875554350905,0.0,0.0,-0.5576214683125712,-0.9455929143626088,-0.5576214683125712,-0.35664582947370493,-0.2888367401917737,-0.630729648376267,-2.2532884368834973,-1.7594080683575966,-0.889583443241366,-0.5793626305347687,-0.5738136411953029
CDMS-11-6B-MMAMO,0.0,3.761819435604525,0.0,0.0,-0.6648167858168845,-1.034770736319117,-0.6648167858168845,-0.4451374772387331,-1.179987168176326,-0.751319565292415,-3.1343137416400353,-2.606060516528681,-1.706219396227923,-1.5240102852791775,-0.7472323700807086
CDMS-11-6B-RSECA,0.0,2.9804781294041303,0.0,0.0,-0.6437860604777147,-0.9252702548650252,-0.6437860604777147,-0.4854850714736944,0.6744240571041122,-0.767745983418649,-2.52663262557537,-2.106629301384001,-0.7313394481333685,-0.4369160516146629,-0.7835873345234071
CDMS-11-6B-SCAPA,0.0,3.135709610385141,0.0,0.0,-0.5647553818098855,-0.948018099097487,-0.5647553818098855,-0.3499539409587434,-1.76740843741832,-0.6147211925709435,-2.5226485072096394,-2.068085669264008,-1.3511972598109576,-1.5733349988277823,-0.6098291488869252
CDMS-11-6B-VZAPE,0.0,3.129059817872405,0.0,0.0,-0.6695238389525937,-0.8984372854440429,-0.6695238389525937,-0.49216105241892627,-0.8908099610209643,-0.8471633214568874,-2.7041800409329912,-2.2945974344544777,-1.2303020176764703,-1.3409196377480752,-0.8668146163996611
CDMS-11-6B-YLNIME,0.0,3.643005679969047,0.0,0.0,-0.6094107168634174,-0.929539275967979,-0.6094107168634174,-0.44005093042444987,-0.4777917728395766,-0.6975942156040231,-2.9974464843686586,-2.5523966025499893,-1.7498089585440653,-1.651030249971382,-0.6482426374878028
CDMS-11-7C-ICARE,0.0,2.8500078130404654,0.0,0.0,-0.6702549753241744,-0.978176595835663,-0.6702549753241744,-0.43556077610899335,0.21443384397257845,-0.7656000461360678,-2.3760521206031773,-1.9338786291070977,-1.3731508777865051,-0.9947410172569039,-0.7598979600640586
CDMS-11-7C-IMOIB,0.0,3.0201023000674097,0.0,0.0,-0.6469640281857978,-0.934538782156291,-0.6469640281857978,-0.470072585841388,0.14480719927126987,-0.7597101422449527,-2.5639209581084645,-2.135142863130763,-0.8018764575307126,-0.5880360034547031,-0.8112863927403609
CDMS-11-7C-SALMA,0.0,2.5273814002158996,0.0,0.0,-0.7260306799839031,-0.9946891347721672,-0.7260306799839031,-0.54367204462802,0.17242338565944268,-0.8665340480449103,-2.2133764795747615,-1.7589259160453479,-0.34802695420937074,-0.5338841657460796,-0.9799498513366406
CDMS-11-7C-SPGAVE,0.0,3.7270099526877916,0.0,0.0,-0.49677673265428074,-0.825571420695082,-0.49677673265428074,-0.33692506926306576,-0.7428588592060159,-0.5815675736991617,-2.8665578205099,-2.3888970415736988,-1.438275918707254,-1.3716654950674367,-0.5184424732757876
CDMS-12-5A-SRIGO,0.0,3.6624494104602245,0.0,0.0,-0.6063187453522223,-1.0037425309073738,-0.6063187453522223,-0.4520801674690689,-0.07075703702897747,-0.6975155852711789,-3.045801935864115,-2.588260251064513,-0.8547304849330275,-0.970725598297374,-0.7310810300269647
CDMS-12-6A-FAROPA,0.0,3.838756741785455,0.0,0.0,-0.6238317027335517,-0.9172839365646629,-0.6238317027335517,-0.3691704294452154,-0.8840532837417192,-0.6911321443148845,-3.174888441748242,-2.5981723368065577,-1.7787208879182417,-1.7580925256165958,-0.7292788975756351
CDMS-12-6A-JGIGA,0.0,2.8456326197356034,0.0,0.0,-0.6711392010398328,-1.0092185844822883,-0.6711392010398328,-0.4658876138677865,0.1113152195933443,-0.7863678609671074,-2.374800087928248,-1.8701914180394648,-1.0234998746610404,-0.8793591030566364,-0.7459851953277024
CDMS-12-6A-JSOTGU,0.0,2.540356283303328,0.0,0.0,-0.6917985884372518,-1.0051865991156244,-0.6917985884372518,-0.49315888623354287,0.2709534815114633,-0.8319725845546871,-2.168602451557587,-1.6763953744820315,-1.281954641515772,-1.3310510210459303,-0.8407720381680822
CDMS-12-6A-SROAL,0.0,2.692918480039848,0.0,0.0,-0.6878629048421838,-1.0256928895274466,-0.6878629048421838,-0.4907876990276745,0.590242047866611,-0.7978580408680008,-2.2767755500275735,-1.8559150119631458,-0.7329974755190196,-0.38646646039565286,-0.7925099848357898
CDMS-12-6B-IJDAGA,0.0,2.8462567437209483,0.0,0.0,-0.6260045467422429,-0.9540445725139399,-0.6260045467422429,-0.47282199185569257,-0.66983993752787,-0.7784363094153839,-2.4022982263883965,-1.9424412098546049,-1.2852366227895478,-0.8736971604789247,-0.7383960531963611
CDMS-12-6B-SCLAG,0.0,2.955740806578593,0.0,0.0,-0.6433100351402806,-0.9321951002769351,-0.6433100351402806,-0.5123174109418477,0.6438531094207599,-0.8181703777840045,-2.4914194337843183,-2.115254814855959,-0.7678767131208718,-0.25820044936268605,-0.8049210493605902
CDMS-12-7C-ARAHE,0.0,3.1926355363727903,0.0,0.0,-0.6073516944008988,-0.9804443392074902,-0.6073516944008988,-0.48705678739484887,-0.8920085347176153,-0.7319745408718101,-2.679592299984766,-2.2221823637253433,-0.2708491739427365,-0.8166113015241212,-0.7700278418543073
CDMS-12-7C-CATRAR,0.0,2.8394298929694806,0.0,0.0,-0.7089568682008919,-0.9909910039207745,-0.7089568682008919,-0.5304109111024509,0.25788229245233346,-0.8510173474370542,-2.4292874671138525,-1.983238025625147,-0.8854740572729278,-0.835098610879155,-0.8323741955520989
CDMS-12-7C-DLOLO,0.0,3.194017604545751,0.0,0.0,-0.6463192606742986,-0.9714322734568531,-0.6463192606742986,-0.4851339481970303,1.0575256400167767,-0.8192912432578353,-2.6384476390171714,-2.261531701121817,-1.0349096617473061,-0.42802300396777015,-0.710429123129614
CDMS-12-7C-JSZAOR,0.0,2.1385205058444927,0.0,0.0,-0.6803596261621594,-1.0428046881770718,-0.6803596261621594,-0.49644104378888226,1.7427648284437216,-0.7946660238489615,-1.8620838620488007,-1.3036598900346168,-1.356381947058055,-0.9191312248974663,-0.8628358444851666
CDMS-12-7C-MAROBE,0.0,3.5939116735554903,0.0,0.0,-0.6013932677575894,-1.1235850830773908,-0.6013932677575894,-0.4396787718714283,0.052936642784859544,-0.6057292852929096,-3.0026467097679745,-2.564406363786231,-1.5444329147393134,-1.574259120337623,-0.7571931863116478
CDMS-12-7C-VMAPA,0.0,2.610289234504128,0.0,0.0,-0.728645783975875,-1.0162612288412374,-0.728645783975875,-0.4662524041201569,1.533091950341452,-0.6791503773612185,-2.1526434384802684,-1.553169698858663,-0.834252917491239,-1.0735416948124072,-0.7351933732690193
CDMS-12-7C-VQURA,0.0,2.989664427453489,0.0,0.0,-0.5881124570795454,-0.9300837745799454,-0.5881124570795454,-0.385042023724578,0.17458029404580847,-0.6619289877996126,-2.433586749697575,-1.9471546239462112,-0.3693897336324648,-0.28242932798138026,-0.6394998679221998
CDMS-13-6B-ASUMO,0.0,2.637975099855673,0.0,0.0,-0.5823254344557567,-0.9664121807923084,-0.5823254344557567,-0.43183631900940783,-0.47570240894286986,-0.6629637473270998,-2.1969520384230385,-1.7223432110597727,-1.7113711653588926,-1.6019550294816192,-0.6871079418006093
CDMS-13-6B-JDTAHE,0.0,2.3005860195693173,0.0,0.0,-0.6534194144075123,-0.9984539728921427,-0.6534194144075123,-0.4823745213930769,1.2433424687002845,-0.7782607379399639,-1.9981394883482866,-1.5195982855161723,0.26383836816781736,0.1396500982388744,-0.8264520190978324
CDMS-13-7C-MVEAR,0.0,2.9374635136942397,0.0,0.0,-0.6953713627875875,-0.980982558094731,-0.6953713627875875,-0.5432877885459977,1.8485799660382616,-0.8633682771028118,-2.532278411667021,-2.092192273951745,-1.389358087224368,-1.4273786841804559,-0.9324437795252315
CDMS-13-7C-RAIZAC,0.0,2.7798041737590666,0.0,0.0,-0.6779099790800268,-1.002173705512363,-0.6779099790800268,-0.48026634720230216,0.3140071490448737,-0.8274718354963908,-2.344282331562754,-1.8399735747942991,-1.7634474257486576,-1.3075665111402799,-0.7393834487042619
CDMS-13-7C-SSOSLO,0.0,3.334215066685786,0.0,0.0,-0.6591463024735464,-0.9865455267588613,-0.6591463024735464,-0.46204571638920217,-0.33543046504744906,-0.7715584712244976,-2.8350354963873157,-2.362188560050031,-1.31856939576992,-1.4169227991246123,-0.8387202249582557
CDMS-14-10A-IMORTO,0.0,2.7397985330229,0.0,0.0,-0.5735544445421854,-0.9630114270662867,-0.5735544445421854,-0.45303117816533545,0.11540760102927901,-0.6803842719632793,-2.2473606871295027,-1.838821573887926,-1.296982685452022,-1.0056424036058713,-0.7050926110901785
CDMS-14-10A-JCVANI,0.0,3.529688284517685,0.0,0.0,-0.5751934200270412,-0.9331384849011802,-0.5751934200270412,-0.3633012522790147,-0.9245598906086396,-0.6405341409488065,-2.805867001546343,-2.3177448464874,-1.3044403829419577,-1.2875686816180434,-0.6039164408513723
CDMS-14-6B-KDCAHE,0.0,3.7840726953264063,0.0,0.0,-0.5903062690466856,-0.9164417562505776,-0.5903062690466856,-0.4132016740467972,-1.5780927035730068,-0.7003606502583105,-3.1103692669736307,-2.627537199339267,-1.4353090878597152,-1.4071126794233315,-0.6839039973779865
CDMS-15-10A-AMALOS,0.0,3.152148311031634,0.0,0.0,-0.6615734731700633,-0.9577322933641123,-0.6615734731700633,-0.50003368705931,0.5856608738233564,-0.7993572529774475,-2.6681857791978847,-2.2081224912639033,-0.9314621760117379,-0.9575518061107994,-0.8164047750710055
CDMS-15-10A-JJMACH,0.0,3.5472315079614796,0.0,0.0,-0.6594221093931398,-1.0066820429902017,-0.6594221093931398,-0.5345288457984572,-0.15728359335737066,-0.8393497838131885,-3.099993028391108,-2.7041629001842553,-0.8557023084688266,-1.1060100959967556,-0.9810890637057822
CDMS-15-10A-MAALCA,0.0,3.5660537439446034,0.0,0.0,-0.6192503128782654,-0.9175360955609939,-0.6192503128782654,-0.42991321864565557,0.07977217767035483,-0.7128810768332746,-2.9262635154490604,-2.467915035581749,-2.0686644526268063,-1.8395752564179122,-0.6813977170884076
CDMS-15-10A-MAALRI,0.0,3.36890173863945,0.0,0.0,-0.6543111180993111,-0.9072796847776523,-0.6543111180993111,-0.48257220966116154,-1.853278080305302,-0.8123185512529483,-2.845662048351234,-2.413006304287984,-1.3982263377060342,-1.6502908304764705,-0.7584651885984133
CDMS-15-10A-SGOMO,0.0,2.798741313541356,0.0,0.0,-0.6559218845354272,-0.9263833531656672,-0.6559218845354272,-0.45336121978729765,0.278541862230908,-0.785080556639889,-2.3713932750800564,-1.8994755382633135,-0.3588932315126348,-0.41336711439194146,-0.7624092878863208
CDMS-15-10A-SHEGA,0.0,3.627857922836238,0.0,0.0,-0.6429131740533157,-1.0682425905822772,-0.6429131740533157,-0.49034600053985616,-0.8157286587426009,-0.7015241667636212,-3.025888528548431,-2.5499765347560968,-1.790771561506732,-1.36035762865686,-0.7918474848939994
CDMS-15-11B-JEMOLO,0.0,3.1319995721149336,0.0,0.0,-0.6998984426800635,-1.096344989473819,-0.6998984426800635,-0.5442084227515912,0.28626363676262195,-0.8371020209254662,-2.706559739126604,-2.245120316657221,-1.5093852498393712,-1.5052738190547346,-0.9392500201994181
CDMS-15-11B-VSAHO,0.0,2.779572397649314,0.0,0.0,-0.7507801091787686,-0.9663012568100419,-0.7507801091787686,-0.5577300491276229,-0.22431557433141253,-0.8876563257259213,-2.4244275093844943,-1.9672362023770174,-0.9076886658939154,-1.2409988025287035,-0.9724694443158934
CDMS-16-10A-SGALO,0.0,3.500018807800438,0.0,0.0,-0.5397574031070992,-0.9166262700137352,-0.5397574031070992,-0.37738368484951984,-0.5045998211703624,-0.6253080050751577,-2.7806365522516003,-2.342039784281236,-0.5083558990363748,-0.6861892612527941,-0.5979781807553144
CDMS-16-11B-NGABE,0.0,3.2349010250394516,0.0,0.0,-0.6871234284707811,-1.0271551128636447,-0.6871234284707811,-0.5248290427993831,-0.34260319336154527,-0.8312206338594222,-2.7687500603831237,-2.2922979504711427,-1.8845437567567234,-2.019608333510474,-0.8796811506290493
CDMS-17-10A-ASSAMO,0.0,3.9804552555929473,0.0,0.0,-0.59695073913753,-0.8427009716003844,-0.59695073913753,-0.3203581541090473,-1.8707717719100871,-0.6477596347643125,-3.1901691865112447,-2.669543525524595,-2.4525475109285626,-2.4191489118420995,-0.584449700138862
CDMS-18-7C-VVECA,0.0,3.1621203788307,0.0,0.0,-0.6087162557002269,-0.9601661676624758,-0.6087162557002269,-0.38891022389626095,-0.21591886803762453,-0.6820924847269869,-2.5751254084455053,-2.074645668580988,-1.337472723099167,-1.3902235560033467,-0.6431504054456173
CDMS-8-4A-DBEVA,0.0,2.3336715209717815,0.0,0.0,-0.6423019704196725,-0.9677464590363419,-0.6423019704196725,-0.4908244796360725,0.5578216103951392,-0.7886014638534953,-2.0063187230862245,-1.5475900599412573,-0.34069837002936093,-0.4622173233586538,-0.7773326357292287
CDMS-8-4A-DJAVDA,0.0,2.6998164812749157,0.0,0.0,-0.583923333544683,-0.944984543488119,-0.583923333544683,-0.4241738166350783,-1.5267769157868036,-0.7055003133606064,-2.2473584275520286,-1.8225756845510481,-1.5013631747161362,-1.6685755189951692,-0.6659167885633708
CDMS-8-4A-DOSTR,0.0,2.858809799017042,0.0,0.0,-0.6550005263676194,-0.9709090487952972,-0.6550005263676194,-0.4543729530894945,0.14380825543978584,-0.7514027075248025,-2.3838962072728798,-1.919172528676366,-1.1016048975620096,-1.0635478312845146,-0.7640748088705506
CDMS-8-4A-LGOPA,0.0,2.5718029207494024,0.0,0.0,-0.6977620495706527,-0.9894733815701297,-0.6977620495706527,-0.489671871635043,-0.25498437058006773,-0.8452463058933208,-2.188743775638138,-1.6821221067766585,-0.43642485896362826,-0.706800360430213,-0.7805104951287827
CDMS-8-4C-JDBUTU,0.0,2.5784768161373406,0.0,0.0,-0.6601780879824923,-1.0150052367777307,-0.6601780879824923,-0.4732221937632823,-0.5937500046112217,-0.7548792161025392,-2.1889362827671954,-1.7173250955196482,-0.8324196823116007,-0.9715419239241123,-0.7700990704790149
CDMS-9-4A-ACDUTR,0.0,3.478704324063895,0.0,0.0,-0.5584600273028109,-0.9268527078864962,-0.5584600273028109,-0.35283660714210074,-0.14146651473477778,-0.6246634124833867,-2.7642186408730334,-2.323929807153463,-1.389446924303603,-1.1312616545229903,-0.5712892770245914
CDMS-9-4A-CARGA,0.0,3.1493142665949456,0.0,0.0,-0.7042628616538165,-0.9608547365264467,-0.7042628616538165,-0.5326436711586073,-0.34882637625510265,-0.7857797215137686,-2.6575386484859753,-2.2319825619501157,-0.6228313004769807,-0.27368764577625265,-0.7745322564360182
CDMS-9-4A-CRAAG,0.0,2.3023211468974494,0.0,0.0,-0.7270842697965381,-1.0541630845613787,-0.7270842697965381,-0.5304152487277362,1.0515030868536412,-0.8724875066921097,-2.004266116673868,-1.5082534301908055,-0.4647411024783516,-0.5206165872241861,-0.8743915762494511
CDMS-9-4A-EROHI,0.0,2.645949491606616,0.0,0.0,-0.7048724881299124,-0.995321516866694,-0.7048724881299124,-0.507725808919474,0.7063112096360805,-0.831813583721457,-2.258825446249091,-1.7707049564117605,-0.35865990804452363,0.029467337244227332,-0.873582241550171
CDMS-9-4A-ILOSE,0.0,3.0747309281561592,0.0,0.0,-0.6832829990548479,-1.0754936960361121,-0.6832829990548479,-0.5443889740192638,2.083180196586788,-0.843677336594581,-2.6650421497427357,-2.2173029298160394,-1.078954382321404,-0.6180469100614451,-0.9495122165485079
CDMS-9-4A-TGAFR,0.0,2.3478528264727956,0.0,0.0,-0.6608958137944554,-0.983130965984125,-0.6608958137944554,-0.4297303007039131,0.7034968794913421,-0.758387079064702,-2.010491409210724,-1.5160118622366272,-0.5974440234101579,-0.5119960965050574,-0.7667831258806656
CDMS-9-4C-SCAMO,0.0,3.940079143222945,0.0,0.0,-0.5792775923405267,-0.8640090331953467,-0.5792775923405267,-0.40420095223954455,0.4548723978567126,-0.6708403610171926,-3.206219765391456,-2.7352057612545315,-0.9761350621069914,-0.9902264597035814,-0.6561468293219487
CDMS-9-5A-ABERO,0.0,2.635299726065499,0.0,0.0,-0.6841027441086746,-1.0064233641254556,-0.6841027441086746,-0.48389215825892523,-0.022867722944464132,-0.7928139692006115,-2.24901336021066,-1.777593467598259,-0.6299238659544742,-0.9076161199072481,-0.8466823117977814
CDMS-9-5A-PAGACO,0.0,2.6342419230594167,0.0,0.0,-0.7275589257738381,-1.0314245942327553,-0.7275589257738381,-0.5068967883106099,-0.18814693111847605,-0.8362987589762725,-2.221400379080829,-1.7402534371115763,-1.032475960899296,-0.4964213440905542,-0.7804913598942428
CDMS-9-5A-VVAAR,0.0,2.774352245323427,0.0,0.0,-0.5892334717525768,-0.9782618903629696,-0.5892334717525768,-0.46814483525782014,0.24384822109592094,-0.7388285721942487,-2.3102493944563203,-1.883599383550203,-0.46891854385096526,-0.4353670141504561,-0.7268422070265268
CDMS-9-5C-LVIZAC,0.0,2.716812948719767,0.0,0.0,-0.563438562679086,-0.922384070574886,-0.563438562679086,-0.43343156608142813,-1.7057855247382832,-0.692141737777495,-2.243485674992304,-1.8097897213444964,-1.5070714813501127,-1.6216219242646084,-0.6902051214325969
CDMS-9-5C-MLOGO,0.0,2.6521004856566073,0.0,0.0,-0.6961203043469701,-1.0266020383805305,-0.6961203043469701,-0.5124738136941162,-0.000993217783430148,-0.8254273150798305,-2.2610194017370366,-1.7738122561153284,-0.5690807509570197,-0.9556958092690647,-0.8079341598065239
CDMS-9-5C-SCAAG,0.0,2.46493721919964,0.0,0.0,-0.7361216391537517,-1.0280954400641245,-0.7361216391537517,-0.4969192960072747,0.5425643649438543,-0.8535089510037648,-2.1217248836887372,-1.5915335845013208,-0.3330080698504798,-0.4661040253291836,-0.8340144583706622
CDMS-XX-10A-VGILO,0.0,3.0553785488925,0.0,0.0,-0.70674373257231,-0.9614571348026644,-0.70674373257231,-0.5465074106643864,1.5227250671296915,-0.8730145043520618,-2.624150178083005,-2.206116519550441,-0.9027866925277557,-0.8719199956752034,-0.8691366183095338
CDMS-XX-5C-MJSARU,0.0,2.894350979992295,0.0,0.0,-0.6458152986849062,-0.9878365297687814,-0.6458152986849062,-0.43930782966964954,-0.8806794246835282,-0.7192511168755134,-2.401189129890177,-1.9881130902923696,-1.08731003556994,-1.2359767908993922,-0.7262976882175384
CDMS-XX-5C-MPCAQU,0.0,1.7239493586400307,0.0,0.0,-0.7606544822527648,-1.0601150912805788,-0.7606544822527648,-0.6419106520724256,1.2087943956778398,-1.0278517111481777,-1.560601352636288,-1.0480606867144748,-0.7034482966015374,-0.6214288687079994,-1.1554211205085771
CDMS-XX-6A-MAGICA,0.0,2.7455784539574326,0.0,0.0,-0.6780384048986037,-0.998694739381491,-0.6780384048986037,-0.5002383664802789,0.900173031791609,-0.7975828167994791,-2.331256246414026,-1.8701230793448285,-0.37611756539329594,-0.18380115061959648,-0.8333008497708554
CDMS-XX-6B-SPUCA,0.0,2.9889206386035125,0.0,0.0,-0.6446509821193538,-0.9640431178086248,-0.6446509821193538,-0.45715544688389836,-0.04512972616454015,-0.7445181630460183,-2.5061743019406055,-2.0705954569983813,-0.691539140224913,-0.7797887929442041,-0.7671657587012886
CSO-10-4A-ICAPA,0.0,2.8952899963447267,0.0,0.0,-0.6793216158873299,-0.9546519786272191,-0.6793216158873299,-0.540823922110606,0.0900741557171948,-0.8325301123808848,-2.488222205075793,-2.069347673119364,-1.2078429615258348,-1.2286349322912136,-0.8548698263908681
CSO-10-4A-KCOMO,0.0,2.0466112424632965,0.0,0.0,-0.7761382198421106,-1.0609105931898286,-0.7761382198421106,-0.6305205133291658,0.22657725445369617,-1.0354038953375675,-1.8413616294677484,-1.3828798214038558,-1.0517770496438053,-1.321543793839025,-1.078230626603201
CSO-10-4A-LRAVI,0.0,2.1461010113769894,0.0,0.0,-0.7982324045872327,-1.0661158632871444,-0.7982324045872327,-0.600338663184358,-0.5002454091187156,-0.9835731262292137,-1.924666823420423,-1.44686741968035,-1.8644297946285056,-1.519116578417413,-1.0749112547071598
CSO-10-4A-LSCAVA,0.0,3.6122634284758,0.0,0.0,-0.49187213413224073,-0.9122412055900557,-0.49187213413224073,-0.32951355223031603,-0.8780065943148713,-0.5820193678499442,-2.806080920540467,-2.329911828008737,-1.1465494028343952,-1.112421997360075,-0.5229716337379913
CSO-10-5A-ACAVA,0.0,2.709579559009347,0.0,0.0,-0.6776292466355011,-0.9882459870569646,-0.6776292466355011,-0.4348124573755166,0.044109710806466876,-0.732323450261075,-2.2681035535815117,-1.7533356944209282,-1.2422796366519284,-1.0642447294558257,-0.7392470264321623
CSO-10-5A-ARACA,0.0,2.852413274291522,0.0,0.0,-0.5755997215613088,-0.9251042224895669,-0.5755997215613088,-0.42405881673798895,-0.3940872494536965,-0.6658869572017454,-2.336639694322681,-1.891577954696695,-1.4677107032481,-1.4120402802638055,-0.6727265500721895
CSO-10-5A-DABRZA,0.0,2.7199487173790016,0.0,0.0,-0.6606111254504563,-0.9719447149468206,-0.6606111254504563,-0.4655355465804931,-0.7575918036526563,-0.7607771623495322,-2.3045226286491824,-1.8949459798768962,-0.6753616035141506,-0.7055800312199064,-0.8106317351046182
CSO-10-5A-GZAMA,0.0,2.730012424886963,0.0,0.0,-0.7211732906396319,-1.0462675667807664,-0.7211732906396319,-0.6295309835976932,0.06794910123645832,-0.923598248853155,-2.367512879267792,-1.9604364173450042,-1.0834490392067597,-1.2738848894697063,-0.9822831183520004
CSO-10-5A-IPECA,0.0,2.9886633550408246,0.0,0.0,-0.6966292957641684,-1.069163032397868,-0.6966292957641684,-0.6440195685064757,1.3274343888096811,-0.9094809296641092,-2.5843639174352058,-2.169550913159206,-1.3775661069458962,-1.3180258748713791,-0.9993394039249358
CSO-10-5A-JANORO,0.0,2.4921485915621626,0.0,0.0,-0.7020873973925071,-1.0098814433013161,-0.7020873973925071,-0.5102867357723907,0.7625026032230874,-0.8793974799270926,-2.133721641777607,-1.660603392386925,-1.1630478164972111,-0.761276980568276,-0.784097531660252
CSO-10-5A-JBUVE,0.0,3.404560859562443,0.0,0.0,-0.5742503062387634,-0.8691141461391191,-0.5742503062387634,-0.3750988131742006,-1.1013183024128737,-0.6339189934161649,-2.800239481271028,-2.332059185295307,-1.3066789980612845,-1.2506701366371604,-0.7016346472435518
CSO-10-5A-JJSEMO,0.0,2.6295654101380315,0.0,0.0,-0.6187022842835355,-0.9846019937074086,-0.6187022842835355,-0.45579929036639805,-0.3311950633498074,-0.7197116647913925,-2.217447193003581,-1.7410057683578883,-1.0890525082506533,-0.9694007178641316,-0.7327913842706415
CSO-10-5A-JLCARI,0.0,2.6387573396052675,0.0,0.0,-0.69396593566412,-1.0433170950510395,-0.69396593566412,-0.5342292702927983,0.8157364082535913,-0.8494182743672216,-2.245675216644358,-1.7018877504072685,-0.020787660321056143,-0.47158052471766887,-0.829060991153672
CSO-10-5A-MAARAN,0.0,2.733304789848034,0.0,0.0,-0.784300913028095,-1.2695815069563192,-0.784300913028095,-0.6175262739507739,-0.42113303707255206,-0.8761706794332715,-2.42584642666508,-1.9698014916080093,-0.977880551388979,-1.340564862956481,-1.1033826493161627
CSO-10-5A-MAOSMO,0.0,3.185657162368222,0.0,0.0,-0.5413537229873906,-0.8981130360642523,-0.5413537229873906,-0.3402536323500937,-0.3304669119418224,-0.6163005262361656,-2.5367610816344706,-2.1119646177532045,-0.9861605345439939,-0.9153564760722673,-0.5794217492854667
CSO-10-5A-RVMOIB,0.0,2.823934729794864,0.0,0.0,-0.7017798129821535,-0.9895381450476595,-0.7017798129821535,-0.5699315489027714,0.6124720175973871,-0.8562336656028843,-2.455980785023708,-2.03906189937373,-0.2924888968333586,-0.330488283574788,-0.9526033455232404
CSO-10-5A-SVHEES,0.0,2.643309000265963,0.0,0.0,-0.7385731451353175,-1.0103626173586537,-0.7385731451353175,-0.5363467735770217,-0.5478600197503429,-0.8878960179377635,-2.2990955987617174,-1.8390312134584839,-0.9242983567734272,-1.63177414012231,-0.9292998057296371
CSO-11-5A-MDVOSPE,0.0,2.7474587829144403,0.0,0.0,-0.6805272635251336,-1.0038125187488656,-0.6805272635251336,-0.4975301876538791,-0.6221515270326481,-0.8123237569519178,-2.3528772984137096,-1.941506185020235,-1.749303688527978,-1.7140366518988601,-0.8822430195546934
CSO-11-5A-MTAGA,0.0,3.2823353144141976,0.0,0.0,-0.5851867782298548,-0.9156213467847251,-0.5851867782298548,-0.3902645810162015,-0.08834216083697595,-0.6729113995826506,-2.673526860163862,-2.1931198781089587,-0.5943579571801891,-0.28217054616282383,-0.6690663960070583
CSO-11-6A-CAPAMU,0.0,3.1695677349769293,0.0,0.0,-0.6131480177653124,-0.9541383453941877,-0.6131480177653124,-0.4392549929180759,-0.9035658768389128,-0.73057608628664,-2.5813533838350042,-2.1629208077220974,-1.2437666647134324,-1.2090046755068857,-0.7227324676891814
CSO-11-6A-DSCACH,0.0,3.1644892117439145,0.0,0.0,-0.5714440527900292,-0.9264465161833373,-0.5714440527900292,-0.37479399424675375,-0.2016388204539138,-0.6456238982885929,-2.578605253839865,-2.1074967043676556,-1.3936095688708703,-1.2932242321696183,-0.6056752478067349
CSO-11-6A-EROMO,0.0,2.711860608277831,0.0,0.0,-0.7104634449293541,-1.0388421343981302,-0.7104634449293541,-0.5548248015515193,0.45419674886468725,-0.9107770515512369,-2.2927298547217285,-1.8754193416152953,-0.3471481695467179,0.01475529823640047,-0.7984304534930222
CSO-11-6A-FSOVRE,0.0,2.6251570994655617,0.0,0.0,-0.6429254643593691,-0.963783635537184,-0.6429254643593691,-0.4503612922292262,0.2818408649627249,-0.7434523736278664,-2.228021553526253,-1.7552655644408963,-0.4457067746007887,-0.2791659186053914,-0.7313972832893342
CSO-11-6B-ANREVA,0.0,3.3542507565069535,0.0,0.0,-0.6919580542895598,-1.037491728242393,-0.6919580542895598,-0.48087940372213794,-0.37124178713269057,-0.7917657733919314,-2.8639245922237238,-2.375984042349278,-0.6358343732098091,-0.5685398241954573,-0.8632393609494345
CSO-11-6B-DISEMO,0.0,2.7388532601631295,0.0,0.0,-0.6860835675933993,-0.9891348902136499,-0.6860835675933993,-0.4459106573683884,-0.7252894790330573,-0.7811831274634807,-2.2784735090010315,-1.7582953153800764,-1.7338851392270926,-1.5820106890134304,-0.7219957763889456
CSO-11-6B-LHFDLACH,0.0,3.620089365240074,0.0,0.0,-0.5771035696705689,-0.9176802294666262,-0.5771035696705689,-0.3630637633653785,-0.5424781132508579,-0.6180267813304581,-2.8960516518968324,-2.3900539499811537,-1.3976156972142035,-1.2154811643140642,0.26070252110231806
CSO-11-6B-RJGIHE,0.0,3.2433638245961647,0.0,0.0,-0.548708909258823,-0.8869777180594899,-0.548708909258823,-0.3486017409816466,-0.20880736748279521,-0.6094287921108658,-2.5766132230436423,-2.094992014241049,-1.3673939182363266,-1.1656550868001465,-0.5611338761767196
CSO-11-6B-SFLVA,0.0,2.1634484322930843,0.0,0.0,-0.7949033394120851,-1.087257791804649,-0.7949033394120851,-0.6161023533552641,0.07521573383799136,-0.9809540428689096,-1.9484428067920898,-1.4546321977209558,-1.4105316678204303,-1.586842073963605,-0.4428381872647818
CSO-11-6B-VCOMA,0.0,3.151146156521767,0.0,0.0,-0.64762011833198,-0.982469978474247,-0.64762011833198,-0.45771697951374196,-0.3227259493154974,-0.7589348860980869,-2.561848400578594,-2.111967418630773,-1.6566364126570166,-1.7125928253760367,-0.6676677978462959
CSO-12-6A-DGISE,0.0,2.8258282865193083,0.0,0.0,-0.5767846638951616,-0.9347330126062108,-0.5767846638951616,-0.41155772079589353,0.6137942310250156,-0.6828838540095253,-2.346471686959803,-1.8591933685075615,0.33577114424256915,0.28091688817414073,-0.668676951214839
CSO-12-6A-FJOVRE,0.0,2.9331119237803733,0.0,0.0,-0.675424838739541,-0.9787706269787603,-0.675424838739541,-0.4992852415195565,0.3994054947906853,-0.7857341343262187,-2.4729457087269777,-2.005546787718703,-0.5225914148824247,-0.8451643766863911,-0.8029559575231247
CSO-12-6B-GQULO,0.0,3.4531245643053037,0.0,0.0,-0.6176710543550756,-0.873715874147085,-0.6176710543550756,-0.43480625524504224,-0.9383356341850511,-0.7223533004144925,-2.859192523508974,-2.4205793241703777,-1.3702774680451055,-1.1887107837228563,-0.6869427595028124
CSO-12-6B-LJHEFE,0.0,4.267879376504039,0.0,0.0,-0.6477676318415213,-0.9402464418740287,-0.6477676318415213,-0.4441945759352484,-1.5798229647524946,-0.7786209763362706,-3.6107599594874937,-3.1419965153897746,-2.0473185471149384,-2.3590890914862492,-0.7823328011734244
CSO-12-6B-VPAMA,0.0,3.0825165921699433,0.0,0.0,-0.5247573512322132,-0.878891183413095,-0.5247573512322132,-0.34399873409497006,-0.5173743229609683,-0.5847332974398531,-2.4984727653453254,-1.995428466956558,-0.32441657574701244,-0.42966615806488523,-0.5763987382673403
CSO-12-7A-DALRE,0.0,2.376892164764036,0.0,0.0,-0.7391358229063762,-1.0080297907694447,-0.7391358229063762,-0.5532471905399606,0.10232854505058046,-0.9149034907644952,-2.0961338941380894,-1.6102014472106505,-0.9622330685108348,-1.0814225805086781,-0.9596806787209546
CSO-12-7A-ESALA,0.0,2.833261961442588,0.0,0.0,-0.5316198480029783,-0.9028670223635339,-0.5316198480029783,-0.3317336508208607,-1.0612515017903243,-0.5774404225269228,-2.258492707389538,-1.7836501503088087,-1.0710983260779205,-0.9974196513062151,-0.5259487784542414
CSO-12-7A-IMERO,0.0,2.7835604877619557,0.0,0.0,-0.5782641588657664,-0.9241718279835529,-0.5782641588657664,-0.39305903120459873,-0.01420705961700658,-0.660334169219306,-2.2845477296265497,-1.8058964846120202,-0.4726837213943665,-0.29318270561189114,-0.6503477612380053
CSO-12-7A-JHEZA,0.0,3.6898236330907137,0.0,0.0,-0.47730504053228884,-0.8384433468137724,-0.47730504053228884,-0.3134091869781353,-0.8784447294062906,-0.5468302043158842,-2.866567793647031,-2.3118561916913967,-1.1651489110638282,-1.1470091725097837,-0.4807059053729965
CSO-12-7A-LSARAR,0.0,2.502474991426015,0.0,0.0,-0.6411859228636478,-0.9859762937890952,-0.6411859228636478,-0.49999797543345703,1.3399909714697495,-0.8382347055691548,-2.159520249857087,-1.6276570361741753,0.01612357804275562,0.1506691226451971,-0.8077259448870309
CSO-12-7A-SCAHO,0.0,3.5902000447409335,0.0,0.0,-0.5589126313960187,-0.8955119275163569,-0.5589126313960187,-0.36914553065834144,-1.0851232645196776,-0.6319421147797866,-2.8630063773722614,-2.3793192157843133,-1.10292800119416,-1.1589330311625123,-0.5979125525089369
CSO-12-7B-DVAGRO,0.0,2.9501453155834696,0.0,0.0,-0.5390682074570514,-0.9153091614499442,-0.5390682074570514,-0.3249646025684534,0.03059167141904144,-0.580814562276025,-2.3665935084595944,-1.88859883651458,0.31136884364085077,0.3302579139217189,-0.5671268568885457
CSO-12-7B-SMUGU,0.0,2.086853870733396,0.0,0.0,-0.7287206272988815,-1.0552417027558147,-0.7287206272988815,-0.4799916537727301,0.8803155188231193,-0.7816862711977348,-1.841836897020973,-1.35908158432673,-0.8778513138664004,-0.5964438177345119,-0.9000021404491487
CSO-12-7B-SSARA,0.0,3.123652680481411,0.0,0.0,-0.5537591478988133,-0.9173180225684717,-0.5537591478988133,-0.3835969390966694,-0.3766175922173658,-0.6437008853801829,-2.5513731024123243,-2.0707165357865915,-1.0740544129268792,-0.7502732870982868,-0.6203239465871973
CSO-12-7B-VHOMA,0.0,2.9468551824013556,0.0,0.0,-0.6297252906672153,-0.982526571843802,-0.6297252906672153,-0.4258320299915228,-0.5399093264631419,-0.7063086550192399,-2.423529137712376,-1.974871158977713,-1.7548091389101628,-1.9329156593756835,-0.7401917651997085
CSO-12-8A-YTOME,0.0,2.5287477780650955,0.0,0.0,-0.6873255882810972,-1.0079390045813374,-0.6873255882810972,-0.4404049958925049,0.09791113263249199,-0.7679944597234373,-2.1560644323810525,-1.7082656767466982,0.010126576270413329,0.020515521500736933,-0.8578236407070807
CSO-13-6A-ANASA,0.0,3.722896342098545,0.0,0.0,-0.5891293292543921,-0.9177403235401864,-0.5891293292543921,-0.3952088807040415,-0.7059013500915148,-0.6580621191904934,-2.9996825131315275,-2.4895727877824863,-1.133636971143188,-1.100625726344909,-0.6602035213646306
CSO-13-6B-JETAVE,0.0,2.33412162242765,0.0,0.0,-0.6454243324663002,-0.9791554288923984,-0.6454243324663002,-0.453578706078538,0.7490656073965212,-0.7673380753252927,-2.01171515836464,-1.5004721497845277,-0.6209469343324716,-0.3369230517113688,-0.7768907522650939
CSO-13-6B-LFMIES,0.0,2.551605740860154,0.0,0.0,-0.719670334360478,-1.0175640499197016,-0.719670334360478,-0.5242288832053928,-1.0111530103651671,-0.8936396292908899,-2.2017133934193076,-1.7021365722063568,-1.5530178077567338,-1.5653440087540433,-0.8253662612649176
CSO-13-6B-LJMAHU,0.0,2.134917365263386,0.0,0.0,-0.7023607896902048,-1.0571322034560975,-0.7023607896902048,-0.5130674375297983,0.09850327855726727,-0.8216521927997421,-1.8567517028077756,-1.2610941559000635,-0.13823494182981647,-0.3725794148415242,-0.9051337056378076
CSO-13-7A-CAPAMU,0.0,2.7578114238970226,0.0,0.0,-0.6532062585888343,-0.9959665469411012,-0.6532062585888343,-0.4750550443575252,-1.0756954231911322,-0.7637162349850466,-2.2934939649352932,-1.8340305887836617,-1.077466883149536,-0.7147675769143208,-0.7493976659084512
CSO-13-7A-CDDITR,0.0,2.708324480226175,0.0,0.0,-0.581082616904109,-0.9196637115813822,-0.581082616904109,-0.3829115112386368,-0.017033578676689524,-0.6624838330287033,-2.2133292847023354,-1.7574596958038073,-0.744895193994273,-0.7236868062331502,-0.6303436039602047
CSO-13-7A-JJATFL,0.0,3.1932354203052933,0.0,0.0,-0.6484768817226646,-0.9082835035632032,-0.6484768817226646,-0.5033525781327121,-0.09848705208472366,-0.7968887377192156,-2.689756754887108,-2.267996631522065,-0.94809850500372,-1.021244910361324,-0.7810574552478871
CSO-13-7A-KRAMA,0.0,2.871698365127174,0.0,0.0,-0.6584150249024241,-1.0272546572920045,-0.6584150249024241,-0.502321681660934,0.023663120267186998,-0.8057487237248155,-2.3970580553159953,-1.9909124442669175,-0.49540291088982713,-0.7185883433760429,-0.7627357402376969
CSO-13-7A-RXCHLU,0.0,2.4704199342451516,0.0,0.0,-0.6931154559071823,-1.0200077681102078,-0.6931154559071823,-0.5316073943410186,0.9059333957569367,-0.860839408817263,-2.1199462925164583,-1.6533519017462222,-0.3000863284758462,-0.7382188798007636,-0.8375456345383397
CSO-13-7A-YAMEZA,0.0,3.3447056953714642,0.0,0.0,-0.6011853660631936,-1.0311059130846714,-0.6011853660631936,-0.49785261601508585,-1.8392632902332258,-0.7651082937215518,-2.8269664356546667,-2.39121551641584,-2.26933234840955,-2.4279056104977212,-0.801844891759075
CSO-13-7A-YBOSO,0.0,2.220491284920199,0.0,0.0,-0.6641961834917738,-0.9907919029100938,-0.6641961834917738,-0.4545280755742568,-0.3405616633754036,-0.7597682371907265,-1.8652835527990936,-1.3740628354933044,-1.0627196071031326,-1.181711854384055,-0.7850915224070395
CSO-13-8A-MBUAN,0.0,2.6282534396992485,0.0,0.0,-0.709615338742585,-1.0452217782716453,-0.709615338742585,-0.5147180880395655,-0.32920832957536994,-0.8524793351033955,-2.2040792427281177,-1.722583535938839,-1.3647505770709276,-1.2103953585653917,-0.844150133294188
CSO-13-8A-MGAAN,0.0,2.9173790027847746,0.0,0.0,-0.5779957064406358,-0.9351747832143334,-0.5779957064406358,-0.40985690163636357,-0.724910600429154,-0.6636864372964522,-2.3918508220043986,-1.9148226114522369,-0.8526793625926863,-0.8292084456144428,-0.6448976379660796
CSO-13-8A-MGAHE,0.0,2.5163025848038347,0.0,0.0,-0.6924581290907649,-0.9869925256523032,-0.6924581290907649,-0.5377877877808446,0.7735961813454596,-0.871471508256816,-2.169691694885779,-1.7105646322631605,-1.104193682872575,-0.9817159623832084,-0.8955849301851697
CSO-13-8A-MJAGA,0.0,3.0894365077622123,0.0,0.0,-0.6918238621760585,-1.0009172494098644,-0.6918238621760585,-0.5336649959989683,-1.1266478533879478,-0.8560759306246909,-2.5846749663859234,-2.183512600862529,-0.7776015841525886,-0.715239583923791,-0.7707652503905494
CSO-13-8A-VHODU,0.0,3.2083337089720905,0.0,0.0,-0.7437953068891797,-0.907045950837317,-0.7437953068891797,-0.5216124499791672,0.32134923220337713,-0.8837374597653809,-2.7261145317997486,-2.2819882997089493,-1.8002061619041498,-2.1553310579940206,-0.8459248345357407
CSO-13-8B-FCJISA,0.0,2.67308005045271,0.0,0.0,-0.5366310761994768,-0.8700472077668687,-0.5366310761994768,-0.35003706416453667,-0.0428450011151712,-0.6204952364958319,-2.135589066705437,-1.661162910631216,-0.05465332066762304,0.14164947123106997,-0.524531596848125
CSO-13-8B-JEMABE,0.0,3.28269654815331,0.0,0.0,-0.6941453196832656,-1.016012403831952,-0.6941453196832656,-0.5575742965420105,-1.2792193905035507,-0.8403592929504662,-2.815639345047698,-2.3512263505620714,-1.5548046489432967,-1.6560317300636722,-0.049500289388872076
CSO-13-9B-DMLLLU,0.0,3.146365327569226,0.0,0.0,-0.47826086956521735,-0.8321264092622437,-0.47826086956521735,-0.30151134457776363,-0.2266370798680296,-0.5346546441640732,-2.552088737512905,-2.0959719181551733,-0.9381978763748714,-0.9706599319815056,-0.6192005626571199
CSO-14-7A-MVEBE,0.0,3.139348319059769,0.0,0.0,-0.6152198555457548,-0.9344045068798317,-0.6152198555457548,-0.44183608216846215,-0.010522041774434035,-0.7690096033344017,-2.620655938906438,-2.0297409927851193,-0.5856271576959887,-1.085529771767168,-0.6069462274512993
CSO-14-7B-EALHU,0.0,2.211712218197983,0.0,0.0,-0.6394989382209264,-0.9836427065315665,-0.6394989382209264,-0.4532604782961433,-0.16836764305928012,-0.7707067604421997,-1.8974989723346594,-1.4260991422942946,-0.7731952623566151,-0.7307161552773962,-0.8024336830039799
CSO-14-7B-EVEGO,0.0,3.293259062326523,0.0,0.0,-0.599359602305751,-0.9520277355361441,-0.599359602305751,-0.4089464501295273,-0.7323629116330221,-0.6962596108143753,-2.6603564598100307,-2.1854081996145234,-0.503385979896306,-0.46695076800785434,-0.6267263011827315
CSO-14-8A-AQUMA,0.0,3.133848032774649,0.0,0.0,-0.6290491993569215,-0.9644352067843978,-0.6290491993569215,-0.424965287589252,0.7605344604540144,-0.6643669950695094,-2.5708313296587626,-2.0771271869368917,-1.125464107011948,-0.933473457772492,-0.6891217277052962
CSO-14-8A-MCIDOS,0.0,3.974791395472686,0.0,0.0,-0.4832138174102145,-0.8604146939570146,-0.4832138174102145,-0.3132176062228734,-0.6454710670319205,-0.5233124222557344,-2.9432456657799864,-2.39495108966745,-0.8449699248554694,-0.7942495888006731,-0.5321149538829385
CSO-14-8A-SZARA,0.0,2.7411043117338982,0.0,0.0,-0.5899238995650995,-0.9230124468513217,-0.5899238995650995,-0.4286876562356728,-0.4617207890929146,-0.729868406861015,-2.265853028425347,-1.763986448605284,-0.6522010908234683,-0.6729865813721695,-0.6983922726427013
CSO-14-8B-JLLORA,0.0,2.620600620625408,0.0,0.0,-0.7227415673441392,-0.9810613562312899,-0.7227415673441392,-0.5902200588801653,-0.66843603788262,-0.887850447549559,-2.27335408686365,-1.8622625713204801,-0.8497240484797609,-1.4759869231877296,-0.9330688564404742
CSO-14-9A-AEDCAGO,0.0,2.8646528292107853,0.0,0.0,-0.6335385621514649,-0.9950432968781605,-0.6335385621514649,-0.45457991081546345,0.06423167127759696,-0.7753729746562583,-2.359757244220494,-1.93358201204475,-0.9790983150821387,-0.7376461749496236,-0.713493432909516
CSO-14-9A-HASACA,0.0,3.4173965902520593,0.0,0.0,-0.535177683290492,-0.8940290102704676,-0.535177683290492,-0.3351799162311236,-0.3559307292245401,-0.5979934360950625,-2.6915641229708385,-2.2068177328939167,-1.1203996119308335,-0.8184788592249757,-0.5723658939207528
CSO-14-9A-JSMAAL,0.0,3.1995763153382577,0.0,0.0,-0.6472540329460613,-0.9692547704299108,-0.6472540329460613,-0.5320545724376041,0.7735025543123836,-0.8071783600695223,-2.7188148492428286,-2.294418152192294,-1.3751037455688497,-0.8617462645664512,-0.8514184093964152
CSO-14-9A-MARJA,0.0,2.598692461068497,0.0,0.0,-0.5868324877663339,-0.905458312825131,-0.5868324877663339,-0.3910777767375674,0.4541586418266561,-0.6740066226054341,-2.185245511264347,-1.7007238791382948,-0.2162640886426938,-0.04183439439560227,-0.6575207994198886
CSO-14-9A-SORZU,0.0,3.3810022755537346,0.0,0.0,-0.6075986017741323,-0.9563235781486209,-0.6075986017741323,-0.4225720476787999,-0.16016906250943447,-0.7188872406332705,-2.7712788471021157,-2.3370721425501895,-0.8690816663638989,-0.9373843930451211,-0.70232913746052
CSO-14-9B-ERAGA,0.0,2.741859388895596,0.0,0.0,-0.7213415025247603,-1.049005909995982,-0.7213415025247603,-0.5083090044038203,1.3456306591966154,-0.8294663983549382,-2.27909518897297,-1.789484959813673,-1.6579109025165415,-0.8954724410181577,-0.7547672467262856
CSO-15-10A-LJRAGU,0.0,2.7207196387758112,0.0,0.0,-0.8285122501801546,-1.1775843558118368,-0.8285122501801546,-0.6476536862047763,-0.2360130536471442,-0.9601278239799798,-2.4439216707155196,-1.9920137811606127,-1.3491919302665918,-1.6174236921417213,-1.1559581649264268
CSO-15-10A-MAARLO,0.0,2.727776803826835,0.0,0.0,-0.702806457167846,-0.9914964146764924,-0.702806457167846,-0.5396495959188853,0.9351019095318972,-0.8420492970160572,-2.351075141841721,-1.9407435998370755,-1.3985700137823056,-1.1427205279893362,-0.9097933218099142
CSO-15-10A-SFEGA,0.0,3.409084836808708,0.0,0.0,-0.6280667969025056,-0.9817805460588501,-0.6280667969025056,-0.4339294931204031,0.258920240741071,-0.7415729676215945,-2.858495487862388,-2.3749341701600644,-0.9707116598330336,-0.9222025380747206,-0.7442024766882764
CSO-15-10B-MEBUAR,0.0,2.7393472394325813,0.0,0.0,-0.6360604858391782,-0.9544810234554183,-0.6360604858391782,-0.48468803534297816,1.001750797976561,-0.7454882377883032,-2.307827040626614,-1.9213584975740758,-0.7704856016498369,-0.5863647622594431,-0.7630754576706904
CSO-15-10B-YVBUAN,0.0,2.700656837340857,0.0,0.0,-0.5555879870262891,-0.918466711153649,-0.5555879870262891,-0.4466663303451612,0.4765129631013254,-0.7030963000063173,-2.250095379764772,-1.7958107015723854,-0.4132115929704603,-0.1545954631560041,-0.6754328809625433
CSO-15-10C-ALBAHO,0.0,2.9163081825272954,0.0,0.0,-0.6519950351994679,-0.9660627630635841,-0.6519950351994679,-0.4594476429330555,-0.03724439571056197,-0.7332212489928812,-2.4396663345441603,-1.992360880496228,-1.529290065582835,-1.5304335542960648,-0.7769015039306717
CSO-15-10C-SSCAMO,0.0,2.7565472350502853,0.0,0.0,-0.578838966027839,-0.9560548721366026,-0.578838966027839,-0.374202241869639,-0.5612814192997108,-0.6393513961636852,-2.2299097257944225,-1.7087071759150987,-0.7234251573751995,-0.7138953188889909,-0.5865841899986088
CSO-15-11C-JETALO,0.0,2.898520179903856,0.0,0.0,-0.5952328332016998,-0.9333507088359851,-0.5952328332016998,-0.4065007562963488,0.032887288851117795,-0.6972632125994275,-2.3732019107923636,-1.9135529793669708,-0.8374119797651405,-0.7926829799937268,-0.6531578562122959
CSO-15-7B-JCRAGA,0.0,2.8562188774259716,0.0,0.0,-0.6719248776793871,-0.9974041804203526,-0.6719248776793871,-0.461988194537552,0.41645234870993253,-0.7668667476195778,-2.3877200363302356,-1.7718554495297,-0.42621587666366473,-0.9348178058201962,-0.7358952652075581
CSO-15-8A-VBMABR,0.0,2.7538464298866567,0.0,0.0,-0.7240981581025433,-0.9961031971892896,-0.7240981581025433,-0.5260495621558822,0.6052879160260052,-0.8278895869597412,-2.367939723766609,-1.895858206752051,-0.568523378170489,-0.7297270012152421,-0.8900182993113123
CSO-15-8B-KEPOGO,0.0,3.4555616345473474,0.0,0.0,-0.5946601941966376,-0.9012961843977794,-0.5946601941966376,-0.4294372086693101,-0.11294431626819354,-0.6887573570375333,-2.844328013510676,-2.4257328346219174,-0.5587872922523189,-0.16373414041480092,-0.6783257317638076
CSO-15-9B-ALRIHE,0.0,3.5648157361456936,0.0,0.0,-0.6087392904167338,-0.9195410917336,-0.6087392904167338,-0.43546407124609193,-0.5960628452494604,-0.7178465087708652,-2.921147357591711,-2.4768575327286064,-2.407451028374483,-2.0330056773143097,-0.68442120617572
CSO-15-9B-AMSAGO,0.0,3.4489343070334164,0.0,0.0,-0.5946832898357528,-0.9125426776929482,-0.5946832898357528,-0.4517306938341094,-0.1572305931173961,-0.7505498550635903,-2.78634857100349,-2.33910364738756,-1.1546287299564746,-1.0883327877441318,-0.6352136551159039
CSO-15-9B-JCAPA,0.0,3.075653595307772,0.0,0.0,-0.6197142386675344,-0.9649064322699917,-0.6197142386675344,-0.43785955475023125,-0.44959811251398757,-0.6974121141880222,-2.5007453588625492,-2.024094462935184,-1.2959535168872267,-1.1986074314648933,-0.6563276602600342
CSO-15-9B-KSBEJA,0.0,2.4923360516820807,0.0,0.0,-0.7047147356996447,-1.003814473680398,-0.7047147356996447,-0.5488936759317757,0.6337388377354571,-0.8684718045734175,-2.1769152795802875,-1.703407519277711,0.008732146427934484,-0.07593989520825753,-0.9056521345405569
CSO-15-9B-RMCHLU,0.0,2.6807342374319756,0.0,0.0,-0.6444101037189043,-0.9729721264566353,-0.6444101037189043,-0.48139860121064754,0.38577285330355326,-0.7723952260260211,-2.266136510155997,-1.7983737705343585,-0.9415595450816574,-0.557143241986594,-0.7604469571144381
CSO-15-9B-SJAGRO,0.0,3.8806034349231693,0.0,0.0,-0.6115367360248792,-0.9193443843158464,-0.6115367360248792,-0.4122858672219978,-1.8382327900653586,-0.7079385441674303,-3.0884017163791855,-2.538778439505411,-2.01278926310331,-1.9954540177745972,-0.6295871960977419
CSO-16-10A-JEGAHE,0.0,3.4470774004825127,0.0,0.0,-0.6319461719703814,-0.9369631321727662,-0.6319461719703814,-0.4315525224809574,-0.16578828470842158,-0.7231812449071969,-2.8771724743498495,-2.4035618938447847,-1.3272833144191907,-1.2763392167320782,-0.7812559513777233
CSO-16-10A-MSACO,0.0,3.131997720618243,0.0,0.0,-0.6161257236678185,-0.9390578486382649,-0.6161257236678185,-0.42664978622435795,-1.3576216736175306,-0.6997777397857549,-2.6179819587939135,-2.1546182246520016,-1.551152890347027,-1.4925935663108578,-0.7658002697488643
CSO-16-10A-SARI,0.0,3.3180254257209163,0.0,0.0,-0.6206417630628656,-0.8939558478188717,-0.6206417630628656,-0.4117138182215961,0.01754511759411865,-0.6710015512512963,-2.7644586049827136,-2.302505588578186,-0.48043270360440093,-0.45382497878758976,-0.7544705465626673
CSO-16-10A-SMOUT,0.0,3.1787405087059204,0.0,0.0,-0.6877049955575875,-1.1061181716508415,-0.6877049955575875,-0.5246768702776857,0.2474135979622529,-0.7877969316439566,-2.7404638655247973,-2.296920941560972,-1.5272977579566482,-1.6398294589140272,0.093505278126908
CSO-16-10A-YKMUJO,0.0,2.3229635901584693,0.0,0.0,-0.7002319393503816,-1.0218482550789736,-0.7002319393503816,-0.5306661514028437,1.2839242474964618,-0.8578519233350531,-2.024253824024464,-1.5656821935335137,0.06538791735122296,0.1851361179770359,-0.8729161227551796
CSO-16-10B-JESUGU,0.0,3.2146366633613384,0.0,0.0,-0.5180626925153653,-0.8598923715721302,-0.5180626925153653,-0.3214071832927557,-0.014154840165715284,-0.578571463281432,-2.558704068552558,-2.0644554411233336,-0.8251056151494507,-0.5741963557870625,-0.5173514788406081
CSO-16-10B-LTVIFA,0.0,3.559593909123227,0.0,0.0,-0.5221799083053222,-0.8801568693953638,-0.5221799083053222,-0.3286761019996535,-0.6519287120428624,-0.604391183013815,-2.749219312171217,-2.2172786348856235,-0.6490477780744901,-0.6953985791083328,-0.5111927167959517
CSO-16-10B-VVILI,0.0,3.095493150039763,0.0,0.0,-0.6385677457725326,-0.9177738876644057,-0.6385677457725326,-0.48186958327394913,0.33675603440399365,-0.7728925771632074,-2.5887909646133287,-2.1877026862752524,-1.0353346906901564,-1.08039583734059,-0.7287816439371458
CSO-16-10C-ACALGU,0.0,3.09329590009149,0.0,0.0,-0.6217006447264086,-0.9491142725249805,-0.6217006447264086,-0.43649407073976937,0.10667196770023885,-0.7203010828579764,-2.5582989179252595,-2.1188029943534255,-0.8466109058826198,-0.7176118883079755,-0.7162704655548293
CSO-16-10C-MAVAVE,0.0,3.0797352279754797,0.0,0.0,-0.5287279047221771,-0.8823284782874479,-0.5287279047221771,-0.3674502814562592,-0.5789874038593933,-0.6284688863199341,-2.4859518249260844,-1.9904934929260671,-1.2118133589706923,-1.0001206060704648,-0.581398209475007
CSO-16-11A-JAVABO,0.0,3.7463773924689283,0.0,0.0,-0.5264277093651164,-0.8536206655186526,-0.5264277093651164,-0.34871180972039767,-0.25705323440784134,-0.6111686497641912,-2.942930940918303,-2.4626205920272204,-1.5022442757207441,-1.0847473113162147,-0.560996217814221
CSO-16-11A-JDMUVA,0.0,3.650953079564048,0.0,0.0,-0.5357601785621358,-0.9101413298466954,-0.5357601785621358,-0.32541997089625097,-0.27152528777962404,-0.6035697395124806,-2.8015916324664234,-2.3104192915665824,0.05567053883215938,-0.24548980996533648,-0.5370702028515689
CSO-16-11A-VZAOR,0.0,3.4701532945129445,0.0,0.0,-0.5359003599993316,-0.9133805994857318,-0.5359003599993316,-0.3491321241800074,-0.4626344482550773,-0.5935183697102092,-2.773533343005562,-2.3022853313316833,-0.8819130228845338,-0.7031176406690067,-0.6389434193596404
CSO-16-11B-KRORE,0.0,2.5903694555759,0.0,0.0,-0.7030775677587379,-1.0107410984957566,-0.7030775677587379,-0.5198286419777011,0.03652956291335998,-0.8856417150707249,-2.209689492505137,-1.7865576278196917,-1.422551079136507,-1.1982503715232953,-0.8145200988939901
CSO-16-11B-LLOZA,0.0,3.1231046117988708,0.0,0.0,-0.65443947581693,-0.9661532892918889,-0.65443947581693,-0.45314630697239133,-0.32655963007457256,-0.763746433638802,-2.6406909322234737,-2.173501368004857,-1.1891360222316947,-1.1096846185902975,-0.47347072628521714
CSO-16-11B-YAROMO,0.0,3.3770650771168715,0.0,0.0,-0.5135732580612976,-0.8996969272987811,-0.5135732580612976,-0.3337040656362895,-0.27540025055994083,-0.5910113724533211,-2.6470950464440923,-2.16391425170104,-1.4524433938833698,-1.2276237647964987,-0.543350877690457
CSO-16-9A-JALEMO,0.0,3.9031941337066534,0.0,0.0,-0.5993964418576101,-0.8382106581444079,-0.5993964418576101,-0.39328800474276204,-0.5014487135092259,-0.649547238064969,-3.126580860884156,-2.6261777695995088,-0.9175449450663986,-1.0505551741100982,-0.691316763452187
CSO-16-9A-JPROSO,0.0,3.0360563851692657,0.0,0.0,-0.6432413692165849,-0.9569357442494445,-0.6432413692165849,-0.3951218268683197,0.263939771140986,-0.7015292567696461,-2.482859018765318,-2.0096140508516283,-0.6789234797347222,-0.14167570974664687,-0.6682247687740637
CSO-16-9A-JSMAGU,0.0,3.068029546412342,0.0,0.0,-0.5948399777012637,0.02325612062583929,-0.5948399777012637,-0.38196403359633385,-0.08065374342242349,-0.6716883127504997,-2.5134660036473244,-2.2387352837211694,-1.3863994867298182,-1.289013459003985,-0.6852819039503333
CSO-16-9B-SJPAJI,0.0,2.924635816856695,0.0,0.0,-0.7734186617396185,-1.1386755805230468,-0.7734186617396185,-0.5960596249902986,-0.8239754977029794,-0.8891438693957058,-2.5907572971576913,-2.1256573688555136,-1.5041722814609098,-2.2907664325304298,-1.058015547290578
CSO-17-10A-YVGOCA,0.0,3.619147527868286,0.0,0.0,-0.6712339483453673,-1.0377311024567795,-0.6712339483453673,-0.49807239569974093,0.6003380940965556,-0.7226682765870758,-3.065276704354608,-2.524608246285113,-1.3811926085331487,-1.8352536995019662,-0.9052301974312218
CSO-17-10B-EHECO,0.0,3.0758539346976486,0.0,0.0,-0.6140793783653591,-0.9429914105220081,-0.6140793783653591,-0.41171083099237527,0.02585897801939818,-0.7049318595773415,-2.5503141257300945,-2.0805354439470642,-1.1102874621626637,-0.9519986874577927,-0.6695625055709986
CSO-17-10B-YCQUVE,0.0,2.646144970162198,0.0,0.0,-0.6273336351147107,-0.9375427699774894,-0.6273336351147107,-0.43012289277376253,1.311988219976862,-0.7384053180098656,-2.219464628698327,-1.7516544657121074,-0.7053427745637341,-0.37607684557379156,-0.725082251933367
CSO-17-11A-DJAPA,0.0,2.859131491019448,0.0,0.0,-0.7004094976812255,-1.0425214207799827,-0.7004094976812255,-0.5916641970456871,-0.7718565451392962,-0.8977076361900257,-2.4599818841652152,-2.022143883889563,-1.6540548163315445,-1.779492523036372,-0.9343817995621505
CSO-17-11A-JDAMO,0.0,2.5003360260661323,0.0,0.0,-0.7150235910405895,-1.0253501341654965,-0.7150235910405895,-0.5333709476487504,0.6020149557808154,-0.846512098849747,-2.1667606538770157,-1.6703385373486028,-1.0863004214375038,-0.9555108663116713,-0.8649550311151426
CSO-17-11A-NPAHE,0.0,2.811564952529215,0.0,0.0,-0.70639875053545,-1.0004887230154513,-0.70639875053545,-0.5628538466489585,-0.4049858351120213,-0.8472662679825902,-2.4305916008241333,-2.004531206114493,-1.0696165286568526,-1.0798542140780318,-0.954871931015389
CSO-17-11A-RLPAIG,0.0,3.1751220383628014,0.0,0.0,-0.5436209184632859,-0.8766960450352753,-0.5436209184632859,-0.3743821824011398,-0.6879389865636999,-0.6474125680755899,-2.5700215175912433,-2.10720163058396,-0.9318940836950464,-0.785500872933883,-0.6053549438912323
CSO-17-11A-SPUVA,0.0,3.1718333695452,0.0,0.0,-0.5981682864326923,-0.9797105876876909,-0.5981682864326923,-0.4261280700658309,-0.32915523250375345,-0.7146003617197896,-2.573648624431204,-2.152304475721669,-1.4590103943699397,-1.6026765582278553,-0.6616278304818538
CSO-17-11B-CDBEBU,0.0,3.3683218318227093,0.0,0.0,-0.5568666666386572,-0.9595065190983965,-0.5568666666386572,-0.3853897795047032,-0.9760335662629311,-0.6503471964710791,-2.6687659025656894,-2.1522315387799016,-1.1022217897755298,-1.3719664611553655,-0.5956616930875549
CSO-17-11C-JDAAG,0.0,3.4425094844117035,0.0,0.0,-0.5319155054757159,-0.924756446599328,-0.5319155054757159,-0.33563784612312936,-1.0254953443833976,-0.5938881776828079,-2.6834830458303296,-2.2211350631280586,-0.9144409107439756,-0.7739650628021328,-0.5551579562936897
CSO-17-11C-MAPAMA,0.0,3.69133938341368,0.0,0.0,-0.5793934298919345,-0.9132458146013062,-0.5793934298919345,-0.37170185465825845,-1.0775137048689363,-0.635476333947664,-2.9809351310681556,-2.5261908695436697,-0.7462166760263371,-0.645086997601977,-0.5862004592793957
CSO-17-11C-MCAAG,0.0,3.2331802988563445,0.0,0.0,-0.5632425848991146,-0.9016997912422104,-0.5632425848991146,-0.3579977778041087,-0.10727467481333244,-0.6253846388514346,-2.5858682752144584,-2.1034642020460796,-0.47029415580968503,-0.18745414638255375,-0.6007390737846358
CSO-17-11C-SARJA,0.0,3.266847796835099,0.0,0.0,-0.5149489577265384,-0.8587203008203965,-0.5149489577265384,-0.3635732284713155,-0.6093700634161775,-0.6018505900062615,-2.6114371543287933,-2.1502163113563353,-1.0565666765225863,-0.7861092155510555,-0.5790558433981501
CSO-18-11A-ADBAHO,0.0,3.1049615416517327,0.0,0.0,-0.5854377391596899,-0.9317657664275699,-0.5854377391596899,-0.40462292703211694,-1.2890250638501712,-0.7098730159784263,-2.521973799384706,-2.073044544352288,-1.3058698344514095,-1.2631528930316203,-0.6959112962550105
CSO-18-11B-YLLRE,0.0,3.235109315581932,0.0,0.0,-0.7040914916675565,-1.021744286467907,-0.7040914916675565,-0.5252412116306387,0.1786175893179989,-0.822818459989171,-2.7627783797375245,-2.312104771201255,-0.598738744163267,-0.9216321793485015,-0.860425493433583
CSO-18-9B-MAMOLO,0.0,2.8928964747051324,0.0,0.0,-0.610483131252666,-0.221801306891083,-0.610483131252666,-0.42508935472669923,-0.9940036517706103,-0.7134737688332389,-2.3882699446396414,-2.051776084996311,-1.106885502460979,-1.0612229836868583,-0.6921360865832247
CSO-8-3A-AIPRBR,0.0,2.837132305954275,0.0,0.0,-0.6594362501560268,-0.9272669127737001,-0.6594362501560268,-0.4922270712578471,0.4671947342865912,-0.8051833256338568,-2.4206368062364643,-1.9806077299516942,-1.2833476876248269,-1.2607021423546694,-0.8272002056428611
CSO-8-3A-DAPAVA,0.0,2.4423080875797063,0.0,0.0,-0.7489472618908407,-1.0467916956241952,-0.7489472618908407,-0.552548178673984,0.5173253639772286,-0.9037441138695754,-2.116064720461177,-1.6197333201668598,-0.9412281837801956,-1.0404490346123114,-0.8904584566115221
CSO-8-3A-KVPECO,0.0,2.4392187848328333,0.0,0.0,-0.5404210937458284,-0.9355452163250623,-0.5404210937458284,-0.36642313656212067,0.15008923289657772,-0.626970024530989,-2.0092770844540406,-1.5063227162491544,-0.562348409290519,-0.4291875594713473,-0.5751136199122092
CSO-8-4A-ARAGR,0.0,2.570932853584773,0.0,0.0,-0.5849281917418615,-0.9473213268495239,-0.5849281917418615,-0.4267379610740894,-0.04734544983350085,-0.710932872920628,-2.1650035599230946,-1.6819941362043425,-0.7979158420357295,-0.5972937235294543,-0.7099471760012999
CSO-8-4A-JRAAR,0.0,2.9182513019863143,0.0,0.0,-0.5547619654278638,-0.9314687793118973,-0.5547619654278638,-0.4025402173518676,-0.3031580754110716,-0.6459443632865514,-2.3671313315480607,-1.8738203341972846,-1.003234280103823,-0.8469124833529503,-0.6509097728142225
CSO-9-2A-EXMOCO,0.0,2.392966258738655,0.0,0.0,-0.6704338290938503,-0.9981800788012665,-0.6704338290938503,-0.4757683911703204,-0.24072176482717514,-0.761574600139483,-2.018917133895072,-1.5097311387300067,-0.8080773918217063,-0.6605987760778127,-0.7915582860924877
CSO-9-4A-DKVIMO,0.0,2.172360727111281,0.0,0.0,-0.671981243662155,-0.9973834967815259,-0.671981243662155,-0.4726822212382347,1.080443076060417,-0.7788089468975512,-1.881148808026886,-1.3703732253111405,0.09840909077599555,0.2332292943451135,-0.8032381150466774
CSO-9-4A-DSMOMU,0.0,2.6053011515602793,0.0,0.0,-0.5500804209735153,-0.8897592866043286,-0.5500804209735153,-0.3110113315081446,-0.2500739921292027,-0.5971284102323311,-2.0745989997824754,-1.5680785414990397,-0.5767390358123721,-0.6028195749141535,-0.5187228224493529
CSO-9-4A-DVGATO,0.0,2.9318060327969944,0.0,0.0,-0.6924786180779602,-1.054916749776065,-0.6924786180779602,-0.49772228761969944,0.47874997667730484,-0.8409154608981744,-2.4192482980414636,-1.9801896403288808,-0.7314687429856601,-0.7407442814380081,-0.7312014111369282
CSO-9-4A-EGCAMO,0.0,2.409623295598906,0.0,0.0,-0.7185797259832511,-1.032001367845742,-0.7185797259832511,-0.5135567005265336,1.0092978918276097,-0.8270444162028409,-2.089283763211865,-1.5741155772169328,-0.7579709919011275,-0.8121468122108942,-0.8469626194734231
CSO-9-4A-FAGIGA,0.0,3.1043817008954164,0.0,0.0,-0.5777578046455608,-0.9288600332604725,-0.5777578046455608,-0.4102407881917741,0.08058165329263584,-0.6678620498595585,-2.5061339791551296,-2.047236872851401,-1.4523705288355049,-1.1500568241396643,-0.6430082103397037
CSO-9-4A-GSBRCO,0.0,2.083032725098236,0.0,0.0,-0.7289534661948148,-1.0712502380994264,-0.7289534661948148,-0.5528122601783436,1.2294154602362248,-0.9226716630227437,-1.8437911296235632,-1.3137105995879426,0.39758152207188663,0.4650656893970416,-1.0059296596457155
CSO-9-4A-KEMOCO,0.0,2.6447333249230085,0.0,0.0,-0.6956453059313646,-1.0357241675466642,-0.6956453059313646,-0.5054100346699456,0.9826699873140076,-0.8119591127723367,-2.2587511563092018,-1.797663489796929,-0.26403682433660264,-0.171061923747429,-0.8262679832711027
CSO-9-4A-LCOMO,0.0,2.5309998003436305,0.0,0.0,-0.6697680035452842,0.09331241014357836,-0.6697680035452842,-0.46146191864063973,0.5032360444460556,-0.7448941146874021,-2.1727202997514548,-1.953000764606475,-0.8462757915672693,-0.5559010973769352,-0.791862837040182
CSO-9-4A-MLORO,0.0,2.8261858512929634,0.0,0.0,-0.5824585232435284,-0.9410932633650672,-0.5824585232435284,-0.4135297733769768,-0.9967489195177627,-0.6649787320300881,-2.343518716147556,-1.8706270226798736,-1.1587658188227445,-1.0364770003947716,-0.6602255977286011
CSO-9-4A-MPAME,0.0,3.8333175178710053,0.0,0.0,-0.49289378748277446,-0.8738199522842943,-0.49289378748277446,-0.3661948627534201,-1.0126240740212185,-0.6258249014788472,-2.923073412188447,-2.374188868463647,-0.9461985082194312,-0.8988831021301765,-0.5217012625496282
CSO-9-4A-NSARPA,0.0,2.539105196403792,0.0,0.0,-0.6962306286711052,-1.0250385402824858,-0.6962306286711052,-0.5492462114408002,-0.24238655552863522,-0.8707570730219997,-2.2017882574201106,-1.7526500822094375,-1.2340025639065306,-1.3111494359869709,-0.8871384767328655
CSO-9-4A-SLOCA,0.0,3.0288282859974793,0.0,0.0,-0.7046315018552557,-1.0465245533786813,-0.7046315018552557,-0.5855900258266306,-0.6932939867092481,-0.8921833695411685,-2.641767575187752,-2.2093812607289847,-1.593027503484296,-1.4430513094635131,-0.9520295409898756
CSO-9-4A-YVDITR,0.0,1.7452771338197186,0.0,0.0,-0.6801752819694049,-1.0880493535665536,-0.6801752819694049,-0.5527501978953563,1.4135458144876878,-0.8560000091015016,-1.5676842479004487,-1.0000166260509453,-0.22830081714415398,-0.19708433958199975,-1.001615977000216
