file,z_wc,z_nodes,z_edges,z_re,z_pe,z_l1,z_l2,z_l3,z_lcc,z_lsc,z_atd,z_density,z_diameter,z_asp,z_cc
CDMS-10-4A-JURAN,0.0,0.0,0.0,-0.1831985899975101,0.0,-0.5465357250000211,0.0,0.0,-0.7704989879116912,0.0,0.0,0.0,-0.6541009870546163,-0.7901108544185242,2.170583391345211
CDMS-10-5A-HEPIHO,0.0,0.0,0.0,-0.4034732923929645,0.0,-0.4034732923929645,0.0,0.0,-1.0749372314625527,0.0,0.0,0.0,-1.2862562490249958,-1.3077418591952303,2.7358386808522472
CDMS-10-5A-KSRAGU,0.0,0.0,0.0,1.1156429780561172,0.0,-0.2813745336019476,0.0,0.0,-1.4772123399344395,0.0,0.0,0.0,-1.60877244415385,-1.576415032723431,0.0
CDMS-10-5A-SROPU,0.0,0.0,0.0,-0.7096780410322763,-0.19646774805794565,-0.7081455419551284,-0.20263942419936326,0.0,-0.8040543672633376,-0.20263942419936345,0.0,0.0,-0.5459317150102948,-1.0903452344838112,5.2049622773651345
CDMS-10-5A-SZURO,0.0,0.0,0.0,-0.5483870967741936,-0.14285714285714288,-0.6115928396627265,-0.14285714285714288,0.0,-1.341918070947704,-0.16552117772047373,0.0,0.0,-1.2777564150458676,-1.2956260878231574,2.8304388027057263
CDMS-10-5B-SRAJA,0.0,0.0,0.0,0.08090042174337443,-0.2634986034521615,-0.2353735134189795,-0.2634986034521615,0.0,-2.253609177430975,-0.25663548676261105,0.0,0.0,-1.0433460729735509,-1.2240919730326039,3.30293915510749
CDMS-10-5C-DAAUSA,0.0,0.0,0.0,-0.5235296376914396,-0.14285714285714288,-0.42008402520840293,-0.14285714285714288,0.0,-1.7535456702392718,-0.142857142857143,0.0,0.0,-1.113627725086238,-1.9659791940058524,3.4163587166727494
CDMS-10-5C-ICAPA,0.0,0.0,0.0,-0.7398102321278026,-0.10050378152592122,-0.6311687442672026,-0.10050378152592122,0.0,-1.6382791072098255,-0.142857142857143,0.0,0.0,-1.6655518054434717,-1.8767736563125055,3.067855525661776
CDMS-10-5C-JFALGI,0.0,0.0,0.0,-0.47612280848327637,0.0,-0.5077900234736241,0.0,0.0,-1.2266756598304305,0.0,0.0,0.0,-1.4921236244441578,-1.4954291131497377,4.492573726265144
CDMS-10-5C-MAORTO,0.0,0.0,0.0,0.2008807843807302,0.0,-0.3865556717425342,0.0,0.0,-1.2960894678783739,0.0,0.0,0.0,-1.0921542899089334,-1.3389348664834324,1.8775447353059749
CDMS-10-5C-NBEMO,0.0,0.0,0.0,-0.668042657122685,-0.20412414523193154,-0.6859943405700353,-0.20412414523193154,0.0,-1.7391024692657981,-0.20412414523193168,0.0,0.0,-1.7091488754078445,-1.7206587283729113,6.21144148777741
CDMS-10-6B-ASCACO,0.0,0.0,0.0,-0.11310692716311178,-0.10050378152592122,-0.6409831055487921,-0.10050378152592122,0.0,-0.8784381271934222,-0.1005037815259213,0.0,0.0,-0.43643578047198517,-0.7662725176711743,2.496526678106224
CDMS-10-6B-JJMOBE,0.0,0.0,0.0,-0.6304883249912806,-0.14285714285714288,-0.6324555320336759,-0.14285714285714288,0.0,-1.8968049251951653,-0.142857142857143,0.0,0.0,-1.5663007604327317,-1.6658797391332647,3.4788958985560505
CDMS-11-4A-GACHSA,0.0,0.0,0.0,0.0,-0.17586311452816475,-0.762251709072659,-0.17586311452816475,0.0,-1.314451987330319,-0.17586311452816492,0.0,0.0,-1.4780775946465659,-1.469648089796494,3.4634608725994913
CDMS-11-5A-EAARCA,0.0,0.0,0.0,-0.40586384117178453,-0.20412414523193154,-0.6585527740981747,-0.20412414523193154,0.0,-0.4984929998016487,-0.20412414523193168,0.0,0.0,-0.9402763230442287,-0.5372869417272116,2.5595089172044454
CDMS-11-5A-MGTHAR,0.0,0.0,0.0,-0.3984410738743758,-0.32684574372119035,-1.078347857809227,-0.33333333333333337,-0.10050378152592122,-1.7055816198188412,-0.353482846105935,0.0,0.0,-0.9608770493083715,-1.1766205947611852,3.789677618114197
CDMS-11-6A-DFVEBE,0.0,0.0,0.0,0.5333724821949497,-0.17586311452816475,-0.5582234686928769,-0.17586311452816475,0.0,-1.3193458927867585,-0.17586311452816492,0.0,0.0,-1.086309666889337,-1.2117617411802533,2.1002071501405837
CDMS-11-6A-NMREPR,0.0,0.0,0.0,-0.5528143522457292,-0.07142857142857144,-0.6199380605130178,-0.07142857142857144,0.0,-0.5152620912410477,-0.0714285714285715,0.0,0.0,-0.8226208191943998,-0.8624270134227159,2.1969783650145702
CDMS-11-6B-ARAHE,0.0,0.0,0.0,0.0,-0.10050378152592122,-0.4714045207910317,-0.10050378152592122,0.0,-1.768046354765279,-0.13538810472195736,0.0,0.0,-1.8785292682838455,-2.101979545871314,4.5394908674439405
CDMS-11-6B-AVROTO,0.0,0.0,0.0,0.16692446522239707,0.0,-0.7516283835227737,0.0,0.0,-0.8690829727468314,0.0,0.0,0.0,-1.1737319329679103,-1.2861545217541113,3.644957377763735
CDMS-11-6B-EAFESA,0.0,0.0,0.0,0.7771885391441803,-0.13538810472195725,-0.5243342889332725,-0.14285714285714288,0.0,-1.7926977386570877,-0.142857142857143,0.0,0.0,-1.2465004776815034,-1.6275018573161528,2.9989836612084844
CDMS-11-6B-EFRGR,0.0,0.0,0.0,0.5174488499967682,-0.31448545101657555,-0.8660254037844386,-0.33333333333333337,-0.10050378152592122,-1.8075746471103307,-0.31246028054915215,0.0,0.0,-1.1342522759528233,-1.3289156009344631,3.0701735685481006
CDMS-11-6B-EROCO,0.0,0.0,0.0,-1.313057825043088,-0.20412414523193154,-0.571823370154915,-0.20412414523193154,0.0,0.0,-0.21707238158772665,0.0,0.0,-0.8575894485643645,-1.0187175786802385,3.0100996561679336
CDMS-11-6B-JACUPE,0.0,0.0,0.0,0.7171371656006362,0.0,-0.3865556717425342,0.0,0.0,-0.9667445360542656,0.0,0.0,0.0,-0.5010548428959897,-0.6431784062444517,1.712650792247231
CDMS-11-6B-JDCHBA,0.0,0.0,0.0,-0.5555555555555556,-0.10050378152592122,-0.6527533657682195,-0.10050378152592122,0.0,-1.5636460938312775,-0.1005037815259213,0.0,0.0,-1.661715891146537,-1.758522131575846,4.105940020604134
CDMS-11-6B-JFSAHE,0.0,0.0,0.0,-0.7071067811865476,0.0,-0.5155800469472481,0.0,0.0,-0.7394590478489299,0.0,0.0,0.0,-1.2637011476362499,-1.2110881115916292,2.709628925100075
CDMS-11-6B-JLPENA,0.0,0.0,0.0,0.2722886990099199,0.0,-0.46576785016890526,0.0,0.0,-1.2404241907830702,0.0,0.0,0.0,-1.3906994048710932,-1.4455824217017834,2.023591044604715
CDMS-11-6B-JMARME,0.0,0.0,0.0,-0.3353735295826511,-0.17586311452816475,-0.6445718577453412,-0.17586311452816475,0.0,-1.360576341381408,-0.17586311452816492,0.0,0.0,-1.2599305086917734,-1.152244398079808,3.4464105158814236
CDMS-11-6B-JPSAMA,0.0,0.0,0.0,-0.6859503343955171,-0.1593601286926538,-0.8056944459053212,-0.1593601286926538,0.0,-1.5646818701450336,-0.17069214612431932,0.0,0.0,-1.7878697460483046,-1.9762006125307925,6.056610860060176
CDMS-11-6B-LESTA,0.0,0.0,0.0,0.06982217987364918,-0.14285714285714288,-0.8499111924604337,-0.14285714285714288,0.0,-1.2176028642454348,-0.142857142857143,0.0,0.0,-1.3821894809301758,-1.8340705843001555,3.8220470829769964
CDMS-11-6B-MAGIMU,0.0,0.0,0.0,0.04127200140829263,0.0,-0.5672282999896034,0.0,0.0,-2.38518129845778,0.0,0.0,0.0,-1.9581329122598197,-2.2963127410068345,5.3292892095869355
CDMS-11-6B-MEBRTA,0.0,0.0,0.0,-0.4038942056116761,0.0,-0.36927447293799814,0.0,0.0,-1.3446076533118936,0.0,0.0,0.0,-1.6373981151027046,-1.5175685847617113,2.616368260498008
CDMS-11-6B-MMAMO,0.0,0.0,0.0,0.5630070293961928,-0.1734906440445372,-0.5631594102958262,-0.1734906440445372,0.0,-2.1405519297840465,-0.17349064404453735,0.0,0.0,-1.7666756817937466,-1.7596352366951162,6.0792836784596345
CDMS-11-6B-RSECA,0.0,0.0,0.0,-1.0867316416314576,-0.2294157338705618,-0.7516283835227737,-0.2294157338705618,0.0,-0.9276178244599607,-0.229415733870562,0.0,0.0,-1.3382998706420803,-1.367407295743642,3.1722598155453077
CDMS-11-6B-SCAPA,0.0,0.0,0.0,0.0,0.0,0.0,0.0,0.0,-0.933064508784193,0.0,0.0,0.0,-0.8758139951764461,-1.0654451379334353,0.0
CDMS-11-6B-VZAPE,0.0,0.0,0.0,0.8919276941650762,-0.2634986034521615,-0.963819808200879,-0.2634986034521615,0.0,-1.9379993353347007,-0.2634986034521617,0.0,0.0,-1.5594310203993746,-1.784813250733933,4.884688376334424
CDMS-11-6B-YLNIME,0.0,0.0,0.0,0.011396797721793138,-0.10050378152592122,-0.7035264706814484,-0.10050378152592122,0.0,-1.6994116628998404,-0.1005037815259213,0.0,0.0,-0.9159905030088088,-1.2821842615281664,3.639752166560812
CDMS-11-7C-ICARE,0.0,0.0,0.0,0.7013363202894909,0.0,-0.27435163058436723,0.0,0.0,-0.9025841844432283,0.0,0.0,0.0,-1.0134234194190632,-1.0886514778353047,2.510152463275909
CDMS-11-7C-IMOIB,0.0,0.0,0.0,-0.55821655598023,-0.2294157338705618,-0.6559528457717391,-0.2294157338705618,0.0,-1.8198521974092698,-0.229415733870562,0.0,0.0,-1.5693431230415604,-2.0703498730043672,5.055375804784554
CDMS-11-7C-SALMA,0.0,0.0,0.0,-0.22793338537080324,-0.17586311452816475,-0.7718449849879598,-0.17586311452816475,0.0,-2.0006315324291406,-0.17586311452816492,0.0,0.0,-0.6395346135444813,-0.8773323260215711,3.781514195069369
CDMS-11-7C-SPGAVE,0.0,0.0,0.0,1.0891178609735856,0.0,-0.4034732923929645,0.0,0.0,-1.4565152646222208,0.0,0.0,0.0,-1.5937167024244414,-1.673799362147807,3.1797973380564857
CDMS-12-5A-SRIGO,0.0,0.0,0.0,-0.04533760534452785,-0.20412414523193154,-0.5488212999484517,-0.20412414523193154,0.0,-2.443848020679466,-0.20412414523193168,0.0,0.0,-2.2073702048991484,-2.3760721645509864,5.401140940121372
CDMS-12-6A-FAROPA,0.0,0.0,0.0,0.398226737840798,-0.14285714285714288,-0.8971664988325517,-0.14285714285714288,0.0,-2.2708297029836566,-0.16552117772047373,0.0,0.0,-1.0568616810488591,-1.4869176609912362,4.17686301666304
CDMS-12-6A-JGIGA,0.0,0.0,0.0,-0.6339698194966621,-0.28193917035448735,-0.7615527073935526,-0.29488391230979427,0.0,-1.032401698415951,-0.29488391230979455,0.0,0.0,-1.3537612256106981,-1.5201386809571389,3.638449308380328
CDMS-12-6A-JSOTGU,0.0,0.0,0.0,0.0,-0.10050378152592122,-0.5794738635559413,-0.10050378152592122,0.0,-0.5532414419843326,-0.1005037815259213,0.0,0.0,-0.7001400420140049,-0.7997633090360527,3.178529799574233
CDMS-12-6A-SROAL,0.0,0.0,0.0,-0.6308932681440449,-0.14285714285714288,-0.5089133578079825,-0.14285714285714288,0.0,-1.8240936032284096,-0.142857142857143,0.0,0.0,-1.3805861569821654,-1.6440405991336113,5.109229002030757
CDMS-12-6B-IJDAGA,0.0,0.0,0.0,-0.42891960218735453,-0.05025189076296061,-0.49216105241892627,-0.05025189076296061,0.0,-1.0066706249733146,-0.05025189076296065,0.0,0.0,-0.7104577990072781,-1.1442232792977365,2.4704986002733818
CDMS-12-6B-SCLAG,0.0,0.0,0.0,0.7327591989386093,-0.29488391230979427,-0.3865556717425342,-0.3144854510165755,0.0,-1.2161853879413638,-0.31448545101657577,0.0,0.0,-1.178777738957723,-1.283105258025213,3.95466279747874
CDMS-12-7C-ARAHE,0.0,0.0,0.0,0.3879584305560771,-0.2528177449048476,-0.8559335106880542,-0.2593047981242535,-0.10050378152592122,-2.709194137011305,-0.2657789163021512,0.0,0.0,-1.7660241304778717,-1.9411329968584852,5.473340883139546
CDMS-12-7C-CATRAR,0.0,0.0,0.0,-0.2910989301921688,-0.14285714285714288,-0.7139159005007052,-0.14285714285714288,0.0,-1.3984488615899426,-0.142857142857143,0.0,0.0,-0.9541407124898669,-1.2603906552771453,4.275833574218858
CDMS-12-7C-DLOLO,0.0,0.0,0.0,1.5646967316604727,-0.19245008972987523,-1.0653526916680511,-0.20412414523193154,0.0,-2.0843145513864654,-0.20412414523193168,0.0,0.0,-0.7751241440518402,-1.1933107411181136,3.570006158387255
CDMS-12-7C-JSZAOR,0.0,0.0,0.0,-1.4049611855418698,0.0,-0.36927447293799814,0.0,0.0,0.3144854510165762,0.0,0.0,0.0,-0.41558138688564894,-0.40544362768371717,1.5851283816250252
CDMS-12-7C-MAROBE,0.0,0.0,0.0,-1.096762426109764,-0.14285714285714288,-0.5026028286234493,-0.14285714285714288,0.0,-1.5887908184083526,-0.142857142857143,0.0,0.0,-1.5321562116011997,-2.0748099160669673,6.204058669781885
CDMS-12-7C-VMAPA,0.0,0.0,0.0,-0.6987986245758636,-0.14285714285714288,-0.5927489783638191,-0.14285714285714288,0.0,-0.5574083631838835,-0.142857142857143,0.0,0.0,-0.8369194425993867,-1.116943371796591,3.4298519301613855
CDMS-12-7C-VQURA,0.0,0.0,0.0,-0.5488212999484517,-0.10050378152592122,-0.5465357250000211,-0.10050378152592122,0.0,-1.4022832523837665,-0.1005037815259213,0.0,0.0,-1.0582661842739332,-1.7311953770524244,3.0609365632546255
CDMS-13-6B-ASUMO,0.0,0.0,0.0,-0.8000802173808441,0.0,-0.5030438508058983,0.0,0.0,-0.7967635589832176,0.0,0.0,0.0,-1.5916606793692327,-1.7174438863792236,3.059368934188102
CDMS-13-6B-JDTAHE,0.0,0.0,0.0,-0.46852128566581813,0.0,-0.44450270916361834,0.0,0.0,0.18146955784596944,0.0,0.0,0.0,-0.1337614501305243,-0.06090779299815505,2.2722804020601366
CDMS-13-7C-MVEAR,0.0,0.0,0.0,0.37176876662880004,-0.18999362988004814,-0.5469895229520318,-0.18999362988004814,0.0,-0.37657485325309936,-0.1899936298800483,0.0,0.0,-0.6282912971829132,-0.6980788634758424,2.6536685026868234
CDMS-13-7C-RAIZAC,0.0,0.0,0.0,-0.7948923108829166,0.0,-0.2294157338705618,0.0,0.0,-0.8518574474546248,0.0,0.0,0.0,-0.5886694920507116,-0.8932743298311098,2.566888110793435
CDMS-13-7C-SSOSLO,0.0,0.0,0.0,0.31807230800195024,-0.17586311452816475,-0.47826086956521735,-0.17586311452816475,0.0,-2.673029252344866,-0.2159218944664727,0.0,0.0,-2.064741604835056,-2.3027553086129293,4.717120408601384
CDMS-14-10A-IMORTO,0.0,0.0,0.0,-0.9486600879515604,-0.17586311452816475,-0.4714045207910317,-0.17586311452816475,0.0,-1.5741271853523742,-0.17586311452816492,0.0,0.0,-1.8713256029055252,-2.057194476397976,4.2330713806407605
CDMS-14-10A-JCVANI,0.0,0.0,0.0,0.15936359148412854,0.0,-0.4460284306487974,0.0,0.0,-1.569488982689533,0.0,0.0,0.0,-1.7589511596903233,-1.9055575838279273,4.029719844674242
CDMS-14-5A-LSDUCO,0.0,0.0,0.0,1.5516067818566042,-0.6162495185552518,-0.5432144762551113,-0.6409831055487921,-0.21592189446647253,-3.0687728731169908,-0.6173803722306588,0.0,0.0,-1.7002337923169244,-1.9799349303187297,6.152338653757445
CDMS-14-6B-KDCAHE,0.0,0.0,0.0,-0.2849753608139194,-0.10050378152592122,-0.5,-0.10050378152592122,0.0,-1.9311348394029353,-0.1005037815259213,0.0,0.0,-1.531680241853637,-1.475931478795959,3.555042421131797
CDMS-15-10A-AMALOS,0.0,0.0,0.0,-0.6292370955082734,-0.2294157338705618,-0.33754196409860776,-0.2294157338705618,0.0,-1.455957033722534,-0.23468632171871678,0.0,0.0,-1.0728214693232245,-1.2443433792645076,3.7554887079224493
CDMS-15-10A-JJMACH,0.0,0.0,0.0,-0.47825437670103405,-0.21707238158772652,-0.6721239770148241,-0.21707238158772652,0.0,-2.0135261917696012,-0.21707238158772665,0.0,0.0,-1.507581823785598,-1.6749507046606646,5.863856712764995
CDMS-15-10A-MAALCA,0.0,0.0,0.0,0.7116435854515412,-0.20412414523193154,0.0,-0.20412414523193154,0.0,-2.023557938349634,-0.20412414523193168,0.0,0.0,-0.8626621856275073,-0.9920775970078494,1.5101667102416767
CDMS-15-10A-MAALRI,0.0,0.0,0.0,-0.6148988155821162,-0.20263942419936326,-0.6991220770514699,-0.20263942419936326,0.0,-1.8741009766547045,-0.2109329118002187,0.0,0.0,-2.0109439717651307,-2.1614854032123283,4.726639535870035
CDMS-15-10A-SGOMO,0.0,0.0,0.0,-1.0515066125337225,-0.17586311452816475,-0.6101545896612097,-0.17586311452816475,0.0,-1.8026730761823326,-0.1924500897298754,0.0,0.0,-1.6746622879057445,-2.0897833885358774,4.271491382926391
CDMS-15-10A-SHEGA,0.0,0.0,0.0,-0.31727553117513896,-0.05025189076296061,-0.5104658737953485,-0.05025189076296061,0.0,-1.6268717888658908,-0.05025189076296065,0.0,0.0,-1.6601571923677858,-1.7139724613386642,6.132755401082864
CDMS-15-11B-JEMOLO,0.0,0.0,0.0,0.23864329681272312,-0.20412414523193154,-0.6972269427107942,-0.20412414523193154,0.0,-1.3638246687914277,-0.20412414523193168,0.0,0.0,-1.4587834449254178,-1.309592739743021,4.410858995372218
CDMS-15-11B-VSAHO,0.0,0.0,0.0,-0.4840135525692105,-0.14285714285714288,-0.6877463849533247,-0.14285714285714288,0.0,-1.0998193642609742,-0.142857142857143,0.0,0.0,-1.522805346013033,-1.5734471781300323,4.647270929577262
CDMS-16-10A-SGALO,0.0,0.0,0.0,-0.5374894446031766,0.0,-0.48139881242866145,0.0,0.0,-1.2169179612954553,0.0,0.0,0.0,-1.567931898415273,-1.4987974692883286,4.82590698745374
CDMS-16-11B-NGABE,0.0,0.0,0.0,-0.37220586695528834,-0.3203581541090473,-0.6311687442672026,-0.33333333333333337,-0.10050378152592122,-1.8762791351439734,-0.3495633186072454,0.0,0.0,-1.7582211406555621,-1.8540979932465247,5.733052609386401
CDMS-17-10A-ASSAMO,0.0,0.0,0.0,-0.4843221048378526,0.0,-0.2294157338705618,0.0,0.0,-1.0248271158466453,0.0,0.0,0.0,-0.6790234494607341,-0.8749108353750878,2.30674503936977
CDMS-18-7C-VVECA,0.0,0.0,0.0,-0.2842253091799841,0.0,0.0,0.0,0.0,-1.2252637337409267,0.0,0.0,0.0,-1.1163126113028765,-1.8996715707575171,2.9881662572379795
CDMS-8-4A-DBEVA,0.0,0.0,0.0,0.0,0.0,-0.5310850045437944,0.0,0.0,-1.056710253024256,0.0,0.0,0.0,-0.5353033790313109,-0.7124867720953686,1.996271722446845
CDMS-8-4A-DJAVDA,0.0,0.0,0.0,-0.7076395032717503,0.0,-0.4114957261072595,0.0,0.0,-1.3019607724599738,0.0,0.0,0.0,-1.3402159003896599,-1.4146350243453532,3.4743898514626803
CDMS-8-4A-DOSTR,0.0,0.0,0.0,-0.31166767670244083,-0.14285714285714288,-0.5423640813900673,-0.14285714285714288,0.0,-1.319472316588948,-0.142857142857143,0.0,0.0,-1.3952663046302318,-1.6042057279478643,3.169690219574389
CDMS-8-4A-LGOPA,0.0,0.0,0.0,0.3894149727410132,-0.2346863217187166,-0.884373288550803,-0.24103065509525873,0.0,-2.1150589254899446,-0.24103065509525895,0.0,0.0,-1.8485919470909287,-1.8969276386752192,2.923132293205624
CDMS-8-4C-JDBUTU,0.0,0.0,0.0,0.3677829987153033,-0.10050378152592122,-0.46054546176053496,-0.10050378152592122,0.0,-0.9374116845167323,-0.1005037815259213,0.0,0.0,-1.4061485230745157,-1.3899912327130706,3.4058479453027237
CDMS-9-4A-ACDUTR,0.0,0.0,0.0,0.09045340337332912,-0.12168046219153206,-0.6998574564138873,-0.12168046219153206,0.0,-1.8555088813863982,-0.12168046219153214,0.0,0.0,-1.4073673780258988,-2.286145665793378,4.737621011128219
CDMS-9-4A-CARGA,0.0,0.0,0.0,1.2296745756951657,-0.14285714285714288,-0.6578396785497759,-0.14285714285714288,0.0,-2.694851521002474,-0.142857142857143,0.0,0.0,-1.6492796493025976,-1.7621480318686913,3.0237549322432957
CDMS-9-4A-CRAAG,0.0,0.0,0.0,0.5862459326471359,-0.20263942419936326,-0.4630746905914398,-0.20263942419936326,0.0,-1.1509977628399872,-0.20263942419936345,0.0,0.0,-0.8558724165433236,-0.9110315636626918,2.774773375792369
CDMS-9-4A-EROHI,0.0,0.0,0.0,-0.5740516606437012,-0.14285714285714288,-0.6092688028314309,-0.14285714285714288,0.0,-2.786891468241396,-0.142857142857143,0.0,0.0,-1.9474342945362886,-2.1438101720490446,7.71480626079955
CDMS-9-4A-ILOSE,0.0,0.0,0.0,0.24045144106275002,-0.2634986034521615,-0.8047361696882844,-0.2634986034521615,-0.11794594312393925,-1.9643352968822856,-0.27964463423355124,0.0,0.0,-1.1661927305050503,-1.5584355409009398,4.622889243272057
CDMS-9-4A-TGAFR,0.0,0.0,0.0,-0.9251460406371258,-0.17586311452816475,-0.58481530992811,-0.17586311452816475,0.0,-0.4397723060694542,-0.17586311452816492,0.0,0.0,-0.9589184199825517,-1.1870467621139076,3.1284239912895453
CDMS-9-4C-SCAMO,0.0,0.0,0.0,-0.6396767186821002,0.0,-0.4780634766539702,0.0,0.0,-0.3279344243283049,0.0,0.0,0.0,-0.0968323234683424,-0.9496569172229096,3.5197762737309173
CDMS-9-5A-ABERO,0.0,0.0,0.0,0.38986544204475704,0.0,-0.5784120663727836,0.0,0.0,-1.0259979668527905,0.0,0.0,0.0,-0.9291250309782064,-1.0731301478933235,3.3553709665103684
CDMS-9-5A-PAGACO,0.0,0.0,0.0,0.6692593063026574,-0.12168046219153206,-0.703970974108624,-0.12168046219153206,0.0,-1.8308448099376684,-0.12168046219153214,0.0,0.0,-1.6452567608374928,-1.5733367852191198,4.987077565458859
CDMS-9-5A-VVAAR,0.0,0.0,0.0,-0.5404541951366535,-0.05025189076296061,-0.47628481892762586,-0.05025189076296061,0.0,-0.9386958724694693,-0.05025189076296065,0.0,0.0,-1.034263037609655,-1.0204268729177084,3.5682844948227395
CDMS-9-5C-JDMADE,0.0,0.0,0.0,0.9606056770993785,0.0,0.0,0.0,0.0,-1.1385657515382936,0.0,0.0,0.0,-0.9210884791051946,-1.221158306361351,0.0
CDMS-9-5C-LVIZAC,0.0,0.0,0.0,0.668042657122685,0.0,0.0,0.0,0.0,-1.2923405370051217,0.0,0.0,0.0,-1.1698785578505277,-1.3337823751622664,0.0
CDMS-9-5C-MLOGO,0.0,0.0,0.0,-0.6216142641389738,-0.10050378152592122,-0.7624928516630234,-0.10050378152592122,0.0,-0.6842533394128135,-0.1005037815259213,0.0,0.0,-0.9803692458332619,-1.1538529840775245,2.6807296093051014
CDMS-9-5C-SCAAG,0.0,0.0,0.0,-0.5503684628418031,-0.12168046219153206,-0.5276137114523767,-0.12168046219153206,0.0,-1.7701971898971003,-0.12168046219153214,0.0,0.0,-1.098480751847601,-1.2293080671295225,4.2265709509446925
CDMS-XX-10A-VGILO,0.0,0.0,0.0,-0.581290525282177,-0.23995690956687138,-0.5852057359806528,-0.25264557631995566,0.0,-2.523668899719175,-0.2768226489542254,0.0,0.0,-1.987104959042659,-2.2192953336240127,5.852556700369595
CDMS-XX-5C-MJSARU,0.0,0.0,0.0,-0.7381051253765321,0.0,-0.6304883249912806,0.0,0.0,-1.3461841863350543,0.0,0.0,0.0,-1.338877362790406,-1.7439643942321237,4.528451129901991
CDMS-XX-5C-MPCAQU,0.0,0.0,0.0,-0.5161719501183808,-0.14285714285714288,-0.622662721177668,-0.14285714285714288,0.0,-0.2353911021603265,-0.142857142857143,0.0,0.0,-0.7679871292663026,-0.603676973744885,2.823628416780103
CDMS-XX-6A-MAGICA,0.0,0.0,0.0,-0.6902013856519744,-0.10050378152592122,-0.5393308788692646,-0.10050378152592122,0.0,-1.1059511135271627,-0.1005037815259213,0.0,0.0,-1.1792955782082266,-1.2415192796629335,3.644957377763735
CDMS-XX-6B-SPUCA,0.0,0.0,0.0,-0.21676993955124663,-0.05025189076296061,-0.48407484240125,-0.05025189076296061,0.0,-0.7313554001597135,-0.05025189076296065,0.0,0.0,-0.9383561919512314,-1.0720191392169607,2.2062160818856897
CSO-10-4A-ICAPA,0.0,0.0,0.0,0.6160172487244494,-0.10050378152592122,-0.6162495185552518,-0.10050378152592122,0.0,-1.4897856887088814,-0.13538810472195736,0.0,0.0,-1.1288461323967738,-1.3490243730468312,4.936258141173757
CSO-10-4A-KCOMO,0.0,0.0,0.0,-0.7693357772490568,-0.27376474431487496,-0.8922132473578253,-0.27376474431487496,0.0,-0.6999398524465137,-0.27376474431487524,0.0,0.0,-0.8500172538479012,-0.9130100064941375,3.717908516034884
CSO-10-4A-LRAVI,0.0,0.0,0.0,-1.1159271775735393,-0.17069214612431916,-0.7423074889580903,-0.17586311452816475,0.0,-0.9791033535904756,-0.17586311452816492,0.0,0.0,-1.3402325801044301,-1.5815727294900794,4.155971296573497
CSO-10-4A-LSCAVA,0.0,0.0,0.0,-0.4843221048378526,0.0,-0.5794738635559413,0.0,0.0,-1.0262841380929664,0.0,0.0,0.0,-1.4981530085762298,-1.7210038676027075,4.006487249528601
CSO-10-5A-ACAVA,0.0,0.0,0.0,-1.035282211766324,-0.05025189076296061,-0.54527554195021,-0.05025189076296061,0.0,-0.8129230319738481,-0.05025189076296065,0.0,0.0,-0.7374476447683802,-1.1292322240928239,3.1024687795722667
CSO-10-5A-ARACA,0.0,0.0,0.0,0.35613582161150786,0.0,0.0,0.0,0.0,-0.6292148459887237,0.0,0.0,0.0,-0.5110769005080088,-0.8529520635712162,0.0
CSO-10-5A-DABRZA,0.0,0.0,0.0,0.8521723032975113,-0.05025189076296061,-0.5359112177468492,-0.05025189076296061,0.0,-2.356182584117459,-0.05025189076296065,0.0,0.0,-1.6275067418332716,-1.9518050960399513,5.011378365258098
CSO-10-5A-GZAMA,0.0,0.0,0.0,0.09950184827847001,-0.25264557631995566,-0.6612233653467519,-0.25264557631995566,0.0,-2.0610193365373037,-0.25264557631995593,0.0,0.0,-0.9294115057293622,-1.3744647355692698,4.233029671695805
CSO-10-5A-IPECA,0.0,0.0,0.0,0.194202975786953,-0.29488391230979427,-0.7431605356175383,-0.30151134457776363,-0.10050378152592122,-2.911301371496204,-0.31448545101657577,0.0,0.0,-1.4860957456944102,-1.7953887816373708,4.686302201770505
CSO-10-5A-JANORO,0.0,0.0,0.0,-0.626300100575299,-0.14285714285714288,-0.5180653234396059,-0.14285714285714288,0.0,-0.5401581109302102,-0.142857142857143,0.0,0.0,-0.7504283707412241,-0.759453499803139,2.6097192294463727
CSO-10-5A-JBUVE,0.0,0.0,0.0,-0.6482314456159533,-0.10050378152592122,-0.6451515881464832,-0.10050378152592122,0.0,-1.4442439790557908,-0.1005037815259213,0.0,0.0,-1.8193680191534192,-1.7681761183491733,4.286775521832117
CSO-10-5A-JJSEMO,0.0,0.0,0.0,0.4891731782475608,-0.12168046219153206,-0.28973693177797066,-0.12168046219153206,0.0,-1.8181521560460467,-0.12168046219153214,0.0,0.0,-1.1528553634047682,-1.3859860651130171,1.4001393170691259
CSO-10-5A-JLCARI,0.0,0.0,0.0,-0.6366960419813478,-0.14285714285714288,-0.6081636405595373,-0.14285714285714288,0.0,-1.1646631160439727,-0.142857142857143,0.0,0.0,-1.1955607986773802,-1.5992609833870697,4.023838651137477
CSO-10-5A-MAARAN,0.0,0.0,0.0,-0.021338660421986535,-0.25264557631995566,-0.7649551838693402,-0.25264557631995566,0.0,-1.394747034107596,-0.25264557631995593,0.0,0.0,-1.770853665143415,-1.750197491693919,4.60881529176935
CSO-10-5A-MAOSMO,0.0,0.0,0.0,-0.4525696378552518,0.0,-0.5465357250000211,0.0,0.0,-1.06756979639226,0.0,0.0,0.0,-1.2657166436429412,-1.315426275602787,2.780383115413565
CSO-10-5A-RVMOIB,0.0,0.0,0.0,-0.6508674661844908,-0.13538810472195725,-0.5645919971074178,-0.14285714285714288,0.0,-1.6145564131205468,-0.142857142857143,0.0,0.0,-1.2397011476029913,-1.6546817436509174,5.011551672668471
CSO-10-5A-SVHEES,0.0,0.0,0.0,-0.18415174501170273,-0.2634986034521615,-0.7769973944687882,-0.2634986034521615,0.0,-1.3365184027107264,-0.2634986034521617,0.0,0.0,-1.367592890688399,-1.5200099649576793,3.7689353561122507
CSO-11-5A-MDVOSPE,0.0,0.0,0.0,-0.29742037664271476,-0.14285714285714288,-0.5324915566244339,-0.14285714285714288,0.0,-1.9495684549068084,-0.142857142857143,0.0,0.0,-1.4693310926480492,-1.7211780895494313,3.0832632596199834
CSO-11-5A-MTAGA,0.0,0.0,0.0,0.0,0.0,-0.5077900234736241,0.0,0.0,-1.2153927499771133,0.0,0.0,0.0,-1.1548993291204392,-1.2986960886485286,2.7664592872395293
CSO-11-6A-CAPAMU,0.0,0.0,0.0,-0.4034732923929645,-0.10050378152592122,-0.5465357250000211,-0.10050378152592122,0.0,-1.483629518067585,-0.1005037815259213,0.0,0.0,-1.1946284559938136,-1.877993081222265,4.0432163914808745
CSO-11-6A-DSCACH,0.0,0.0,0.0,-0.5773472845030589,0.0,-0.4903783102370909,0.0,0.0,-1.0320523232044287,0.0,0.0,0.0,-1.09611693405971,-1.528989985117079,1.9723293280547947
CSO-11-6A-EROMO,0.0,0.0,0.0,-0.979199336857139,-0.14285714285714288,-0.7165107536316874,-0.14285714285714288,0.0,-1.3747492162205104,-0.142857142857143,0.0,0.0,-1.7257586724055485,-2.093848004915438,5.227882202186601
CSO-11-6A-FSOVRE,0.0,0.0,0.0,-0.5972244529355625,-0.1593601286926538,-0.5429333019346428,-0.1593601286926538,0.0,-1.207062523422924,-0.17069214612431932,0.0,0.0,-1.6303698153225903,-1.7058386177269793,4.00267720295039
CSO-11-6B-ANREVA,0.0,0.0,0.0,-0.4034732923929645,-0.10050378152592122,-0.6115928396627265,-0.10050378152592122,0.0,-1.2077621697542351,-0.1005037815259213,0.0,0.0,-1.2191723440681446,-1.5689745223209102,5.6362204220088
CSO-11-6B-DISEMO,0.0,0.0,0.0,-0.05718692589113443,-0.22266881416851717,-0.8895394810534762,-0.2294157338705618,0.0,-1.0679076368296747,-0.229415733870562,0.0,0.0,-1.1444997860479407,-1.4690407457188215,2.474702177728683
CSO-11-6B-LHFDLACH,0.0,0.0,0.0,0.24781073263989983,0.0,-0.46279762485732295,0.0,0.0,-1.7822655773580136,0.0,0.0,0.0,-1.4198713372716916,-1.93283008040969,3.745153594926518
CSO-11-6B-RJGIHE,0.0,0.0,0.0,-0.2634986034521615,0.0,0.0,0.0,0.0,-1.09935824726193,0.0,0.0,0.0,-1.2597288160600235,-1.3495217510155917,0.0
CSO-11-6B-SFLVA,0.0,0.0,0.0,-0.9920923333132067,-0.29488391230979427,-0.753472216053747,-0.29488391230979427,0.0,-1.3048765086025198,-0.29488391230979455,0.0,0.0,-1.0999485839375591,-1.3081792512520178,3.6428361026378338
CSO-11-6B-VCOMA,0.0,0.0,0.0,-0.222643337290516,0.0,-0.4034732923929645,0.0,0.0,-1.8164721235307357,0.0,0.0,0.0,-1.363671546232087,-1.698305748548597,3.6863214659666843
CSO-12-6A-DGISE,0.0,0.0,0.0,-0.819990377720392,-0.10050378152592122,-0.48705678739484887,-0.10050378152592122,0.0,-1.0347929552219568,-0.1005037815259213,0.0,0.0,-1.1320809400549736,-1.2485402774222127,2.2076694821549654
CSO-12-6A-FJOVRE,0.0,0.0,0.0,-0.9464825280020815,-0.10050378152592122,-0.6859943405700353,-0.10050378152592122,0.0,-1.0773092039354024,-0.1005037815259213,0.0,0.0,-1.6379213076770107,-1.68540149634345,4.903118894185447
CSO-12-6B-GQULO,0.0,0.0,0.0,-0.3092208432180439,-0.25264557631995566,-0.626300100575299,-0.25264557631995566,0.0,-1.746493210889464,-0.2614881801842456,0.0,0.0,-1.673101488255887,-2.215524971726888,6.288476318504981
CSO-12-6B-LJHEFE,0.0,0.0,0.0,-0.35349219571776674,0.0,-0.3905667329424716,0.0,0.0,-1.38298208852364,0.0,0.0,0.0,-1.230240011403256,-1.462634259530112,6.177620747134579
CSO-12-6B-VPAMA,0.0,0.0,0.0,1.3255101347904439,0.0,-0.7251550696685151,0.0,0.0,-1.8418189976267652,0.0,0.0,0.0,-1.628026165785582,-2.0612001013340295,3.8623492824332604
CSO-12-7A-DALRE,0.0,0.0,0.0,-0.47258263230196346,-0.20412414523193154,-0.7573401631618395,-0.20412414523193154,0.0,-1.1102889792108186,-0.21707238158772665,0.0,0.0,-0.5054029663324062,-1.1100542007996372,2.80286643268519
CSO-12-7A-ESALA,0.0,0.0,0.0,0.0,0.0,-0.43643578047198484,0.0,0.0,-0.7975401925335839,0.0,0.0,0.0,-1.097261303492042,-1.2157638896218905,1.9378150752990355
CSO-12-7A-IMERO,0.0,0.0,0.0,-0.4430601970695374,0.0,-0.5310850045437944,0.0,0.0,-0.80957310944808,0.0,0.0,0.0,-1.2374368670764584,-1.2534170168148207,3.221947980570368
CSO-12-7A-JHEZA,0.0,0.0,0.0,0.0,0.0,-0.43643578047198484,0.0,0.0,-0.9391972957658499,0.0,0.0,0.0,-1.0479649338280785,-1.321339139363594,2.9142152926544416
CSO-12-7A-LSARAR,0.0,0.0,0.0,-0.6834296476214932,-0.2294157338705618,-0.6726915834767422,-0.2294157338705618,0.0,-2.0,-0.229415733870562,0.0,0.0,-1.6882314376960443,-2.344496046137519,5.055116367276743
CSO-12-7A-SCAHO,0.0,0.0,0.0,0.0,-0.05025189076296061,-0.5557976342438063,-0.05025189076296061,0.0,-1.8919552369487276,-0.05025189076296065,0.0,0.0,-1.7071394578423273,-2.0450823046712467,4.399886017400164
CSO-12-7B-DVAGRO,0.0,0.0,0.0,0.23110543251691065,-0.14285714285714288,-0.4034732923929645,-0.14285714285714288,0.0,-1.9655918393970133,-0.142857142857143,0.0,0.0,-2.0855209398041166,-2.309929241677189,2.911994616011368
CSO-12-7B-SMUGU,0.0,0.0,0.0,-0.871081932991894,0.0,-0.5077035546908235,0.0,0.0,0.059280500584165306,0.0,0.0,0.0,-0.6675227781492545,-0.5924212985724989,1.4577077539500813
CSO-12-7B-SSARA,0.0,0.0,0.0,-0.261840517303712,-0.138183448027043,-0.20194638660652856,-0.138183448027043,0.0,-1.4940548808120666,-0.1381834480270431,0.0,0.0,-1.6250467401623,-1.6368305952377615,4.094594697814838
CSO-12-7B-VHOMA,0.0,0.0,0.0,-0.4259268450503576,0.0,-0.47073325202285654,0.0,0.0,-0.8895910982320565,0.0,0.0,0.0,-1.2990408677736596,-1.2546230609143199,2.6243416463241016
CSO-12-8A-YTOME,0.0,0.0,0.0,0.8049289727878317,-0.278370226083291,-0.18152487206721937,-0.3021035504876409,-0.05025189076296061,-3.129639690171552,-0.30652485241978605,0.0,0.0,-1.3180017205940242,-1.8345661244302938,2.6447971989883605
CSO-13-6A-ANASA,0.0,0.0,0.0,-0.22016642784034046,-0.14285714285714288,-0.5961663288441148,-0.14285714285714288,0.0,-1.298572943538143,-0.15418916028880836,0.0,0.0,-1.1655438859120326,-1.4976615033969831,5.662146123664677
CSO-13-6B-JETAVE,0.0,0.0,0.0,-0.7080124164434932,-0.17586311452816475,-0.6391014819458268,-0.17586311452816475,0.0,-0.9981834680732117,-0.17586311452816492,0.0,0.0,-1.1640455086819415,-1.3339072331859383,3.7759085266535704
CSO-13-6B-LFMIES,0.0,0.0,0.0,-0.6358539037177646,-0.18415660212902,-0.5168439165836218,-0.18999362988004814,0.0,-1.4278742876083164,-0.1899936298800483,0.0,0.0,-1.3990697780468655,-1.5162598680161667,3.9107768327640113
CSO-13-6B-LJMAHU,0.0,0.0,0.0,-0.6152198555457548,-0.10050378152592122,-0.7582496212034737,-0.10050378152592122,0.0,-1.131481370569382,-0.1005037815259213,0.0,0.0,-1.4847041388319528,-1.565455434465278,3.1861400476686748
CSO-13-7A-CAPAMU,0.0,0.0,0.0,-0.43357078580128716,0.0,-0.4764216952518354,0.0,0.0,-1.4174717054706407,0.0,0.0,0.0,-1.4085829721349197,-1.4489154983835584,3.548826545353732
CSO-13-7A-CDDITR,0.0,0.0,0.0,0.0,0.0,0.0,0.0,0.0,-0.36163476764331265,0.0,0.0,0.0,-0.4623158427148084,-0.639800327250452,0.0
CSO-13-7A-JJATFL,0.0,0.0,0.0,-0.8870090113462081,-0.17586311452816475,-0.6224199682387501,-0.17586311452816475,0.0,-1.1147411286841262,-0.17586311452816492,0.0,0.0,-1.3093852799172612,-1.5180207898170224,4.558744612060841
CSO-13-7A-KRAMA,0.0,0.0,0.0,-0.10592634533402019,-0.2294157338705618,-0.6519041681304218,-0.2294157338705618,0.0,-3.9916975447921303,-0.229415733870562,0.0,0.0,-2.0632391548599736,-2.2131925566877397,4.944337321952935
CSO-13-7A-RXCHLU,0.0,0.0,0.0,-0.5899334304685602,0.0,-0.5180653234396059,0.0,0.0,-1.3037974683544307,0.0,0.0,0.0,-0.9146838249186697,-0.7515386901485562,2.5606214338744273
CSO-13-7A-YAMEZA,0.0,0.0,0.0,-0.5332325132172638,0.0,-0.8830589794381336,0.0,0.0,-1.8740560151371386,0.0,0.0,0.0,-1.7078338993124675,-2.437802205222352,5.635705408913348
CSO-13-7A-YBOSO,0.0,0.0,0.0,-0.5276137114523767,-0.07142857142857144,-0.8067638389241591,-0.07142857142857144,0.0,-0.4253433794883651,-0.0714285714285715,0.0,0.0,-0.9849335535423602,-1.112230002480704,1.6270028462238548
CSO-13-8A-KIGAGU,0.0,0.0,0.0,0.0692075902862897,-0.2515436819175569,-0.1606926913418337,-0.26214982309017804,0.0,-1.9374084257518724,-0.26214982309017826,0.0,0.0,-1.2278343100866917,-1.5801123799961738,4.503247904851442
CSO-13-8A-MBUAN,0.0,0.0,0.0,-0.30418847301159935,-0.1593601286926538,-0.6684733646332515,-0.1593601286926538,0.0,-1.8727105554492263,-0.17586311452816492,0.0,0.0,-1.6178349906912879,-1.8929517355810255,3.6762869124683615
CSO-13-8A-MGAAN,0.0,0.0,0.0,0.0,0.0,-0.20173664619648224,0.0,0.0,-0.7007692252847815,0.0,0.0,0.0,-0.7989477629700698,-1.1171033730489905,1.5601258204382602
CSO-13-8A-MGAHE,0.0,0.0,0.0,-0.8330937369456018,-0.17586311452816475,-0.5948030041269223,-0.17586311452816475,0.0,-0.9265741163334449,-0.17586311452816492,0.0,0.0,-1.2909040556220739,-1.351351842566318,3.225812760237582
CSO-13-8A-MJAGA,0.0,0.0,0.0,0.08629809737139725,-0.10050378152592122,-0.38637388266548134,-0.10050378152592122,0.0,-1.8657692511089696,-0.1005037815259213,0.0,0.0,-1.950117111149057,-1.9219910024094204,4.395178463080056
CSO-13-8A-VHODU,0.0,0.0,0.0,-0.7358945638949745,-0.29734543908720157,-0.137579090044746,-0.303798718812448,-0.05025189076296061,-0.6172313191230996,-0.3102728369903454,0.0,0.0,-1.3857308810426834,-1.5579233957047252,3.3916674110869742
CSO-13-8B-FCJISA,0.0,0.0,0.0,0.0,0.0,0.0,0.0,0.0,0.0,0.0,0.0,0.0,0.0,0.0,0.0
CSO-13-8B-JEMABE,0.0,0.0,0.0,-0.09631463879976404,-0.20263942419936326,-0.5957633385638303,-0.20263942419936326,0.0,-2.754808754310173,-0.2109329118002187,0.0,0.0,-1.125838308571106,-2.2239290237487443,5.745418106797187
CSO-13-9B-DMLLLU,0.0,0.0,0.0,1.610274950955428,-0.1593601286926538,-0.6451381155644951,-0.1593601286926538,0.0,-2.013975853692756,-0.15936012869265395,0.0,0.0,-2.1318962888375506,-2.0858547666905727,3.577689583447441
CSO-14-7A-MVEBE,0.0,0.0,0.0,-0.8221786020271296,-0.17586311452816475,-0.5773502691896258,-0.17586311452816475,0.0,-1.624803124467875,-0.1924500897298754,0.0,0.0,-1.6504645111351128,-1.9766945985510234,3.18538812230724
CSO-14-7B-EALHU,0.0,0.0,0.0,-0.44961670266465403,-0.07142857142857144,-0.6457991512564335,-0.07142857142857144,0.0,-0.8385548141130391,-0.08276058886023686,0.0,0.0,-0.8342677771621371,-1.2112037397121527,2.3508510416034856
CSO-14-7B-EVEGO,0.0,0.0,0.0,-0.3330234878359508,-0.05025189076296061,-0.5155800469472481,-0.05025189076296061,0.0,-1.323846108499232,-0.1005037815259213,0.0,0.0,-1.6322462464685161,-1.7968096188031901,4.123692181561916
CSO-14-8A-AQUMA,0.0,0.0,0.0,-0.7995900589021114,0.0,-0.6101545896612097,0.0,0.0,-0.3411675432985304,0.0,0.0,0.0,-0.8300973271250395,-0.9736270213669139,3.006850575005838
CSO-14-8A-MCIDOS,0.0,0.0,0.0,0.0,0.0,0.0,0.0,0.0,0.0,0.0,0.0,0.0,0.0,0.0,0.0
CSO-14-8A-SZARA,0.0,0.0,0.0,-0.8018471881948508,-0.10050378152592122,-0.6759086308857134,-0.10050378152592122,0.0,-0.6918286180969258,-0.1005037815259213,0.0,0.0,-0.8678133684447713,-0.917588603096452,3.220531627472451
CSO-14-8B-JLLORA,0.0,0.0,0.0,-0.6004799168259747,-0.12168046219153206,-0.6168534413653809,-0.12168046219153206,0.0,-1.4559238855612495,-0.12168046219153214,0.0,0.0,-1.4605595397021642,-1.902220829795087,3.7948648144565444
CSO-14-9A-AEDCAGO,0.0,0.0,0.0,-1.1231116230585996,-0.17586311452816475,-0.5952633286539433,-0.17586311452816475,0.0,-0.8909012909891301,-0.17586311452816492,0.0,0.0,-1.4830105435136476,-1.5097833962196123,4.39715509608778
CSO-14-9A-HASACA,0.0,0.0,0.0,-0.2645423386341347,0.0,-0.49535030901731997,0.0,0.0,-1.8570308249213483,0.0,0.0,0.0,-1.730960438680475,-2.217034862673966,4.479906641050977
CSO-14-9A-JSMAAL,0.0,0.0,0.0,0.12508043149846293,-0.19828711748090339,-0.44670844564947865,-0.20412414523193154,0.0,-1.506538516072393,-0.2164971380270997,0.0,0.0,-1.5533746727347184,-1.579056780110487,3.77538015543935
CSO-14-9A-MARJA,0.0,0.0,0.0,-0.3174966765511382,0.0,-0.5395136408122275,0.0,0.0,-1.412699167402807,0.0,0.0,0.0,-1.2834411428670565,-1.6573051396150236,3.100018447804628
CSO-14-9A-SORZU,0.0,0.0,0.0,-0.4843221048378526,-0.10050378152592122,-0.42354655255943036,-0.10050378152592122,0.0,-0.934687379993526,-0.1005037815259213,0.0,0.0,-0.9182658858379146,-1.2224485890495362,2.692416820743232
CSO-14-9B-ERAGA,0.0,0.0,0.0,-0.419246035095627,-0.10050378152592122,-0.3905667329424716,-0.10050378152592122,0.0,-1.2999462843211966,-0.1005037815259213,0.0,0.0,-1.5055761555974019,-1.246044356659168,3.565279835364503
CSO-14-9B-MFEGA,0.0,0.0,0.0,1.6614401791849023,0.0,-0.17669056802522107,0.0,0.0,-1.9090319819356425,0.0,0.0,0.0,-1.9186216213842564,-1.9219160260389243,1.709935675732419
CSO-15-10A-LJRAGU,0.0,0.0,0.0,0.4180410157898721,-0.3203581541090473,-0.8553372034476997,-0.3203581541090473,-0.10050378152592122,-1.695652173913042,-0.3322429367794642,0.0,0.0,-0.8926084406591747,-1.3872557013363234,5.873604728399654
CSO-15-10A-MAARLO,0.0,0.0,0.0,0.0680939436535107,0.0,0.0,0.0,0.0,-0.6426088763149214,0.0,0.0,0.0,-0.3563315890464476,-0.22336410828127667,1.3201324836002946
CSO-15-10A-SFEGA,0.0,0.0,0.0,-0.0676231840770495,-0.10206207261596577,-0.6496141994605102,-0.10206207261596577,0.0,-1.7546350008809057,-0.10206207261596584,0.0,0.0,-1.7818957818651913,-2.1215644281761787,6.391073256273294
CSO-15-10B-MEBUAR,0.0,0.0,0.0,0.35819286361178415,0.0,-0.3320791926238962,0.0,0.0,-1.4609655618763242,0.0,0.0,0.0,-1.2211227095393207,-1.3297402510808345,0.7274798081401377
CSO-15-10B-YVBUAN,0.0,0.0,0.0,-0.6989262981388241,0.0,-0.5488212999484517,0.0,0.0,-1.1673153554388727,0.0,0.0,0.0,-1.0513766025567817,-1.353151951103952,2.7839049752676646
CSO-15-10C-ALBAHO,0.0,0.0,0.0,-0.3125810685855793,0.0,-0.6152198555457548,0.0,0.0,-0.36964232522431695,0.0,0.0,0.0,-0.94070130148287,-0.7069991272264475,2.1119015494459097
CSO-15-10C-SSCAMO,0.0,0.0,0.0,-0.29441854080047136,0.0,-0.38282307929306586,0.0,0.0,-1.4144646882924317,0.0,0.0,0.0,-1.5487143325958206,-1.786384180857624,2.908132646219441
CSO-15-11C-JETALO,0.0,0.0,0.0,-0.014588051152682595,0.0,-0.43643578047198484,0.0,0.0,-1.0003853632191246,-0.1005037815259213,0.0,0.0,-0.9064044535009926,-1.3542831102784438,2.4370362459620134
CSO-15-7B-JCRAGA,0.0,0.0,0.0,-0.6254795188045752,-0.07142857142857144,-0.6576352108730426,-0.07142857142857144,0.0,-0.4290649786301747,-0.0714285714285715,0.0,0.0,-0.6352165395230575,-0.8813353279168387,2.496976545574551
CSO-15-8A-VBMABR,0.0,0.0,0.0,-0.3865556717425342,-0.2294157338705618,-0.6859943405700354,-0.2294157338705618,0.0,-0.7778331596716078,-0.229415733870562,0.0,0.0,-1.0074697583373833,-0.7248625176041049,4.249184831423563
CSO-15-8B-KEPOGO,0.0,0.0,0.0,0.3477497655944768,-0.12168046219153206,-0.5245225581582563,-0.12168046219153206,0.0,-2.098500765266569,-0.12168046219153214,0.0,0.0,-2.2722801676425597,-2.4093396969419905,4.768138273483432
CSO-15-9B-ALRIHE,0.0,0.0,0.0,0.1728260968211635,-0.10050378152592122,-0.48139881242866145,-0.10050378152592122,0.0,-1.3077005439139628,-0.1005037815259213,0.0,0.0,-1.7488530762834609,-1.7589853972363203,4.828977322886342
CSO-15-9B-AMSAGO,0.0,0.0,0.0,-0.4525696378552518,0.0,-0.3865556717425342,0.0,0.0,-1.0383831705117124,0.0,0.0,0.0,-1.1955544824787836,-1.235452574740344,3.771763298122777
CSO-15-9B-JCAPA,0.0,0.0,0.0,0.3926459879130661,-0.20412414523193154,-0.5233568549358563,-0.20412414523193154,0.0,-2.0574071406196164,-0.20412414523193168,0.0,0.0,-2.17063835139973,-2.2801871631939523,3.600805333349915
CSO-15-9B-KSBEJA,0.0,0.0,0.0,-0.14744195615489714,-0.05025189076296061,-0.4990805412027879,-0.05025189076296061,0.0,-1.4631086785143665,-0.05025189076296065,0.0,0.0,-1.5241917069319213,-1.3638540429544177,4.6973600382043745
CSO-15-9B-RMCHLU,0.0,0.0,0.0,-0.3721042037676254,-0.2294157338705618,-0.5773502691896258,-0.2294157338705618,0.0,-1.3426444289199204,-0.229415733870562,0.0,0.0,-1.3301243435223529,-1.3806652011121214,3.814399296137422
CSO-15-9B-SJAGRO,0.0,0.0,0.0,-0.5657470563809289,-0.07142857142857144,-0.41092205539662496,-0.07142857142857144,0.0,-0.9374618218304653,-0.0714285714285715,0.0,0.0,-1.6977179468934602,-1.6740550285829086,0.5537667588932514
CSO-16-10A-JEGAHE,0.0,0.0,0.0,-0.21887052758346864,0.0,-0.5532580144868187,0.0,0.0,-1.3558143116862635,0.0,0.0,0.0,-1.1371133729928389,-1.4841347893113455,2.822705390180322
CSO-16-10A-MSACO,0.0,0.0,0.0,-0.6272302686636411,-0.10050378152592122,-0.582227462633367,-0.10050378152592122,0.0,-2.0079836746171633,-0.1005037815259213,0.0,0.0,-2.343384067980745,-2.5969434671615446,4.256489336430984
CSO-16-10A-SARI,0.0,0.0,0.0,0.32650073448625877,-0.10050378152592122,-0.6311687442672026,-0.10050378152592122,0.0,-1.7413141300332453,-0.1005037815259213,0.0,0.0,-1.2837149832504255,-1.8444874008395022,4.222239895327849
CSO-16-10A-SMOUT,0.0,0.0,0.0,-0.8020217968245419,-0.17586311452816475,-0.5089133578079825,-0.17586311452816475,0.0,-1.5956610583379927,-0.17586311452816492,0.0,0.0,-1.3788810691879285,-1.9074903125168683,4.459748406108906
CSO-16-10A-YKMUJO,0.0,0.0,0.0,-0.19105739778246958,-0.2294157338705618,-0.7778331596716082,-0.2294157338705618,0.0,-2.468343390860183,-0.25264557631995593,0.0,0.0,-1.7861151016406673,-2.019645874765669,4.2758082365866805
CSO-16-10B-JESUGU,0.0,0.0,0.0,-0.8177364431563452,0.0,-0.5773502691896258,0.0,0.0,-1.2447490855514323,0.0,0.0,0.0,-1.592924978422397,-1.9913510791135591,4.715413165682741
CSO-16-10B-LTVIFA,0.0,0.0,0.0,-0.419562654798893,-0.138183448027043,-0.6522477252183686,-0.138183448027043,0.0,-0.8294889426469609,-0.1381834480270431,0.0,0.0,-1.8074142775436781,-1.749971711429102,4.181373273067669
CSO-16-10B-VVILI,0.0,0.0,0.0,-0.9180151647722616,-0.14285714285714288,-0.8020217968245419,-0.14285714285714288,0.0,-0.8053635557315788,-0.142857142857143,0.0,0.0,-1.1209514113057326,-1.402835335779055,4.324317703485539
CSO-16-10C-ACALGU,0.0,0.0,0.0,-0.47628481892762586,0.0,-0.45554164633122995,0.0,0.0,-1.3887523879587613,0.0,0.0,0.0,-1.1731607233519266,-1.3613889882008379,3.0586262646487508
CSO-16-10C-MAVAVE,0.0,0.0,0.0,-0.33333333333333337,0.0,-0.38637388266548134,0.0,0.0,-1.0262925828442424,0.0,0.0,0.0,-1.1185237286803937,-1.4106671335782088,1.948900026652773
CSO-16-11A-JAVABO,0.0,0.0,0.0,0.0,0.0,0.0,0.0,0.0,-0.1867730164827387,0.0,0.0,0.0,0.0,0.0,0.0
CSO-16-11A-JDMUVA,0.0,0.0,0.0,-0.5196654394346323,0.0,-0.49216105241892627,0.0,0.0,-0.7277135628358675,0.0,0.0,0.0,-1.0940934818304653,-1.4036467335419127,3.7922039465111004
CSO-16-11A-VZAOR,0.0,0.0,0.0,-0.5641519475835701,-0.10050378152592122,-0.5026028286234493,-0.10050378152592122,0.0,-1.8534162927326405,-0.1005037815259213,0.0,0.0,-1.9928069081996247,-1.9859408623303323,4.389083333972233
CSO-16-11B-KRORE,0.0,0.0,0.0,-0.6564879518897746,-0.17586311452816475,-0.5915167019106973,-0.17586311452816475,0.0,-1.3363690021613706,-0.1924500897298754,0.0,0.0,-1.01577203165714,-1.4594314569146407,4.1783809864216535
CSO-16-11B-LLOZA,0.0,0.0,0.0,0.2307294045268602,-0.14285714285714288,-0.5809757434745082,-0.14285714285714288,0.0,-1.9901596974240356,-0.142857142857143,0.0,0.0,-1.680516848671724,-1.7711107496359895,3.393766923071473
CSO-16-11B-YAROMO,0.0,0.0,0.0,-0.4525696378552518,0.0,-0.42008402520840293,0.0,0.0,-1.3060943124220308,0.0,0.0,0.0,-2.0032954380563055,-1.9636046350628589,5.245322862559669
CSO-16-9A-JALEMO,0.0,0.0,0.0,1.1125878223331818,0.0,-0.48705678739484887,0.0,0.0,-1.4301938838683883,0.0,0.0,0.0,-1.5971250151718743,-1.7505719088949905,3.679681962776268
CSO-16-9A-JPROSO,0.0,0.0,0.0,-0.744052562688266,-0.17586311452816475,-0.5474415808291468,-0.17586311452816475,0.0,-1.8534996122460778,-0.17586311452816492,0.0,0.0,-1.6987515060750118,-1.990998688153156,4.709982822305191
CSO-16-9A-JSMAGU,0.0,0.0,0.0,-0.7153306388894818,-0.10050378152592122,-0.36927447293799814,-0.10050378152592122,0.0,-0.6867161794680013,-0.1005037815259213,0.0,0.0,-0.8299946521789863,-1.0451545118636392,3.3616859770150276
CSO-16-9B-SJPAJI,0.0,0.0,0.0,-0.2228173323415097,-0.27435163058436723,-0.3144854510165755,-0.27435163058436723,0.0,-0.9531037688718885,-0.27435163058436746,0.0,0.0,-1.0446164119181454,-1.5560225259470435,3.6166906186761687
CSO-17-10A-YVGOCA,0.0,0.0,0.0,-0.7629050838676168,-0.4053611928466729,0.08507666334456372,-0.41350992247619744,-0.1559439969014231,-2.140389264597164,-0.4516259576969889,0.0,0.0,-1.720249331877679,-2.151950145962049,4.140892022785646
CSO-17-10B-EHECO,0.0,0.0,0.0,-0.4723479762979613,0.0,-0.3144854510165755,0.0,0.0,-1.0932163332202427,0.0,0.0,0.0,-1.1244330383418066,-1.0922856259244997,0.0
CSO-17-10B-YCQUVE,0.0,0.0,0.0,0.0,-0.10050378152592122,-0.42008402520840293,-0.10050378152592122,0.0,-0.4457456709531888,-0.1005037815259213,0.0,0.0,-0.7865998269480575,-0.6185368926201147,1.7725498898124425
CSO-17-11A-DJAPA,0.0,0.0,0.0,0.30860669992418377,-0.17586311452816475,-0.6372395473602607,-0.17586311452816475,0.0,-0.964351793108226,-0.17586311452816492,0.0,0.0,-0.41032666793530587,-0.612656407100182,1.971674504046807
CSO-17-11A-JDAMO,0.0,0.0,0.0,-0.9473769031747428,-0.17586311452816475,-0.7815509578384519,-0.17586311452816475,0.0,-1.5009419519748541,-0.17586311452816492,0.0,0.0,-1.6652155486002527,-1.8570600503128531,3.267750200730493
CSO-17-11A-NPAHE,0.0,0.0,0.0,-0.8817840544148007,-0.17586311452816475,-0.6304883249912806,-0.17586311452816475,0.0,-2.156979094500367,-0.17586311452816492,0.0,0.0,-1.9405628343480543,-2.3275870512193784,6.141217581097593
CSO-17-11A-RLPAIG,0.0,0.0,0.0,-0.5008877636441444,-0.10050378152592122,-0.715527688269897,-0.10050378152592122,0.0,-1.8979947925643599,-0.1005037815259213,0.0,0.0,-2.0945560718784435,-2.3866574115496677,4.844676922630767
CSO-17-11A-SPUVA,0.0,0.0,0.0,0.6955551893199161,0.0,-0.47642169525183536,0.0,0.0,-1.129170198721162,0.0,0.0,0.0,-0.6410117770140991,-0.5776651127857034,1.8552975431978447
CSO-17-11B-CDBEBU,0.0,0.0,0.0,-0.28077631173421846,0.0,-0.4760079137096165,0.0,0.0,-0.9161496775296019,0.0,0.0,0.0,-1.1330568227436077,-1.502749630894038,2.573713205239425
CSO-17-11C-JDAAG,0.0,0.0,0.0,-0.36927447293799814,0.0,-0.47826086956521735,0.0,0.0,-1.4274759662868994,0.0,0.0,0.0,-1.8405052385527811,-1.8359611499549486,6.433124530296343
CSO-17-11C-MAPAMA,0.0,0.0,0.0,-0.5155800469472481,-0.10050378152592122,-0.5310850045437944,-0.10050378152592122,0.0,-1.0415168495589702,-0.1005037815259213,0.0,0.0,-1.1378267931787935,-1.0722202081444872,2.3197057881513827
CSO-17-11C-MCAAG,0.0,0.0,0.0,-0.36927447293799814,0.0,-0.5623916050338599,0.0,0.0,-0.8758139951764461,0.0,0.0,0.0,-1.2919019730641452,-1.3426480516533001,2.443489587570299
CSO-17-11C-SARJA,0.0,0.0,0.0,-0.45520384340410724,-0.05025189076296061,-0.47536536013041375,-0.05025189076296061,0.0,-1.8203953732800877,-0.05025189076296065,0.0,0.0,-1.910624379458031,-2.0212399622435466,2.3911068622318123
CSO-18-11A-ADBAHO,0.0,0.0,0.0,-0.18181818181818174,0.0,-0.4034732923929645,0.0,0.0,-1.6270320504430664,0.0,0.0,0.0,-1.4765433214708537,-1.556772211251093,3.7634884136390316
CSO-18-11B-YLLRE,0.0,0.0,0.0,-0.5235128319002438,-0.10050378152592122,-0.6720712766608051,-0.10050378152592122,0.0,-0.9962585714217747,-0.1005037815259213,0.0,0.0,-1.2176924923557888,-1.3445513781002005,4.336335726180754
CSO-18-9B-MAMOLO,0.0,0.0,0.0,-0.5465357250000211,-0.14285714285714288,-0.5465357250000211,-0.14285714285714288,0.0,-1.7581294388351678,-0.142857142857143,0.0,0.0,-1.8151698150980702,-2.159100802339495,5.329953571659044
CSO-8-3A-AIPRBR,0.0,0.0,0.0,-0.00389190226839543,0.0,-0.6308285346292416,0.0,0.0,-0.6744950534324571,0.0,0.0,0.0,-0.6539237346434901,-0.986496280618744,3.271618927441109
CSO-8-3A-DAPAVA,0.0,0.0,0.0,-0.4161660258601272,-0.2662752601657642,-0.5614793786411225,-0.27435163058436723,0.0,-1.2250908715020743,-0.27435163058436746,0.0,0.0,-1.2511580743729962,-1.3069418837674682,2.6030101635101124
CSO-8-3A-KVPECO,0.0,0.0,0.0,-0.5948030041269223,0.0,-0.8125,0.0,0.0,-0.3804684976390505,0.0,0.0,0.0,-1.1995934270593107,-1.259191286564126,2.020091923431684
CSO-8-4A-ARAGR,0.0,0.0,0.0,-0.06640484271284583,0.0,-0.5,0.0,0.0,-1.1341067573962726,0.0,0.0,0.0,-1.7002337923169244,-1.730969289631662,3.0417615826163376
CSO-8-4A-JRAAR,0.0,0.0,0.0,0.42135048580019224,0.0,-0.36927447293799814,0.0,0.0,-1.2941553972905768,0.0,0.0,0.0,-1.5548114091571854,-1.5819321779623703,2.8695326078044
CSO-9-2A-EXMOCO,0.0,0.0,0.0,0.6509445549041193,-0.19245008972987523,-0.7011877275785814,-0.20412414523193154,0.0,-1.8634486697738388,-0.20412414523193168,0.0,0.0,-1.0151625576092176,-1.199595930690205,3.316810383699637
CSO-9-4A-AGAPE,0.0,0.0,0.0,-0.039958238257222,0.0,-0.36927447293799814,0.0,0.0,-0.857393784596362,0.0,0.0,0.0,-1.1559197602026254,-1.3415809725801524,2.068483362452297
CSO-9-4A-DKVIMO,0.0,0.0,0.0,-0.8664712341376681,-0.14285714285714288,-0.5533068361424334,-0.14285714285714288,0.0,-0.9645933505080203,-0.142857142857143,0.0,0.0,-1.242874948752586,-1.44083037733617,2.3804761428476167
CSO-9-4A-DSMOMU,0.0,0.0,0.0,-0.3515615246553262,0.0,-0.4034732923929645,0.0,0.0,0.0,0.0,0.0,0.0,-0.18067900652188373,0.0,0.0
CSO-9-4A-DVGATO,0.0,0.0,0.0,-0.5488212999484517,0.0,-0.4571443992078605,0.0,0.0,-1.296259788290209,0.0,0.0,0.0,-1.281882639715038,-1.2538380205540847,1.9198229999625473
CSO-9-4A-EGCAMO,0.0,0.0,0.0,-0.7843441602551275,-0.2294157338705618,-0.6965260331469924,-0.2294157338705618,0.0,-0.3478863853118366,-0.229415733870562,0.0,0.0,-0.44054857978380524,-0.6246616732410242,2.8444523358476395
CSO-9-4A-FAGIGA,0.0,0.0,0.0,-0.303981232081593,-0.10050378152592122,-0.14744195615489714,-0.10050378152592122,0.0,-1.7173146945987925,-0.1005037815259213,0.0,0.0,-1.7238546662779215,-1.8089853190398657,2.5220927947533167
CSO-9-4A-GSBRCO,0.0,0.0,0.0,0.26079827296075836,-0.20412414523193154,-0.7828813612588126,-0.20412414523193154,0.0,-2.0390528695714,-0.20412414523193168,0.0,0.0,-0.9002244689054011,-1.3052133618495014,2.1688398134107065
CSO-9-4A-KEMOCO,0.0,0.0,0.0,-0.3955526542563514,-0.24359532571367698,-0.6501597829482068,-0.2518836822274645,-0.05025189076296061,-2.0091341419653803,-0.24571200608604704,0.0,0.0,-1.8106017943242383,-1.6243710594024283,3.2681003666142594
CSO-9-4A-LCOMO,0.0,0.0,0.0,0.09107759961787376,-0.2283848607759436,0.6483760378011358,-0.2283848607759436,0.0,-0.9253139630761821,-0.2283848607759438,0.0,0.0,-0.8263982129413838,-0.49585021902317616,0.6566028782461028
CSO-9-4A-MLORO,0.0,0.0,0.0,-0.47451547777658787,0.0,-0.5077900234736241,0.0,0.0,-0.9293850969325943,0.0,0.0,0.0,-1.4531034805389091,-1.526994777620084,3.372622343997395
CSO-9-4A-MPAME,0.0,0.0,0.0,0.320844473959874,0.0,-0.3144854510165755,0.0,0.0,-1.516540274235766,0.0,0.0,0.0,-1.3949716649258317,-1.4836546560541737,0.0
CSO-9-4A-NSARPA,0.0,0.0,0.0,-0.07477550578877815,-0.2679199053843063,-0.7376322321760268,-0.2679199053843063,0.0,-1.2596861157709835,-0.26791990538430654,0.0,0.0,-1.6903292402928378,-1.733745239301321,4.1115924752735715
CSO-9-4A-SLOCA,0.0,0.0,0.0,0.013700847052701484,-0.33932654914661997,-1.0743174276145666,-0.3515615246553262,0.0,-2.513560031283533,-0.3566510333157449,0.0,0.0,-1.4375124958077223,-1.7756146582366426,5.055985394972465
CSO-9-4A-YVDITR,0.0,0.0,0.0,-0.32540302035292606,0.0,-0.6625479112579311,0.0,0.0,-0.628495053285417,0.0,0.0,0.0,-1.0691601105927115,-1.081164656550849,1.7003187400184716
