file,z_wc,z_nodes,z_edges,z_re,z_pe,z_l1,z_l2,z_l3,z_lcc,z_lsc,z_atd,z_density,z_diameter,z_asp,z_cc
CDMS-10-4A-JURAN,0.0,2.6520695321479195,0.0,0.0,-0.7004500865013348,-1.014364021633215,-0.7004500865013348,-0.4525696378552518,0.10636729672726367,-0.7516283835227737,-2.2413576675222964,-1.7873196656530526,-0.9774158389248151,-1.063156145684417,-0.793277796642422
CDMS-10-5A-HEPIHO,0.0,3.272731157728851,0.0,0.0,-0.5865884600854132,-0.9829794734892129,-0.5865884600854132,-0.39505615317553233,-0.4640152083878266,-0.6709363941370317,-2.6733483919606664,-2.231928675138411,-0.9507080117564898,-1.059302985244072,-0.6448671287238869
CDMS-10-5A-KSRAGU,0.0,3.5470307411499675,0.0,0.0,-0.5948573555746239,-0.8837753908159907,-0.5948573555746239,-0.4396690491135041,-0.6852090196565355,-0.7138414372875505,-2.9242960167399,-2.474912187874624,-1.6126467426764277,-1.9659139884889911,-0.6834960280038815
CDMS-10-5A-SROPU,0.0,3.316961506014313,0.0,0.0,-0.6267570185784315,-0.9182697787552573,-0.6267570185784315,-0.4267825602318822,0.5921076295373797,-0.684782443163185,-2.7811912004325983,-2.311961547345472,-0.7488726673597277,-0.40958707904683844,-0.7681883956700337
CDMS-10-5A-SZURO,0.0,2.1952051045010093,0.0,0.0,-0.7198051755130666,-1.07837704264353,-0.7198051755130666,-0.6372395473602607,-0.005248711107609764,-0.9942533164764437,-1.9621911298272503,-1.4756909943930574,-0.28364084272116846,-0.8523774705911275,-1.0243980358786462
CDMS-10-5C-DAAUSA,0.0,2.712477592277811,0.0,0.0,-0.7776778782477499,-0.9569741022387825,-0.7776778782477499,-0.5948030041269223,-1.026405653756985,-0.9122629564610334,-2.3463798769072217,-1.9780538205996994,-1.7258013460763393,-1.9812105897057612,-0.9568308335690666
CDMS-10-5C-ICAPA,0.0,1.743750946045692,0.0,0.0,-0.8164965809277259,-1.0347929552219572,-0.8164965809277259,-0.5623916050338599,1.6930201325056533,-0.9093515783249696,-1.5654292883333276,-0.9684904290011266,0.2803990737817139,0.19985544904643554,-1.038819910460266
CDMS-10-5C-JFALGI,0.0,3.224254584882554,0.0,0.0,-0.5857518209922344,-0.9512633858468025,-0.5857518209922344,-0.38216531305676527,0.3499536497077105,-0.6418933908302888,-2.560124299747443,-2.05974077192736,-1.0213959340231822,-0.8239900969389979,-0.5925476896474681
CDMS-10-5C-MAORTO,0.0,2.516724538825204,0.0,0.0,-0.6488856845230502,-0.9649012813540153,-0.6488856845230502,-0.46683198986724356,1.115786946691306,-0.7807891767874106,-2.177203135191454,-1.7873196656530526,-0.7158599835262721,-0.6386230781424043,-0.8124960008537288
CDMS-10-5C-NBEMO,0.0,3.8427411704879746,0.0,0.0,-0.73197454087181,-1.0305620458762434,-0.73197454087181,-0.5207556439232955,-1.2287952807884053,-0.7354542322242511,-3.314836886211575,-2.851512668814334,-1.3724561320584465,-1.853373219489749,-0.8843070049080467
CDMS-10-6B-ASCACO,0.0,2.2393418708745685,0.0,0.0,-0.8357986896261175,-1.0533246020232907,-0.8357986896261175,-0.6073516944008988,0.9796860102054712,-0.9615243966884701,-1.9953720015596395,-1.6057478221516264,-0.2737862898942873,-0.5127761954769202,-0.9316960385564415
CDMS-10-6B-JJMOBE,0.0,2.6242559499707596,0.0,0.0,-0.7142857142857143,-1.0256451881367414,-0.7142857142857143,-0.4418360821684622,-0.2541959213531996,-0.8011221047070237,-2.253102440945586,-1.739912731005794,-0.8106221524321058,-0.6076740472793154,-0.7866627451636636
CDMS-11-4A-GACHSA,0.0,2.3867341536269806,0.0,0.0,-0.6877463849533247,-0.9804443392074902,-0.6877463849533247,-0.4936258837698759,0.0992290089589927,-0.8282343970742644,-2.056690316065335,-1.5968310091742035,-0.636264586651923,-0.5262414605223782,-0.8584419823832219
CDMS-11-5A-EAARCA,0.0,2.4574887840593997,0.0,0.0,-0.7381051253765321,-1.0161027877077986,-0.7381051253765321,-0.49535030901731997,0.3266288771859327,-0.8595827791213103,-2.153864091096717,-1.6395545850294202,-1.1716638289627117,-1.4046541836885966,-0.8460719913789675
CDMS-11-5A-MGTHAR,0.0,2.0211441297555037,0.0,0.0,-0.8272049054701672,-1.0956765865157256,-0.8272049054701672,-0.5724410393725241,1.7005819544302845,-0.9699614117758744,-1.834628707679466,-1.3267651404786351,-0.446138223957162,-0.5504965232964352,-1.0406004362332961
CDMS-11-6A-DFVEBE,0.0,2.756274955832513,0.0,0.0,-0.6720460402294627,-0.945853876863165,-0.6720460402294627,-0.44692112822543323,0.5529234623551632,-0.7737486346145218,-2.388361669383428,-1.9821560761360864,-1.0460625016886842,-1.2612094859827687,-0.8214862028897799
CDMS-11-6A-NMREPR,0.0,2.4618708149439392,0.0,0.0,-0.7403140852947259,-1.0080523334944167,-0.7403140852947259,-0.48251520228045375,0.2793453542410288,-0.8880544324877928,-2.1242360386014516,-1.6009156980305543,-1.4875022418736594,-1.3854446385036716,-0.7842449810876503
CDMS-11-6B-ARAHE,0.0,2.8941495323644877,0.0,0.0,-0.5865884600854132,-0.9045340337332909,-0.5865884600854132,-0.43148400027826295,-1.4520361726373432,-0.6685943190804019,-2.407848663558127,-2.0944833455932623,-0.8106221524321058,-0.8969855734864345,-0.7244338919711681
CDMS-11-6B-AVROTO,0.0,2.5177861502286567,0.0,0.0,-0.5937322507759796,-0.9126078160615323,-0.5937322507759796,-0.4071892788474301,0.14298739746243358,-0.6555999832159717,-2.109088681810112,-1.6408596674689608,-1.1944220807735824,-0.5832164097581237,-0.6499129199870665
CDMS-11-6B-EAFESA,0.0,3.096764091555068,0.0,0.0,-0.6488856845230502,-0.9690177247846499,-0.6488856845230502,-0.5276448530110864,-0.4767671415838307,-0.7908198785262472,-2.645432237174709,-2.2687383204176577,-1.1730631383369947,-1.602614646662636,-0.8151331327646468
CDMS-11-6B-EFRGR,0.0,2.7782745573689844,0.0,0.0,-0.7578391517481176,-1.0278289395756341,-0.7578391517481176,-0.5544954504367372,0.26765873542727037,-0.8878036856504357,-2.4263202784039435,-1.9761152112570661,-0.5244036661892391,-1.0217649521458079,-1.0205308107322506
CDMS-11-6B-EROCO,0.0,1.9267019209300456,0.0,0.0,-0.7293249574894728,-0.9923230449262096,-0.7293249574894728,-0.571823370154915,1.6808510638297873,-0.8555277382080452,-1.7740101359406193,-1.1481546140423318,-1.0741332637369,-0.6048528715943865,-0.958829129373548
CDMS-11-6B-JACUPE,0.0,2.8590108822074747,0.0,0.0,-0.6815371991715903,-1.007648294978144,-0.6815371991715903,-0.5079907656453765,0.8588146507486749,-0.8209373951460468,-2.4634497409659954,-2.00571061376166,-1.6302656300940446,-1.4776876545816853,-0.964393652708926
CDMS-11-6B-JDCHBA,0.0,3.146365327569226,0.0,0.0,-0.663451266587793,-0.9578414886923189,-0.663451266587793,-0.4571443992078605,0.1537487109013964,-0.8039394850470633,-2.586370832787427,-2.106220459751131,-1.0516430446619085,-0.8088373971237628,-0.7499338743922289
CDMS-11-6B-JFSAHE,0.0,3.081499020183871,0.0,0.0,-0.5488212999484517,-0.8919529754965995,-0.5488212999484517,-0.36927447293799814,-0.1693388898776963,-0.6266382993206857,-2.5213779868978894,-2.010910471278035,-0.28078998159218177,-0.2367632404207992,-0.6086856958193355
CDMS-11-6B-JLPENA,0.0,3.0801549594034334,0.0,0.0,-0.5865884600854132,-0.8985659254041884,-0.5865884600854132,-0.3678914030034569,-0.009373965838526104,-0.656580202190781,-2.4822969377544384,-1.8873615617686792,-0.5475671897519114,-0.2845028326701733,-0.6015290173605781
CDMS-11-6B-JMARME,0.0,2.88256892680615,0.0,0.0,-0.717162714750937,-0.9486706377436553,-0.717162714750937,-0.5632717763087149,0.017049242678951155,-0.8714268099055046,-2.4864224804499946,-2.106220459751131,-1.2626377663042754,-1.2049953390345536,-0.873487717019914
CDMS-11-6B-JPSAMA,0.0,2.9753906393095377,0.0,0.0,-0.6109967442686695,-0.9012264007592075,-0.6109967442686695,-0.49205066630653316,0.0845134538898166,-0.7610335784437954,-2.570518203567733,-2.161926548826452,-1.1344557162338555,-1.1373112132598049,-0.8047498784114054
CDMS-11-6B-LESTA,0.0,2.6520695321479195,0.0,0.0,-0.7165107536316874,-0.9690177247846499,-0.7165107536316874,-0.46852128566581813,0.7513480057569819,-0.8404781212283347,-2.2600871402333844,-1.7602673087043965,-0.2833583787413386,-0.316077566132375,-0.793277796642422
CDMS-11-6B-MAGIMU,0.0,2.6401018061905805,0.0,0.0,-0.7129257551649284,-0.9639006320231579,-0.7129257551649284,-0.5127149877288545,1.4319292456932073,-0.8660098517761463,-2.217431125944511,-1.8555558267308883,0.7240931256997316,0.5590274661698833,-0.716380761774802
CDMS-11-6B-MEBRTA,0.0,2.7222579420894046,0.0,0.0,-0.5610590305812105,-0.9302652469486881,-0.5610590305812105,-0.3507587048587313,-0.24162775826347588,-0.6563163199453604,-2.2410081049714803,-1.801623638141184,-0.7043974772568175,-0.4670604458657305,-0.5777817059314265
CDMS-11-6B-MMAMO,0.0,3.851080431609588,0.0,0.0,-0.6626880087025959,-1.0019397853193892,-0.6626880087025959,-0.4234340253594292,-1.1930860655043627,-0.7508637657403081,-3.2128912897120525,-2.643450506485692,-1.7363667174467627,-1.547947827895455,-0.7326525181356993
CDMS-11-6B-RSECA,0.0,2.9231660470195875,0.0,0.0,-0.6582183780869638,-0.9328850798594824,-0.6582183780869638,-0.5243342889332725,0.8221786020271291,-0.7795248293271821,-2.4872188849752703,-2.0807939466694454,-0.5331916779124791,-0.4997599107032657,-0.7663489494857603
CDMS-11-6B-SCAPA,0.0,3.220611871825117,0.0,0.0,-0.5474433209040426,-0.9622504486493763,-0.5474433209040426,-0.3515615246553262,-1.7616904607823363,-0.5990422978731539,-2.578271528395272,-2.1052291227499453,-1.3166830962700398,-1.668602713791936,-0.6077241716326509
CDMS-11-6B-VZAPE,0.0,3.129059817872405,0.0,0.0,-0.6695238389525937,-0.8984372854440429,-0.6695238389525937,-0.49216105241892627,-0.8908099610209643,-0.8471633214568874,-2.7041800409329912,-2.2945974344544777,-1.2303020176764703,-1.3409196377480752,-0.8668146163996611
CDMS-11-6B-YLNIME,0.0,3.649485558126797,0.0,0.0,-0.6152198555457548,-0.9467916046467049,-0.6152198555457548,-0.42008402520840293,-0.5389232609407323,-0.6972935551794652,-2.9976502626778703,-2.5181662449240974,-1.7375811038978572,-1.6885474750441178,-0.6339114691572054
CDMS-11-7C-ICARE,0.0,2.7880906970715866,0.0,0.0,-0.7142857142857143,-0.9690177247846499,-0.7142857142857143,-0.4072490933003813,0.15906156897500873,-0.6836773803967191,-2.3055996449549943,-1.9233742649328074,-1.2129849720861834,-1.2458318649592015,-0.763268506832308
CDMS-11-7C-IMOIB,0.0,2.9644054320937294,0.0,0.0,-0.6375498105247469,-0.9159675038736245,-0.6375498105247469,-0.5,0.18355785265105848,-0.7578757672667772,-2.5745306202597042,-2.1458675998241983,-1.1730631383369947,-0.8946173728357512,-0.7884777610064588
CDMS-11-7C-SALMA,0.0,2.520704641570362,0.0,0.0,-0.7465405081339905,-0.9864308501372135,-0.7465405081339905,-0.5334650693692645,0.24746998523283054,-0.8282343970742644,-2.205774120056578,-1.7916575888455435,-0.5331916779124791,-0.5684748586397628,-0.9600921866923903
CDMS-11-7C-SPGAVE,0.0,3.8349454080498355,0.0,0.0,-0.5,-0.8014795324000772,-0.5,-0.33333333333333337,-0.9918334654317358,-0.5745824317331449,-2.9227929180081205,-2.5221611322752464,-1.1606915604563388,-1.3153262887864108,-0.5325325902243545
CDMS-12-5A-SRIGO,0.0,3.6997609137727925,0.0,0.0,-0.6013932677575894,-0.9784921095801632,-0.6013932677575894,-0.46279762485732295,-0.12087344460380715,-0.7102658741205988,-3.0415710862994403,-2.5787798887557685,-1.0753973903349843,-1.0849742363882573,-0.7289511313979434
CDMS-12-6A-FAROPA,0.0,3.8953629004816133,0.0,0.0,-0.622662721177668,-0.9045340337332909,-0.622662721177668,-0.34641016151377546,-0.9479300069720503,-0.6937478235947498,-3.203437557031797,-2.656689537076285,-1.7545134820344654,-1.8416598229122878,-0.6916258565253547
CDMS-12-6A-JGIGA,0.0,2.7934900463072827,0.0,0.0,-0.693222213535685,-0.9959461156964067,-0.693222213535685,-0.44949024068816135,0.27970511726677394,-0.7851297998387076,-2.3214773526259425,-1.8964901213931955,-1.1053063929312332,-1.0325240331398113,-0.7328864392795165
CDMS-12-6A-JSOTGU,0.0,2.6922355259910997,0.0,0.0,-0.700071439506233,-0.9894672312056636,-0.700071439506233,-0.46683198986724356,0.0385097444953726,-0.8370784242554745,-2.2413576675222964,-1.6247560495847906,-1.3743527347216562,-1.3465899367977507,-0.7752121655328785
CDMS-12-6A-SROAL,0.0,2.734476027095206,0.0,0.0,-0.6764179117834591,-1.0132383036964872,-0.6764179117834591,-0.5180653234396059,0.8125839720469293,-0.7838686930074692,-2.2997663818071707,-1.8747569007411213,-0.5652817963391953,-0.27990468385367645,-0.798390465996679
CDMS-12-6B-IJDAGA,0.0,2.909353235649074,0.0,0.0,-0.6320527700344025,-0.9669595030693325,-0.6320527700344025,-0.4521789973539092,-1.599097248509843,-0.774267216330792,-2.4663001021464943,-1.9819489920867532,-1.1993165754320199,-1.0119099083859207,-0.7002508086927758
CDMS-12-6B-SCLAG,0.0,2.9644054320937294,0.0,0.0,-0.6453143380561521,-0.9050118710511759,-0.6453143380561521,-0.5155800469472481,0.18355785265105848,-0.8468471943913284,-2.566505786875762,-2.1779854978287063,-0.7269004605005984,-0.11870640945525383,-0.7244338919711681
CDMS-12-7C-ARAHE,0.0,3.1926355363727903,0.0,0.0,-0.6073516944008988,-0.9804443392074902,-0.6073516944008988,-0.48705678739484887,-0.8920085347176153,-0.7319745408718101,-2.679592299984766,-2.2221823637253433,-0.2708491739427365,-0.8166113015241212,-0.7700278418543073
CDMS-12-7C-CATRAR,0.0,2.8557825714666043,0.0,0.0,-0.6807953759437149,-0.9910924922815544,-0.6807953759437149,-0.5177935760336636,0.43956570380301274,-0.8059674932999755,-2.4326988540892076,-2.0668003914117463,-0.9317540295190073,-1.004180959826194,-0.8592500279843809
CDMS-12-7C-DLOLO,0.0,3.210587512370719,0.0,0.0,-0.6162495185552518,-0.9459053029269173,-0.6162495185552518,-0.480822368945951,1.0124744947456505,-0.8069766592849408,-2.616228887767505,-2.2828613930913004,-1.0516430446619085,-0.5037087656007656,-0.7194282460411441
CDMS-12-7C-JSZAOR,0.0,2.0426487199475702,0.0,0.0,-0.6902013856519744,-1.0526701639873237,-0.6902013856519744,-0.48705678739484887,1.8002180115341304,-0.7624928516630234,-1.782357144099172,-1.1972101008638598,-1.414213562373095,-0.9868686636837237,-0.874748399936256
CDMS-12-7C-MAROBE,0.0,3.5939116735554903,0.0,0.0,-0.6013932677575894,-1.1235850830773908,-0.6013932677575894,-0.4396787718714283,0.052936642784859544,-0.6057292852929096,-3.0026467097679745,-2.564406363786231,-1.5444329147393134,-1.574259120337623,-0.7571931863116478
CDMS-12-7C-VMAPA,0.0,2.610289234504128,0.0,0.0,-0.728645783975875,-1.0162612288412374,-0.728645783975875,-0.4662524041201569,1.533091950341452,-0.6791503773612185,-2.1526434384802684,-1.553169698858663,-0.834252917491239,-1.0735416948124072,-0.7351933732690193
CDMS-12-7C-VQURA,0.0,2.973084990297187,0.0,0.0,-0.59695073913753,-0.9200132523639022,-0.59695073913753,-0.3865556717425342,0.3671975528684773,-0.6504327777596507,-2.437634751877489,-1.9846728297322223,-0.4767434475654656,-0.27139525749263577,-0.6346686051207171
CDMS-13-6B-ASUMO,0.0,2.5205719435153062,0.0,0.0,-0.5733172628503735,-0.9456893045593071,-0.5733172628503735,-0.44452483883421,-0.459277193540727,-0.6554638475161207,-2.0991047954603266,-1.6654486481106958,-1.7870501915438117,-1.4928674878738128,-0.6739646638469756
CDMS-13-6B-JDTAHE,0.0,2.2101491185445257,0.0,0.0,-0.6933363415460745,-1.005244521545749,-0.6933363415460745,-0.4610626021359088,1.4670851915351,-0.753928189645918,-1.940187139382154,-1.4958635793892838,0.33734392108737243,0.3692399321002167,-0.8010551092956877
CDMS-13-7C-MVEAR,0.0,2.8300535924624066,0.0,0.0,-0.7142128671563462,-0.9575937058488512,-0.7142128671563462,-0.5293649287774405,2.121151140562775,-0.858872226338513,-2.440763277023139,-1.9980689415515531,-1.419853609250749,-1.3480239137231178,-0.8949124963097272
CDMS-13-7C-RAIZAC,0.0,2.7123643678891542,0.0,0.0,-0.6709196490606821,-0.9894672312056636,-0.6709196490606821,-0.4571443992078605,0.4131593146640896,-0.8186312161546414,-2.2413576675222964,-1.79805900129035,-1.8061894062946666,-1.3239543916608294,-0.7037934817551755
CDMS-13-7C-SSOSLO,0.0,3.330724844908103,0.0,0.0,-0.6308932681440449,-0.9561828874675148,-0.6308932681440449,-0.48705678739484887,-0.38138100999026175,-0.7818053046218484,-2.8540251320873415,-2.459091254848245,-1.6874424287999912,-1.722758701597731,-0.8453034680028586
CDMS-14-10A-IMORTO,0.0,2.7037657630419614,0.0,0.0,-0.5426506179939945,-0.9756965080568774,-0.5426506179939945,-0.43785255301700643,-0.11816102105734506,-0.6413355757293335,-2.221578002109297,-1.8207405021357075,-1.3092846762247663,-1.0759862239340883,-0.7069900806050284
CDMS-14-10A-JCVANI,0.0,3.4525758199195797,0.0,0.0,-0.5798566429689875,-0.9647748573401657,-0.5798566429689875,-0.35633158904644796,-0.7949476145744268,-0.6437517977727722,-2.7107213380424113,-2.2520194221263488,-1.2517333018101577,-1.1629864584618617,-0.615755610606751
CDMS-14-6B-KDCAHE,0.0,3.610815846571648,0.0,0.0,-0.6115928396627265,-0.9045340337332909,-0.6115928396627265,-0.4034732923929645,-1.473121586650915,-0.7092732984952973,-3.0091862751737564,-2.47620393617264,-1.618566164110961,-1.468345855405454,-0.6517809098099641
CDMS-15-10A-AMALOS,0.0,3.0248252569044665,0.0,0.0,-0.650394926326736,-0.9453342071071658,-0.650394926326736,-0.48913043478260865,0.7091130589562359,-0.7791430134019648,-2.61101464114243,-2.1948751490656404,-1.0141388470970525,-0.7567762935757381,-0.8127472372597937
CDMS-15-10A-JJMACH,0.0,3.4634978138569212,0.0,0.0,-0.6445033866354896,-1.0153328454726167,-0.6445033866354896,-0.5222329678670935,-0.14484388902014517,-0.8454779887232766,-3.0470978849799106,-2.638925276968978,-1.112719033644737,-1.3220494267354732,-1.0101101693679058
CDMS-15-10A-MAALCA,0.0,3.649485558126797,0.0,0.0,-0.6115928396627265,-0.9239766551809907,-0.6115928396627265,-0.4034732923929645,0.05925580600571215,-0.6972935551794652,-2.9976502626778703,-2.5289869647577206,-2.1120675872442054,-1.763567564654236,-0.6824822858898839
CDMS-15-10A-MAALRI,0.0,3.21247696635869,0.0,0.0,-0.6738601941661093,-0.9026950407515636,-0.6738601941661093,-0.48568944611635073,-1.8952579290091136,-0.8256265587651312,-2.741593053750822,-2.3259413943830918,-1.3995903190334862,-1.710248594097663,-0.7678156897349337
CDMS-15-10A-SGOMO,0.0,2.744974265986885,0.0,0.0,-0.6721239770148241,-0.8974409304672389,-0.6721239770148241,-0.4571443992078605,0.39438592285152985,-0.8186312161546414,-2.3557720490479093,-1.8594407574576357,-0.528212494000819,-0.5511240101782767,-0.7656035376155602
CDMS-15-10A-SHEGA,0.0,3.5774460060965243,0.0,0.0,-0.6311687442672026,-1.0577976555809632,-0.6311687442672026,-0.4859433766675466,-0.8121886242700185,-0.7131601121102059,-3.019709563469984,-2.581028143888034,-1.8533055732323755,-1.4283909352199915,-0.8000598847678937
CDMS-15-11B-JEMOLO,0.0,3.080408189536667,0.0,0.0,-0.7015780424403646,-1.1000335583806553,-0.7015780424403646,-0.5474433209040426,0.15694442166487776,-0.8561983225686775,-2.6808987943908886,-2.211570097428286,-1.5224496204948408,-1.477586111785394,-0.9309302292307795
CDMS-15-11B-VSAHO,0.0,2.520704641570362,0.0,0.0,-0.7738257069169828,-0.9864308501372135,-0.7738257069169828,-0.5678187527901408,-0.2022204962372461,-0.8697136531506738,-2.205774120056578,-1.7916575888455435,-0.7206918878366523,-1.2038535229522744,-0.917368701667666
CDMS-16-10A-SGALO,0.0,3.377475472931608,0.0,0.0,-0.5320623945253118,-0.9241461869984081,-0.5320623945253118,-0.37103644059141233,-0.6709335403678385,-0.6060027873789238,-2.606061367968216,-2.188730552474915,-0.9229737787882577,-0.9052447073818854,-0.5997816519606811
CDMS-16-11B-NGABE,0.0,3.105870341623575,0.0,0.0,-0.6923076923076924,-1.0449210191850375,-0.6923076923076924,-0.5175218286277214,-0.2088839883061773,-0.812990231614913,-2.6733483919606664,-2.248160517909576,-1.982378901719656,-2.1074110724203488,-0.9227365842915056
CDMS-17-10A-ASSAMO,0.0,3.9804552555929473,0.0,0.0,-0.59695073913753,-0.8427009716003844,-0.59695073913753,-0.3203581541090473,-1.8707717719100871,-0.6477596347643125,-3.1901691865112447,-2.669543525524595,-2.4525475109285626,-2.4191489118420995,-0.584449700138862
CDMS-18-7C-VVECA,0.0,3.2526446531302726,0.0,0.0,-0.6152198555457548,-0.9498772410058983,-0.6152198555457548,-0.35633158904644796,-0.1655538779127652,-0.6506116909727269,-2.620655938906438,-2.0959719181551733,-1.2392588298846414,-1.3148072703111642,-0.6069462274512993
CDMS-8-4A-DBEVA,0.0,2.326744929590519,0.0,0.0,-0.5865884600854132,-0.9681052690610569,-0.5865884600854132,-0.502518907629606,0.32856777952570054,-0.7831037532311718,-1.99803977169021,-1.4756909943930574,-0.5271471753134805,-0.5205500121120742,-0.7825460067972851
CDMS-8-4A-DJAVDA,0.0,2.7169296857256215,0.0,0.0,-0.5865884600854132,-0.9087270914155705,-0.5865884600854132,-0.41688463362124606,-1.4095058698318867,-0.6756596376376036,-2.260609866688034,-1.8025948314226556,-1.4310900288851518,-1.5789738931517867,-0.6739646638469756
CDMS-8-4A-DOSTR,0.0,2.753741160495799,0.0,0.0,-0.6162495185552518,-0.9424529286169204,-0.6162495185552518,-0.4071892788474301,0.3593312955371093,-0.6892974875509881,-2.2997663818071707,-1.9233742649328074,-1.2929215284436302,-1.2026676509722207,-0.7458314976111496
CDMS-8-4A-LGOPA,0.0,2.4574887840593997,0.0,0.0,-0.7037784338439412,-1.0084152956251229,-0.7037784338439412,-0.502518907629606,-0.4799194562691539,-0.8679641064893403,-2.153864091096717,-1.6395545850294202,-0.6152919041221376,-0.9808329266523228,-0.7848830323044547
CDMS-8-4C-JDBUTU,0.0,2.5666799306840224,0.0,0.0,-0.6612416337794927,-1.0172681021721317,-0.6612416337794927,-0.4685212856658182,-0.7437225707535428,-0.7831037532311718,-2.2169073394300605,-1.739912731005794,-0.6765401056505742,-0.9885644273382608,-0.7907646649129219
CDMS-9-4A-ACDUTR,0.0,3.430662825102642,0.0,0.0,-0.5502141700939776,-0.9478912719664079,-0.5502141700939776,-0.32684574372119035,-0.21062750825601417,-0.5971843053754095,-2.7316062130431726,-2.315233225944655,-1.3136467379090915,-1.1406750383030502,-0.580759827069683
CDMS-9-4A-CARGA,0.0,3.1318723768838796,0.0,0.0,-0.6738202810148577,-0.9379228369755696,-0.6738202810148577,-0.5276448530110864,0.21378610416086857,-0.8059674932999755,-2.610718450827208,-2.272884885563722,-0.24939137586691984,0.23591373679801605,-0.7578801963165093
CDMS-9-4A-CRAAG,0.0,2.2694524386108434,0.0,0.0,-0.7507375810442529,-1.03669959460868,-0.7507375810442529,-0.5252784400320198,1.387895457750509,-0.8898911876149372,-1.9838288881112507,-1.487099102599517,-0.37736498590424006,-0.41130094220347446,-0.8592577262072432
CDMS-9-4A-EROHI,0.0,2.410433615059474,0.0,0.0,-0.7073679003935245,-0.9826625343976642,-0.7073679003935245,-0.5165364049851418,1.4588057953526443,-0.8994426455095401,-2.1274357743001597,-1.69031120890932,-0.3598324327218353,0.12188395723671025,-0.9377686108945016
CDMS-9-4A-ILOSE,0.0,3.0840811083760418,0.0,0.0,-0.6865015758408963,-1.0297023177707587,-0.6865015758408963,-0.5410701517239118,1.9909315609989777,-0.8559241171938048,-2.661064558857179,-2.209191322089711,-1.0727487356549865,-0.5668628341981403,-0.9516996588361532
CDMS-9-4A-TGAFR,0.0,2.298085725843967,0.0,0.0,-0.7004500865013348,-0.9045340337332909,-0.7004500865013348,-0.4221412560493349,0.8146699754089638,-0.7224241667293557,-1.9889945898370467,-1.4958635793892838,-0.8169765813107005,-0.6847312668938593,-0.8072436339291954
CDMS-9-4C-SCAMO,0.0,3.892831797438448,0.0,0.0,-0.5736975316898073,-0.844242675574703,-0.5736975316898073,-0.4154504188847965,0.40814843595510153,-0.6946523722421606,-3.1577127296705276,-2.6821950200791758,-0.9784189444369398,-0.9620074342014648,-0.654126526017944
CDMS-9-5A-ABERO,0.0,2.682504972316615,0.0,0.0,-0.700105740760119,-0.9959461156964067,-0.700105740760119,-0.4820345250177779,0.11633103202727348,-0.7908198785262472,-2.289191476127252,-1.7467081289393454,-0.5222112953558038,-0.7056897801590754,-0.8174840009668563
CDMS-9-5A-PAGACO,0.0,2.6769038383785873,0.0,0.0,-0.7343087124857914,-1.0152334046705067,-0.7343087124857914,-0.501244762667413,-0.3480372985609291,-0.8611224823744088,-2.2291325034761784,-1.739912731005794,-1.112573388042303,-0.43207910199197963,-0.7967797207476964
CDMS-9-5A-VVAAR,0.0,2.8660372468399116,0.0,0.0,-0.579047203529055,-0.9692453980021178,-0.579047203529055,-0.45141733816278395,0.19932347621996493,-0.7143547591860424,-2.3672677526431496,-1.9520640087017296,-0.49642794375521804,-0.472079416967797,-0.7157659681185709
CDMS-9-5C-LVIZAC,0.0,2.8251210268790534,0.0,0.0,-0.5488212999484517,-0.9200132523639022,-0.5488212999484517,-0.4472135954999579,-1.6547712010352358,-0.6853090998230793,-2.237471863438846,-1.8276920951004272,-1.640354283423984,-1.719993650225533,-0.6785127337726942
CDMS-9-5C-MLOGO,0.0,2.6079737927032247,0.0,0.0,-0.6781253679066579,-1.036609546123935,-0.6781253679066579,-0.49393375153075336,-0.19717349391709194,-0.8011221047070237,-2.2284553730188894,-1.8125235739079821,-0.5109097765101425,-0.8563374299184697,-0.7866627451636636
CDMS-9-5C-SCAAG,0.0,2.51741752069674,0.0,0.0,-0.7510360222997283,-1.0252824934395486,-0.7510360222997283,-0.49393375153075336,0.5322795855573628,-0.8260869565217391,-2.1727079958046454,-1.5741303281107162,-0.29757211205885603,-0.4873851874461589,-0.7879119017198536
CDMS-XX-10A-VGILO,0.0,3.0632746672835878,0.0,0.0,-0.7142128671563462,-0.9239766551809907,-0.7142128671563462,-0.5276448530110864,1.4466352764910742,-0.8561983225686775,-2.645432237174709,-2.253397001187658,-0.9329030232225475,-0.7997324693569167,-0.8636682592116612
CDMS-XX-5C-MJSARU,0.0,2.89554042427856,0.0,0.0,-0.6488856845230502,-0.9829794734892129,-0.6488856845230502,-0.4155813868856491,-1.129343391758156,-0.6950952204628563,-2.4240533594706433,-1.9960069158603653,-1.0516430446619085,-1.5550357088835045,-0.7287939745565304
CDMS-XX-5C-MPCAQU,0.0,1.692697528748293,0.0,0.0,-0.7573401631618395,-1.0776318121606494,-0.7573401631618395,-0.6410832172066031,1.0275550733419523,-0.9968983528417552,-1.5251415697526094,-1.064323584273268,-0.543035171946439,-0.5839846806543071,-1.095354872348441
CDMS-XX-6A-MAGICA,0.0,2.702385098596478,0.0,0.0,-0.6720460402294627,-1.0135967002036181,-0.6720460402294627,-0.49535030901731997,1.016201853265015,-0.8028767217748525,-2.337355060296891,-1.9233742649328074,-0.44971375076804626,-0.19653142040721489,-0.8075845976877604
CDMS-XX-6B-SPUCA,0.0,3.0178289368456186,0.0,0.0,-0.6375498105247469,-0.9573892611799568,-0.6375498105247469,-0.4699715928317313,0.07569088315260022,-0.7578757672667772,-2.473372448052295,-2.0663481810513877,-0.4304038959757853,-0.6274564214029581,-0.7763828511190969
CSO-10-4A-ICAPA,0.0,2.785996600204932,0.0,0.0,-0.6877463849533246,-0.9610744623271418,-0.6877463849533246,-0.563235127634186,0.1474445564886262,-0.8246167672713015,-2.386768121699332,-2.0494037719806033,-1.4236970723318578,-1.245581744234384,-0.8341965761801556
CSO-10-4A-KCOMO,0.0,2.0849891877939086,0.0,0.0,-0.7604835774951403,-1.0863714364636123,-0.7604835774951403,-0.6267445329577562,-0.07045490721644229,-1.0268272595789847,-1.8697526432585736,-1.4220904956777871,-0.9534882224452451,-1.3534558780888069,-1.0811232578809247
CSO-10-4A-LRAVI,0.0,2.134419376509644,0.0,0.0,-0.8481056401827098,-1.061926662339706,-0.8481056401827098,-0.6193347433970009,-0.7150909819140243,-0.988859765535351,-1.9272297382652983,-1.4127828278332997,-1.857854426388185,-1.5335021227049919,-1.0943608389562254
CSO-10-4A-LSCAVA,0.0,3.5486937385395088,0.0,0.0,-0.5257651964044352,-0.9438185346773096,-0.5257651964044352,-0.3385995887898602,-0.4705176373242305,-0.5748679200479065,-2.810218379423308,-2.3264859531918924,-1.1356019091749205,-1.0002734837515357,-0.5650526511715428
CSO-10-5A-ACAVA,0.0,2.6975040933742123,0.0,0.0,-0.6812061261767473,-1.0017406453556186,-0.6812061261767473,-0.43148400027826295,0.12679770681859787,-0.7074216141244841,-2.299351842534049,-1.8488404069445399,-1.2582334076177097,-1.3531078534372292,-0.7405124354400845
CSO-10-5A-ARACA,0.0,2.856519262893337,0.0,0.0,-0.5673419838855386,-0.9200132523639022,-0.5673419838855386,-0.42008402520840293,-0.37974686710126965,-0.6570206754245155,-2.337385845754247,-1.9194551876712367,-1.4148534346948676,-1.4013100915815486,-0.6952739729243861
CSO-10-5A-DABRZA,0.0,2.7438673724070934,0.0,0.0,-0.6581023161780062,-0.9639006320231579,-0.6581023161780062,-0.49687096555050947,-0.6552273507649442,-0.7562174321920097,-2.27947103580084,-1.8662406904000826,-0.45482693948997144,-0.48086427191834025,-0.8126619553220079
CSO-10-5A-GZAMA,0.0,2.6596023455570714,0.0,0.0,-0.7970872295877379,-1.0368531708070607,-0.7970872295877379,-0.6361003486981951,0.1071438611998611,-0.9246992634958605,-2.306545429783106,-1.89646960492394,-1.031697949644098,-1.4396575372497564,-1.0258110190588972
CSO-10-5A-IPECA,0.0,2.9969141790980975,0.0,0.0,-0.7013363202894908,-1.0449210191850375,-0.7013363202894908,-0.6923076923076923,1.3489830619923016,-0.913366491188277,-2.6286634541261966,-2.1304555659960496,-1.3751423674587888,-1.2739742969345804,-0.996464232239354
CSO-10-5A-JANORO,0.0,2.4585257920347594,0.0,0.0,-0.7165107536316874,-1.0084152956251229,-0.7165107536316874,-0.502518907629606,0.9148370664074895,-0.8909363558146213,-2.115917949788419,-1.6153326468123232,-1.0872693737914316,-0.7424766857671508,-0.7825460067972851
CSO-10-5A-JBUVE,0.0,3.6301507023492228,0.0,0.0,-0.5758102533583394,-0.8640878702801462,-0.5758102533583394,-0.3665083330689156,-1.0151208489790498,-0.611613157541985,-2.9912150546652647,-2.499527286561868,-1.3197713289280837,-1.2838239562263771,-0.6936288669038373
CSO-10-5A-JJSEMO,0.0,2.608250996025112,0.0,0.0,-0.5865884600854132,-1.0022497535457564,-0.5865884600854132,-0.45768363135628737,-0.34268483093721447,-0.7022575141448073,-2.2304703357675444,-1.7407137562404862,-1.183705693309022,-1.0035807139795132,-0.716293728155853
CSO-10-5A-JLCARI,0.0,2.4585257920347594,0.0,0.0,-0.7071067811865476,-1.0412500903862965,-0.7071067811865476,-0.5533068361424334,0.894281844392543,-0.8962236125838007,-2.153864091096717,-1.6247560495847906,0.01893922787646581,-0.39581075931605914,-0.798390465996679
CSO-10-5A-MAARAN,0.0,2.7851096401087165,0.0,0.0,-0.7704272941611807,-1.285402400816015,-0.7704272941611807,-0.5883124431469959,-0.236836873941455,-0.8367651412760964,-2.476046058509093,-2.014718782662145,-0.9329321152877734,-1.2553534085736517,-1.0967993330069883
CSO-10-5A-MAOSMO,0.0,3.116774889895918,0.0,0.0,-0.5388159060803248,-0.8765597244127656,-0.5388159060803248,-0.31448545101657555,-0.24879307593117717,-0.5878289625219165,-2.549928525766027,-2.0753486471273326,-0.9005004170528443,-0.7740582342517637,-0.5650526511715428
CSO-10-5A-RVMOIB,0.0,2.8230391555585275,0.0,0.0,-0.7071764545851755,-1.0087563385063791,-0.7071764545851755,-0.5772336155339608,0.5068896402358358,-0.8465567156928608,-2.441053812865455,-2.0227668102715084,-0.2692513747560086,-0.4278622812099643,-0.9606122431389963
CSO-10-5A-SVHEES,0.0,2.79808070663674,0.0,0.0,-0.7575896574549785,-1.0300634658241323,-0.7575896574549785,-0.5232836284001829,-0.6567675925030838,-0.8707795540302452,-2.404643979457381,-2.0511053040673257,-0.9128674338755172,-1.564843029448101,-0.8789271663258089
CSO-11-5A-MDVOSPE,0.0,2.6242559499707596,0.0,0.0,-0.6859943405700353,-1.0256451881367414,-0.6859943405700353,-0.5155800469472481,-0.5405153368441965,-0.7807891767874106,-2.253102440945586,-1.866721168165401,-1.5502913930624147,-1.6796807742578839,-0.8937582088002239
CSO-11-5A-MTAGA,0.0,3.126994047878529,0.0,0.0,-0.6043724810792441,-0.904722402136124,-0.6043724810792441,-0.3614199610576818,0.0681671895855911,-0.6491399734823935,-2.549194241360378,-2.0964678732024633,-0.40138992284395425,-0.22243493673542308,-0.7194282460411441
CSO-11-6A-CAPAMU,0.0,3.220611871825117,0.0,0.0,-0.6375498105247469,-0.9545454545454545,-0.6375498105247469,-0.47826086956521735,-1.0320640513180757,-0.7578757672667772,-2.578271528395272,-2.1637207901738895,-1.1982598478570807,-1.224697307703705,-0.7244338919711681
CSO-11-6A-DSCACH,0.0,3.0968484310611517,0.0,0.0,-0.5570860145311556,-0.9317020423723152,-0.5570860145311556,-0.38118916860825813,-0.19151829063439077,-0.6266382993206857,-2.5498247576465807,-2.031793022140878,-1.3207048969795856,-1.1613147157888868,-0.5925476896474681
CSO-11-6A-EROMO,0.0,2.7536467592812315,0.0,0.0,-0.7071067811865476,-1.0412500903862965,-0.7071067811865476,-0.5488212999484517,0.6966472717264264,-0.8909363558146213,-2.3055996449549943,-1.92625907462099,-0.2982749931359468,0.27105101878648347,-0.8002816448529708
CSO-11-6A-FSOVRE,0.0,2.5720100196209645,0.0,0.0,-0.6126872226034823,-0.9679667080083942,-0.6126872226034823,-0.4434461836856931,0.5877632134044815,-0.721158015876511,-2.159403006400616,-1.7029180791750433,-0.07592119441526111,-0.14262446728260056,-0.7319936739127748
CSO-11-6B-ANREVA,0.0,3.107875589727805,0.0,0.0,-0.6882472016116853,-1.0843872765171643,-0.6882472016116853,-0.4396787718714283,-0.5285251583181324,-0.7730206825239258,-2.7125519466887416,-2.2207480988251445,-0.5775447450752893,-0.6208652392317123,-0.7916316671299345
CSO-11-6B-DISEMO,0.0,2.7123643678891542,0.0,0.0,-0.6926026816731983,-0.9894672312056636,-0.6926026816731983,-0.4525696378552518,-0.783809965772029,-0.8295546686914881,-2.2413576675222964,-1.7579907408718403,-1.9031578455679656,-1.6661456138771524,-0.7194934275120974
CSO-11-6B-LHFDLACH,0.0,3.668001811359367,0.0,0.0,-0.5474433209040426,-0.9305415914315353,-0.5474433209040426,-0.3515615246553262,-0.5777372726922119,-0.6084056490333765,-2.9646400287205985,-2.3092757415089835,-1.3822543482195482,-1.3297064962453813,0.5676287806909504
CSO-11-6B-RJGIHE,0.0,3.203110651176119,0.0,0.0,-0.548321752104002,-0.9025998418263641,-0.548321752104002,-0.33333333333333337,0.11071692575885346,-0.6200415665065958,-2.5456360880877837,-2.0360391686169197,-1.418511073993491,-1.1382134314288683,-0.5518898209675845
CSO-11-6B-SFLVA,0.0,2.1924068395952445,0.0,0.0,-0.8164965809277259,-1.1015056712578357,-0.8164965809277259,-0.6032931878409815,-0.28603877677367834,-0.9826165315329145,-2.011724036787378,-1.5188585374936536,-1.0569963951264667,-1.5041000174960129,-0.18518437370513266
CSO-11-6B-VCOMA,0.0,3.224716355238522,0.0,0.0,-0.6467327497232286,-0.9804443392074902,-0.6467327497232286,-0.48705678739484887,-0.3108954827843155,-0.7354542322242511,-2.6076625108582348,-2.103764418532287,-1.7559629079636687,-1.7498954234748991,-0.6448671287238869
CSO-12-6A-DGISE,0.0,2.973084990297187,0.0,0.0,-0.5773502691896257,-0.8879051519545105,-0.5773502691896257,-0.4155813868856491,1.0288147652441124,-0.7092993656151905,-2.390330953249339,-1.9894326117360983,0.6031332145181367,0.48130223001380074,-0.689200549344186
CSO-12-6A-FJOVRE,0.0,2.8941495323644877,0.0,0.0,-0.6453143380561521,-0.9804443392074902,-0.6453143380561521,-0.5098499285104608,-0.07082467040890456,-0.7795248293271821,-2.407848663558127,-2.0807939466694454,-0.5185185185185182,-1.1567833477104166,-0.7700278418543073
CSO-12-6B-GQULO,0.0,3.649485558126797,0.0,0.0,-0.605743969982087,-0.8572903739373623,-0.605743969982087,-0.46852128566581813,-1.0320640513180757,-0.7248838978561754,-2.9976502626778703,-2.5289869647577206,-1.4270653937957554,-1.1699173740939732,-0.6926317408033187
CSO-12-6B-LJHEFE,0.0,4.298877684347181,0.0,0.0,-0.6305148009460186,-0.9769116251168077,-0.6305148009460186,-0.4556210808256099,-1.690981186217434,-0.7922428718785249,-3.6262370041281415,-3.1092464278808967,-1.9756759643062247,-2.462720114691218,-0.777723712483133
CSO-12-6B-VPAMA,0.0,3.129032785501267,0.0,0.0,-0.5022211903870308,-0.8646436581123422,-0.5022211903870308,-0.3434332435889814,-0.4249717861720005,-0.5907571762272894,-2.539043188326887,-1.9868670397539507,-0.3397330106663651,-0.3363375487325644,-0.5798506402146091
CSO-12-7A-DALRE,0.0,2.3310690597933874,0.0,0.0,-0.7381051253765321,-0.9797958971132713,-0.7381051253765321,-0.5623916050338599,0.046568068784815696,-0.9122629564610334,-2.0783162534334294,-1.5852025913307526,-1.0260355983449483,-1.1534381691141105,-0.9084170022693555
CSO-12-7A-ESALA,0.0,2.951611677953193,0.0,0.0,-0.5241424183609591,-0.9292767830367701,-0.5241424183609591,-0.3144854510165755,-1.0232464521283102,-0.5373772707982378,-2.3363299281851266,-1.8451356762961002,-0.7494957464887063,-0.8622505387907083,-0.5261300637730782
CSO-12-7A-IMERO,0.0,2.8008492209629043,0.0,0.0,-0.5865884600854132,-0.9165547960868982,-0.5865884600854132,-0.3665083330689156,-0.1340411716100376,-0.647576125802733,-2.3036183769622,-1.8967388384216781,-0.35037328150462177,-0.37610362609678494,-0.6192005626571199
CSO-12-7A-JHEZA,0.0,3.8349454080498355,0.0,0.0,-0.4504087570529786,-0.8416041641859275,-0.4504087570529786,-0.29488391230979427,-0.9909810030078727,-0.5314667522471715,-2.9869307685249087,-2.4390512133123003,-1.4923061892955802,-1.5789019679712504,-0.47638409251067065
CSO-12-7A-LSARAR,0.0,2.4437817830773856,0.0,0.0,-0.6152198555457548,-1.005244521545749,-0.6152198555457548,-0.4571443992078605,1.4906627207362273,-0.8186312161546414,-2.108875699802395,-1.57235850996018,0.01893922787646581,0.36110938987955354,-0.7872200578116243
CSO-12-7A-SCAHO,0.0,3.5665368707508325,0.0,0.0,-0.5478354587662504,-0.893052281973701,-0.5478354587662504,-0.3525539609293879,-1.0944541457222288,-0.5939776184731286,-2.8802442721101116,-2.38230599968389,-1.0066890377827435,-1.3095986200984662,-0.5719479319722489
CSO-12-7B-DVAGRO,0.0,2.8008492209629043,0.0,0.0,-0.5324915566244339,-0.8851864312888261,-0.5324915566244339,-0.30151134457776363,-0.07349939363250385,-0.5720775535473555,-2.329118696243892,-1.7113960068739043,0.45522233521690525,0.5308931568252876,-0.5392351167317183
CSO-12-7B-SMUGU,0.0,2.107330812349222,0.0,0.0,-0.7381051253765321,-1.014364021633215,-0.7381051253765321,-0.4758825005057875,1.0061769946683874,-0.7626693446587242,-1.8674174688569436,-1.367670228120554,-0.9801960588196069,-0.5833905814122828,-0.9019383001617068
CSO-12-7B-SSARA,0.0,2.951611677953193,0.0,0.0,-0.5721952483668065,-0.911226138377073,-0.5721952483668065,-0.3908059124590333,-0.20906598290443673,-0.666010175452128,-2.3368578869696868,-1.9299126516851026,-0.9422351394769156,-0.6899518314576593,-0.6030896431554476
CSO-12-7B-VHOMA,0.0,2.887233271798466,0.0,0.0,-0.6288240690562544,-0.9775425539021958,-0.6288240690562544,-0.38595648796604853,-0.5583511998741146,-0.6760420075311911,-2.3848566378495617,-1.8951675586818135,-1.8111312084406324,-1.9488776101114098,-0.7276934182907688
CSO-12-8A-YTOME,0.0,2.5395460933524605,0.0,0.0,-0.6772716398450584,-1.0295505153533315,-0.6772716398450584,-0.4363628930467548,-0.055627274874289,-0.7502685922867612,-2.1520301272260713,-1.7118229707087225,0.03635903564228725,-0.011629718855621085,-0.8697391429790057
CSO-13-6A-ANASA,0.0,3.6568600702836256,0.0,0.0,-0.6073077644091269,-0.8913961679549144,-0.6073077644091269,-0.40331984847546853,-0.7417587892713072,-0.6678055368089227,-2.984779846652659,-2.4840589317214237,-1.1417280279127953,-1.1008101755205584,-0.6750202638860421
CSO-13-6B-JETAVE,0.0,2.29512766461424,0.0,0.0,-0.6312175918475982,-0.9517858828985912,-0.6312175918475982,-0.4516259576969889,0.8101879256652526,-0.7775557622091288,-1.99803977169021,-1.4739720394168396,-0.5025118651851266,-0.2295556815874141,-0.7919853028253352
CSO-13-6B-LFMIES,0.0,2.478417577430964,0.0,0.0,-0.7077185258852557,-1.0084152956251229,-0.7077185258852557,-0.502518907629606,-1.072674998247392,-0.8898911876149372,-2.136305437699729,-1.713793312621348,-1.6090085129557452,-1.6268473693543637,-0.7825460067972851
CSO-13-6B-LJMAHU,0.0,2.298085725843967,0.0,0.0,-0.7078383972965656,-1.0418641606982146,-0.7078383972965656,-0.4418360821684622,-0.1693388898776963,-0.8144509194991283,-1.9889945898370467,-1.4293046256573565,-0.17738090494231762,-0.5126768002583932,-0.8072436339291954
CSO-13-7A-CAPAMU,0.0,2.682216950018537,0.0,0.0,-0.6660806414200875,-1.0016898831136072,-0.6660806414200875,-0.46767663776653084,-1.5004837685661374,-0.7354542322242511,-2.2291325034761784,-1.7708378125868394,-1.4346596617318892,-1.1950453291224061,-0.7678524781476042
CSO-13-7A-CDDITR,0.0,2.7201653395714667,0.0,0.0,-0.5696519211398117,-0.909286752652712,-0.5696519211398117,-0.3665083330689156,0.3886658893356652,-0.647150228929434,-2.3036183769622,-1.7052234400490742,-0.6697205446030638,-0.7183177847566214,-0.6031454851083644
CSO-13-7A-JJATFL,0.0,2.9231660470195875,0.0,0.0,-0.6453143380561521,-0.9049590767686999,-0.6453143380561521,-0.5098499285104608,0.14512373781892746,-0.7795248293271821,-2.5085468448223454,-2.0824909924464308,-0.7695772536455023,-1.0263230955985916,-0.7289511313979434
CSO-13-7A-KRAMA,0.0,2.8772007426026205,0.0,0.0,-0.6527533657682195,-0.9867049131056443,-0.6527533657682195,-0.5334650693692645,0.4212926188701315,-0.7838686930074692,-2.386734176431794,-1.9846728297322223,-0.3660129815828785,-0.6329676809900395,-0.8193682183775847
CSO-13-7A-RXCHLU,0.0,2.4585257920347594,0.0,0.0,-0.7423074889580903,-1.036609546123935,-0.7423074889580903,-0.5310850045437944,0.8624671428525525,-0.8851725091609643,-2.115917949788419,-1.6153326468123232,-0.5671431227224059,-0.867694814095598,-0.835844130584916
CSO-13-7A-YAMEZA,0.0,3.256950971662264,0.0,0.0,-0.6171277804201972,-1.0418458998404816,-0.6171277804201972,-0.4903898885974117,-1.5863029745078292,-0.7704713959586719,-2.771728196991658,-2.354016802149225,-2.241586694825993,-2.4891590363127185,-0.7699970642266756
CSO-13-7A-YBOSO,0.0,2.0459972769279364,0.0,0.0,-0.668042657122685,-0.9732317022604079,-0.668042657122685,-0.4714045207910317,-0.24663181183349503,-0.7624928516630234,-1.782357144099172,-1.2642497308346823,-0.951439387313072,-1.0977242013189423,-0.8145977570002411
CSO-13-8A-MBUAN,0.0,2.6194380308770944,0.0,0.0,-0.692574547419395,-1.0357012506729462,-0.692574547419395,-0.5040055054580183,-0.18852388502239156,-0.8367859290869682,-2.234573238285522,-1.787684809521067,-1.4080987353418264,-1.103805334495106,-0.7749656259979858
CSO-13-8A-MGAAN,0.0,2.925142866449904,0.0,0.0,-0.5529536572398037,-0.9358995676312467,-0.5529536572398037,-0.3908059124590333,-0.794075144210953,-0.6487915033445424,-2.413949090938475,-1.8914317395962281,-0.5690189978276583,-0.7765993690285315,-0.621196388376684
CSO-13-8A-MGAHE,0.0,2.581824594402747,0.0,0.0,-0.7165107536316874,-0.9823455953061154,-0.7165107536316874,-0.5324915566244339,0.9230024413664227,-0.896574214978282,-2.150015040724922,-1.7415147814751781,-0.9147284329987859,-0.8925084486301775,-0.8458318881563659
CSO-13-8A-MJAGA,0.0,2.9723726039958227,0.0,0.0,-0.6817151537155783,-0.9924297213592745,-0.6817151537155783,-0.5245751639917001,-0.8837135553406664,-0.8064720762924582,-2.501388851088374,-2.1222573684216677,-0.5661227494338086,-0.5621199075922079,-0.7601896748047682
CSO-13-8A-VHODU,0.0,3.2083337089720905,0.0,0.0,-0.7437953068891797,-0.907045950837317,-0.7437953068891797,-0.5216124499791672,0.32134923220337713,-0.8837374597653809,-2.7261145317997486,-2.2819882997089493,-1.8002061619041498,-2.1553310579940206,-0.8459248345357407
CSO-13-8B-FCJISA,0.0,2.608487054669186,0.0,0.0,-0.5465357250000211,-0.8658119656040476,-0.5465357250000211,-0.30151134457776363,0.3024346454614488,-0.5745868674211271,-2.086694306998644,-1.6628771605833998,0.8752532928117897,0.7979026311778599,-0.5261300637730782
CSO-13-8B-JEMABE,0.0,3.297448704486897,0.0,0.0,-0.6952968697696162,-1.0371428578823605,-0.6952968697696162,-0.5544107139762533,-1.3033626464363612,-0.847650816858787,-2.80708799836619,-2.3539766836252505,-1.5488189943895065,-1.6518818633070218,0.04060719447288738
CSO-13-9B-DMLLLU,0.0,3.146365327569226,0.0,0.0,-0.47826086956521735,-0.8321264092622437,-0.47826086956521735,-0.30151134457776363,-0.2266370798680296,-0.5346546441640732,-2.552088737512905,-2.0959719181551733,-0.9381978763748714,-0.9706599319815056,-0.6192005626571199
CSO-14-7A-MVEBE,0.0,3.139348319059769,0.0,0.0,-0.6152198555457548,-0.9344045068798317,-0.6152198555457548,-0.44183608216846215,-0.010522041774434035,-0.7690096033344017,-2.620655938906438,-2.0297409927851193,-0.5856271576959887,-1.085529771767168,-0.6069462274512993
CSO-14-7B-EALHU,0.0,2.2093698097563275,0.0,0.0,-0.626300100575299,-0.9617749955011805,-0.626300100575299,-0.4378725873276671,-0.23231599723764135,-0.7265970602717067,-1.9426647565553534,-1.3997014300369528,-0.8279420099071197,-0.7760088595909684,-0.7981576160313893
CSO-14-7B-EVEGO,0.0,3.2117135866191386,0.0,0.0,-0.6073516944008988,-0.9483344228263015,-0.6073516944008988,-0.4154504188847965,-0.6308094024873515,-0.7042150032286918,-2.620655938906438,-2.1044967706411164,-0.46607110966989107,-0.39149951733636157,-0.6082049337259932
CSO-14-8A-AQUMA,0.0,3.085188469252983,0.0,0.0,-0.6162495185552518,-0.9578414886923189,-0.6162495185552518,-0.42008402520840293,0.6888856230684911,-0.666010175452128,-2.5164852639596793,-1.9960069158603653,-1.3390777426632818,-1.4525579650543676,-0.7040236066955246
CSO-14-8A-MCIDOS,0.0,3.931020824162059,0.0,0.0,-0.5,-0.8916835530603502,-0.5,-0.3144854510165755,-0.6274659044225961,-0.5487193208364455,-2.9043886032136603,-2.373873591977574,-1.0207318390457827,-0.7217325518826064,-0.48354923697354135
CSO-14-8A-SZARA,0.0,2.851160884740837,0.0,0.0,-0.5743013582209264,-0.9118581703449404,-0.5743013582209264,-0.3908059124590333,-0.7145348544240104,-0.6966960207383277,-2.269554296401061,-1.8638291589483322,-0.7754383556511828,-0.8529818016965081,-0.621196388376684
CSO-14-8B-JLLORA,0.0,2.449703721062287,0.0,0.0,-0.7042633552819648,-0.994085747746416,-0.7042633552819648,-0.6110274286441854,-0.9449154794509637,-0.8326564106648695,-2.1505941127820414,-1.709358208088808,-0.8248351931839853,-1.5361198057581644,-0.9588623677031922
CSO-14-9A-AEDCAGO,0.0,2.8286842419281206,0.0,0.0,-0.6390986233919473,-0.9863231985868132,-0.6390986233919473,-0.43560123385562954,0.11581494976786764,-0.7409962553352778,-2.3332522709990693,-1.9228571311461133,-1.0586914872438065,-0.8402900650939042,-0.6965540263510139
CSO-14-9A-HASACA,0.0,3.511151378500549,0.0,0.0,-0.5334650693692645,-0.9050118710511759,-0.5334650693692645,-0.3385995887898602,-0.4705176373242305,-0.5916487268706953,-2.7383865838658488,-2.3092757415089835,-1.159193367578202,-0.8358091368514027,-0.6077241716326509
CSO-14-9A-JSMAAL,0.0,2.9991219507634885,0.0,0.0,-0.6523287669493207,-0.9572142885921606,-0.6523287669493207,-0.5363979741192646,1.1033790661046132,-0.8025920095919303,-2.5909580485774564,-2.1663723410097333,-1.2948250109539132,-0.7561984364985201,-0.8663715066560012
CSO-14-9A-MARJA,0.0,2.5773401085579066,0.0,0.0,-0.5901603554306964,-0.8827257263477832,-0.5901603554306964,-0.3885612023425029,0.5366446774050712,-0.666010175452128,-2.192262462858654,-1.7005227747838618,-0.4449542090674189,-0.2763610840901783,-0.6758497222790574
CSO-14-9A-SORZU,0.0,3.382716815561694,0.0,0.0,-0.6,-0.9748099204492218,-0.6,-0.42008402520840293,-0.00741949471152947,-0.6506116909727269,-2.762927844691273,-2.3591200938188477,-1.185113657849943,-1.171947827906039,-0.6615595135755833
CSO-14-9B-ERAGA,0.0,2.7536467592812315,0.0,0.0,-0.728645783975875,-1.0162612288412374,-0.728645783975875,-0.4662524041201569,1.2761814466970123,-0.8404781212283347,-2.3055996449549943,-1.838240056431444,-1.758905712398404,-1.0406332030073746,-0.763268506832308
CSO-15-10A-LJRAGU,0.0,2.706507912738353,0.0,0.0,-0.7877263614433763,-1.1432297508528626,-0.7877263614433763,-0.6488856845230502,-0.05111940886775455,-0.9088795387717562,-2.4058151316319316,-1.9858228308532753,-1.235604126430431,-1.567388079443885,-1.0993599070398778
CSO-15-10A-MAARLO,0.0,2.8520712726332125,0.0,0.0,-0.7175608803587864,-1.0403425358345837,-0.7175608803587864,-0.5334650693692645,1.0197464454095584,-0.8311135503088897,-2.4650033941709575,-2.0388509543051208,-1.5882295754972786,-1.2094740589427326,-0.8828990777073373
CSO-15-10A-SFEGA,0.0,3.3983018670776852,0.0,0.0,-0.622701593959899,-0.992722266890437,-0.622701593959899,-0.44600411711722476,0.394847001893631,-0.7388197811605821,-2.824388402987144,-2.3916353739690717,-0.7624334221367646,-0.8630933219066055,-0.7513501316302904
CSO-15-10B-MEBUAR,0.0,2.744190849400705,0.0,0.0,-0.6488856845230502,-0.9649012813540153,-0.6488856845230502,-0.5310850045437944,0.977658897247694,-0.7795248293271821,-2.370451866357841,-2.004002655245558,-0.7645657633783594,-0.5725219340377038,-0.7339101906120036
CSO-15-10B-YVBUAN,0.0,2.5086783351566777,0.0,0.0,-0.5364799360395373,-0.9200132523639022,-0.5364799360395373,-0.4472135954999579,0.49095148275043277,-0.6892974875509881,-2.164941921704516,-1.675647435189696,-0.4787799573306501,-0.23627096960550398,-0.6739646638469756
CSO-15-10C-ALBAHO,0.0,2.7559514788389015,0.0,0.0,-0.6513616656149692,-0.9468889781482386,-0.6513616656149692,-0.4540442431443096,0.038537635024600864,-0.6996067558119387,-2.3476685448912384,-1.9557751286646563,-1.3556319825573722,-1.5199098903082646,-0.7601424675334706
CSO-15-10C-SSCAMO,0.0,2.706632914125855,0.0,0.0,-0.5557907324839464,-0.9419111187911122,-0.5557907324839464,-0.34554737023254406,-0.4304242103824073,-0.647150228929434,-2.2265200302945094,-1.7036090581962768,-0.8182460673238588,-0.74935007461024,-0.5841052407019982
CSO-15-11C-JETALO,0.0,2.973084990297187,0.0,0.0,-0.5650320466312655,-0.9424529286169204,-0.5650320466312655,-0.3865556717425342,0.08081029543332989,-0.657052556249505,-2.4202341258143965,-1.9403701156989686,-0.7859370885787427,-0.7526680192955473,-0.6346686051207171
CSO-15-7B-JCRAGA,0.0,2.8562188774259716,0.0,0.0,-0.6719248776793871,-0.9974041804203526,-0.6719248776793871,-0.461988194537552,0.41645234870993253,-0.7668667476195778,-2.3877200363302356,-1.7718554495297,-0.42621587666366473,-0.9348178058201962,-0.7358952652075581
CSO-15-8A-VBMABR,0.0,2.702385098596478,0.0,0.0,-0.7286298998130195,-1.0199581613645337,-0.7286298998130195,-0.5180653234396059,0.710736681488772,-0.8311135503088897,-2.354169556283888,-1.9586015385105129,-0.36301442270135437,-0.5149376718385511,-0.8739086510327992
CSO-15-8B-KEPOGO,0.0,3.4201270433284936,0.0,0.0,-0.596970077243156,-0.9201762097288366,-0.596970077243156,-0.4358549914526959,-0.057417554048542124,-0.7073966580518979,-2.8321860733187125,-2.376464500728658,-0.31839328091438074,0.1154940865316138,-0.6855088676703767
CSO-15-9B-ALRIHE,0.0,3.670096059729129,0.0,0.0,-0.6152198555457548,-0.9518733958096182,-0.6152198555457548,-0.42008402520840293,-0.561401631836885,-0.6779597968498743,-3.0000876166644153,-2.5181662449240974,-2.3093046641417816,-2.002390563430513,-0.7040236066955246
CSO-15-9B-AMSAGO,0.0,3.511151378500549,0.0,0.0,-0.6,-0.8700692924472788,-0.6,-0.4516259576969889,0.015901978408693215,-0.7434437009051463,-2.901964369751957,-2.3528283171610513,-1.2048289933537484,-1.208678583991023,-0.6248700000171665
CSO-15-9B-JCAPA,0.0,3.085188469252983,0.0,0.0,-0.6488856845230502,-0.9649012813540153,-0.6488856845230502,-0.43148400027826295,-0.431190219703234,-0.7064576864623769,-2.5164852639596793,-2.0807939466694454,-1.351311472169353,-1.2074079506399198,-0.6507617180110318
CSO-15-9B-KSBEJA,0.0,2.4717228894284053,0.0,0.0,-0.7065695826475852,-1.0132383036964872,-0.7065695826475852,-0.5474433209040426,0.8495901519174137,-0.8483306016883925,-2.1671537612867775,-1.6914247989297522,0.029724794297987845,-0.1018599045791224,-0.9192603202763076
CSO-15-9B-RMCHLU,0.0,2.6066823051210184,0.0,0.0,-0.6162495185552518,-0.9804443392074902,-0.6162495185552518,-0.4662524041201569,0.4131593146640896,-0.8011221047070237,-2.1526434384802684,-1.7415147814751781,-0.8174315366685078,-0.5720867302101705,-0.776526527401835
CSO-15-9B-SJAGRO,0.0,3.891079727687952,0.0,0.0,-0.6065361201727832,-0.914326649607821,-0.6065361201727832,-0.40953898546208367,-1.8673110306620655,-0.685435347417463,-3.1182891845490777,-2.4958089376680106,-1.9013825145103116,-2.0534879252076332,-0.6475948689044557
CSO-16-10A-JEGAHE,0.0,3.4756802634013164,0.0,0.0,-0.6339194507876875,-0.9104896874624002,-0.6339194507876875,-0.44272507420632373,0.3505287367126374,-0.7213730391374805,-2.8906443048886317,-2.456377209096578,-1.2342442977034274,-1.008249497865167,-0.7763828511190969
CSO-16-10A-MSACO,0.0,3.0064035261550544,0.0,0.0,-0.6342041458137316,-0.9199469295420797,-0.6342041458137316,-0.4274854744234472,-1.379459992224215,-0.6943795748072714,-2.5303222916599903,-2.077817127033098,-1.5357507233217678,-1.5300337798524937,-0.7523178014394675
CSO-16-10A-SARI,0.0,3.441287475655836,0.0,0.0,-0.622662721177668,-0.8916574474166461,-0.622662721177668,-0.3665083330689156,0.3593312955371093,-0.6375903454545598,-2.88279010088043,-2.4017407309656016,-0.5160200560710351,-0.363343913061528,-0.7328008275663777
CSO-16-10A-SMOUT,0.0,3.111756846118411,0.0,0.0,-0.6764179117834591,-1.1171857538777465,-0.6764179117834591,-0.571823370154915,0.07405714479169749,-0.7700361416255421,-2.673490980825715,-2.237608336210195,-1.6200022844870885,-1.617678630165002,0.07295097492301976
CSO-16-10A-YKMUJO,0.0,2.264446845903306,0.0,0.0,-0.7004500865013348,-1.0132383036964872,-0.7004500865013348,-0.5180653234396059,1.340055858850896,-0.8909363558146213,-1.9621911298272503,-1.5484763939495287,0.03227299362233872,0.018399968209689997,-0.8808880918386209
CSO-16-10B-JESUGU,0.0,3.1100494885803567,0.0,0.0,-0.49798507260141567,-0.8553898833377738,-0.49798507260141567,-0.31275508534631835,0.02991010156592782,-0.5648898871390665,-2.5304342996579186,-2.0753486471273326,-0.9654369466206151,-0.6075830312181532,-0.5148781415844361
CSO-16-10B-LTVIFA,0.0,3.5443438508927527,0.0,0.0,-0.5361404877247946,-0.8690929159422909,-0.5361404877247946,-0.3322429367794645,-0.6143387177540316,-0.6091435130956905,-2.7574099830518266,-2.247538036020324,-0.7191152989179076,-0.6849087870781188,-0.5362945505117668
CSO-16-10B-VVILI,0.0,3.1926355363727903,0.0,0.0,-0.622662721177668,-0.9128709291752769,-0.622662721177668,-0.48705678739484887,0.1432050747464932,-0.7470991656478515,-2.610718450827208,-2.2518455541107225,-1.0138526667731087,-1.0179187518035027,-0.7458314976111496
CSO-16-10C-ACALGU,0.0,3.0435195762598757,0.0,0.0,-0.6157346870505033,-0.9518733958096182,-0.6157346870505033,-0.4358549914526959,0.12207221067048094,-0.6928011352409369,-2.4872188849752703,-2.095475609397863,-0.8669932653874222,-0.7499607201775933,-0.7085795901107054
CSO-16-10C-MAVAVE,0.0,2.983565475004434,0.0,0.0,-0.5293649287774405,-0.8716791331725517,-0.5293649287774405,-0.3665083330689156,-0.24156235304939552,-0.6171255375092259,-2.3846108212468895,-2.0232644726120323,-1.15762521158883,-1.0880668437644365,-0.5721267946453276
CSO-16-11A-JAVABO,0.0,3.753034295866496,0.0,0.0,-0.5433870998866536,-0.844959641666344,-0.5433870998866536,-0.33333333333333337,-0.15333282295853656,-0.5794948387322956,-3.0029234831900915,-2.5507357552378447,-1.4683038222799705,-1.1329683209813117,-0.5688799764727146
CSO-16-11A-JDMUVA,0.0,3.80223980695411,0.0,0.0,-0.5322750369565294,-0.9050118710511759,-0.5322750369565294,-0.3239093921749544,-0.28228274938903436,-0.5927489783638191,-2.9437164733643595,-2.3011018055884644,0.1294823835710023,-0.2891028264946348,-0.5327165143431261
CSO-16-11A-VZAOR,0.0,3.527676166907552,0.0,0.0,-0.5334650693692645,-0.9438798074485388,-0.5334650693692645,-0.3385995887898602,-0.492594667316571,-0.5659164584181102,-2.7717397110203446,-2.3264859531918924,-1.002799098182906,-0.8701342918039806,-0.6598576215312485
CSO-16-11B-KRORE,0.0,2.702385098596478,0.0,0.0,-0.7071067811865476,-1.0057307059414877,-0.7071067811865476,-0.5310850045437944,-0.054241478165510434,-0.8626621856275073,-2.2413576675222964,-1.79805900129035,-1.4039566347526662,-1.121474249923587,-0.8002816448529708
CSO-16-11B-LLOZA,0.0,3.220348238313438,0.0,0.0,-0.6290157484291844,-0.9458795898950412,-0.6290157484291844,-0.4434580075378233,-0.5869270938112785,-0.7525600748571604,-2.6682435752889377,-2.2878120440193186,-1.777674225842024,-1.7008925137141966,-0.7492021825909689
CSO-16-11B-YAROMO,0.0,3.3374829135838273,0.0,0.0,-0.4723479762979613,-0.919585550067321,-0.4723479762979613,-0.3665083330689156,-0.3583488477502414,-0.5944892941095895,-2.549928525766027,-2.0777148908655554,-1.6063135284970926,-1.368790385698398,-0.5325325902243545
CSO-16-9A-JALEMO,0.0,3.727170120733314,0.0,0.0,-0.5948030041269223,-0.8250286473253902,-0.5948030041269223,-0.3865556717425342,-0.2596884107123736,-0.6514303440305587,-2.9976502626778703,-2.5514948598725837,-1.0035885282785328,-1.1484463861974596,-0.6926317408033187
CSO-16-9A-JPROSO,0.0,3.005176369245663,0.0,0.0,-0.6311687442672026,-0.9552967029675139,-0.6311687442672026,-0.37653200240572493,0.34810436763252905,-0.6836773803967191,-2.468359694887038,-1.9234941070655167,-0.6645182914732908,0.16375775096641743,-0.659881297200601
CSO-16-9A-JSMAGU,0.0,2.98984933045128,0.0,0.0,-0.6067658805077758,0.13103343521677774,-0.6067658805077758,-0.3665083330689156,-0.05777493880628275,-0.653596029589197,-2.444721898904898,-2.1999650966932913,-1.4049629889991857,-1.2711746431501953,-0.6833068218032103
CSO-16-9B-SJPAJI,0.0,2.845479023561598,0.0,0.0,-0.7578391517481176,-1.1177837823782923,-0.7578391517481176,-0.6081636405595373,-0.8880502351604279,-0.9124237306128321,-2.575270025052977,-2.1180265320286646,-1.688677603178814,-2.2278937122120923,-1.0815321488552365
CSO-17-10A-YVGOCA,0.0,3.619147527868286,0.0,0.0,-0.6712339483453673,-1.0377311024567795,-0.6712339483453673,-0.49807239569974093,0.6003380940965556,-0.7226682765870758,-3.065276704354608,-2.524608246285113,-1.3811926085331487,-1.8352536995019662,-0.9052301974312218
CSO-17-10B-EHECO,0.0,3.139348319059769,0.0,0.0,-0.6081636405595373,-0.9748099204492218,-0.6081636405595373,-0.4155813868856491,0.04005578512167039,-0.666010175452128,-2.586370832787427,-2.0297409927851193,-0.7648013433490473,-0.7739132336815469,-0.6885354494508693
CSO-17-10B-YCQUVE,0.0,2.609819686929206,0.0,0.0,-0.605743969982087,-0.9345507010964663,-0.605743969982087,-0.4396787718714283,1.5233615051916733,-0.7247526260606644,-2.237471863438846,-1.7415378466093847,-0.5652817963391953,-0.4465209107594401,-0.7458314976111496
CSO-17-11A-DJAPA,0.0,3.1024581750616806,0.0,0.0,-0.6929177655843248,-1.0276030450885552,-0.6929177655843248,-0.6032931878409816,-0.6720712766608046,-0.8775764022602202,-2.6002190194478914,-2.272884885563722,-1.5989414996142965,-1.6681220575190672,-0.9107817208582596
CSO-17-11A-JDAMO,0.0,2.5102215638837917,0.0,0.0,-0.727189452715278,-1.0133239473899986,-0.727189452715278,-0.5406564282864428,0.5343146486971788,-0.8252013288237787,-2.151939565910819,-1.6321553173071055,-1.1805499566485849,-1.0193268187504156,-0.8459519397676667
CSO-17-11A-NPAHE,0.0,2.6632718000239746,0.0,0.0,-0.7198051755130666,-0.9804443392074902,-0.7198051755130666,-0.5948030041269223,-0.02031111159255926,-0.8559785396929923,-2.320299440627448,-1.9090311567476606,-1.2136941217213424,-1.0286136475933063,-0.9600921866923903
CSO-17-11A-RLPAIG,0.0,3.126994047878529,0.0,0.0,-0.5645919971074178,-0.8502754786744449,-0.5645919971074178,-0.36927447293799814,0.1307437227462498,-0.6412978992103646,-2.539043188326887,-2.0606746916158403,-0.388955270634576,-0.11099287054019334,-0.6123106585563822
CSO-17-11A-SPUVA,0.0,3.1892894802531364,0.0,0.0,-0.6077429890133638,-1.0075320895104398,-0.6077429890133638,-0.42708981786855416,-0.39834675812881915,-0.7218381305763486,-2.57987562418557,-2.140658654796546,-1.5530043605057038,-1.6901511795784243,-0.6523623751275677
CSO-17-11B-CDBEBU,0.0,3.0167266065006055,0.0,0.0,-0.542365433771121,-0.9621620733280145,-0.542365433771121,-0.4117786588006837,-1.1443893943675398,-0.6363755711052134,-2.5426687557883048,-1.992719763798232,-1.1945679728647833,-1.4738167440085075,-0.6044169652413334
CSO-17-11C-JDAAG,0.0,3.4038132807994077,0.0,0.0,-0.5393308788692646,-0.9447117663891873,-0.5393308788692646,-0.3515615246553262,-0.7361428916660215,-0.5927489783638191,-2.604460225078197,-2.173139477962627,-1.097232006724461,-0.7381833083330742,-0.5650526511715428
CSO-17-11C-MAPAMA,0.0,3.783384305990092,0.0,0.0,-0.5650320466312655,-0.9299811099505542,-0.5650320466312655,-0.3865556717425342,-0.600090757828382,-0.6674770558705498,-3.1342658311361165,-2.687113800123584,-0.8958237785812221,-0.614880777353646,-0.5699571234041423
CSO-17-11C-MCAAG,0.0,3.116774889895918,0.0,0.0,-0.5393308788692646,-0.9090800306234581,-0.5393308788692646,-0.329292779969071,0.08081029543332989,-0.5838193816777028,-2.549928525766027,-2.1032272601884987,-0.005652424484484145,0.26525812931573683,-0.5981199639766521
CSO-17-11C-SARJA,0.0,3.1058328768409353,0.0,0.0,-0.5073508202029676,-0.8449422219837603,-0.5073508202029676,-0.3678914030034569,-1.1100470374939024,-0.5830118914705461,-2.541521235726042,-2.083092735119507,-1.1007039488630488,-0.7837687508102982,-0.5531499810594578
CSO-18-11A-ADBAHO,0.0,3.0435195762598757,0.0,0.0,-0.5641519475835701,-0.8700692924472788,-0.5641519475835701,-0.39505615317553233,-1.0124744947456505,-0.684092675861465,-2.437634751877489,-2.010910471278035,-1.494367283566684,-1.2222795677279372,-0.6936288669038373
CSO-18-11B-YLLRE,0.0,3.1305572294271644,0.0,0.0,-0.6781253679066579,-0.9843091327750997,-0.6781253679066579,-0.5222329678670935,0.28579271608473855,-0.7930582133631261,-2.711138095151494,-2.2891110151109704,-0.5277950996298277,-0.9788635869766171,-0.8739086510327992
CSO-18-9B-MAMOLO,0.0,2.8772007426026205,0.0,0.0,-0.6013932677575894,0.11966540464650761,-0.6013932677575894,-0.42008402520840293,-0.8818401716080144,-0.6663770944784493,-2.337385845754247,-2.0446308168451965,-0.939145300917814,-1.1183478782113097,-0.6824897251055971
CSO-8-3A-AIPRBR,0.0,2.8688684160317632,0.0,0.0,-0.6576777173591073,-0.9144192165244507,-0.6576777173591073,-0.5318325839012685,0.4790851393549175,-0.7873442857668582,-2.46616678186854,-2.047116430572258,-1.3814046907209068,-1.3038155004915912,-0.8039229896920217
CSO-8-3A-DAPAVA,0.0,2.429461292315338,0.0,0.0,-0.7527147921908806,-1.0449670740736128,-0.7527147921908806,-0.5276137114523767,0.1718930571522516,-0.9151802609946883,-2.089918577434787,-1.605948101744851,-1.1932212597789462,-1.188396942708894,-0.8474530379013118
CSO-8-3A-KVPECO,0.0,2.5533076283443097,0.0,0.0,-0.5544954504367372,-0.9271726499455307,-0.5544954504367372,-0.3665083330689156,0.3133943178575119,-0.6282642391460916,-2.086694306998644,-1.518018981361502,-0.5515534316202902,-0.3666732581753517,-0.5700905174273443
CSO-8-4A-ARAGR,0.0,2.608487054669186,0.0,0.0,-0.5865884600854132,-0.919585550067321,-0.5865884600854132,-0.42348694856863145,-0.29645153961585985,-0.7465382784463046,-2.2195830040127924,-1.7052234400490742,-0.5511782546095501,-0.41005967879236177,-0.7499338743922289
CSO-8-4A-JRAAR,0.0,2.8008492209629043,0.0,0.0,-0.5334650693692645,-0.9045340337332909,-0.5334650693692645,-0.4155813868856491,-0.2868622478332585,-0.6663770944784493,-2.329118696243892,-1.9103199251116294,-0.9942803931012697,-1.0795609587697397,-0.658142390461176
CSO-9-2A-EXMOCO,0.0,2.5533076283443097,0.0,0.0,-0.668042657122685,-1.0,-0.668042657122685,-0.4472135954999579,-0.6835839739989401,-0.6868028197434451,-2.1305973919941144,-1.526512932804316,-0.8389074385035391,-0.8427828026720435,-0.7401301262929603
CSO-9-4A-DKVIMO,0.0,2.2364906347150755,0.0,0.0,-0.6709196490606821,-0.9885229992426252,-0.6709196490606821,-0.4714045207910317,1.3448553677137294,-0.7626693446587242,-1.9582996999781195,-1.367670228120554,0.01893922787646581,0.11811213137242582,-0.7890715981335833
CSO-9-4A-DSMOMU,0.0,2.5533076283443097,0.0,0.0,-0.5773502691896258,-0.880643784118896,-0.5773502691896258,-0.3203581541090473,-0.1340411716100376,-0.6448314199366041,-2.016795936173904,-1.518018981361502,-0.6219191655116806,-0.7265111297720407,-0.5700905174273443
CSO-9-4A-DVGATO,0.0,2.8755552307864862,0.0,0.0,-0.6989262981388241,-1.0716517624676403,-0.6989262981388241,-0.5488212999484517,0.4101017058858182,-0.8800705415623881,-2.3971496595320523,-2.0286843970039476,-0.739864368185011,-0.7545233821111293,-0.7225860090151599
CSO-9-4A-EGCAMO,0.0,2.434461581909594,0.0,0.0,-0.7226422815193234,-1.0533703247651751,-0.7226422815193234,-0.49393375153075336,1.1830477129083452,-0.8260869565217391,-2.079746614361663,-1.5994279287704205,-0.5056102334166435,-0.9776711993601407,-0.8314453895659331
CSO-9-4A-FAGIGA,0.0,3.0728880705317296,0.0,0.0,-0.5794879448048307,-0.9409179993583486,-0.5794879448048307,-0.41783270604702605,0.31365567533829786,-0.6627915568399639,-2.499252827104834,-1.9846728297322223,-1.3932458876144203,-1.2152058226779752,-0.6297693025689418
CSO-9-4A-GSBRCO,0.0,2.042752923427805,0.0,0.0,-0.7381051253765321,-1.0533703247651751,-0.7381051253765321,-0.5393308788692646,1.7422047747976026,-0.9430419201928972,-1.812760358927699,-1.336378885891556,0.20929231402681212,0.4157968770940608,-0.9459847792591621
CSO-9-4A-KEMOCO,0.0,2.588745922945431,0.0,0.0,-0.6969163689333004,-1.029220373562693,-0.6969163689333004,-0.5012016439630882,1.0780437965277598,-0.8006423010447902,-2.202872939712927,-1.74362060782304,-0.10886299772518719,0.018588342168224678,-0.8209649955049686
CSO-9-4A-LCOMO,0.0,2.5643279923148716,0.0,0.0,-0.68687036276168,0.07440495693224054,-0.68687036276168,-0.44075742701994525,0.44409862807669137,-0.7423225248303025,-2.1849077602488913,-1.9077476680841945,-0.7819563128831293,-0.5459367613561485,-0.781976362516729
CSO-9-4A-MLORO,0.0,2.880323874528818,0.0,0.0,-0.5753702038344917,-0.9301447877040654,-0.5753702038344917,-0.41783270604702605,-1.4041563234196628,-0.6582214766058894,-2.3788099857843217,-1.9148875563914332,-1.3630114798653397,-1.3007024739498605,-0.6714827701185728
CSO-9-4A-MPAME,0.0,3.763500289123081,0.0,0.0,-0.48705678739484887,-0.8700692924472788,-0.48705678739484887,-0.39505615317553233,-1.3130344543635006,-0.6560242441138412,-2.9032393045435976,-2.2935937808487132,-1.1367192532580517,-1.0822534006004874,-0.5403705221254796
CSO-9-4A-NSARPA,0.0,2.5281813096775707,0.0,0.0,-0.6930328900381342,-1.0150680266451775,-0.6930328900381342,-0.5286981011544352,-0.22972988058421673,-0.8760162689878133,-2.1496441535850312,-1.5954752067411895,-1.1895092542260475,-1.2617307292576398,-0.8933293776495338
CSO-9-4A-SLOCA,0.0,3.038198628652396,0.0,0.0,-0.7227890455017563,-1.0656473138835254,-0.7227890455017563,-0.5725845109898833,-0.6919267206303158,-0.8919223115518233,-2.6309098950128993,-2.2142069217294154,-1.6115729761747326,-1.4818623717400323,-0.9149330557306766
CSO-9-4A-YVDITR,0.0,1.6082762786186557,0.0,0.0,-0.6885756152024491,-1.0522735830032939,-0.6885756152024491,-0.5488212999484517,1.678140422327718,-0.8487921059564227,-1.4546427981563854,-0.9295987936176541,-0.14467251335201045,-0.0978347371339314,-0.9904906331961577
