file,z_wc,z_nodes,z_edges,z_re,z_pe,z_l1,z_l2,z_l3,z_lcc,z_lsc,z_atd,z_density,z_diameter,z_asp,z_cc
CDMS-10-4A-JURAN,0.0,2.4621484463674097,0.0,0.0,-0.5554595863117827,-0.8939831167619988,-0.5554595863117827,-0.29546740466232546,-0.30818635692317625,-0.5986305479370453,-1.9621293663084312,-1.4721244853510917,-0.4054331656588232,-0.33004213317155817,-0.5118009308048216
CDMS-10-5A-HEPIHO,0.0,2.7533669967012115,0.0,0.0,-0.49018017881405174,-0.8608542838379707,-0.49018017881405174,-0.26137767879286755,-0.6314443715097507,-0.5298800972454487,-2.1543931748117027,-1.6452531086429596,-0.5196006689485844,-0.47641063861997646,-0.4599738690380128
CDMS-10-5A-KSRAGU,0.0,2.8853836858892636,0.0,0.0,-0.48647739615187036,-0.8295145680126547,-0.48647739615187036,-0.2690992060843641,-0.698329473883119,-0.5270044236467182,-2.23250840141374,-1.8198413496128407,-1.18379306488248,-0.9656822607865193,-0.4644457798314046
CDMS-10-5A-SROPU,0.0,2.584821909324693,0.0,0.0,-0.5500929790027991,-0.8781953848088022,-0.5500929790027991,-0.37902154277074385,0.04023336781060948,-0.6512905070717062,-2.108469891881042,-1.6783379549408521,0.13510293593759698,0.10770007590496093,-0.6057009387259648
CDMS-10-5A-SZURO,0.0,2.011399557022204,0.0,0.0,-0.5910497897352303,-0.9793820578319516,-0.5910497897352303,-0.3809677775987063,0.0036014780692948944,-0.6588398004555286,-1.6935005255940463,-1.1632920656379278,-0.3135899755685807,-0.16664452037863353,-0.6630525224728766
CDMS-10-5B-SRAJA,0.0,2.762194569399779,0.0,0.0,-0.5501748371402571,-0.8918130315668398,-0.5501748371402571,-0.34114231053877847,-0.7241333485403556,-0.6141271752520995,-2.257795110338738,-1.7931592694784393,-0.6709138630746926,-0.47776226738295857,-0.5671704619601257
CDMS-10-5C-DAAUSA,0.0,2.4860890306179577,0.0,0.0,-0.5848541836140889,-0.9515203552797049,-0.5848541836140889,-0.3729336703282029,-0.03705353640294453,-0.6578126799609834,-2.034603784638485,-1.5128119738162498,-0.5797095354771796,-0.34800866983250667,-0.6173902484832136
CDMS-10-5C-ICAPA,0.0,1.954889969765134,0.0,0.0,-0.5371870496365432,-0.9077542558825578,-0.5371870496365432,-0.2873693807999299,-0.05261316310911796,-0.5771846199508099,-1.5907700500148196,-1.1197946472115008,-0.6500738534867393,-0.41848085092454,-0.5070605155741864
CDMS-10-5C-JFALGI,0.0,2.5381516065722174,0.0,0.0,-0.4501051702073995,-0.8734588558020729,-0.4501051702073995,-0.25312099296519436,-0.34205802297387194,-0.4882114251434663,-1.9541654379852698,-1.4669244753832453,-0.5856309835331722,-0.3239711503518739,-0.44061127450597565
CDMS-10-5C-MAORTO,0.0,2.3662452796080027,0.0,0.0,-0.556823225161121,-0.9014109171749533,-0.556823225161121,-0.35363911277571686,-0.05359341371503051,-0.6380719767260397,-1.9304310466873371,-1.4429313553439451,-0.5816943903453808,-0.4061141924340623,-0.5787404883156207
CDMS-10-5C-NBEMO,0.0,2.9779017335045292,0.0,0.0,-0.5797838971744935,-0.9251696065869985,-0.5797838971744935,-0.39567400329774016,-0.3436833576156352,-0.6851654297308548,-2.401784170191171,-1.9068963590585553,-0.9016623260340452,-0.6986629570647095,-0.6557219386023577
CDMS-10-6B-ASCACO,0.0,2.1705489841347494,0.0,0.0,-0.5976045565118564,-0.9374939677979248,-0.5976045565118564,-0.3777210482280222,0.7435467050881585,-0.6675263029033822,-1.8131193754915598,-1.3029331891315168,0.24213424644176557,0.35815942479907525,-0.6474313750199899
CDMS-10-6B-JJMOBE,0.0,2.2020273304771876,0.0,0.0,-0.5610199356933075,-0.9231311471855631,-0.5610199356933075,-0.3099535855894933,-0.6953859355336298,-0.6098641503100114,-1.8127979242848682,-1.3085468679495251,-0.23603631453124005,-0.34535051789687093,-0.5562228199953471
CDMS-11-4A-GACHSA,0.0,2.031873480123898,0.0,0.0,-0.5572008891449418,-0.9321419783130082,-0.5572008891449418,-0.32539982548973945,0.1316549707760533,-0.6158873735936157,-1.6817439545180164,-1.1728855449110398,0.20461200888575035,0.19430681983096376,-0.5832971265605015
CDMS-11-5A-EAARCA,0.0,1.991737191880796,0.0,0.0,-0.5911499205707182,-1.002033302449439,-0.5911499205707182,-0.3769993930186575,0.859112554707056,-0.6540814375211278,-1.709372620102165,-1.2045983092198953,-0.09687268115028834,0.22099179934015323,-0.6560266647322188
CDMS-11-5A-MGTHAR,0.0,2.044316427190711,0.0,0.0,-0.634106115314011,-1.0104782800205336,-0.634106115314011,-0.39783716673421826,0.7761848613331445,-0.6908917424184756,-1.7621217624186396,-1.219495349889545,0.25008446956976643,0.336513159683945,-0.6844624665159122
CDMS-11-6A-DFVEBE,0.0,2.3496170477833065,0.0,0.0,-0.6121228812935134,-0.9010037179393691,-0.6121228812935134,-0.393965884957814,0.18075591562373106,-0.6914883360092499,-1.9644512388926314,-1.4943997618986686,-1.1161748565789398,-0.6976620676358151,-0.6775202729058015
CDMS-11-6A-NMREPR,0.0,1.97515432328789,0.0,0.0,-0.6048876276145159,-0.9691484373799535,-0.6048876276145159,-0.3820859490493784,0.5375294873506297,-0.676720608943848,-1.6665985832582142,-1.1482820772760671,-0.39602969550782546,-0.10625551678085991,-0.6373513803486949
CDMS-11-6B-ARAHE,0.0,2.8934798094748935,0.0,0.0,-0.4604964677185013,-0.8559045510012139,-0.4604964677185013,-0.2518634726063801,-1.3887672073286488,-0.49235610052842976,-2.182694964162714,-1.7234917506553733,-1.1142760966884135,-1.1838508805270753,-0.4289228446377103
CDMS-11-6B-AVROTO,0.0,2.2422596670985993,0.0,0.0,-0.48968408413940334,-0.879654753439858,-0.48968408413940334,-0.2553615126267754,0.23358105530814047,-0.5174287948522607,-1.7733606663508221,-1.2433953489783698,0.24308312698879703,0.4477772868438731,-0.4694107589811338
CDMS-11-6B-EAFESA,0.0,2.562107785021764,0.0,0.0,-0.5871408539377504,-0.922158470691248,-0.5871408539377504,-0.384903523189803,-0.005772147623049402,-0.6584500921268102,-2.1059962592442636,-1.641663454141539,-0.6933885316020545,-0.581613846179752,-0.6396773212048756
CDMS-11-6B-EFRGR,0.0,2.242264558654091,0.0,0.0,-0.6132855716843605,-1.0077869578146283,-0.6132855716843605,-0.4046652909752377,0.16848042328493257,-0.6813716893157076,-1.8657993425574133,-1.3426329823856233,-0.13530094112445504,-0.17270069351671885,-0.7143653168372331
CDMS-11-6B-EROCO,0.0,1.7545595127529203,0.0,0.0,-0.5490335683169564,-0.9633276969426342,-0.5490335683169564,-0.29971972806953223,1.0141029507017094,-0.5875770721639121,-1.452605625889687,-0.8973099291990949,0.11437584494675905,0.5325968527474977,-0.5490679049675784
CDMS-11-6B-JACUPE,0.0,2.2846382307937105,0.0,0.0,-0.602230115836455,-0.9366763394849326,-0.602230115836455,-0.3833256734823301,0.27820938987888144,-0.6844210436569327,-1.9078887195637757,-1.4189547052835432,-0.28088684545895226,-0.19911868056054324,-0.6526307005738912
CDMS-11-6B-JDCHBA,0.0,2.4532516763303662,0.0,0.0,-0.576019497172572,-0.937075448830358,-0.576019497172572,-0.3337808168089899,-0.18025671724834177,-0.621912182116508,-1.995610002298616,-1.5011652051249207,-0.6246107327433555,-0.40921253569212795,-0.604811173198425
CDMS-11-6B-JFSAHE,0.0,2.4047294661206107,0.0,0.0,-0.48381195137620475,-0.8733638812931456,-0.48381195137620475,-0.2564793302494647,-0.09422857849615167,-0.5209325562931452,-1.883864973788869,-1.3865306143564131,-0.09733183981901487,0.05329893603205115,-0.4404645582358957
CDMS-11-6B-JLPENA,0.0,2.689392337822737,0.0,0.0,-0.4821441911768654,-0.8138473613320888,-0.4821441911768654,-0.23745445828287234,-0.682187532579067,-0.5049408134414916,-2.027317004916139,-1.5520613427228727,-0.6244444352250832,-0.5323850937292608,-0.41620648604489235
CDMS-11-6B-JMARME,0.0,2.3332774258034457,0.0,0.0,-0.5969350870619465,-0.9518967074709035,-0.5969350870619465,-0.3996447866979661,0.24210754912622925,-0.692233219276444,-1.9490034105803673,-1.4280610891480445,-0.18856166164032084,-0.15569737044771748,-0.6626822799802862
CDMS-11-6B-JPSAMA,0.0,2.8312514115233585,0.0,0.0,-0.5587274597737661,-0.8515221326783436,-0.5587274597737661,-0.33096420449917663,-0.4909746409042222,-0.6289702870991437,-2.2893425161538303,-1.8126487113656795,-0.6118586107369933,-0.5067263924450943,-0.5546193987346126
CDMS-11-6B-LESTA,0.0,2.3645652010169544,0.0,0.0,-0.5445323196876397,-0.9407317372514097,-0.5445323196876397,-0.3022869682417114,-0.07573304892774121,-0.5859732132859997,-1.9555257281141227,-1.4525340952553643,0.35984331833759753,0.2998489443943384,-0.553418733247785
CDMS-11-6B-MAGIMU,0.0,2.346337269379775,0.0,0.0,-0.583523295671713,-0.9212731492609977,-0.583523295671713,-0.34382567768773825,-0.2163967794277586,-0.6321673308256653,-1.9290336658233433,-1.4234820581932854,-0.23335207294501295,-0.17845792525487986,-0.5769026675595682
CDMS-11-6B-MEBRTA,0.0,2.3014139322125335,0.0,0.0,-0.40110009158730736,-0.8989461485706123,-0.40110009158730736,-0.20141568532031245,-0.27273483889097644,-0.4337254105406839,-1.7493172205164675,-1.2478333420958614,-0.3090722777008735,-0.17550990570781352,-0.3480249350191475
CDMS-11-6B-MMAMO,0.0,2.761166757041454,0.0,0.0,-0.56431190778491,-0.8968254210897108,-0.56431190778491,-0.36893159999393266,-0.5904238758564925,-0.6512039450485287,-2.2866468014242547,-1.8078298606887955,-0.8924394049949725,-0.5352422509491225,-0.5974866253035651
CDMS-11-6B-RSECA,0.0,2.4032730769207995,0.0,0.0,-0.55332307562238,-0.9213889430753978,-0.55332307562238,-0.371743790304915,0.11589444405380238,-0.6358526897459669,-1.9632564784771365,-1.4960548286978501,0.0071178343239471364,0.2408316936321052,-0.5847339183769807
CDMS-11-6B-SCAPA,0.0,2.5231425464185886,0.0,0.0,-0.500546462111923,-0.8470383887225551,-0.500546462111923,-0.26199713985834744,-1.2282863511580067,-0.5331631709821025,-1.9656149695183298,-1.5057367195716025,-0.8034392792303653,-0.9945284299658305,-0.45920457426023026
CDMS-11-6B-VZAPE,0.0,2.4296926657801525,0.0,0.0,-0.5669220288973197,-0.9210393557593616,-0.5669220288973197,-0.3566233711893099,0.24340787727312302,-0.619370218026561,-2.003970269780157,-1.528923239252633,-0.7475715216259603,-0.2590115924775687,-0.6392954250547617
CDMS-11-6B-YLNIME,0.0,2.675974298488159,0.0,0.0,-0.548571678332053,-0.8731587580977092,-0.548571678332053,-0.3665463028588521,-0.02787100332284614,-0.6343554217148626,-2.1583676089483834,-1.697842490122637,-0.3398870154765783,-0.04783632352298787,-0.5616649961942123
CDMS-11-7C-ICARE,0.0,2.3167662621903053,0.0,0.0,-0.580098422470249,-0.8711815944177742,-0.580098422470249,-0.31762966688389155,-0.17371701004157636,-0.6294746776427662,-1.892442960239287,-1.3638707443784797,-0.6679573925322039,-0.400333031021768,-0.5330079621376724
CDMS-11-7C-IMOIB,0.0,2.7321447224504376,0.0,0.0,-0.5531767170755393,-0.8919248768929116,-0.5531767170755393,-0.297747975100186,-0.4772009808833166,-0.5820870152245639,-2.1853784414245814,-1.6789894804930474,-0.316794415081947,-0.27822484443874146,-0.509548957306524
CDMS-11-7C-SALMA,0.0,2.227908945356325,0.0,0.0,-0.645717668114336,-0.9421915062538292,-0.645717668114336,-0.41828224495989325,-0.12710772575076595,-0.7264392073821124,-1.9034955617268556,-1.3919731789949465,-0.21123634018543178,-0.16197560327980498,-0.7195404212391691
CDMS-11-7C-SPGAVE,0.0,2.9183182519690773,0.0,0.0,-0.40541823375350367,-0.8108423860665773,-0.40541823375350367,-0.19636720056089954,-1.177646053199193,-0.4318432485307866,-2.1710479076703915,-1.6525283635704444,-0.9493097572095192,-0.9823534386005179,-0.3560111127637409
CDMS-12-5A-SRIGO,0.0,2.750841807690211,0.0,0.0,-0.5490216334625203,-0.8936403957637773,-0.5490216334625203,-0.3221801526366456,-0.7516095739517575,-0.6025649737523522,-2.186568481802056,-1.7187321414923946,-0.9214692784007732,-0.777186745115512,-0.5687156903161134
CDMS-12-6A-FAROPA,0.0,2.6872043921418647,0.0,0.0,-0.5642811298729872,-0.8824996994565165,-0.5642811298729872,-0.4024037614361689,-0.28582830265739356,-0.6562247316936409,-2.204802942108545,-1.7656137150087938,-0.9804673147709824,-0.9393435414324552,-0.64195815647461
CDMS-12-6A-JGIGA,0.0,2.3249855420492067,0.0,0.0,-0.5433100659828208,-0.9036408452860181,-0.5433100659828208,-0.3158855815817132,0.0725369710069384,-0.5910309875226698,-1.8957684556775778,-1.432869071578664,-0.1632812370431938,0.013624047830933888,-0.5501139109034887
CDMS-12-6A-JSOTGU,0.0,2.319250273529781,0.0,0.0,-0.5658166341945909,-0.9187068756889404,-0.5658166341945909,-0.35636110964380957,0.36839138809372446,-0.6272983515630155,-1.843447670463476,-1.336302765712542,-0.15894322943747577,-0.04292315745379176,-0.6008761391219518
CDMS-12-6A-SROAL,0.0,2.3018166659551325,0.0,0.0,-0.5317786381642404,-0.9109718902267773,-0.5317786381642404,-0.30050279501937427,-0.09673060270379867,-0.5745285972661297,-1.868319074928072,-1.3877284834920705,-0.3693596559478038,-0.11333742689890659,-0.5328025882947025
CDMS-12-6B-IJDAGA,0.0,2.26306955192533,0.0,0.0,-0.5226089206951927,-0.8765818498625112,-0.5226089206951927,-0.27792758553021824,-0.4734943777479326,-0.5734514827434878,-1.8130240785606841,-1.3681495672574604,-0.6042507350102571,-0.4800967254894505,-0.4973995120863257
CDMS-12-6B-SCLAG,0.0,2.6172018808084685,0.0,0.0,-0.5533780628096062,-0.8983050536515599,-0.5533780628096062,-0.31914145319461007,-0.22353369682404273,-0.5935508060905902,-2.106089316170921,-1.6079523085339786,-0.4188195597936473,-0.36462007544774866,-0.5563867044891153
CDMS-12-7C-ARAHE,0.0,2.561366610667694,0.0,0.0,-0.5723936837322607,-0.9414260919825075,-0.5723936837322607,-0.34874646288537414,-0.7858654607863789,-0.621805149451978,-2.045826052771733,-1.5045382015745132,-0.48445015659974705,-0.5221279456502275,-0.583892710258033
CDMS-12-7C-CATRAR,0.0,2.333691718723269,0.0,0.0,-0.6071456052821634,-0.9248994948915432,-0.6071456052821634,-0.38231167309774655,0.11260389766330231,-0.6870953706531228,-1.910205107700106,-1.427568656204313,-0.19559637073203465,-0.02310822819195393,-0.6164256190863132
CDMS-12-7C-DLOLO,0.0,2.5256371250065612,0.0,0.0,-0.5399914641325817,-0.887663935480782,-0.5399914641325817,-0.28894786026586405,0.5488021165494996,-0.5884554242030742,-2.0284095708770904,-1.5614105743156386,0.4131065888864599,0.4353639140913473,-0.5140830098015324
CDMS-12-7C-JSZAOR,0.0,1.6912409448005483,0.0,0.0,-0.5022665755246091,-0.92455653632934,-0.5022665755246091,-0.29599006083003376,0.9130313107923286,-0.5574448961802454,-1.3858487046128682,-0.8865532583592031,0.09040942286540973,0.3723094543972864,-0.5331068785265183
CDMS-12-7C-MAROBE,0.0,2.9643534761631285,0.0,0.0,-0.521466664946504,-0.877081773357628,-0.521466664946504,-0.3767373728762447,-0.21352462670107952,-0.6160113251324018,-2.381943982781659,-1.9450004096763378,-1.5304424516067878,-1.0213608464458876,-0.591763073994255
CDMS-12-7C-VMAPA,0.0,2.112425071228203,0.0,0.0,-0.577761137130808,-0.9646890773181668,-0.577761137130808,-0.38319312152701535,0.7980857985358742,-0.6405247869618061,-1.7930993115578344,-1.2881447342207248,-0.022177157727832315,0.3302505079549713,-0.6082406934754425
CDMS-12-7C-VQURA,0.0,2.3473568158647575,0.0,0.0,-0.48422567588157994,-0.8951632581935343,-0.48422567588157994,-0.2710048954952162,-0.09949078059138003,-0.525082399674757,-1.8530248804664131,-1.3414255566120679,-0.1145564618168156,-0.0072855028882674935,-0.4658382244494434
CDMS-13-6B-ASUMO,0.0,2.248923966925602,0.0,0.0,-0.4842969196917588,-0.8852041290656487,-0.4842969196917588,-0.275112420158294,-0.09886147368973427,-0.5308487908154632,-1.7741089331288293,-1.2756286575454288,-0.637858915500116,-0.48975830231394113,-0.4989243884586741
CDMS-13-6B-JDTAHE,0.0,1.9561706306620497,0.0,0.0,-0.5511316529140464,-0.9012447018613813,-0.5511316529140464,-0.31071697355685307,0.39909366569926236,-0.5961505949745373,-1.5830991575977074,-1.1027396405954561,0.573578522123861,0.5694623475598402,-0.5404085838471829
CDMS-13-7C-MVEAR,0.0,2.291763011946024,0.0,0.0,-0.6034097991886018,-0.9538008233019215,-0.6034097991886018,-0.401378026166441,0.9729572074774082,-0.6848299082422901,-1.9139276897323725,-1.426007064277977,-0.4190286341524036,-0.14691538834393597,-0.6850647340848148
CDMS-13-7C-RAIZAC,0.0,2.0482563619706897,0.0,0.0,-0.5297296004151821,-0.9402817428761113,-0.5297296004151821,-0.3301091118308295,0.6754980727480002,-0.5975749505651377,-1.6798936754215121,-1.1337903034267436,0.1441884267684326,0.30784856967940516,-0.5587577217977056
CDMS-13-7C-SSOSLO,0.0,2.676304337806113,0.0,0.0,-0.5868033107062319,-0.9264646324254217,-0.5868033107062319,-0.3562566145457231,-0.6522064088931895,-0.6310194648135754,-2.173927797085939,-1.6930622439446616,-1.0843654005824213,-0.9438448269525371,-0.6066526971870377
CDMS-14-10A-IMORTO,0.0,2.329494287653476,0.0,0.0,-0.5077200163660374,-0.9117456485683648,-0.5077200163660374,-0.2916245949947706,0.11105143568960325,-0.5587968340334011,-1.8650124953338088,-1.3993883608106057,-0.6610017752139539,-0.31782434390980535,-0.5094040056698454
CDMS-14-10A-JCVANI,0.0,2.833802599057603,0.0,0.0,-0.48469165281958354,-0.8391681505822775,-0.48469165281958354,-0.27330105873933724,-0.8246185810939942,-0.522622802165328,-2.1809537810575432,-1.6937147708022509,-0.9788535708747693,-0.8392390640723548,-0.4463542695997439
CDMS-14-5A-LSDUCO,0.0,2.459343004526238,0.0,0.0,-0.6530611487149339,-0.969349037383194,-0.6530611487149339,-0.42238092826504375,-0.4882210427126456,-0.723820958683542,-2.0539326499885804,-1.515982012005326,-0.7832689430221716,-0.8447192561270638,-0.7306172298749699
CDMS-14-6B-KDCAHE,0.0,2.9393260734941284,0.0,0.0,-0.5266964189953012,-0.8641286178726427,-0.5266964189953012,-0.2990507379257852,-0.8600338498955024,-0.5676311301478861,-2.3115249062201486,-1.820261729064759,-0.5097442929157936,-0.5243407182173621,-0.48679017831174454
CDMS-15-10A-AMALOS,0.0,2.5222447582299092,0.0,0.0,-0.5402954535057656,-0.904059942517433,-0.5402954535057656,-0.35063329179984176,0.24200155398436093,-0.6088362077101809,-2.0569203280618122,-1.578459410931347,-0.18839551598077076,0.003811805023291082,-0.5813150978966408
CDMS-15-10A-JJMACH,0.0,2.945317102332526,0.0,0.0,-0.5929140257326958,-0.9394254602790886,-0.5929140257326958,-0.39117335680730086,-0.7610281606772274,-0.6900791299614205,-2.3947569447918036,-1.9191008625331807,-0.6557205090797894,-0.5233410513868121,-0.6500001756558541
CDMS-15-10A-MAALCA,0.0,2.82027695203776,0.0,0.0,-0.5293282655084757,-0.899204688668826,-0.5293282655084757,-0.3084112819911891,-0.2647058520141102,-0.5795003802835953,-2.2210871240219165,-1.7232425627081283,-0.9408169245327841,-0.7323110650250273,-0.5259059705035355
CDMS-15-10A-MAALRI,0.0,2.5336204692768325,0.0,0.0,-0.5861275439973115,-0.9106325509058364,-0.5861275439973115,-0.3242736474531277,-0.7179226420644382,-0.6153951504897717,-2.0650863253968654,-1.5924648420447491,-0.49474967271907855,-0.5267036796979022,-0.5800115119437356
CDMS-15-10A-SGOMO,0.0,2.222783355212329,0.0,0.0,-0.5376503878738076,-0.9019397302026332,-0.5376503878738076,-0.31103844902417166,-0.33558077617291665,-0.5947311787366343,-1.7850816427139566,-1.310702265541738,-0.1426411780249685,-0.17715853663121606,-0.5508281386633269
CDMS-15-10A-SHEGA,0.0,2.854628850968623,0.0,0.0,-0.5231067954763751,-0.8565677883202726,-0.5231067954763751,-0.354496401735952,-0.6115338368146953,-0.6101190040738692,-2.2929606047267983,-1.827371534373271,-0.7897667327587053,-0.5660465464110974,-0.5491307403615291
CDMS-15-11B-JEMOLO,0.0,2.625580157206495,0.0,0.0,-0.5721581409512186,-0.9242180857756026,-0.5721581409512186,-0.3657275270544041,-0.032702753831179474,-0.6349791416670707,-2.11934072183858,-1.6343918526851204,-0.9365992768884774,-0.7053618644594125,-0.6184936812584017
CDMS-15-11B-VSAHO,0.0,2.5515159996533034,0.0,0.0,-0.5849925381011996,-0.9339977446992866,-0.5849925381011996,-0.409178134733823,-0.006171727266489317,-0.6800560378237667,-2.1187883037685897,-1.6267734821794213,-0.25983290543813775,-0.22909436383830245,-0.6440485712322292
CDMS-16-10A-SGALO,0.0,2.8381177390195993,0.0,0.0,-0.47390373721582935,-0.8443821733508365,-0.47390373721582935,-0.2683470452107424,-0.6613778840785489,-0.5207565812861904,-2.1596086759489537,-1.6786351997664917,-0.4158476899957364,-0.4954322748700822,-0.4351090050802822
CDMS-16-11B-NGABE,0.0,2.4805673852418866,0.0,0.0,-0.6132185427759298,-0.9136177744624535,-0.6132185427759298,-0.4029258059427703,0.36181256135733203,-0.7212129726622648,-2.0698374063080736,-1.5950880990021123,-0.7484362106048783,-0.5102399645338397,-0.6819217127858387
CDMS-17-10A-ASSAMO,0.0,3.24297073837561,0.0,0.0,-0.5329476372530343,-0.8605970947077003,-0.5329476372530343,-0.2663869978846457,-1.1361686026796367,-0.5627815616800224,-2.5395479663041534,-2.070182381538423,-0.9511530121922652,-1.0189998742812594,-0.47013055965910566
CDMS-18-7C-VVECA,0.0,2.6590277301665934,0.0,0.0,-0.5075629664530567,-0.8975658358158535,-0.5075629664530567,-0.2901331032487875,-0.28707731575231965,-0.5506773779720584,-2.1053555026938326,-1.6103210641297663,-0.5656025185043642,-0.5040126175577012,-0.5012212796362844
CDMS-8-4A-DBEVA,0.0,1.9847564797490638,0.0,0.0,-0.4902430106466004,-0.9382303926113037,-0.4902430106466004,-0.26270852235453107,0.26844022237896675,-0.5357349866886819,-1.6191951315971438,-1.0308655924150514,0.06023148799603136,0.081137918883988,-0.4666591189714107
CDMS-8-4A-DJAVDA,0.0,2.415843738328885,0.0,0.0,-0.4972349648079159,-0.8986240771686874,-0.4972349648079159,-0.2716842344949853,-0.9234636645804235,-0.535705419262346,-1.929025055046442,-1.4532248704268929,-0.9387496710640463,-0.8445492486076127,-0.5013284020758276
CDMS-8-4A-DOSTR,0.0,2.3679574991798993,0.0,0.0,-0.5456234087948949,-0.9215839990441075,-0.5456234087948949,-0.3069580576451714,-0.08512808592557047,-0.5848771374953092,-1.904523573015203,-1.3988424141427414,-0.5258875232230473,-0.3071906131881744,-0.5247523771438801
CDMS-8-4A-LGOPA,0.0,2.3379321282618304,0.0,0.0,-0.5393539494156251,-0.9198443720514174,-0.5393539494156251,-0.3066322502335613,-0.46409760449450627,-0.5833560168202265,-1.867278227183349,-1.3522407177619673,-0.6674423810638466,-0.5012016153972471,-0.5342687433820685
CDMS-8-4C-JDBUTU,0.0,2.497413471515966,0.0,0.0,-0.5287473169345186,-0.8886543404608251,-0.5287473169345186,-0.26208077562851706,-0.20572039307629122,-0.558213587181314,-1.9821915422858631,-1.4649749835596906,-0.019104458220788958,-0.08570562680149416,-0.48593197751935874
CDMS-9-4A-ACDUTR,0.0,2.7824016713223707,0.0,0.0,-0.4978643570305723,-0.8410703421054542,-0.4978643570305723,-0.2577066123012865,-0.5186322371708578,-0.533044899520936,-2.1498434400594477,-1.6662276703901515,-0.7897376565165606,-0.600093418963536,-0.4609659772404639
CDMS-9-4A-CARGA,0.0,2.383333684145497,0.0,0.0,-0.5912203746529872,-0.9196587514203218,-0.5912203746529872,-0.33467825599744105,-0.32728283199236563,-0.6318905524245902,-1.9455154875312246,-1.5080302394660532,-0.3229314852542181,-0.1557647759532908,-0.6118047667869423
CDMS-9-4A-CRAAG,0.0,2.0492749752424513,0.0,0.0,-0.558341566971787,-0.9186838798824271,-0.558341566971787,-0.31924196198378424,0.08221114832229455,-0.59379895367427,-1.6501499827701298,-1.1367811830049592,-0.20014652201519262,-0.14226181475023555,-0.5552208809838695
CDMS-9-4A-EROHI,0.0,2.649813827664444,0.0,0.0,-0.5754109655173684,-0.9146852973823947,-0.5754109655173684,-0.34103080426561766,-0.4279565135391512,-0.6251816456247503,-2.0808613324674514,-1.5490568213495122,-0.2502226679445019,-0.2155375020368587,-0.6052028813310598
CDMS-9-4A-ILOSE,0.0,2.6547998645049917,0.0,0.0,-0.5979144730917341,-0.8793934362885278,-0.5979144730917341,-0.3583574655551091,0.0428636071106275,-0.6932191943998123,-2.1391005463811026,-1.659592754006537,-0.4768144517860345,-0.45772598215727256,-0.6475301640121797
CDMS-9-4A-TGAFR,0.0,1.9110383376614135,0.0,0.0,-0.5367279238766479,-0.9438020173102308,-0.5367279238766479,-0.3296959846737015,0.4153509868057238,-0.5902824854303341,-1.5977941475372366,-1.101985013286966,0.10990564108931195,0.14441113276125436,-0.5802728930265787
CDMS-9-4C-SCAMO,0.0,2.8108166723699886,0.0,0.0,-0.5068302009801143,-0.857778729398544,-0.5068302009801143,-0.28138204425139146,-0.015296190325270779,-0.5493099995671031,-2.1917086050131984,-1.723949325376292,-0.38053035290761855,-0.3223841850575421,-0.47296786493369614
CDMS-9-5A-ABERO,0.0,2.353602429620997,0.0,0.0,-0.5734353682747247,-0.8982663159789862,-0.5734353682747247,-0.3300520204121781,0.15421907672570026,-0.6232217732849157,-1.901135851094546,-1.4042864449931736,-0.1079168503784108,-0.04963284087254358,-0.5702627234126444
CDMS-9-5A-PAGACO,0.0,2.407619757923365,0.0,0.0,-0.5512352939372442,-0.8878536767722833,-0.5512352939372442,-0.32154568738975065,-0.1911070285336948,-0.6056133863867919,-1.936644277834474,-1.4294916636878356,-0.3446138653299521,-0.26595867506475707,-0.525052811140688
CDMS-9-5A-VVAAR,0.0,2.3162604701205205,0.0,0.0,-0.5057949748227725,-0.9036808323060509,-0.5057949748227725,-0.2868073811728603,-0.09244611552499785,-0.5521372220359461,-1.8514762857775888,-1.3438027760132927,0.24662476355997762,0.15358981223142412,-0.4992605119820349
CDMS-9-5C-JDMADE,0.0,2.362920602744644,0.0,0.0,-0.5055149811197536,-0.8248439877855649,-0.5055149811197536,-0.27361164996874093,-0.3899077436079134,-0.5335705715399257,-1.8571596549156868,-1.4009704623557144,-0.9809185999499879,-0.6022449804066983,-0.4857683831640712
CDMS-9-5C-LVIZAC,0.0,2.6852596378414213,0.0,0.0,-0.4916054594494044,-0.8599174247829672,-0.4916054594494044,-0.24438611889407083,-0.7112273350010222,-0.5258441124659406,-2.0339033262569712,-1.4868604891331356,-0.5211025580056734,-0.5897734186753011,-0.44200405499158596
CDMS-9-5C-MLOGO,0.0,2.0041486256412644,0.0,0.0,-0.5669654328287264,-0.9446043165786838,-0.5669654328287264,-0.3251157874904369,0.20184549200975577,-0.6201076630726691,-1.66143106775765,-1.1376885218760664,0.15704815129907337,0.10658843260618255,-0.5965946361932739
CDMS-9-5C-SCAAG,0.0,2.252901546815285,0.0,0.0,-0.5641764901354123,-0.8809916617373764,-0.5641764901354123,-0.33964973359546224,0.013616735253596211,-0.6374519510946296,-1.8368205962507602,-1.3689251066317902,-0.08900035069485816,0.01184796218355301,-0.5730697267500108
CDMS-XX-10A-VGILO,0.0,2.4927496488234286,0.0,0.0,-0.5471118528825815,-0.905245355287933,-0.5471118528825815,-0.3829647990693244,0.005950170816579772,-0.6426659425441144,-2.0331614882934392,-1.594300467210226,-0.5936154123497525,-0.3608445819844765,-0.6105490633199955
CDMS-XX-5C-MJSARU,0.0,2.4785083116154647,0.0,0.0,-0.5152436016338426,-0.9097977419774981,-0.5152436016338426,-0.3001326979784011,-0.3741253343236178,-0.5698138241963986,-1.993031628481873,-1.5393586926121523,-0.3434547454974197,-0.26152698919110023,-0.5325203900218751
CDMS-XX-5C-MPCAQU,0.0,1.8686484595792108,0.0,0.0,-0.6310792092013999,-0.9433216523610712,-0.6310792092013999,-0.35381694498936567,0.885412564364713,-0.6776574623169385,-1.6000192447284802,-1.0524581052749005,0.6001423753630252,0.8520488947813476,-0.6349542213172021
CDMS-XX-6A-MAGICA,0.0,2.523431554228445,0.0,0.0,-0.5388940533573351,-0.8821415547502398,-0.5388940533573351,-0.3207090876244741,-0.24629548269909954,-0.5947165834934276,-2.0242890996800864,-1.5503198743146123,-0.32660236575743046,-0.18222580216178244,-0.5425213923722826
CDMS-XX-6B-SPUCA,0.0,2.524830949333558,0.0,0.0,-0.5147315741880156,-0.9021390140220535,-0.5147315741880156,-0.28729523199744206,-0.2731527753204658,-0.5491970949574919,-1.9946955707717002,-1.5078913627174744,-0.1759963290400267,-0.11835011235533455,-0.4963632868098199
CSO-10-4A-ICAPA,0.0,2.359047152881046,0.0,0.0,-0.6085613070685498,-0.9140707250035479,-0.6085613070685498,-0.34547008596528883,0.22501623451748676,-0.6557624813295896,-1.9432568871401534,-1.4514114441772872,-0.11343884224262095,0.05989098080105474,-0.6018817734451138
CSO-10-4A-KCOMO,0.0,1.7588476107748314,0.0,0.0,-0.6602962549653907,-0.9959986632623664,-0.6602962549653907,-0.4304667965361571,0.8348068970749016,-0.747608351884184,-1.5244477647441115,-0.9980588463199171,0.08371721399587487,0.2380641018411508,-0.7454895438641362
CSO-10-4A-LRAVI,0.0,2.0187163271354214,0.0,0.0,-0.6014801554271731,-0.9475834413182007,-0.6014801554271731,-0.37947297456682977,0.1896196931453791,-0.6700425843920023,-1.6983734425250758,-1.2048643374644339,-0.2775141160228036,-0.039382918350756226,-0.6514154043878589
CSO-10-4A-LSCAVA,0.0,2.6575044349247032,0.0,0.0,-0.40096900764595794,-0.8583500693081588,-0.40096900764595794,-0.1765584891154265,-0.5837948369452074,-0.4243791639810373,-2.003260276559021,-1.4423950002054613,-0.5788437480925602,-0.6119150486999142,-0.33620751626227036
CSO-10-5A-ACAVA,0.0,2.2793458837258904,0.0,0.0,-0.5096562480431143,-0.9040071417710358,-0.5096562480431143,-0.2883128730059004,0.19179023084085456,-0.5582001797805388,-1.8086924549034908,-1.3456555568743278,-0.30587483165930524,0.017375914038066032,-0.5121288117803212
CSO-10-5A-ARACA,0.0,2.2255515795381857,0.0,0.0,-0.46645348020698035,-0.8568889448010164,-0.46645348020698035,-0.2486232545520139,-0.18475112797567783,-0.4997921044546124,-1.7577320918147654,-1.283550334637669,-0.5614593271019251,-0.3553232146438342,-0.4495935871863056
CSO-10-5A-DABRZA,0.0,2.61646880175897,0.0,0.0,-0.5281718584761695,-0.8723420128661924,-0.5281718584761695,-0.3447858552157808,-0.6705538606428164,-0.5943917678973053,-2.0732514741142727,-1.6179984934113605,-0.3432911859847197,-0.40893694895090943,-0.5500982651466939
CSO-10-5A-GZAMA,0.0,2.1935055780283728,0.0,0.0,-0.6461522439520152,-0.9836539572111823,-0.6461522439520152,-0.4278347184006452,-0.04402942232431701,-0.7261609005734824,-1.8556233762320065,-1.3544691507291469,-0.43523601927321415,-0.34003406040485873,-0.7383943780296536
CSO-10-5A-IPECA,0.0,2.657073280311215,0.0,0.0,-0.59609823536328,-0.9609190013527195,-0.59609823536328,-0.4124135635981166,0.211663412725372,-0.6478770380475445,-2.2390461321817696,-1.7618725647618865,-0.6638230531870273,-0.602955422453278,-0.6963130064963428
CSO-10-5A-JANORO,0.0,2.204035545168962,0.0,0.0,-0.5503572563579242,-0.9279736193502768,-0.5503572563579242,-0.31472670906916017,0.7081894379712237,-0.6056664197106975,-1.8103466894013,-1.2959019600649484,0.12576785770325502,0.40251652991753406,-0.5360702085081497
CSO-10-5A-JBUVE,0.0,2.7426895657001302,0.0,0.0,-0.5191303750041933,-0.8299911964222496,-0.5191303750041933,-0.23916828746036894,-1.4403359683230483,-0.5292526301123275,-2.1572372152042623,-1.7155321787866262,-1.2876107535018615,-1.196167317941192,-0.46609003534992516
CSO-10-5A-JJSEMO,0.0,2.263854032622609,0.0,0.0,-0.492601640206264,-0.891520544383542,-0.492601640206264,-0.2962469842261559,-0.33280075316939395,-0.5409586941534055,-1.7688429564216146,-1.2176997979734878,-0.1032589446357871,-0.19006216208802792,-0.4948837897937983
CSO-10-5A-JLCARI,0.0,2.336893548951379,0.0,0.0,-0.5220890433691547,-0.8823016963767334,-0.5220890433691547,-0.29593603557271636,0.08105786346439807,-0.5692949101401612,-1.8743276205843693,-1.366888261172087,-0.16525411638384738,-0.09858852192711216,-0.5145473688439552
CSO-10-5A-MAARAN,0.0,2.522870577128222,0.0,0.0,-0.6631258749489274,-0.9805188435575409,-0.6631258749489274,-0.39754331380982405,0.5192327018928513,-0.7031655847049614,-2.129500387880905,-1.5703499710106554,-0.18133720696412636,-0.09088361217083249,-0.6887907784756981
CSO-10-5A-MAOSMO,0.0,2.3680231192304917,0.0,0.0,-0.48874768958679654,-0.8485770462074378,-0.48874768958679654,-0.2702270663270865,-0.29413547682191704,-0.5326588040484812,-1.8508655132115166,-1.3778390486326937,-0.3458765876563239,-0.28497551488340905,-0.4458890780863817
CSO-10-5A-RVMOIB,0.0,2.5084691919747155,0.0,0.0,-0.5697815626637696,-0.9005663378449803,-0.5697815626637696,-0.3550988632510665,-0.48181563868542,-0.6450789708654008,-2.0472385491450997,-1.5797216656708668,-0.2697378900633272,-0.20514621701294147,-0.6057600040254324
CSO-10-5A-SVHEES,0.0,2.2431112266224336,0.0,0.0,-0.6180314367692039,-0.9334856558610098,-0.6180314367692039,-0.3894912615133863,0.42064299051062903,-0.6940469084611205,-1.8805735135832768,-1.3751304035937155,-0.03248847772416707,-0.20555578857781723,-0.6633633675778872
CSO-11-5A-MDVOSPE,0.0,2.2199614794119884,0.0,0.0,-0.5734154172406923,-0.9139422617807171,-0.5734154172406923,-0.35366217277916906,-0.12584535500002408,-0.6349596399745927,-1.8194643103862984,-1.3149433925654297,-0.6146258181190104,-0.4394594100252677,-0.6197341809000397
CSO-11-5A-MTAGA,0.0,2.6887108527915053,0.0,0.0,-0.4572572022189145,-0.807563211208581,-0.4572572022189145,-0.25119237830465535,-0.7536640072431254,-0.4997644344835225,-2.024888553363839,-1.575379894917643,-0.5634354758852003,-0.5337435412028215,-0.4243110469041806
CSO-11-6A-CAPAMU,0.0,2.8232347187324858,0.0,0.0,-0.4966735769633194,-0.8531491495478749,-0.4966735769633194,-0.28309899380414744,-0.564667057750337,-0.5451646876991056,-2.1772815939371886,-1.6711382755981965,-0.8556547825954726,-0.7322533134626561,-0.4884497405528585
CSO-11-6A-DSCACH,0.0,2.3712884598671007,0.0,0.0,-0.4981577975442222,-0.8531181223153862,-0.4981577975442222,-0.27138742583407743,-0.0038479062568961206,-0.5370425504835282,-1.8602740320266717,-1.315010506443225,-0.3894078732075412,-0.22652566923305603,-0.47584722369344457
CSO-11-6A-EROMO,0.0,2.383081395882644,0.0,0.0,-0.5473072016664032,-0.9037971252453577,-0.5473072016664032,-0.3091362884195962,-0.442112291237466,-0.5911663061998679,-1.9474033111109146,-1.4767186271352837,-0.252374210884373,-0.26078112394808345,-0.5397410720790476
CSO-11-6A-FSOVRE,0.0,2.460417685724321,0.0,0.0,-0.5194193709414692,-0.8778518954139033,-0.5194193709414692,-0.28573795892584875,-0.3964825375802781,-0.5664715904574249,-1.9667828221344033,-1.458148658173384,-0.2442282552199186,-0.2586535829410304,-0.48749570310875484
CSO-11-6B-ANREVA,0.0,2.9299962581829484,0.0,0.0,-0.5471872406205892,-0.8759763644468793,-0.5471872406205892,-0.3661871072094975,-0.9066094672541876,-0.6196631075311534,-2.3614088223755396,-1.9166317368649417,-0.7083251698709628,-0.6199826785247413,-0.5936666330372734
CSO-11-6B-DISEMO,0.0,2.124169390821099,0.0,0.0,-0.5475543380975104,-0.938300302799579,-0.5475543380975104,-0.31161105738412403,0.13197878455665107,-0.595311852360698,-1.7445244099613402,-1.262426956451319,0.04232416309568661,0.01695379634952588,-0.5668543313962652
CSO-11-6B-LHFDLACH,0.0,2.9409726137551533,0.0,0.0,-0.46293670473078874,-0.8210642931882149,-0.46293670473078874,-0.2426324107387393,-0.7330684333322407,-0.5047333779341324,-2.2469069233417374,-1.7920672859569071,-0.6776204620184724,-0.587033420959375,-0.16576668825153498
CSO-11-6B-RJGIHE,0.0,2.6341533456036728,0.0,0.0,-0.40466146992650937,-0.8280318636622463,-0.40466146992650937,-0.2053330159964766,-0.8453798150897645,-0.4334509776225213,-1.9085706279807793,-1.4961467951549612,-0.9346932889555305,-0.814243261890093,-0.3651775558733387
CSO-11-6B-SFLVA,0.0,2.0103504291324077,0.0,0.0,-0.667377073854344,-0.9809121045989552,-0.667377073854344,-0.4585846099338365,0.7552861123668475,-0.7648119107281874,-1.7211897348302887,-1.2215131305769722,0.4198722016595289,0.5545169164621966,-0.7533275328365774
CSO-11-6B-VCOMA,0.0,2.5521477872881464,0.0,0.0,-0.5034657037558689,-0.9098671373766783,-0.5034657037558689,-0.32970924501231175,-0.37491198200816767,-0.5597711354446049,-1.9809829786896729,-1.4732033598011425,-0.7389959378944226,-0.6845822500651488,-0.5312443713880299
CSO-12-6A-DGISE,0.0,2.184887838502432,0.0,0.0,-0.49311910913309653,-0.8858731057796774,-0.49311910913309653,-0.2844795870114547,-0.04455091088351519,-0.5372222564194827,-1.7384639355021827,-1.2427458226592365,-0.041615147048937144,0.05468082965796084,-0.49981662774698016
CSO-12-6A-FJOVRE,0.0,2.5488537250800403,0.0,0.0,-0.5561024626489611,-0.8810338152067191,-0.5561024626489611,-0.3083201524656119,-0.20495717210257844,-0.6072318532821063,-2.0317924553228712,-1.5476041068172735,-0.08198875132968304,-0.11340029153069707,-0.5225152306883235
CSO-12-6B-GQULO,0.0,2.904965437374435,0.0,0.0,-0.5241618269391365,-0.8678562789728007,-0.5241618269391365,-0.32363563430334075,-0.7422391114237975,-0.6018522370214681,-2.3136074255108325,-1.8346926478270245,-0.5112023070524904,-0.3953878405637367,-0.5165758973497344
CSO-12-6B-LJHEFE,0.0,3.509661191984236,0.0,0.0,-0.5167278504448175,-0.9250835074724157,-0.5167278504448175,-0.36458924188555936,-0.8876925032121001,-0.6173921044851897,-2.749836077399809,-2.312172118240541,-1.3754249762944069,-1.216910622879537,-0.5548473565150271
CSO-12-6B-VPAMA,0.0,2.5933245561683314,0.0,0.0,-0.4521704295183768,-0.8311316076139676,-0.4521704295183768,-0.2573160818624725,-0.415366940716792,-0.4965052232491522,-2.002662000101423,-1.4824718294187382,0.1725109608175972,0.06129204953658155,-0.4265631679458885
CSO-12-7A-DALRE,0.0,2.036545239239497,0.0,0.0,-0.6082919067807809,-0.9219448683210161,-0.6082919067807809,-0.37237571165504263,0.38814258599455864,-0.6781648908028388,-1.717535022999443,-1.1553765469228607,0.025681446888818692,0.010678441837700108,-0.6485913496160918
CSO-12-7A-ESALA,0.0,2.370735705307865,0.0,0.0,-0.4182511213456821,-0.8204517728473226,-0.4182511213456821,-0.20761626726202032,-0.5666467308772184,-0.44354115095320784,-1.7768221479205437,-1.3375444630542341,-0.41907200649367776,-0.43101433585472965,-0.3655214758745064
CSO-12-7A-IMERO,0.0,2.3901429884722583,0.0,0.0,-0.4560706384573993,-0.8677916305387499,-0.4560706384573993,-0.2259186608122095,-0.2755423824250628,-0.4876569163805302,-1.8451034140571978,-1.350600494845746,0.040517655066630874,0.002046212786844822,-0.4179493012166516
CSO-12-7A-JHEZA,0.0,2.66595410407671,0.0,0.0,-0.41307575216676956,-0.8130880243282959,-0.41307575216676956,-0.20945891810970907,-0.7398631866291313,-0.43878786452110075,-1.9766587947593777,-1.4944240156705308,-0.47465054771480325,-0.5229021053746715,-0.3654611576338982
CSO-12-7A-LSARAR,0.0,2.221383455195576,0.0,0.0,-0.5165039399358324,-0.9145341802454086,-0.5165039399358324,-0.28173855195273123,0.027327848973336944,-0.5567831100215113,-1.8004462212388967,-1.363847183238366,-0.515672274192414,-0.22729053384632927,-0.5489528856058661
CSO-12-7A-SCAHO,0.0,2.8170256798987796,0.0,0.0,-0.47853768677963665,-0.8202831347725734,-0.47853768677963665,-0.251611420617687,-1.0107842925481925,-0.5130743522464949,-2.140745745910976,-1.6798969044847927,-0.8894204888197764,-0.9259082671802339,-0.4313145395416058
CSO-12-7B-DVAGRO,0.0,2.4869449344303813,0.0,0.0,-0.4236342317203589,-0.8498917121477155,-0.4236342317203589,-0.23217503840048756,-0.7422302536082482,-0.4557394315333176,-1.887214855662797,-1.4161810757952786,-0.5071892348563296,-0.5007818088851559,-0.39487941985731906
CSO-12-7B-SMUGU,0.0,1.8709174203626746,0.0,0.0,-0.5583618376695172,-0.9934794365287731,-0.5583618376695172,-0.31790844539465835,0.82360477080183,-0.5991887751976509,-1.563418320388202,-0.9894806891511868,0.1795915229349136,0.5250495143072195,-0.572307629290061
CSO-12-7B-SSARA,0.0,2.546737379438953,0.0,0.0,-0.47113895852221505,-0.8355881992117933,-0.47113895852221505,-0.2618202448821318,-0.36591139054307137,-0.5136858093460036,-1.9895158047386976,-1.5042685775729427,-0.4850185931159849,-0.3475764881865278,-0.4225856833845183
CSO-12-7B-VHOMA,0.0,2.349527621733614,0.0,0.0,-0.532945079696019,-0.8915948024437422,-0.532945079696019,-0.2959259063567528,0.07260626654942902,-0.5756424354337513,-1.9070034280114654,-1.4155522977543211,-0.44171431879456924,-0.3645670805814138,-0.5299228767449125
CSO-12-8A-YTOME,0.0,2.5302640130936758,0.0,0.0,-0.5501760665378573,-0.8945971383117347,-0.5501760665378573,-0.31488087494874,-1.048796283709978,-0.598678293079359,-2.063535352053274,-1.5622793269553956,-0.763547928338754,-0.763595538085963,-0.5347335115001582
CSO-13-6A-ANASA,0.0,3.004284810059163,0.0,0.0,-0.47472045760702614,-0.8442188717875364,-0.47472045760702614,-0.28968120709025746,-0.6277877013449961,-0.5262400818498312,-2.304723314460788,-1.8519454569262443,-0.740474480061124,-0.6812086628014297,-0.46546043001432025
CSO-13-6B-JETAVE,0.0,2.0260061068340023,0.0,0.0,-0.5176809194265893,-0.9069989972952126,-0.5176809194265893,-0.29072785924863714,0.3697698178584794,-0.5699743235648805,-1.6516137234328896,-1.1711363295065997,0.09607491338088037,0.3095694694209472,-0.5165057973546568
CSO-13-6B-LFMIES,0.0,2.1265699015961657,0.0,0.0,-0.5963339783057802,-0.917557443044554,-0.5963339783057802,-0.37051003092651125,-0.0812725742189093,-0.6695107409747354,-1.75931437571049,-1.2644890875463504,-0.3759728589745585,-0.3391462961070945,-0.607597367877988
CSO-13-6B-LJMAHU,0.0,1.9519034455857462,0.0,0.0,-0.4973578736309535,-0.8991948500694819,-0.4973578736309535,-0.2818653863454423,-0.0004486903627548587,-0.5422682985369737,-1.5836011382771655,-1.0970933978924244,0.058763437415056304,0.06809656972063537,-0.49769093287728117
CSO-13-7A-CAPAMU,0.0,2.8076615859816063,0.0,0.0,-0.4723232313542805,-0.8266534999086582,-0.4723232313542805,-0.2627458333652201,-1.0866613339070534,-0.5232711026093554,-2.1359782890520744,-1.6457914335802166,-0.9490589085284407,-0.8945309443358316,-0.43170571709294703
CSO-13-7A-CDDITR,0.0,2.2016065469324317,0.0,0.0,-0.4094480657136212,-0.8972857141585147,-0.4094480657136212,-0.24245407173051478,-0.13844789222135223,-0.445242361542578,-1.7365608107735233,-1.3039938646408815,-0.1692338915352536,-0.13915250178274002,-0.4289265321099322
CSO-13-7A-JJATFL,0.0,2.680362596686796,0.0,0.0,-0.5624114507996324,-0.8443517240905024,-0.5624114507996324,-0.33964480271310415,-0.2683095054599883,-0.6490718513382484,-2.170021399773916,-1.7199558187822919,-0.27233354305210355,-0.25679319169611964,-0.5647832385884374
CSO-13-7A-KRAMA,0.0,2.574294063166299,0.0,0.0,-0.5526298495245513,-0.8609912967617261,-0.5526298495245513,-0.3696152059670497,-0.5457381873419113,-0.6448256611152494,-2.086847775269061,-1.6290546277572635,-0.8574904225293096,-0.6933912511412706,-0.5919103052107807
CSO-13-7A-RXCHLU,0.0,1.8209851333524723,0.0,0.0,-0.6084244223261339,-0.9303043033823031,-0.6084244223261339,-0.37017668044786145,0.43940243399543844,-0.6735755250242424,-1.5472505977071724,-1.0626248839424548,0.04057875500929117,0.03303007688224219,-0.6359852001127376
CSO-13-7A-YAMEZA,0.0,2.5238406309678703,0.0,0.0,-0.5692177935867918,-0.9183385962501818,-0.5692177935867918,-0.3831465941388371,-0.648884312772361,-0.6510595416413871,-2.077830972250763,-1.5914327624025375,-1.095156871735087,-1.0536149164909117,-0.6129604694753021
CSO-13-7A-YBOSO,0.0,1.6869492236169001,0.0,0.0,-0.4920270872660021,-0.9548056010057212,-0.4920270872660021,-0.2607987996041403,0.04297523808734467,-0.5350989689438108,-1.3881647584307266,-0.882002741381841,0.023125585696568814,-0.12354625342586414,-0.4698858415255294
CSO-13-8A-KIGAGU,0.0,2.417291425277393,0.0,0.0,-0.5270908322680695,-0.8768606484864339,-0.5270908322680695,-0.32839287811719875,0.10551988508420118,-0.5941956388218195,-1.9747997862944442,-1.5247653915641615,-0.40211835845600913,-0.05547443027570215,-0.5657305814409631
CSO-13-8A-MBUAN,0.0,2.2599213282134323,0.0,0.0,-0.5556528297048191,-0.9230332243104823,-0.5556528297048191,-0.3308695809689974,-0.35253600681066444,-0.6082325504115348,-1.8354307774051875,-1.3325842002438455,-0.4544357949636027,-0.3390197444422699,-0.5784772387984953
CSO-13-8A-MGAAN,0.0,2.3147601209916027,0.0,0.0,-0.4695957811218071,-0.858072264199293,-0.4695957811218071,-0.2531198637921822,-0.6234454427806961,-0.5051896642135636,-1.7465692638569783,-1.2671113974646164,-0.5655287684402476,-0.6262040772008634,-0.44389451035757993
CSO-13-8A-MGAHE,0.0,2.2198192223170734,0.0,0.0,-0.5745955145951402,-0.9478193298694495,-0.5745955145951402,-0.37070288184536193,0.2213968126856313,-0.6499482880141844,-1.8280991574002439,-1.3045894862674488,-0.09184525330255973,0.050918424783907776,-0.6255055530897786
CSO-13-8A-MJAGA,0.0,2.676294817935172,0.0,0.0,-0.5128595675698222,-0.8608708942410098,-0.5128595675698222,-0.2983849530195795,-1.0407165740729867,-0.5662976578583581,-2.086814265903437,-1.6181096968336972,-0.6727433827847621,-0.7505765787570154,-0.512519326385427
CSO-13-8A-VHODU,0.0,2.3722416939479842,0.0,0.0,-0.5795244489186648,-0.9420218857968667,-0.5795244489186648,-0.3898256441546414,0.7551594584341588,-0.6711081577776434,-2.008500971637701,-1.5182926902484912,-1.054188148563021,-0.7186814449192007,-0.6325236172733227
CSO-13-8B-FCJISA,0.0,2.0940247893079436,0.0,0.0,-0.3764657002423205,-0.869624849562104,-0.3764657002423205,-0.13024842631268796,-0.3140710116564233,-0.3938842218167375,-1.572935065908136,-1.1249890334130361,-0.3722377627365429,-0.3091056141253736,-0.27112723941194566
CSO-13-8B-JEMABE,0.0,2.5157170518535192,0.0,0.0,-0.6160996326861842,-0.925744792952066,-0.6160996326861842,-0.4164045515085349,-0.5444125998700394,-0.701191466180645,-2.033317451410981,-1.5626290928742967,-0.8358070750393963,-0.7209222806878658,-0.584851019161016
CSO-13-9B-DMLLLU,0.0,2.8744638604895028,0.0,0.0,-0.4929800724631258,-0.8765661306466681,-0.4929800724631258,-0.2454182322408338,-0.6891921645576199,-0.5130850778686695,-2.232737225559803,-1.7317370091333377,-0.6841044867626137,-0.67871337117828,-0.46893221981316985
CSO-14-7A-MVEBE,0.0,2.1023881500657846,0.0,0.0,-0.541372477649096,-0.9717717048240987,-0.541372477649096,-0.3033668827750658,0.4132234072015353,-0.586481895422553,-1.7252333393790418,-1.1785563922965645,0.1842117768524082,0.30037524348453504,-0.5271541179725231
CSO-14-7B-EALHU,0.0,1.8702038486439447,0.0,0.0,-0.5059015551432958,-0.9554092962614746,-0.5059015551432958,-0.2720865550264525,0.29796643084537217,-0.5408658984046334,-1.5241113146160166,-1.011615886412558,0.5568565699923014,0.5031408815386061,-0.4953109362232947
CSO-14-7B-EVEGO,0.0,2.721153595415726,0.0,0.0,-0.46189380845135114,-0.8539046344237684,-0.46189380845135114,-0.26240625482321056,-0.9834676511772213,-0.499741804000681,-2.0929260051634473,-1.6199032723162645,-0.5962287269010061,-0.712030760180197,-0.44635484453992985
CSO-14-8A-AQUMA,0.0,2.362619979996019,0.0,0.0,-0.5247334833430859,-0.8800866938905725,-0.5247334833430859,-0.272513552829667,0.32939866376574317,-0.5553272609175586,-1.890618045370223,-1.4212328009984254,-0.14917449548037542,0.002096361521912282,-0.49955460977812355
CSO-14-8A-MCIDOS,0.0,2.9681390028457724,0.0,0.0,-0.4100415116200231,-0.7910808502227824,-0.4100415116200231,-0.18970445533874117,-0.9404089005560395,-0.4318481608503355,-2.0850366676933105,-1.6178589072202176,-0.7783268988225857,-0.8689775206575415,-0.3275110239441826
CSO-14-8A-SZARA,0.0,2.189681143054164,0.0,0.0,-0.518430163421526,-0.9422249712092765,-0.518430163421526,-0.3008956203844517,-0.05330955368959662,-0.5642855516723445,-1.7319337046436356,-1.1866678197620975,0.02000545637870051,0.07045984487944526,-0.5152794768956294
CSO-14-8B-JLLORA,0.0,2.44637731083997,0.0,0.0,-0.542584177784842,-0.9238842332922195,-0.542584177784842,-0.3430653948356264,-0.36094675079072325,-0.6123296758816752,-1.9967362951997552,-1.558596699832999,-0.5331750764449334,-0.5213934945643994,-0.579749875768842
CSO-14-9A-AEDCAGO,0.0,2.3930263440261745,0.0,0.0,-0.49837848561752446,-0.9128744398673598,-0.49837848561752446,-0.27804608616606374,0.03698221841202206,-0.5474679448748753,-1.9093151430167572,-1.3869491278108326,-0.10714829442112007,0.0325397495503238,-0.5087896456728812
CSO-14-9A-HASACA,0.0,2.4321402841723123,0.0,0.0,-0.4959587898645689,-0.873947265171462,-0.4959587898645689,-0.25633150718218933,-0.16715469035642114,-0.5218497898232732,-1.8898986241474331,-1.4007903654142777,-0.46187834072943496,-0.21829997933085019,-0.47060190871768925
CSO-14-9A-JSMAAL,0.0,2.71279080087411,0.0,0.0,-0.5396229446288252,-0.8692415353056695,-0.5396229446288252,-0.3332816375716018,-0.2874555381680605,-0.6098716254737088,-2.1459580196630603,-1.6445550119062495,-0.8147843294982382,-0.6170719317176794,-0.5650945204762758
CSO-14-9A-MARJA,0.0,2.2856463193708385,0.0,0.0,-0.47231593203329986,-0.88089507903281,-0.47231593203329986,-0.23898312750302095,0.104365771682868,-0.49834963113393227,-1.7951084760847424,-1.3101448851594406,-0.320702962515317,0.025966010269589154,-0.44121313991704664
CSO-14-9A-SORZU,0.0,2.7690659135675015,0.0,0.0,-0.5230951548910218,-0.8455696716330895,-0.5230951548910218,-0.27273562685322855,-0.17061807118412456,-0.5597508694759806,-2.1783316668706636,-1.6977896796654162,-0.060288063402946186,-0.06227506528557908,-0.4892059378497249
CSO-14-9B-ERAGA,0.0,2.326458060244022,0.0,0.0,-0.5317317712698215,-0.887185401011615,-0.5317317712698215,-0.3108411965818297,0.11098752783356422,-0.5765832702718068,-1.8813596169758229,-1.3699254634496776,-0.2689086964291067,-0.011752759584533676,-0.5163756206919059
CSO-14-9B-MFEGA,0.0,2.4849189730055428,0.0,0.0,-0.46938906734200886,-0.9060045062660892,-0.46938906734200886,-0.305625123726144,-0.07032462613637515,-0.5330474908673117,-1.935297278596041,-1.4722213454297084,-1.0164683695030585,-0.8552719062792526,-0.45437455610163524
CSO-15-10A-LJRAGU,0.0,2.5166917968673648,0.0,0.0,-0.643972495716473,-1.0225487735856313,-0.643972495716473,-0.46357366735796934,0.43215361637900546,-0.7601304350693722,-2.1275533236983186,-1.610430084801829,-0.17986997167140859,-0.12908367503332221,-0.7793425807232723
CSO-15-10A-MAARLO,0.0,2.2668993183274733,0.0,0.0,-0.6054925246002093,-0.9067608804354783,-0.6054925246002093,-0.3807899473056065,0.37762706379841693,-0.6865556197901193,-1.8703945584668724,-1.3970229908489715,-0.2441015648024698,0.02669739342158106,-0.6387476827625688
CSO-15-10A-SFEGA,0.0,2.6214629542307484,0.0,0.0,-0.542809516234612,-0.9039145663313918,-0.542809516234612,-0.3213025969334335,-0.30108849681290073,-0.5836910513789246,-2.113911381790292,-1.6691836877351076,-0.8321702672092198,-0.575582143765136,-0.5783168689300784
CSO-15-10B-MEBUAR,0.0,2.3894622618219747,0.0,0.0,-0.5601174343815597,-0.9033528152928679,-0.5601174343815597,-0.3406096044859737,-0.3510763896500649,-0.6251188323428208,-1.9702827123859719,-1.4661233988066307,-0.3703969167216354,-0.5032022771528907,-0.5686376517898292
CSO-15-10B-YVBUAN,0.0,2.1846427422443973,0.0,0.0,-0.5103676692843325,-0.9108607343674107,-0.5103676692843325,-0.2733253977578196,0.023998657096515292,-0.5497348851342564,-1.7715663003040374,-1.2687492264156173,-0.2150870332790808,-0.008341653253567338,-0.506343874513876
CSO-15-10C-ALBAHO,0.0,2.528835042428237,0.0,0.0,-0.5691014734808708,-0.907098157661151,-0.5691014734808708,-0.32933129566674635,0.010728838129651306,-0.6143262825769029,-2.0463921797647737,-1.5385531736920965,-0.8907718262239412,-0.5026253873697664,-0.5735680664396043
CSO-15-10C-SSCAMO,0.0,2.355453449069242,0.0,0.0,-0.40749260112941627,-0.8136236135868803,-0.40749260112941627,-0.1933365391416686,-0.6794525775153221,-0.43017737843939996,-1.7757609571080866,-1.342674876810778,-0.47567894403649486,-0.5191518493506779,-0.3570431067982609
CSO-15-11C-JETALO,0.0,2.3223003741505592,0.0,0.0,-0.5170821014753958,-0.8802753102794452,-0.5170821014753958,-0.2536504745609896,-0.18633650779457694,-0.5440612590382419,-1.8150400599728247,-1.3125443324270682,-0.1417548532684268,-0.17044166541904052,-0.47458252910866905
CSO-15-7B-JCRAGA,0.0,2.1698992044633294,0.0,0.0,-0.5078132093817488,-0.9334006214520987,-0.5078132093817488,-0.28152497640757324,0.4089809214965164,-0.5496773114355897,-1.7880986452872807,-1.295444340067354,0.3393257293486634,0.25703779918920666,-0.5273224407264004
CSO-15-8A-VBMABR,0.0,2.4550924276109805,0.0,0.0,-0.5746027532330369,-0.9371143648405847,-0.5746027532330369,-0.3435325804723582,0.2997700533851613,-0.6300488995761057,-1.9997892903314793,-1.4909574281534232,-0.10140370754390499,0.06792757557838856,-0.5612718997521919
CSO-15-8B-KEPOGO,0.0,2.9987040337938864,0.0,0.0,-0.5107834123700165,-0.8309597836427436,-0.5107834123700165,-0.2307934168683256,-1.2249630043263933,-0.5325521454613581,-2.3180497198451495,-1.8991195192098942,-1.0745980029215656,-1.0627930505545198,-0.4416628866312679
CSO-15-9B-ALRIHE,0.0,2.553106011686171,0.0,0.0,-0.5215441144802379,-0.8868554240450254,-0.5215441144802379,-0.30140523609577125,-0.4463925373458259,-0.5764389579349409,-2.050455081218029,-1.562521463834224,-0.7746299455893421,-0.5956816647180486,-0.504569066812334
CSO-15-9B-AMSAGO,0.0,2.760554192919982,0.0,0.0,-0.49545843689848207,-0.8264814212747511,-0.49545843689848207,-0.29737927133813574,-0.4271834202638963,-0.5494389916660102,-2.105688245814099,-1.6098464043621539,-0.762320949869681,-0.6636844672589284,-0.4982127903302429
CSO-15-9B-JCAPA,0.0,2.4600733469508116,0.0,0.0,-0.5134737050550782,-0.8984857060382823,-0.5134737050550782,-0.28589524716099696,-0.5992835805541249,-0.5510337960156111,-1.9610700382540103,-1.494452565223909,-0.5910603462252123,-0.45753451544910906,-0.5212812897815539
CSO-15-9B-KSBEJA,0.0,2.472686860430418,0.0,0.0,-0.5197054187962108,-0.9036900997456008,-0.5197054187962108,-0.33304115626754244,-0.05874877813999053,-0.5766997090487515,-1.948496540453604,-1.4633305771169876,-0.5692622452792958,-0.25730864935136516,-0.5826095584354054
CSO-15-9B-RMCHLU,0.0,2.2735660793659447,0.0,0.0,-0.5461202280149808,-0.9131236815150434,-0.5461202280149808,-0.3329919634975187,0.11931233957725729,-0.6113799822904691,-1.864535766350476,-1.357931527741164,0.14157133963550447,0.287212249539056,-0.5501671731196421
CSO-15-9B-SJAGRO,0.0,2.9811443408537435,0.0,0.0,-0.4479597568682682,-0.862507966565048,-0.4479597568682682,-0.268880503221825,-1.1803779476154628,-0.49686830429114953,-2.2691551826641954,-1.7326273421966114,-0.8484453952082754,-0.8816780312602074,-0.4315562030783635
CSO-16-10A-JEGAHE,0.0,2.836696175945949,0.0,0.0,-0.546762126779597,-0.8973160521083989,-0.546762126779597,-0.32766842901391396,-0.8191363482133375,-0.5892032516362244,-2.2436389070001344,-1.7712756977957527,-0.8036065187298248,-0.7436110441150241,-0.5476032860917572
CSO-16-10A-MSACO,0.0,2.5817461066110914,0.0,0.0,-0.48451339146718003,-0.9343121665926664,-0.48451339146718003,-0.31364995683055075,-1.109314985899924,-0.5516322913837539,-2.0578222990645214,-1.5939601238726084,-0.6297924290670501,-0.7767685697043304,-0.5276746455902843
CSO-16-10A-SARI,0.0,2.6951405008292926,0.0,0.0,-0.5148921881736394,-0.8412854371328673,-0.5148921881736394,-0.32343981744650013,-0.6930647752559462,-0.5867644038202181,-2.1292595743176124,-1.6908569419905723,-0.6709267654784816,-0.5309884766542223,-0.5325347184351278
CSO-16-10A-SMOUT,0.0,2.9046896681168013,0.0,0.0,-0.558090663856298,-0.9584984023903548,-0.558090663856298,-0.34440391849633145,-0.3470033835892782,-0.6228572449996981,-2.2729842595027065,-1.7835437743249503,-0.775598891996108,-0.7462737271123407,-0.45513127353221644
CSO-16-10A-YKMUJO,0.0,2.065676245456199,0.0,0.0,-0.57251252938937,-0.9272911488699295,-0.57251252938937,-0.3399724057260018,-0.2712647470677522,-0.6246939558913297,-1.7190798218021452,-1.2038456622814906,-0.1496320067116852,-0.13073496955054073,-0.5746370826794349
CSO-16-10B-JESUGU,0.0,2.3216433908389567,0.0,0.0,-0.4209066480770439,-0.837127115066064,-0.4209066480770439,-0.25074751393637734,-0.20641059807749385,-0.45500059368494533,-1.7566850615771548,-1.2897004286383509,-0.2628762263150928,-0.18311358737774822,-0.4158757813768011
CSO-16-10B-LTVIFA,0.0,2.8277958756774586,0.0,0.0,-0.42143689189647154,-0.829284169956078,-0.42143689189647154,-0.21397594033429693,-0.6364808858770367,-0.4415286783384958,-2.0977309703581892,-1.5702318449172572,-0.4066537749745424,-0.43254853265924864,-0.39042928932144505
CSO-16-10B-VVILI,0.0,2.5068148034637763,0.0,0.0,-0.5769712084633835,-0.8953465006799983,-0.5769712084633835,-0.32405379523677624,0.15088452921231973,-0.6193112430627916,-2.043225641126081,-1.5120528785491378,-0.19198263649884587,-0.07687133049430636,-0.542816375190168
CSO-16-10C-ACALGU,0.0,2.605809886661097,0.0,0.0,-0.49604221089023987,-0.8847092574454959,-0.49604221089023987,-0.2765993926126022,-0.3537378867158218,-0.536379652230085,-2.063489799673557,-1.567220193634911,-0.28325574533269415,-0.18245562476030297,-0.485776681208366
CSO-16-10C-MAVAVE,0.0,2.3645507229241653,0.0,0.0,-0.4456034298922308,-0.8415787887115791,-0.4456034298922308,-0.21804218413518286,-0.4359629358643343,-0.47269026157187516,-1.8325065269709029,-1.3569888597455284,-0.654676819361873,-0.45438986399280507,-0.3966688282367966
CSO-16-11A-JAVABO,0.0,2.955648579349031,0.0,0.0,-0.42181472050753055,-0.8193181864967685,-0.42181472050753055,-0.22071652205105563,-0.7517194411674885,-0.45350212934964507,-2.1320284799368783,-1.6890278794404625,-0.6159149245540744,-0.5916739889994651,-0.35577796032457815
CSO-16-11A-JDMUVA,0.0,3.118379873081565,0.0,0.0,-0.42573082046205696,-0.781700753799738,-0.42573082046205696,-0.19054055961268748,-0.8776129755455522,-0.4484394763504401,-2.278413493155872,-1.7743375779138781,-0.6161082904505524,-0.624236027539128,-0.33679015216392305
CSO-16-11A-VZAOR,0.0,2.918061541676475,0.0,0.0,-0.4755319123855821,-0.7828811154343459,-0.4755319123855821,-0.23615862094632584,-1.1988557613370638,-0.5073315071284197,-2.2480304105029365,-1.8091522645793556,-0.794229963606516,-0.8589440791498089,-0.43349921298946187
CSO-16-11B-KRORE,0.0,2.3720312833706303,0.0,0.0,-0.5417892408759529,-0.8998856050740168,-0.5417892408759529,-0.3092708886734167,0.025177015221709932,-0.5859872152074279,-1.8862592093228825,-1.38651552715693,-0.5464293014519498,-0.2428465910585791,-0.5106029155208563
CSO-16-11B-LLOZA,0.0,2.8238582059356925,0.0,0.0,-0.5314820593791986,-0.9126984031518267,-0.5314820593791986,-0.33802975943328684,-0.5549736370833279,-0.5815053396981563,-2.237532144517434,-1.7257324253616932,-0.9455349632623654,-0.7809247035436658,-0.5596472438690475
CSO-16-11B-YAROMO,0.0,2.7265190478721246,0.0,0.0,-0.4664329561293091,-0.7950465584364408,-0.4664329561293091,-0.22905823233690653,-0.47763928419738505,-0.49373510228542483,-2.077803888940957,-1.607718987496288,-0.5697011195406979,-0.4777629866114299,-0.4178114121307644
CSO-16-9A-JALEMO,0.0,3.2285341735679136,0.0,0.0,-0.49263121316143005,-0.8337154202213259,-0.49263121316143005,-0.2665634114014339,-0.9350526729498108,-0.5459714453122338,-2.484195183755851,-1.9674568401839783,-0.7708752662129078,-0.8037111471363413,-0.41997913878435666
CSO-16-9A-JPROSO,0.0,2.46920907529711,0.0,0.0,-0.5516310096151549,-0.8412751688501758,-0.5516310096151549,-0.2837621412380831,-0.7268272685297897,-0.5875857354279606,-1.9933352979788697,-1.5154117236422433,-0.5337507848623567,-0.419725015751361,-0.5057478541175988
CSO-16-9A-JSMAGU,0.0,2.670147653662415,0.0,0.0,-0.5154401559531224,-0.4588586289688081,-0.5154401559531224,-0.30607554731196307,-0.4751369198166106,-0.578414597716661,-2.0825060255313588,-1.6651487826269336,-0.26695166639670886,-0.28266692855104336,-0.492906543679456
CSO-16-9B-SJPAJI,0.0,2.5043399376075666,0.0,0.0,-0.6252990284357517,-0.9690318728509866,-0.6252990284357517,-0.43386386094161816,0.3015230519114865,-0.7276467925942078,-2.086058170615669,-1.596745255857353,-0.9196812435637063,-0.9436954442881779,-0.7509491226431724
CSO-17-10A-YVGOCA,0.0,2.637689868977212,0.0,0.0,-0.5645187684085435,-0.9006362243019753,-0.5645187684085435,-0.3449288801787951,-0.25976367983827287,-0.6437230916824643,-2.186839360545085,-1.7225491996646412,-0.9780351193375892,-0.8570689330371009,-0.5901403392381269
CSO-17-10B-EHECO,0.0,2.51004963604164,0.0,0.0,-0.4913219048083595,-0.8786778248682298,-0.4913219048083595,-0.24373103932334714,-0.471769581095735,-0.5088733660445864,-1.9795384783628884,-1.5107291396600302,-0.6318649829808378,-0.49234696744098455,-0.4557612483768027
CSO-17-10B-YCQUVE,0.0,2.274746797430407,0.0,0.0,-0.5239568281383995,-0.9127236333596684,-0.5239568281383995,-0.2746440472069042,0.37506986229594697,-0.5587645456797465,-1.8301645317721986,-1.3118197659120134,-0.12647788864393375,0.07811585563326713,-0.5149238344255305
CSO-17-11A-DJAPA,0.0,2.2481307484802997,0.0,0.0,-0.6131819253100876,-0.9332499088674504,-0.6131819253100876,-0.409946446799397,0.0888358954615088,-0.6956995975632329,-1.8801330582445874,-1.369239851187186,-0.5031927346510724,-0.3864381728476297,-0.6860405747685278
CSO-17-11A-JDAMO,0.0,1.986267221084263,0.0,0.0,-0.554847085917672,-1.003559995211019,-0.554847085917672,-0.3439345162508322,0.24202799492801694,-0.6080124511397674,-1.6515673318905613,-1.155364162006571,-0.34963751453920655,-0.22412762426257307,-0.6263686959097758
CSO-17-11A-NPAHE,0.0,2.5782032969397473,0.0,0.0,-0.5972262579174745,-0.9022025442425047,-0.5972262579174745,-0.40771119718381255,-0.5102988629213127,-0.6891494447294712,-2.110627936980735,-1.619328025799783,-0.7623769202478051,-0.6194060220199065,-0.6254719445137293
CSO-17-11A-RLPAIG,0.0,2.453823453999435,0.0,0.0,-0.4488672875871695,-0.8605385801277158,-0.4488672875871695,-0.2389944082489258,-0.5780619020176622,-0.4823738682705005,-1.907181599167701,-1.4248569516163088,-0.6800807336834094,-0.5447076102103635,-0.41929577669336043
CSO-17-11A-SPUVA,0.0,2.6463729918013725,0.0,0.0,-0.47081319447061193,-0.8657153109724024,-0.47081319447061193,-0.30147504392900276,-0.2354095369266702,-0.5291602928619529,-2.033615716855884,-1.5563293890681005,-0.4459524542995994,-0.4268969104412305,-0.46341753705179856
CSO-17-11B-CDBEBU,0.0,2.779522285125392,0.0,0.0,-0.46673192647083617,-0.8385416272539133,-0.46673192647083617,-0.24688550748685284,-0.6223977899579742,-0.4991727015473685,-2.0940005705176286,-1.600626919174948,-0.586918654376388,-0.5775742076438428,-0.42792806958647844
CSO-17-11C-JDAAG,0.0,3.021542013880579,0.0,0.0,-0.4476840361982494,-0.7903797285248401,-0.4476840361982494,-0.20824067797900425,-1.2417044629633864,-0.47520652976560207,-2.2169024164307896,-1.7349675064000667,-0.7551974676807774,-0.8737576252186471,-0.3516160308829747
CSO-17-11C-MAPAMA,0.0,2.8369837132145705,0.0,0.0,-0.5119236155710022,-0.8747714654531553,-0.5119236155710022,-0.31498770553748556,-0.5326835989333035,-0.5732358209763886,-2.177623343730983,-1.666077780531972,-0.4072805503851222,-0.40256133491207224,-0.5229216233290394
CSO-17-11C-MCAAG,0.0,2.550551520481238,0.0,0.0,-0.45573042853352724,-0.8397825697563397,-0.45573042853352724,-0.25024082766859024,-0.5823981578322187,-0.4919496783843332,-1.968657200593168,-1.4953248700902269,-0.5061463320323162,-0.4671304801026828,-0.44659171875403797
CSO-17-11C-SARJA,0.0,2.262989468922858,0.0,0.0,-0.47938811112848817,-0.8536738754869988,-0.47938811112848817,-0.2529019606873297,-0.6064644342896358,-0.521904387537521,-1.7264514616581785,-1.2891109888565455,-0.7084416508452396,-0.5862773212764425,-0.4573115231330995
CSO-18-11A-ADBAHO,0.0,2.986016185673093,0.0,0.0,-0.49185344441350026,-0.8631450139961241,-0.49185344441350026,-0.25380362175241344,-0.9005307212532797,-0.5074269517355631,-2.2580295142017985,-1.735023943598962,-0.5552423586921138,-0.6222375701915015,-0.40934707352256805
CSO-18-11B-YLLRE,0.0,2.312391641538744,0.0,0.0,-0.6010611988962781,-0.9373884102445189,-0.6010611988962781,-0.35373074554691714,0.2138044240995818,-0.6583857086062611,-1.9402943141460298,-1.4069936149669353,0.23961415144230755,0.19398967342474652,-0.6000993266031873
CSO-18-9B-MAMOLO,0.0,2.4961108872944884,0.0,0.0,-0.49464525593489533,-0.5861269148383161,-0.49464525593489533,-0.2689532862653373,-0.6147271592692327,-0.533934293234617,-1.957239292593328,-1.527481728616974,-0.4976496912928818,-0.45524957413823347,-0.473455828064626
CSO-8-3A-AIPRBR,0.0,2.435647510048781,0.0,0.0,-0.5687952210426327,-0.9514660554224957,-0.5687952210426327,-0.348674007903548,0.27377338907324605,-0.6283550794133299,-2.002809219334317,-1.5116092712374296,0.04216225094015685,0.03308912857595425,-0.5838425874270656
CSO-8-3A-DAPAVA,0.0,2.1118006271517955,0.0,0.0,-0.5712248990101314,-0.9420626279892665,-0.5712248990101314,-0.3467867447797833,0.4702278049259055,-0.6290185208286403,-1.7506954283386924,-1.247231683600355,-0.10140695464892466,0.069194529993612,-0.5835107287604148
CSO-8-3A-KVPECO,0.0,2.022278276563963,0.0,0.0,-0.44546140851079086,-0.8851579524844736,-0.44546140851079086,-0.23531642714978646,0.26579755835705426,-0.4841988385914876,-1.5649468633584462,-1.043402604232157,-0.18152009301713293,0.023954623014890375,-0.4237547520694955
CSO-8-4A-ARAGR,0.0,2.369215537934147,0.0,0.0,-0.43804464897518475,-0.894410129095821,-0.43804464897518475,-0.23001006194414825,-0.5590225325133014,-0.47026364796652187,-1.8116928903485425,-1.3251783549355736,-0.41753831816764,-0.3969731466924152,-0.40783492783980074
CSO-8-4A-JRAAR,0.0,2.4144861008308416,0.0,0.0,-0.43902914724249276,-0.8440809939067723,-0.43902914724249276,-0.2295752927236838,-0.38357421460532914,-0.4667497205464259,-1.859141737256269,-1.3580451687470902,-0.27473572063562635,-0.2668248705163815,-0.41476802712400535
CSO-9-2A-EXMOCO,0.0,2.268052158170414,0.0,0.0,-0.5058778585692975,-0.8592614587425593,-0.5058778585692975,-0.2535813385578602,-0.2223424569546835,-0.5494042480245525,-1.7138253730666688,-1.251961555506023,-0.36331990221455984,-0.2885510137731103,-0.4791244984407009
CSO-9-4A-AGAPE,0.0,3.2084048794949394,0.0,0.0,-0.496056256629014,-0.8003452096392146,-0.496056256629014,-0.27839649076712014,-0.7745604826903005,-0.5443953567773259,-2.4860405688308496,-2.0833158783212795,-1.355371455251654,-1.0634319359327842,-0.4691457769278794
CSO-9-4A-DKVIMO,0.0,1.8871024441872555,0.0,0.0,-0.5073840673764328,-0.9705019839606419,-0.5073840673764328,-0.27088737978601185,0.16270928242242616,-0.5454354165289073,-1.546364260614766,-1.017041133884863,-0.014962022588125314,0.10864208034353268,-0.5014179008882949
CSO-9-4A-DSMOMU,0.0,2.005767786396767,0.0,0.0,-0.3868693732405374,-0.8646125081024272,-0.3868693732405374,-0.16294926273239088,-0.17540938615221408,-0.4163768840118654,-1.5143105549357958,-1.085362448220899,-0.21436201661970997,-0.18046133765310315,-0.3231777057506379
CSO-9-4A-DVGATO,0.0,2.540029508996282,0.0,0.0,-0.5230584676491294,-0.8697329908356356,-0.5230584676491294,-0.2729576016114248,-0.6719372333404584,-0.5607098959207345,-1.9970630206070519,-1.5441603916819646,-0.5502992386068181,-0.5565277940678186,-0.48612122329243956
CSO-9-4A-EGCAMO,0.0,1.9438996264802242,0.0,0.0,-0.5769772739856288,-0.9464729964360805,-0.5769772739856288,-0.339761685617101,0.47276777157398875,-0.6381086709872669,-1.6153193414098057,-1.1037915128116857,-0.04929116966456278,0.09556643711053861,-0.6005339684826654
CSO-9-4A-FAGIGA,0.0,2.474732296961202,0.0,0.0,-0.4532857627560563,-0.8364607553684577,-0.4532857627560563,-0.22952610214853728,-0.6598730031298543,-0.4849861012487912,-1.8523668897117942,-1.4097488532885918,-0.6424442341220417,-0.6075332663674695,-0.41660719497677445
CSO-9-4A-GSBRCO,0.0,1.9905397261550457,0.0,0.0,-0.5921190383191445,-0.9498005766326564,-0.5921190383191445,-0.3709662516056708,0.2691136492365165,-0.6481096928676859,-1.6723196504475342,-1.1390153177044453,0.4377038657162545,0.5133440392965034,-0.6166915759224725
CSO-9-4A-KEMOCO,0.0,2.269626146997039,0.0,0.0,-0.5654689741671974,-0.92688936019874,-0.5654689741671974,-0.3353635186439244,0.12748588638818756,-0.6139352016810736,-1.8449758405464283,-1.3110172725799973,-0.3562525749165135,-0.1758905839649441,-0.5657720588561422
CSO-9-4A-LCOMO,0.0,2.0666763267957355,0.0,0.0,-0.5181628206211328,-0.5141256803985941,-0.5181628206211328,-0.2722088662890411,-0.10969806012473707,-0.5773695593628951,-1.666919305232058,-1.325190941026283,-0.13066923453543824,-0.05059539432437084,-0.4814861457207316
CSO-9-4A-MLORO,0.0,2.426792107247653,0.0,0.0,-0.4292406338624737,-0.8566710013623429,-0.4292406338624737,-0.21905126271796851,-0.5422791453832889,-0.4652951033516392,-1.8748310940829398,-1.4255587982647862,-0.4444788022935767,-0.4273273722488436,-0.4038236546988446
CSO-9-4A-MPAME,0.0,3.028055738007025,0.0,0.0,-0.4301713127878123,-0.7543779119548562,-0.4301713127878123,-0.20226793441245267,-0.8521565465994823,-0.45409085045626263,-2.1819230252141733,-1.6872545721436365,-1.0241945503352672,-0.8660066588282871,-0.369647031616833
CSO-9-4A-NSARPA,0.0,2.31661069823434,0.0,0.0,-0.5822493599394993,-0.9546403049980883,-0.5822493599394993,-0.34279817140507973,0.1575292025536143,-0.6355143736659821,-1.891961036451152,-1.4346487033379165,-0.4962413190211882,-0.24336712499286497,-0.6083645050723021
CSO-9-4A-SLOCA,0.0,2.3341451668746624,0.0,0.0,-0.6288011558497949,-0.942888916748792,-0.6288011558497949,-0.3965424267107514,-0.23986168092320634,-0.6799888702313589,-1.9616841133604435,-1.469144179519475,-0.6545897409267887,-0.46235470495505593,-0.7073738824045039
CSO-9-4A-YVDITR,0.0,1.7522585763506549,0.0,0.0,-0.521217852605849,-0.9356804572665256,-0.521217852605849,-0.29444889275741437,0.06075936572482943,-0.5741700987116125,-1.4504841190317816,-0.9125006361407445,-0.407936284842187,-0.19358046757317063,-0.528316670856228
