file,z_wc,z_nodes,z_edges,z_re,z_pe,z_l1,z_l2,z_l3,z_lcc,z_lsc,z_atd,z_density,z_diameter,z_asp,z_cc
CDMS-10-4A-JURAN-CorrEtiq.txt,0.0,0.0,0.0,1.3609260554160874,0.27190162891346326,-0.6238551940741689,0.12257635520999438,0.3562175648988007,0.0,0.11389634546768992,0.0,-0.12134037863953351,-0.18391917464886762,-0.07438417719825886,0.03096593728684151
CDMS-10-5A-HEPIHO-CorrEtiq.txt,0.0,0.0,0.0,1.352400819282319,-0.032542782019175966,-0.7280542069100245,-0.1719752794374105,0.13206124092028476,0.0,0.2230342113927852,0.0,0.12159479650292127,-0.2190862854182987,-0.2054415418487066,-0.012893390712893877
CDMS-10-5A-KSRAGU-CorrEtiq.txt,0.0,0.0,0.0,2.358886130480042,-0.03143239492235377,-0.1693822873281479,-0.357840042679839,-0.6626346319943978,0.0,0.10711696093619513,0.0,-0.5020555419444903,0.04318445408660722,0.23924087997162238,-0.38193030133109146
CDMS-10-5A-SROPU-CorrEtiq.txt,0.0,0.0,0.0,3.9683407111126674,0.5250755577564836,-0.36855177760279073,0.08075051549739955,-0.39318052879696364,0.0,-0.18702467709066997,0.0,-1.1892537091206867,0.6751337930230865,0.9715730344033594,-0.3548344731872555
CDMS-10-5A-SZURO-CorrEtiq.txt,0.0,0.0,0.0,2.858123591806564,-0.4310459458496327,-0.5370774929739628,-0.534531629358712,-0.35855698198264313,0.0,-0.009605194603444374,0.0,-0.27608174148474995,0.1276308329979015,0.15597939829717525,-0.3250614455339855
CDMS-10-5B-SRAJA-CorrEtiq.txt,0.0,0.0,0.0,2.21801756298339,-0.6978738517456614,-0.767376238665582,-0.7036814595469383,0.017360133350394852,0.0,0.06119300390047752,0.0,0.15738608714444577,-0.09202149550469645,-0.13466215702450546,-0.06250346544326027
CDMS-10-5C-DAAUSA-CorrEtiq.txt,0.0,0.0,0.0,2.2652373857483408,0.35050708426695387,-0.7666522989751917,0.04783193221059074,0.8444557967352064,0.0,-0.21328995193354164,0.0,-0.5348483638658622,0.37492332811221063,0.5111671467460764,-0.06623812788242493
CDMS-10-5C-ICAPA-CorrEtiq.txt,0.0,0.0,0.0,0.8706224661321281,-1.464673837474538,-1.018300653835141,-1.573552051836194,0.8062530003982074,0.0,0.39306048029821183,0.0,1.5062156438619851,-0.7790294913433474,-0.9871857740953712,1.5081118585122053
CDMS-10-5C-JFALGI-CorrEtiq.txt,0.0,0.0,0.0,1.7328623227471265,-0.43981654363031114,-0.9994056824457478,-0.6026808443495502,0.11906840257220049,0.0,0.13035816106177908,0.0,0.41006976852364213,-0.06741454424388352,-0.20661066623025878,0.330245574065063
CDMS-10-5C-MAORTO-CorrEtiq.txt,0.0,0.0,0.0,3.1770450585569434,0.11450805329985968,-0.35457852688409514,-0.3041801891087777,0.4772316751726718,0.0,-0.4433725032084706,0.0,-1.0789962397931059,0.7149069998090879,0.8537927450405781,-0.3879136727661137
CDMS-10-5C-NBEMO-CorrEtiq.txt,0.0,0.0,0.0,3.0740287766670047,-0.224999266374268,0.2377005420012384,-0.3360792373712031,0.5072496573771299,0.0,-0.5109537589407901,0.0,-1.2550441562591732,0.692451400503068,1.1350964207548635,-0.18911353868006833
CDMS-10-6B-ASCACO-CorrEtiq.txt,0.0,0.0,0.0,2.1470778919207034,-0.73318574791195,-0.9374177580737882,-0.7326275789026412,0.28776295087169634,0.0,0.2790504951980871,0.0,0.3019329139179208,-0.3964654274811733,-0.4477162365084829,-0.22235194503512026
CDMS-10-6B-JJMOBE-CorrEtiq.txt,0.0,0.0,0.0,2.19553852939838,0.5092572420960444,-0.8018752248349403,0.2536383022332099,-0.25798296561222817,0.0,0.20134917523647156,0.0,-0.4364114176656252,-0.15414091273365205,-0.08456721761914297,-0.4359778474059934
CDMS-11-4A-GACHSA-CorrEtiq.txt,0.0,0.0,0.0,3.5293780654734146,-0.18592307060135274,-0.4649122498295427,-0.37930727947729076,0.635589912243257,0.0,-0.40150300415242285,0.0,-0.9821058866995539,0.7802088986645819,1.2239785247312902,0.01624457751640756
CDMS-11-5A-EAARCA-CorrEtiq.txt,0.0,0.0,0.0,2.861088946614711,-0.6214456806081406,-0.7145966428022812,-0.638874100917415,0.32848067240683365,0.0,0.03648479673018449,0.0,-0.21452447982869033,0.2861737911861726,0.40603094476503115,0.11861512605615658
CDMS-11-5A-MGTHAR-CorrEtiq.txt,0.0,0.0,0.0,3.6303406196892474,0.046159581041759476,-0.5822033695380217,-0.4188328321177924,-0.0823881123738079,0.0,-0.5039793060343002,0.0,-1.0160338299818241,0.7303978269200753,0.9742428523168741,-0.6363971044056413
CDMS-11-6A-DFVEBE-CorrEtiq.txt,0.0,0.0,0.0,0.9339551016200581,-0.5430273546222653,0.6183075795241919,-0.5492594806055365,-0.4956848381603743,0.0,0.0031584512201479134,0.0,-0.3409900543513121,0.2396195835035258,0.2530658216602486,-0.36589308629382616
CDMS-11-6A-NMREPR-CorrEtiq.txt,0.0,0.0,0.0,3.275597632417857,-0.6043294926653502,-0.7780223254084906,-0.6081738356010432,-0.35152759855549587,0.0,0.0868019534980486,0.0,-0.21700329337135846,0.06153357669616353,0.09058105571903048,-0.293947229629062
CDMS-11-6B-ARAHE-CorrEtiq.txt,0.0,0.0,0.0,2.889810825648625,-0.7277519450978327,0.1582460343166435,-0.7310339800843657,-0.21067167605209,0.0,-0.06818445662275568,0.0,-0.6346802472878068,0.24956366500084343,0.44313573585566635,-0.47261566867247845
CDMS-11-6B-AVROTO-CorrEtiq.txt,0.0,0.0,0.0,2.4553961347608118,-0.5080235358290166,-0.7083944383664257,-0.5152617215397169,0.12452922923583352,0.0,-0.09355617046253477,0.0,-0.05595535945892207,0.24429502977045586,0.25227344326035056,0.27941804494968026
CDMS-11-6B-EAFESA-CorrEtiq.txt,0.0,0.0,0.0,3.386543008116736,0.06922126458463142,-0.30514095650801604,-0.09612758770729003,0.2336619908937789,0.0,0.008670443356841646,0.0,-0.9469879422153827,0.35547792105329395,0.568333807684871,-0.16353307217768104
CDMS-11-6B-EFRGR-CorrEtiq.txt,0.0,0.0,0.0,3.863333113533516,-0.5777124794906329,-0.38503092764674196,-0.7709623450184001,1.7496994953100622,0.0,-0.15213830560207678,0.0,-0.8940280247436483,0.617487236159461,0.976454826023102,-0.1804843428428031
CDMS-11-6B-EROCO-CorrEtiq.txt,0.0,0.0,0.0,2.7194719781267174,-0.18029726882205097,-0.6422474941811501,-0.36636126312931233,0.6138089995851091,0.0,0.04283984944970427,0.0,-0.34563791952943523,0.2536302100112466,0.334111007784353,-0.2529189369222276
CDMS-11-6B-JACUPE-CorrEtiq.txt,0.0,0.0,0.0,2.1507151829929794,0.4279868022476328,0.5485646941851433,0.02702721031355761,-0.14969056917833945,0.0,-0.7139647013424987,0.0,-1.4199031504575312,1.0321005388820566,1.4539852224193226,-0.3486009447041523
CDMS-11-6B-JDCHBA-CorrEtiq.txt,0.0,0.0,0.0,2.8177209745363703,1.1097649195145747,0.021085890687022026,0.37991277318069555,-0.1731396463814588,0.0,-0.632693794062163,0.0,-1.4501400334974945,0.9702607020071653,1.3256968026032272,-0.2923486901034119
CDMS-11-6B-JFSAHE-CorrEtiq.txt,0.0,0.0,0.0,2.0964905471881647,0.040684008940945156,-0.7424593853805128,0.05439257724065538,0.05799768158040175,0.0,0.11558715235856566,0.0,-0.21582615013450818,-0.056172891312506724,-0.0025685419957580773,-0.41720856852534705
CDMS-11-6B-JLPENA-CorrEtiq.txt,0.0,0.0,0.0,1.3798073251460328,0.4565840708791615,-0.1436796482320332,0.2189612994067014,0.47015376321049224,0.0,-0.3941575686569493,0.0,-0.6763707854788481,0.8869959030581483,0.9490796546928373,0.20740603528702706
CDMS-11-6B-JMARME-CorrEtiq.txt,0.0,0.0,0.0,2.78845812782017,0.3853942155140909,-0.7515125058792883,-0.06996795230136217,0.4225455536847497,0.0,-0.06339445103850898,0.0,-0.5086276890621416,0.34174977575699506,0.559650489276237,-0.04500800715155976
CDMS-11-6B-JPSAMA-CorrEtiq.txt,0.0,0.0,0.0,2.9126257346608098,0.1482725222105248,-0.41095316227769785,-0.13621586671184038,-0.30002127652712085,0.0,0.07919650187337718,0.0,-0.6482710321087711,0.15022308934375256,0.21514523627213702,-0.26478286558458414
CDMS-11-6B-LESTA-CorrEtiq.txt,0.0,0.0,0.0,2.450187151807751,-0.18696748982441605,-0.5508846212073,-0.4930183969571245,0.2745660517470117,0.0,0.04623026704761908,0.0,-0.2571384731010437,0.3626967289018492,0.36283767413316625,-0.28278092673392075
CDMS-11-6B-MAGIMU-CorrEtiq.txt,0.0,0.0,0.0,2.8652014987403684,-0.06689146977428136,-0.8602990688106106,-0.25402926602309084,0.8207984393882309,0.0,-0.009365609561224727,0.0,-0.4640576773896479,0.20357386183460294,0.31499657367450545,-0.009305334496450617
CDMS-11-6B-MEBRTA-CorrEtiq.txt,0.0,0.0,0.0,1.8151018537256218,0.5785889225606784,-0.0579297506279305,0.23537661395833948,-0.4347510463145613,0.0,-0.18128868737455145,0.0,-0.979490544059194,0.6265557098788674,0.8818565931439298,-0.4807144198116419
CDMS-11-6B-MMAMO-CorrEtiq.txt,0.0,0.0,0.0,1.5387833950714107,-0.3118090533002079,-0.2435099199386064,-0.2977699885725461,-0.22890761488555003,0.0,-0.08067991537873793,0.0,-0.13856472121326951,0.07514598709954204,0.09392222323889808,-0.33559101689082743
CDMS-11-6B-RSECA-CorrEtiq.txt,0.0,0.0,0.0,2.2697867566641015,0.3200098329123924,-0.7104318867202202,-0.09585085179994313,-0.08178063951992211,0.0,0.16337378825221388,0.0,-0.3748025308401827,-0.11497637667324676,-0.044478164729803336,-0.16905530851036749
CDMS-11-6B-SCAPA-CorrEtiq.txt,0.0,0.0,0.0,2.3402465421887264,-0.8332460089759378,-0.7780154916235751,-0.8475509839372817,0.04155414389793324,0.0,0.24907456201755643,0.0,0.3373706455933094,-0.21046737517307829,-0.21628025212879318,-0.6085382596144095
CDMS-11-6B-VZAPE-CorrEtiq.txt,0.0,0.0,0.0,3.3137277643901957,0.594874787081071,-0.3107819401716816,0.06786504080286888,-0.4782294503908474,0.0,-0.0868506331121273,0.0,-1.2130999029738878,0.4783104708011908,0.7281639457904096,-0.5047307977062159
CDMS-11-6B-YLNIME-CorrEtiq.txt,0.0,0.0,0.0,1.6924411828454198,-0.29313254614415907,-0.7905539516811483,-0.3203893193238413,-0.1547484981756307,0.0,0.11994894963688907,0.0,0.18544269324912374,-0.12125385700004707,-0.12149953875107586,-0.4757090955942997
CDMS-11-7C-ICARE-CorrEtiq.txt,0.0,0.0,0.0,3.287674661604991,0.15919968916654514,-0.6538889174923745,-0.09772511192313423,0.34538968209077686,0.0,-0.646406443306025,0.0,-0.8600906549163854,0.8756049961754464,1.01944161886777,-0.16462909074811238
CDMS-11-7C-IMOIB-CorrEtiq.txt,0.0,0.0,0.0,2.1574244775730924,0.2201578875313342,-0.2055033056140125,0.062078115909636904,0.1832763335484494,0.0,-0.15777189225287183,0.0,-0.6525532823455713,0.27685551208750786,0.4175942895077668,-0.1696277761646685
CDMS-11-7C-SALMA-CorrEtiq.txt,0.0,0.0,0.0,4.360410011161721,-0.1202096419985483,-0.8529710152799184,-0.398938793056033,0.16297128097281122,0.0,-0.21813887591925063,0.0,-0.7439159893755437,0.6141759203747271,0.8166933418411686,-0.17768291733216268
CDMS-11-7C-SPGAVE-CorrEtiq.txt,0.0,0.0,0.0,3.2038205400452258,0.08822819938954751,0.5824409469166001,-0.044365199698275924,-0.1374686885940231,0.0,-0.7993958772475181,0.0,-1.403952873638509,1.0974152799943897,1.3477964283816894,-0.2196623481342118
CDMS-12-5A-SRIGO-CorrEtiq.txt,0.0,0.0,0.0,2.970759103695957,-0.17858948879512118,-0.36887849222407754,-0.26266775007184884,-0.1588500945676592,0.0,0.09529695046626491,0.0,-0.49682915599472127,0.044403644140178486,0.0470608007888273,-0.4089361216532823
CDMS-12-6A-FAROPA-CorrEtiq.txt,0.0,0.0,0.0,1.0835304725874908,-0.39511848190021687,-0.13934361648036886,-0.38906908805487744,-0.4947372387823063,0.0,0.3080655345421027,0.0,-0.016972702954023897,-0.34494700150386876,-0.2842709591254485,-0.5688579259297798
CDMS-12-6A-JGIGA-CorrEtiq.txt,0.0,0.0,0.0,1.9140469154660986,0.35198586880061644,-0.6054447835839113,0.027189726083516157,-0.4875578478807415,0.0,0.01751614644204423,0.0,-0.469594445830273,0.02603873989887857,-0.014727973425999718,-0.9005135247021706
CDMS-12-6A-JSOTGU-CorrEtiq.txt,0.0,0.0,0.0,2.7344123398495137,-0.6239259844441615,-0.598090369383567,-0.6991277652560239,0.5026037375954199,0.0,-0.1851681541677229,0.0,-0.29199123749874645,0.4602019331397631,0.5738878988302223,-0.07848552014842886
CDMS-12-6A-SROAL-CorrEtiq.txt,0.0,0.0,0.0,1.853377324956533,-0.1800040970566898,-0.42358035393104837,-0.3227518551366747,-0.11029740848880501,0.0,-0.035518658810005765,0.0,-0.2823498436462761,0.08443689818321604,0.23472994740487238,-0.1389868594346569
CDMS-12-6B-IJDAGA-CorrEtiq.txt,0.0,0.0,0.0,2.1619514453932167,-0.1415767247885684,0.8565965300841153,-0.2019537440628976,0.45102717914444695,0.0,-0.5874687679755821,0.0,-1.3419322233999171,1.03488913984791,1.3929768232489363,-0.3735398802372543
CDMS-12-6B-SCLAG-CorrEtiq.txt,0.0,0.0,0.0,2.8525547050099562,0.3522275787722331,-0.011935349750334204,-0.016577451398059592,0.41711923981601434,0.0,-0.35406751639199924,0.0,-1.000325103003502,0.5659066980780403,0.8204986831495935,-0.11095844358688671
CDMS-12-7C-ARAHE-CorrEtiq.txt,0.0,0.0,0.0,1.8557206073367638,0.2552407443969592,-0.9710790731897027,0.1537513682696377,0.4420536764909848,0.0,0.24940570334230824,0.0,-0.17361182808008585,-0.010270389806347771,-0.00030435381375124525,-0.01978063513090781
CDMS-12-7C-CATRAR-CorrEtiq.txt,0.0,0.0,0.0,2.7832646121758273,-0.1731219366644519,-0.7809434822907794,-0.212434971027831,0.41791059571365663,0.0,0.15873328426701372,0.0,-0.391309772012296,0.05358234340956496,0.13735962853752104,-0.11821176996304796
CDMS-12-7C-DLOLO-CorrEtiq.txt,0.0,0.0,0.0,3.171207000758296,-0.8543192666985552,-0.6901871357507192,-0.9133110268670034,0.2891466521241666,0.0,-0.07105891609401198,0.0,-0.09339287608198255,0.17388555103549758,0.22042273473047375,0.22932976139627734
CDMS-12-7C-JSZAOR-CorrEtiq.txt,0.0,0.0,0.0,0.8162207240113326,0.09053593250914574,-0.44710280944392916,-0.07704637996186559,-0.03760182104496848,0.0,0.21764571150373616,0.0,0.06209820576786727,-0.28413456562887107,-0.18354506592727873,-0.10035586927691008
CDMS-12-7C-MAROBE-CorrEtiq.txt,0.0,0.0,0.0,2.0932267978211603,0.2793684696852601,-0.7219884736246623,0.10206868398117125,-0.02022122002567584,0.0,0.0540378894053102,0.0,-0.34761091481039663,-0.03506941502571285,0.0155087154993562,0.024510528433941196
CDMS-12-7C-VMAPA-CorrEtiq.txt,0.0,0.0,0.0,2.617471899490742,0.5126196989113859,-0.9083185857929915,-0.21131270520138445,-0.39390292439972197,0.0,0.1590543752149397,0.0,-0.31837527110921665,-0.10257061967115248,-0.0957867659823315,-0.39366637355074097
CDMS-12-7C-VQURA-CorrEtiq.txt,0.0,0.0,0.0,3.460798049472338,0.040941363054470804,-0.7654224764940857,-0.1624463790331437,0.6888178003810765,0.0,-0.6118683915447566,0.0,-0.6578773249492287,0.6279366404340951,0.722934105125621,0.04212987188281753
CDMS-13-6B-ASUMO-CorrEtiq.txt,0.0,0.0,0.0,0.9263135762842137,0.19143597255751132,-0.09941814097975124,0.21629208461639263,1.1170811166616668,0.0,-0.31997539903025796,0.0,-0.44878462433119537,0.4482059600457502,0.4836197656483681,0.3385493852256991
CDMS-13-6B-JDTAHE-CorrEtiq.txt,0.0,0.0,0.0,2.9318316500425867,-0.2612279105345846,-0.1560781847874852,-0.414537433249747,0.661592511374131,0.0,-0.1890130211969336,0.0,-0.6643349383008604,0.34906595885729547,0.6128767911328581,0.2640748446390993
CDMS-13-7C-MVEAR-CorrEtiq.txt,0.0,0.0,0.0,2.327180869168128,-0.5874501472526027,0.5636723377777945,-0.7708321764624833,0.0055834172384936955,0.0,-0.1226153408995967,0.0,-0.7298240083480524,0.24727909861869282,0.4184254487355254,-0.30368114083769215
CDMS-13-7C-RAIZAC-CorrEtiq.txt,0.0,0.0,0.0,2.4376920945001914,1.47253048020856,-0.46818887339448045,0.6436819400308468,-0.45359237444033734,0.0,0.2259592575512532,0.0,-1.0179122088945998,0.3142097127858841,0.4471568942482476,-0.45247122374140064
CDMS-13-7C-SSOSLO-CorrEtiq.txt,0.0,0.0,0.0,2.4727053530294767,-0.47590835928126934,-0.06552127065242712,-0.5547162541100759,0.6472052520420123,0.0,-0.2421949225345888,0.0,-0.6532903926455899,0.5080245867669788,0.7263314226152668,0.013461056631715852
CDMS-14-10A-IMORTO-CorrEtiq.txt,0.0,0.0,0.0,3.101639827903282,0.4456550534338374,-0.713506344979188,0.12102065151295889,0.1779681175988601,0.0,-0.25587587104258863,0.0,-0.7853060985239395,0.7368287473220884,0.9893621196866705,-0.17243887182801507
CDMS-14-10A-JCVANI-CorrEtiq.txt,0.0,0.0,0.0,1.7538866806935653,0.12796697299024357,-0.510443219037111,0.022794954168507554,-0.35257662252873895,0.0,-0.1298737575104064,0.0,-0.28722077503281074,0.21262643190358524,0.29825931996991273,-0.28564462459516066
CDMS-14-5A-LSDUCO-CorrEtiq.txt,0.0,0.0,0.0,2.7162500215450223,0.6078182634052592,-0.6899063406991572,-0.019856958728560536,0.5592760569712893,0.0,-0.03293458277298239,0.0,-0.7157440191029265,0.44874881724285764,0.6998920754824006,-0.06137028799974922
CDMS-14-6B-KDCAHE-CorrEtiq.txt,0.0,0.0,0.0,2.6732450813709154,0.6459275508339032,-0.10161679386477146,0.15043083236827198,0.3104552178507061,0.0,-0.48699557371455837,0.0,-1.1662682001937317,0.7690952144753407,1.2061952549908814,-0.01919863448467233
CDMS-15-10A-AMALOS-CorrEtiq.txt,0.0,0.0,0.0,2.0106463338332605,0.6313057270928818,0.15119435703975645,0.2590771692233543,-0.3935762627825885,0.0,-0.147595023694952,0.0,-1.1593051230022686,0.20074610636101065,0.46431556235187577,-0.5960690591336254
CDMS-15-10A-JJMACH-CorrEtiq.txt,0.0,0.0,0.0,1.7105200621203491,-0.09067203505017436,-0.31949981837300206,-0.24844047663216717,0.21547170779610586,0.0,-0.13238228638080757,0.0,-0.23393207975295405,0.23805851998896543,0.3420617687201541,-0.06999089987494823
CDMS-15-10A-MAALCA-CorrEtiq.txt,0.0,0.0,0.0,1.5478347634938399,0.23456351465407202,-0.3738103883443592,0.043142881445313794,0.16932268390050254,0.0,0.05761317714201768,0.0,-0.3175074487819312,0.049038434067573834,0.18372919117965575,0.15887008576539982
CDMS-15-10A-MAALRI-CorrEtiq.txt,0.0,0.0,0.0,2.6711722802706594,0.8350574897310106,-0.4534171165355776,0.554654123694293,-0.4263239952170543,0.0,-0.20775343113558598,0.0,-1.028972079027319,0.5793068600492415,0.6985612885583503,-0.4969870296871711
CDMS-15-10A-SGOMO-CorrEtiq.txt,0.0,0.0,0.0,2.5357388500505786,-0.5194823623605541,-0.5212882304354359,-0.5213322555636241,0.4895495776586552,0.0,0.034542355204003214,0.0,-0.1428076221657507,0.14429712577893844,0.21694694286894267,0.14144531339037655
CDMS-15-10A-SHEGA-CorrEtiq.txt,0.0,0.0,0.0,1.4263709121214516,-0.0647882850102333,-0.7302742329063424,-0.05956708966710063,1.4423079666041017,0.0,-0.22607093176216783,0.0,0.07819131345629403,0.2080868732763564,0.2888750357276442,0.6600864383425454
CDMS-15-11B-JEMOLO-CorrEtiq.txt,0.0,0.0,0.0,3.235803311071293,0.042840080012365715,-0.2837289633310148,-0.18266343670045046,0.08752456066463196,0.0,-0.37439328529264426,0.0,-0.8770443631582765,0.5910078440365227,0.8589486298948189,-0.24129441125283038
CDMS-15-11B-VSAHO-CorrEtiq.txt,0.0,0.0,0.0,3.223148238236027,-0.08910280445608941,-0.458492758084264,-0.3810557468824257,-0.20556445204065318,0.0,-0.24010004272370913,0.0,-0.6147343932049162,0.41845234732869496,0.5644603732943017,-0.37358355820535005
CDMS-16-10A-SGALO-CorrEtiq.txt,0.0,0.0,0.0,2.7302474391715243,0.10420537492110624,-0.5394185668544954,-0.08743288147721623,0.5930650078004539,0.0,-0.05268310939575583,0.0,-0.4543527044760794,0.48572000616082484,0.691655107674184,0.3181506353939558
CDMS-16-11B-NGABE-CorrEtiq.txt,0.0,0.0,0.0,1.9261270884783672,0.299485278112078,-0.5677307052689203,0.13489143239699192,-0.2963565793003171,0.0,-0.020155865674118676,0.0,-0.3492344888759625,0.02714038534025281,0.07221646030454466,-0.34637295780850447
CDMS-17-10A-ASSAMO-CorrEtiq.txt,0.0,0.0,0.0,2.148564172773491,-0.4182893962763442,-0.6937649659906286,-0.41310400868717456,0.44785324024599255,0.0,-0.021477054237059492,0.0,0.1451376772337157,0.10892020646996976,0.08328215117015601,0.16643168676988102
CDMS-18-7C-VVECA-CorrEtiq.txt,0.0,0.0,0.0,2.4647967835265443,-0.04794257307929093,-0.761367002897293,-0.1451553831263204,0.5481267040309923,0.0,-0.12728051230254625,0.0,-0.4418876494162997,0.20095052410335085,0.3491959253676205,0.0929828355765641
CDMS-8-4A-DBEVA-CorrEtiq.txt,0.0,0.0,0.0,2.2045427174805576,-0.06209485051658356,-0.30936986738008865,-0.46067898448614253,0.8821646166288772,0.0,-0.14650424440782522,0.0,-0.479305455425445,0.409271549562151,0.5235480345954611,-0.30583483382410664
CDMS-8-4A-DJAVDA-CorrEtiq.txt,0.0,0.0,0.0,1.7745290335689077,0.10677083105696238,0.547534957000043,-0.22476050347609736,0.12930619778383304,0.0,-0.3638256680895501,0.0,-1.175621605141551,0.6754590336654277,0.776391540302094,-0.6139211004756298
CDMS-8-4A-DOSTR-CorrEtiq.txt,0.0,0.0,0.0,2.9579085864543937,0.02575721216680098,-0.1951059965774149,-0.21467841803154694,0.7270359492832379,0.0,-0.24861555136668415,0.0,-0.843651351943509,0.483695069856706,0.6827480047376316,-0.20555906449649486
CDMS-8-4A-LGOPA-CorrEtiq.txt,0.0,0.0,0.0,2.9624479913579673,0.5629537824517143,-0.5308440061135734,-0.008740395221563961,1.1184615083605483,0.0,-0.7071706549846952,0.0,-1.0885684229889023,1.0904682999491946,1.4330086388542504,0.4041703309394164
CDMS-8-4C-JDBUTU-CorrEtiq.txt,0.0,0.0,0.0,2.9589947419903435,0.8843001779850217,0.461909136662506,0.01928694648480772,-0.2805737657264295,0.0,-0.4453381612416954,0.0,-1.3971769679732897,0.8635167359588489,1.1845546712695785,-0.4876512072843067
CDMS-9-4A-ACDUTR-CorrEtiq.txt,0.0,0.0,0.0,1.7805745348206183,-0.45804453053945465,-0.22311380371559203,-0.5416164617575318,0.2044564759309378,0.0,-0.08736780330237602,0.0,-0.2620623627007903,0.15349868700728259,0.20016667240479735,-0.21498109099530613
CDMS-9-4A-CARGA-CorrEtiq.txt,0.0,0.0,0.0,2.718202634644492,-0.5069297361075257,-0.33872834483411696,-0.6622874987199301,0.3758525518549149,0.0,0.01778197004780587,0.0,-0.25106312406726855,0.18467399123859637,0.23924094605399093,0.11875723431534588
CDMS-9-4A-CRAAG-CorrEtiq.txt,0.0,0.0,0.0,2.653826916388175,0.404402839453879,-0.4152199132419839,-0.4090180169813056,1.2838113318666273,0.0,-0.2604541148628612,0.0,-0.6459961624753802,0.45444613499858516,0.6668341761341846,0.01892774628568204
CDMS-9-4A-EROHI-CorrEtiq.txt,0.0,0.0,0.0,3.3296901297760697,-0.4249818802387282,0.11178611825029697,-0.5865894360178884,0.17469550399070635,0.0,-0.06759001866793184,0.0,-0.8889968801193069,0.734946296107423,0.967214516112826,0.02228306892903152
CDMS-9-4A-ILOSE-CorrEtiq.txt,0.0,0.0,0.0,2.9465189935232905,-0.6158385031419451,-0.9860702270697179,-0.6766683806895392,0.7897692159310795,0.0,0.09313189353302233,0.0,-0.12327072324200922,0.020762763064264212,0.15561729304667857,-0.48440707820214546
CDMS-9-4A-TGAFR-CorrEtiq.txt,0.0,0.0,0.0,3.051851705288555,0.09520061321567592,-0.8849575581768622,-0.2372359464901577,0.9469614081183834,0.0,0.012443352302662487,0.0,-0.6599999074954674,0.20492773277111945,0.2773079636871431,-0.22446362476915566
CDMS-9-4C-SCAMO-CorrEtiq.txt,0.0,0.0,0.0,2.314645895835609,-0.39491451886660756,-0.1448923228007767,-0.39756433261973795,0.04907936140429844,0.0,0.19260478726987945,0.0,-0.2819073971630082,0.024917396382917997,0.04972110589807851,-0.07707800883972486
CDMS-9-5A-ABERO-CorrEtiq.txt,0.0,0.0,0.0,3.435095058469468,0.26004078635612643,0.0728670625460007,-0.18898671411696627,-0.32667967181532975,0.0,-0.28003829210436093,0.0,-1.297181549457927,0.6883156236345442,0.9713715294204026,-0.5891762295661682
CDMS-9-5A-PAGACO-CorrEtiq.txt,0.0,0.0,0.0,2.3880452532207324,0.3114015050035419,-0.3194483508122918,0.06363708585960233,0.3770607757990276,0.0,-0.16346501671208183,0.0,-0.7791572910763279,0.5722048363916892,0.8708921056505106,-0.22218143673922272
CDMS-9-5A-VVAAR-CorrEtiq.txt,0.0,0.0,0.0,1.9202715170103262,0.08151964863254636,-0.6663153900247202,-0.0529481609000407,0.006137737518230062,0.0,0.09809889248370933,0.0,-0.48220298612479207,0.12527779222908383,0.22458745852407913,-0.11364511498419634
CDMS-9-5C-JDMADE-CorrEtiq.txt,0.0,0.0,0.0,3.180571831541705,0.6064278782025332,0.9022034233758622,0.06463574989098761,-0.18488938935467156,0.0,-1.330084222056789,0.0,-1.9667879462869562,2.008700398309485,2.4639157733281967,-0.4012090624578945
CDMS-9-5C-LVIZAC-CorrEtiq.txt,0.0,0.0,0.0,3.084541110359239,-0.334806218942057,-0.42533812855686803,-0.44194337085978846,1.4382786173424933,0.0,-0.5491642700968109,0.0,-0.6323199609396045,0.8615848981492985,0.9657980779986424,0.04527155490627272
CDMS-9-5C-MLOGO-CorrEtiq.txt,0.0,0.0,0.0,2.732324950026261,-0.4238849238106823,-0.22256777399058708,-0.6470634965395039,1.316356036149809,0.0,-0.2543828733661709,0.0,-0.5275992987890074,0.5088348087698853,0.7102313124128995,0.7647861851073423
CDMS-9-5C-SCAAG-CorrEtiq.txt,0.0,0.0,0.0,2.6123951201069433,-0.23379332976260336,-0.408924899028112,-0.34594110755078683,0.37780019388366115,0.0,0.00945724767256667,0.0,-0.5142457571839133,0.27677712022496015,0.4381280477267778,0.019054630060712393
CDMS-XX-10A-VGILO-CorrEtiq.txt,0.0,0.0,0.0,2.3494024231862807,-0.6866989818523523,0.5346318825313846,-0.6869108663914294,-0.027830782995068082,0.0,-0.113459118704069,0.0,-0.7207325390881377,0.3824287364922041,0.5567016517008441,-0.26506723678678773
CDMS-XX-5C-MJSARU-CorrEtiq.txt,0.0,0.0,0.0,1.1938554470341285,0.3528754427268835,-0.5947602762031414,0.29132063148677756,-0.011521196630581473,0.0,0.08657944930372345,0.0,-0.25397519961850346,-0.03480117387960744,0.07640481194769583,-0.10685209296210138
CDMS-XX-5C-MPCAQU-CorrEtiq.txt,0.0,0.0,0.0,2.217408687920709,-0.42511973367689165,-0.9193577909151378,-0.5261852181906531,0.864439604130857,0.0,-0.027159146490730736,0.0,0.03709101232158621,0.12080722327910276,0.21674491171593746,0.23985679583780622
CDMS-XX-6A-MAGICA-CorrEtiq.txt,0.0,0.0,0.0,1.9343436469706494,-0.20797610053058535,-0.5777358077275608,-0.29086338929824174,-0.0703947174960651,0.0,0.044325693851526814,0.0,-0.03361419403147285,0.004633184018494994,0.07371160846457156,-0.17495822182724
CDMS-XX-6B-SPUCA-CorrEtiq.txt,0.0,0.0,0.0,1.74873879013242,1.0663692762480157,-0.8231165447226472,0.464412373419176,0.011999748505527544,0.0,0.025420362630768405,0.0,-0.510241556009083,0.18492096194552574,0.3058789373502189,-0.08133742572677093
CSO-10-4A-ICAPA-CorrEtiq.txt,0.0,0.0,0.0,2.6139513543428174,0.08786154371914404,-0.8484411735227045,-0.23719610727098117,-0.0767279083731148,0.0,-0.030675760987180594,0.0,-0.3921901352960039,0.26881890202575387,0.3425899944160491,0.018892859846091695
CSO-10-4A-KCOMO-CorrEtiq.txt,0.0,0.0,0.0,2.793275671443097,0.25112706698800424,-0.528500579937291,-0.02524482472187075,-0.16765605628159067,0.0,-0.360102924689972,0.0,-0.950596048620376,0.5850094740027985,0.7663599907196565,-0.29601924355919285
CSO-10-4A-LRAVI-CorrEtiq.txt,0.0,0.0,0.0,1.9214169380332362,0.11037628460579833,-1.243230439175299,-0.07437967820100422,0.2601740294698704,0.0,-0.07663069396339642,0.0,-0.2134345227152508,-0.026106268959258546,0.013022893180767301,-0.05787372234706325
CSO-10-4A-LSCAVA-CorrEtiq.txt,0.0,0.0,0.0,4.0249355047241515,1.7139693446386153,-0.6284709950667898,0.5668251575556825,0.24051354085794185,0.0,-0.4804807893981203,0.0,-1.4315065021937525,0.8967530698408019,1.1850201144222805,0.02942971734541304
CSO-10-5A-ACAVA-CorrEtiq.txt,0.0,0.0,0.0,2.0591666553638315,-0.28226864136303387,0.4679851866295246,-0.3538578198782633,0.2104046914304662,0.0,-0.20811236749308207,0.0,-0.887198776790125,0.5448889453020657,0.7065036893436057,-0.19017566906166267
CSO-10-5A-ARACA-CorrEtiq.txt,0.0,0.0,0.0,3.173842519349047,-0.7630391963346236,0.32224840163489926,-0.8647317584251455,-0.4956788009949551,0.0,-0.6006481810731615,0.0,-0.8847262188636296,0.5748392045384721,0.817730570323037,-0.5591752885713407
CSO-10-5A-DABRZA-CorrEtiq.txt,0.0,0.0,0.0,3.232843033912701,0.12331400470836205,-0.5768128754653093,-0.24079742338248858,0.12170587338559516,0.0,-0.4950219833859519,0.0,-1.0020589205841262,0.9513768409135944,1.1125355929162277,-0.3566378574024285
CSO-10-5A-GZAMA-CorrEtiq.txt,0.0,0.0,0.0,2.433923216665963,-0.049505923141099195,-0.6843735993491916,-0.23222779790656878,0.4156291028822575,0.0,0.08073638315054339,0.0,-0.34780759047709914,0.20770220024614053,0.36450571637540646,0.24708546169261938
CSO-10-5A-IPECA-CorrEtiq.txt,0.0,0.0,0.0,1.9237994516396888,-0.29120213158112707,-0.6705104470427727,-0.3980343781020492,0.8499909721528469,0.0,-0.04115559637350664,0.0,-0.05211667377309812,0.1233429234490726,0.18854825457137347,0.275623487019188
CSO-10-5A-JANORO-CorrEtiq.txt,0.0,0.0,0.0,2.6469712252380866,0.4672000498148659,-0.593698180277948,0.14008685763737516,0.3234314956284251,0.0,-0.028044905244989527,0.0,-0.6901983577901704,0.14307137956435656,0.35416918840476563,-0.0035453813342902984
CSO-10-5A-JBUVE-CorrEtiq.txt,0.0,0.0,0.0,2.917276025395589,0.03717191289549623,-0.026165082265466343,-0.16669395544745902,1.1266839850239365,0.0,-0.1386880659157786,0.0,-0.9940413028094993,0.28784042842048135,0.5116930392249401,-0.08296040993033889
CSO-10-5A-JJSEMO-CorrEtiq.txt,0.0,0.0,0.0,3.1084393363526073,-0.38988812570067266,-0.8490157352644528,-0.6277819383900699,0.3331935549649529,0.0,-0.029752332785598846,0.0,-0.31247131584489946,-0.007282859272166611,0.178888312726241,-0.44809304895777635
CSO-10-5A-JLCARI-CorrEtiq.txt,0.0,0.0,0.0,2.4056842574173043,-0.07790769620288021,-0.3131192814318615,-0.290056533663049,-0.1229409211588873,0.0,-0.5774896944007544,0.0,-0.5075860348301129,0.5887111347342907,0.758250188808911,-0.08799029474890409
CSO-10-5A-MAARAN-CorrEtiq.txt,0.0,0.0,0.0,2.6888438764295723,-0.4207777330990135,-0.815476032774992,-0.6032092483162989,0.46923381046492585,0.0,0.10868237055848308,0.0,-0.16784469986503125,0.07106987069244201,0.08939303902661258,0.23475011092803277
CSO-10-5A-MAOSMO-CorrEtiq.txt,0.0,0.0,0.0,2.7252083156663245,-0.10562415373390587,-0.5617372190178774,-0.09793567441596814,-0.2512019745730407,0.0,0.04742433676142377,0.0,-0.4227341314066873,0.07458654164812795,0.1200557428286287,-0.2201323298380519
CSO-10-5A-RVMOIB-CorrEtiq.txt,0.0,0.0,0.0,1.8823356650049148,-0.2741755101484012,-0.4155845291671304,-0.34536448131657005,0.26778488046122323,0.0,-0.014374048491338668,0.0,-0.21367398510615207,0.019245040926477257,0.03674156362662767,-0.12870647285820624
CSO-10-5A-SVHEES-CorrEtiq.txt,0.0,0.0,0.0,1.7357096498156457,-0.3814453678262169,0.06666262491032933,-0.4323781983194835,0.21277002665851424,0.0,-0.10100259072036932,0.0,-0.4891915395344668,0.26383424639411174,0.33456367170069196,-0.12104209124560848
CSO-11-5A-MDVOSPE-CorrEtiq.txt,0.0,0.0,0.0,2.928380572754589,-0.29442797451275493,-0.5795531351011075,-0.43549337324702186,0.43838999973239784,0.0,0.05167684907188825,0.0,-0.38396047477331263,0.14170503235984688,0.22382201056225673,0.05613180057992848
CSO-11-5A-MTAGA-CorrEtiq.txt,0.0,0.0,0.0,2.3980158613506632,0.1320348235738838,0.16900578220460633,-0.17166787100668376,-0.12695939604603998,0.0,0.03288446142142166,0.0,-0.9107474070153045,0.3688067247093695,0.48872362372828215,-0.4180004553230784
CSO-11-6A-CAPAMU-CorrEtiq.txt,0.0,0.0,0.0,1.6386847685653876,-0.16088537263724764,-0.12375355655893022,-0.24159898533136706,0.6452055439013471,0.0,-0.23509947766513006,0.0,-0.32662232019715115,0.2561452850647196,0.26856822735106084,-0.029339410294732884
CSO-11-6A-DSCACH-CorrEtiq.txt,0.0,0.0,0.0,2.1759189940256305,-0.6597579993362337,-0.5778133794169867,-0.6848704781444269,-0.02006492372395139,0.0,0.16756585244674785,0.0,0.09741931208869428,-0.23527342977045002,-0.2127306685447317,-0.4116516420660682
CSO-11-6A-EROMO-CorrEtiq.txt,0.0,0.0,0.0,2.468449441648296,0.8440578841463342,-0.7642486833003529,0.6667975655072008,-0.1150397681841072,0.0,-0.06200957129921941,0.0,-1.0885481306448122,0.15833038608094158,0.45903714816196006,-0.5707528268713825
CSO-11-6A-FSOVRE-CorrEtiq.txt,0.0,0.0,0.0,2.8243227495547405,0.1135683126467626,-0.469980107772,-0.11379503585917049,0.702359539446557,0.0,-0.2720083797365144,0.0,-0.8096556952654681,0.4117356916884175,0.6644603364766344,-0.05685896201910437
CSO-11-6B-ANREVA-CorrEtiq.txt,0.0,0.0,0.0,2.3418132157703107,-0.39129037824696483,-0.6538706430650169,-0.4344542783954941,0.6057932085796948,0.0,0.08223468216454952,0.0,-0.1826309538683111,-0.10903095034947338,0.032040781929980465,0.03791790477199399
CSO-11-6B-DISEMO-CorrEtiq.txt,0.0,0.0,0.0,2.08121424432679,0.1017991162592998,-0.3786487000428268,-0.1563424778775886,0.08874354673367335,0.0,-0.23074559023044217,0.0,-0.44087042504786705,0.20509826049833108,0.37998844930936243,0.20486933199725427
CSO-11-6B-LHFDLACH-CorrEtiq.txt,0.0,0.0,0.0,3.741394836532873,0.5240039079523313,-0.15884142053348055,0.20157224864604706,1.1222541884398658,0.0,-0.7549439200364004,0.0,-1.8145743537057857,1.1366307710482604,1.6329910737074462,-0.17153703496836928
CSO-11-6B-RJGIHE-CorrEtiq.txt,0.0,0.0,0.0,1.652710077388855,0.024542243633618503,-0.27483852134023695,-0.3034304827536858,0.5887421226242269,0.0,-0.09738576990550665,0.0,-0.2368620185559329,0.37081865685301124,0.35451643186525794,0.13969668196598406
CSO-11-6B-SFLVA-CorrEtiq.txt,0.0,0.0,0.0,2.5064143819926534,0.45846116453403013,0.2774355966444185,-0.02308070410581648,0.8133541973048045,0.0,-0.5043486611758359,0.0,-1.326319045178016,0.8704554246781978,1.337952230889672,-0.026979306599091396
CSO-11-6B-VCOMA-CorrEtiq.txt,0.0,0.0,0.0,1.982802333012636,0.1714604422352675,-0.5104222443583949,0.08662277987177683,0.0752668374172938,0.0,-0.11255753673342248,0.0,-0.4696134977611566,0.31481063427825107,0.3830374038002638,-0.2641390265286763
CSO-12-6A-DGISE-CorrEtiq.txt,0.0,0.0,0.0,2.825359887443034,0.32168688003466883,0.8637029535674136,-0.08026060614257335,-0.039005012232446394,0.0,-0.5885743485531033,0.0,-1.5166155136538717,1.0684568821500793,1.3817288364889737,-0.10088497751665117
CSO-12-6A-FJOVRE-CorrEtiq.txt,0.0,0.0,0.0,1.8547411406132406,-0.025416298698544334,-0.08507794234720512,-0.14355723979543059,0.4583718651817729,0.0,-0.02463430621352512,0.0,-0.6300039048270794,0.12382884371769988,0.1420775288814617,-0.17759978939426052
CSO-12-6B-GQULO-CorrEtiq.txt,0.0,0.0,0.0,1.6931032958498617,0.04028060993661555,0.04412851114217597,-0.1099318916909666,-0.1725374959266006,0.0,-0.1771979906350401,0.0,-0.7432785085734932,0.5218865449680955,0.5827461088425221,-0.4233541740371972
CSO-12-6B-LJHEFE-CorrEtiq.txt,0.0,0.0,0.0,2.2830415909309183,0.3807614935584558,-0.3291299493615205,0.08276922080119883,0.2482250128507115,0.0,-0.33980028325589895,0.0,-0.6853842679293484,0.5588393226750675,0.8188973950070976,0.06276476567217792
CSO-12-6B-VPAMA-CorrEtiq.txt,0.0,0.0,0.0,1.8480117769708277,-0.5246878962560432,-0.4310129961966449,-0.5912227233078563,-0.6122421456807553,0.0,-0.05132245343732015,0.0,-0.4109998286900168,-0.3400030131197786,-0.4208918993899702,-0.4109194881949184
CSO-12-7A-DALRE-CorrEtiq.txt,0.0,0.0,0.0,3.6811399651877856,-0.4850888304081,-0.19741535877890073,-0.6306047240031543,1.0143489589930026,0.0,-0.6282599026014672,0.0,-1.075171504727155,0.8833857171614493,1.2920051983040415,0.13241811486210595
CSO-12-7A-ESALA-CorrEtiq.txt,0.0,0.0,0.0,2.404638059490457,-0.6627354992508656,-0.9915470976250635,-0.6952312471382371,0.3316724665680952,0.0,0.21991675931025356,0.0,0.2925641571525015,-0.3664715736593746,-0.46312231514032653,0.01144555542212231
CSO-12-7A-IMERO-CorrEtiq.txt,0.0,0.0,0.0,3.055015759422713,0.5281438212782025,-0.41293586167890506,0.04659647173769069,0.4849667457643771,0.0,-0.49651398831058174,0.0,-0.9548286274758244,0.8750233442861213,1.0655629431804499,-0.0362956083354505
CSO-12-7A-JHEZA-CorrEtiq.txt,0.0,0.0,0.0,3.5481043654534816,0.46825952986987335,0.05656446701427302,0.2113060114584888,0.8812319454393358,0.0,-0.8768697473076892,0.0,-1.4477593469599515,1.1532658150265682,1.6034669231675802,0.0950285974756425
CSO-12-7A-LSARAR-CorrEtiq.txt,0.0,0.0,0.0,2.976329980885091,0.13014951171157,-0.954525363056,-0.16652991623018332,-0.2883812325994328,0.0,-0.01304883488225021,0.0,-0.5824707089902842,0.010766701742457483,0.12714050228595933,-0.456593649064301
CSO-12-7A-SCAHO-CorrEtiq.txt,0.0,0.0,0.0,3.034903096602371,0.0460051566081608,-0.736939885362299,-0.3147609122312854,0.34772699497645815,0.0,-0.059740230622511846,0.0,-0.44041097627769377,0.22937369686283396,0.35375442362349185,0.01907772128815549
CSO-12-7B-DVAGRO-CorrEtiq.txt,0.0,0.0,0.0,2.224856625132398,0.21465409082690737,0.06558306741918883,-0.00904910536797292,0.3897182180172965,0.0,-0.5620166550089397,0.0,-0.870105866335744,0.9296704665980413,1.1910161983736498,0.015200238030087954
CSO-12-7B-SMUGU-CorrEtiq.txt,0.0,0.0,0.0,1.3426661016976957,-0.5206468274832194,-0.38387743589076095,-0.5188864011087447,0.6144895370179476,0.0,-0.0014974246296342124,0.0,0.09787333303467911,0.17910821187770287,0.12466222230235162,0.07657338627125065
CSO-12-7B-SSARA-CorrEtiq.txt,0.0,0.0,0.0,2.682081959450319,-0.06383407552980178,0.14873025021638242,-0.20799474269356338,-0.2362373305821456,0.0,0.22631935298818237,0.0,-0.8606765442999926,0.19150519797064494,0.31877965217049475,-0.5571371214813158
CSO-12-7B-VHOMA-CorrEtiq.txt,0.0,0.0,0.0,1.9903161476218747,-0.04688271525373411,0.010650949795959902,-0.14747422033421134,0.11323897113436755,0.0,-0.0019451845916393692,0.0,-0.5075732907404606,0.2297160653339362,0.3283277047957449,-0.014730088152761996
CSO-12-8A-YTOME-CorrEtiq.txt,0.0,0.0,0.0,2.0749034516009472,-0.035596972841189026,-0.641343203335322,-0.11031690704615983,-0.19022893949669645,0.0,0.1714964314508356,0.0,-0.20937468053015054,-0.0038388074464967056,0.11272676246501986,-0.26789573855995924
CSO-13-6A-ANASA-CorrEtiq.txt,0.0,0.0,0.0,1.9618335499317732,0.18580779078944604,-0.5461794530185479,0.06754186187088178,0.11201875599714463,0.0,0.1507777060381262,0.0,-0.3350978343767982,-0.013957821644292798,0.04756638021134067,-0.27988713989973024
CSO-13-6B-JETAVE-CorrEtiq.txt,0.0,0.0,0.0,2.839587575190801,-0.6261829546705191,-0.8412891515497049,-0.65608765919803,0.6296793862164524,0.0,0.07773079168275254,0.0,-0.1720920143160298,-0.05276432307068833,0.034577599382468974,0.0023363280906163347
CSO-13-6B-LFMIES-CorrEtiq.txt,0.0,0.0,0.0,0.6642311702832784,-0.30543837539652635,-0.36180490184008224,-0.408689702459226,0.023965925068861263,0.0,0.14540033669904,0.0,0.1957249649467179,-0.052773883887684676,-0.10385892013247273,0.046161704959593035
CSO-13-6B-LJMAHU-CorrEtiq.txt,0.0,0.0,0.0,3.49301937902554,0.7498970195950699,-0.6614024324933812,0.17599020406445506,-0.3898168667732632,0.0,-0.16094991546865264,0.0,-1.007167928292045,0.3740352212435947,0.5661261108295824,-0.5080582173197442
CSO-13-7A-CAPAMU-CorrEtiq.txt,0.0,0.0,0.0,2.0972017176382187,0.9820968776826614,-0.020493975317062003,0.48105506690980315,0.34081156091030146,0.0,-0.4131131003865659,0.0,-1.2417157637302842,0.8604642833138051,1.1984566850222371,-0.15099714979055523
CSO-13-7A-CDDITR-CorrEtiq.txt,0.0,0.0,0.0,2.5865201824862805,-0.1371106819537222,-0.511374259664877,-0.23910525033320515,-0.1037364221752389,0.0,-0.07415262898192383,0.0,-0.2861404899407338,0.25690070308623647,0.2532607405988186,-0.1427565258972144
CSO-13-7A-JJATFL-CorrEtiq.txt,0.0,0.0,0.0,1.7506859682292875,0.10970484639434132,-0.7317259158731036,-0.16582604337837037,0.0032272906279593536,0.0,0.28965845619547176,0.0,-0.21179848212027666,-0.3293670482176746,-0.2764715272737474,-0.47129251047450654
CSO-13-7A-KRAMA-CorrEtiq.txt,0.0,0.0,0.0,2.290946420400176,-0.22523743649797753,-0.5353132786651854,-0.38795604829545066,-0.5686453453024048,0.0,0.2458386568842703,0.0,-0.27795485838366846,-0.3457885077064046,-0.362812897719653,-0.45531609505938825
CSO-13-7A-RXCHLU-CorrEtiq.txt,0.0,0.0,0.0,1.430272256650698,-0.21940791114571162,-0.8176366391915046,-0.379593552034529,-0.15944734837858832,0.0,0.2634624368229818,0.0,0.3875529362786875,-0.29778966897347064,-0.21432564036155233,-0.10560725305748576
CSO-13-7A-YAMEZA-CorrEtiq.txt,0.0,0.0,0.0,1.8555411833896251,0.268571384140643,-0.18404825943106787,0.23033136477715674,-0.025195695671445143,0.0,-0.003033199408043836,0.0,-0.6312472643448417,0.24613114068617153,0.29227535124593634,-0.203714348783506
CSO-13-7A-YBOSO-CorrEtiq.txt,0.0,0.0,0.0,0.3947522369975123,-0.5355676950094415,0.08647231954596263,-0.573264474078569,0.7579612661176676,0.0,0.09678828760192155,0.0,0.10737265448810625,-0.43284471230527954,-0.6044763263604582,0.18627483824689006
CSO-13-8A-KIGAGU-CorrEtiq.txt,0.0,0.0,0.0,2.296905533956863,-0.05371278363850196,0.5477158582649434,-0.22130194488224375,0.13100035935682636,0.0,-0.07811605302602692,0.0,-1.124491396712814,0.4232397219510867,0.5447732227499986,-0.23873496464334945
CSO-13-8A-MBUAN-CorrEtiq.txt,0.0,0.0,0.0,3.5567860218169107,0.42300262497533325,-0.14787422285897034,-0.01830699781282605,0.030677416345292075,0.0,-0.24813025058271107,0.0,-1.1021824769200843,0.5493789988928011,0.7403816011937426,-0.30448070295683255
CSO-13-8A-MGAAN-CorrEtiq.txt,0.0,0.0,0.0,2.3448461664772924,0.48591616483559746,-0.25939182566245034,0.4060972433141132,-0.024266294804230655,0.0,-0.06631340019751987,0.0,-1.0036764467412735,0.31197709513743105,0.4848907257284756,-0.2961079403888927
CSO-13-8A-MGAHE-CorrEtiq.txt,0.0,0.0,0.0,3.216759232088648,-0.7388964597561354,-0.37713599356249145,-0.7439683731248224,0.41117487572432837,0.0,-0.08402266895775438,0.0,-0.3885595267077219,0.18097896483846246,0.2152601081927234,-0.3474923823428569
CSO-13-8A-MJAGA-CorrEtiq.txt,0.0,0.0,0.0,3.63280586715035,0.07894118520638434,0.7182841469673459,-0.1750880043158598,-0.10641256275223507,0.0,-0.5991120862314674,0.0,-1.6909385283751925,1.0692352580232638,1.5684096331239277,-0.45632405928488445
CSO-13-8A-VHODU-CorrEtiq.txt,0.0,0.0,0.0,1.6185593632587263,-0.2818321670296653,-0.3199888667412591,-0.31097253138397396,0.31889012386765375,0.0,0.13310385357440596,0.0,-0.11276027487170658,0.006184758932852636,0.01700302706732171,0.009815673994295716
CSO-13-8B-FCJISA-CorrEtiq.txt,0.0,0.0,0.0,1.911904314506214,0.2572805162757206,-0.606552529633016,-0.20920026510362597,0.7324419884164103,0.0,-0.2705886040563774,0.0,-0.1396168391949751,0.5140860163776477,0.6306058997775714,0.6044720839993168
CSO-13-8B-JEMABE-CorrEtiq.txt,0.0,0.0,0.0,3.5348221507303554,-0.3306272765817866,-0.6175818043646334,-0.5804050011264185,-0.3833464694885639,0.0,0.03961441740931244,0.0,-0.5808126782196529,0.03295306904050834,0.12979004736463612,-0.4624316080447773
CSO-13-9B-DMLLLU-CorrEtiq.txt,0.0,0.0,0.0,2.7986046940850904,-0.6559923291483295,-0.5662380978145359,-0.7132730682722005,0.729663909854126,0.0,-0.008508827601421461,0.0,-0.32188615583295543,0.27908077811139287,0.43967225361555085,-0.19744833000676348
CSO-14-7A-MVEBE-CorrEtiq.txt,0.0,0.0,0.0,0.5230072577777096,-0.4797864397554116,-0.49139987598296925,-0.48082803257500933,-0.16043515981877804,0.0,0.2945067266154036,0.0,0.5188600025685632,-0.41805212742313425,-0.6448483288858123,-0.025667266980492386
CSO-14-7B-EALHU-CorrEtiq.txt,0.0,0.0,0.0,3.2619573936583763,0.08624465366785836,-0.817778571666067,-0.22146437368940136,1.1432130519602284,0.0,-0.05564827452016948,0.0,-0.6859538610420552,0.3593992545911099,0.6049707271739275,-0.14087282913721044
CSO-14-7B-EVEGO-CorrEtiq.txt,0.0,0.0,0.0,2.8116030679608914,0.0784199654918543,-0.6182007228726064,-0.06626987979717566,0.5993238884950896,0.0,0.017831199336581866,0.0,-0.5026118679850641,0.1969947018131595,0.3047104910780462,-0.010898463949151005
CSO-14-8A-AQUMA-CorrEtiq.txt,0.0,0.0,0.0,1.974119522580179,0.532465571050528,-0.7570363591350514,0.052305631075905426,-0.07225548424928535,0.0,-0.01827204067104999,0.0,-0.3100071487572414,0.14975733048565773,0.25959777674351103,-0.19984998297489248
CSO-14-8A-MCIDOS-CorrEtiq.txt,0.0,0.0,0.0,3.0425582253788974,-0.1829712027320471,-0.4013644133988687,-0.3150616106458062,0.6417007214416042,0.0,-0.09503910707808624,0.0,-0.8336966849594499,0.27492574270662445,0.5458987457634632,0.09924527404728549
CSO-14-8A-SZARA-CorrEtiq.txt,0.0,0.0,0.0,2.0785603480055,0.09302754818222506,0.19558379583675034,0.10981763355603584,-0.22231630680511777,0.0,-0.2482051796740626,0.0,-1.0292877675623702,0.4237708543834858,0.5540783819195407,-0.5058291517333817
CSO-14-8B-JLLORA-CorrEtiq.txt,0.0,0.0,0.0,1.4977716848313865,-0.6167744211684262,-0.49568951077092227,-0.626609596621198,1.0798614412164442,0.0,-0.06168828731567902,0.0,0.18112523653556695,0.017157799062109718,-0.0065412760458127515,0.15649394512674566
CSO-14-9A-AEDCAGO-CorrEtiq.txt,0.0,0.0,0.0,2.3426939844221346,0.5211977024202352,-0.4134620523128784,0.3665169223678348,-0.09792262557962654,0.0,0.06930283660574212,0.0,-0.809800815443405,0.18637556119991658,0.33239742975566455,-0.1900309556940264
CSO-14-9A-HASACA-CorrEtiq.txt,0.0,0.0,0.0,1.7520838121687443,0.25522216481622456,-0.582753677059336,0.27952631746479134,-0.12914468284203143,0.0,-0.196005569539483,0.0,-0.39926185922381513,0.2125959830140819,0.23287410169410047,-0.0599917489580939
CSO-14-9A-JSMAAL-CorrEtiq.txt,0.0,0.0,0.0,2.147586070391775,0.15422732904772415,4.756059559387467e-05,-0.004934659980183485,-0.11586496181931906,0.0,-0.2912027619864826,0.0,-0.7799615750719124,0.2223689363835471,0.47065955284304045,-0.03556102584997284
CSO-14-9A-MARJA-CorrEtiq.txt,0.0,0.0,0.0,2.6490902314455083,-0.28649840257422565,-0.8104487631313773,-0.37930866443280303,0.6804410249002782,0.0,-0.01330718089649483,0.0,-0.1523358613411944,0.10551713274895586,0.17025981134020204,0.15453083560620368
CSO-14-9A-SORZU-CorrEtiq.txt,0.0,0.0,0.0,2.3787718319444915,0.377034368653455,-0.1351265716336921,0.015029641580586488,0.3106028731525546,0.0,-0.45929357569340573,0.0,-1.0115079836165317,0.5253643461848304,0.8469920468451564,-0.11396961862450883
CSO-14-9B-ERAGA-CorrEtiq.txt,0.0,0.0,0.0,2.1900799162282047,0.060759898185830004,-0.2678970042223938,-0.18255057597856564,0.12193307974745482,0.0,-0.18670345835709437,0.0,-0.6758613106508997,0.385842634162878,0.4680467288997297,-0.06335855364823458
CSO-14-9B-MFEGA-CorrEtiq.txt,0.0,0.0,0.0,2.8481105991282902,0.4226160898646845,-0.2641739304627026,-0.012865403593162392,1.511525020821305,0.0,-0.2669209509171822,0.0,-0.9784171734112068,0.8238250973696043,0.9743658213875911,-0.08084084292403752
CSO-15-10A-LJRAGU-CorrEtiq.txt,0.0,0.0,0.0,2.565392753556517,-0.5300322357287517,-0.6846471596056258,-0.6875460484207042,0.3398672640646304,0.0,0.28121946417062244,0.0,-0.029740353964973043,-0.043024313256840654,0.05032679471730725,-0.06304311992577058
CSO-15-10A-MAARLO-CorrEtiq.txt,0.0,0.0,0.0,2.5933250857759367,-0.33707101959089353,-0.40117672945505606,-0.34993615860936583,0.2725459639458946,0.0,-0.016590631633712792,0.0,-0.5298909813271964,0.30975818904173275,0.3813442754716568,-0.031747691898893385
CSO-15-10A-SFEGA-CorrEtiq.txt,0.0,0.0,0.0,2.074008973210783,-0.23861593451386076,-0.7466937874311145,-0.3968815041966029,0.969965975036522,0.0,0.19241556415776473,0.0,-0.25226896255288295,-0.047932049354909335,0.03174368266258535,0.049761316712877236
CSO-15-10B-MEBUAR-CorrEtiq.txt,0.0,0.0,0.0,1.1448588991132538,0.44878038235161144,-0.6822087408729541,0.3585580726187378,0.2438556900764651,0.0,-0.21128165688930475,0.0,-0.21002606265912005,0.31684674287969977,0.34496132642520716,-0.09620621839168353
CSO-15-10B-YVBUAN-CorrEtiq.txt,0.0,0.0,0.0,2.5287385587437896,-0.2490847624924236,-0.6737220676441669,-0.4823986564119375,0.8451178246469739,0.0,-0.04013484157642216,0.0,-0.11104772692285682,0.08139204674444975,0.17961660398173251,0.007218960046395148
CSO-15-10C-ALBAHO-CorrEtiq.txt,0.0,0.0,0.0,3.3097456568889254,0.617148497032912,0.18628081549424708,0.1799196347961029,0.09010181200415511,0.0,-0.22317210114284416,0.0,-1.2986008254035037,0.6481137421923516,1.080574107811597,0.0716583141239614
CSO-15-10C-SSCAMO-CorrEtiq.txt,0.0,0.0,0.0,3.6850452082842438,0.728421602320752,-0.18215198570829313,0.21869436513831017,0.7925114054965453,0.0,-0.22545269089186212,0.0,-1.4113832345990989,0.7872995971487438,1.084399924607986,-0.30608130197308514
CSO-15-11C-JETALO-CorrEtiq.txt,0.0,0.0,0.0,2.9902820518044724,1.5936721915046523,-0.11856944280890835,0.6947196840875525,0.7833097496251801,0.0,-0.9927708266134242,0.0,-1.6980445271416447,1.4766485083276817,2.107834348370973,-0.22857784515377502
CSO-15-7B-JCRAGA-CorrEtiq.txt,0.0,0.0,0.0,1.2450043455534454,-0.35923912767615895,0.23601209914838997,-0.40776290425262796,0.7762745346339859,0.0,-0.04035778053840295,0.0,-0.361610768874021,0.2743076156476242,0.46734390675470805,0.38136734529730804
CSO-15-8A-VBMABR-CorrEtiq.txt,0.0,0.0,0.0,3.674861660543555,0.17722241076557196,-0.7802736729757654,-0.142233077257503,-0.07385637639283717,0.0,0.0989527406902861,0.0,-0.8512746974830231,0.35046218102724175,0.5610154838892492,-0.42158144421819954
CSO-15-8B-KEPOGO-CorrEtiq.txt,0.0,0.0,0.0,1.9590671660957777,-0.6031228605526472,-0.4772185431762067,-0.6248520602347365,0.12480565868878264,0.0,0.32817158815011677,0.0,0.153539511572328,-0.03868542769392317,-0.058302938087140675,-0.07936172109528807
CSO-15-9B-ALRIHE-CorrEtiq.txt,0.0,0.0,0.0,2.019583489664115,0.05504874436599606,0.06503347106530452,-0.08103807632120501,-0.27841593442194373,0.0,-0.07288980390673794,0.0,-0.6609526198055589,0.36570200748313775,0.39585232497369116,-0.4991586405462557
CSO-15-9B-AMSAGO-CorrEtiq.txt,0.0,0.0,0.0,1.5038167578098292,-0.15239121872472136,-0.7014157236465675,-0.3219718056372191,0.4562814472730364,0.0,0.22018371877756696,0.0,0.20025068376691976,-0.2458063978783493,-0.2085010336235153,0.12325451605774104
CSO-15-9B-JCAPA-CorrEtiq.txt,0.0,0.0,0.0,1.985074742289037,-0.6390191198376468,-0.38808268897054465,-0.6670311070443372,0.25181508605946346,0.0,0.02076541485361494,0.0,-0.028847520778342833,0.14852472214883763,0.1757016989922081,-0.04503877729021433
CSO-15-9B-KSBEJA-CorrEtiq.txt,0.0,0.0,0.0,3.082924481109831,-0.09806942684869159,-0.4607720793300343,-0.12296247486272589,-0.686906782171656,0.0,-0.7757617382558016,0.0,-0.9263789800942828,0.515514452801663,0.821324563116778,-0.7563059546869532
CSO-15-9B-RMCHLU-CorrEtiq.txt,0.0,0.0,0.0,2.2927068166098983,0.8529194693993549,-0.7671598903813536,0.3600611287561269,0.30664761950963004,0.0,0.02899717001582062,0.0,-0.6776119725801674,0.30029410104228815,0.4362186050761491,-0.0737764644123218
CSO-15-9B-SJAGRO-CorrEtiq.txt,0.0,0.0,0.0,0.542744758918301,0.18538484735510885,-0.7049472399778336,0.14733304022207658,-0.2682195290755359,0.0,0.17940666017093893,0.0,0.18416320663089014,-0.04029593388344282,-0.035820844522710525,-0.05321017384591918
CSO-16-10A-JEGAHE-CorrEtiq.txt,0.0,0.0,0.0,2.92056801731936,-0.11304625703368744,-0.5946433489921009,-0.23805912887875277,0.14032755378639658,0.0,-0.06135825771809849,0.0,-0.5301362963781094,0.25255397729693535,0.4474852345023227,-0.13386003714099828
CSO-16-10A-MSACO-CorrEtiq.txt,0.0,0.0,0.0,2.517930332245729,-0.5085094689213604,-0.44052966574102387,-0.5922756383523564,0.4798697612459399,0.0,0.023988708140142586,0.0,-0.07130142211172484,0.1457530699163654,0.20185680703194678,-0.035723560408593265
CSO-16-10A-SARI-CorrEtiq.txt,0.0,0.0,0.0,3.264596482570742,-0.45054760497833496,-0.28851804941585135,-0.5849651481929943,-0.6205793402551696,0.0,-0.32204729038306723,0.0,-0.8416971657888346,0.6708435735619208,1.0138456225525896,-0.7233506611239973
CSO-16-10A-SMOUT-CorrEtiq.txt,0.0,0.0,0.0,1.8624202519615742,0.20784618560922383,-4.587085925936322e-05,-0.05637464671836499,0.06507993196878634,0.0,-0.035623900957131215,0.0,-0.6965054809231873,0.32617724674349546,0.4638797096417562,0.034512545920258667
CSO-16-10A-YKMUJO-CorrEtiq.txt,0.0,0.0,0.0,1.8832962567228257,-0.3626944712811922,-0.26343629839819793,-0.4762909438925719,-0.25980579594488096,0.0,0.12894621115335403,0.0,-0.2467569020554375,0.05018333446779311,-0.051151109007797686,-0.2924701820171312
CSO-16-10B-JESUGU-CorrEtiq.txt,0.0,0.0,0.0,1.5891024707844692,-0.5436740922338581,-0.45090298075921476,-0.5406101951413014,0.4590830487755702,0.0,0.2819092233593524,0.0,0.22363240027607637,-0.2544730422223005,-0.21688373764786217,0.13425676467363257
CSO-16-10B-LTVIFA-CorrEtiq.txt,0.0,0.0,0.0,2.4949419354591864,0.16221781351004058,-0.532373597084011,-0.002076159160970227,0.5748201745145126,0.0,0.0604129875801772,0.0,-0.31507118761220465,-0.00042295252201938327,0.03293713483710774,-0.13165104212635292
CSO-16-10B-VVILI-CorrEtiq.txt,0.0,0.0,0.0,2.4096047019835476,0.26428923986786484,-0.3130100020317745,0.18905438265354238,0.05471294344503835,0.0,-0.16057196128947082,0.0,-0.8141485283886678,0.41314886083821833,0.5788471982838092,-0.38499209446837057
CSO-16-10C-ACALGU-CorrEtiq.txt,0.0,0.0,0.0,1.9421636975130283,-0.12689429508882027,-0.752762455471717,-0.2874819055813649,0.0860904899422293,0.0,0.1531175853196637,0.0,-0.15670747133852778,-0.04215767303045099,0.01189938558607976,-0.20420897046605793
CSO-16-10C-MAVAVE-CorrEtiq.txt,0.0,0.0,0.0,1.9521955499767283,-0.02409770215609159,-0.3809952244135997,-0.16630297176602876,0.3518627317206511,0.0,-0.10550696483508057,0.0,-0.27371205867607923,0.33792912320942237,0.39405135395877505,-0.019436639729782417
CSO-16-11A-JAVABO-CorrEtiq.txt,0.0,0.0,0.0,1.9184741134506205,-0.24496906372994104,-0.2703444234116421,-0.34535852940612544,0.07422432029391476,0.0,-0.044994320274695424,0.0,-0.27944066535803763,0.20093137942388167,0.22559867091119307,0.0953525680263716
CSO-16-11A-JDMUVA-CorrEtiq.txt,0.0,0.0,0.0,2.352515454786722,-0.19514906070028715,-0.46169822155324725,-0.2529038945572688,0.02986469675010621,0.0,0.25150038357065707,0.0,-0.23391602670144956,-0.17009292968187123,-0.09035034825555188,0.1421361773853094
CSO-16-11A-VZAOR-CorrEtiq.txt,0.0,0.0,0.0,1.8061071413172842,-0.03376305668301174,-0.13233552038856466,-0.09098292009389165,-0.2998796771833393,0.0,-0.21006121169214506,0.0,-0.49457271799295693,0.19616889682378727,0.25569420982087177,-0.4814993357509503
CSO-16-11B-KRORE-CorrEtiq.txt,0.0,0.0,0.0,3.1718344309722135,-0.3768228722044395,-0.6166496800335006,-0.5309484669517441,0.024618406040031134,0.0,-0.02684735084610907,0.0,-0.5335872492425734,0.4073419445993026,0.5692383519336437,0.05503104510424814
CSO-16-11B-LLOZA-CorrEtiq.txt,0.0,0.0,0.0,1.1470928374251426,-0.21474379536337476,-0.22369296232204414,-0.1986311739211264,0.15943414126836666,0.0,0.22857300917722942,0.0,-0.0869740285563841,-0.04741436762548812,0.0058294033616335715,0.1302015338477889
CSO-16-11B-YAROMO-CorrEtiq.txt,0.0,0.0,0.0,2.6780317862074297,2.023463871399786,-0.09281744530551284,1.2257632342990277,0.004881645641001165,0.0,-0.6653530133180683,0.0,-1.6998965895918676,1.1058171117649906,1.511173681647285,0.03600309521579646
CSO-16-9A-JALEMO-CorrEtiq.txt,0.0,0.0,0.0,1.8376860113819542,0.5976308840126767,-0.6014145158169127,0.2534998790991878,-0.22668262684365484,0.0,0.13754051579514726,0.0,-0.3651205731329016,-0.10913996913064328,-0.07745580086769141,-0.28048869040421376
CSO-16-9A-JPROSO-CorrEtiq.txt,0.0,0.0,0.0,2.8082808817402496,-0.14753612456806128,-0.030892733393841163,-0.13590568521293253,0.061551296173573244,0.0,-0.41267131350355346,0.0,-0.875674073619108,0.6227006081378893,0.8106034377490932,-0.17614279701308558
CSO-16-9A-JSMAGU-CorrEtiq.txt,0.0,0.0,0.0,2.0877348528516846,-0.08639734241503315,-0.6753747943447422,-0.22468978841213905,0.40934543117057126,0.0,0.09372570627107032,0.0,-0.2687534046108213,-0.025141278243916203,0.06558020821591208,-0.011799866104657594
CSO-16-9B-SJPAJI-CorrEtiq.txt,0.0,0.0,0.0,2.00545574148301,-0.5361063931532719,-0.5339576055446208,-0.5245994026960602,0.15818025206464925,0.0,0.06501746589088905,0.0,0.016231830570204383,0.009166496400370863,-0.04675555872692411,-0.24723857535242064
CSO-17-10A-YVGOCA-CorrEtiq.txt,0.0,0.0,0.0,2.0951982090758947,0.3673919497611546,-0.7080908812795269,0.13350730378821915,0.4982777649085288,0.0,0.16435386483245454,0.0,-0.40813106139481403,0.10121279797634683,0.24730570831436322,0.15201102123678326
CSO-17-10B-EHECO-CorrEtiq.txt,0.0,0.0,0.0,3.1210242842689166,-0.27691347804377414,-0.28006615797426354,-0.2648323871313049,-0.3115877058829009,0.0,0.11053264595929621,0.0,-0.6946030521351944,0.2781088012632858,0.35285826571028633,-0.12485953246687516
CSO-17-10B-YCQUVE-CorrEtiq.txt,0.0,0.0,0.0,3.1515461110662066,0.8735559114458912,-0.6291659907329156,0.24524816510705494,0.3903452333672104,0.0,-0.38338001948933054,0.0,-1.0274013426007265,0.6352232432560312,0.8336057349061025,-0.278180485620758
CSO-17-11A-DJAPA-CorrEtiq.txt,0.0,0.0,0.0,2.5721960713508025,0.3769010956690699,-0.5769113148099959,0.2213056566067631,-0.06897029422707064,0.0,-0.035431892960447076,0.0,-0.6738055615823778,0.10253362240328377,0.22389776284414398,-0.26075539198704095
CSO-17-11A-JDAMO-CorrEtiq.txt,0.0,0.0,0.0,3.85698403451294,-0.5446631754801882,-0.7863518473318124,-0.6203769416521157,0.07265727886393183,0.0,-0.022359457783662492,0.0,-0.46189977370381746,0.05030635188239188,0.19529154043731992,-0.3423179942454485
CSO-17-11A-NPAHE-CorrEtiq.txt,0.0,0.0,0.0,1.4665836970724817,-0.1899093640667689,-0.683266407631346,-0.21949146617636614,-0.2291337979795255,0.0,0.3215699629258775,0.0,0.09851075243434644,-0.22432207915980726,-0.23206142975765992,-0.3188929976701086
CSO-17-11A-RLPAIG-CorrEtiq.txt,0.0,0.0,0.0,1.579174806390764,0.4483318685135517,0.14000229723581387,0.1647526253177882,0.13108488355426418,0.0,-0.26730870821528235,0.0,-0.8138627110522892,0.7235605408389021,1.004611856349646,-0.07082861080005086
CSO-17-11A-SPUVA-CorrEtiq.txt,0.0,0.0,0.0,2.5557170761840338,-0.4286853713437313,-0.5750041221156669,-0.48079357476676543,0.6777810489007142,0.0,-0.1517615010350054,0.0,-0.4706489067640736,0.42114807363189233,0.6444841636531828,0.33756389610174525
CSO-17-11B-CDBEBU-CorrEtiq.txt,0.0,0.0,0.0,1.9816776125992428,0.3721389421693651,-0.4863103268160099,0.05586818549125217,0.03019365161180007,0.0,-0.034373768736986006,0.0,-0.4179972084244255,0.312362809584524,0.28133986623752805,-0.09101854667964643
CSO-17-11C-JDAAG-CorrEtiq.txt,0.0,0.0,0.0,1.0743027695502845,0.038407513138937886,-0.6873188236242485,-0.04462230409512344,0.3283320914179544,0.0,0.19121568965060864,0.0,0.22523922339299088,-0.1473754167885527,-0.20533826211679995,0.21170165422809198
CSO-17-11C-MAPAMA-CorrEtiq.txt,0.0,0.0,0.0,1.8631336981069113,0.008752265040132422,-0.31376896597892295,-0.04792975759399603,0.11142203425225164,0.0,-0.22261890373650126,0.0,-0.44454740449757774,0.3881335371239444,0.4197229467482619,0.1379562670791806
CSO-17-11C-MCAAG-CorrEtiq.txt,0.0,0.0,0.0,2.885041354790422,0.37754267733557584,-0.7079922214519081,-0.09966337172709198,0.12273146100974355,0.0,0.020740621466134857,0.0,-0.4427707824138821,0.20293061174002672,0.3824768963751048,-0.2218624047186103
CSO-17-11C-SARJA-CorrEtiq.txt,0.0,0.0,0.0,1.6358006087408818,0.11286830844558535,-0.6268693005333174,0.058394245802281704,0.5837745338082857,0.0,0.17869372495292135,0.0,-0.19410794923716213,-0.007437575173448944,0.08193819236656362,0.11308684019528664
CSO-18-11A-ADBAHO-CorrEtiq.txt,0.0,0.0,0.0,1.6196582587637187,0.3300751405886791,-0.6541089589132426,0.35192287577830333,0.14776301560207866,0.0,0.14755923519845707,0.0,-0.3080859620090904,-0.26201530156390745,-0.27576145257813367,-0.04799136884519429
CSO-18-11B-YLLRE-CorrEtiq.txt,0.0,0.0,0.0,2.460724074956336,-0.191379587501509,-0.7902024195456333,-0.30900200817178936,0.2068153358644028,0.0,-0.1843906378091567,0.0,-0.20119576682130144,0.35562056119020713,0.5124626651261377,0.10899865745699745
CSO-18-9B-MAMOLO-CorrEtiq.txt,0.0,0.0,0.0,3.8607175576553048,1.059094142102128,0.012568931424656463,0.18286806436323128,1.0472984813574115,0.0,-0.9084865924220623,0.0,-1.6825482848904663,1.3290010322660641,1.6722391545600568,-0.337627048623114
CSO-8-3A-AIPRBR-CorrEtiq.txt,0.0,0.0,0.0,1.8109850119639859,-0.5382826344656041,-0.4774152060563774,-0.5310532957871067,0.38097693528611515,0.0,-0.1985581126040257,0.0,-0.14845190041330514,0.23256762539683823,0.27588336495988014,-0.09173218092362667
CSO-8-3A-DAPAVA-CorrEtiq.txt,0.0,0.0,0.0,2.4159388719885477,0.5921263898420118,-0.10802019334079871,0.048157231400641425,-0.0548959405524761,0.0,-0.5884632037758335,0.0,-1.1119750901529861,0.6444349440992098,0.9734810046949712,-0.3463616523851929
CSO-8-3A-KVPECO-CorrEtiq.txt,0.0,0.0,0.0,2.1998291916345756,-0.9155307253553188,-0.20104481866416174,-0.9343297095448312,0.19555906734294703,0.0,-0.07524980900881532,0.0,-0.08152919258618373,0.09454122998947369,0.12410817335722675,0.026265204564709536
CSO-8-4A-ARAGR-CorrEtiq.txt,0.0,0.0,0.0,2.3385648845391125,0.6630013498082494,-0.5477914745601157,0.21610004600438373,-0.49349419089654384,0.0,-0.12943146965284755,0.0,-0.6582502537743434,0.3590904409191702,0.5238836452329395,-0.386603862105155
CSO-8-4A-JRAAR-CorrEtiq.txt,0.0,0.0,0.0,2.855556646670708,-0.8566599316617923,-0.3927799105200698,-0.9899030611559654,-0.37983329741662514,0.0,-0.12252886561754023,0.0,-0.3287405324922662,-0.0068934598339219855,-0.11038288646975762,-0.9171155875563413
CSO-9-2A-EXMOCO-CorrEtiq.txt,0.0,0.0,0.0,2.2437565241794104,-0.5087778438857211,-0.6471543964504397,-0.7682348878933474,0.4649196018570197,0.0,-0.6224059897127258,0.0,-0.048380684684962816,0.16679088333836095,0.31944043094299895,0.27396203832766763
CSO-9-4A-AGAPE-CorrEtiq.txt,0.0,0.0,0.0,1.2197507901016202,0.22266231573575296,-0.7123065897131572,0.040686673849039706,0.26560879330857917,0.0,0.1690247523629542,0.0,-0.07303076108292271,-0.26809489421820176,-0.1359121786255871,-0.15826382508722536
CSO-9-4A-DKVIMO-CorrEtiq.txt,0.0,0.0,0.0,2.605005635174644,-0.5495625320717428,-0.40508439008025754,-0.6056351939100131,-0.33540306834426536,0.0,0.07737200379299694,0.0,-0.36266778918039116,-0.12151070004651993,-0.026773801510221722,-0.40942396263168973
CSO-9-4A-DSMOMU-CorrEtiq.txt,0.0,0.0,0.0,2.9177451020566365,0.010817894708323986,-0.07788808323260188,-0.24438656682905607,-0.3061122407490589,0.0,-0.08252369952162462,0.0,-0.6719023333667213,0.3669462878516777,0.4872133938177764,-0.20515819937682014
CSO-9-4A-DVGATO-CorrEtiq.txt,0.0,0.0,0.0,2.780451891339387,0.3203494237601724,-0.008660663941869446,-0.06088885456116921,0.02752248627600299,0.0,-0.4175726012658295,0.0,-1.0885100647131065,0.6871195326155508,0.8117955568935794,-0.05974110898143806
CSO-9-4A-EGCAMO-CorrEtiq.txt,0.0,0.0,0.0,2.506148278002707,0.4996611873933139,-0.3310444940603971,-0.054636505543458724,0.28473620671092426,0.0,-0.08591640605037124,0.0,-0.81018427052137,0.2095993262310744,0.36689427465429036,-0.18566958705093795
CSO-9-4A-FAGIGA-CorrEtiq.txt,0.0,0.0,0.0,1.5732017500594229,0.7504836861433606,0.4501985651513678,0.44404950805914195,-0.3860998922736728,0.0,-0.48266932090864983,0.0,-1.3304614379010815,0.568630293658877,0.7514359928673964,-0.6257758254848398
CSO-9-4A-GSBRCO-CorrEtiq.txt,0.0,0.0,0.0,3.006699245837981,-0.42044211461395886,0.09294273096895735,-0.5793469362643169,0.14630535205459405,0.0,-0.06514077923043421,0.0,-0.9607315368316651,0.3689236102741863,0.6343752310278439,-0.2663542435270868
CSO-9-4A-KEMOCO-CorrEtiq.txt,0.0,0.0,0.0,3.4245547031303785,-0.42500619070528506,-0.5904351730815006,-0.5999887345732008,0.5061588813343111,0.0,0.03938734395171243,0.0,-0.5866033192328686,0.22834247179421083,0.3313153217430107,-0.2162822672937316
CSO-9-4A-LCOMO-CorrEtiq.txt,0.0,0.0,0.0,2.442181055154475,0.8635848635878642,-0.3296340067703755,0.4066360402490417,0.5848692163628955,0.0,-0.22973007929601733,0.0,-0.9370368640521096,0.4759649157978055,0.6266309291649282,0.1666482833447264
CSO-9-4A-MLORO-CorrEtiq.txt,0.0,0.0,0.0,3.003677576451658,-0.588276995929339,-0.4346214798094211,-0.7822973653423272,0.857747322703627,0.0,-0.08087432764948439,0.0,-0.4645572296604869,0.377263695268708,0.4659140648554442,-0.24886319675273322
CSO-9-4A-MPAME-CorrEtiq.txt,0.0,0.0,0.0,3.0162722528272465,-0.06538972942809103,-0.5714644793495389,-0.3475996724314621,-0.30735871766786277,0.0,-0.43004905975554875,0.0,-0.6921177825811814,0.6184340643322094,0.7570525317481899,-0.6972050291710589
CSO-9-4A-NSARPA-CorrEtiq.txt,0.0,0.0,0.0,2.0286563487796574,0.024960089422414542,-0.4936022955289818,0.052508311717127845,-0.12958259268104996,0.0,0.21380661413947105,0.0,-0.5262278772644817,-0.035433989490769334,0.14873592414550235,-0.3003751804531195
CSO-9-4A-SLOCA-CorrEtiq.txt,0.0,0.0,0.0,3.1586685569913833,-0.8318431706482206,-0.5717497278347429,-0.8320477016825637,0.7814051256208898,0.0,-0.23982182933367696,0.0,-0.3281142728001832,0.21242386417436387,0.2950451105346545,0.27189993051976413
CSO-9-4A-YVDITR-CorrEtiq.txt,0.0,0.0,0.0,3.027287915519426,-0.5461657521029304,-1.11469875906916,-0.6627468294469827,1.316021197369894,0.0,-0.09263356501495187,0.0,-0.269069642472303,0.10717591614795634,0.30517762572725665,0.010978198777395481
