file,z_wc,z_nodes,z_edges,z_re,z_pe,z_l1,z_l2,z_l3,z_lcc,z_lsc,z_atd,z_density,z_diameter,z_asp,z_cc
CDMS-10-4A-JURAN-CorrEtiq.txt,0.0,0.0,0.0,6.9539858060471005,2.1160346213202663,-1.2381668962683021,-0.13493990796647692,4.280511050871203,0.0,0.015068023999343125,0.0,-3.435659333651486,-0.4150183621670228,0.3740504421434105,-1.7156916271625042
CDMS-10-5A-HEPIHO-CorrEtiq.txt,0.0,0.0,0.0,7.0334099960218746,-1.5491444000510166,-1.553424415003,-1.637964063421737,2.425820338884717,0.0,-0.4492089811834216,0.0,-1.9585729059160955,-0.10998081114469256,0.3766135014045564,-0.17093281515581746
CDMS-10-5A-KSRAGU-CorrEtiq.txt,0.0,0.0,0.0,8.04889870996598,-0.7875019239337793,-0.7811576444185094,-1.9141801769036921,-1.089886740604102,0.0,-0.11901588475100697,0.0,-3.6393260546885067,0.688247201611685,1.3428670768899331,-2.1271899974145265
CDMS-10-5A-SROPU-CorrEtiq.txt,0.0,0.0,0.0,10.0,2.0987967057568,-0.45544623477537927,-0.598912057128518,-2.2344105683289195,0.0,0.8081274572237582,0.0,-7.052287581699352,3.3948762404114046,6.501821208892441,-1.0748283006548576
CDMS-10-5A-SZURO-CorrEtiq.txt,0.0,0.0,0.0,10.0,-1.754650528601889,-1.7450057435564632,-1.730074083666061,0.9358202874481537,0.0,-0.30165128951200143,0.0,-6.071392227520098,2.4899799195977463,4.761218393984663,-0.5811426543467992
CDMS-10-5B-SRAJA-CorrEtiq.txt,0.0,0.0,0.0,4.859618272847094,-1.8772572915906394,-1.8148355119819133,-2.1015145992521447,0.24366681214857694,0.0,-0.335326319976811,0.0,-1.4180634093415991,-0.18391769551897005,-0.775916786653401,-0.32775517214700095
CDMS-10-5C-DAAUSA-CorrEtiq.txt,0.0,0.0,0.0,8.405577679368342,-0.3646036004632177,-1.502982637677071,-1.106612182865324,4.815090911607051,0.0,0.3873476826078692,0.0,-4.120590683124916,1.2777371794006487,2.3763763812816885,-1.23704242697817
CDMS-10-5C-JFALGI-CorrEtiq.txt,0.0,0.0,0.0,6.655797433839724,-0.3572731668532467,-2.388843993306582,-2.36694795137002,9.562335243835644,0.0,0.0250951586210398,0.0,-2.3579056823098,1.0337992248352252,1.3193698955995061,-0.3271799678534965
CDMS-10-5C-MAORTO-CorrEtiq.txt,0.0,0.0,0.0,7.712753327862913,-0.030019141203839035,-0.7689024698624354,-1.9098510790364869,1.8427380845181713,0.0,-0.658482143222046,0.0,-4.317181964177289,0.6039656262173853,1.6184216763984582,-1.3594725152514493
CDMS-10-5C-NBEMO-CorrEtiq.txt,0.0,0.0,0.0,8.145069727878997,-1.2513713076778046,0.5995014221389604,-1.5831847859022654,-0.6624426838070552,0.0,0.5833672621101771,0.0,-4.546687733520399,0.12803687993289553,1.0370074192454326,-1.3487973610755188
CDMS-10-6B-ASCACO-CorrEtiq.txt,0.0,0.0,0.0,8.365842813153726,-3.0058246473552996,-2.5002765982287434,-3.3460256676508573,1.3187312690566713,0.0,0.15812484874209695,0.0,-2.7632212010648862,-0.12622035058515207,0.05320961867288149,-0.10250048458287991
CDMS-10-6B-JJMOBE-CorrEtiq.txt,0.0,0.0,0.0,8.954807765913992,0.04273304835760757,-1.9479583891962537,-1.0421766471909726,1.8473078047421485,0.0,-0.3203846925853025,0.0,-5.432492390750075,0.981462119019526,2.1193281403893898,-2.5800887420365934
CDMS-11-4A-GACHSA-CorrEtiq.txt,0.0,0.0,0.0,10.0,-1.4332144566493714,-0.7485424504694732,-2.2083121586241217,1.6098436558168834,0.0,0.252397073904311,0.0,-5.853073217806267,0.8399643246136947,3.158664041121485,-0.8995642830432478
CDMS-11-5A-EAARCA-CorrEtiq.txt,0.0,0.0,0.0,6.218813572709636,-2.07325586426394,-1.8881545970491376,-3.175874043873493,3.665096183344966,0.0,0.04778791001995463,0.0,-2.179474881106542,-0.05031546054266258,0.8404745553311396,-0.6017694048744658
CDMS-11-5A-MGTHAR-CorrEtiq.txt,0.0,0.0,0.0,7.727387116560159,-2.066796314779034,-0.3704166249815676,-3.110191914418376,1.1720638618438326,0.0,0.14494592136182877,0.0,-4.288929053803611,1.9475139302899902,2.59030431878091,-2.122256883018836
CDMS-11-6A-DFVEBE-CorrEtiq.txt,0.0,0.0,0.0,5.345991262914289,-2.0849187202962387,1.6573606308779751,-2.238574258560489,-1.098320409255942,0.0,0.39493430126564244,0.0,-2.4648597146123996,-0.24145514507017346,0.7516210483958972,-1.161287522293475
CDMS-11-6A-NMREPR-CorrEtiq.txt,0.0,0.0,0.0,9.3773374189989,-1.6496521287608161,-1.8911158451841694,-1.8458355822772017,2.5694097309531183,0.0,-0.025639152734582345,0.0,-4.5864036268901565,1.1872820028185673,2.7482977663737973,-0.9892352445989954
CDMS-11-6B-ARAHE-CorrEtiq.txt,0.0,0.0,0.0,10.0,-2.9669847257406556,0.40948997833362377,-3.101113018450076,1.459042739496523,0.0,-0.18935832092933916,0.0,-6.514723051077404,0.6314801566485463,2.65327554629266,-2.9387099840481445
CDMS-11-6B-AVROTO-CorrEtiq.txt,0.0,0.0,0.0,5.4941523744933285,-1.3042433823646367,-1.5350500527346844,-1.2522697239322318,0.19049066874402157,0.0,0.059912274402908465,0.0,-1.9516337223605056,-0.26544027520861996,0.45535654112432594,1.2222567024342157
CDMS-11-6B-EAFESA-CorrEtiq.txt,0.0,0.0,0.0,10.0,-0.7186979914667229,-1.0583514357376655,-1.5809527068956253,-1.5716536655293036,0.0,-0.5429099433334194,0.0,-6.697494406036247,1.6048971774169627,4.101792351971545,-1.139072273921335
CDMS-11-6B-EFRGR-CorrEtiq.txt,0.0,0.0,0.0,9.481403821581399,-2.2845204871738605,-0.7616299803603198,-3.006777324396746,9.300877331011282,0.0,-0.31884080937172543,0.0,-4.596860467945986,-0.03843943140471946,4.204243439764177,-1.042266363900002
CDMS-11-6B-EROCO-CorrEtiq.txt,0.0,0.0,0.0,6.613874191354625,-0.21491273326359778,-1.625176352488446,-2.2085250012286735,0.7040449459802411,0.0,0.5341244305552484,0.0,-3.170296524784815,-0.08109438009766827,0.9466950518418382,-0.5114786604198591
CDMS-11-6B-JACUPE-CorrEtiq.txt,0.0,0.0,0.0,7.400278137966523,0.19105170543026584,2.4256723857324545,-0.8807600287548218,-0.6910557462349343,0.0,-1.5460376248981667,0.0,-5.752415078536648,0.9330078226479677,3.306180580140454,-0.981036684309934
CDMS-11-6B-JDCHBA-CorrEtiq.txt,0.0,0.0,0.0,8.298078546239292,0.658711279268412,0.10966393770761046,-0.0597848118315568,0.6969724235733863,0.0,0.6902797446776403,0.0,-5.659207136705438,0.7338756521636007,2.734481145321375,-1.5615650481196948
CDMS-11-6B-JFSAHE-CorrEtiq.txt,0.0,0.0,0.0,8.026747484756704,-0.9194988793333716,-1.850134267019334,-0.7493250903011872,2.681267320083027,0.0,-0.2008948590547256,0.0,-4.361783721449797,0.011251591157819707,1.017316407425073,-2.5456609272415
CDMS-11-6B-JLPENA-CorrEtiq.txt,0.0,0.0,0.0,3.951430678010664,0.9402793402854204,-0.06249511880289682,0.3391377858975587,0.9507260204720523,0.0,-1.3440033940933473,0.0,-3.6369908210055453,0.8259189308627573,1.9479350547542535,-1.304828976103007
CDMS-11-6B-JMARME-CorrEtiq.txt,0.0,0.0,0.0,9.066890620862633,-0.4143191796045994,-1.6527038321687566,-1.3655230613688174,1.8697894334774194,0.0,0.4093012470195088,0.0,-5.544843388043318,0.9129626011707551,2.813962623776219,-0.25872091067269654
CDMS-11-6B-JPSAMA-CorrEtiq.txt,0.0,0.0,0.0,6.648831895759935,0.5407238121968715,-0.7868219284960682,-1.008857779948737,0.057605833572814236,0.0,-0.0006000181647783653,0.0,-3.4374248585230553,0.4574457143121215,0.8990079948443396,0.4691098988141716
CDMS-11-6B-LESTA-CorrEtiq.txt,0.0,0.0,0.0,9.333119253869214,-1.2548923303355963,-1.455855640943705,-2.064141034073721,4.444376637257379,0.0,0.1409867999547103,0.0,-3.9154269097008925,-0.40927725971193013,1.1015385625087415,-1.4383129430291106
CDMS-11-6B-MAGIMU-CorrEtiq.txt,0.0,0.0,0.0,7.313985372043885,-1.094794419903907,-2.1175313782292084,-2.241537611783105,8.247522487902987,0.0,-0.7578391517481191,0.0,-3.610539708207875,1.1587867289140292,1.1972781906384515,-0.27715011574637693
CDMS-11-6B-MEBRTA-CorrEtiq.txt,0.0,0.0,0.0,6.213759241653027,2.067629331822365,0.38524004723410155,-0.5306686305052326,-0.611149074639931,0.0,-2.0475441128668574,0.0,-5.00121162399618,2.499787826922967,3.4169191979715383,-1.7059800293623721
CDMS-11-6B-MMAMO-CorrEtiq.txt,0.0,0.0,0.0,7.330420926156524,-1.1961651328135958,-0.52141325602754,-1.0949373272575837,0.987127872806568,0.0,0.7948923108829125,0.0,-2.873589984982913,0.07614545553589802,0.2900048674441307,-1.3221596583489565
CDMS-11-6B-RSECA-CorrEtiq.txt,0.0,0.0,0.0,7.618763556521655,1.0017692652862056,-1.4829311070283135,-1.7167901505579042,0.5343107471589961,0.0,-1.3199500146737018,0.0,-3.343318121956654,0.4943115327429812,1.2618661666202045,-0.9275300406889935
CDMS-11-6B-SCAPA-CorrEtiq.txt,0.0,0.0,0.0,9.302506289744969,-2.1009447556361445,-1.8498292212881677,-2.546799401258219,0.3831981481607973,0.0,0.8226035963188373,0.0,-3.9904266523608847,-1.0161027877077988,0.6954200686630643,-2.332422458987864
CDMS-11-6B-VZAPE-CorrEtiq.txt,0.0,0.0,0.0,9.070267614895904,-0.10193278299582786,-0.4690935993977695,-1.263015237311534,1.1321131618403206,0.0,-0.3605303960295322,0.0,-6.808945485692874,0.7378669941287037,2.9029005874833356,-2.3327601085251715
CDMS-11-6B-YLNIME-CorrEtiq.txt,0.0,0.0,0.0,6.469966392206305,-1.6212270533993092,-2.2306330094353144,-1.9863562523413347,2.930548497362011,0.0,0.03289758474799359,0.0,-1.945326234410733,0.27035480201293266,0.5152676653577919,-1.081652736437837
CDMS-11-7C-ICARE-CorrEtiq.txt,0.0,0.0,0.0,9.314775312652197,0.07285124401707033,-1.7814995632338595,-1.1970510004918864,1.2728088200466354,0.0,0.16858917114660527,0.0,-4.527560349028363,1.6739104352894343,2.280655730425067,0.2544909567337289
CDMS-11-7C-IMOIB-CorrEtiq.txt,0.0,0.0,0.0,7.95776776244371,-0.7085622452788427,-0.258999243132722,-1.2504667432629943,0.14096041136416881,0.0,0.31006320551484856,0.0,-4.601835223040992,0.5511958770216236,1.1580695215336332,-0.742639136056038
CDMS-11-7C-SALMA-CorrEtiq.txt,0.0,0.0,0.0,9.392576788280119,-0.6906081138014962,-1.9422477477587203,-1.981690421863951,0.5133310732803966,0.0,0.8082903768654794,0.0,-4.761452359462245,-0.5008679055308164,1.2964099884043903,-1.4694916275191037
CDMS-11-7C-SPGAVE-CorrEtiq.txt,0.0,0.0,0.0,9.398598601213562,-0.4093176453139266,1.520107055430934,-0.6594101139314837,-0.11758521889557416,0.0,-0.051065041450417265,0.0,-6.36054009098713,0.33510377922051665,2.860859347231001,0.6231009981134832
CDMS-12-5A-SRIGO-CorrEtiq.txt,0.0,0.0,0.0,10.0,-1.6115146081477048,-0.5864356774169696,-2.0125866566448884,-1.1302451965719598,0.0,-0.1353881047219624,0.0,-4.990730323566031,0.10592634533402019,1.133835453741229,-1.0534216600985653
CDMS-12-6A-FAROPA-CorrEtiq.txt,0.0,0.0,0.0,5.803927081926324,-1.978403300442907,-1.3367282628741262,-2.087368905162432,-1.538317719030199,0.0,0.8427009716003878,0.0,-1.945997390461337,-0.27600074008053965,0.9868295210626353,-0.03036501451737684
CDMS-12-6A-JGIGA-CorrEtiq.txt,0.0,0.0,0.0,6.635341612749745,1.1570867633486346,-1.4147373485713206,-0.9273103855333681,0.14164176138032536,0.0,-0.9991845813657159,0.0,-4.097000842896915,-0.6815408978383646,0.6162641676778287,-1.6875478767196508
CDMS-12-6A-JSOTGU-CorrEtiq.txt,0.0,0.0,0.0,8.099771254256634,-2.371358387618617,-1.3244907638852568,-2.744582676791957,4.275828978778052,0.0,-0.3150276647823941,0.0,-4.301010165981545,1.4022897142934387,3.139537371964762,-1.5352616781597874
CDMS-12-6A-SROAL-CorrEtiq.txt,0.0,0.0,0.0,8.665495159702264,0.7769567363858682,-1.5916211360898678,-1.5344338208414585,0.6861988505870457,0.0,0.2986647570377001,0.0,-3.4898084502949898,0.8135040611522907,2.1244685806899053,-1.2570658327623208
CDMS-12-6B-IJDAGA-CorrEtiq.txt,0.0,0.0,0.0,7.4015798945112925,-1.2802298249133994,2.341236762517574,-0.8566570930391146,-0.7611864795025346,0.0,0.7025570186362634,0.0,-5.848437090816465,0.8283695165902745,2.6212641849537093,-1.287916705174972
CDMS-12-6B-SCLAG-CorrEtiq.txt,0.0,0.0,0.0,9.94520654375707,0.3160014480063279,-0.5504289764212456,-0.7882102871784387,2.7692014844583426,0.0,0.2806302409003894,0.0,-5.689809630524792,0.7520852840129242,3.2343910614156828,-1.3920836399760579
CDMS-12-7C-ARAHE-CorrEtiq.txt,0.0,0.0,0.0,5.955108176116794,-1.1041532377224037,-1.8760361747268928,-0.8296543207548053,3.242398578675868,0.0,-1.314515944146,0.0,-2.189980699089554,0.6835067426013198,0.6303803730875948,1.100139054581898
CDMS-12-7C-CATRAR-CorrEtiq.txt,0.0,0.0,0.0,8.784538638966286,-1.3485016049980245,-1.9817742169254968,-1.870350771320539,2.996116266430684,0.0,-0.4414235703770936,0.0,-4.076593579201716,0.2986937662175699,1.5463059504226546,-1.2718570443870354
CDMS-12-7C-DLOLO-CorrEtiq.txt,0.0,0.0,0.0,8.752973864831572,-2.2952908885436125,-1.669820426877621,-3.043966140812868,0.20282311457267044,0.0,-0.17277368511626834,0.0,-3.7052509961740117,0.16385783141499657,2.2569544440190805,-0.30594687099233825
CDMS-12-7C-JSZAOR-CorrEtiq.txt,0.0,0.0,0.0,5.330772062795508,-0.25381617016842256,-1.2333419961313283,-0.8044285159060935,-0.052115353626706704,0.0,-0.05579524756321234,0.0,-2.8433876360386847,0.34516472618079286,0.4760461562134078,-1.0642954029987097
CDMS-12-7C-MAROBE-CorrEtiq.txt,0.0,0.0,0.0,9.178836715061037,0.32929277996907114,-1.8241283559236956,-0.4534632327660424,-0.5810341785315218,0.0,0.007603078958042919,0.0,-4.371862842113238,0.3170731707317071,1.4520848376969666,-0.08269078391524019
CDMS-12-7C-VQURA-CorrEtiq.txt,0.0,0.0,0.0,8.837941777070267,-1.400097402218583,-1.6076000398667076,-1.6301942264478755,2.205026767138994,0.0,-0.40742549954579554,0.0,-3.6537018226860756,0.2121340829865416,1.4713257336525807,-0.24347842539416076
CDMS-13-6B-ASUMO-CorrEtiq.txt,0.0,0.0,0.0,4.390438271644949,-1.0479821798531295,-0.4051095969709763,-0.7096779875904118,4.9961577827596315,0.0,-1.225789186343744,0.0,-2.3064378077116663,-0.05125626767142285,-0.003489989025376218,0.2937580867854707
CDMS-13-6B-JDTAHE-CorrEtiq.txt,0.0,0.0,0.0,8.370619238265611,0.2671002300782298,0.3072541385951652,-2.065377435482641,1.2537613369054357,0.0,0.1997258064944394,0.0,-4.335369494753816,1.4981505460135973,2.765517798097706,-0.8406074533085613
CDMS-13-7C-MVEAR-CorrEtiq.txt,0.0,0.0,0.0,6.222120801938091,-1.7736905459886438,1.6715951950008647,-2.6954452160430145,-0.25506281259821856,0.0,-0.7114314752364359,0.0,-4.428391781913507,0.4730499167912665,0.7871287512197093,-1.1214314946055328
CDMS-13-7C-SSOSLO-CorrEtiq.txt,0.0,0.0,0.0,7.025428822506603,-2.252665542548711,0.17971002800885555,-2.5639543898115247,2.515737622321778,0.0,-1.1970490899518678,0.0,-4.418731321314206,0.19138952153210254,1.6391784449230937,-0.7547581916079195
CDMS-14-10A-IMORTO-CorrEtiq.txt,0.0,0.0,0.0,10.0,1.380703638809286,-1.8534886274317426,-0.7514407471697899,-0.41305906957714206,0.0,0.7050222938749562,0.0,-6.210858470153927,0.9411685746287939,4.358672484966845,-2.2494291446597856
CDMS-14-10A-JCVANI-CorrEtiq.txt,0.0,0.0,0.0,7.726258467668001,0.7903813763296691,-0.8406698071266424,-0.8804357893488031,-1.2910191350154214,0.0,0.10025876765553134,0.0,-3.807462779484668,0.2768677482053492,2.4330972294725504,-1.6484493699768623
CDMS-14-5A-LSDUCO-CorrEtiq.txt,0.0,0.0,0.0,9.634390837600758,0.7772887562675076,-1.6927823166232085,-1.2454693728762283,1.8952650844126342,0.0,0.6050339870781629,0.0,-5.582044058374569,-0.44706854540840785,3.104848020851463,-0.17857855570455108
CDMS-14-6B-KDCAHE-CorrEtiq.txt,0.0,0.0,0.0,8.144290568215926,0.5307448924342753,-0.08140496591635699,-0.5140956516900165,3.5842436134338027,0.0,-1.0927629777348393,0.0,-5.403613299520001,1.261074292039947,3.5631696111826283,-1.0792156904321832
CDMS-15-10A-AMALOS-CorrEtiq.txt,0.0,0.0,0.0,8.282429106369065,0.2590309042767728,1.0110072944641781,-0.019132984663439462,-1.2345039838817422,0.0,0.1093175888395494,0.0,-5.924669117770389,0.13271670537327476,1.6708007750124132,-1.6127850013465934
CDMS-15-10A-JJMACH-CorrEtiq.txt,0.0,0.0,0.0,7.993461449708007,-1.0281923090752407,-0.6655435850812527,-1.8206509758289549,1.221637466836721,0.0,0.08473426868975421,0.0,-3.4337585346699395,0.17951484354608027,1.4805195294786042,-1.015067844531843
CDMS-15-10A-MAALCA-CorrEtiq.txt,0.0,0.0,0.0,8.15955750388377,-0.13839109227443686,-1.29881326134686,-1.4159815702348117,-0.243104549840831,0.0,0.8101879256652567,0.0,-3.0638561584214155,-0.08853669183266312,0.37317246296200807,-0.6015389314167963
CDMS-15-10A-MAALRI-CorrEtiq.txt,0.0,0.0,0.0,8.421766244831023,1.7151951100407599,-0.4752292171762186,0.5741230157639003,0.0679821108646892,0.0,-0.45786860588499173,0.0,-5.617432033648628,1.024575059701332,3.185864863148739,-1.2607278405334672
CDMS-15-10A-SGOMO-CorrEtiq.txt,0.0,0.0,0.0,8.04889870996598,-2.2860104996820505,-1.5005696697445787,-2.2410655173260556,-1.1288461323967733,0.0,0.0,0.0,-3.0447579595008287,0.02182698654398297,1.0203408952734723,-0.2544931531834232
CDMS-15-10A-SHEGA-CorrEtiq.txt,0.0,0.0,0.0,6.602205135083361,-1.2221643815748509,-1.5689130759144816,-1.1989164248711868,2.980157755046136,0.0,0.724509197518939,0.0,-2.7188000590499612,-0.5432395609988693,0.46045640958864986,0.3851976349264148
CDMS-15-11B-JEMOLO-CorrEtiq.txt,0.0,0.0,0.0,10.0,-0.3169915919481074,-0.8792778430859693,-1.4468225981126523,0.6584618203288657,0.0,-0.30165128951200143,0.0,-5.537512933480209,0.5346546441640729,2.630018025528477,-1.0535825975549786
CDMS-15-11B-VSAHO-CorrEtiq.txt,0.0,0.0,0.0,10.0,-0.8796759471874043,-0.644159493387004,-1.7082084792894605,-0.357835068012069,0.0,0.33935385459203093,0.0,-5.840036823856224,0.9726137651810608,3.322165325954049,-1.9821611231567895
CDMS-16-10A-SGALO-CorrEtiq.txt,0.0,0.0,0.0,7.671979278415721,-0.6195480087792563,-1.3058371549059364,-0.8179539936073573,0.8939239598923758,0.0,0.1874453608584665,0.0,-3.6510862372129065,0.013367837176029053,1.1448480628266853,-0.3825919918383072
CDMS-16-11B-NGABE-CorrEtiq.txt,0.0,0.0,0.0,6.516752563053867,0.11526603839584607,-1.204044643157533,-0.4410431152709482,-1.9613807018667262,0.0,0.9084096625684541,0.0,-3.0915751683836517,0.005563958921985246,0.5517333878949592,-0.7384124810986539
CDMS-17-10A-ASSAMO-CorrEtiq.txt,0.0,0.0,0.0,7.466123983467432,-1.0379320152522211,-1.6369842464085849,-1.4385234300612617,0.8933677563979524,0.0,-0.1471557932782802,0.0,-2.8327112316235645,-0.7121379913078287,-0.07816491150464044,0.03382095071152661
CDMS-18-7C-VVECA-CorrEtiq.txt,0.0,0.0,0.0,10.0,-1.332763722607771,-1.7867643705227263,-2.029281046928371,1.950436353904483,0.0,-0.10583475631406772,0.0,-5.046941139016008,1.1698785578505282,2.8590389298809837,-0.07396646254489628
CDMS-8-4A-DBEVA-CorrEtiq.txt,0.0,0.0,0.0,6.546439317723586,-0.5000620490919011,-0.501088487057185,-2.0214046700258796,2.875719626344458,0.0,-0.8729829547189519,0.0,-3.291506165748735,0.6716564040924898,1.3087995056577675,-0.7772285597425209
CDMS-8-4A-DJAVDA-CorrEtiq.txt,0.0,0.0,0.0,6.771284028891427,-0.10842119297076594,0.7714844652425511,-2.3960510620655717,-0.004004666856515127,0.0,0.006896324815165056,0.0,-5.079576506402443,1.8715452224739955,1.742474956581182,-1.9341883265195556
CDMS-8-4A-DOSTR-CorrEtiq.txt,0.0,0.0,0.0,9.094747452937556,-0.2192789198290104,-0.8265702018729879,-1.8898385402707052,6.555695658103302,0.0,0.24147147868317426,0.0,-5.9494580930324545,0.9662875428183035,2.9346122309598197,-0.6073237995808313
CDMS-8-4A-LGOPA-CorrEtiq.txt,0.0,0.0,0.0,8.372140972658853,1.2806563814268244,-1.6487830735248277,-1.3849778599871878,5.229478153140317,0.0,0.7620734962887122,0.0,-4.8845467840026675,1.5707174426584603,2.6555453104159414,-2.186472714346828
CDMS-8-4C-JDBUTU-CorrEtiq.txt,0.0,0.0,0.0,8.02917623188017,0.6546536707079772,2.002271437415744,-1.1558431797018847,-0.4999674849617607,0.0,-0.5163977794943295,0.0,-6.0433897338314555,0.1904453466268297,1.6695044159204315,-1.344550291161605
CDMS-9-4A-ACDUTR-CorrEtiq.txt,0.0,0.0,0.0,6.473455829373548,-1.3767459159303936,-0.989808074282313,-2.5107941320553944,1.475310954923684,0.0,-0.5348739135073708,0.0,-3.4613219329789633,0.8650647051731076,0.9817344635353347,-0.4298649278809038
CDMS-9-4A-CARGA-CorrEtiq.txt,0.0,0.0,0.0,8.860079844451327,-2.1558897647040443,-0.9698779301690914,-2.6064745017617756,1.2667511532343747,0.0,0.7726256755299951,0.0,-3.7323985717581065,0.5895503527801914,1.7622664486870372,-0.30929912250273783
CDMS-9-4A-CRAAG-CorrEtiq.txt,0.0,0.0,0.0,6.635075987642301,-0.42679218372978234,-0.12225180976971155,-2.013332535447149,8.250521641883193,0.0,-0.9508710499799498,0.0,-4.13777245467548,0.16234935491229152,0.14040357903757877,0.6648617242708321
CDMS-9-4A-EROHI-CorrEtiq.txt,0.0,0.0,0.0,10.0,-0.5546706492469554,0.5779879738233601,-2.384375204464647,-0.4997870107443563,0.0,0.6367145399670133,0.0,-5.446001603214972,0.9888852938996432,4.032306678426682,-0.9792233613200657
CDMS-9-4A-ILOSE-CorrEtiq.txt,0.0,0.0,0.0,10.0,-2.7708031089788583,-2.3435662903628836,-3.0826005030844303,4.69861700485556,0.0,-0.6901876975714534,0.0,-5.620735635802703,0.0263696042775034,2.1601866483893146,-2.7640003387790717
CDMS-9-4A-TGAFR-CorrEtiq.txt,0.0,0.0,0.0,6.968613072576702,-0.8486114812645643,-1.7873509885240484,-2.3214762124492516,6.037730305179325,0.0,0.3168253253052418,0.0,-4.200968717285402,-0.42997912926527715,0.783450674213808,-1.4226013333944874
CDMS-9-4C-SCAMO-CorrEtiq.txt,0.0,0.0,0.0,6.624875191584039,-1.973271065473084,-0.5729140657984707,-1.998683822122507,1.158552403183464,0.0,-0.3360800554816198,0.0,-2.3388379055940947,-0.11412537853627927,0.034519862457735355,-0.4240965995816306
CDMS-9-5A-ABERO-CorrEtiq.txt,0.0,0.0,0.0,9.777569144173757,-0.14417515457634555,0.3429971702850177,-2.0976089697745652,1.2225404785256402,0.0,-0.19245008972987343,0.0,-5.448513046349776,0.8221786020271292,2.9404214782430955,-1.8312661216589379
CDMS-9-5A-PAGACO-CorrEtiq.txt,0.0,0.0,0.0,8.181184122390642,-0.8962493962642101,-0.5320188718117232,-1.4632806572499768,0.8074509772986846,0.0,0.7556055384849677,0.0,-4.611349681472477,0.8666681131709293,2.788245420145583,-1.794822850509719
CDMS-9-5A-VVAAR-CorrEtiq.txt,0.0,0.0,0.0,8.605773711195138,-0.36113542525118686,-1.3974499290358486,-0.7863832635159461,1.4279247287982957,0.0,-0.3770702340441677,0.0,-5.864222780155435,1.6428653482637865,3.995854121629799,-1.2889292810852042
CDMS-9-5C-JDMADE-CorrEtiq.txt,0.0,0.0,0.0,7.979703054383916,0.6810163946882175,3.0386434737298766,-1.3125495082302312,-1.6911717088250284,0.0,0.8855183405319764,0.0,-5.550205219806292,0.758820927043112,4.048508350000441,-0.8793597584599698
CDMS-9-5C-LVIZAC-CorrEtiq.txt,0.0,0.0,0.0,10.0,-0.642558333029541,-0.6995281591624045,-1.2620801552691898,3.7750108034207304,0.0,-0.9596462088197397,0.0,-4.791537537891415,1.8203641092364125,2.6482117075428055,-0.9547844195691747
CDMS-9-5C-MLOGO-CorrEtiq.txt,0.0,0.0,0.0,7.540493231126068,-2.3334395941875656,-0.7778994421309482,-2.8931753745989024,5.5018145131215705,0.0,-1.1755701260346028,0.0,-3.7939849454843046,4.146686934726949,4.819021690283462,0.3115488037519441
CDMS-9-5C-SCAAG-CorrEtiq.txt,0.0,0.0,0.0,7.042946349619028,-1.3920379894243302,-1.0683825611643316,-1.606812027705287,0.8355257552730867,0.0,-0.4766768009852802,0.0,-3.466066761148509,1.4691579392222556,2.5500283091699885,-1.4346803532021997
CDMS-XX-10A-VGILO-CorrEtiq.txt,0.0,0.0,0.0,7.0218602598851385,-3.0099646981519137,1.7835920085605712,-2.9242500938788285,-1.4992258064000408,0.0,-1.1296796113408454,0.0,-2.9990087559617096,-0.4714045207910321,0.9428333089782821,-1.9238758666587108
CDMS-XX-5C-MJSARU-CorrEtiq.txt,0.0,0.0,0.0,7.327625151639927,0.3378137054838222,-1.4987473257345818,-0.3268738057645866,1.44782786406466,0.0,-0.95516104174451,0.0,-4.6990745543983845,1.4880287307573414,1.859663219788223,-2.10514098678364
CDMS-XX-5C-MPCAQU-CorrEtiq.txt,0.0,0.0,0.0,8.400284250930742,-1.395592121832843,-2.051406145107258,-2.491243393277566,3.183238842962124,0.0,0.15232444159737885,0.0,-3.350191139045001,-0.25196186855634417,0.6061068629112324,-0.632486237043403
CDMS-XX-6A-MAGICA-CorrEtiq.txt,0.0,0.0,0.0,8.248686724331453,-1.4626571375121689,-1.610908779864643,-1.892418094748963,0.9554874905740434,0.0,0.699740518684099,0.0,-3.8382118012997655,0.3994810702547144,1.9233665387978036,-1.3375142277009378
CDMS-XX-6B-SPUCA-CorrEtiq.txt,0.0,0.0,0.0,7.2383763629506035,1.256663797230145,-1.6358257627039396,-0.2996694940296916,-0.23676738813507553,0.0,-0.9838699100999023,0.0,-3.104667361207091,-0.08220516160604911,1.8120990920710123,-0.7158624338189421
CSO-10-4A-ICAPA-CorrEtiq.txt,0.0,0.0,0.0,8.783412261174488,-0.0480637986096899,-1.923421908489857,-2.0711303871473716,-1.5053643822145057,0.0,0.8110920024707193,0.0,-4.9821592948595566,-0.7160427168624838,1.2605244965943019,-0.9984883022295225
CSO-10-4A-KCOMO-CorrEtiq.txt,0.0,0.0,0.0,7.85705504104975,-0.24649691612950353,-0.920383042932524,-1.7490917740068146,-0.1446942494930642,0.0,-0.27576558673974455,0.0,-4.65422441686216,1.7717591356565965,2.2569387659174143,-1.791569988081504
CSO-10-4A-LRAVI-CorrEtiq.txt,0.0,0.0,0.0,6.648051429794538,-0.5899457308158099,-3.2083929321496796,-2.0014054027620576,1.8403561865186433,0.0,-1.2229589837301098,0.0,-2.802104663397209,0.6551408005251459,1.6391743966668995,-0.9894385081655107
CSO-10-4A-LSCAVA-CorrEtiq.txt,0.0,0.0,0.0,10.0,9.436813377355417,-1.9042585941457806,1.5250952231706236,-0.9598994724090671,0.0,0.5218718723957237,0.0,-8.317617309356788,1.3907054002461732,5.596602406056551,-0.5030980390670009
CSO-10-5A-ACAVA-CorrEtiq.txt,0.0,0.0,0.0,7.182018376076414,-1.8134882566519757,0.4777069660592488,-1.744917260450113,-0.28463788563888637,0.0,-0.3723772117047922,0.0,-3.660657050224259,0.7231742322432513,1.3068489400392094,-1.410695554304633
CSO-10-5A-ARACA-CorrEtiq.txt,0.0,0.0,0.0,9.662674762333452,-2.713843060622253,-0.33021994519900644,-2.9239333571177206,-1.4045285102944889,0.0,0.25461244092124796,0.0,-3.7188194538455814,-0.032962779417275045,1.2761207289558103,-2.1677006207346823
CSO-10-5A-DABRZA-CorrEtiq.txt,0.0,0.0,0.0,10.0,0.0007378510521296967,-1.1028063033782494,-1.2899801094006957,1.5557357333008244,0.0,0.7894101865483958,0.0,-6.900968131692547,0.6101413127828037,2.7631956471828523,-1.4374111738182362
CSO-10-5A-GZAMA-CorrEtiq.txt,0.0,0.0,0.0,9.383720627673233,-1.4284714600904156,-1.9560715512152544,-1.9431797529365276,1.322051298060495,0.0,0.23788644758617572,0.0,-4.930680694070718,0.8640782338358026,1.7147914217926217,-0.2720800702800235
CSO-10-5A-IPECA-CorrEtiq.txt,0.0,0.0,0.0,7.635485054592539,-1.6177434428581958,-1.792460596000402,-2.0413371193195706,2.6983939003502027,0.0,0.8078013173489093,0.0,-3.5320406679549188,-0.4109252487031991,0.7675151282930903,-1.111244126983818
CSO-10-5A-JANORO-CorrEtiq.txt,0.0,0.0,0.0,7.332273710264625,1.909976776881592,-1.121923539375101,0.022124110386665653,1.0716669152654519,0.0,-0.043396303660272154,0.0,-4.131277853169788,-0.02928955754698712,0.6293190245461353,0.026579602109333744
CSO-10-5A-JBUVE-CorrEtiq.txt,0.0,0.0,0.0,9.202426165643042,1.3039202258478344,-0.724645308365446,-1.6070644949193,3.762371373856963,0.0,0.751338494564795,0.0,-5.064163576327078,0.0384578813525022,2.0624175523519717,-1.5265817053753425
CSO-10-5A-JJSEMO-CorrEtiq.txt,0.0,0.0,0.0,7.220791275649924,0.1538267275586025,-2.046307241561958,-2.552426512018516,3.0743957882947908,0.0,-0.46714558651711796,0.0,-3.4063438231375627,0.8429170153991039,1.1945204869725579,-1.3923009747621964
CSO-10-5A-JLCARI-CorrEtiq.txt,0.0,0.0,0.0,8.047161317180878,-1.365362867807292,-0.9565203439408645,-1.3003237668375558,-1.9349443462891256,0.0,-0.07244179326244703,0.0,-3.8855038544619833,0.1393883771803513,1.320235245335848,-0.1672095103538288
CSO-10-5A-MAARAN-CorrEtiq.txt,0.0,0.0,0.0,9.182259338217705,-1.9455197075430886,-2.1268333044423082,-2.639163491236129,0.2318099633773717,0.0,0.18563774398576632,0.0,-5.172523132964182,0.6250438105819618,2.4303354009051144,-0.10742579216506208
CSO-10-5A-MAOSMO-CorrEtiq.txt,0.0,0.0,0.0,9.564617898022718,-1.3705216622381593,-1.3584421976477117,-1.4897469708398332,0.5961668043415426,0.0,-1.5526099404522435,0.0,-4.842080373455817,0.8372665813773446,2.343277197844829,-1.009283989107903
CSO-10-5A-RVMOIB-CorrEtiq.txt,0.0,0.0,0.0,7.205514912467887,-1.841573566783973,-1.390423180510379,-1.9433732571592282,2.42489453175744,0.0,0.3857091964385802,0.0,-2.389950367590533,-0.4138830917726362,0.614197240362164,-0.3840390718296805
CSO-10-5A-SVHEES-CorrEtiq.txt,0.0,0.0,0.0,6.196648685352557,-2.2535289137773957,0.049929934502295714,-2.3992995816008618,1.4052746952911843,0.0,0.6581297958659322,0.0,-3.0836062809928393,-0.4187491789948029,0.4834272236568996,-0.6959997206145198
CSO-11-5A-MDVOSPE-CorrEtiq.txt,0.0,0.0,0.0,8.818860537468353,-1.3937134754596705,-1.6747069713607876,-2.3679778594911385,3.6271368716717087,0.0,0.5672305546057702,0.0,-3.335222157663931,0.8118379755508293,0.6069626472760873,-0.7552651763950678
CSO-11-5A-MTAGA-CorrEtiq.txt,0.0,0.0,0.0,8.286136163742032,1.7931475777797932,-0.6859943405700352,-1.2443420336765105,-0.9316810858912095,0.0,0.7475357090318477,0.0,-5.022142106749518,0.4349588362008396,2.6023229461528232,-2.1633782585760577
CSO-11-6A-CAPAMU-CorrEtiq.txt,0.0,0.0,0.0,8.37786089617943,-2.032282165759316,-0.7864557035006824,-1.9080440025941088,1.3584078171875662,0.0,-0.6368741451103218,0.0,-2.7835004459542803,1.8935743517908692,1.9872818929009026,-0.318665191989828
CSO-11-6A-DSCACH-CorrEtiq.txt,0.0,0.0,0.0,6.768507722888653,-2.001342391221726,-1.4889057298955657,-2.256768850017986,-1.5034115894698816,0.0,-0.7124676663063505,0.0,-1.9834563513571006,-0.4709118146915825,0.6041092396879939,-1.7844158928726517
CSO-11-6A-EROMO-CorrEtiq.txt,0.0,0.0,0.0,8.137602035503258,2.8518038198959488,-1.6455300787743863,0.7405683492473267,-0.7264329681077484,0.0,-2.0137291776298922,0.0,-5.934385714441485,3.0714173171425863,3.632714630986188,-1.9694976725156477
CSO-11-6A-FSOVRE-CorrEtiq.txt,0.0,0.0,0.0,9.604780044098021,-0.673264685830628,-1.342187214991374,-1.8935551433922835,2.5787575563002942,0.0,0.28966628477403933,0.0,-5.9573300680340315,0.425464400750007,1.6261394405801086,-1.155433486852583
CSO-11-6B-ANREVA-CorrEtiq.txt,0.0,0.0,0.0,8.561203221162407,-1.7240945737042401,-1.806580870946829,-1.8890894969866303,2.842489447644232,0.0,0.8492347892866255,0.0,-3.564225540521216,0.14998295745038,1.4469542151455295,-0.5842036475320898
CSO-11-6B-DISEMO-CorrEtiq.txt,0.0,0.0,0.0,8.295163087053925,-0.575219743958549,-0.9618692838696563,-1.2592788050463075,2.295348355679851,0.0,-1.6959647695971811,0.0,-4.374019328782958,2.4734236946819075,2.020132982282289,0.0064964498593851755
CSO-11-6B-LHFDLACH-CorrEtiq.txt,0.0,0.0,0.0,10.0,2.8542110339692712,-0.4300070020791592,-0.2321074595982176,4.504404034162199,0.0,0.7893238523209091,0.0,-7.045394105463174,1.1986610293740538,3.106412868652635,-1.188795696841594
CSO-11-6B-RJGIHE-CorrEtiq.txt,0.0,0.0,0.0,4.461722079586166,-0.9736081137862814,-0.24164883733207074,-1.9951260598460938,2.480172242228939,0.0,-0.1515651769751198,0.0,-2.0397970234806366,-0.07902950546607432,-0.20184420315315163,0.9177438618705579
CSO-11-6B-SFLVA-CorrEtiq.txt,0.0,0.0,0.0,7.99681149460553,0.0438107954338322,1.2513751336213697,-0.6006450620423169,4.832929869530741,0.0,0.5438682498292138,0.0,-5.732393258389117,0.377964473009227,2.23976401609174,-0.15240630637948208
CSO-11-6B-VCOMA-CorrEtiq.txt,0.0,0.0,0.0,8.884836501111087,-1.063157400813042,-1.0294435635378874,-1.2740047324215333,1.8917291748382141,0.0,-0.17300196074677754,0.0,-4.342402069110867,1.4981161031155674,2.2693383617445892,-1.7868001099551964
CSO-12-6A-DGISE-CorrEtiq.txt,0.0,0.0,0.0,7.002567830218545,-0.262205695674151,3.3459095585574694,-1.0805638120028571,-0.23941097633669156,0.0,0.7962000987434801,0.0,-4.719995365271022,0.9120660223397878,3.0623210283985465,-1.9101024240525604
CSO-12-6A-FJOVRE-CorrEtiq.txt,0.0,0.0,0.0,5.778528175451537,-1.9428578710512305,-1.2926526597213217,-1.964832596289795,2.3218661321403027,0.0,-0.5255751625482614,0.0,-2.356274926355748,-0.512279566984652,-0.442272389458562,-0.8151873972883494
CSO-12-6B-GQULO-CorrEtiq.txt,0.0,0.0,0.0,9.501017708252045,0.49982695967642365,0.31001576836762984,-1.390368959072796,-1.0049086374904743,0.0,-0.629940788348712,0.0,-5.009297909149228,1.2478382499004421,1.98108501086858,-2.064599721333978
CSO-12-6B-LJHEFE-CorrEtiq.txt,0.0,0.0,0.0,6.521706881476835,0.5072267575643074,-0.6281071661548505,-0.8688761455018089,0.6972676604996896,0.0,-0.08362420100070432,0.0,-4.513857775910058,-0.5581412430186193,0.9019385274349436,-0.09928820659069576
CSO-12-7A-DALRE-CorrEtiq.txt,0.0,0.0,0.0,10.0,-2.151979328126202,-0.30618621784789707,-2.7294169158376076,7.932265239892556,0.0,0.627432142643257,0.0,-6.681329304362383,1.772715390029074,4.853086556630273,-0.5297888476493747
CSO-12-7A-ESALA-CorrEtiq.txt,0.0,0.0,0.0,6.806480172052804,-1.81644155178072,-2.4822252517591594,-2.868690178964532,-0.9092988050476851,0.0,-1.1434565449138454,0.0,-2.72536718457008,-0.2081794509266509,0.8761644960367976,-1.9757469579696267
CSO-12-7A-IMERO-CorrEtiq.txt,0.0,0.0,0.0,8.33301836319961,2.2168493179315205,-1.0332505387810873,-0.31227027442192357,1.7937771396501678,0.0,-0.39007637261857525,0.0,-4.856362427184144,1.9046206284264593,2.590573401788743,-1.2962988229078622
CSO-12-7A-JHEZA-CorrEtiq.txt,0.0,0.0,0.0,8.375411236461186,0.04922508655042096,-0.08038693964465804,-0.4496216611318153,0.26206416790560483,0.0,-0.37622942562210715,0.0,-4.80712392671245,0.3803238711508966,1.6403677771351726,0.841352976584652
CSO-12-7A-LSARAR-CorrEtiq.txt,0.0,0.0,0.0,9.506709318424072,0.9921460528056735,-2.2204578814200637,-1.5132065065703533,-0.4211839574433935,0.0,0.8002875393678286,0.0,-5.287333945790234,-0.062136976600119784,2.7354407748319476,0.061091559034656635
CSO-12-7A-SCAHO-CorrEtiq.txt,0.0,0.0,0.0,9.523839435224625,1.3456453440226859,-1.5247804736163666,-1.3031446331589063,0.5009385659228707,0.0,-0.9834089870607343,0.0,-5.139823903346532,3.320075415311944,5.065127691360899,-1.235907318625069
CSO-12-7B-DVAGRO-CorrEtiq.txt,0.0,0.0,0.0,8.954460732628638,0.244749053241221,0.08072977084483414,-0.18042944332951918,0.4711573562592723,0.0,0.7014988550605447,0.0,-5.28339086190216,0.9755233420341523,3.215310278070754,-0.6200491620624276
CSO-12-7B-SMUGU-CorrEtiq.txt,0.0,0.0,0.0,7.18737231422851,-2.9795439618432473,-1.4201970472943524,-3.167954232235677,5.141158138482549,0.0,-0.67576513759308,0.0,-2.1979801620103405,0.832134896052521,1.0671508943486583,-0.9886769684540064
CSO-12-7B-SSARA-CorrEtiq.txt,0.0,0.0,0.0,10.0,-0.4262550593114426,0.1763274526509573,-1.1147221461277796,2.236224581193104,0.0,0.8379564621831623,0.0,-4.400401090431366,1.409043891506246,2.58713947925775,-2.165821169994732
CSO-12-7B-VHOMA-CorrEtiq.txt,0.0,0.0,0.0,8.212002771644373,-1.0605711688397454,-0.28434741622920867,-1.8830683819261185,0.8864382043359231,0.0,-1.6924558427507066,0.0,-3.5853683081740533,2.384988897879978,2.004499222549257,-0.5791667766724159
CSO-12-8A-YTOME-CorrEtiq.txt,0.0,0.0,0.0,9.63180804680267,-1.4889108920100167,-2.1112828130434336,-2.3114442258470826,3.122534456203498,0.0,-0.3745541153262503,0.0,-4.301467972573166,-0.5578379234528693,1.675134882538387,0.07775271121031188
CSO-13-6A-ANASA-CorrEtiq.txt,0.0,0.0,0.0,10.0,0.20460275151003507,-1.5104551552926184,-0.8874483858918167,-1.4565693741739585,0.0,0.38958019907891284,0.0,-5.477132089780271,0.36018648327737246,2.222350270793479,-1.421803254966038
CSO-13-6B-JETAVE-CorrEtiq.txt,0.0,0.0,0.0,9.697406390393686,-2.487432126410682,-2.1518605573723737,-2.8746327436247308,4.2851408360588605,0.0,-1.6181398189825675,0.0,-5.464242595738039,-0.45562108082560976,2.185278775721375,-1.4661787076985082
CSO-13-6B-LFMIES-CorrEtiq.txt,0.0,0.0,0.0,6.437619166090078,-1.337657445963453,-1.1062858674080591,-1.8106609254626629,0.6328027565613761,0.0,-2.206563879412484,0.0,-3.0672843031367503,3.3396153674121942,4.018641859797902,-0.5602669657128186
CSO-13-6B-LJMAHU-CorrEtiq.txt,0.0,0.0,0.0,10.0,0.27223280655073373,-2.015639335885056,-1.7695488253879441,-0.792351197441652,0.0,0.9810485995341997,0.0,-6.117161380415471,0.3632191915476229,2.6732111768577402,-3.252752568409309
CSO-13-7A-CAPAMU-CorrEtiq.txt,0.0,0.0,0.0,9.631561288402215,1.6913782538794442,0.2700888922639466,-0.18576917768039738,1.1460889574355002,0.0,0.24795655392651467,0.0,-6.423524855932365,0.7891092533493691,3.8583476805062134,-1.484240842353669
CSO-13-7A-CDDITR-CorrEtiq.txt,0.0,0.0,0.0,9.043373299271698,-1.216012429909412,-1.4723329027060679,-1.5500796336323157,2.6604432790948396,0.0,-0.07885091720725285,0.0,-3.751632593849965,0.3385174585998201,1.7701622862802555,-1.2278948740328453
CSO-13-7A-JJATFL-CorrEtiq.txt,0.0,0.0,0.0,5.007235465291998,-0.9651275939919002,-2.0483038691959576,-2.0356382661506123,0.057325898998838,0.0,-0.005239101587731221,0.0,-1.9501097950440853,-0.26734613944297314,-0.333451890797609,-1.0060571709559238
CSO-13-7A-KRAMA-CorrEtiq.txt,0.0,0.0,0.0,7.30848278918619,-0.36965108804887903,-1.1247270050729818,-1.7204216733196616,-2.274638783997834,0.0,0.6969163689333,0.0,-3.7284022003083086,-0.15246545601927314,1.3293306268791154,-1.6688294434179987
CSO-13-7A-RXCHLU-CorrEtiq.txt,0.0,0.0,0.0,3.453738463596787,-2.3140338309706396,-1.9817742169254968,-2.1903648930320947,-1.253536369234662,0.0,0.8423669640677959,0.0,0.07630980848724686,-1.7236241503820597,-1.3598537404573376,-0.38334608618025656
CSO-13-7A-YAMEZA-CorrEtiq.txt,0.0,0.0,0.0,8.16223218932561,-1.1104262336747628,-1.2520052733190679,-1.3041089866825226,0.206387903605914,0.0,-0.31743601078657147,0.0,-4.421556008668954,0.8622661466641588,1.7443667579891922,-1.3179887509565047
CSO-13-8A-KIGAGU-CorrEtiq.txt,0.0,0.0,0.0,9.234415928387866,-1.3167617374292435,1.6116594719928679,-2.186465878731919,1.782280388631359,0.0,-0.49172627918232453,0.0,-6.579603147196325,0.10568459169787209,2.6549551616320755,-0.9487664352255987
CSO-13-8A-MBUAN-CorrEtiq.txt,0.0,0.0,0.0,10.0,-0.003943645699729865,-0.19303460159890684,-0.7730826411649424,0.9951003302202138,0.0,0.30227563311592415,0.0,-6.284928953074881,1.7755442760983662,3.930132905529672,-0.9907765576687474
CSO-13-8A-MGAAN-CorrEtiq.txt,0.0,0.0,0.0,7.996442388759903,1.1165399364526274,-1.6876318513890358,-0.4813012725317477,-2.1318610601920858,0.0,0.8442226823202514,0.0,-4.081974543130232,-1.2395855243500675,0.2839263233725147,-1.2415136270143068
CSO-13-8A-MGAHE-CorrEtiq.txt,0.0,0.0,0.0,9.69554983800198,-2.5552473557838398,-1.460407477608721,-2.608675614618787,3.994561724947079,0.0,-1.0223446640297071,0.0,-4.079981525552214,0.01623068682902954,1.7178201635745607,-2.428980112296039
CSO-13-8A-MJAGA-CorrEtiq.txt,0.0,0.0,0.0,9.385172417401572,0.0665542793803966,2.5551395333501628,-0.6677501229682377,-1.7078262547739784,0.0,0.7598576241949819,0.0,-7.412893369127682,0.09594551715660542,3.146928931043538,-2.5964020444550346
CSO-13-8A-VHODU-CorrEtiq.txt,0.0,0.0,0.0,4.522078617750395,-1.590792249318112,-0.7541000504946143,-1.8255206703718172,0.26744131808150556,0.0,-0.43883078122290375,0.0,-1.6595054213216036,0.4424334484733557,0.6866753778393099,-0.03004558876531906
CSO-13-8B-FCJISA-CorrEtiq.txt,0.0,0.0,0.0,6.888648300151454,-0.0075742962299231165,-1.6333079558084065,-1.5060062325651287,0.9078059312232682,0.0,0.47425683035229393,0.0,-2.6887222776099966,1.0765970976482844,2.1362341368684787,-0.09596161868154823
CSO-13-8B-JEMABE-CorrEtiq.txt,0.0,0.0,0.0,10.0,-2.1727263398005365,-1.5813614055253251,-3.1282927478109883,-0.2211711760100654,0.0,0.0,0.0,-5.362521868610592,-0.24283283362279284,1.623306230024906,-0.8274346773578473
CSO-13-9B-DMLLLU-CorrEtiq.txt,0.0,0.0,0.0,7.418222635752512,-2.371410219621515,-0.7820579550337325,-2.748064808631724,1.9710676695005542,0.0,0.8424943161992767,0.0,-3.7719141192150203,-0.4242596539622235,0.6043756596557558,-1.510585740681487
CSO-14-7A-MVEBE-CorrEtiq.txt,0.0,0.0,0.0,5.183458776397638,-2.459697811029124,-1.0072139900790256,-2.5843876749163095,-0.0898231856885665,0.0,-2.1777026332312226,0.0,-1.8315244392973002,-0.32737515284415525,-0.7085379734668907,0.9828902537963902
CSO-14-7B-EALHU-CorrEtiq.txt,0.0,0.0,0.0,8.439921263920878,-0.7893084478443821,-1.8653384991921493,-1.6748285617697878,4.170647082692008,0.0,-0.674199862463242,0.0,-3.801444722324021,-0.5918428832143185,2.2993616696403882,-0.4158242958252223
CSO-14-7B-EVEGO-CorrEtiq.txt,0.0,0.0,0.0,9.282374880519317,-0.6410748081605053,-1.729123280462309,-1.0440680697558349,3.594825091057561,0.0,0.7521220041559687,0.0,-4.500060811089453,0.8220346936942431,2.3718579531592274,-0.341187276661046
CSO-14-8A-AQUMA-CorrEtiq.txt,0.0,0.0,0.0,4.891205992843151,0.23919284361661042,-1.7521213906812654,-1.5406382294974172,-0.8124794629882787,0.0,-0.24610370761190026,0.0,-1.0683176305368096,-1.0729798356190638,-0.7268632960304962,-0.6271489061177432
CSO-14-8A-MCIDOS-CorrEtiq.txt,0.0,0.0,0.0,9.76612496923206,-0.7504848425841544,-1.0188277817678082,-1.1575260612149505,6.5269757618973845,0.0,-1.225973185389713,0.0,-4.85577968619816,2.0805605655637196,3.0590803052475257,-0.5078012010500796
CSO-14-8A-SZARA-CorrEtiq.txt,0.0,0.0,0.0,8.549658137907793,-1.16365209355529,1.170981645311366,-1.134857696282507,8.517219766056872,0.0,0.7175608803587826,0.0,-5.602794333886096,0.09747403576571596,2.3083227763591245,-2.238060800667771
CSO-14-8B-JLLORA-CorrEtiq.txt,0.0,0.0,0.0,7.195652279107609,-1.9041368689118032,-0.4495243399906257,-2.090377285515696,0.31063249834711715,0.0,0.7662792932546372,0.0,-3.330319699995699,0.03594543597407687,1.265927797206717,-0.37647897107634193
CSO-14-9A-AEDCAGO-CorrEtiq.txt,0.0,0.0,0.0,6.500087262537005,1.0454655519080323,-0.5525863276311281,-0.32302766371032293,0.21318268150918568,0.0,-0.37822461094135346,0.0,-3.996715102033903,0.07562813499650663,1.4069694682324747,-0.9226081789372949
CSO-14-9A-HASACA-CorrEtiq.txt,0.0,0.0,0.0,8.856689305955914,-0.05426869131879575,-1.222048790504135,-0.5018157102853678,-2.4907869410493495,0.0,0.2576429868895985,0.0,-5.189235418914348,0.1393813771843121,1.1215842809415295,-2.0044112519305983
CSO-14-9A-JSMAAL-CorrEtiq.txt,0.0,0.0,0.0,8.6106822466812,-0.5280250078565721,0.9443106970201072,-1.0123246474328675,0.26999978893377885,0.0,0.05457602347048768,0.0,-5.29447926221425,0.44920898118342684,1.7790365249120288,0.16512592137774265
CSO-14-9A-MARJA-CorrEtiq.txt,0.0,0.0,0.0,9.582047092808729,-2.0982014675556266,-2.1459969576405697,-2.1379823009820944,3.6444459358865458,0.0,-0.9330078226479631,0.0,-3.369291316963568,0.7520357238464747,1.6967351067972045,-0.3062775423593522
CSO-14-9A-SORZU-CorrEtiq.txt,0.0,0.0,0.0,8.375152610267678,0.657218740985294,-0.7483314773547884,-0.7829498767557047,3.5692759444671602,0.0,-0.5727290349876143,0.0,-5.190739207889614,1.2674498775126974,2.7123554193366903,-0.3455819473723511
CSO-14-9B-ERAGA-CorrEtiq.txt,0.0,0.0,0.0,7.941977083824908,-0.5732209140888673,-0.16375406817469162,-1.0698462044897625,3.230384637773714,0.0,-0.864936162219569,0.0,-3.996932680285277,1.1207321633788203,1.794925425218657,-0.5394693684532575
CSO-14-9B-MFEGA-CorrEtiq.txt,0.0,0.0,0.0,8.235389505272313,0.4342609381685604,-0.3651067202654356,-0.7034540146402359,6.33688281953123,0.0,-0.08251649424020996,0.0,-5.237866243426517,0.054110202382546435,1.6818256550856825,0.05781721923409914
CSO-15-10A-LJRAGU-CorrEtiq.txt,0.0,0.0,0.0,8.693348745452527,-2.339043526756351,-1.9758273061220573,-3.1497866952218323,3.8018129223169352,0.0,-0.4460421958281893,0.0,-3.6678511910746994,0.7977240352174658,1.6852434305069208,-0.6760274002170393
CSO-15-10A-MAARLO-CorrEtiq.txt,0.0,0.0,0.0,5.980464651413676,-1.3323209253935433,-0.7791117807550432,-1.660846558730261,0.8360834407010789,0.0,-0.7425417610222139,0.0,-3.0477460689312816,1.1283296297199519,1.468417600393832,0.39096405892065333
CSO-15-10A-SFEGA-CorrEtiq.txt,0.0,0.0,0.0,8.413331032053657,-1.1802262692239063,-1.6918066103478155,-2.0464527796851057,6.658640928859365,0.0,0.5723045895461609,0.0,-4.100704055111845,-0.56007468483633,0.8677510309541054,-0.9892744169514605
CSO-15-10B-MEBUAR-CorrEtiq.txt,0.0,0.0,0.0,5.853534320642002,-0.8917709327244487,-2.100205417276328,-0.9089797788108095,0.4666531359822693,0.0,0.716808485577753,0.0,-3.1028944097874156,2.1105794120443453,2.8976053744983887,-0.6553534048046741
CSO-15-10B-YVBUAN-CorrEtiq.txt,0.0,0.0,0.0,6.944461624905045,-1.7913167099704292,-1.4646784178725625,-2.153519402138002,1.599046985992379,0.0,0.37796374813644606,0.0,-2.4507659897911287,0.10979165141501687,1.1683097796128061,-0.5466151550556896
CSO-15-10C-ALBAHO-CorrEtiq.txt,0.0,0.0,0.0,9.80270152077848,0.23933789054011728,1.0929171812179599,-1.4311231359133658,-0.5065809542761044,0.0,-0.3127369361261405,0.0,-5.966474046956966,1.6970562748477143,3.545681580959491,-2.087271821411648
CSO-15-10C-SSCAMO-CorrEtiq.txt,0.0,0.0,0.0,9.366991907378576,3.1935259093967474,-0.7842126417369175,-0.4863897943243255,2.353158185766738,0.0,0.16815955209692757,0.0,-6.297977442814894,0.331861655799986,2.9883352291300818,-1.7580965203215104
CSO-15-11C-JETALO-CorrEtiq.txt,0.0,0.0,0.0,9.99397290782711,2.8359127621856226,-0.33894562449653703,1.0449447260980969,-0.6285280147264802,0.0,0.2916253985243761,0.0,-7.621156111812031,0.02089040749154633,2.702015747071103,-0.9433087183124684
CSO-15-7B-JCRAGA-CorrEtiq.txt,0.0,0.0,0.0,6.458791887579195,0.7455550814922618,1.455556274348955,-0.5669094486973427,-0.29728509990494645,0.0,0.9755233420341469,0.0,-4.801012167275259,1.5369675422944866,2.751631339013305,-2.0626661296162276
CSO-15-8A-VBMABR-CorrEtiq.txt,0.0,0.0,0.0,8.533398949878956,-0.06599369992259088,-1.9350776592801788,-1.7566537652309524,-0.40262978319766324,0.0,-0.22858179532783293,0.0,-4.039248242080904,0.9274260335029673,2.6695972775897516,-1.6395743570329842
CSO-15-8B-KEPOGO-CorrEtiq.txt,0.0,0.0,0.0,9.487219545810406,-1.529671736047858,-1.5108741598748132,-2.6681953826666405,2.5163214514189836,0.0,-0.02826314252028911,0.0,-3.387746109230548,0.49420657456718775,1.549887983583023,-0.21401838135569923
CSO-15-9B-ALRIHE-CorrEtiq.txt,0.0,0.0,0.0,8.844882222914059,-1.359104814578308,-0.20921255975563702,-2.423778105903941,-0.33915968092845217,0.0,-1.0910156554020682,0.0,-4.4887866505208756,0.7387645602417781,1.9881085539341359,-0.32617210675769537
CSO-15-9B-AMSAGO-CorrEtiq.txt,0.0,0.0,0.0,6.744021215432041,-0.5495588866440355,-1.5402886171896886,-1.325337546294568,1.920075894681293,0.0,-0.19407118487283814,0.0,-2.7585975880944402,0.41282898808245266,1.4411063934881563,1.256736719146377
CSO-15-9B-JCAPA-CorrEtiq.txt,0.0,0.0,0.0,7.518047237845074,-2.636474807319698,-0.8651685393258428,-2.7372504343159916,0.6422777301530447,0.0,0.6940066928314311,0.0,-2.2406412850638757,0.45341344967389097,1.331620092758593,-0.8187137431415452
CSO-15-9B-KSBEJA-CorrEtiq.txt,0.0,0.0,0.0,8.072312407414964,-1.4523955164893647,-0.4926646390821466,-1.396811871568546,-0.7667392420803378,0.0,0.11547005383792952,0.0,-5.051508800705152,-0.3692744729379985,1.7504702334104136,-1.5284463354511948
CSO-15-9B-RMCHLU-CorrEtiq.txt,0.0,0.0,0.0,9.21328046740373,1.0118963291771759,-1.852133918303361,-1.1688022074421867,5.005579228094861,0.0,0.7419296242614833,0.0,-4.795388514931334,-0.23110543251691046,0.8973838945336245,-0.4266732253173171
CSO-15-9B-SJAGRO-CorrEtiq.txt,0.0,0.0,0.0,5.831716908944447,1.8080650420878137,-1.6168954343550124,0.16160934147414083,-1.852681670730501,0.0,-1.0331040609427558,0.0,-2.757654046835925,0.08918972123921226,1.014645137673834,-0.7025316569851525
CSO-16-10A-JEGAHE-CorrEtiq.txt,0.0,0.0,0.0,8.947243029985316,-0.3184015023121325,-1.4827386893785057,-2.038053115114894,-0.49067688226024575,0.0,-0.42611143822500586,0.0,-4.550531619051864,1.8119602533769068,2.259587839350178,-1.1745542390780805
CSO-16-10A-MSACO-CorrEtiq.txt,0.0,0.0,0.0,5.350426261566385,-1.2148760330578514,-1.0890815647638703,-1.5464204501462628,1.5268734929640422,0.0,-0.1515651769751198,0.0,-1.700971920250732,0.10310827535037016,1.2630878533376555,0.12624054148403016
CSO-16-10A-SARI-CorrEtiq.txt,0.0,0.0,0.0,8.04342419702655,-1.5022331696785505,-0.812369712464064,-1.9914054153537384,1.2489349933142233,0.0,0.4609615624640196,0.0,-3.326795513603684,-0.14671397968903827,0.6726552279135662,-1.5853141481252635
CSO-16-10A-SMOUT-CorrEtiq.txt,0.0,0.0,0.0,8.09280584800516,0.5069236767845252,-0.2827108890212533,-1.5755289331089626,2.323892810321614,0.0,0.04214497519610656,0.0,-3.9073850581386327,0.8484341333093021,1.9674750823207166,0.2753794651651205
CSO-16-10A-YKMUJO-CorrEtiq.txt,0.0,0.0,0.0,6.177526966957642,-1.7553375679084418,-1.041499235798535,-2.174717441021383,1.2480442298737886,0.0,0.7298421685094597,0.0,-2.806391876363219,-0.13468377582238705,-0.25776093907610087,-1.2556180917976338
CSO-16-10B-JESUGU-CorrEtiq.txt,0.0,0.0,0.0,5.995476737479612,-2.3623744428286724,-1.381248960862844,-2.7023448879231293,-0.6671243849949913,0.0,0.15748067807837882,0.0,-2.0234426928557667,-1.083027701500426,-0.29470031758749,0.4854891747760158
CSO-16-10B-LTVIFA-CorrEtiq.txt,0.0,0.0,0.0,3.804549754766141,-0.43503239442833674,-1.359139264202513,-0.6874430385660726,1.7908293554344434,0.0,0.37443680035045596,0.0,-0.5235733083502582,-1.1118903975202934,-0.42512188304304716,-0.31125137119297563
CSO-16-10B-VVILI-CorrEtiq.txt,0.0,0.0,0.0,7.647497007062601,0.8868723736960065,-1.1558025204663953,-0.8417823403526788,2.502135797691177,0.0,0.331835016502038,0.0,-4.083246063782764,0.2332489320779304,1.9448924857673104,-1.3139261530067836
CSO-16-10C-ACALGU-CorrEtiq.txt,0.0,0.0,0.0,8.529806565055146,-0.6637273298502605,-1.9128832891213499,-1.355995132772997,1.4302219094165922,0.0,0.4384078480596145,0.0,-3.9556877992879556,0.08183860088987996,1.471682503046114,-1.7319391047311155
CSO-16-10C-MAVAVE-CorrEtiq.txt,0.0,0.0,0.0,8.081761174171211,-0.7241479433806596,-0.507180307887146,-1.0973660579428008,2.5162394436964255,0.0,0.7310608078153995,0.0,-4.280435751933465,1.6523731656776819,3.0177050296973986,-0.5691693393101719
CSO-16-11A-JAVABO-CorrEtiq.txt,0.0,0.0,0.0,9.179500352465448,-0.6034500071089814,-0.23445980298665456,-1.621987993449913,-1.0823524868532017,0.0,0.32202054023852006,0.0,-4.551917808845817,-0.024530566978425077,1.875179738897725,-0.24651015362857692
CSO-16-11A-JDMUVA-CorrEtiq.txt,0.0,0.0,0.0,8.238487225837599,-0.45075572864284513,-1.006993092190457,-0.966252182298765,-0.568088364029889,0.0,0.7419978393507244,0.0,-4.209450040575769,0.6432291477991198,1.2738979148497878,0.48804943009696616
CSO-16-11A-VZAOR-CorrEtiq.txt,0.0,0.0,0.0,6.67406406330492,-0.460889671992349,0.2996780218754349,-0.7904291650148152,1.20823641480641,0.0,0.2572611745193956,0.0,-3.8781046469982616,-0.3528994624071577,1.0675716587579602,-1.690914850461441
CSO-16-11B-KRORE-CorrEtiq.txt,0.0,0.0,0.0,9.130176336015046,-1.205929620256133,-1.556871224232356,-1.5465522998547698,1.425721154626003,0.0,0.3469481172943138,0.0,-4.690171531817994,-0.2812712985646403,0.6154329345185416,-0.7432281116662327
CSO-16-11B-LLOZA-CorrEtiq.txt,0.0,0.0,0.0,6.745747599851431,-1.38799275938003,-0.7262753037481726,-1.4853798967127643,0.22682923044677378,0.0,0.7784970702014602,0.0,-2.8414181635577265,-0.6083699275861956,0.8536911526991775,-1.5438478258543276
CSO-16-11B-YAROMO-CorrEtiq.txt,0.0,0.0,0.0,7.552311091031512,4.3486634084837155,0.3595770668151609,2.4501623136312087,-0.7366898577004128,0.0,0.9337990556476882,0.0,-5.95830400180501,1.1490688758456236,1.948257243852684,-0.4438752825195778
CSO-16-9A-JALEMO-CorrEtiq.txt,0.0,0.0,0.0,5.811217692174814,0.5435612458252223,-1.394540100050753,0.35998584582534493,0.43968065595542427,0.0,0.6944060416341374,0.0,-3.114572626510348,0.6877463849533243,0.5504958085303944,-1.3780365160439543
CSO-16-9A-JPROSO-CorrEtiq.txt,0.0,0.0,0.0,8.787783537644927,-0.48260861838341873,0.37721468810590253,-0.5740700956828325,0.1302229185386611,0.0,0.11578952097411116,0.0,-5.520898830321826,1.3438421205620852,3.767387194592379,-0.6556237829879158
CSO-16-9A-JSMAGU-CorrEtiq.txt,0.0,0.0,0.0,8.706083821796412,-1.353055899023182,-1.8483610483050494,-1.8992051718039689,5.665465960391915,0.0,-0.10224582424852349,0.0,-3.933725017423278,-0.405535922653808,1.1591419013956838,-1.102733909519266
CSO-16-9B-SJPAJI-CorrEtiq.txt,0.0,0.0,0.0,8.208250628893841,-2.3052241535487816,-1.4352203718080294,-2.403887059773276,3.6276017645148633,0.0,-0.24568116085215005,0.0,-3.861545779491304,1.1253529323818645,0.6597975478501621,-0.8653991039834549
CSO-17-10A-YVGOCA-CorrEtiq.txt,0.0,0.0,0.0,6.711017909820954,1.647060849643682,-1.3384964860192368,0.22162110358896814,0.3523171334272364,0.0,-0.5130246819379721,0.0,-3.805291015800706,0.580282860852893,1.1964650840771933,-0.8158285306742326
CSO-17-10B-EHECO-CorrEtiq.txt,0.0,0.0,0.0,9.127124747655653,-1.6143961287767115,-0.9084115860822302,-1.6017614441391244,-0.29019218334843283,0.0,-1.3643045552957596,0.0,-4.6397126229112295,0.7833628155478465,2.630335256215575,-1.3436237071090509
CSO-17-10B-YCQUVE-CorrEtiq.txt,0.0,0.0,0.0,10.0,-0.5195713198892705,-1.3981452885216297,-1.0637081934615567,-0.1605886019561362,0.0,-0.7355712915469057,0.0,-5.718125993055061,1.2337151377736593,2.8006742334897816,-1.1833313931347627
CSO-17-11A-DJAPA-CorrEtiq.txt,0.0,0.0,0.0,7.527712054894158,-0.6242527661148901,-1.3474580149699242,-0.9855118387834781,0.4401086998590317,0.0,0.7428692048833222,0.0,-4.052629613659373,0.2842253091799841,1.5855183512331101,-1.410069885158621
CSO-17-11A-JDAMO-CorrEtiq.txt,0.0,0.0,0.0,9.232051673176354,-2.450354126339156,-1.7451083274713572,-2.7963996452800233,4.258297479763931,0.0,0.10190030899568292,0.0,-3.2325861197989485,2.000104571253863,2.117022301002698,-1.4389976551020895
CSO-17-11A-NPAHE-CorrEtiq.txt,0.0,0.0,0.0,8.334606619906435,-1.5867557640470882,-1.6244840294483684,-1.5256040839814469,-0.8866713616729591,0.0,0.8777581534951584,0.0,-3.6669829586313645,0.029869642669523522,1.1490116210412218,-0.6644325052988445
CSO-17-11A-RLPAIG-CorrEtiq.txt,0.0,0.0,0.0,7.728833330481962,1.6851336618429595,0.2886280806871957,-0.1250183614317582,-1.8553614303507413,0.0,-0.7794552284273432,0.0,-5.42265094889194,-0.07650850092076872,1.7859961471266934,-0.4297952744912962
CSO-17-11A-SPUVA-CorrEtiq.txt,0.0,0.0,0.0,8.163916853098518,-2.2880909684425097,-1.2295684700800484,-2.3560092296963404,6.126251199641006,0.0,0.708162795123614,0.0,-4.4691728374851145,0.12404830100998279,1.5531411793163448,-0.5863827724721027
CSO-17-11B-CDBEBU-CorrEtiq.txt,0.0,0.0,0.0,7.708755437622755,0.6872445508886755,-1.6470288524802645,-1.1752468541564667,-0.43709704980519803,0.0,-2.103694496747606,0.0,-3.245294141136484,1.9703146090557677,3.088080640797312,0.20481806379394235
CSO-17-11C-JDAAG-CorrEtiq.txt,0.0,0.0,0.0,6.432714652429373,-0.32308733045521826,-1.885618083164127,-0.27299647512220304,-0.16622207163174826,0.0,0.3040828045719698,0.0,-2.5462057697619755,0.4556779494943459,1.1657422916307922,-0.642708302351277
CSO-17-11C-MAPAMA-CorrEtiq.txt,0.0,0.0,0.0,5.345905067875202,0.09500511931966754,-0.741998516004452,-0.3775913589271578,1.8239795969706916,0.0,0.617032053171954,0.0,-2.5537646783851664,-0.09340289249886097,0.5483245470768366,0.48038613434886684
CSO-17-11C-MCAAG-CorrEtiq.txt,0.0,0.0,0.0,8.541915020040731,0.6726915834767423,-1.6459226747392854,-0.6693757698987891,-0.6289811267915749,0.0,-1.219988562660833,0.0,-3.685275758202861,1.1879447517051007,2.5321584711978065,-1.5282618301587692
CSO-17-11C-SARJA-CorrEtiq.txt,0.0,0.0,0.0,6.290539211258759,-1.1995924011248054,-1.690268630001412,-1.818893223233438,2.701947503392189,0.0,0.6971561777804223,0.0,-2.3249039505212483,0.36259730845966864,0.7509443884863504,-0.7057978537523399
CSO-18-11A-ADBAHO-CorrEtiq.txt,0.0,0.0,0.0,8.169611465766891,-0.19546530861606293,-1.7223634079793095,0.06921778083900809,-2.1177201606540987,0.0,-0.4354582504418161,0.0,-4.374419202417388,-0.2358584774019793,0.6313130658528616,-1.2794621877893755
CSO-18-11B-YLLRE-CorrEtiq.txt,0.0,0.0,0.0,7.1061577474683295,0.45165154774475835,-1.7522767692528438,-1.8895226528929923,0.8149266093978771,0.0,-0.24214029368137335,0.0,-2.6127667946170243,0.997380480110751,1.8853779452479473,-0.2976263669444705
CSO-18-9B-MAMOLO-CorrEtiq.txt,0.0,0.0,0.0,10.0,2.455893648463924,0.24151516358029618,-0.1532928390922787,2.5755162452808746,0.0,-0.06430141662173626,0.0,-6.965808036145251,1.8424304574134984,3.297566126218538,-1.068856347567488
CSO-8-3A-AIPRBR-CorrEtiq.txt,0.0,0.0,0.0,9.471345410390231,-3.058698577790728,-1.211617117623136,-3.4358630633872163,2.1791402000820046,0.0,-0.18569533817705453,0.0,-4.486405374264598,0.5012804118276025,1.3737752978613744,-0.11964916879691288
CSO-8-3A-DAPAVA-CorrEtiq.txt,0.0,0.0,0.0,8.200368355680329,1.487174524198641,0.08459418571217105,-0.8889985184566599,2.099992313637444,0.0,-0.20829438209441398,0.0,-5.222547132430114,0.6956164506593854,2.911441198628241,-1.7965194520464616
CSO-8-3A-KVPECO-CorrEtiq.txt,0.0,0.0,0.0,8.61974542879754,-2.791178273464947,-1.133091654064605,-3.119245466773842,1.923749333991672,0.0,0.5275423410362555,0.0,-4.228687079684017,0.16100143316672577,0.6252161060620085,-0.12711208113229672
CSO-8-4A-ARAGR-CorrEtiq.txt,0.0,0.0,0.0,6.196626828091594,3.1864481104981084,-0.8115850677153017,-0.7288177278891902,2.1980893919766107,0.0,0.86765458190841,0.0,-3.1477265244141064,-0.0681916030325712,1.3568017392046052,-1.9330493065086565
CSO-8-4A-JRAAR-CorrEtiq.txt,0.0,0.0,0.0,6.762833484521304,-2.039495161455853,-0.8143658019954054,-2.5119299555438666,0.47188238776875147,0.0,-0.00875942184621914,0.0,-2.9047778633244907,0.9242421865022113,0.7612955048454296,-2.5961810130970515
CSO-9-2A-EXMOCO-CorrEtiq.txt,0.0,0.0,0.0,7.133814386720757,-1.4630860682793028,-1.2956244496654339,-2.142419630434061,-0.8455883415686363,0.0,0.10253208268560497,0.0,-2.4331936524356323,-0.8064193829708235,0.5906139876425466,-0.34444404871788603
CSO-9-4A-AGAPE-CorrEtiq.txt,0.0,0.0,0.0,7.817808853124663,0.21464617744687384,-1.6338493820292757,-1.23195313947254,1.4336158421677356,0.0,0.05457602347048768,0.0,-3.786984992327614,0.4636692021739583,2.1181911505245,-1.9322042150926255
CSO-9-4A-DKVIMO-CorrEtiq.txt,0.0,0.0,0.0,10.0,-2.1749251079378773,-1.9324502073454268,-2.6734005885895042,0.6109253950911829,0.0,0.6899683601645639,0.0,-4.5673154528405595,0.6324555320336764,2.44628970607638,-1.0877314812121313
CSO-9-4A-DSMOMU-CorrEtiq.txt,0.0,0.0,0.0,8.961283904919533,-1.490126047219202,0.0094402905203049,-1.7381824772393122,-1.0600579291051755,0.0,-0.028093825131834255,0.0,-4.268854761276819,0.6265336483700521,1.6875142565011894,-0.33228736917080615
CSO-9-4A-DVGATO-CorrEtiq.txt,0.0,0.0,0.0,8.12668886877036,-0.2031369438659031,0.9484054373712973,-1.6205136426308941,1.3833395673197444,0.0,-2.113766486182798,0.0,-5.257594287583997,2.0864726334241217,2.607730977136149,-1.6795088064357968
CSO-9-4A-EGCAMO-CorrEtiq.txt,0.0,0.0,0.0,8.52507253310288,0.16073912063011553,-0.48071831055971026,-1.1525257098054695,0.798992395262371,0.0,0.28686990712829963,0.0,-5.390363480512091,1.7407829468659313,2.7831591463461147,-1.655871388139015
CSO-9-4A-FAGIGA-CorrEtiq.txt,0.0,0.0,0.0,6.185822421167025,1.1456260323739946,0.9065312435512005,-0.1570540353274998,1.4092435109101096,0.0,-1.1926453841210656,0.0,-4.636437921718711,0.9551212157652987,1.8036761030483102,-1.4449434916521282
CSO-9-4A-GSBRCO-CorrEtiq.txt,0.0,0.0,0.0,9.946076668117568,-2.02495858633785,0.591962973629404,-2.8814882572278093,6.437292095469915,0.0,-0.4905299581072302,0.0,-6.032403237305195,0.5483347058828814,2.432651532530202,-1.3123972947107674
CSO-9-4A-KEMOCO-CorrEtiq.txt,0.0,0.0,0.0,7.1420323368473655,-1.9664709108576643,-1.1994563212134248,-2.3512838724102774,2.322446865031849,0.0,0.5675318095554177,0.0,-3.175468671892959,0.48597774192586746,0.7830204960064043,-0.3838362053282087
CSO-9-4A-LCOMO-CorrEtiq.txt,0.0,0.0,0.0,8.929263906767371,1.520365924819852,-0.523518479756503,0.42781682111107516,0.5896548925056183,0.0,-0.18760780199821414,0.0,-5.087827788667492,1.732910546187344,2.1657530637180953,-0.770137942111073
CSO-9-4A-MLORO-CorrEtiq.txt,0.0,0.0,0.0,8.470189687109427,-2.588352299124076,-1.2644596275681197,-3.219325960956507,7.167252645657363,0.0,-0.9217668176396745,0.0,-3.563948023080693,0.9625815437133408,2.192714168703897,-1.8670263398031226
CSO-9-4A-MPAME-CorrEtiq.txt,0.0,0.0,0.0,8.098895663399011,0.15832665474994775,-1.146375263694541,-1.7423677938309792,-2.065758596750878,0.0,0.7168240090266802,0.0,-4.322731131544626,-0.057831493196624076,1.531817475186966,-3.0696817757388097
CSO-9-4A-NSARPA-CorrEtiq.txt,0.0,0.0,0.0,6.383687436105231,-1.3287423579943354,-1.1935172000588212,-1.2042408722640885,0.24978886214156829,0.0,-0.015619281095394908,0.0,-3.0612114320924846,0.7866661827506706,1.0644823186579238,-2.249065904968428
CSO-9-4A-SLOCA-CorrEtiq.txt,0.0,0.0,0.0,8.637789008984335,-2.656075088911268,-0.9472095507755253,-2.7506732751059677,9.428257282067529,0.0,-0.37507920583043697,0.0,-4.024850568133642,2.5030873385194323,2.9689636099578,0.039064773946160834
CSO-9-4A-YVDITR-CorrEtiq.txt,0.0,0.0,0.0,10.0,-1.8022522806257952,-2.5576488609584382,-3.3452330334206453,9.209450436286273,0.0,0.5763406941759952,0.0,-5.784092471069156,2.1612854116851286,4.149899344918075,-0.8955623988526702
