file,z_wc,z_nodes,z_edges,z_re,z_pe,z_l1,z_l2,z_l3,z_lcc,z_lsc,z_atd,z_density,z_diameter,z_asp,z_cc
CDMS-10-4A-JURAN-CorrEtiq.txt,0.0,0.0,0.0,2.655507687857557,0.18576577984013723,-0.8184135292310428,-0.11697188443358358,1.0178786750866926,0.0,0.11630632447594853,0.0,-0.5776417561078183,-0.11673389703670742,0.06214892390470773,-0.3279628239513749
CDMS-10-5A-HEPIHO-CorrEtiq.txt,0.0,0.0,0.0,2.945594070783259,-0.23137298298703587,-1.006470522973746,-0.4343789301002045,0.26238017612816666,0.0,0.11282345252288167,0.0,-0.3641128095106571,-0.1750256900836065,-0.09041503966477869,-0.24935850519004096
CDMS-10-5A-KSRAGU-CorrEtiq.txt,0.0,0.0,0.0,3.526460480425505,-0.31596614177967924,-0.30184700114584934,-0.6838127036047258,-0.957622237099239,0.0,0.06216247687597913,0.0,-0.9714213844148882,-0.08537146220230048,0.46601690676355034,-0.5287061604358568
CDMS-10-5A-SROPU-CorrEtiq.txt,0.0,0.0,0.0,6.240739397741796,0.4920490771693126,-0.3355672658122537,-0.07784949783083649,-0.866021741707979,0.0,-0.3375798179485634,0.0,-2.5545882972000347,1.1701699170438138,2.0065230383679875,-0.6131605067834998
CDMS-10-5A-SZURO-CorrEtiq.txt,0.0,0.0,0.0,4.476721491338466,-0.6834942221032557,-0.6994029332204257,-0.8434998278923979,0.023721851400703778,0.0,-0.017148613643575596,0.0,-1.0474651061996434,0.441735239753391,0.8007649150746748,-0.3057813393878573
CDMS-10-5B-SRAJA-CorrEtiq.txt,0.0,0.0,0.0,3.1469393023666696,-0.9920201827426139,-1.0161526415786317,-1.0489648244329677,0.04227795623753502,0.0,-0.015035845155504997,0.0,-0.21394014734322664,0.10127934785229377,0.06141193495371426,0.1356270163897028
CDMS-10-5C-DAAUSA-CorrEtiq.txt,0.0,0.0,0.0,3.9783338243354125,0.3323305019451832,-0.9629437523817078,-0.16773564329543136,1.3222898342242038,0.0,-0.23501642107544723,0.0,-1.3973212734839588,0.4700617432278325,1.0112915374061724,-0.3628366902076344
CDMS-10-5C-ICAPA-CorrEtiq.txt,0.0,0.0,0.0,1.6611276195240179,-2.1023436512320877,-1.5745645558925576,-2.3596201763560463,1.0600938131214523,0.0,0.18678396641489117,0.0,1.5881546264466446,-0.7761844599606744,-1.32967728493261,1.8109523682368343
CDMS-10-5C-JFALGI-CorrEtiq.txt,0.0,0.0,0.0,3.0630783466010763,-0.550821094977834,-1.3398215577451427,-0.9769717188844953,0.48254875750065834,0.0,-0.10468952857745563,0.0,-0.1302500830877557,0.1270782207794581,0.16951659360472185,0.29616229789482773
CDMS-10-5C-MAORTO-CorrEtiq.txt,0.0,0.0,0.0,4.350628776176836,0.07924469816234506,-0.42544317153632044,-0.5460596181839974,0.8931352529002159,0.0,-0.4273577689564836,0.0,-1.9758002049198888,0.7554737324952592,1.1540895369926178,-0.7153087436153899
CDMS-10-5C-NBEMO-CorrEtiq.txt,0.0,0.0,0.0,4.495070926340589,-0.3518266681272859,0.370661871918494,-0.5123141667102877,0.7441971795776682,0.0,-0.2853121108518149,0.0,-2.2239567836363965,0.6630832525118102,1.5792330749291084,-0.36055641604395183
CDMS-10-6B-ASCACO-CorrEtiq.txt,0.0,0.0,0.0,3.9569035946512936,-1.2536714735563133,-1.2968000635437746,-1.2672046150599328,0.7600004574499749,0.0,0.11288170898452989,0.0,-0.3917770205101482,-0.12502496711742503,-0.0857894378838013,-0.29198056357961943
CDMS-10-6B-JJMOBE-CorrEtiq.txt,0.0,0.0,0.0,3.989206437396777,0.5482021039477799,-1.1010556813851697,0.029270418063484138,-0.06860304076613065,0.0,-0.11546338990101832,0.0,-1.2036332133443497,0.3436444089668351,0.5556412913213179,-0.7239276589500054
CDMS-11-4A-GACHSA-CorrEtiq.txt,0.0,0.0,0.0,5.771087646890084,-0.47864459053152947,-0.6339273901720169,-0.7932249745662968,1.0204792764878314,0.0,-0.15839743852051563,0.0,-2.1498672413061164,0.9236262218855006,2.0845483443698387,-0.3254115708059881
CDMS-11-5A-EAARCA-CorrEtiq.txt,0.0,0.0,0.0,4.6085923482971785,-0.8952366702694969,-0.9701896761086496,-1.0082009911924936,0.20165712503693126,0.0,-0.14684136641063242,0.0,-1.0055763914190115,0.18824385547933442,0.5280773603262073,0.03381292935283509
CDMS-11-5A-MGTHAR-CorrEtiq.txt,0.0,0.0,0.0,4.857756145908933,-0.20948334035914232,-0.6428261217954258,-0.7571099533871497,-0.20227905835951193,0.0,-0.6025801753453035,0.0,-1.877155936724741,1.3796117956124276,1.9350057125116495,-0.9129562768947003
CDMS-11-6A-DFVEBE-CorrEtiq.txt,0.0,0.0,0.0,2.1880542462295085,-0.9365748892629739,0.7351237273869655,-0.9457147700056423,-0.526837659925269,0.0,-0.05610454724763045,0.0,-0.7492262454014795,0.37633975976790945,0.5213672291298347,-0.5582471505664287
CDMS-11-6A-NMREPR-CorrEtiq.txt,0.0,0.0,0.0,5.410924581269566,-0.9038984808690542,-1.0463125517624028,-0.9550051387861968,-0.6280026486260594,0.0,-0.0922840074076388,0.0,-1.1369855645035127,0.49187907686106064,0.7794873872660013,-0.5142341039191688
CDMS-11-6B-ARAHE-CorrEtiq.txt,0.0,0.0,0.0,5.240364207823662,-1.0964855148653556,0.2679213429267029,-1.1108271603136612,-0.21317715560656095,0.0,-0.2530925275531288,0.0,-1.7921326336539516,0.6029901246555043,1.1742946721105327,-0.871081691616893
CDMS-11-6B-AVROTO-CorrEtiq.txt,0.0,0.0,0.0,4.696114455647328,-0.7632256980330338,-0.924944861004867,-0.7775489788019663,-0.06114858915806205,0.0,-0.5972897914996749,0.0,-0.7562424721769231,0.8690303927039553,1.0262558909162418,0.26965027457678853
CDMS-11-6B-EAFESA-CorrEtiq.txt,0.0,0.0,0.0,5.600040724698881,-0.07314137039629477,-0.46452865216085276,-0.3571733589687278,0.00010659106281163661,0.0,-0.3002537548190539,0.0,-2.1446257477945716,0.8774908840920819,1.5696823510509985,-0.25826970193197096
CDMS-11-6B-EFRGR-CorrEtiq.txt,0.0,0.0,0.0,5.460436516790111,-1.014532247924453,-0.5147373059223999,-1.2546060314040968,3.318608339313732,0.0,-0.26288779713618715,0.0,-1.8599127451172994,0.9814689259118223,1.829377473791337,-0.31444388015149527
CDMS-11-6B-EROCO-CorrEtiq.txt,0.0,0.0,0.0,4.260459308366972,-0.4213324977902221,-0.9074000539387664,-0.8580857969834761,0.8065682361925839,0.0,0.09131023025544316,0.0,-0.9520420217755958,0.47363360752725997,0.8330125949899866,-0.798242835734548
CDMS-11-6B-JACUPE-CorrEtiq.txt,0.0,0.0,0.0,3.060304090971766,0.39431455597109,0.7884301474404082,-0.0888782454023042,-0.2046882460677103,0.0,-0.4507957991696568,0.0,-2.22305760558312,0.9573242266551012,1.9340635209629329,-0.49896129995177396
CDMS-11-6B-JDCHBA-CorrEtiq.txt,0.0,0.0,0.0,4.404455753037393,1.5250777823480346,0.06671614525428106,0.39447933384720535,-0.18406020954836627,0.0,-0.5092012200125878,0.0,-2.477424843531875,1.0857555697507009,2.025233351928915,-0.38122654833447045
CDMS-11-6B-JFSAHE-CorrEtiq.txt,0.0,0.0,0.0,3.7269079961319,-0.16464292369191977,-1.017963272391281,-0.12284503539113462,0.6683617775016594,0.0,-0.010472244557028422,0.0,-0.8531874802061791,-0.03160444371864993,0.09494300450607691,-0.77386404246512
CDMS-11-6B-JLPENA-CorrEtiq.txt,0.0,0.0,0.0,2.2020164704055043,0.46848819892281385,-0.12446838970111183,0.2028056034935553,0.9075778345597785,0.0,-0.6343707866467444,0.0,-1.262184802356043,0.9330483727413511,1.1119288747115144,-0.08469589665747346
CDMS-11-6B-JMARME-CorrEtiq.txt,0.0,0.0,0.0,4.254515882565482,0.4949564569506392,-0.9548825603176523,-0.20980043646791754,0.68772114106671,0.0,-0.07986343000338504,0.0,-1.3139690968222464,0.49627970165928637,0.9932220117860586,-0.11844143756894832
CDMS-11-6B-JPSAMA-CorrEtiq.txt,0.0,0.0,0.0,4.2305493520389,0.2789492136353876,-0.5363886491339708,-0.20993016060674238,-0.3250636375730072,0.0,-0.03324817284389908,0.0,-1.339496144504019,0.45972824600430656,0.7813784058480079,-0.37037641464662224
CDMS-11-6B-LESTA-CorrEtiq.txt,0.0,0.0,0.0,4.873085749687841,-0.21662042535500886,-0.7530890799600656,-0.7245745580430956,0.7230846799934285,0.0,-0.25954451192619327,0.0,-1.4372065914824845,0.6646471390042615,1.0928929312815627,-0.4318053380095549
CDMS-11-6B-MAGIMU-CorrEtiq.txt,0.0,0.0,0.0,4.221390609428935,-0.2255859695022208,-1.1550431466332929,-0.5846740592394948,1.9106549901157261,0.0,-0.06363669143939343,0.0,-1.2067734794720129,0.374936025099262,0.6934263037124433,-0.25498598418842666
CDMS-11-6B-MEBRTA-CorrEtiq.txt,0.0,0.0,0.0,3.4878892271608883,0.8962266404747329,0.06304593348973019,0.2043691391170878,-0.8298304547733526,0.0,-0.25463394403971595,0.0,-2.118469893992905,1.2828713695436431,1.896234563439081,-0.7778995986783015
CDMS-11-6B-MMAMO-CorrEtiq.txt,0.0,0.0,0.0,3.2801175389806208,-0.5277947206834946,-0.272300013842435,-0.5067470083478698,-0.2990518205287925,0.0,-0.025281365438101028,0.0,-0.8935793197366667,0.14616095940671878,0.39114275503824697,-0.4355257435180807
CDMS-11-6B-RSECA-CorrEtiq.txt,0.0,0.0,0.0,3.608653708040003,0.3955125778960332,-0.9774200742669668,-0.3002752087445392,0.009643260288248249,0.0,0.028887014697739733,0.0,-1.0125233364829143,-0.024613842430927624,0.08386893645188384,-0.2871202352145491
CDMS-11-6B-SCAPA-CorrEtiq.txt,0.0,0.0,0.0,3.8695099358380154,-1.1500877236742633,-1.0656697798207384,-1.178643805093161,0.5305936202038729,0.0,0.0349121961172499,0.0,-0.3430933368241605,0.17661633014324493,0.2830243104619996,-0.9629843957843384
CDMS-11-6B-VZAPE-CorrEtiq.txt,0.0,0.0,0.0,5.560613561371363,0.7201858714290129,-0.39457926727984133,-0.17193824181919384,-0.9331662417304467,0.0,-0.26553443723149184,0.0,-2.716961561199132,0.9533833464842347,1.9144329749819202,-1.007342063804343
CDMS-11-6B-YLNIME-CorrEtiq.txt,0.0,0.0,0.0,3.3939405718642144,-0.5359644158722793,-1.108579331061335,-0.6010459644362844,0.08361966801891837,0.0,0.07377831107663813,0.0,-0.47555746180976705,0.23680205465505852,0.26162770521567347,-0.6119834690286361
CDMS-11-7C-ICARE-CorrEtiq.txt,0.0,0.0,0.0,5.268635543069014,0.30211248341245633,-0.8828437952989946,-0.16424053285753432,0.48089397075331025,0.0,-0.5754543771556215,0.0,-2.0099072944998433,1.3727928912723752,2.2049975236580304,-0.23817754955254802
CDMS-11-7C-IMOIB-CorrEtiq.txt,0.0,0.0,0.0,3.3025745598720953,0.09421262200574161,-0.2818283599326771,-0.12568717936930576,0.0027293125398869123,0.0,-0.00830349047754187,0.0,-1.2190509773204707,0.4246848022835297,0.6487825019178133,-0.40453492638886124
CDMS-11-7C-SALMA-CorrEtiq.txt,0.0,0.0,0.0,6.042307622362925,-0.25331553991645156,-1.14417099119848,-0.6743625585012055,0.26448792837311547,0.0,-0.015001752204689836,0.0,-1.7803333842926699,0.7552047971375072,1.4519926539027184,-0.43604383781890815
CDMS-11-7C-SPGAVE-CorrEtiq.txt,0.0,0.0,0.0,5.149281711024846,0.21558876377233116,0.9164390225871748,-0.017619468897017328,0.15917342428948458,0.0,-0.868421074749758,0.0,-2.692403338937918,1.765302048115274,2.81345221855259,-0.04105420380322283
CDMS-12-5A-SRIGO-CorrEtiq.txt,0.0,0.0,0.0,4.516556080239256,-0.2832722526262641,-0.4510638997399765,-0.43269655438066384,-0.40968665312276387,0.0,-0.1444644113367972,0.0,-1.3094263390526393,0.2482507447642519,0.38370441275758294,-0.6028870295099845
CDMS-12-6A-FAROPA-CorrEtiq.txt,0.0,0.0,0.0,3.0395248863242825,-0.6239749907248855,-0.30679236120574294,-0.642140793283403,-0.638817159249817,0.0,0.1658628101361301,0.0,-0.7294136992051282,-0.2047577478888005,0.040571626665945666,-0.665281799363122
CDMS-12-6A-JGIGA-CorrEtiq.txt,0.0,0.0,0.0,2.77637257665535,0.40069409355169733,-0.8719565333886847,-0.15272000039029895,-0.49455085096880586,0.0,-0.0017716147575388508,0.0,-0.9231952198878801,0.09666174858672721,0.05828128854901921,-1.0683771222577043
CDMS-12-6A-JSOTGU-CorrEtiq.txt,0.0,0.0,0.0,4.510657449953715,-0.9319939145913394,-0.7479297749516677,-1.083914080308145,1.0999076984292426,0.0,-0.16390062314654613,0.0,-1.1171942115256375,0.6772183035444435,1.1585386274905483,-0.2729748691904648
CDMS-12-6A-SROAL-CorrEtiq.txt,0.0,0.0,0.0,3.218047758183916,-0.30082315503216894,-0.552468678485263,-0.6088180042644584,-0.11425489007450389,0.0,-0.11934289100439578,0.0,-0.7895278713827719,-0.0067693726540115975,0.28505173929363276,-0.20536810599056832
CDMS-12-6B-IJDAGA-CorrEtiq.txt,0.0,0.0,0.0,3.292307371543734,-0.24740525858390916,1.193668125771858,-0.2954478732272553,0.8298791763961492,0.0,-0.38524210516564883,0.0,-2.3507745988110074,1.479272007076796,2.2471089883721818,-0.43452622220626635
CDMS-12-6B-SCLAG-CorrEtiq.txt,0.0,0.0,0.0,4.495219383899633,0.3272259836773842,0.0077681276757200135,-0.14132924326147345,0.8915720227303763,0.0,-0.4475082038921625,0.0,-1.9414858685086878,0.7598185214093144,1.3436722252892752,-0.22358717676650244
CDMS-12-7C-ARAHE-CorrEtiq.txt,0.0,0.0,0.0,2.874573166913757,-0.2846760837227043,-1.3132268844868171,-0.2541640204400607,1.0289530732392715,0.0,-0.009927648159148966,0.0,-0.6381390381383135,0.17729501838723496,0.2978578762683079,0.0007675791066432128
CDMS-12-7C-CATRAR-CorrEtiq.txt,0.0,0.0,0.0,4.47757955447695,-0.3659635179389484,-1.055087429590007,-0.4845995747303903,0.7492899271685235,0.0,-0.03250752288728299,0.0,-1.1978334305740455,0.273566247732023,0.6992113379883281,-0.41348195027518764
CDMS-12-7C-DLOLO-CorrEtiq.txt,0.0,0.0,0.0,4.341279653390648,-1.2161312064813368,-1.0025567519853518,-1.3791504173784919,0.27661768239620865,0.0,-0.2641173539650816,0.0,-0.6889685333055923,0.5446116431098954,0.8854058218440976,0.26603309756785437
CDMS-12-7C-JSZAOR-CorrEtiq.txt,0.0,0.0,0.0,1.4522300980133016,0.2415378194361926,-0.6387467115940618,0.02169455819457968,-0.2563098972384555,0.0,0.1799284907771719,0.0,-0.2600712609578055,-0.4280693489532463,-0.40318255057802665,-0.4719528149669013
CDMS-12-7C-MAROBE-CorrEtiq.txt,0.0,0.0,0.0,3.8921282524293614,0.26965014036662827,-1.0001837474726296,0.027372185407553883,0.08872062262859869,0.0,-0.2437680292136529,0.0,-1.024748429516464,0.2666102861017012,0.4877687155553572,0.1981745647846852
CDMS-12-7C-VMAPA-CorrEtiq.txt,0.0,0.0,0.0,3.905749712495666,1.0414472307808977,-1.2652780747980874,-0.5315152207051924,-0.7438887910919255,0.0,0.0570644328034388,0.0,-0.840833577929753,-0.06198166070803087,0.045581282533899974,-0.5765943799619527
CDMS-12-7C-VQURA-CorrEtiq.txt,0.0,0.0,0.0,5.14217771799316,-0.07475329102984397,-0.9751010701933579,-0.33309985307426887,1.3535404350295657,0.0,-0.46016368746066166,0.0,-1.443142681498449,0.8635333631381286,1.301888493920389,-0.017578877867313217
CDMS-13-6B-ASUMO-CorrEtiq.txt,0.0,0.0,0.0,1.5685279731080601,0.025881815567373706,-0.09090620553284322,0.10929342072752574,1.3786331454158915,0.0,-0.09462588505350895,0.0,-0.8433335225183034,0.765383513542336,0.7779598240567114,0.1127609736443919
CDMS-13-6B-JDTAHE-CorrEtiq.txt,0.0,0.0,0.0,3.991608647475546,-0.30469059539776344,-0.17118485362621816,-0.6006199735346726,0.9744086593355368,0.0,-0.14143522111559567,0.0,-1.369704175851429,0.6330503911686127,1.0872033193815347,0.21975436410482457
CDMS-13-7C-MVEAR-CorrEtiq.txt,0.0,0.0,0.0,3.1866876078475883,-0.9503265181253511,0.795331472055954,-1.1830103781667856,-0.08558345749315562,0.0,-0.04030586319449832,0.0,-1.226035639029769,0.34253337565878306,0.6309658231930588,-0.4926621855886608
CDMS-13-7C-RAIZAC-CorrEtiq.txt,0.0,0.0,0.0,4.213327603139054,1.9785774372389013,-0.6255138226482869,0.4805767355063518,-0.854789429860917,0.0,0.10247163879116702,0.0,-1.916158077939491,-0.006611126407693862,0.5116513042327349,-0.6318856968057565
CDMS-13-7C-SSOSLO-CorrEtiq.txt,0.0,0.0,0.0,3.809465850224414,-0.7679369580442778,-0.1104768382969837,-0.8866214472714726,1.3625123663812453,0.0,-0.3435811195896321,0.0,-1.4087675181040604,0.7893479356162365,1.2087218474102865,-0.058234536640366354
CDMS-14-10A-IMORTO-CorrEtiq.txt,0.0,0.0,0.0,5.273299432968117,0.5154249810810446,-0.985257322697798,-0.1059662528703906,-0.06405135263437885,0.0,-0.03717621221617211,0.0,-1.8445158321324515,0.6493934958067646,1.314140377096723,-0.5854959157167203
CDMS-14-10A-JCVANI-CorrEtiq.txt,0.0,0.0,0.0,2.8122331443649013,0.18533032775632569,-0.6401546407665639,-0.03343141872768461,-0.6041758812450361,0.0,-0.30432008606887695,0.0,-0.8482947990305411,0.5204435692393159,0.7958530468363477,-0.5707244430075693
CDMS-14-5A-LSDUCO-CorrEtiq.txt,0.0,0.0,0.0,4.492975079686272,0.7313003019232232,-0.9347742630488393,-0.15230137408880173,1.1064353427030735,0.0,-0.3968709329205611,0.0,-1.8018795966407493,0.8857422187413001,1.7361669623299532,-0.3025375703215766
CDMS-14-6B-KDCAHE-CorrEtiq.txt,0.0,0.0,0.0,4.222417396992159,0.8573223036371774,-0.09415932311001476,0.1359240132434457,0.5587643167110621,0.0,-0.642612166167492,0.0,-2.1655609658364554,0.9218154741189504,1.8584259588277476,-0.2991248276149942
CDMS-15-10A-AMALOS-CorrEtiq.txt,0.0,0.0,0.0,3.4227364396958557,0.7919773308850772,0.22121222254836878,0.27819694749206353,-0.49628172683093796,0.0,-0.14370846535735815,0.0,-2.049821946364434,0.34768245733065717,0.9290896805979597,-0.8956728106491918
CDMS-15-10A-JJMACH-CorrEtiq.txt,0.0,0.0,0.0,3.720736773092545,-0.2550176301090611,-0.4272540249548144,-0.5034949057958072,0.476116390667476,0.0,-0.02110177512369026,0.0,-0.9614705341094754,0.3883463495794522,0.763169444093032,-0.15622911998668262
CDMS-15-10A-MAALCA-CorrEtiq.txt,0.0,0.0,0.0,3.3353033947065738,0.10204184105284139,-0.4706203550733661,-0.1897492068127644,0.047572625141169174,0.0,-0.02771764345119736,0.0,-1.0030307785210386,0.16461124053179438,0.5772809616253103,0.03336614119901293
CDMS-15-10A-MAALRI-CorrEtiq.txt,0.0,0.0,0.0,4.005357003216335,1.2209866917909196,-0.5765254146912048,0.5916632603338031,-0.2682248214118988,0.0,-0.383677029834238,0.0,-1.828628597406671,0.9858270271373196,1.4466331580446898,-0.6156733073902897
CDMS-15-10A-SGOMO-CorrEtiq.txt,0.0,0.0,0.0,4.316243437370383,-0.776093606727793,-0.7346928945520268,-0.7780123584064632,0.5302505423952301,0.0,0.08225054380322881,0.0,-0.8563793805482052,-0.01900561429375024,0.3237229227680138,0.08870615593985921
CDMS-15-10A-SHEGA-CorrEtiq.txt,0.0,0.0,0.0,2.017323929694781,-0.22518888168121956,-0.9374974542888339,-0.19493033364621745,1.636604061980138,0.0,0.024777878782899568,0.0,-0.18418869222362727,0.07152943251704029,0.22924870582092677,0.6440204942561387
CDMS-15-11B-JEMOLO-CorrEtiq.txt,0.0,0.0,0.0,5.134252891599324,0.03400148542103284,-0.3476483065539266,-0.29771895252015057,0.21088298670038919,0.0,-0.3614896461278772,0.0,-1.833528607803642,0.8042248097413006,1.4629450239788957,-0.3653274183823
CDMS-15-11B-VSAHO-CorrEtiq.txt,0.0,0.0,0.0,5.354606252202101,-0.1965624902362835,-0.5535517693708967,-0.7029172659794495,-0.3103768233170964,0.0,-0.17650697019982667,0.0,-1.6550539336255783,0.4310109301716605,1.148351425711951,-0.8272253366196636
CDMS-16-10A-SGALO-CorrEtiq.txt,0.0,0.0,0.0,4.163085828366265,0.02814766666975935,-0.7490273670081525,-0.192111140409056,1.0369006018867126,0.0,-0.20510605695962122,0.0,-1.2858785844125311,0.8124220903497328,1.4417983461457975,0.22015798245409618
CDMS-16-11B-NGABE-CorrEtiq.txt,0.0,0.0,0.0,3.2782814366910253,0.30497861147388455,-0.7457230210534554,0.025539738405623312,-0.42138466943726427,0.0,-0.02334471159745704,0.0,-0.947160911286303,0.1702788151643837,0.39539925838892404,-0.5241435808739416
CDMS-17-10A-ASSAMO-CorrEtiq.txt,0.0,0.0,0.0,3.6044537310822182,-0.6736557214192537,-0.9115721247571201,-0.6734362934086188,0.236442938639942,0.0,0.13119159891535404,0.0,-0.29419101463673547,-0.11133338026162089,0.004261257000451283,-0.022689586738817335
CDMS-18-7C-VVECA-CorrEtiq.txt,0.0,0.0,0.0,4.436243934238245,-0.2549523875717924,-1.0076035792981923,-0.408282725764939,0.7400845522297769,0.0,-0.22956318350414046,0.0,-1.329550558228561,0.37164817642376785,0.7331916939623561,-0.021021517125104344
CDMS-8-4A-DBEVA-CorrEtiq.txt,0.0,0.0,0.0,3.133575410409303,-0.1631007697249341,-0.507375171677376,-0.815357020777354,1.3940239709568074,0.0,-0.23446753940810677,0.0,-0.8728490399141486,0.2284287619297621,0.5381804730657291,-0.6090852566398473
CDMS-8-4A-DJAVDA-CorrEtiq.txt,0.0,0.0,0.0,3.086165609391432,0.21598718949946838,0.7996596855374486,-0.41377286754023734,0.43025772592935857,0.0,-0.45853234197800763,0.0,-2.2100814398280493,0.8579352637475924,1.221250082852424,-0.8224052460795884
CDMS-8-4A-DOSTR-CorrEtiq.txt,0.0,0.0,0.0,4.534543676870427,-0.007544929596870856,-0.2042994340402266,-0.4550090605505056,1.4117668413056905,0.0,-0.3712800282767477,0.0,-1.8279251515637083,0.7708068665175682,1.29514947552724,-0.31428300971129114
CDMS-8-4A-LGOPA-CorrEtiq.txt,0.0,0.0,0.0,4.184751882308787,0.588475685558906,-0.7046942627270718,-0.2672864331855005,1.6024143904211459,0.0,-0.45974892941830664,0.0,-1.8417509373343417,1.3340457784507405,2.109227496074191,0.1010908614540387
CDMS-8-4C-JDBUTU-CorrEtiq.txt,0.0,0.0,0.0,4.479922330111197,1.2457326453340858,0.7654278471050392,-0.05271710581591374,-0.37809682406498246,0.0,-0.4091490864775961,0.0,-2.5559502190058554,0.6524586372170573,1.427633833047204,-0.6958997773455063
CDMS-9-4A-ACDUTR-CorrEtiq.txt,0.0,0.0,0.0,3.056864072334994,-0.8456027447268943,-0.3158727971011252,-0.9379836324108142,0.3807782668465801,0.0,-0.08126471279575716,0.0,-0.9104506635013608,0.3600214286161959,0.5284823942022233,-0.2951872442892161
CDMS-9-4A-CARGA-CorrEtiq.txt,0.0,0.0,0.0,3.916946309895084,-0.8198293239978185,-0.5118865954866382,-1.0055124351412548,0.3615636174488274,0.0,-0.09029363763277391,0.0,-0.7873561505400987,0.3078739049004497,0.5366779564473501,0.01226643805697325
CDMS-9-4A-CRAAG-CorrEtiq.txt,0.0,0.0,0.0,4.188628587745564,0.6032682845686589,-0.4335645436629215,-0.6762337269425076,2.331365347237078,0.0,-0.19845140983963613,0.0,-1.5414975777062363,0.5364322981301494,1.1129692032954346,0.10010731000242898
CDMS-9-4A-EROHI-CorrEtiq.txt,0.0,0.0,0.0,5.128447649550169,-0.5046734127374719,0.16112249381055968,-0.8784485533002491,-0.0032196090733630275,0.0,-0.1499599015753374,0.0,-1.9323711686359542,0.9807712479817393,1.6529471522577628,-0.174398667739039
CDMS-9-4A-ILOSE-CorrEtiq.txt,0.0,0.0,0.0,4.938440225626314,-1.0001263292145148,-1.3147146141335802,-1.128039259261487,1.4977600546989234,0.0,-0.039103109923359115,0.0,-1.06153564099888,0.3583037055976777,0.8026044004416271,-0.7085636756814763
CDMS-9-4A-TGAFR-CorrEtiq.txt,0.0,0.0,0.0,4.595922492048218,-0.10207398120313901,-1.2096766433882025,-0.6316156028221434,1.91515206234275,0.0,-0.09460921644213265,0.0,-1.5362738263132218,0.1997577083459337,0.5951133830176553,-0.6819952024390031
CDMS-9-4C-SCAMO-CorrEtiq.txt,0.0,0.0,0.0,3.852566300051957,-0.6092757348776264,-0.2964996796253176,-0.6149428409504364,-0.15615093573061373,0.0,0.01140214965485728,0.0,-0.7438413467829048,0.031666436599343345,0.23331573641751088,-0.23856813917620273
CDMS-9-5A-ABERO-CorrEtiq.txt,0.0,0.0,0.0,5.1266935005362,0.2040866265149382,0.03873108820607235,-0.4915388456543064,-0.2480148065176331,0.0,-0.3871591804002139,0.0,-2.220740373953097,0.9747556558430337,1.631879137112334,-0.9121845938785688
CDMS-9-5A-PAGACO-CorrEtiq.txt,0.0,0.0,0.0,3.4847316111093485,-0.05448622735266153,-0.40044330407278467,-0.2451579317968283,0.5587525963509707,0.0,-0.12246258083190469,0.0,-1.3251406046651608,0.5399059375449574,1.1647488565949127,-0.4720573631086372
CDMS-9-5A-VVAAR-CorrEtiq.txt,0.0,0.0,0.0,3.572953448816928,-0.06760858230851378,-0.8411360812990117,-0.26477025655232694,0.0939726335966608,0.0,-0.09179040294881657,0.0,-1.4987673870410925,0.3910600934772855,0.7736917397560481,-0.44530466652179373
CDMS-9-5C-JDMADE-CorrEtiq.txt,0.0,0.0,0.0,4.996297626245621,0.7437833934141919,1.4996085411573088,0.02836267380945408,-0.6302117605581093,0.0,-0.914965901962684,0.0,-3.24037213867501,1.9220959158403168,3.2614998551161873,-0.6459596009566025
CDMS-9-5C-LVIZAC-CorrEtiq.txt,0.0,0.0,0.0,4.462401932473714,-0.3436637002255535,-0.49808139557971526,-0.5001290350891154,2.2194611086751244,0.0,-0.366033183680733,0.0,-1.4810895335449232,1.1237732072154858,1.4493149275769852,-0.03973438105513005
CDMS-9-5C-MLOGO-CorrEtiq.txt,0.0,0.0,0.0,4.05691358194132,-0.7873464387776534,-0.3094236088907869,-1.0560078859877986,2.2770046915183006,0.0,-0.290162528063265,0.0,-1.206886512585216,0.9723141927727472,1.3411959165462108,0.572516818851221
CDMS-9-5C-SCAAG-CorrEtiq.txt,0.0,0.0,0.0,3.784624577788034,-0.37017570590747373,-0.5531998578491152,-0.5180769627908579,0.6235958653441044,0.0,-0.14380977475989376,0.0,-1.1568223258020716,0.6864155940636842,0.8804784367722834,0.0005019468509135092
CDMS-XX-10A-VGILO-CorrEtiq.txt,0.0,0.0,0.0,3.97359835119159,-0.9868751998703591,0.7361663051253047,-0.9964636414108671,-0.05313925282179885,0.0,-0.23335230578403088,0.0,-1.5978306297874922,0.35614286153169605,0.9955036438331333,-0.5523659843818473
CDMS-XX-5C-MJSARU-CorrEtiq.txt,0.0,0.0,0.0,2.6460295074484437,0.3682478455949605,-0.7765728231043584,0.2195889410453266,0.11131879816337814,0.0,-0.10491087657125933,0.0,-0.8961128324080508,0.19614472308779735,0.5387724775243673,-0.2596868342574994
CDMS-XX-5C-MPCAQU-CorrEtiq.txt,0.0,0.0,0.0,4.0412269133209175,-0.6707833462121999,-1.1911407058267869,-0.8599059427515756,1.5470256262674333,0.0,-0.21986234434432245,0.0,-0.7594711507627712,0.4495092682010156,0.7558451650714633,-0.07146100996179446
CDMS-XX-6A-MAGICA-CorrEtiq.txt,0.0,0.0,0.0,3.7404799467814502,-0.42973939156742075,-0.7925560403760306,-0.6103973124021417,0.12747286313667353,0.0,-0.06572257701623029,0.0,-0.6924273024199414,0.4247477662828812,0.6850420471114301,-0.2630763368750705
CDMS-XX-6B-SPUCA-CorrEtiq.txt,0.0,0.0,0.0,2.9748928376412516,1.5287926759898216,-1.0934572464593268,0.40481817416841837,-0.17062956098506024,0.0,0.04641187752881155,0.0,-1.1660181910777705,0.4141434312402625,0.689373313413208,-0.32657921648623417
CSO-10-4A-ICAPA-CorrEtiq.txt,0.0,0.0,0.0,3.9178306374056624,0.03305026773535839,-1.1145797507836819,-0.5123132521441675,-0.1649765685041728,0.0,-0.23866736086958537,0.0,-1.1370463259384636,0.6791352972794749,0.9788770779670681,0.04660697692347614
CSO-10-4A-KCOMO-CorrEtiq.txt,0.0,0.0,0.0,4.21851936568341,0.1461187298815065,-0.6828917655670055,-0.3271272595887398,-0.11544175387302352,0.0,-0.5900555032873325,0.0,-1.7539451199152907,0.842512878521954,1.3238151981209854,-0.45978863670319997
CSO-10-4A-LRAVI-CorrEtiq.txt,0.0,0.0,0.0,3.039663637832415,-0.2473678038106562,-1.6843780434877724,-0.5931282637217802,0.4913168083503765,0.0,-0.06803680655670574,0.0,-0.6452151495863264,0.09418847907444772,0.21290742852815514,0.006877480025840772
CSO-10-4A-LSCAVA-CorrEtiq.txt,0.0,0.0,0.0,5.652262356255596,2.8595418636535945,-0.8241853472833319,0.7153197659536058,0.17618788938812033,0.0,-0.6963150594622035,0.0,-2.5119932446131865,1.2985839447594638,2.1538990929396977,-0.004576951832482602
CSO-10-5A-ACAVA-CorrEtiq.txt,0.0,0.0,0.0,3.107116710321078,-0.5869933898389981,0.373262091409638,-0.6309750207251964,0.30646714486902477,0.0,-0.12767318372560713,0.0,-1.3400753172658622,0.4561838458526974,0.9953461287129511,-0.2072720273724263
CSO-10-5A-ARACA-CorrEtiq.txt,0.0,0.0,0.0,4.686781135608254,-0.9725457024710915,0.387726505383336,-1.1389807543752262,-0.681568859848872,0.0,-0.2723838498125698,0.0,-1.6443967867863876,0.29379603678885013,0.7756907879345966,-0.9336625716599131
CSO-10-5A-DABRZA-CorrEtiq.txt,0.0,0.0,0.0,5.299754325166362,0.10679502013822371,-0.6992011161934075,-0.5258565149989615,0.3430201235074859,0.0,-0.3775820457855829,0.0,-2.159184818416402,1.3293690649783572,2.066012296757107,-0.5645309996392189
CSO-10-5A-GZAMA-CorrEtiq.txt,0.0,0.0,0.0,4.04121408845893,-0.16990698439356008,-0.9257267724643912,-0.43895750291835245,0.7906634142364213,0.0,0.04571395591279459,0.0,-1.0704216693095505,0.29217774658309487,0.7117131015278457,0.2783860000852373
CSO-10-5A-IPECA-CorrEtiq.txt,0.0,0.0,0.0,3.7238087456294666,-0.5921899884746089,-0.9462837954212718,-0.7367863380012839,1.094011082280488,0.0,-0.21855158114593753,0.0,-0.7546570574556045,0.15537972376844267,0.5594737947883827,-0.12248873018915252
CSO-10-5A-JANORO-CorrEtiq.txt,0.0,0.0,0.0,3.7194753878628948,0.6671494274274191,-0.8285522666233613,0.04632220128532539,0.5229769972847591,0.0,0.06692555188721575,0.0,-1.2828425917564221,0.22600545191355148,0.6038325585169005,0.10272311423826677
CSO-10-5A-JBUVE-CorrEtiq.txt,0.0,0.0,0.0,4.595687350291002,0.04642297877362726,-0.02617491416316045,-0.39276088765980477,2.4826870810031885,0.0,-0.31398783172505695,0.0,-1.930185227599894,0.5899883097594333,1.2270635912912107,-0.18567398192017995
CSO-10-5A-JJSEMO-CorrEtiq.txt,0.0,0.0,0.0,4.067657694980732,-0.5167009865820953,-1.1844104820864925,-0.9942350156879785,0.8334450892553852,0.0,-0.04313074352712395,0.0,-0.8468775206209181,0.20140392078746222,0.44495649574453533,-0.7502989754647662
CSO-10-5A-JLCARI-CorrEtiq.txt,0.0,0.0,0.0,4.0169831404571745,-0.26172013691670165,-0.5333072855995077,-0.5656739238986394,-0.5468158465904629,0.0,-0.10242714531939212,0.0,-1.0885190421848736,0.6719082065658998,1.1644354699139199,-0.4053737102466536
CSO-10-5A-MAARAN-CorrEtiq.txt,0.0,0.0,0.0,4.787532846680513,-0.7076449562631093,-1.0703700907651468,-0.949547539788222,0.817330740839124,0.0,-0.09125357774267992,0.0,-1.2343103207316495,0.4230943201578987,0.79641913548791,0.2012931425632988
CSO-10-5A-MAOSMO-CorrEtiq.txt,0.0,0.0,0.0,4.697522732801887,-0.33379584951070207,-0.7918494794059802,-0.3583493799572925,-0.28797337856189276,0.0,-0.0711881540596687,0.0,-1.1617562142140858,0.5072984550472578,0.7787248382226731,-0.5151789554987884
CSO-10-5A-RVMOIB-CorrEtiq.txt,0.0,0.0,0.0,3.233087952746043,-0.46810651175689433,-0.5733618648232208,-0.5554098345206019,0.4544095932976225,0.0,-0.08895391295096722,0.0,-0.7063887295429178,0.17871229323459828,0.23237304586009627,-0.24629896027717568
CSO-10-5A-SVHEES-CorrEtiq.txt,0.0,0.0,0.0,2.9074815116620094,-0.6525957537137692,0.023293087904290667,-0.7318365295403455,0.19646805996131608,0.0,-0.09241809252751039,0.0,-1.1753749841562955,0.37889885154589853,0.5955586403951014,-0.27837483564931115
CSO-11-5A-MDVOSPE-CorrEtiq.txt,0.0,0.0,0.0,4.956266377777056,-0.33347775468075663,-0.8195750761578663,-0.6965137861935026,0.8999267388743462,0.0,0.04952334600228949,0.0,-1.321388740235761,0.2117576748760832,0.521666838792306,-0.1600054093476343
CSO-11-5A-MTAGA-CorrEtiq.txt,0.0,0.0,0.0,4.059983314286146,0.32924553586768135,0.14353995974380745,-0.3260112737176402,-0.037617035732301025,0.0,-0.15480164367413402,0.0,-1.711318031751363,0.6945766782364673,1.1648168565199173,-0.6097754713688066
CSO-11-6A-CAPAMU-CorrEtiq.txt,0.0,0.0,0.0,3.073812301785854,-0.3767369043581259,-0.10730102042829448,-0.48309099335578315,0.8400662607011251,0.0,-0.15366478095439834,0.0,-0.9374713308847008,0.39507130589648054,0.49957789191857915,-0.21845178757035286
CSO-11-6A-DSCACH-CorrEtiq.txt,0.0,0.0,0.0,3.4120557064244053,-0.9218520962731496,-0.7754059767964389,-1.009644449568004,-0.09738307026163597,0.0,0.07909008436131156,0.0,-0.39743641684713116,-0.2890895763733283,-0.11839089997165278,-0.8002100204281724
CSO-11-6A-EROMO-CorrEtiq.txt,0.0,0.0,0.0,3.9874161755574824,1.4091948924036224,-0.9914766782264404,0.9135238194571468,-0.019414395104474527,0.0,-0.44249152272062225,0.0,-2.2713734211724677,0.5028229658078246,1.2674721987262496,-0.8182811922245458
CSO-11-6A-FSOVRE-CorrEtiq.txt,0.0,0.0,0.0,4.36339823611841,0.000977159272238957,-0.7317008619580962,-0.3853380300319036,1.1284075215005944,0.0,-0.12889050645932867,0.0,-1.555722975697954,0.3849150747600012,0.924352132760312,-0.4593905890612882
CSO-11-6B-ANREVA-CorrEtiq.txt,0.0,0.0,0.0,3.608874520279047,-0.5255005110783812,-0.9261698957472758,-0.6382875251425878,0.8616948478817972,0.0,-0.032462139787723915,0.0,-0.8404632107633719,0.17460487763484112,0.38846667971041815,-0.17288088956043282
CSO-11-6B-DISEMO-CorrEtiq.txt,0.0,0.0,0.0,3.9357454518318153,0.09141039731534674,-0.43086712632050944,-0.4123389921874401,0.6362187630333991,0.0,-0.35650372061438185,0.0,-1.2406708555864152,0.5425910790798021,0.9037295709548935,0.1467733885319664
CSO-11-6B-LHFDLACH-CorrEtiq.txt,0.0,0.0,0.0,6.126484950176511,0.9817735310393603,-0.17816795805379265,0.2631871324572981,1.7193736887704556,0.0,-0.9677212416671847,0.0,-3.246660451888692,1.7410916208995375,2.7243002993936845,-0.3122517873380005
CSO-11-6B-RJGIHE-CorrEtiq.txt,0.0,0.0,0.0,2.3220404575886513,-0.10694084794144833,-0.42529166383412875,-0.6050303174662524,1.056525325926593,0.0,-0.0006102192964833764,0.0,-0.5297413620838612,0.1490224500200513,0.2622317019224879,0.43398403364779714
CSO-11-6B-SFLVA-CorrEtiq.txt,0.0,0.0,0.0,3.4707756798472666,0.35440773768438516,0.47615522549511413,-0.21081344601995272,0.8881237034147912,0.0,-0.13638926028294257,0.0,-2.0589114195201814,0.8237072897575987,1.619763058962441,-0.1093387496846432
CSO-11-6B-VCOMA-CorrEtiq.txt,0.0,0.0,0.0,4.091461077499187,-0.05519838508307541,-0.7650161917118156,-0.15460646182622603,0.7378767282895178,0.0,-0.352462914043508,0.0,-1.3383126965856686,0.861809982785983,1.15206603376067,-0.5425475027918326
CSO-12-6A-DGISE-CorrEtiq.txt,0.0,0.0,0.0,4.322094533125752,0.4343979302487416,1.3023135406797213,-0.13512310251189444,-0.06948838067237904,0.0,-0.7066464204979629,0.0,-2.6069402879083516,1.3621476617662116,2.4104953710117045,-0.1696404808742779
CSO-12-6A-FJOVRE-CorrEtiq.txt,0.0,0.0,0.0,3.2801722200286334,-0.23413926072199387,-0.32670354176300653,-0.35491862920565576,0.8701243312108179,0.0,-0.17947589223676771,0.0,-1.214401776143315,0.21998633504185774,0.3559358305649253,-0.3723664960289422
CSO-12-6B-GQULO-CorrEtiq.txt,0.0,0.0,0.0,2.673460754546197,0.0839954959069213,0.14918677696923432,-0.19698546803260295,-0.3964161737033465,0.0,-0.25898761722170754,0.0,-1.4354675173094544,0.6783527464786208,0.9470708255489977,-0.5611747857501012
CSO-12-6B-LJHEFE-CorrEtiq.txt,0.0,0.0,0.0,3.692888240169504,0.5194934699217645,-0.4807030810427572,0.001195437864300905,0.43013585976805574,0.0,-0.15100081608552632,0.0,-1.3900771173061917,0.6185980817273101,1.1414232380981983,0.11211647577231493
CSO-12-6B-VPAMA-CorrEtiq.txt,0.0,0.0,0.0,3.4225755936625695,-1.2251026026326493,-0.6287407151578058,-1.2652895944281781,-0.7845893130532864,0.0,-0.5641432861140594,0.0,-0.8996849918701608,0.18072338839050006,0.022083163353272272,-0.887918294590413
CSO-12-7A-DALRE-CorrEtiq.txt,0.0,0.0,0.0,5.589166529530609,-0.7508135063769115,-0.27637383126689413,-0.948882630170451,1.5737008826022159,0.0,-0.4433069974757902,0.0,-2.2127647288010346,1.2577195767120224,2.1890937572010416,-0.14537923427414084
CSO-12-7A-ESALA-CorrEtiq.txt,0.0,0.0,0.0,3.250600377743898,-0.989522791276835,-1.3446773284803732,-1.073190513678006,0.4119092983134603,0.0,0.016432574385199145,0.0,-0.12830200832827354,-0.28350124621216705,-0.2906267323467198,-0.18784967500360958
CSO-12-7A-IMERO-CorrEtiq.txt,0.0,0.0,0.0,4.409926707496757,0.7579910495731331,-0.5005086930004106,-0.016845705957442565,0.6558687238273282,0.0,-0.25301044211203066,0.0,-1.7476157829211896,1.1539974974675062,1.7221191556519626,-0.15731221499307277
CSO-12-7A-JHEZA-CorrEtiq.txt,0.0,0.0,0.0,4.952820801118685,0.5789465679171966,0.2914565375574534,0.18823895253860448,1.201575593640889,0.0,-0.3924253082011776,0.0,-2.4867861891490666,1.3007588868510112,2.354810568185789,-0.1971733788444517
CSO-12-7A-LSARAR-CorrEtiq.txt,0.0,0.0,0.0,4.896550290250903,0.3048213798728463,-1.2988784644658298,-0.37578411704897,-0.4811776776655305,0.0,-0.4859408397115719,0.0,-1.6006737147325882,0.6435246802460445,1.0223025289135346,-0.5981264771779939
CSO-12-7A-SCAHO-CorrEtiq.txt,0.0,0.0,0.0,4.689305532652691,0.03580862365609542,-0.9990129644344368,-0.5708312948285506,0.4643529364861804,0.0,-0.24195742421347483,0.0,-1.3283679148859546,0.5799801029358268,0.9568637814522596,-0.29225894408273634
CSO-12-7B-DVAGRO-CorrEtiq.txt,0.0,0.0,0.0,3.9972796331043967,0.4496976034739827,0.236101875483671,0.05917633050616037,0.6871791298025034,0.0,-0.7566066371717823,0.0,-1.9183957261217492,1.4781229823812283,2.3357474634255864,0.05019592202046606
CSO-12-7B-SMUGU-CorrEtiq.txt,0.0,0.0,0.0,2.8824258031880947,-0.9028428339211372,-0.5104660240529296,-0.9049592331700214,0.9387916527167324,0.0,-0.31236651594139614,0.0,-0.48217880063582036,0.7738422585598744,0.8828037759967889,-0.04570374679107207
CSO-12-7B-SSARA-CorrEtiq.txt,0.0,0.0,0.0,3.9071896543362983,-0.17033062185026496,0.22386620319284606,-0.3761783581060598,-0.039117647275520494,0.0,-0.1433825882251854,0.0,-1.546895661978697,0.509973853896744,0.8653375506183599,-0.7636129494841163
CSO-12-7B-VHOMA-CorrEtiq.txt,0.0,0.0,0.0,3.293066179065091,-0.15002966356649042,0.023491915393164607,-0.39252738203850507,0.1087138766020938,0.0,-0.09886649030719719,0.0,-0.9807672619207559,0.29137364643576014,0.5707917356111781,0.04900160996176848
CSO-12-8A-YTOME-CorrEtiq.txt,0.0,0.0,0.0,3.7157493459764557,-0.25346600078285164,-0.9359033602225302,-0.4131937964925506,-0.07586409511636846,0.0,0.18454660208006946,0.0,-0.9047938848116184,-0.02285563405974683,0.30690921581138686,-0.399399617580809
CSO-13-6A-ANASA-CorrEtiq.txt,0.0,0.0,0.0,3.944848820323506,0.1473372321576971,-0.7865642311096916,-0.0770041275422296,-0.1665245775335817,0.0,-0.009450254302580667,0.0,-1.1167609363070699,0.2822216910627578,0.5251021491462614,-0.5691751393644426
CSO-13-6B-JETAVE-CorrEtiq.txt,0.0,0.0,0.0,4.881707650167328,-0.9913541774982836,-1.1276799837462594,-1.0566686927433937,1.1711662018895774,0.0,-0.12375217252516563,0.0,-1.1972259365873503,0.40821343022164724,0.746905714618893,-0.2841321809833889
CSO-13-6B-LFMIES-CorrEtiq.txt,0.0,0.0,0.0,2.1248166486620934,-0.5324543905170336,-0.5255955764349254,-0.7279395061354924,0.042703717289937396,0.0,-0.49730823181392997,0.0,-0.334145455030933,0.7710168923476227,0.7176640354826113,-0.004497024311213647
CSO-13-6B-LJMAHU-CorrEtiq.txt,0.0,0.0,0.0,4.663330516008692,0.8164353092191677,-0.9038353305450662,0.06288356001374627,-0.6930203248591005,0.0,-0.11160212441022468,0.0,-1.7940835105401682,0.40528817210456775,0.9151163710702355,-0.7369090365899144
CSO-13-7A-CAPAMU-CorrEtiq.txt,0.0,0.0,0.0,3.5948487599340258,1.1727436136532305,-0.024791312090044173,0.4787343826880359,0.7179695448785531,0.0,-0.2218297164194529,0.0,-2.1962959096625685,0.8868700475769041,1.765263133969539,-0.40902009786044663
CSO-13-7A-CDDITR-CorrEtiq.txt,0.0,0.0,0.0,4.827638894769498,-0.16989127833171308,-0.7245501500838322,-0.39524658235082755,0.39276403233613927,0.0,-0.13587554968858329,0.0,-1.1552577072647872,0.4578109438966734,0.7235842748501179,-0.31977017463212304
CSO-13-7A-JJATFL-CorrEtiq.txt,0.0,0.0,0.0,2.8642542736739824,-0.15083167406670245,-1.0695991587165872,-0.4708544748615975,0.1016687834305203,0.0,0.023875369030228178,0.0,-0.6877402519553406,-0.11806340266923679,-0.16578598241003917,-0.5932183673957847
CSO-13-7A-KRAMA-CorrEtiq.txt,0.0,0.0,0.0,3.538583923609657,-0.4367855614780257,-0.729454005139641,-0.6191969972135547,-0.9612581772424902,0.0,-0.01925562910237967,0.0,-0.8950023442675523,0.16038200224055665,0.09351887987413364,-0.5453523189047162
CSO-13-7A-RXCHLU-CorrEtiq.txt,0.0,0.0,0.0,2.6630418446185704,-0.40380355317581484,-1.1026104532915513,-0.5820053538638613,-0.3741305502107728,0.0,0.005390384972784075,0.0,-0.10963349706011431,0.033840144920536226,0.04794877021513729,-0.4610905772201447
CSO-13-7A-YAMEZA-CorrEtiq.txt,0.0,0.0,0.0,3.5552456968622006,0.04816212294982881,-0.343073644587933,0.020370745685976563,0.12032750060733707,0.0,0.09507595996362216,0.0,-1.3530964024655228,0.3758136742116509,0.6247987808622806,-0.36158296619970165
CSO-13-7A-YBOSO-CorrEtiq.txt,0.0,0.0,0.0,0.8883998594627891,-0.9800484100247375,0.17114014989284923,-1.05106713434509,1.3939097992297844,0.0,-0.386404117077609,0.0,0.04964282350132336,-0.2793847780623398,-0.39873219290413187,0.08706841517512806
CSO-13-8A-KIGAGU-CorrEtiq.txt,0.0,0.0,0.0,3.9881025673791095,-0.3376210819782093,0.6529680300019881,-0.496800774979546,0.1731998612408603,0.0,0.09037921551000005,0.0,-2.0574472354978335,0.38693802399960425,0.8923177791920602,-0.46242516731166783
CSO-13-8A-MBUAN-CorrEtiq.txt,0.0,0.0,0.0,5.788624886809364,0.5001295986591877,-0.20926903505913166,-0.16994108143200382,0.13885939252019663,0.0,-0.39482010213732105,0.0,-2.2161732492518884,1.101058143731087,1.7757642910417883,-0.4127999021540435
CSO-13-8A-MGAAN-CorrEtiq.txt,0.0,0.0,0.0,3.402771010987472,0.6379535682135219,-0.32254330139294557,0.3695079351345674,-0.2860310001381738,0.0,0.02672332243578023,0.0,-1.7117543898745995,0.13213768851890256,0.5450407106642032,-0.640506783403121
CSO-13-8A-MGAHE-CorrEtiq.txt,0.0,0.0,0.0,4.775552176031495,-1.0292588742609396,-0.48715753369630055,-1.044238769725878,0.9840836518099335,0.0,-0.24748043059113298,0.0,-1.1375533331831889,0.5285287885548019,0.7432142395242516,-0.6077541770383551
CSO-13-8A-MJAGA-CorrEtiq.txt,0.0,0.0,0.0,5.2416956243537625,-0.03979574515672472,1.0304610568623231,-0.3593169685903038,-0.2632645068323034,0.0,-0.48502908779875525,0.0,-2.8737405264125284,1.47200766001487,2.6910336398378027,-0.7182691108931302
CSO-13-8A-VHODU-CorrEtiq.txt,0.0,0.0,0.0,2.3577505795894282,-0.5372784350178819,-0.47563601527033744,-0.5791567320157783,0.26046711582715654,0.0,0.021484290731974755,0.0,-0.3910632375141332,0.001563811042291592,-0.0272649027354167,0.11675535760592898
CSO-13-8B-FCJISA-CorrEtiq.txt,0.0,0.0,0.0,3.335419789904491,0.5142122565264636,-0.8552850343480077,-0.27100869575625786,0.7216235950784138,0.0,0.006513604355031585,0.0,-0.8188556590592739,0.4321313387571579,0.8144638603572966,0.5160854014573765
CSO-13-8B-JEMABE-CorrEtiq.txt,0.0,0.0,0.0,5.630168409776348,-0.5704992898997936,-0.905789107159553,-0.9987989533944128,-0.37793391145673183,0.0,-0.34380529242507607,0.0,-1.7733702455636016,0.5696769431662073,0.9654041020735066,-0.6468041628866761
CSO-13-9B-DMLLLU-CorrEtiq.txt,0.0,0.0,0.0,4.783706380736313,-0.7856375811577155,-0.8334297688824278,-0.9199454634366391,1.6032796554212567,0.0,-0.25484447389599085,0.0,-1.2706172982949884,0.766723574480557,1.2300007853027715,-0.3159533024850153
CSO-14-7A-MVEBE-CorrEtiq.txt,0.0,0.0,0.0,1.135899006847904,-0.8210207320365915,-0.7121428032389172,-0.8215223981251584,-0.43851614668088434,0.0,0.0742816757696656,0.0,0.5181854491578882,-0.3888289008302213,-0.5430854823923896,-0.0371648345383212
CSO-14-7B-EALHU-CorrEtiq.txt,0.0,0.0,0.0,4.841212846127001,-0.11664063929049794,-1.0782222190563318,-0.5724188556481477,2.1049925348043,0.0,-0.03372357350341907,0.0,-1.4774621139847262,0.465068801714033,1.050950541702474,-0.42452288248631276
CSO-14-7B-EVEGO-CorrEtiq.txt,0.0,0.0,0.0,4.36200651435592,0.0019545045862989618,-0.8357314558201954,-0.24001511205129455,0.9479690639452196,0.0,-0.07108300757150418,0.0,-1.1834676563523814,0.29491459195668607,0.6695137507956126,-0.03669312641096842
CSO-14-8A-AQUMA-CorrEtiq.txt,0.0,0.0,0.0,2.5851632284598223,0.6577933375280318,-1.008303452414682,-0.15987050754191737,-0.07501973004729537,0.0,0.06720044452290926,0.0,-0.5387044834952383,0.09369920655940356,0.08921919388560731,-0.2891389915691752
CSO-14-8A-MCIDOS-CorrEtiq.txt,0.0,0.0,0.0,4.836649307863185,-0.3827245622284865,-0.4477105166884871,-0.5483886716531827,1.0005294625874352,0.0,-0.5609190748933675,0.0,-1.4509144644851883,0.8336816978564834,1.5927704581713105,-0.10282557263045315
CSO-14-8A-SZARA-CorrEtiq.txt,0.0,0.0,0.0,3.3277277157512715,-0.035634707450467665,0.380789505907734,-0.02527401473553052,0.26461536705904726,0.0,-0.2748352826109685,0.0,-1.945079698761571,0.8507561545782565,1.3895389776090246,-0.7882241952162274
CSO-14-8B-JLLORA-CorrEtiq.txt,0.0,0.0,0.0,2.5852266018752434,-0.9382133087859206,-0.5588251760943335,-0.939074705516888,1.4870303907853732,0.0,-0.010514560640161291,0.0,-0.33294359939839296,0.250524609476176,0.40772336521064545,0.13000066010343106
CSO-14-9A-AEDCAGO-CorrEtiq.txt,0.0,0.0,0.0,3.7488665885780503,0.6747977465032178,-0.5857026226978224,0.3614554334608535,0.04335156847117925,0.0,-0.250251894933126,0.0,-1.5924279831780686,0.4508442363595826,0.8563240917766771,-0.5056811332199688
CSO-14-9A-HASACA-CorrEtiq.txt,0.0,0.0,0.0,3.7262049130810597,0.2784727673134463,-0.7627402474271627,0.22406288352607467,-0.33800456454402433,0.0,-0.2979912308746217,0.0,-1.3083607010014524,0.5525657726439122,0.8495180998799432,-0.10345304263697153
CSO-14-9A-JSMAAL-CorrEtiq.txt,0.0,0.0,0.0,3.8462525402602425,0.20170863020817512,0.020918681766080725,-0.031417085426224,-0.20813623764250186,0.0,-0.1503603189138283,0.0,-1.6958163373358823,0.2641950527372763,0.7622661713622187,0.11104063217558603
CSO-14-9A-MARJA-CorrEtiq.txt,0.0,0.0,0.0,4.01718748022611,-0.5915979573429225,-1.0578284599705172,-0.6762058489402897,1.205868548435995,0.0,-0.24246046006036837,0.0,-0.7741737880783075,0.5005663084177956,0.7457109759493863,0.2821623134097181
CSO-14-9A-SORZU-CorrEtiq.txt,0.0,0.0,0.0,4.000575806545028,0.5120067128817076,-0.23591384438978283,-0.14905819855398722,0.6190301281787981,0.0,-0.4363569873332127,0.0,-1.9242920937095278,0.6295217884001015,1.2690227392099642,-0.05510952304414879
CSO-14-9B-ERAGA-CorrEtiq.txt,0.0,0.0,0.0,3.383426860015304,-0.02941355551228139,-0.27984379019295336,-0.3516140045741312,0.3775517337104819,0.0,-0.2197017845188956,0.0,-1.409513981549606,0.3554493123597438,0.7834703543566244,0.1297548405856895
CSO-14-9B-MFEGA-CorrEtiq.txt,0.0,0.0,0.0,4.065921634843026,0.34701073018134526,-0.23589474908344552,-0.24287338386894883,2.5779579451207124,0.0,-0.008218155892090375,0.0,-1.6929148164025336,0.6937971047455733,1.2350699510625278,-0.19484189216553519
CSO-15-10A-LJRAGU-CorrEtiq.txt,0.0,0.0,0.0,4.426040519629967,-0.8418315189126145,-0.9379122930457446,-1.0827311805299085,0.6141190990356598,0.0,0.10411966103284732,0.0,-0.8881411367048488,0.13983785899358245,0.506082244824833,-0.30919982232807536
CSO-15-10A-MAARLO-CorrEtiq.txt,0.0,0.0,0.0,3.9314241793002376,-0.5388038040185515,-0.5316661452417841,-0.5798642539821748,0.4557029096187692,0.0,0.03254659550135335,0.0,-1.2442211244618528,0.48954528009088166,0.6915132318137256,-0.15895350809428366
CSO-15-10A-SFEGA-CorrEtiq.txt,0.0,0.0,0.0,3.4626025024172358,-0.5823917708795994,-0.9481535265595508,-0.7581540048439076,1.880876400581241,0.0,0.02801063188109468,0.0,-0.9655116349337497,0.26324327957983956,0.4501480411054848,-0.25093188118819804
CSO-15-10B-MEBUAR-CorrEtiq.txt,0.0,0.0,0.0,2.616381359118657,0.5518459665841634,-0.9985202119563855,0.32116220809236035,0.38922209518500006,0.0,-0.2792969357973593,0.0,-0.8074306190267647,0.9446713324901168,1.1280634315285507,-0.18465522880911855
CSO-15-10B-YVBUAN-CorrEtiq.txt,0.0,0.0,0.0,3.5709933063977166,-0.5084134099990815,-0.8345448467780733,-0.7472437244589464,1.054489372403386,0.0,0.19097617860849617,0.0,-0.5506172638264685,0.16855463480773528,0.355312345630387,-0.008980830771283123
CSO-15-10C-ALBAHO-CorrEtiq.txt,0.0,0.0,0.0,5.013967486400763,0.8498529286067191,0.3346400669468082,0.1254857826250625,-0.1684486880086747,0.0,-0.25796048217888695,0.0,-2.3647403672041967,0.8760189388043336,1.7967517672414226,-0.3870604215147395
CSO-15-10C-SSCAMO-CorrEtiq.txt,0.0,0.0,0.0,5.460391583711802,0.934334943341004,-0.37383435682591987,0.07787774774216825,1.176884780529072,0.0,-0.21716838441920316,0.0,-2.34091780470513,0.7929222484108647,1.535188261641701,-0.6036593387880016
CSO-15-11C-JETALO-CorrEtiq.txt,0.0,0.0,0.0,4.727241431019714,2.0527989197657606,-0.14982507415223537,0.8495064135032729,0.8439536182950993,0.0,-0.47447817718474916,0.0,-2.8089505855429415,1.323378250558637,2.5358868086880615,-0.40860520202967693
CSO-15-7B-JCRAGA-CorrEtiq.txt,0.0,0.0,0.0,2.6978988879293326,-0.3912642141231126,0.2642677022063681,-0.5993801152485,0.9778400161381544,0.0,-0.6156117246882421,0.0,-1.0513665819378664,1.0551583467285235,1.5340078711129295,0.16874465628674384
CSO-15-8A-VBMABR-CorrEtiq.txt,0.0,0.0,0.0,5.320804087596534,0.04985127329692571,-1.0928915179871705,-0.5279482325905851,-0.08358892356266015,0.0,0.011087343090976393,0.0,-1.7664450938472533,0.7782688057020812,1.4440659086316436,-0.7382553549473454
CSO-15-8B-KEPOGO-CorrEtiq.txt,0.0,0.0,0.0,3.8461436899083967,-0.9258968348341594,-0.6823102744820528,-0.9815917789706862,0.30501891251170543,0.0,-0.03238341314154893,0.0,-0.4591129221839505,0.3627557546371491,0.45695950878850056,-0.22639085223836866
CSO-15-9B-ALRIHE-CorrEtiq.txt,0.0,0.0,0.0,3.59288837399179,-0.22184653967651216,-0.04686053616991966,-0.3793127901917849,-0.38130905760155664,0.0,-0.023095088449951225,0.0,-1.4025948155198735,0.41907994311376845,0.6666786154337286,-0.7073433004222065
CSO-15-9B-AMSAGO-CorrEtiq.txt,0.0,0.0,0.0,3.0862181466908147,-0.3017849807965943,-0.9185310239228216,-0.5543091994764232,0.8527826909010948,0.0,-0.13427304303993082,0.0,-0.22344314311383745,-0.07691719016992585,0.009793177981398313,0.14084378427653307
CSO-15-9B-JCAPA-CorrEtiq.txt,0.0,0.0,0.0,3.487438517883211,-0.8429077668594589,-0.5121481355014333,-1.0022821251418887,0.20284861255257647,0.0,-0.06046802140130597,0.0,-0.6109697778719395,0.15318482168965167,0.47595295180401154,-0.31983601796186373
CSO-15-9B-KSBEJA-CorrEtiq.txt,0.0,0.0,0.0,4.816179890652014,-0.3184104761618286,-0.5851717528195582,-0.33805456944939316,-0.8582955563707727,0.0,-0.19220361416362655,0.0,-1.914634235335552,0.5856726564832527,1.2471793506637778,-1.262846765621036
CSO-15-9B-RMCHLU-CorrEtiq.txt,0.0,0.0,0.0,3.8024594133879885,0.8672310022613908,-1.0701152144558272,0.1400027928811916,0.6565504743968503,0.0,0.05927774549329999,0.0,-1.4454262768935626,0.3425164463977253,0.7611191006047673,-0.2581674347050962
CSO-15-9B-SJAGRO-CorrEtiq.txt,0.0,0.0,0.0,1.4701951112807041,0.573792507953441,-0.9259549496597185,0.4704054087690491,-0.66385648380667,0.0,-0.16677311643248052,0.0,-0.3857610409021963,0.09606695383393081,0.12844913796949375,-0.30158973101001696
CSO-16-10A-JEGAHE-CorrEtiq.txt,0.0,0.0,0.0,4.537688449399907,-0.1504571661289237,-0.7922558648966261,-0.4239248114249647,0.09001501895715182,0.0,-0.16943751451998856,0.0,-1.4640557297488173,0.48110842610437415,1.031040627260641,-0.26115393430031225
CSO-16-10A-MSACO-CorrEtiq.txt,0.0,0.0,0.0,3.7227661571024395,-0.7059639359219304,-0.595634370863416,-0.8424597106258853,0.614263188323291,0.0,-0.23552351848372893,0.0,-0.5403725141903241,0.647590212548747,0.8307829856261373,-0.1835023129503986
CSO-16-10A-SARI-CorrEtiq.txt,0.0,0.0,0.0,5.503591813874641,-0.5510950891804293,-0.37068127701711345,-0.7992821001948487,-0.48723992103470276,0.0,-0.439623016025115,0.0,-1.9387530174853727,1.1841363768415107,1.5843940226840483,-0.84182118868465
CSO-16-10A-SMOUT-CorrEtiq.txt,0.0,0.0,0.0,3.8032284920303367,0.17672036068648184,-0.05283876647396192,-0.2235953070438348,0.1271495331311343,0.0,-0.20843299796003895,0.0,-1.6132613743050497,0.7789406297872103,1.26733536102849,-0.02230416195712737
CSO-16-10A-YKMUJO-CorrEtiq.txt,0.0,0.0,0.0,2.6079638347744596,-0.7369369148983971,-0.41917145783281284,-0.8577355599693874,0.01089368331845585,0.0,-0.008283679896615185,0.0,-0.6417549146567633,0.14752390299664245,0.13957920399708726,-0.5491194761146264
CSO-16-10B-JESUGU-CorrEtiq.txt,0.0,0.0,0.0,2.4999574858213296,-0.7411939502641753,-0.5707170248146586,-0.738992525197228,0.7162228361195644,0.0,0.10723988349290745,0.0,-0.1795836661195536,0.03222149912620157,-0.08302049034083014,0.011528779478906844
CSO-16-10B-LTVIFA-CorrEtiq.txt,0.0,0.0,0.0,3.346730461135276,0.1312941019969431,-0.7472799664478611,-0.13241727694916217,0.8278061730375537,0.0,0.16050836936394852,0.0,-0.5939415920141079,-0.27743960147989943,-0.2092973802952602,-0.3134935005313915
CSO-16-10B-VVILI-CorrEtiq.txt,0.0,0.0,0.0,3.7621938895676417,0.43236421431897515,-0.446824010842721,0.1947453870649888,0.3574122721197218,0.0,-0.058377128319318405,0.0,-1.5873602526355368,0.5699808761974366,1.1360533457893969,-0.5949816957164217
CSO-16-10C-ACALGU-CorrEtiq.txt,0.0,0.0,0.0,3.750429291064416,-0.2798903682293774,-1.083210016660652,-0.5999282442254699,0.45284843248295403,0.0,-0.009171531274508428,0.0,-0.8757889786141586,0.24070558829586172,0.4868558850300783,-0.4782134439607449
CSO-16-10C-MAVAVE-CorrEtiq.txt,0.0,0.0,0.0,3.657064924256036,0.056284746621122504,-0.47718083166377223,-0.2568334420250072,0.7006530215907543,0.0,-0.1423624528781706,0.0,-1.0866474838099522,0.712182924809223,1.0705273401566389,-0.07140024788726267
CSO-16-11A-JAVABO-CorrEtiq.txt,0.0,0.0,0.0,3.3478732429039026,-0.3675881338333122,-0.3036224331676767,-0.5407087800287997,0.031080977189565134,0.0,-0.07942058626564202,0.0,-0.8370123440605279,0.19812729827392178,0.5143215141332155,0.0764684385388724
CSO-16-11A-JDMUVA-CorrEtiq.txt,0.0,0.0,0.0,3.847838921836786,-0.37347888930819506,-0.6195286855852679,-0.42310740908407607,-0.028806772836533108,0.0,-0.13514400384879774,0.0,-0.96733717850758,0.3337842676964504,0.5431398426957147,0.2062900170929754
CSO-16-11A-VZAOR-CorrEtiq.txt,0.0,0.0,0.0,2.8174108078480273,0.05038909409020695,-0.1364722383749807,-0.09894534987341977,-0.04481724191922321,0.0,-0.6776022306260164,0.0,-1.0774712733754177,0.4147770819131299,0.9286438016028628,-0.41121714318412794
CSO-16-11B-KRORE-CorrEtiq.txt,0.0,0.0,0.0,4.971822158861473,-0.5906154719513842,-0.8260419423086675,-0.8043277295674002,0.16624400168225253,0.0,-0.05476821713439993,0.0,-1.3861468295204669,0.6457677202581673,0.9902046314869264,-0.0878918566371237
CSO-16-11B-LLOZA-CorrEtiq.txt,0.0,0.0,0.0,2.7616953511610594,-0.37030615643106507,-0.367708565719992,-0.3413065451656462,0.24655622255183812,0.0,0.19883590471934331,0.0,-0.7026452245106757,-0.04019117337759862,0.17391327746499116,-0.05457547374629642
CSO-16-11B-YAROMO-CorrEtiq.txt,0.0,0.0,0.0,4.56866274783678,2.6969624340866445,-0.07995929816727683,1.5335901331406863,-0.021009466065272462,0.0,-0.38842860502122706,0.0,-2.871414921228516,1.0545123299311825,2.1006807778354197,0.14076803829801626
CSO-16-9A-JALEMO-CorrEtiq.txt,0.0,0.0,0.0,3.0724440150060977,0.5084756337032695,-0.8081820240197037,0.13130128021052961,-0.40322754220470586,0.0,-0.1665837096939595,0.0,-0.9258573660690113,0.07590370203498797,0.1924749906088301,-0.5602835364128314
CSO-16-9A-JPROSO-CorrEtiq.txt,0.0,0.0,0.0,4.8356031758219356,-0.2644404910939021,0.06769880657849438,-0.23818408413524658,0.04307563671714557,0.0,-0.7553130556667288,0.0,-1.8955221021016875,1.1312777482589116,1.6586918805646285,-0.13820622870983082
CSO-16-9A-JSMAGU-CorrEtiq.txt,0.0,0.0,0.0,3.1642297890856534,-0.3542669815472271,-0.9298010594131493,-0.5480952211660393,0.6469947444017852,0.0,-0.24601678465451593,0.0,-0.7806203082527202,0.1694296565667775,0.509960352887769,-0.19203628767621034
CSO-16-9B-SJPAJI-CorrEtiq.txt,0.0,0.0,0.0,3.845476060754536,-0.830808322083869,-0.8002803376156437,-0.8144212312161112,0.6580996521549497,0.0,0.04889665913405837,0.0,-0.7931989454531196,0.4443475067363835,0.6333181691165387,-0.34087375343031223
CSO-17-10A-YVGOCA-CorrEtiq.txt,0.0,0.0,0.0,3.244118555138272,0.43750406597212954,-0.9171962822631938,0.04131122048932132,0.6749448200530697,0.0,0.06309719624274865,0.0,-0.9885126823410356,0.22442572063124658,0.5789605650483277,0.022704969978116267
CSO-17-10B-EHECO-CorrEtiq.txt,0.0,0.0,0.0,4.679345463513389,-0.43975282594987325,-0.5130797119955447,-0.410840747025544,-0.36258294027880295,0.0,-0.33066973752876155,0.0,-1.604557502636518,0.7468861330483297,1.0565700953441923,-0.2831253952199462
CSO-17-10B-YCQUVE-CorrEtiq.txt,0.0,0.0,0.0,4.482067644837458,0.9909762514801898,-0.8244758932150781,0.1090668884828871,0.5164378648403871,0.0,-0.32601743911989367,0.0,-1.7566278782602984,0.7103788610159756,1.1418446230169823,-0.5145775170284844
CSO-17-11A-DJAPA-CorrEtiq.txt,0.0,0.0,0.0,3.955045351414428,0.23982077112495642,-0.7567967372689366,0.062235292776548795,0.01982353598824662,0.0,-0.06696568662137346,0.0,-1.3305061017089863,0.23175487990171317,0.5642027132267029,-0.3979767496824971
CSO-17-11A-JDAMO-CorrEtiq.txt,0.0,0.0,0.0,6.163679014545055,-0.8774247075938869,-1.0709046442776706,-0.9872139096721503,0.7285825387072287,0.0,-0.07806990679391948,0.0,-1.4295808322222667,0.44710189173391585,1.042332078090391,-0.44474823306786293
CSO-17-11A-NPAHE-CorrEtiq.txt,0.0,0.0,0.0,3.038068770262267,-0.4672404719856772,-0.9575420548527839,-0.4983879243721692,-0.2876196257023756,0.0,0.1739559203623339,0.0,-0.4250222655431866,-0.04973263859914354,0.028575037968143042,-0.4372255570476385
CSO-17-11A-RLPAIG-CorrEtiq.txt,0.0,0.0,0.0,3.0646543134463684,0.5455814015464185,0.2886203225338353,0.05777849986886971,0.1054155358368343,0.0,-0.011408198065144173,0.0,-1.645698137866838,0.6602472654160971,1.4782304022354062,-0.26613498479027603
CSO-17-11A-SPUVA-CorrEtiq.txt,0.0,0.0,0.0,4.330393573269089,-0.8469606837983722,-0.7395772917539983,-0.8952606632239747,1.522411708852289,0.0,0.008042896527587738,0.0,-1.401236043093695,0.6543628307788075,1.1838234810213057,0.12588658899820457
CSO-17-11B-CDBEBU-CorrEtiq.txt,0.0,0.0,0.0,3.0157088976078,0.4782783894297491,-0.6757322332985783,-0.06985413784889057,-0.14275541024355984,0.0,-0.10563292459696097,0.0,-0.927535170438037,0.9181347778533953,0.9020143880917659,-0.13775000677625274
CSO-17-11C-JDAAG-CorrEtiq.txt,0.0,0.0,0.0,2.293100022337618,0.005079753253892561,-0.950995874634768,-0.1556883765899597,0.4119565637126656,0.0,0.07509417127025052,0.0,-0.19782315219298935,0.01658677576579966,0.07164132747584345,0.10817931038957597
CSO-17-11C-MAPAMA-CorrEtiq.txt,0.0,0.0,0.0,3.0056227716955415,-0.1394974771344202,-0.473826096890219,-0.21650695434717881,0.33105041986347905,0.0,0.010019242576124354,0.0,-1.0041661558794581,0.2760042787478875,0.5501368603271283,0.12855014607686518
CSO-17-11C-MCAAG-CorrEtiq.txt,0.0,0.0,0.0,4.902066935781259,0.5825772557465857,-0.9289202906317645,-0.22171611790868198,0.10200100487150494,0.0,-0.1130204950190658,0.0,-1.2985032587766243,0.4842824609714141,0.8360058153360409,-0.673029620466558
CSO-17-11C-SARJA-CorrEtiq.txt,0.0,0.0,0.0,3.3968337542930036,-0.17822961970391063,-0.9159559156029589,-0.27013477481519027,0.9567822772272635,0.0,-0.02017449629087031,0.0,-0.8315595506973114,0.050842927325537364,0.30950712839547,-0.1086600859352887
CSO-18-11A-ADBAHO-CorrEtiq.txt,0.0,0.0,0.0,3.940228237398196,0.22559985092537674,-0.9096125936265348,0.2719398529109869,-0.13122641399558047,0.0,0.02155935534205691,0.0,-1.20683641899363,-0.025280034911665167,0.15007707305557352,-0.16216827804711265
CSO-18-11B-YLLRE-CorrEtiq.txt,0.0,0.0,0.0,4.110163256510341,-0.2144429132342996,-1.0472324269768463,-0.4527351081385026,0.028383193238161342,0.0,-0.22461071932723892,0.0,-0.9014469347313538,0.6536640162881617,1.0054144413061088,-0.020462150437447545
CSO-18-9B-MAMOLO-CorrEtiq.txt,0.0,0.0,0.0,5.6637285905013846,1.513374875264893,0.09203588048210024,0.1874316932129504,1.6983607423714717,0.0,-0.7923785578515545,0.0,-2.8898323543474542,1.45567249633396,2.439363829976801,-0.5281781236031541
CSO-8-3A-AIPRBR-CorrEtiq.txt,0.0,0.0,0.0,3.491064913407377,-0.8367879575006444,-0.5843067004339906,-0.8395252287620548,0.8727289463292024,0.0,-0.20633823569243973,0.0,-1.00691964078748,0.40790060030009023,0.7104138328053005,-0.28332592000502266
CSO-8-3A-DAPAVA-CorrEtiq.txt,0.0,0.0,0.0,3.6781494061181776,0.7620286999951488,-0.17952798875451645,-0.0383371004861613,0.27978382822809483,0.0,-0.4426019823384763,0.0,-1.886629245672647,0.921957035548722,1.6562072456002839,-0.49665443200662884
CSO-8-3A-KVPECO-CorrEtiq.txt,0.0,0.0,0.0,3.73491672392453,-1.3604405859173707,-0.35276515130093655,-1.4073174413863636,0.4284036298343644,0.0,0.032542502410763216,0.0,-0.74787724134198,-0.06210845765875364,0.0557135241698878,-0.018181125366987228
CSO-8-4A-ARAGR-CorrEtiq.txt,0.0,0.0,0.0,3.693981650000054,1.0959270993737509,-0.6245807507603486,0.14616450373137196,-0.3321298019075187,0.0,-0.14539579865407476,0.0,-1.4884412110217935,0.6748365062308038,1.417908814428317,-0.5505164653663798
CSO-8-4A-JRAAR-CorrEtiq.txt,0.0,0.0,0.0,4.295802198955161,-1.1774393854248344,-0.45987036297133244,-1.412900028454544,0.07484892252629433,0.0,-0.2544536507309667,0.0,-1.1535334950646001,0.323259626482919,0.3564565434710265,-1.416390762795702
CSO-9-2A-EXMOCO-CorrEtiq.txt,0.0,0.0,0.0,3.6259435675364142,-0.7382239654710405,-0.9389230656265792,-1.0815349277265827,0.6131341355217532,0.0,-0.1167713058193736,0.0,-0.6133632028367412,-0.0792956563950277,0.5023547220030178,0.6854378864008767
CSO-9-4A-AGAPE-CorrEtiq.txt,0.0,0.0,0.0,2.77170296779068,0.3654002587056115,-1.0276733620615528,-0.06055279577456594,0.8760635559277846,0.0,-0.26008893053840726,0.0,-0.6872814530855481,0.38771839214765785,0.6467853395642859,-0.2971670290030375
CSO-9-4A-DKVIMO-CorrEtiq.txt,0.0,0.0,0.0,4.269484169337604,-0.8945332785004306,-0.6275401248173774,-1.0365536175534455,-0.13242673419053191,0.0,-0.004823263275091154,0.0,-1.1566616422669147,0.013454095837579876,0.4484808293000845,-0.6970386434365053
CSO-9-4A-DSMOMU-CorrEtiq.txt,0.0,0.0,0.0,4.048280464854868,-0.04469091270403669,-0.12232275195609123,-0.4548816051222524,-0.47905675625820415,0.0,-0.273404677101879,0.0,-1.192420672694041,0.41773087902636846,0.6800690439231287,-0.2564463736113691
CSO-9-4A-DVGATO-CorrEtiq.txt,0.0,0.0,0.0,4.048335513982219,0.11323146143588007,0.04790356638250007,-0.36055993169634576,-0.04249164974627689,0.0,-0.31713152217215496,0.0,-1.7979549763274276,0.9210995991181733,1.1439950694756422,-0.4568025295077464
CSO-9-4A-EGCAMO-CorrEtiq.txt,0.0,0.0,0.0,3.9654701496913636,0.8387059333233805,-0.4058725286100398,-0.1905604846905224,0.42113696236811626,0.0,-0.15807026470382585,0.0,-1.7572067111508005,0.49231793027580206,0.8185822845432855,-0.4081901882120592
CSO-9-4A-FAGIGA-CorrEtiq.txt,0.0,0.0,0.0,2.3971446197563386,0.9413516019359742,0.5894599020134821,0.5037252463730243,-0.43027830291087477,0.0,-0.44667157568681987,0.0,-2.0299145881267284,0.07570393112976391,0.728669624226295,-0.9142106957243787
CSO-9-4A-GSBRCO-CorrEtiq.txt,0.0,0.0,0.0,4.38471974966282,-0.6491904814812633,0.13552602400712557,-0.9316748967622334,0.738303825350324,0.0,-0.15954221203044247,0.0,-1.9104200885333313,0.6130518871509145,1.1587356799066844,-0.45896450789085746
CSO-9-4A-KEMOCO-CorrEtiq.txt,0.0,0.0,0.0,4.539043388638347,-0.7999234742048379,-0.8114840219318392,-0.9953060597265568,1.158109835829838,0.0,-0.08714543423590776,0.0,-1.1163259435654467,0.4027946741296041,0.6691124211455443,-0.3667538563110312
CSO-9-4A-LCOMO-CorrEtiq.txt,0.0,0.0,0.0,3.4481537866381737,1.2866795913989906,-0.33273946313554675,0.5923361212862616,0.5960338594050141,0.0,-0.3857103270805978,0.0,-1.5994678700217815,0.9199397467882408,1.1883763165545254,0.2360999480176202
CSO-9-4A-MLORO-CorrEtiq.txt,0.0,0.0,0.0,4.6964772728883455,-0.8597350992504954,-0.7773656034847239,-1.1775965174538638,2.1946188390694727,0.0,-0.09706288712289199,0.0,-1.2581398557708425,0.6526555571750476,0.9719160423983447,-0.8321385706794321
CSO-9-4A-MPAME-CorrEtiq.txt,0.0,0.0,0.0,4.84938859513756,-0.013176490385123368,-0.690859135131147,-0.5708150353667202,-0.8648499260918621,0.0,-0.18758593078134408,0.0,-1.8137270704787347,1.1306952946182687,1.6816886875903396,-1.2941703931450634
CSO-9-4A-NSARPA-CorrEtiq.txt,0.0,0.0,0.0,3.3680295878158883,-0.20375190165892365,-0.6365042441212964,-0.1454306609916491,-0.16294399194401277,0.0,-0.056998722054284995,0.0,-1.2648995873301394,0.11771233017711065,0.353353664446782,-0.7330967734224058
CSO-9-4A-SLOCA-CorrEtiq.txt,0.0,0.0,0.0,4.32876065409176,-1.2324201292953023,-0.7535332691931604,-1.253505855383535,1.6266179073197857,0.0,-0.1615796963724775,0.0,-1.0839740240087066,0.7686467599890182,1.143939784810789,0.31360902490880965
CSO-9-4A-YVDITR-CorrEtiq.txt,0.0,0.0,0.0,5.115979341387721,-0.7030837543462233,-1.439175715883875,-1.0331018162863046,1.9820080322832911,0.0,-0.3927334111522635,0.0,-1.4247867365203306,1.034153429672846,1.5175223697304965,-0.4192376552349043
