file,z_wc,z_nodes,z_edges,z_re,z_pe,z_l1,z_l2,z_l3,z_lcc,z_lsc,z_atd,z_density,z_diameter,z_asp,z_cc
CDMS-10-4A-JURAN,0.0,2.6520695321479195,0.0,0.0,-0.5915167019106974,-1.0017406453556186,-0.5915167019106974,-0.46683198986724356,0.04094371586761229,-0.6956928522342535,-2.2008580849245662,-1.7436166238833288,-1.3390777426632818,-1.0295134407926518,-0.776526527401835
CDMS-10-5A-HEPIHO,0.0,3.203110651176119,0.0,0.0,-0.5641519475835701,-0.9126078160615323,-0.5641519475835701,-0.39505615317553233,-0.37974686710126965,-0.647576125802733,-2.544972430967716,-2.0944833455932623,-1.1492893762924734,-0.8404904664664373,-0.6031454851083644
CDMS-10-5A-KSRAGU,0.0,3.4002036623182015,0.0,0.0,-0.6042595067284142,-1.0054438032683148,-0.6042595067284142,-0.4254152189533841,-0.9161067596357849,-0.7312939044541369,-2.6897011109392897,-2.2792073141651517,-1.7254970505417002,-1.995207361647318,-0.6418640295216899
CDMS-10-5A-SROPU,0.0,3.285913469879438,0.0,0.0,-0.6453143380561521,-0.8575296473878902,-0.6453143380561521,-0.5127149877288545,0.55631546547429,-0.8468471943913284,-2.758206791351445,-2.349184500605831,-0.7389317512285909,-0.4547711668660026,-0.7244338919711681
CDMS-10-5A-SZURO,0.0,2.212005284208957,0.0,0.0,-0.6862227966999658,-1.07837704264353,-0.6862227966999658,-0.605743969982087,-0.14459668023389027,-0.9388339555867972,-1.933777619031444,-1.4221459064348856,-0.5295991998067751,-0.8049314360618804,-1.0883708517488149
CDMS-10-5B-SRAJA,0.0,3.182226761337712,0.0,0.0,-0.6669543638546445,-0.8626912826315646,-0.6669543638546445,-0.4648717303515508,0.966199748174055,-0.7646700850608481,-2.6956684728513878,-2.242115861706016,-1.7494974175070586,-0.9373905262940253,-0.800272762832958
CDMS-10-5C-DAAUSA,0.0,2.567202611386734,0.0,0.0,-0.7001400420140049,-0.9743216716147205,-0.7001400420140049,-0.5393308788692646,-0.33342902803094737,-0.8246167672713015,-2.2600871402333844,-1.77549377742536,-1.451966180389198,-1.7558273417757586,-0.9084170022693555
CDMS-10-5C-ICAPA,0.0,1.7998447411958312,0.0,0.0,-0.8043996665398437,-1.0347929552219572,-0.8043996665398437,-0.5098499285104608,1.0705287226561202,-0.8330937369456018,-1.5783060179016792,-1.081430916740157,0.7019770947894605,0.562320974988925,-0.9186294886951091
CDMS-10-5C-JFALGI,0.0,2.893651155470528,0.0,0.0,-0.5677048800169324,-0.8988971236751793,-0.5677048800169324,-0.38684880595817284,0.14298739746243358,-0.6385470613780504,-2.359724824746616,-1.8828972563962192,-1.029817333889542,-0.8472847968272808,-0.6103960617301689
CDMS-10-5C-MAORTO,0.0,2.7017381446092554,0.0,0.0,-0.7004500865013348,-1.0084152956251229,-0.7004500865013348,-0.480822368945951,1.1946482603760058,-0.7808127602718435,-2.2727833072995094,-1.838240056431444,-0.5185185185185182,-0.4876923261535598,-0.798390465996679
CDMS-10-5C-NBEMO,0.0,3.4740671240353467,0.0,0.0,-0.6344189708206865,-1.060423777845357,-0.6344189708206865,-0.4571443992078605,-1.0664274534790414,-0.7013650939278914,-2.971110262019311,-2.4397051049229534,-1.3146219633177783,-1.6742427574709098,-0.7995763605441629
CDMS-10-6B-ASCACO,0.0,2.3753667659022417,0.0,0.0,-0.6312175918475982,-1.0132383036964872,-0.6312175918475982,-0.5474433209040426,0.7629998962435242,-0.8595827791213103,-2.079746614361663,-1.549976008111712,-0.0051232224301168226,-0.16815753469807443,-0.8460719913789675
CDMS-10-6B-JJMOBE,0.0,2.6066823051210184,0.0,0.0,-0.5915167019106974,-0.9344045068798317,-0.5915167019106974,-0.4472135954999579,-0.7119914934033431,-0.7330166661378313,-2.1415192748553182,-1.7415147814751781,-0.703989469396047,-0.6808703280401587,-0.6785127337726942
CDMS-11-4A-GACHSA,0.0,2.30622664078822,0.0,0.0,-0.6862227966999658,-0.9797958971132713,-0.6862227966999658,-0.4714045207910317,-0.058376365729024667,-0.7908198785262472,-1.9843200936832044,-1.4221459064348856,-0.37480945560817996,-0.41389053733066616,-0.8145977570002411
CDMS-11-5A-EAARCA,0.0,2.4574887840593997,0.0,0.0,-0.7071067811865476,-1.020028864452185,-0.7071067811865476,-0.5488212999484517,0.7097912370498988,-0.8595827791213103,-2.115917949788419,-1.604810327420549,-1.042847204093865,-0.7690694418782086,-0.8124960008537288
CDMS-11-5A-MGTHAR,0.0,2.160601947683997,0.0,0.0,-0.7380581922604745,-1.078165876289931,-0.7380581922604745,-0.5847781773488425,1.644922417458881,-0.9563909620044593,-1.9242775304808357,-1.346997225693961,-0.41587622708315014,-0.561726150145153,-1.0171778155039886
CDMS-11-6A-DFVEBE,0.0,2.586328441191923,0.0,0.0,-0.715527688269897,-1.0347929154322641,-0.715527688269897,-0.5103739272784471,0.8561038757456672,-0.9007328867346396,-2.1508545407155975,-1.7092675993771715,-1.244721004257558,-1.2704101524903482,-0.7808294864144935
CDMS-11-6A-NMREPR,0.0,2.4574887840593997,0.0,0.0,-0.6232187236966764,-1.0263561669158667,-0.6232187236966764,-0.5440760894088581,0.36021363008055307,-0.8595827791213103,-2.134891020442568,-1.6221824562249845,-1.1299807087772895,-1.1550394353811304,-0.8292839961163481
CDMS-11-6B-ARAHE,0.0,3.081499020183871,0.0,0.0,-0.6375498105247469,-0.9379228369755696,-0.6375498105247469,-0.4071892788474301,-1.1265399962073153,-0.6510394573186495,-2.4822969377544384,-1.9846728297322223,-0.8213275798139817,-0.8326430351676491,-0.658142390461176
CDMS-11-6B-AVROTO,0.0,2.5943834717398153,0.0,0.0,-0.5937322507759796,-0.9292767830367701,-0.5937322507759796,-0.3770702340441722,0.32856777952570054,-0.6627154481030326,-2.109088681810112,-1.6408596674689608,-1.1944220807735824,-0.5832164097581237,-0.6252114707646259
CDMS-11-6B-EAFESA,0.0,2.9631535010785224,0.0,0.0,-0.6755964113173945,-0.9804443392074902,-0.6755964113173945,-0.48705678739484887,-0.3108954827843155,-0.7578757672667772,-2.4909892150293085,-2.044829089163912,-1.1730631383369947,-1.1751911489267535,-0.793277796642422
CDMS-11-6B-EFRGR,0.0,2.6054866460249206,0.0,0.0,-0.7572712299036657,-0.953998092005724,-0.7572712299036657,-0.5937322507759796,0.14948701855038665,-0.8917498246671364,-2.311849145229542,-1.8975339976528522,-0.38569460791993476,-0.9595395860972364,-0.9926237778345124
CDMS-11-6B-EROCO,0.0,1.7441631985447614,0.0,0.0,-0.6869498447529238,-1.0522735830032939,-0.6869498447529238,-0.502518907629606,1.6168871797054751,-0.7808127602718435,-1.5886910913281385,-1.0249381260659831,-0.7844645405527363,-0.2865608286072327,-0.874748399936256
CDMS-11-6B-JACUPE,0.0,2.610289234504128,0.0,0.0,-0.6582183780869638,-0.9438768095676265,-0.6582183780869638,-0.47826086956521735,0.8122211785997061,-0.7165107536316876,-2.2600871402333844,-1.7602673087043965,-1.1716638289627117,-1.2531740187904299,-0.8370167135131287
CDMS-11-6B-JDCHBA,0.0,2.9231660470195875,0.0,0.0,-0.6781253679066579,-1.005244521545749,-0.6781253679066579,-0.4556210808256099,0.05665926996700715,-0.7247526260606644,-2.483554511396952,-2.0824909924464308,-0.9381978763748714,-0.7997351474564888,-0.7752121655328785
CDMS-11-6B-JFSAHE,0.0,3.0969217755016083,0.0,0.0,-0.5641519475835701,-0.909286752652712,-0.5641519475835701,-0.3515615246553262,-0.08530207948912691,-0.6504327777596507,-2.437634751877489,-1.9194551876712367,-0.013131775384373526,0.00431872988975027,-0.5854728944355088
CDMS-11-6B-JLPENA,0.0,3.105354998980451,0.0,0.0,-0.542365433771121,-0.8987821363860327,-0.542365433771121,-0.3507587048587313,-0.07573535712210668,-0.647150228929434,-2.4822969377544384,-1.9194551876712367,-0.5475671897519114,-0.3277946515087251,-0.6006327245425083
CDMS-11-6B-JMARME,0.0,2.7698216797430817,0.0,0.0,-0.6807953759437149,-0.9823767359912949,-0.6807953759437149,-0.5077900234736241,0.1466912612512314,-0.8165318079033399,-2.370451866357841,-1.9826421023742042,-1.1227551553544348,-1.056118143475505,-0.8098249316152777
CDMS-11-6B-JPSAMA,0.0,2.6811351521312368,0.0,0.0,-0.6772716398450584,-1.0057307059414877,-0.6772716398450584,-0.46911825532913765,0.1100135877411515,-0.7938829180361757,-2.256617084004957,-1.8626004850462,-1.2367891554266743,-1.134848710282892,-0.7958341313195505
CDMS-11-6B-LESTA,0.0,2.504400034658983,0.0,0.0,-0.6152198555457548,-0.9690177247846499,-0.6152198555457548,-0.4571443992078605,0.785374913460567,-0.7775557622091288,-2.123545232448532,-1.7006127183010125,-0.2833583787413386,-0.09720921177757745,-0.763268506832308
CDMS-11-6B-MAGIMU,0.0,2.7935372469145667,0.0,0.0,-0.6231942999064787,-0.9804443392074902,-0.6231942999064787,-0.4628328424368393,1.34236114180732,-0.7459256566204904,-2.318560721052031,-1.832456055771096,0.8145982871839001,0.6580179816548002,-0.7486836431884274
CDMS-11-6B-MEBRTA,0.0,2.585009132844929,0.0,0.0,-0.5773502691896258,-0.971850208474555,-0.5773502691896258,-0.3808495232582667,-0.1551627377024438,-0.673017016497778,-2.1305973919941144,-1.614707494117703,-0.6051913508928699,-0.33269856617378946,-0.5611720476671246
CDMS-11-6B-MMAMO,0.0,3.8356430574671716,0.0,0.0,-0.6650786564722928,-0.9467916046467049,-0.6650786564722928,-0.46279762485732295,-1.1394758195680819,-0.7344497227305435,-3.18533400854852,-2.6643661694720713,-1.801616488064778,-1.5807947916939635,-0.6428461894835847
CDMS-11-6B-RSECA,0.0,2.7017381446092554,0.0,0.0,-0.6764179117834591,-1.0057307059414877,-0.6764179117834591,-0.42008402520840293,1.016201853265015,-0.7354542322242511,-2.2413576675222964,-1.8594407574576357,-0.3660129815828785,-0.018732634657698605,-0.7351933732690193
CDMS-11-6B-SCAPA,0.0,2.973084990297187,0.0,0.0,-0.5570860145311556,-0.9045340337332909,-0.5570860145311556,-0.39505615317553233,-1.7430253855907185,-0.6266382993206857,-2.5213779868978894,-1.9894326117360983,-1.1415589605169623,-1.5038745790121848,-0.6006080607120485
CDMS-11-6B-VZAPE,0.0,2.7172103815196538,0.0,0.0,-0.6799073107924465,-1.0136929167461801,-0.6799073107924465,-0.4981657663025997,-0.12812486594715394,-0.754152887112785,-2.3251260502388194,-1.9477027825846744,-1.062963151485062,-1.0631843540825217,-0.8214909354663207
CDMS-11-6B-YLNIME,0.0,3.232213632937047,0.0,0.0,-0.5823630167483491,-0.8475868968264199,-0.5823630167483491,-0.35633158904644796,-0.32334444485856983,-0.6187993457456309,-2.586370832787427,-2.0959719181551733,-1.494367283566684,-1.37853174107684,-0.6192005626571199
CDMS-11-7C-ICARE,0.0,2.925164269238343,0.0,0.0,-0.6375498105247469,-0.9928346591550155,-0.6375498105247469,-0.42008402520840293,0.2601137978081184,-0.656988794599526,-2.4202341258143965,-1.838240056431444,-0.8426503234632317,-0.6041245895177962,-0.689200549344186
CDMS-11-7C-IMOIB,0.0,2.734476027095206,0.0,0.0,-0.6375498105247469,-0.9649012813540153,-0.6375498105247469,-0.42008402520840293,0.16503298848041878,-0.6950952204628563,-2.2997663818071707,-1.8747569007411213,-0.8157927298791526,-0.6980884937266536,-0.7458314976111496
CDMS-11-7C-SALMA,0.0,2.264446845903306,0.0,0.0,-0.7381051253765321,-1.0132383036964872,-0.7381051253765321,-0.5474433209040426,0.2555168010141146,-0.8909363558146213,-2.0330001633435897,-1.6057478221516264,-0.44971375076804626,-0.5126550425968923,-0.977406133622064
CDMS-11-7C-SPGAVE,0.0,3.2156654923033923,0.0,0.0,-0.5089133578079825,-0.7719671789993283,-0.5089133578079825,-0.29488391230979427,-0.9867049131056441,-0.5317577582331638,-2.51094007354981,-2.151643293542512,-1.7141686000455163,-1.222022968287257,-0.47638409251067065
CDMS-12-5A-SRIGO,0.0,3.455450456322585,0.0,0.0,-0.6,-0.9379228369755696,-0.6,-0.47826086956521735,-0.2088839883061773,-0.7470991656478515,-2.9005584218997886,-2.428568083436698,-0.9189563500686188,-1.001984776717615,-0.687831703926488
CDMS-12-6A-FAROPA,0.0,3.8537170307021196,0.0,0.0,-0.6923076923076923,-0.9305415914315353,-0.6923076923076923,-0.43148400027826295,-0.5777372726922119,-0.7247526260606644,-3.1342658311361165,-2.687113800123584,-1.548066125260659,-1.8025586694956954,-0.5375238676668318
CDMS-12-6A-JGIGA,0.0,2.58668111790252,0.0,0.0,-0.6060852973416424,-0.9907063947161102,-0.6060852973416424,-0.4628328424368393,0.28784599124699395,-0.7024961089247219,-2.190924630567288,-1.7425657026792534,-0.5601258145977704,-0.642311054237535,-0.763230200897032
CDMS-12-6A-JSOTGU,0.0,2.264446845903306,0.0,0.0,-0.75,-1.014364021633215,-0.75,-0.4981610824055757,0.19548027394592452,-0.8011221047070237,-1.9621911298272503,-1.5484763939495287,-1.1415589605169623,-1.112937196885496,-0.8124960008537288
CDMS-12-6A-SROAL,0.0,2.6670274748311265,0.0,0.0,-0.6527533657682195,-0.9912612033950258,-0.6527533657682195,-0.4536039186059993,0.5595477512912032,-0.6685943190804019,-2.24627028804925,-1.7415147814751781,-0.41953748534424345,-0.19091492746962327,-0.7490422111315446
CDMS-12-6B-IJDAGA,0.0,2.642394054811989,0.0,0.0,-0.6800725949767288,-1.0253918798505688,-0.6800725949767288,-0.4326615153685468,-1.3521142124389982,-0.7356881956544428,-2.2467766508279956,-1.7417646774445614,-1.2450066917450706,-0.9770811632105576,-0.8002816448529708
CDMS-12-6B-SCLAG,0.0,2.862349227910007,0.0,0.0,-0.6634512665877929,-0.9867049131056443,-0.6634512665877929,-0.42008402520840293,0.48367701586278267,-0.7838686930074692,-2.436966063590976,-1.9960069158603653,-0.5277950996298277,0.10801520208910768,-0.763268506832308
CDMS-12-7C-ARAHE,0.0,2.7728488506112443,0.0,0.0,-0.6560014331336426,-0.9751764020099204,-0.6560014331336426,-0.42990936557781656,-0.8440345905779414,-0.6784615153432261,-2.2893563639095937,-1.7601452535702031,-0.4450241991080871,-0.945545003967843,-0.7110766396824537
CDMS-12-7C-CATRAR,0.0,2.682216950018537,0.0,0.0,-0.6872349991558255,-1.014364021633215,-0.6872349991558255,-0.5245751639917001,0.5357536386717139,-0.792183714449544,-2.2291325034761784,-1.731072118427925,-0.35603125781057415,-0.3686667119786742,-0.7993360554248249
CDMS-12-7C-DLOLO,0.0,2.925164269238343,0.0,0.0,-0.6182692362186442,-0.9498772410058983,-0.6182692362186442,-0.42008402520840293,1.00109257915643,-0.6846408584535219,-2.4202341258143965,-1.9846728297322223,-0.5511782546095501,-0.14907364203701648,-0.66900087639017
CDMS-12-7C-JSZAOR,0.0,1.887631863494786,0.0,0.0,-0.6709196490606821,-0.9917703890382036,-0.6709196490606821,-0.4364357804719848,1.6603033150334008,-0.7588209270431127,-1.6263850296866087,-1.1750614143089144,-1.1944220807735824,-0.7268066645934941,-0.7494075872231403
CDMS-12-7C-MAROBE,0.0,3.610815846571648,0.0,0.0,-0.6115928396627265,-0.9045340337332909,-0.6115928396627265,-0.3665083330689156,-0.3481389573605569,-0.604426969338339,-2.984779846652659,-2.4700676083660156,-2.1572774865200244,-1.8283040210223493,-0.7131355735258862
CDMS-12-7C-VMAPA,0.0,2.5666799306840224,0.0,0.0,-0.6152198555457548,-0.9804443392074902,-0.6152198555457548,-0.4571443992078605,1.1575905122570442,-0.8011221047070237,-2.2169073394300605,-1.739912731005794,-0.5690733745859908,-0.5861730055948754,-0.7499338743922289
CDMS-12-7C-VQURA,0.0,2.836028829509624,0.0,0.0,-0.5570860145311556,-0.8851864312888261,-0.5570860145311556,-0.39505615317553233,0.3133943178575119,-0.657052556249505,-2.332594526316142,-1.9194551876712367,-0.6282642391460915,-0.18506091022388668,-0.6006080607120485
CDMS-13-6B-ASUMO,0.0,2.4621931468278957,0.0,0.0,-0.5937322507759796,-0.9117993165071651,-0.5937322507759796,-0.40106852931409165,-0.5521496631785012,-0.6556753440199543,-2.0603047605732447,-1.6408596674689608,-1.8553706117580617,-1.6612945541450852,-0.6725110309578206
CDMS-13-6B-JDTAHE,0.0,2.29512766461424,0.0,0.0,-0.6648163813264917,-0.9432794832105529,-0.6648163813264917,-0.5180653234396059,1.473281792562842,-0.8219535608148234,-2.048430036355314,-1.5233682392297967,0.2681145581495915,0.45793269190568486,-0.7919853028253352
CDMS-13-7C-MVEAR,0.0,2.6886837122276406,0.0,0.0,-0.6686357738013253,-0.9910924922815544,-0.6686357738013253,-0.5064360688225207,1.9871547281741555,-0.8311135503088897,-2.341320461358176,-1.8995591315047586,-1.2056224099716322,-1.1083279987116081,-0.864397667933432
CDMS-13-7C-RAIZAC,0.0,2.8008492209629043,0.0,0.0,-0.6152198555457548,-0.894736842105263,-0.6152198555457548,-0.4155813868856491,0.552088932690561,-0.7092993656151905,-2.329118696243892,-1.6958221095186492,-1.252416692471515,-1.07821013847222,-0.6785127337726942
CDMS-13-7C-SSOSLO,0.0,3.194844968461223,0.0,0.0,-0.6375498105247469,-0.9379228369755696,-0.6375498105247469,-0.4843221048378526,-0.40022792653057726,-0.7855305579987917,-2.762927844691273,-2.3591200938188477,-1.7375811038978572,-1.6596905062664975,-0.7864167527524335
CDMS-14-10A-IMORTO,0.0,2.84627404620148,0.0,0.0,-0.5610590305812105,-0.9160966830644266,-0.5610590305812105,-0.40900304570431006,-0.13268092830257855,-0.6466315359095876,-2.3349901860351947,-1.9299126516851026,-1.4323930289944657,-1.1486109407942853,-0.6255929368235685
CDMS-14-10A-JCVANI,0.0,3.474906814344198,0.0,0.0,-0.5390733924747947,-0.9438491710629242,-0.5390733924747947,-0.36927447293799814,-0.980236139174964,-0.6100162681404069,-2.6511226810606505,-2.1876438401676648,-1.2535283521188383,-0.9850482217272172,-0.573864970344085
CDMS-14-5A-LSDUCO,0.0,2.6632718000239746,0.0,0.0,-0.7198051755130666,-1.0362926787613245,-0.7198051755130666,-0.6152198555457548,-1.8556246988188116,-0.8559785396929923,-2.386768121699332,-1.99140006771979,-1.2607012146832968,-1.798080564271385,-1.1510463814426821
CDMS-14-6B-KDCAHE,0.0,3.610815846571648,0.0,0.0,-0.6081636405595373,-0.8572903739373623,-0.6081636405595373,-0.43148400027826295,-1.1958407260817046,-0.7247526260606644,-2.984779846652659,-2.4730493132702027,-1.4907693410332392,-1.2124327437952849,-0.6503226090850247
CDMS-15-10A-AMALOS,0.0,2.838453603757693,0.0,0.0,-0.67452250848367,-0.9821385758274427,-0.67452250848367,-0.45485701853155613,0.5353546219502127,-0.7528232064596166,-2.3916604466020615,-2.002932628689619,-0.8681433244895016,-0.755329146512303,-0.7581515774566572
CDMS-15-10A-JJMACH,0.0,3.5770481143469515,0.0,0.0,-0.7226422815193234,-1.0313157945461093,-0.7226422815193234,-0.5175218286277214,-0.3369932606134566,-0.8084251050734381,-3.0494269362534814,-2.509885097822506,-1.0170940170940173,-1.1168936564018648,-0.8886771172726353
CDMS-15-10A-MAALCA,0.0,3.2294382400853396,0.0,0.0,-0.5641519475835701,-0.8787760582097436,-0.5641519475835701,-0.3515615246553262,-0.2249472337915235,-0.604426969338339,-2.6097764746020675,-2.1775528910608055,-1.8214874954516687,-1.6375183096935437,-0.6503226090850247
CDMS-15-10A-MAALRI,0.0,2.899139009264393,0.0,0.0,-0.6490338519121859,-0.9706649560108337,-0.6490338519121859,-0.45045319707717696,-1.1265394679970415,-0.7223159528211436,-2.436966063590976,-2.0123456564321565,-1.0235214128270935,-1.3904832513365064,-0.7287939745565304
CDMS-15-10A-SGOMO,0.0,2.549136618082649,0.0,0.0,-0.6101545896612097,-1.0057307059414877,-0.6101545896612097,-0.4155813868856491,0.5883315792589243,-0.6956928522342535,-2.150015040724922,-1.7222315058500561,-0.4674449166514308,-0.4045847213633876,-0.749954205427554
CDMS-15-10A-SHEGA,0.0,3.610815846571648,0.0,0.0,-0.6157346870505033,-0.9369044962829717,-0.6157346870505033,-0.44430265543711056,-1.246816220363177,-0.6850642333065745,-2.984779846652659,-2.4700676083660156,-2.1572774865200244,-1.6926378037706429,-0.7418162644246622
CDMS-15-11B-JEMOLO,0.0,3.1023198406414365,0.0,0.0,-0.6837657698708128,-1.0172028776360227,-0.6837657698708128,-0.524372630094021,0.285876611022568,-0.7961726308565148,-2.6639503869545567,-2.213219818029111,-1.473619129046648,-1.114405700684475,-0.9239066148096194
CDMS-15-11B-VSAHO,0.0,2.567202611386734,0.0,0.0,-0.7381051253765321,-1.0199581613645337,-0.7381051253765321,-0.5175218286277214,0.1459379660138366,-0.8311135503088897,-2.2600871402333844,-1.7602673087043965,-0.44971375076804626,-0.9415335249802077,-0.8923921770184248
CDMS-16-10A-SGALO,0.0,3.668092431682357,0.0,0.0,-0.550375078523238,-0.9226440970477023,-0.550375078523238,-0.3248254670390591,-0.8171161150471332,-0.6363467355503292,-2.8366966213358484,-2.2932608252583293,-0.9409662818139486,-0.9444345844265201,-0.5410130811986515
CDMS-16-11B-NGABE,0.0,3.133379826398739,0.0,0.0,-0.6488856845230502,-0.9912612033950258,-0.6488856845230502,-0.4843221048378526,-0.2088839883061773,-0.7355512054962656,-2.715043339197469,-2.232259989133388,-1.762035570315058,-1.814272869310067,-0.7864167527524335
CDMS-17-10A-ASSAMO,0.0,3.649485558126797,0.0,0.0,-0.5865884600854132,-0.9447117663891873,-0.5865884600854132,-0.4034732923929645,-1.4375639555482806,-0.6344189708206865,-2.9976502626778703,-2.5289869647577206,-2.1120675872442054,-1.8910327776036995,-0.6215306270725631
CDMS-18-7C-VVECA,0.0,3.214263047922967,0.0,0.0,-0.5393308788692646,-0.9622504486493763,-0.5393308788692646,-0.41081681256119,-0.20074856315842268,-0.5990422978731539,-2.556113717922343,-1.9960069158603653,-1.185113657849943,-1.0764926215213548,-0.6388609303194929
CDMS-8-4A-DBEVA,0.0,2.2980857258439653,0.0,0.0,-0.6611099775215864,-1.0132383036964872,-0.6611099775215864,-0.4516259576969889,0.33323322421213575,-0.7524519255760679,-1.9634330878566877,-1.4093842807745707,-0.5515534316202902,-0.5205500121120742,-0.7415769807987496
CDMS-8-4A-DJAVDA,0.0,2.6966933447660044,0.0,0.0,-0.6019434202185947,-0.9486252126415056,-0.6019434202185947,-0.3908059124590333,-1.604169242137492,-0.6236095644623236,-2.2250738533569083,-1.668340888493805,-1.825815786234899,-1.5674819385491678,-0.6544520542361039
CDMS-8-4A-DOSTR,0.0,2.875600539303352,0.0,0.0,-0.6767155423319645,-0.9894672312056636,-0.6767155423319645,-0.42008402520840293,0.532233861899431,-0.6859943405700352,-2.3410590249037044,-1.838240056431444,-1.0516430446619085,-0.8558542751519426,-0.6725393799709
CDMS-8-4A-LGOPA,0.0,2.34198232635706,0.0,0.0,-0.620686090754404,-0.9671461756421422,-0.620686090754404,-0.4536039186059993,-0.5010116618682111,-0.7478430053982777,-2.0302374896818183,-1.5463472942817438,-0.7045693942991367,-0.8549690882835235,-0.7858088024654342
CDMS-8-4C-JDBUTU,0.0,2.3931378597330344,0.0,0.0,-0.6182273451182543,-0.919585550067321,-0.6182273451182543,-0.4263264473648261,-0.4913386788170573,-0.739777472292068,-2.0374065214924366,-1.6301019496482914,-0.5238472904650975,-0.9322811684940122,-0.7408535535458549
CDMS-9-4A-ACDUTR,0.0,3.3656267438869314,0.0,0.0,-0.5641519475835701,-0.9615963874082214,-0.5641519475835701,-0.3515615246553262,-0.13260594370778261,-0.6304341498851196,-2.673293122402908,-2.149316779452309,-1.2958816409428948,-0.971027425211208,-0.5437479466275309
CDMS-9-4A-CARGA,0.0,2.7017381446092554,0.0,0.0,-0.6738202810148577,-1.0017406453556186,-0.6738202810148577,-0.4662524041201569,-0.46833357229752015,-0.7516283835227737,-2.2727833072995094,-1.865760212634764,-0.2743516305843673,-0.6905298742728252,-0.749954205427554
CDMS-9-4A-CRAAG,0.0,2.2676789523579166,0.0,0.0,-0.6689127599267755,-1.0167769335947596,-0.6689127599267755,-0.5288037438651119,1.382449684450691,-0.8435895650466285,-1.9958698013383396,-1.4746577311311326,-0.3628873693012119,-0.1622643315575598,-0.7905284504794592
CDMS-9-4A-EROHI,0.0,2.4519947147192145,0.0,0.0,-0.6917983672238234,-1.0155829166159283,-0.6917983672238234,-0.5014235546693679,0.8106597998124905,-0.7863126174840218,-2.0950660407727977,-1.6206117840204088,-0.09327595054102197,0.3278780823170483,-0.8103982783718957
CDMS-9-4A-ILOSE,0.0,2.8367396663329143,0.0,0.0,-0.6933055223864886,-0.9486706377436553,-0.6933055223864886,-0.5494518786669675,2.0866463931263657,-0.897804526223052,-2.4426124875074495,-2.051374774451122,-0.8248281460644007,-0.4620207816821341,-0.8885334516566062
CDMS-9-4A-TGAFR,0.0,2.1281831142181304,0.0,0.0,-0.6709196490606821,-0.9152944397544557,-0.6709196490606821,-0.3905667329424716,1.0249157363600057,-0.690227061010223,-1.8723960493972147,-1.367670228120554,-0.5140376481593053,-0.3935785645670656,-0.7494075872231403
CDMS-9-4C-SCAMO,0.0,3.4412110577214987,0.0,0.0,-0.5579140430588068,-0.96234358072756,-0.5579140430588068,-0.3359664610615968,0.4535434812227989,-0.6067462921104216,-2.7316062130431726,-2.2792073141651517,-0.7396231303916954,-0.7962664232541534,-0.6079180001877001
CDMS-9-5A-ABERO,0.0,2.51109309244382,0.0,0.0,-0.7449489607958668,-1.0157720316571397,-0.7449489607958668,-0.4947349221153188,0.19536501077738103,-0.8208001129676792,-2.1514648670238214,-1.698217413909831,-0.6075476193510694,-0.6451511514136994,-0.799556318708612
CDMS-9-5A-PAGACO,0.0,2.6066823051210184,0.0,0.0,-0.59695073913753,-0.9574244230436609,-0.59695073913753,-0.4521789973539092,-0.16015652586063814,-0.7092993656151905,-2.164941921704516,-1.7415147814751781,-1.0023869299427226,-0.4388294963261935,-0.7195672118682075
CDMS-9-5A-VVAAR,0.0,2.6221837916945168,0.0,0.0,-0.5983715248733115,-0.8946969529819192,-0.5983715248733115,-0.37178928355654395,0.07139159025545701,-0.6251239318915047,-2.2329266460310215,-1.6654486481106958,-0.18993790194572374,-0.24561257521949748,-0.6732520219089377
CDMS-9-5C-JDMADE,0.0,3.0246358165194573,0.0,0.0,-0.5699216255126663,-0.9496429089494483,-0.5699216255126663,-0.412447776881804,0.6212274330213181,-0.6257709251795472,-2.4360362275914857,-2.041207487776664,-1.3130283066320632,-0.8637002768496319,-0.6888818490149916
CDMS-9-5C-LVIZAC,0.0,2.875600539303352,0.0,0.0,-0.6,-0.9545454545454545,-0.6,-0.3865556717425342,-1.4520361726373432,-0.647150228929434,-2.3363299281851266,-1.8276920951004272,-1.3783680734199664,-1.568422303815554,-0.6346686051207171
CDMS-9-5C-MLOGO,0.0,2.5086783351566777,0.0,0.0,-0.59695073913753,-0.9912612033950258,-0.59695073913753,-0.5098499285104608,-0.07886984752722301,-0.8011221047070237,-2.1415192748553182,-1.6408596674689608,-0.41953748534424345,-0.801490701399885,-0.7821161792385484
CDMS-9-5C-SCAAG,0.0,2.4398834002806122,0.0,0.0,-0.7195765175755053,-1.0240156294592222,-0.7195765175755053,-0.4737688350683763,0.6347949353462803,-0.801821359365434,-2.1016459234050977,-1.5492262010306204,-0.24022823249892397,-0.3187315839268008,-0.7691165877098667
CDMS-XX-10A-VGILO,0.0,2.862349227910007,0.0,0.0,-0.6738202810148577,-0.9843091327750997,-0.6738202810148577,-0.563235127634186,1.6580138876927137,-0.7838686930074692,-2.5085468448223454,-2.0824909924464308,-0.6108775694957663,-0.5604745335949419,-0.8341965761801556
CDMS-XX-5C-MJSARU,0.0,2.8941495323644877,0.0,0.0,-0.6375498105247469,-0.9804443392074902,-0.6375498105247469,-0.42008402520840293,-0.5798733273196015,-0.6791503773612185,-2.407848663558127,-1.9236139491982258,-1.0646370900227617,-1.3420018821110722,-0.6824822858898839
CDMS-XX-5C-MPCAQU,0.0,1.777109008265944,0.0,0.0,-0.8164965809277259,-1.0347929552219572,-0.8164965809277259,-0.5623916050338599,1.4160165977498307,-0.9093515783249696,-1.6641233151117343,-1.064323584273268,-0.16529490122682156,-0.31136074178452444,-1.038819910460266
CDMS-XX-6A-MAGICA,0.0,2.5086783351566777,0.0,0.0,-0.6173803722306588,-0.9569741022387825,-0.6173803722306588,-0.46683198986724356,0.5845392521211094,-0.7566773907027964,-2.1415192748553182,-1.675647435189696,-0.4449542090674189,-0.009993924230104298,-0.763268506832308
CDMS-XX-6B-SPUCA,0.0,2.770868728176409,0.0,0.0,-0.639316513865675,-0.9737952429599108,-0.639316513865675,-0.4309600536884326,0.021939402663135335,-0.6847008878422722,-2.2958792046285827,-1.8662406904000826,-0.24913301439057595,-0.5004339614638683,-0.6880555763968605
CSO-10-4A-ICAPA,0.0,2.6242559499707596,0.0,0.0,-0.6859943405700353,-1.0256451881367414,-0.6859943405700353,-0.4936258837698759,-0.08636446660455001,-0.8260869565217391,-2.253102440945586,-1.866721168165401,-1.313221572394999,-1.1276020195161065,-0.798390465996679
CSO-10-4A-KCOMO,0.0,2.041702970032274,0.0,0.0,-0.8337611813800203,-1.0544946277728333,-0.8337611813800203,-0.5192908385760284,0.13481610671194413,-0.9098911844426589,-1.821875834647124,-1.3067058499608901,-0.7573362501416838,-0.9976327900423452,-0.974430149935199
CSO-10-4A-LRAVI,0.0,1.994828253445145,0.0,0.0,-0.6939274820539291,-1.0651563905497654,-0.6939274820539291,-0.6028489823425323,-0.18079588650947478,-0.9494234644354742,-1.7853161605347996,-1.314004442591032,-1.583562272539071,-1.294647648817012,-1.0482930036654914
CSO-10-4A-LSCAVA,0.0,3.594328473883378,0.0,0.0,-0.48705678739484887,-0.8542540542426573,-0.48705678739484887,-0.32684574372119035,-0.5227385420479348,-0.5608698852630954,-2.7280625804925647,-2.201278238149646,-0.927390197803195,-1.0304528940865891,-0.5190699398279599
CSO-10-5A-ACAVA,0.0,2.829227180106194,0.0,0.0,-0.6263848330352508,-0.9774050910833506,-0.6263848330352508,-0.42578401274333294,0.1364992446311644,-0.7170259958379275,-2.3414781522097012,-1.8329660757659356,-1.172485780981332,-0.8900780070792791,-0.6815826065955808
CSO-10-5A-ARACA,0.0,2.8129851239209787,0.0,0.0,-0.5300682048177602,-0.8818519817980397,-0.5300682048177602,-0.3574109215852711,-0.19482047278783357,-0.6218255654844598,-2.329118696243892,-1.7695440509871658,-1.2086831186448528,-1.2204533447897645,-0.5794236401264462
CSO-10-5A-DABRZA,0.0,2.770915928783693,0.0,0.0,-0.6375498105247469,-0.9884282495714195,-0.6375498105247469,-0.42578401274333294,-0.5390766734559973,-0.7466649997455141,-2.303618187159135,-1.8797034901269365,-0.5215974237182281,-0.5333117346200071,-0.749954205427554
CSO-10-5A-GZAMA,0.0,2.5265655520438406,0.0,0.0,-0.6859943405700353,-0.978333633460418,-0.6859943405700353,-0.5393308788692646,0.14616926079865267,-0.9249850805703698,-2.2010840419482562,-1.7809145777616495,-1.024508496883543,-1.0317437569153247,-0.9127271236783328
CSO-10-5A-IPECA,0.0,3.3721863784132466,0.0,0.0,-0.7439906087868118,-1.0278289395756341,-0.7439906087868118,-0.5211004071769555,0.5073251045951961,-0.8017837257372731,-2.8852751833983943,-2.3948122510206713,-1.196232837080401,-1.2627055300796421,-0.9563920560750077
CSO-10-5A-JANORO,0.0,2.3858789268701526,0.0,0.0,-0.5507427126572114,-0.9912612033950258,-0.5507427126572114,-0.4981610824055757,0.9150179365143992,-0.7247526260606644,-2.010893837903718,-1.6350751867027427,-0.8611558909697627,-0.4589071619266822,-0.8124960008537288
CSO-10-5A-JBUVE,0.0,3.0606059145993303,0.0,0.0,-0.6682380543317855,-0.9942227792306315,-0.6682380543317855,-0.42578401274333294,-1.4114994180216702,-0.7089712637752197,-2.5000198876783157,-2.103764418532287,-1.2999866780245024,-1.3399176040532064,-0.659881297200601
CSO-10-5A-JJSEMO,0.0,2.5475631293932817,0.0,0.0,-0.5659228598131815,-0.9419111187911122,-0.5659228598131815,-0.4313974911928035,-0.23817256276330354,-0.6756596376376036,-2.118057995312731,-1.6482635312454443,-1.0757668264583433,-0.9428226866067773,-0.6660535271540757
CSO-10-5A-JLCARI,0.0,2.212005284208957,0.0,0.0,-0.6877463849533247,-0.9867049131056443,-0.6877463849533247,-0.43148400027826295,0.903813805867092,-0.7775557622091288,-1.933777619031444,-1.4221459064348856,0.04593152121746257,-0.31110483160381236,-0.7499338743922289
CSO-10-5A-MAARAN,0.0,2.8821894396176617,0.0,0.0,-0.778390729501927,-1.0946954287765454,-0.778390729501927,-0.6042839305186121,-0.31008196828001455,-0.8691607529725282,-2.5629336345678433,-2.0806634269628788,-1.049403058586912,-1.3137357071885503,-1.0787189896079177
CSO-10-5A-MAOSMO,0.0,3.1187309051701946,0.0,0.0,-0.5533068361424334,-0.9438185346773096,-0.5533068361424334,-0.3515615246553262,-0.2865092292636231,-0.5944892941095895,-2.481741501933633,-1.9236139491982258,-0.5818201444463675,-0.5917124610954555,-0.5650526511715428
CSO-10-5A-RVMOIB,0.0,2.6161148713369924,0.0,0.0,-0.6820598542383466,-1.0136929167461801,-0.6820598542383466,-0.49535030901731997,0.24746998523283054,-0.8311135503088897,-2.2600871402333844,-1.839141893271373,-0.4149461245470193,-0.5114474653098565,-0.8408040592245456
CSO-10-5A-SVHEES,0.0,2.6311793833260237,0.0,0.0,-0.7286378418944472,-1.0153126252372262,-0.7286378418944472,-0.5127149877288545,-0.5232041956236001,-0.8261049097845116,-2.1767507617024173,-1.588547276892485,-0.9785093494204944,-1.452360420080434,-0.8540526136064774
CSO-11-5A-MDVOSPE,0.0,2.5623676478797175,0.0,0.0,-0.6781253679066579,-1.010545107072199,-0.6781253679066579,-0.46683198986724356,-0.3853920648738228,-0.7197480077861119,-2.153864091096717,-1.7179224804533304,-1.313752483255296,-1.4137625405508925,-0.8265864206302624
CSO-11-5A-MTAGA,0.0,3.1183141481811525,0.0,0.0,-0.6043724810792441,-0.9819955470024975,-0.6043724810792441,-0.39505615317553233,-0.23120400096539334,-0.5962518956362001,-2.5292311675296464,-2.0519024154333296,-0.4088275272326275,-0.4113021501844988,-0.6478144233674593
CSO-11-6A-CAPAMU,0.0,3.203110651176119,0.0,0.0,-0.6,-0.9424529286169204,-0.6,-0.4072490933003813,-0.8641324498187156,-0.6836773803967191,-2.544972430967716,-2.0286843970039476,-1.2873492211387783,-0.9816723947507875,-0.6134686573510192
CSO-11-6A-DSCACH,0.0,2.9400379733527346,0.0,0.0,-0.5488212999484517,-0.8553898833377738,-0.5488212999484517,-0.37653200240572493,-0.0630250689662251,-0.597621371050582,-2.3467795457766014,-1.917738407852716,-1.1361373213813373,-0.9492766362454996,-0.5866645887411897
CSO-11-6A-EROMO,0.0,2.7123643678891542,0.0,0.0,-0.6152198555457548,-0.9894672312056636,-0.6152198555457548,-0.4525696378552518,0.3402126840400205,-0.7690096033344017,-2.2413576675222964,-1.79805900129035,-0.0696491554220501,0.08524442861890788,-0.7499338743922289
CSO-11-6A-FSOVRE,0.0,2.5086783351566777,0.0,0.0,-0.5953414949567548,-0.9329592776454098,-0.5953414949567548,-0.41783270604702605,0.5215202077204969,-0.6928011352409369,-2.157478481214719,-1.65892263350374,-0.24151695379962745,0.014802966022955747,-0.7089972619503582
CSO-11-6B-ANREVA,0.0,3.4522619858504515,0.0,0.0,-0.6372395473602607,-0.9578414886923189,-0.6372395473602607,-0.4843221048378526,-0.3772760822208748,-0.7680491274911312,-2.877698443339793,-2.385991101589192,-0.5976829131634528,-0.400944234311655,-0.7844174876297039
CSO-11-6B-DISEMO,0.0,2.7123643678891542,0.0,0.0,-0.6339866106569871,-0.9903642173003446,-0.6339866106569871,-0.45485701853155613,-0.43711957382125455,-0.7291810984464888,-2.2413576675222964,-1.79805900129035,-1.1866818021269763,-1.0378981870747452,-0.716293728155853
CSO-11-6B-LHFDLACH,0.0,3.511151378500549,0.0,0.0,-0.5570860145311556,-0.864817962047613,-0.5570860145311556,-0.35633158904644796,-0.8258000627789315,-0.5990422978731539,-2.7383865838658488,-2.3528283171610513,-1.2517038785424701,-1.1286671858073352,-0.4055193340327123
CSO-11-6B-RJGIHE,0.0,3.1064888835841415,0.0,0.0,-0.5134893406237941,-0.9174230894150797,-0.5134893406237941,-0.3056159751617792,-0.6732126448645608,-0.5628154680122991,-2.458469567613381,-2.0034586935692,-1.6306792463653783,-1.323199228458406,-0.5639346351151207
CSO-11-6B-SFLVA,0.0,2.15085381167375,0.0,0.0,-0.8489492083971341,-1.0533246020232907,-0.8489492083971341,-0.5533068361424334,0.25868327454870177,-0.9629138409712988,-1.921525247829084,-1.3502222328211735,-0.6025473815313033,-0.9853002208020845,-0.9773007296830092
CSO-11-6B-VCOMA,0.0,2.753741160495799,0.0,0.0,-0.5641519475835701,-0.9126078160615323,-0.5641519475835701,-0.3665083330689156,-0.579068533777217,-0.666010175452128,-2.2997663818071707,-1.9233742649328074,-1.4836295180675847,-1.6065585839299574,-0.5708792034732715
CSO-12-6A-DGISE,0.0,2.7201653395714667,0.0,0.0,-0.5937322507759796,-0.8658119656040476,-0.5937322507759796,-0.3865556717425342,1.0779080953626003,-0.6555999832159717,-2.3430677990370876,-1.856906355601313,0.8507836297673974,0.6634545660212918,-0.6252114707646259
CSO-12-6A-FJOVRE,0.0,2.753741160495799,0.0,0.0,-0.5915167019106974,-0.9829794734892129,-0.5915167019106974,-0.43148400027826295,-0.04472044689712709,-0.6899094182476204,-2.2997663818071707,-1.838240056431444,-0.0051232224301168226,-0.837217747007216,-0.7499338743922289
CSO-12-6B-GQULO,0.0,3.081499020183871,0.0,0.0,-0.6162495185552518,-0.9748099204492218,-0.6162495185552518,-0.3665083330689156,-0.8151016643909518,-0.6791503773612185,-2.5462997452078513,-2.0964678732024633,-0.9755372173595077,-0.8562672807000075,-0.7037934817551755
CSO-12-6B-LJHEFE,0.0,4.3648049363314785,0.0,0.0,-0.6410832172066031,-0.9806134157345242,-0.6410832172066031,-0.43148400027826295,-1.1296838194580667,-0.7489564873574207,-3.6098083457061536,-3.135133215919944,-1.4007644401253343,-1.6894551194454208,-0.7430709236052773
CSO-12-6B-VPAMA,0.0,3.003283298889804,0.0,0.0,-0.5163781600009772,-0.8897761308556075,-0.5163781600009772,-0.3700703459737261,-0.5399817234234998,-0.6131788936486033,-2.380700682854725,-1.8898180474089488,-0.0907577695063243,-0.3333866798035719,-0.5497522247952309
CSO-12-7A-DALRE,0.0,2.30622664078822,0.0,0.0,-0.7423074889580903,-1.014364021633215,-0.7423074889580903,-0.4981610824055757,0.2799417177139623,-0.8851725091609643,-2.0540998566837994,-1.6413117512501196,-0.9317252891563471,-0.6606367949920774,-0.9164721351768591
CSO-12-7A-ESALA,0.0,2.5943834717398153,0.0,0.0,-0.5544954504367372,-0.8489492083971341,-0.5544954504367372,-0.3203581541090473,-0.9168426412846261,-0.5698157300199148,-2.086694306998644,-1.579067245694021,-0.9744330061919213,-0.9131030716709132,-0.5036509621344356
CSO-12-7A-IMERO,0.0,2.951611677953193,0.0,0.0,-0.5544954504367372,-0.9292767830367701,-0.5544954504367372,-0.3905667329424716,-0.06245166139750285,-0.656988794599526,-2.3363299281851266,-1.899966222796237,-0.36637892770410224,-0.20798968527421777,-0.5981199639766521
CSO-12-7A-JHEZA,0.0,3.481080682924035,0.0,0.0,-0.4935283936974244,-0.8252947655633284,-0.4935283936974244,-0.30151134457776363,-1.1721748910728622,-0.5163977794943221,-2.626715110450708,-2.1408215910480966,-1.425686730640513,-1.4161908411527693,-0.48033105870033704
CSO-12-7A-LSARAR,0.0,2.2980857258439653,0.0,0.0,-0.626300100575299,-0.9912612033950258,-0.626300100575299,-0.4472135954999579,0.5003254996764259,-0.6760891953787851,-1.9590006139490002,-1.4958635793892838,-0.5409028542982499,-0.17930488842892398,-0.7499338743922289
CSO-12-7A-SCAHO,0.0,3.181013669740021,0.0,0.0,-0.5133726234922042,-0.8670785813637125,-0.5133726234922042,-0.3614199610576818,-0.9860326788145789,-0.6091718817339675,-2.57987562418557,-2.104228191469222,-1.3236503693761545,-1.2819728645433561,-0.5849259354359234
CSO-12-7B-DVAGRO,0.0,2.836028829509624,0.0,0.0,-0.5465357250000211,-0.8775510204081632,-0.5465357250000211,-0.3203581541090473,-0.058376365729024667,-0.5720775535473555,-2.332594526316142,-1.8107472543332896,0.45522233521690525,0.47148880333713966,-0.5325203635552894
CSO-12-7B-SMUGU,0.0,2.2414302245029316,0.0,0.0,-0.6902013856519744,-1.0184225460228642,-0.6902013856519744,-0.4615152392440103,1.0582875099787117,-0.8013831605433335,-1.976213838846867,-1.3782054736422578,-0.7281944538822465,-0.3032511257819597,-0.8510011110733978
CSO-12-7B-SSARA,0.0,2.930572193412365,0.0,0.0,-0.5440760894088581,-0.8700692924472788,-0.5440760894088581,-0.329292779969071,-0.2279240595706597,-0.5858241720998096,-2.4057078169991652,-1.8319301654991804,-0.7484444822646621,-0.6565202540413275,-0.5840990681399536
CSO-12-7B-VHOMA,0.0,3.072778345978503,0.0,0.0,-0.6167445458821994,-0.9804443392074902,-0.6167445458821994,-0.43148400027826295,-0.4191734605342487,-0.6570206754245155,-2.5189316254287846,-1.9856908019114257,-1.6558203782170018,-1.6782424890494971,-0.6507617180110318
CSO-12-8A-YTOME,0.0,2.72866931693802,0.0,0.0,-0.6996881923200795,-0.9989412634153932,-0.6996881923200795,-0.4855200966477121,-0.1981754164613343,-0.9232394307827008,-2.2734786562386455,-1.794503306376379,-0.06923072712189832,-0.1607881571372528,-0.790468236396982
CSO-13-6A-ANASA,0.0,3.6026060656307326,0.0,0.0,-0.5707511083865979,-0.9047729523922334,-0.5707511083865979,-0.3590349288621209,-0.7030239945824825,-0.6298916141415754,-2.901964369751957,-2.395787898230968,-1.1968276772992987,-1.1198083619452408,-0.6134686573510192
CSO-13-6B-JETAVE,0.0,2.128608336760766,0.0,0.0,-0.6073516944008988,-0.9681052690610569,-0.6073516944008988,-0.4418360821684622,0.55756554923147,-0.7101793512948277,-1.8723960493972147,-1.367670228120554,-0.2603505843631674,-0.06073679397853292,-0.7494075872231403
CSO-13-6B-LFMIES,0.0,2.3806228463861974,0.0,0.0,-0.6263791678450951,-1.010545107072199,-0.6263791678450951,-0.500506421145126,-0.7294921227968786,-0.6956928522342535,-2.0453202261326906,-1.5925255974072274,-1.097342653789086,-1.2671578298508335,-0.8189085954908506
CSO-13-6B-LJMAHU,0.0,2.128608336760766,0.0,0.0,-0.6519041681304218,-1.0191303201465747,-0.6519041681304218,-0.46279762485732295,-0.06245166139750285,-0.7385048528374865,-1.8723960493972147,-1.290314843848515,-0.23346307108777428,-0.45992137359653884,-0.7919853028253352
CSO-13-7A-CAPAMU,0.0,2.7339383478970154,0.0,0.0,-0.5890525809980554,-0.9269950284735764,-0.5890525809980554,-0.4155813868856491,-1.424334415172551,-0.6661936349652886,-2.287694492146571,-1.7307695521683297,-1.4117104312598732,-1.0896079280700124,-0.6889360836024088
CSO-13-7A-CDDITR,0.0,2.616710637345549,0.0,0.0,-0.5650320466312655,-0.8658119656040476,-0.5650320466312655,-0.36927447293799814,-0.058376365729024667,-0.6859943405700352,-2.086694306998644,-1.7113960068739043,-0.6697205446030638,-0.843313630997126,-0.573635385920177
CSO-13-7A-JJATFL,0.0,2.8333333333333344,0.0,0.0,-0.7142857142857143,-1.0716517624676403,-0.7142857142857143,-0.5544954504367372,0.04005578512167039,-0.8800705415623881,-2.386734176431794,-2.0286843970039476,-0.739864368185011,-0.8772680748514791,-0.798390465996679
CSO-13-7A-KRAMA,0.0,2.9041284861642986,0.0,0.0,-0.6173803722306588,-0.9690177247846499,-0.6173803722306588,-0.39505615317553233,0.15906156897500873,-0.6892974875509881,-2.436966063590976,-1.9960069158603653,-1.0229813954221376,-0.9584781261124364,-0.7287939745565304
CSO-13-7A-RXCHLU,0.0,2.170350083694243,0.0,0.0,-0.5915167019106974,-0.894736842105263,-0.5915167019106974,-0.4536039186059993,1.1390052595364302,-0.8004987358916189,-1.9270298131325874,-1.390018579299335,-0.5025118651851266,-0.6912838436684305,-0.8124960008537288
CSO-13-7A-YAMEZA,0.0,3.3212058195890206,0.0,0.0,-0.6339885296169101,-0.9218153658599622,-0.6339885296169101,-0.48257223689190176,-1.6574239358008542,-0.7881752182625195,-2.7468124362223314,-2.344421166223264,-2.100369556524469,-2.1416602724007303,-0.7411154223935132
CSO-13-7A-YBOSO,0.0,2.023724299427083,0.0,0.0,-0.6694811530916835,-0.960727723210856,-0.6694811530916835,-0.447475536675231,-0.5201833636802037,-0.7045528247168259,-1.7799484388561526,-1.1960451743752447,-0.841306510870319,-1.0476150947942635,-0.7236506082132079
CSO-13-8A-KIGAGU,0.0,2.5794781525059274,0.0,0.0,-0.5640464909234186,-1.011891705384343,-0.5640464909234186,-0.5399674387642383,1.2352199452603165,-0.7313301338095295,-2.1980630606274425,-1.7425772352463569,0.21639665534299854,0.2724069869373179,-0.8633599899974934
CSO-13-8A-MBUAN,0.0,2.360004537920787,0.0,0.0,-0.6553086408613615,-0.9929317473569201,-0.6553086408613615,-0.42928851826065983,-0.25819308293863097,-0.7278158433149167,-2.0260311588124873,-1.601289415662915,-1.1884055520009493,-0.8938568879773026,-0.8072436339291954
CSO-13-8A-MGAAN,0.0,2.8108381088926073,0.0,0.0,-0.5696519211398117,-0.9236745443781278,-0.5696519211398117,-0.3818129528933532,-0.9907518624839715,-0.6072654303080927,-2.3036183769622,-1.8967388384216781,-0.882889904361128,-0.9482227807046801,-0.6791600645872147
CSO-13-8A-MGAHE,0.0,2.4003967925959167,0.0,0.0,-0.700071439506233,-1.020028864452185,-0.700071439506233,-0.46683198986724356,0.4903388739040362,-0.8011221047070237,-2.0783162534334294,-1.6247560495847906,-1.0952335760854373,-0.6787672453935544,-0.7890715981335833
CSO-13-8A-MJAGA,0.0,3.072158781622317,0.0,0.0,-0.62952013709213,-0.952588802199122,-0.62952013709213,-0.4154504188847965,-1.2482244919205212,-0.7179178829986463,-2.511859286516623,-2.05974077192736,-0.8121748061719176,-0.6222391793452458,-0.7253914290846939
CSO-13-8A-VHODU,0.0,2.9224390802142324,0.0,0.0,-0.6799351809840743,-0.871824998355794,-0.6799351809840743,-0.5437847082837293,0.4858112585497435,-0.8817812873914376,-2.4997680299258267,-2.0636600408051713,-1.8207025534603425,-2.044634916361824,-0.8113371685933073
CSO-13-8B-FCJISA,0.0,2.608487054669186,0.0,0.0,-0.4936258837698759,-0.8489492083971341,-0.4936258837698759,-0.27435163058436723,-0.45779051293641954,-0.5364799360395373,-2.016795936173904,-1.5359123174181906,-0.5995108030169141,-0.2819397773297124,-0.4686168324984671
CSO-13-8B-JEMABE,0.0,3.2466646000240567,0.0,0.0,-0.670238093081774,-0.9334607596578886,-0.670238093081774,-0.5022893080112851,-0.6057621022712889,-0.7801044689730372,-2.7132023681035484,-2.266201899196642,-1.229469359972969,-1.243677116918879,-0.43489358274534257
CSO-13-9B-DMLLLU,0.0,3.262687905429562,0.0,0.0,-0.6781449293671851,-1.0124596823433412,-0.6781449293671851,-0.435955817996848,-0.12798825834553834,-0.7508113789395348,-2.597016671822831,-2.167846546835349,-0.7193407053469287,-0.8549757957197628,-0.6154339148699333
CSO-14-7A-MVEBE,0.0,2.5086783351566777,0.0,0.0,-0.6611099775215864,-0.8919529754965995,-0.6611099775215864,-0.4155813868856491,-0.07886984752722301,-0.7092993656151905,-2.164941921704516,-1.65892263350374,-0.6847408061625234,-0.8591070862145405,-0.6763067671839971
CSO-14-7B-EALHU,0.0,2.2966066952291024,0.0,0.0,-0.6437050390484427,-0.9703387293919497,-0.6437050390484427,-0.4154504188847965,-0.02629480070941572,-0.7151784028502048,-1.95865015696356,-1.4480126503290984,-0.44078683459894563,-0.4638431399097117,-0.7408535535458549
CSO-14-7B-EVEGO,0.0,3.072158781622317,0.0,0.0,-0.5808607334253483,-0.9200132523639022,-0.5808607334253483,-0.3865556717425342,-0.929103748727835,-0.6570206754245155,-2.4822969377544384,-2.029598478561973,-0.5669682364662108,-0.6719048247699045,-0.6077241716326509
CSO-14-8A-AQUMA,0.0,2.9864530899781516,0.0,0.0,-0.6073516944008988,-0.9867049131056443,-0.6073516944008988,-0.4155813868856491,0.7419985160044518,-0.657052556249505,-2.4202341258143965,-2.0286843970039476,-0.5475671897519114,-0.6768463027939684,-0.6824897251055971
CSO-14-8A-MCIDOS,0.0,4.08976613847194,0.0,0.0,-0.4215760321321964,-0.7755004279732352,-0.4215760321321964,-0.2884115413321408,-1.3483099044788016,-0.4831705428149788,-2.8834910341632396,-2.2972100204867223,-1.3339701299049933,-1.2482300337020529,-0.4535069747088486
CSO-14-8A-SZARA,0.0,2.8129851239209787,0.0,0.0,-0.5842098397876672,-0.955050462399313,-0.5842098397876672,-0.40106852931409165,-0.722956760998974,-0.6262068503790523,-2.283295279841369,-1.8690060101060282,-0.7660656061182318,-0.6843539448090843,-0.6422907625538918
CSO-14-8B-JLLORA,0.0,2.379330880495582,0.0,0.0,-0.722141145319377,-1.0710902425618807,-0.722141145319377,-0.5691348730391323,-0.2789676134563333,-0.9102781449138231,-2.1015827498173625,-1.6841428290959017,-0.8658256062322827,-1.3258513540141887,-0.916460820134808
CSO-14-9A-AEDCAGO,0.0,2.734476027095206,0.0,0.0,-0.5863107201745226,-0.9160966830644266,-0.5863107201745226,-0.4155813868856491,0.3589819392348309,-0.6766175887669619,-2.3443345215797997,-1.8658316281712173,-1.0104934667841754,-0.6214001376612986,-0.658142390461176
CSO-14-9A-HASACA,0.0,3.377475472931608,0.0,0.0,-0.47826086956521735,-0.8367811998831766,-0.47826086956521735,-0.3665083330689156,-0.05876441677856933,-0.6063162207906109,-2.5639595246787197,-2.1455324298114196,-0.9065213473849738,-0.3747248780304061,-0.5708792034732715
CSO-14-9A-JSMAAL,0.0,2.85721025027161,0.0,0.0,-0.6820821483683919,-0.9869179875012724,-0.6820821483683919,-0.48109114944228176,1.1068621618958234,-0.7438985676386216,-2.430299700249024,-2.0171975053828035,-1.1224589920668497,-0.6583455464669234,-0.8162710564483469
CSO-14-9A-MARJA,0.0,2.5943834717398153,0.0,0.0,-0.5610590305812105,-0.8746818852619511,-0.5610590305812105,-0.37791507234026617,0.4179457339679008,-0.6769517094517405,-2.109088681810112,-1.6408596674689608,-0.23346307108777428,0.07564930640962605,-0.6255740425290126
CSO-14-9A-SORZU,0.0,3.2064194257275367,0.0,0.0,-0.5641519475835701,-0.9609423261670664,-0.5641519475835701,-0.35633158904644796,0.07937452371983536,-0.6663770944784493,-2.5462997452078513,-2.069590340854008,-0.8213275798139817,-0.900043319808181,-0.6086856958193355
CSO-14-9B-ERAGA,0.0,3.0603682227040236,0.0,0.0,-0.6101545896612097,-0.9344045068798317,-0.6101545896612097,-0.44183608216846215,1.1357282327975613,-0.7690096033344017,-2.481741501933633,-1.9819489920867532,-1.2086347722661892,-0.42441182722706855,-0.6824897251055971
CSO-14-9B-MFEGA,0.0,3.1071751939590717,0.0,0.0,-0.548321752104002,-0.9127313771665274,-0.548321752104002,-0.42533861700057113,-0.032347271644682304,-0.6731750219002466,-2.4661540121744765,-2.0236354242857093,-1.9630414080311658,-1.713613551095811,-0.6205571129538122
CSO-15-10A-LJRAGU,0.0,2.7457138191107457,0.0,0.0,-0.7718449849879598,-1.0678579344616608,-0.7718449849879598,-0.6410832172066031,0.24219865283464798,-0.9148244296852716,-2.459896987175066,-2.023258072533564,-0.9738467006240002,-1.2748847585115248,-1.080305011961385
CSO-15-10A-MAARLO,0.0,2.6079737927032247,0.0,0.0,-0.75,-1.1602286017365844,-0.75,-0.6073516944008988,1.0106392897774905,-0.9930196079805009,-2.2284553730188894,-1.8125235739079821,-0.3660129815828785,-0.5573416811495208,-0.8346863570807418
CSO-15-10A-SFEGA,0.0,3.181686537539983,0.0,0.0,-0.5315750975067987,-0.9010053536278579,-0.5315750975067987,-0.32390939217495446,0.2098553788700191,-0.5878289625219165,-2.6127185647367854,-2.210077004613159,-1.5306836372300454,-1.190552095207721,-0.6928694758625291
CSO-15-10B-MEBUAR,0.0,2.707089459467225,0.0,0.0,-0.7144151685969105,-1.0153126252372262,-0.7144151685969105,-0.46169840166400866,1.1953208798239419,-0.717425143435313,-2.2730252528326993,-1.7526210730531915,-0.6487149587082405,-0.5166962176574719,-0.7958341313195505
CSO-15-10B-YVBUAN,0.0,2.5773401085579066,0.0,0.0,-0.6519041681304218,-0.8919529754965995,-0.6519041681304218,-0.4071892788474301,0.506126664962707,-0.666010175452128,-2.2195830040127924,-1.6958221095186492,-0.35037328150462177,-0.10359375354143867,-0.6725393799709
CSO-15-10C-ALBAHO,0.0,2.5884845825940754,0.0,0.0,-0.7429555571325025,-1.023974749260364,-0.7429555571325025,-0.5310850045437944,-0.2367530152961689,-0.8011221047070237,-2.2169073394300605,-1.739912731005794,-1.5621310573231175,-1.3994905090489602,-0.835265243832829
CSO-15-10C-SSCAMO,0.0,2.5533076283443097,0.0,0.0,-0.5570860145311556,-0.8643318815771595,-0.5570860145311556,-0.3203581541090473,-0.5924766100955257,-0.5960965530999695,-2.053144506149876,-1.5575445960179255,-0.7300824005037039,-0.6721329667041055,-0.5435076239840736
CSO-15-11C-JETALO,0.0,2.8251210268790534,0.0,0.0,-0.5364799360395373,-0.8851864312888261,-0.5364799360395373,-0.4071892788474301,-0.25964539344474913,-0.6504327777596507,-2.337385845754247,-1.8828972563962192,-0.5874041253145533,-0.40725095975680703,-0.6346686051207171
CSO-15-7B-JCRAGA,0.0,2.6368548899760724,0.0,0.0,-0.6312181754856898,-1.0561063073503791,-0.6312181754856898,-0.40027859130640187,0.13009493277142545,-0.6441670216560973,-2.1938947814522844,-1.647625019144535,-0.4802201698212467,-0.7454072532838174,-0.763230200897032
CSO-15-8A-VBMABR,0.0,2.5623676478797175,0.0,0.0,-0.6461623427559643,-0.9128709291752769,-0.6461623427559643,-0.4936258837698759,0.7190159490695118,-0.8330937369456018,-2.1310946728420275,-1.6395545850294202,-0.6182154402385527,-0.6844444791714854,-0.776526527401835
CSO-15-8B-KEPOGO,0.0,3.2264127523810817,0.0,0.0,-0.5904335656567654,-0.9634692758287433,-0.5904335656567654,-0.35394655685088705,-0.37915965128924867,-0.6305148009460186,-2.5823211805913493,-2.1008484979762043,-0.9918560083736669,-0.6406901024738969,-0.6061055188191768
CSO-15-9B-ALRIHE,0.0,3.146365327569226,0.0,0.0,-0.5944715544261762,-0.94585839207841,-0.5944715544261762,-0.3607976848930833,-0.3565505603350883,-0.7022268353413895,-2.552088737512905,-2.09986816834373,-2.338493214247814,-1.9094625448698843,-0.6192005626571199
CSO-15-9B-AMSAGO,0.0,3.0969217755016083,0.0,0.0,-0.5927489783638191,-0.9646881030081105,-0.5927489783638191,-0.3322429367794645,0.09175556253099262,-0.5944892941095895,-2.549928525766027,-2.041565777113841,-0.8157927298791526,-0.745298787176366,-0.5860007010159798
CSO-15-9B-JCAPA,0.0,2.8552670379679777,0.0,0.0,-0.59695073913753,-0.9269950284735764,-0.59695073913753,-0.4011526232379568,-1.0143858884729515,-0.7092993656151905,-2.3214773526259425,-1.9131126487086134,-1.5351900524392685,-1.3321667903164163,-0.6082049337259932
CSO-15-9B-KSBEJA,0.0,2.2548256639678526,0.0,0.0,-0.6119832851057087,-0.9703020308680184,-0.6119832851057087,-0.5231876931140262,0.7363955666467115,-0.818487615608045,-2.0143492179969558,-1.586762083111307,-0.12340964581393904,-0.0596962530242523,-0.8466920463461749
CSO-15-9B-RMCHLU,0.0,2.4003967925959167,0.0,0.0,-0.6834296476214932,-0.9521544595412742,-0.6834296476214932,-0.4714045207910317,0.3580105019697665,-0.7330166661378313,-2.063919205081155,-1.675647435189696,-0.7148987987069163,-0.36855342186611645,-0.7890715981335833
CSO-15-9B-SJAGRO,0.0,3.0968484310611517,0.0,0.0,-0.5241221183386235,-0.8711821313943344,-0.5241221183386235,-0.34190223071739534,-1.3250157999787668,-0.6433554865664539,-2.5498247576465807,-2.0914185239453857,-1.634412889762114,-1.6845857935020776,-0.5776832610280795
CSO-16-10A-JEGAHE,0.0,3.0137064005812197,0.0,0.0,-0.6237091314112272,-0.9424529286169204,-0.6237091314112272,-0.41783270604702605,0.5488562883307385,-0.7048287130168662,-2.5173859051489256,-2.183684115578492,-1.2444684000994886,-0.8344397357617415,-0.7067900569175594
CSO-16-10A-MSACO,0.0,3.0911943437574516,0.0,0.0,-0.6268996645399993,-0.9490298812340958,-0.6268996645399993,-0.42578401274333294,-1.39400965442944,-0.7186448566993987,-2.5178216244549283,-2.040322373943698,-1.4549493245424054,-1.6887123602305876,-0.679100712867178
CSO-16-10A-SARI,0.0,3.0435195762598757,0.0,0.0,-0.5793584501023474,-0.9024390243902439,-0.5793584501023474,-0.39505615317553233,0.5957948732191013,-0.6305148009460186,-2.4872188849752703,-2.0070763531354863,-0.36637892770410224,-0.2653445430660315,-0.7187061882856708
CSO-16-10A-SMOUT,0.0,3.4630250320899143,0.0,0.0,-0.6488856845230502,-0.9681052690610569,-0.6488856845230502,-0.5222329678670935,0.5073251045951961,-0.7964218849336169,-2.770153938128099,-2.4257431968314163,-1.470661946847648,-1.4311931366179393,-0.06666744220531204
CSO-16-10A-YKMUJO,0.0,2.326744929590519,0.0,0.0,-0.6902013856519744,-0.9690177247846499,-0.6902013856519744,-0.5324915566244339,0.8930610806309343,-0.8404781212283347,-2.049581141459919,-1.5233682392297967,-0.0051232224301168226,0.178895300357788,-0.8460719913789675
CSO-16-10B-JESUGU,0.0,2.9114978917689305,0.0,0.0,-0.5012696207889292,-0.838301116938611,-0.5012696207889292,-0.2917252574661255,-0.1037824535677648,-0.5186807011791812,-2.338372365642799,-1.9895571701590145,-0.7069808612580211,-0.44387395313594613,-0.5244195636408864
CSO-16-10B-LTVIFA,0.0,3.666904689235543,0.0,0.0,-0.4713389341102294,-0.848723555893975,-0.4713389341102294,-0.35130390313566573,-0.8495656985095172,-0.5742364681206206,-2.851266503747741,-2.3302200178086276,-0.8639871692646734,-0.7529227507251635,-0.5070440606284619
CSO-16-10B-VVILI,0.0,2.7880906970715866,0.0,0.0,-0.6375498105247469,-1.0017406453556186,-0.6375498105247469,-0.43148400027826295,0.15906156897500873,-0.6836773803967191,-2.345601244122512,-1.9233742649328074,-0.8157927298791526,-0.8210837319245884,-0.749954205427554
CSO-16-10C-ACALGU,0.0,3.0531690596603194,0.0,0.0,-0.5991720034475597,-0.9365807014518556,-0.5991720034475597,-0.40952733963930676,0.25181873542940336,-0.6482728103246959,-2.483554511396952,-2.034330351942375,-0.6002001513574771,-0.37895926715608597,-0.6824897251055971
CSO-16-10C-MAVAVE,0.0,2.983565475004434,0.0,0.0,-0.5305549611901754,-0.8658119656040476,-0.5305549611901754,-0.3203581541090473,-0.4205508078929173,-0.5811917425115822,-2.3518680942385224,-1.8768225970114956,-1.1901431977182315,-0.9545013269716884,-0.5392351167317183
CSO-16-11A-JAVABO,0.0,3.640839034793094,0.0,0.0,-0.4826588284800331,-0.8633538537567981,-0.4826588284800331,-0.30799839779716953,-0.2706352245922647,-0.5504328043606301,-2.774186993433222,-2.159335953887023,-1.154849054706149,-0.8739324917988226,-0.5302752611316831
CSO-16-11A-JDMUVA,0.0,3.5296265688406407,0.0,0.0,-0.45786744058288803,-0.8427287498875702,-0.45786744058288803,-0.28193917035448735,-0.006878390753387552,-0.51175367909207,-2.7797400894873623,-2.2004082739265898,0.2817958974547587,-0.10634238058029477,-0.41802127865346855
CSO-16-11A-VZAOR,0.0,3.498863970421251,0.0,0.0,-0.5334650693692645,-0.8974409304672389,-0.5334650693692645,-0.35633158904644796,-0.19713410129535933,-0.5916487268706953,-2.7383865838658488,-2.202148202372703,-0.4337318415665327,-0.2495770916262181,-0.5860007010159798
CSO-16-11B-KRORE,0.0,2.5773401085579066,0.0,0.0,-0.59695073913753,-1.0057307059414877,-0.59695073913753,-0.4936258837698759,-0.0543014605795572,-0.7690096033344017,-2.1727079958046454,-1.7052234400490742,-1.100711583077556,-0.7207305336080609,-0.7866627451636636
CSO-16-11B-LLOZA,0.0,3.2274126597473396,0.0,0.0,-0.6715218130377532,-0.9928346591550155,-0.6715218130377532,-0.45941102098770437,-0.49754949432112267,-0.7381203569400514,-2.586370832787427,-1.9249365119096078,-1.6576465890160665,-1.5493694578608188,-0.7194934275120974
CSO-16-11B-YAROMO,0.0,3.3374829135838273,0.0,0.0,-0.5533068361424334,-0.8765597244127656,-0.5533068361424334,-0.329292779969071,-0.5452713954934142,-0.5925677550032498,-2.6672642072028596,-2.0675791284213902,-1.386405125366586,-1.1822188300442538,-0.5163187637264834
CSO-16-9A-JALEMO,0.0,3.783384305990092,0.0,0.0,-0.5533068361424334,-0.8974409304672389,-0.5533068361424334,-0.3515615246553262,-0.533015300890177,-0.6342399861119264,-2.9670669969720507,-2.4257431968314163,-0.9045340337332904,-0.9041033583677608,-0.5964774850544632
CSO-16-9A-JPROSO,0.0,2.949124629767765,0.0,0.0,-0.6006966338787947,-0.9264491661116923,-0.6006966338787947,-0.41319909972341956,0.10337854983835743,-0.6482728103246959,-2.436966063590976,-1.9960069158603653,-0.656096759316502,-0.0007644438758421523,-0.6858451372248915
CSO-16-9A-JSMAGU,0.0,3.29506378335705,0.0,0.0,-0.5699476481139233,0.09151891484947773,-0.5699476481139233,-0.380782243122224,-0.035470063337471026,-0.6661936349652886,-2.6268175199951433,-2.1490603691453383,-1.1657633281804385,-0.9384103086177902,-0.5860007010159798
CSO-16-9B-SJPAJI,0.0,2.695752902892644,0.0,0.0,-0.7481552592933911,-1.109652959418432,-0.7481552592933911,-0.5915167019106973,0.038651536040774474,-0.9220553080491443,-2.3773478442736597,-1.925354417563146,-1.6269632138741439,-2.0282034235952056,-1.0420602155307295
CSO-17-10A-YVGOCA,0.0,3.3388363392724028,0.0,0.0,-0.6410875132334968,-0.9147901421961078,-0.6410875132334968,-0.453904526703242,0.3896486721842226,-0.7795259145794674,-2.8190026792573954,-2.3247692639500768,-1.3694912770815897,-1.6719536713491872,-0.723767989060808
CSO-17-10B-EHECO,0.0,2.9864530899781516,0.0,0.0,-0.5773502691896258,-0.9459053029269173,-0.5773502691896258,-0.4034732923929645,0.0,-0.6555999832159717,-2.390330953249339,-2.0305125601199983,-0.4787799573306501,-0.5631944507040546,-0.6263158736299705
CSO-17-10B-YCQUVE,0.0,2.609819686929206,0.0,0.0,-0.59695073913753,-0.9681052690610569,-0.59695073913753,-0.42354655255943036,1.2159852342311135,-0.7224241667293557,-2.2169073394300605,-1.7113960068739043,-0.5271471753134805,-0.28046593795763436,-0.7415769807987496
CSO-17-11A-DJAPA,0.0,2.7880906970715866,0.0,0.0,-0.6877463849533246,-0.945853876863165,-0.6877463849533246,-0.5175218286277214,-0.27482485496465636,-0.8446339632795434,-2.2997663818071707,-1.9233742649328074,-1.6248414969189737,-1.4304317899598573,-0.8341965761801556
CSO-17-11A-JDAMO,0.0,2.298827994201523,0.0,0.0,-0.7137860410573496,-1.0123382622331802,-0.7137860410573496,-0.48438565587488147,0.6571539564823087,-0.7588209270431127,-1.9958698013383396,-1.5484763939495287,-1.004602643071649,-0.768880616024157,-0.7641887522042174
CSO-17-11A-NPAHE,0.0,2.702385098596478,0.0,0.0,-0.6720460402294627,-0.9649012813540153,-0.6720460402294627,-0.5180653234396059,-0.16305792755959359,-0.8039394850470633,-2.337355060296891,-1.8839080531002195,-1.0003846893775683,-0.9888082500496546,-0.8370167135131287
CSO-17-11A-RLPAIG,0.0,2.9360260947276506,0.0,0.0,-0.5404541951366535,-0.909286752652712,-0.5404541951366535,-0.3385995887898602,-0.9991891399357252,-0.5996253511966891,-2.3943408772152495,-1.8898180474089488,-0.7253052581721932,-0.8169170259292449,-0.5694422718773404
CSO-17-11A-SPUVA,0.0,3.0852206556242976,0.0,0.0,-0.5857518209922344,-0.9893937448090905,-0.5857518209922344,-0.36927447293799814,-0.09480468605366915,-0.6304331942940193,-2.481741501933633,-2.0519024154333296,-1.047177101002851,-1.0514689975961307,-0.6455877104624663
CSO-17-11B-CDBEBU,0.0,2.8565126255726785,0.0,0.0,-0.5293649287774405,-0.8688123578598932,-0.5293649287774405,-0.35994450253793375,-1.271182602512951,-0.6305810370418259,-2.3436090020032716,-1.959052322858317,-1.0736968567476899,-1.4844105400920953,-0.5699233329565985
CSO-17-11C-JDAAG,0.0,3.4893828261176227,0.0,0.0,-0.502518907629606,-0.864817962047613,-0.502518907629606,-0.3144854510165755,-1.1438739329763798,-0.5720128721359539,-2.5639595246787197,-2.173139477962627,-0.8803473894144687,-0.5021109572115788,-0.5280179320390117
CSO-17-11C-MAPAMA,0.0,3.768071973091684,0.0,0.0,-0.5544954504367372,-0.9299811099505542,-0.5544954504367372,-0.33333333333333337,-0.8229566450901501,-0.5704921161703692,-2.9646400287205985,-2.3092757415089835,-0.8272098262811775,-0.7524885960209461,-0.6006080607120485
CSO-17-11C-MCAAG,0.0,3.105354998980451,0.0,0.0,-0.5310850045437944,-0.8518303703241822,-0.5310850045437944,-0.3144854510165755,-0.28159981534723644,-0.5720775535473555,-2.4560872281143564,-2.0077847206050046,-0.36407282184728273,0.24181609552996783,-0.5392351167317183
CSO-17-11C-SARJA,0.0,3.024042960209879,0.0,0.0,-0.5304071124864049,-0.8711844912278881,-0.5304071124864049,-0.3135634245446294,-1.0299413242810023,-0.5490827318725485,-2.3595859835075887,-1.9273772418308237,-1.1135179608213117,-0.9445093567441316,-0.5063393215112187
CSO-18-11A-ADBAHO,0.0,3.036023359945677,0.0,0.0,-0.6375498105247469,-0.9867049131056443,-0.6375498105247469,-0.42008402520840293,-0.5776293509070433,-0.6846408584535219,-2.4560872281143564,-2.0077847206050046,-1.2622625968082837,-0.8018143399106182,-0.66900087639017
CSO-18-11B-YLLRE,0.0,2.89554042427856,0.0,0.0,-0.6721239770148241,-0.9345507010964663,-0.6721239770148241,-0.49535030901731997,0.5419424306159968,-0.7807891767874106,-2.440763277023139,-2.0807939466694454,-0.3776204457365072,-0.5003794201546427,-0.825637673867071
CSO-18-9B-MAMOLO,0.0,2.856519262893337,0.0,0.0,-0.5570860145311556,0.037164707312358346,-0.5570860145311556,-0.41081681256119,-0.8052028616141699,-0.6504327777596507,-2.337385845754247,-1.9194551876712367,-0.9300388164796438,-0.8659720863720323,-0.658142390461176
CSO-8-3A-AIPRBR,0.0,2.6381627410593396,0.0,0.0,-0.7225703267223534,-1.0153126252372262,-0.7225703267223534,-0.45941102098770437,0.6991164729075316,-0.7960532523755541,-2.247230054233941,-1.7579907408718403,-0.8535443652559549,-0.9274922291798844,-0.778273151737365
CSO-8-3A-DAPAVA,0.0,2.27323763083119,0.0,0.0,-0.6793330170070034,-1.002312893475212,-0.6793330170070034,-0.48871732173690036,0.5759481500146295,-0.8499487951176479,-1.9755928598321484,-1.4756909943930574,-0.9299118927022827,-0.7219025280906981,-0.809869817391462
CSO-8-3A-KVPECO,0.0,2.3056176808149216,0.0,0.0,-0.5650320466312655,-0.8718127501157389,-0.5650320466312655,-0.28193917035448735,0.2442344447354695,-0.6173003741882411,-1.895322574964946,-1.4564041801874663,-0.3282472458120075,-0.11688891562858061,-0.573635385920177
CSO-8-4A-ARAGR,0.0,2.434461581909594,0.0,0.0,-0.5696519211398117,-0.9126078160615323,-0.5696519211398117,-0.4155813868856491,-0.5448460801375667,-0.6853090998230793,-2.016795936173904,-1.6350751867027427,-0.5140376481593053,-0.509532838084417,-0.6739646638469756
CSO-8-4A-JRAAR,0.0,2.875600539303352,0.0,0.0,-0.5570860145311556,-0.9662823901213163,-0.5570860145311556,-0.329292779969071,-0.3179993640019081,-0.575198131663968,-2.3410590249037044,-1.6958221095186492,-1.1901431977182315,-1.00759968179906,-0.6252114707646259
CSO-9-2A-EXMOCO,0.0,2.6066823051210184,0.0,0.0,-0.6152198555457548,-0.9561828874675148,-0.6152198555457548,-0.4221412560493349,-0.5005173307126186,-0.6627154481030326,-2.0127770847496933,-1.559655404468544,-0.5824565820422423,-0.6418540959703021,-0.7287939745565304
CSO-9-4A-AGAPE,0.0,4.404352127671279,0.0,0.0,-0.5089133578079825,-0.7760161102700176,-0.5089133578079825,-0.29488391230979427,-0.9912895150999748,-0.4941461790802056,-3.378730427699492,-2.842124164325799,-2.129260895785998,-1.8404859091279269,-0.642035917728766
CSO-9-4A-DKVIMO,0.0,2.128608336760766,0.0,0.0,-0.6519041681304218,-0.9165547960868982,-0.6519041681304218,-0.4418360821684622,1.0249157363600057,-0.7224241667293557,-1.8315166514800434,-1.3312893608055048,-0.06377387607754645,0.0639421045129007,-0.7415769807987496
CSO-9-4A-DSMOMU,0.0,2.402545388094522,0.0,0.0,-0.5650320466312655,-0.8700692924472788,-0.5650320466312655,-0.3144854510165755,-0.3944053188733078,-0.6328145078635634,-1.963710411484215,-1.4564041801874663,-0.5055677954537702,-0.6793300971335399,-0.5522535779069049
CSO-9-4A-DVGATO,0.0,2.856519262893337,0.0,0.0,-0.5865884600854132,-0.9200132523639022,-0.5865884600854132,-0.36927447293799814,0.5595477512912032,-0.666010175452128,-2.337385845754247,-1.9194551876712367,-0.4335967683839931,-0.46132035365008234,-0.5860007010159798
CSO-9-4A-EGCAMO,0.0,2.264446845903306,0.0,0.0,-0.7004500865013348,-1.005244521545749,-0.7004500865013348,-0.4685212856658182,1.1081942107519869,-0.8555277382080452,-1.9220745787861884,-1.4958635793892838,-1.1207321633788208,-1.1363230683672878,-0.8295597713847721
CSO-9-4A-FAGIGA,0.0,2.8129851239209787,0.0,0.0,-0.5320623945253118,-0.8780319165241546,-0.5320623945253118,-0.37653200240572493,0.43811158440490017,-0.6228300808578789,-2.283295279841369,-1.8552946757483233,-1.1081767436920504,-0.7660945368697754,-0.6185592895649124
CSO-9-4A-GSBRCO,0.0,2.069143377267288,0.0,0.0,-0.6989262981388241,-1.0347929552219572,-0.6989262981388241,-0.571823370154915,1.2288966930155296,-0.8652255692784337,-1.902014045191702,-1.367670228120554,0.22767667567073943,0.203320818408169,-0.9720489283849825
CSO-9-4A-KEMOCO,0.0,2.6896959213601406,0.0,0.0,-0.6771746483410876,-0.9898094086214291,-0.6771746483410876,-0.44075742701994525,0.7531493109034257,-0.7953501176243205,-2.2438139777857735,-1.698217413909831,-0.18993790194572374,-0.11060121351269916,-0.7553407938908044
CSO-9-4A-LCOMO,0.0,2.363570861093218,0.0,0.0,-0.64156087998901,0.12068086511431944,-0.64156087998901,-0.4553741589069299,0.36720163441138765,-0.7427342958569496,-2.0309794883856824,-1.761947677785197,-0.7819563128831293,-0.6889486482666103,-0.7646008622132718
CSO-9-4A-MLORO,0.0,2.8305749281943386,0.0,0.0,-0.5865884600854132,-0.9347909591501574,-0.5865884600854132,-0.36927447293799814,-1.1892757991891898,-0.6218255654844598,-2.285033194877494,-1.7846034382878027,-1.3602610967505857,-1.2111444385073593,-0.6100707497781129
CSO-9-4A-MPAME,0.0,3.8479811926010825,0.0,0.0,-0.4556210808256099,-0.801545489593034,-0.4556210808256099,-0.3203581541090473,-1.242688148632764,-0.5373772707982378,-2.9227929180081205,-2.5221611322752464,-1.0066890377827435,-0.9175988511123169,-0.5329004384618976
CSO-9-4A-NSARPA,0.0,2.6721525290695096,0.0,0.0,-0.6847119940957642,-1.0171964430427,-0.6847119940957642,-0.5293649287774405,-0.23954460036498984,-0.8178615759479297,-2.256186993733695,-1.610793529379497,-1.0037585399132147,-1.0851910451674118,-0.8351145394015167
CSO-9-4A-SLOCA,0.0,2.813094765861598,0.0,0.0,-0.6953153894699027,-0.942490921445778,-0.6953153894699027,-0.5494518786669675,-0.5128163019508564,-0.8508720056350576,-2.4316585297530535,-2.0011198514563864,-1.2134914060504465,-1.1504349276796073,-0.9029510766621361
CSO-9-4A-YVDITR,0.0,1.697721562161487,0.0,0.0,-0.744818693733053,-1.063131172353629,-0.744818693733053,-0.4826588284800331,1.6106181684603857,-0.7995047282833406,-1.5077916513844336,-0.9868618820612896,0.042038622054374815,0.11853497167794418,-0.8703270376084051
