file,z_wc,z_nodes,z_edges,z_re,z_pe,z_l1,z_l2,z_l3,z_lcc,z_lsc,z_atd,z_density,z_diameter,z_asp,z_cc
CDMS-10-4A-JURAN-CorrEtiq.txt,0.0,0.0,0.0,6.953985806047102,2.116034621320266,-1.238166896268302,-0.1349399079664768,4.280511050871203,0.0,0.015068023999343119,0.0,-3.435659333651496,-0.41501836216702265,0.3740504421434052,-1.7156916271625047
CDMS-10-5A-HEPIHO-CorrEtiq.txt,0.0,0.0,0.0,6.920247394543613,-0.5881850094502153,-1.9262866913174794,-1.527705724364313,1.5625178726025322,0.0,-0.09225849168041753,0.0,-2.722248163518467,-0.14789603917052888,0.31930513815497263,-0.451331632909698
CDMS-10-5A-KSRAGU-CorrEtiq.txt,0.0,0.0,0.0,8.04889870996598,-0.7875019239337792,-0.7811576444185097,-1.914180176903692,-1.0898867406041022,0.0,-0.11901588475100706,0.0,-3.6393260546884805,0.6882472016116846,1.3428670768899418,-2.127189997414527
CDMS-10-5A-SROPU-CorrEtiq.txt,0.0,0.0,0.0,9.32587233047431,2.3366631007545497,-0.38476825137379833,-0.8221786020271292,-2.8769770067421834,0.0,-0.9693285871363212,0.0,-6.634411148607641,2.0354009783964297,4.207015081417276,-2.283760841946642
CDMS-10-5A-SZURO-CorrEtiq.txt,0.0,0.0,0.0,9.814616666404806,-1.4832135354420508,-1.3331250441994327,-2.054726882426054,1.7166703305358142,0.0,-1.7123772057115474,0.0,-5.353096143803515,2.055776230755128,3.839287106902342,-0.9552726217779012
CDMS-10-5B-SRAJA-CorrEtiq.txt,0.0,0.0,0.0,4.634007215993606,-2.3965498220465093,-1.7137584220253936,-2.594035555986809,0.3003240674575598,0.0,0.3312852158825572,0.0,-0.9820338398281632,-0.7022910095581524,-1.1442023823638305,-0.05125277843010728
CDMS-10-5C-DAAUSA-CorrEtiq.txt,0.0,0.0,0.0,8.23681115800518,-0.3716662951607793,-1.4425015430641868,-1.221596658820554,5.054965740310132,0.0,-0.017926340885818903,0.0,-4.723836561343874,0.41534522963096454,2.145884815536925,-1.3971026220529035
CDMS-10-5C-ICAPA-CorrEtiq.txt,0.0,0.0,0.0,7.314694929028951,-1.5932443502390818,-1.4198713372716916,-2.2570303286280757,-0.08985409046278342,0.0,-1.6479154161148828,0.0,-3.6767483454981833,2.327272883214303,1.434714962293301,-0.814916622900467
CDMS-10-5C-JFALGI-CorrEtiq.txt,0.0,0.0,0.0,6.655797433839722,-0.3572731668532468,-2.3888439933065806,-2.3669479513700193,9.562335243835644,0.0,0.02509515862103979,0.0,-2.3579056823098123,1.0337992248352255,1.3193698955994841,-0.3271799678534965
CDMS-10-5C-MAORTO-CorrEtiq.txt,0.0,0.0,0.0,7.304509572270092,-0.2220776313914188,-0.6460870863226886,-1.7798615644141667,1.6458242728639907,0.0,0.6503663223403575,0.0,-4.505407390233823,-0.3189088338329268,1.21653828967782,-1.6140806832094488
CDMS-10-5C-NBEMO-CorrEtiq.txt,0.0,0.0,0.0,8.201818490004998,-1.2703342729027105,0.09026046110129471,-1.6616583991751634,-0.7895359184425427,0.0,0.7233931173779079,0.0,-4.691368507510232,0.05698050953209407,1.0589603489523576,-1.1328250548783831
CDMS-10-6B-ASCACO-CorrEtiq.txt,0.0,0.0,0.0,8.460285990874162,-3.057503003570827,-2.325181364535239,-3.491633472738315,1.3434185206105544,0.0,0.16721289301062217,0.0,-2.8454364910934844,-0.19117307792247606,0.10338658815912724,-0.39777907812008934
CDMS-10-6B-JJMOBE-CorrEtiq.txt,0.0,0.0,0.0,8.953492803725478,-1.13004175597672,-1.9360296528662602,-0.9719525919720997,3.3688381767267823,0.0,0.09596111652443773,0.0,-4.189704862560845,0.24594000953872994,1.9347662766701041,-1.7247229284205634
CDMS-11-4A-GACHSA-CorrEtiq.txt,0.0,0.0,0.0,9.631674806838552,-1.5509908867200932,-0.9784179974348205,-2.474201021379466,3.0365800255174094,0.0,0.2233025963757266,0.0,-5.7374205038827695,0.28867103138826017,3.1022346080496885,-0.46306770534879355
CDMS-11-5A-EAARCA-CorrEtiq.txt,0.0,0.0,0.0,6.218813572709637,-2.0732558642639396,-1.8881545970491385,-3.1758740438734923,3.665096183344967,0.0,0.047787910019954596,0.0,-2.1794748811065348,-0.050315460542662574,0.8404745553311396,-0.6017694048744645
CDMS-11-5A-MGTHAR-CorrEtiq.txt,0.0,0.0,0.0,7.727387116560161,-2.066796314779034,-0.3704166249815676,-3.110191914418376,1.1720638618438326,0.0,0.14494592136182832,0.0,-4.2889290538036136,1.9475139302899898,2.590304318780916,-2.122256883018836
CDMS-11-6A-DFVEBE-CorrEtiq.txt,0.0,0.0,0.0,5.64060798177782,-2.032324291003297,1.7458770379570803,-2.2439639988138103,-1.0960997805972759,0.0,0.33087506700197833,0.0,-2.4817629759077393,-0.08711409728972863,1.0184046666959565,-1.2012574175278736
CDMS-11-6A-NMREPR-CorrEtiq.txt,0.0,0.0,0.0,9.178021829628866,-1.9770708904925456,-1.8572070916408565,-2.1083250837360477,1.5142026265254271,0.0,0.32760252924388117,0.0,-3.9258580300978276,1.205679097926039,2.952269852161072,-0.8783786808799033
CDMS-11-6B-ARAHE-CorrEtiq.txt,0.0,0.0,0.0,9.462170717263847,-2.7903477430121093,0.5407936684285275,-3.04565842993837,0.8375694207985526,0.0,0.0003453019546457344,0.0,-5.4335743322127925,0.6948154903873681,2.7081335268995352,-2.73337529136008
CDMS-11-6B-AVROTO-CorrEtiq.txt,0.0,0.0,0.0,6.5086482719004985,-1.1581938954837585,-1.5701749148845303,-1.1236859515565905,0.275488938575938,0.0,-0.7579367289598712,0.0,-2.0964961121573724,0.8592097001276562,1.1042926663880503,1.2299970574768548
CDMS-11-6B-EAFESA-CorrEtiq.txt,0.0,0.0,0.0,9.567663092014886,-0.48194419110728104,-0.8454144343132809,-1.6490879795421505,-1.200420664068187,0.0,0.5409007332521972,0.0,-6.820045493753237,1.095655304760916,3.4219430664170516,-1.1900269230984473
CDMS-11-6B-EFRGR-CorrEtiq.txt,0.0,0.0,0.0,8.97705888138225,-2.441871258307694,-0.9265336342090489,-2.9589779672396808,8.464603027543857,0.0,-1.0790043941542133,0.0,-5.626078315387737,1.1003112859732898,3.9838016092378443,-1.4111722214914615
CDMS-11-6B-EROCO-CorrEtiq.txt,0.0,0.0,0.0,6.613874191354626,-0.21491273326359783,-1.6251763524884464,-2.208525001228673,0.7040449459802414,0.0,0.5341244305552484,0.0,-3.1702965247848054,-0.08109438009766827,0.9466950518418482,-0.5114786604198598
CDMS-11-6B-JACUPE-CorrEtiq.txt,0.0,0.0,0.0,7.2949801399999075,0.750773060608438,1.0770871526958419,-0.9477174376375869,0.11291252523747297,0.0,-0.24076495690314426,0.0,-5.277533293072214,0.7595513904391066,2.1647023021146796,-1.1314618759833115
CDMS-11-6B-JDCHBA-CorrEtiq.txt,0.0,0.0,0.0,8.183377407537046,1.698264134056392,0.2525305884007265,-0.08565990648161836,0.10248222444038184,0.0,0.12358113582394882,0.0,-5.610975938066574,0.728481842891017,3.213995573419807,-1.2966150637516207
CDMS-11-6B-JFSAHE-CorrEtiq.txt,0.0,0.0,0.0,8.156694342344034,-0.783608662185809,-1.8231683206566236,-0.6781951604069336,3.7988834483644105,0.0,0.1540705543835422,0.0,-5.053245682490794,-0.1449417719727042,1.3745975501621464,-2.617031647745296
CDMS-11-6B-JLPENA-CorrEtiq.txt,0.0,0.0,0.0,7.58692607427131,-0.7611627100406376,-1.2372858907841204,-1.6813403962966873,3.5166466354067354,0.0,0.5122506630872187,0.0,-3.132078433510534,-0.3531847464213955,0.9169836450402328,0.06982232048206945
CDMS-11-6B-JMARME-CorrEtiq.txt,0.0,0.0,0.0,8.936521767570262,0.2581176964729152,-1.6605741692977236,-1.3458750481512847,2.063200344598661,0.0,-0.1142113324086145,0.0,-4.9095886028311355,1.220091519269791,2.4555342258396893,-0.5562790935314426
CDMS-11-6B-JPSAMA-CorrEtiq.txt,0.0,0.0,0.0,7.5554748998842065,0.5091137507208116,-0.8648764006546897,-0.9141562759477153,0.004597985340099378,0.0,0.1176955827677803,0.0,-3.4060261160049214,-0.13109888585308963,0.5956054296067568,0.39169495029671925
CDMS-11-6B-LESTA-CorrEtiq.txt,0.0,0.0,0.0,9.297625504673778,-0.9283846164995799,-1.00708905833997,-1.8310214542762333,5.6200937495460135,0.0,0.12095583767600446,0.0,-4.739447975139219,0.1671731533598579,1.5797250012530504,-0.7576628721267
CDMS-11-6B-MAGIMU-CorrEtiq.txt,0.0,0.0,0.0,7.959691267517196,-0.8847352990803231,-2.225929394459037,-2.1149975376649315,7.638231644455643,0.0,-1.2244491052311373,0.0,-4.132427731244333,1.3296464441886569,1.9050022531030297,-0.5644755533975041
CDMS-11-6B-MEBRTA-CorrEtiq.txt,0.0,0.0,0.0,6.878624035421817,3.349584553511333,0.010752688172043025,0.004372736499030235,-0.4744347490040262,0.0,-3.1370766061333266,0.0,-5.359648448326876,2.6533050343383056,3.9556481894549718,-1.4442797586485865
CDMS-11-6B-MMAMO-CorrEtiq.txt,0.0,0.0,0.0,6.525405155203896,-1.1103003938913232,-0.1748208675923819,-0.967402951226001,0.7537378685840879,0.0,-0.6469277757116475,0.0,-3.469954374664898,0.8787789403065548,1.092575374835669,-0.714620775732592
CDMS-11-6B-RSECA-CorrEtiq.txt,0.0,0.0,0.0,6.873702084382543,1.4316401024118832,-1.7821892581644183,-1.420743178926342,1.542697802640155,0.0,-0.7534225612208888,0.0,-3.3963835716822053,1.3638434554166743,1.0779957720011637,-0.8871310573372327
CDMS-11-6B-SCAPA-CorrEtiq.txt,0.0,0.0,0.0,9.302506289744965,-2.100944755636145,-1.8498292212881675,-2.5467994012582196,0.3831981481607973,0.0,0.822603596318838,0.0,-3.990426652360868,-1.0161027877077986,0.6954200686630684,-2.332422458987864
CDMS-11-6B-VZAPE-CorrEtiq.txt,0.0,0.0,0.0,9.200537732500095,-0.5492049073358561,-0.4968062329740704,-1.7735149927008513,1.5566467738251217,0.0,0.04005743278645146,0.0,-6.308115577703184,2.0048099305945652,2.794503394184747,-1.8500707832847343
CDMS-11-6B-YLNIME-CorrEtiq.txt,0.0,0.0,0.0,7.24640750118094,-1.7904307802114137,-2.0960673335370603,-2.2330843963696374,-0.48723027036641603,0.0,0.2010905869657881,0.0,-2.7567067011046595,-0.026229051944697008,1.3909824320846262,-1.515750046431278
CDMS-11-7C-ICARE-CorrEtiq.txt,0.0,0.0,0.0,9.581818209156719,-0.7408348328218748,-1.6410733165706501,-2.399087844397521,2.554365577820183,0.0,0.20273207652673794,0.0,-4.097227795587598,1.1544950163414875,2.0583385340731524,0.6548653799553867
CDMS-11-7C-IMOIB-CorrEtiq.txt,0.0,0.0,0.0,7.324070108298096,-0.60517062788772,-0.1678719984350167,-1.0031026051391037,-0.9822012982067476,0.0,-0.3379892110991012,0.0,-4.261765368499704,0.24666619858455344,1.4839350654850127,-1.0065376212947126
CDMS-11-7C-SALMA-CorrEtiq.txt,0.0,0.0,0.0,10.0,-1.4920702096338718,-1.9710605581206166,-2.5178268389324217,2.1365840938970058,0.0,-0.2131562996237276,0.0,-5.0657191409657605,-0.05716631221192329,1.6454750130133873,-1.2249424006881675
CDMS-11-7C-SPGAVE-CorrEtiq.txt,0.0,0.0,0.0,8.81579731949152,-0.3436451135998608,1.125558414139089,-0.6702349673773187,0.04063890398327463,0.0,-0.11091687158724825,0.0,-6.593646402897159,0.4894035629609349,2.6684760356573065,0.6451710953043717
CDMS-12-5A-SRIGO-CorrEtiq.txt,0.0,0.0,0.0,9.011393190998254,-0.9671900746870605,-0.6241406054225773,-1.545752449892102,-0.947396445870363,0.0,0.4265311303954148,0.0,-5.187278217828181,-0.12524912286332707,1.5000527017390364,-0.7826394507011463
CDMS-12-6A-FAROPA-CorrEtiq.txt,0.0,0.0,0.0,7.7585193072737395,-1.908820902386193,-0.7534346582903823,-2.038009474439059,-0.9623603012327452,0.0,0.11304276733510699,0.0,-3.010932719997223,0.18972860302047298,0.7990781500019973,-0.8771335097002201
CDMS-12-6A-JGIGA-CorrEtiq.txt,0.0,0.0,0.0,5.83411566161487,1.0090128829578777,-1.4544495450574226,-0.9149301978916673,-0.08592093966674375,0.0,0.7848535271596278,0.0,-3.242918350185463,0.6549268662962422,0.6677550074873326,-1.6295319233087504
CDMS-12-6A-JSOTGU-CorrEtiq.txt,0.0,0.0,0.0,7.949099605071388,-2.19962017296849,-1.0916075651528223,-2.75675153186777,3.411147262095403,0.0,-0.12412395690785315,0.0,-3.5445688077772632,1.20640707725726,2.8896343443141426,-1.1740018638649965
CDMS-12-6A-SROAL-CorrEtiq.txt,0.0,0.0,0.0,9.1145064069151,0.5454542547849548,-1.2959273323626996,-1.7670956830153566,1.2377576255479814,0.0,-0.5208156213262003,0.0,-4.172234625433384,1.1723046806564579,2.347392654570318,-1.3222796698790034
CDMS-12-6B-IJDAGA-CorrEtiq.txt,0.0,0.0,0.0,7.441254428696232,-0.5948702695016973,2.4704082515828145,-0.9292988814688478,-0.11314649032603623,0.0,0.2071814524562147,0.0,-5.969005434893641,1.2712038572442592,2.841093434093738,-1.4017471221220932
CDMS-12-6B-SCLAG-CorrEtiq.txt,0.0,0.0,0.0,9.326947570902023,0.11466461305372921,0.13234001523923056,-1.0307979542525847,2.496342435545552,0.0,-0.46474827176462147,0.0,-5.985249753326628,0.7384084510463691,3.7309307669927905,-1.5614876930194592
CDMS-12-7C-ARAHE-CorrEtiq.txt,0.0,0.0,0.0,5.955108176116796,-1.1041532377224044,-1.876036174726893,-0.8296543207548053,3.2423985786758682,0.0,-1.314515944146001,0.0,-2.1899806990895403,0.6835067426013198,0.6303803730876091,1.1001390545818963
CDMS-12-7C-CATRAR-CorrEtiq.txt,0.0,0.0,0.0,8.393473711604585,-0.9217391657264509,-1.8998812677899146,-1.403588524271925,3.1887221863407924,0.0,0.5296485670566506,0.0,-4.233417718023518,0.14443900041525426,1.6983759204153124,-1.0615272452032969
CDMS-12-7C-DLOLO-CorrEtiq.txt,0.0,0.0,0.0,8.504537559921335,-2.0475370450537143,-1.9219021928427715,-2.749488213068065,0.6380187951404503,0.0,-0.7117147068439064,0.0,-3.6416583887736373,0.14922604398041459,1.737213937910458,-0.2920046380501615
CDMS-12-7C-JSZAOR-CorrEtiq.txt,0.0,0.0,0.0,6.153515424723708,-0.1712190436606049,-1.1979926034750954,-0.7054570158718951,-0.5806890895810733,0.0,0.8723567442899541,0.0,-2.958920129596768,0.27216552697590896,0.37290319505160796,-1.115231552091121
CDMS-12-7C-MAROBE-CorrEtiq.txt,0.0,0.0,0.0,8.824578825299811,0.4437175679313177,-1.6716805399586223,-0.20846047287886624,-0.26050959253021166,0.0,-1.2005407289013161,0.0,-5.021646450333081,1.209860334454962,2.258916746768629,0.5139400738925833
CDMS-12-7C-VQURA-CorrEtiq.txt,0.0,0.0,0.0,8.560733772269387,-0.7328377347995051,-1.512285415578899,-1.252670530526754,4.2358164697950995,0.0,-1.0944982591973744,0.0,-3.9257590891924625,1.3086585767594945,1.878477453801408,-0.2397603309771216
CDMS-13-6B-ASUMO-CorrEtiq.txt,0.0,0.0,0.0,6.037044316067212,-1.7320508075688774,-1.0092077438233171,-1.669345358090547,2.3809506595221115,0.0,-1.0571239384174,0.0,-2.8610955760941006,1.0576597126659453,0.6190136187696768,-0.703100355091588
CDMS-13-6B-JDTAHE-CorrEtiq.txt,0.0,0.0,0.0,8.315616341983928,1.2709591608214217,-0.20217117054177694,-1.166672665119537,1.590136967873856,0.0,-0.5265267563706739,0.0,-4.692760209064772,1.3088392699486964,3.404787504473772,-0.6625051916802742
CDMS-13-7C-MVEAR-CorrEtiq.txt,0.0,0.0,0.0,6.1907604080014575,-1.760900910501927,1.3253997447085204,-2.5450390762701383,-0.47111726110176566,0.0,0.23921783767722035,0.0,-3.1054720859915146,-0.04712542520576319,0.5437254586916859,-0.47912148543415317
CDMS-13-7C-SSOSLO-CorrEtiq.txt,0.0,0.0,0.0,7.188878346573307,-2.10007129358511,-0.12135348992329793,-2.1330970261786284,3.4143184326254707,0.0,-0.7281323791121249,0.0,-3.872463334310994,0.2856638603974278,1.6924887541985079,-0.5915872176801462
CDMS-14-10A-IMORTO-CorrEtiq.txt,0.0,0.0,0.0,10.0,1.56047360109061,-2.018301253551255,-0.8982401914317051,-0.4394873521404514,0.0,0.7115801184758562,0.0,-6.460536618154906,0.7674193973546468,4.165793082779924,-2.2048570755305406
CDMS-14-10A-JCVANI-CorrEtiq.txt,0.0,0.0,0.0,7.572516786032507,0.4380278136351495,-0.9283508415682069,-0.5855805247981264,-1.1000509491587336,0.0,0.19920124429822583,0.0,-3.722467846899579,0.3550878989774789,2.2742731790921997,-0.9502488734635794
CDMS-14-5A-LSDUCO-CorrEtiq.txt,0.0,0.0,0.0,8.348433801864637,0.9367599243039292,-1.5257095373810412,-0.9833515566950672,3.9818891850953158,0.0,-0.6413552921393485,0.0,-4.892175760144942,0.27387777473115915,2.932625531912491,-0.8592601566287384
CDMS-14-6B-KDCAHE-CorrEtiq.txt,0.0,0.0,0.0,7.880033866615976,0.9177384904711176,-0.09149408392319539,-0.5444939645241968,4.088378371669632,0.0,-1.2250794226863484,0.0,-4.991621371492014,1.763237456469237,3.752122304476388,-1.1314354790575436
CDMS-15-10A-AMALOS-CorrEtiq.txt,0.0,0.0,0.0,8.072433370125399,0.5085409551605474,0.5148332206753633,-0.2747372672733302,-0.975490172921752,0.0,0.6529391998422817,0.0,-5.767258220983824,-0.4783098802815506,1.6221861704300682,-1.6499234841289945
CDMS-15-10A-JJMACH-CorrEtiq.txt,0.0,0.0,0.0,7.431452752552979,-0.8392161393968564,-0.8961263252814938,-1.505435241546185,1.0485430593381928,0.0,-0.26784901661616034,0.0,-3.3591564200260127,-0.5629156387868618,0.15118195984883526,-0.7108650946449301
CDMS-15-10A-MAALCA-CorrEtiq.txt,0.0,0.0,0.0,7.694245757870198,-0.022813789070021667,-1.3797310789483601,-1.159494797608004,-0.2978239013970176,0.0,0.2274153296144696,0.0,-3.8178691065423522,0.23037609009099458,0.5473290216860683,-0.5730663468953949
CDMS-15-10A-MAALRI-CorrEtiq.txt,0.0,0.0,0.0,7.869706606518287,0.3167563771669071,-1.0897276188606744,-0.3736019676568303,2.6716645519416127,0.0,0.38051280328201065,0.0,-4.3994056751489135,0.7824823080827724,2.2894291498802684,-0.8015548550017801
CDMS-15-10A-SGOMO-CorrEtiq.txt,0.0,0.0,0.0,7.999020235202757,-2.049255371005847,-1.2229196206088593,-2.085911942550298,-0.5357299411456657,0.0,-1.5346087199296867,0.0,-3.1250434573415156,0.1101833444118853,1.057186918556603,-0.12916859198539035
CDMS-15-10A-SHEGA-CorrEtiq.txt,0.0,0.0,0.0,6.028963101844585,-1.4893953709036936,-1.6154724274803467,-1.3983305707023053,2.969551324771228,0.0,0.07231584785863752,0.0,-2.3590555810099216,-0.4342854567972939,-0.08038313237884931,1.0161550319691008
CDMS-15-11B-JEMOLO-CorrEtiq.txt,0.0,0.0,0.0,9.057239662449224,-0.04818331668083638,-0.587934966651767,-0.9073002333852773,0.6145903064164644,0.0,0.07687555363023083,0.0,-5.390946986343069,0.4745142013888586,2.2122885502542213,-0.9951643780369567
CDMS-15-11B-VSAHO-CorrEtiq.txt,0.0,0.0,0.0,10.0,-0.7936352467076846,-0.6259471205987643,-1.6535467365499683,-0.2995971898463415,0.0,0.2891008501835842,0.0,-5.6443179654934035,0.8832101659928611,3.3169110658762886,-1.8908072596806917
CDMS-16-10A-SGALO-CorrEtiq.txt,0.0,0.0,0.0,6.9705245948343855,-0.7054126113923701,-1.2949537518869927,-0.8529121233996766,0.9484470392915493,0.0,0.03637273426512408,0.0,-3.617503175087858,-0.10987226512312696,1.3106853599956816,-0.5957773058430482
CDMS-16-11B-NGABE-CorrEtiq.txt,0.0,0.0,0.0,7.356808835580732,-0.6877080788182744,-1.4556037935746957,-1.0967982425006504,-0.7712267048246293,0.0,0.46651780188726155,0.0,-3.643751212013261,0.46338222492820724,1.1122721777490534,-0.4955100298995613
CDMS-17-10A-ASSAMO-CorrEtiq.txt,0.0,0.0,0.0,8.46696439269415,-1.1776018233067376,-1.603676215328741,-1.5307446114912338,0.7272892394287255,0.0,-0.27001357338102006,0.0,-3.209023613892908,0.8836901257587487,1.5053711114131145,0.5190674203728842
CDMS-18-7C-VVECA-CorrEtiq.txt,0.0,0.0,0.0,9.774661716081996,-1.2873061407223807,-1.760565331749721,-2.016159862703836,0.7453464077562267,0.0,-0.5385387783866235,0.0,-4.841055098178881,1.8297724433289624,2.5855870854632657,-0.4214329551672655
CDMS-8-4A-DBEVA-CorrEtiq.txt,0.0,0.0,0.0,6.546439317723586,-0.5000620490919011,-0.501088487057185,-2.02140467002588,2.875719626344458,0.0,-0.8729829547189532,0.0,-3.2915061657487388,0.6716564040924902,1.3087995056577626,-0.777228559742521
CDMS-8-4A-DJAVDA-CorrEtiq.txt,0.0,0.0,0.0,7.172944858585202,-0.08772735882905064,0.830697240170948,-2.220994663292797,-0.23741541195956975,0.0,0.307847509080314,0.0,-5.0250774697869245,2.2374434700037176,1.8008813172215712,-1.7390928015961342
CDMS-8-4A-DOSTR-CorrEtiq.txt,0.0,0.0,0.0,9.03217776834102,-0.3295173358766799,-0.0011608393458265216,-1.5969095258973287,5.304802470383404,0.0,0.02508122275656066,0.0,-5.763295062511086,1.172372576414096,3.179242063400286,-0.9120403775817408
CDMS-8-4A-LGOPA-CorrEtiq.txt,0.0,0.0,0.0,8.375290624728637,1.448163463035313,-1.570944703375868,-1.33458118167556,5.564601290667042,0.0,-1.3184108933635283,0.0,-4.971516590307943,1.303405863266602,3.5275005464122455,-1.1658920136776578
CDMS-8-4C-JDBUTU-CorrEtiq.txt,0.0,0.0,0.0,7.30945355539017,-0.06475574773343769,1.5238924868028263,-1.2628739437034737,-0.9639451854454184,0.0,-1.0265690684462878,0.0,-5.351211294585419,0.30931124036773505,1.2332748954315067,-0.45769805336620606
CDMS-9-4A-ACDUTR-CorrEtiq.txt,0.0,0.0,0.0,6.9178447970864125,-2.2115673350020058,-0.6648247051214614,-2.5704206470399633,2.699494154092003,0.0,-0.1893836714389686,0.0,-3.386327475293712,-0.1046027124102582,0.7771351995256829,-0.5314592188913398
CDMS-9-4A-CARGA-CorrEtiq.txt,0.0,0.0,0.0,8.52652751872915,-2.1997499341919844,-1.011934918838149,-2.705883843408504,1.2384053931055778,0.0,0.33007898607040864,0.0,-3.9398732603596,0.889123505453648,1.7593369337221025,-0.575068777233639
CDMS-9-4A-CRAAG-CorrEtiq.txt,0.0,0.0,0.0,6.711796918381261,-0.5062177071498972,-0.10415213105876235,-1.947491343735092,8.642321864430865,0.0,-0.49664114892675243,0.0,-3.525680960814616,0.07578887592819074,0.3119165622134605,0.7037202043702901
CDMS-9-4A-EROHI-CorrEtiq.txt,0.0,0.0,0.0,9.891802041373913,-0.6769022896975286,0.351326257441855,-2.2141472967073526,-0.2888487158626055,0.0,-0.5880589725979803,0.0,-5.564593206802578,1.4963869209656802,4.071117005960644,-1.005959213380748
CDMS-9-4A-ILOSE-CorrEtiq.txt,0.0,0.0,0.0,9.739046758480795,-2.7292780674621255,-2.2807858684108573,-3.235624468207758,6.28970050146891,0.0,-0.9363533768934454,0.0,-5.089355291569164,0.7484591302601523,2.4075913092663623,-1.8276930812090526
CDMS-9-4A-TGAFR-CorrEtiq.txt,0.0,0.0,0.0,7.856505175832754,-0.8708429972832136,-1.8204603964244401,-2.1604630354241903,5.960325532952873,0.0,-0.29475864852798145,0.0,-4.593007106553371,-0.6277957428138465,0.7076850063789235,-1.7168552634474552
CDMS-9-4C-SCAMO-CorrEtiq.txt,0.0,0.0,0.0,10.0,-1.4053385821150066,-0.6877463849533249,-1.4612447818855474,0.5895029952349234,0.0,-0.6324989360575166,0.0,-5.774816291558178,0.3700026245954,2.4114240123973287,-0.1668951714179445
CDMS-9-5A-ABERO-CorrEtiq.txt,0.0,0.0,0.0,8.944963895940159,0.49292503229055756,0.045089242769109306,-1.3075615566525247,1.6410300494855936,0.0,-0.6796136944718523,0.0,-5.541882282330997,0.16893036065542005,2.501471180002311,-1.9552604008542835
CDMS-9-5A-PAGACO-CorrEtiq.txt,0.0,0.0,0.0,9.037211333839004,-0.8204236358526656,-0.604433966274937,-1.4113718778774114,0.23665073700288014,0.0,0.7943247449983801,0.0,-5.076802771034078,1.4226507382564417,3.0398253013942953,-1.9252564088841329
CDMS-9-5A-VVAAR-CorrEtiq.txt,0.0,0.0,0.0,8.605773711195138,-0.3611354252511868,-1.3974499290358486,-0.7863832635159458,1.427924728798296,0.0,-0.377070234044168,0.0,-5.864222780155429,1.6428653482637865,3.995854121629799,-1.288929281085206
CDMS-9-5C-JDMADE-CorrEtiq.txt,0.0,0.0,0.0,7.979703054383914,0.6810163946882174,3.0386434737298775,-1.3125495082302312,-1.6911717088250287,0.0,0.8855183405319756,0.0,-5.550205219806271,0.7588209270431115,4.048508350000451,-0.879359758459969
CDMS-9-5C-LVIZAC-CorrEtiq.txt,0.0,0.0,0.0,9.016286387912093,-0.24379835216615522,-0.7838708162504094,-1.205774798839148,3.5535917725290767,0.0,-0.7999570270603238,0.0,-4.824185100257007,1.3803367352611542,2.4618841319432128,-0.0699570200257122
CDMS-9-5C-MLOGO-CorrEtiq.txt,0.0,0.0,0.0,7.542223529395219,-2.449383386638112,-0.5702905364015302,-2.9581739326837586,5.525386674567927,0.0,0.2505782302300377,0.0,-3.3941407294776327,2.403922363412881,3.361729392130844,0.0915100102861015
CDMS-9-5C-SCAAG-CorrEtiq.txt,0.0,0.0,0.0,7.042946349619027,-1.3920379894243302,-1.0683825611643314,-1.6068120277052869,0.8355257552730869,0.0,-0.4766768009852812,0.0,-3.4660667611484905,1.4691579392222565,2.5500283091699902,-1.4346803532021997
CDMS-XX-10A-VGILO-CorrEtiq.txt,0.0,0.0,0.0,6.559517659757287,-2.57816778308579,1.4116410864876332,-2.669677265394873,-1.9188638792434345,0.0,-1.6066215934889743,0.0,-3.173993366047481,0.7094906711680228,1.2905898475487578,-0.9979273166979373
CDMS-XX-5C-MJSARU-CorrEtiq.txt,0.0,0.0,0.0,7.829368125783238,0.3752689403674256,-1.705975523167333,-0.23154640250478947,-0.7875591906702197,0.0,-0.4329690923783953,0.0,-4.225112079826318,0.8331980357251813,1.3885693827650596,-1.9558786914637114
CDMS-XX-5C-MPCAQU-CorrEtiq.txt,0.0,0.0,0.0,8.913578451442731,-1.6959775371952723,-2.076177727705737,-2.869454176412463,2.801558976700168,0.0,0.7657554789831371,0.0,-3.5757509853243357,-0.4701938873266703,0.38339431085051945,-0.43455182740232934
CDMS-XX-6A-MAGICA-CorrEtiq.txt,0.0,0.0,0.0,8.326124756013552,-0.797328340414845,-1.4893623105827754,-1.7345357676988356,1.5611533136451927,0.0,0.04322238516282411,0.0,-3.775188185630017,0.5797776058894114,2.348644778966185,-1.3662186957195066
CDMS-XX-6B-SPUCA-CorrEtiq.txt,0.0,0.0,0.0,7.273927960282305,2.2765121873518197,-1.9005275453959047,-0.3957227093131803,-0.1934033693478912,0.0,-0.14371973481338426,0.0,-4.337381573854131,-0.23980740764745317,1.984211319351162,-0.45037407976610766
CSO-10-4A-ICAPA-CorrEtiq.txt,0.0,0.0,0.0,8.244659578725543,0.09443643395922241,-1.9517183205279363,-1.9217385748691855,-0.9522002124790262,0.0,0.8539541258696138,0.0,-4.780124831585497,-0.15622999552000488,1.7519078883899593,-0.96205513553485
CSO-10-4A-KCOMO-CorrEtiq.txt,0.0,0.0,0.0,6.935164195527323,-0.20660677050250936,-1.1591747510820887,-1.1655456792224532,-0.6594609163371857,0.0,0.5510188123167501,0.0,-4.239394970072819,1.0482280167714986,1.9666402348729164,-0.9420798396930493
CSO-10-4A-LRAVI-CorrEtiq.txt,0.0,0.0,0.0,5.666468834142667,-0.5473010176848879,-2.610029163286248,-2.1514199536277494,1.6957732276245414,0.0,-0.5515759345815721,0.0,-2.802795395787924,0.7863832635159458,2.0225855396003203,-1.0112919911456153
CSO-10-4A-LSCAVA-CorrEtiq.txt,0.0,0.0,0.0,10.0,9.436813377355415,-1.9042585941457812,1.5250952231706238,-0.9598994724090671,0.0,0.5218718723957242,0.0,-8.317617309356804,1.3907054002461734,5.59660240605656,-0.5030980390669995
CSO-10-5A-ACAVA-CorrEtiq.txt,0.0,0.0,0.0,6.493212848869068,-1.7076515529641174,0.49326861278964107,-1.6624714616103895,-0.07541556077045011,0.0,0.5598928022940391,0.0,-3.9514265100587873,0.3645899696362166,1.5063689666748437,-1.679578945636469
CSO-10-5A-ARACA-CorrEtiq.txt,0.0,0.0,0.0,9.260792494778967,-2.1523242138285297,-0.10700568396746801,-2.355811907524152,-0.6466010284077579,0.0,-0.8591380969605845,0.0,-5.335050958108777,1.2807643654715275,2.780567866524418,-1.7351408102200196
CSO-10-5A-DABRZA-CorrEtiq.txt,0.0,0.0,0.0,9.749923383320931,-0.34730628425069204,-0.9907373417142965,-1.4961247736428598,1.8426644582233027,0.0,0.20286103857757068,0.0,-6.369495779607862,0.6674642481242046,3.3001367716960286,-1.0465965426137076
CSO-10-5A-GZAMA-CorrEtiq.txt,0.0,0.0,0.0,8.993485935511304,-0.6871490214515926,-1.529389014519862,-1.5027285127159047,2.5789088045042674,0.0,0.05336162571330274,0.0,-4.2997585938855725,0.563142002816076,1.4533642647829674,0.15914332388845207
CSO-10-5A-IPECA-CorrEtiq.txt,0.0,0.0,0.0,7.63548505459254,-1.6177434428581963,-1.7924605960004023,-2.041337119319571,2.698393900350203,0.0,0.8078013173489091,0.0,-3.532040667954914,-0.4109252487031991,0.7675151282930925,-1.1112441269838178
CSO-10-5A-JANORO-CorrEtiq.txt,0.0,0.0,0.0,6.776032399375431,1.2677614246211109,-1.1747665913926149,-0.40955328112894124,1.1634691734626676,0.0,-0.5042418167977947,0.0,-3.37312971053627,-0.05009932944690984,0.7138411326943229,0.1350871063343091
CSO-10-5A-JBUVE-CorrEtiq.txt,0.0,0.0,0.0,9.202426165643038,1.3039202258478344,-0.724645308365446,-1.6070644949192998,3.762371373856963,0.0,0.7513384945647955,0.0,-5.0641635763270525,0.03845788135250217,2.0624175523519717,-1.526581705375344
CSO-10-5A-JJSEMO-CorrEtiq.txt,0.0,0.0,0.0,8.526029180341887,0.399543644979269,-1.9930311733292105,-2.69551807683222,3.3185749292892432,0.0,-0.19175997133320455,0.0,-3.5574702869226456,0.9514979804016686,1.5085276669863532,-2.0017347390288434
CSO-10-5A-JLCARI-CorrEtiq.txt,0.0,0.0,0.0,7.859563848904482,-1.5878938790713013,-1.0671388415300695,-1.5575330632141744,-2.1520600696093752,0.0,1.3922459395376678,0.0,-2.991899023312312,-0.23544080467400555,1.1209442086528332,-0.2928367889470023
CSO-10-5A-MAARAN-CorrEtiq.txt,0.0,0.0,0.0,8.603331788930895,-2.3324594990563954,-1.9464140589069632,-3.3820810994407253,0.5985611698103473,0.0,0.460007173864843,0.0,-4.3599733170375865,1.1834822227928798,2.32914397205784,0.32847694297602004
CSO-10-5A-MAOSMO-CorrEtiq.txt,0.0,0.0,0.0,9.23255249098687,-1.2896637154466586,-1.424201409311306,-1.4749178589542329,1.0306304555675587,0.0,-1.3899267674957638,0.0,-4.34550957118817,1.1315088801417639,2.825945772445546,-1.0737910374949498
CSO-10-5A-RVMOIB-CorrEtiq.txt,0.0,0.0,0.0,7.153811855532632,-1.5962460836136765,-1.303917050921727,-1.6737857871160304,2.2597595600009512,0.0,0.34124620976877734,0.0,-2.7974171809252613,-0.4163634464884031,0.6135887754910269,-0.6217806408956834
CSO-10-5A-SVHEES-CorrEtiq.txt,0.0,0.0,0.0,6.994725750436389,-2.3043007251744427,-0.0783624706764614,-2.66183974570995,1.844533937267642,0.0,-0.17361970421339126,0.0,-3.6558685394844814,-0.05000832759353907,0.4251339882350159,-0.6040455942676872
CSO-11-5A-MDVOSPE-CorrEtiq.txt,0.0,0.0,0.0,8.990716992400452,-1.117829938698769,-1.5462684674222167,-2.654789916089777,4.2876898042804035,0.0,0.9850618742307912,0.0,-4.049360811091663,0.7901553180837668,1.2898613148916216,-0.5803123193952338
CSO-11-5A-MTAGA-CorrEtiq.txt,0.0,0.0,0.0,8.218038924235087,1.485689344447766,-0.2575503178272515,-0.9895040122070303,-0.20189536836499244,0.0,0.8265726702582396,0.0,-5.44307283046285,1.7503184566236405,3.320641063798894,-1.6554570880287205
CSO-11-6A-CAPAMU-CorrEtiq.txt,0.0,0.0,0.0,8.9979323159816,-2.1121523730850225,-0.7393005985732688,-2.205055880103889,1.2097271386927846,0.0,-0.5660483214029008,0.0,-3.6472378948939808,0.5347904529026226,1.406178623931196,-0.778411727505752
CSO-11-6A-DSCACH-CorrEtiq.txt,0.0,0.0,0.0,6.666479981148083,-1.966921486543561,-1.5497004223676432,-2.3977572735467674,-1.4872953054548101,0.0,0.8959520597652499,0.0,-1.7020074587257674,-0.5575470894809091,0.2130474012585516,-1.6369699385551428
CSO-11-6A-EROMO-CorrEtiq.txt,0.0,0.0,0.0,8.856029823816582,3.4049002417386953,-2.1018855758835007,1.1466577035625498,-0.7215247408569095,0.0,-0.7122099247774539,0.0,-6.190436252965377,1.3888767927587993,2.762455815727503,-1.918179415588927
CSO-11-6A-FSOVRE-CorrEtiq.txt,0.0,0.0,0.0,9.431566229970297,-0.2377596704916374,-1.3999603639241118,-1.5850801646726396,1.7118840059747311,0.0,-0.194310227253773,0.0,-5.794413455956264,0.5011321027653153,2.020677118149376,-1.1313459769711702
CSO-11-6B-ANREVA-CorrEtiq.txt,0.0,0.0,0.0,7.8142637452638715,-1.4325611831869418,-1.6380352027382095,-1.8566455327156557,2.2989063008797266,0.0,-0.34619367021113895,0.0,-3.743685856114508,0.21491153428613682,1.2069682327229547,-1.0559102925796087
CSO-11-6B-DISEMO-CorrEtiq.txt,0.0,0.0,0.0,10.0,-0.6033726124073723,-1.2587355064114871,-0.4460421958281925,2.227635613253033,0.0,-2.324729082558792,0.0,-5.547178767732781,1.215737465874625,2.822646740477494,0.004985910649591387
CSO-11-6B-LHFDLACH-CorrEtiq.txt,0.0,0.0,0.0,9.373666987487143,2.5767025693554126,-0.02069659562946846,-0.1208573059473249,4.253868932128654,0.0,0.2695623578497618,0.0,-7.773351633797386,1.3588857095126055,4.31061964183538,-1.4448747842820235
CSO-11-6B-RJGIHE-CorrEtiq.txt,0.0,0.0,0.0,5.438833553830139,-1.5401744710406746,-0.6108942119371625,-2.3026050781756697,4.057482885231893,0.0,-0.18795022192942315,0.0,-2.0433174529859475,-0.45917324693969075,0.03435732512187423,1.560278225913632
CSO-11-6B-SFLVA-CorrEtiq.txt,0.0,0.0,0.0,8.246234380352396,0.21741160370293766,1.2298828566805986,-0.9350405303757711,4.23319384469978,0.0,-0.14669110943537003,0.0,-5.989441212311635,1.046488512036312,2.120780316430624,0.027822239083119833
CSO-11-6B-VCOMA-CorrEtiq.txt,0.0,0.0,0.0,9.285423030372346,-1.0168309639430488,-0.9848936535185894,-1.293496882021477,2.1940019740956864,0.0,-0.12538577997179579,0.0,-4.9503655830544915,-0.039957114563922036,2.071469848419998,-1.4695667445446823
CSO-12-6A-DGISE-CorrEtiq.txt,0.0,0.0,0.0,6.531303585861433,0.1367043128773274,3.681523409960599,-0.5989059260685826,-0.6151106892688818,0.0,0.3969996166902093,0.0,-5.326292006408666,0.2805975333590979,2.8404618742656464,-1.941020850744469
CSO-12-6A-FJOVRE-CorrEtiq.txt,0.0,0.0,0.0,6.330811475568203,-1.9081924043760357,-0.891696085557987,-2.0478789151090093,2.807453816608408,0.0,-0.8685580339489899,0.0,-3.146438352965104,-0.5123924390471993,0.017682538747976873,-1.0590122396575312
CSO-12-6B-GQULO-CorrEtiq.txt,0.0,0.0,0.0,7.118902254850852,-0.5634368378095326,0.718989268437905,-1.4136843863326298,-1.2043387629462126,0.0,0.395887093253048,0.0,-5.334846155812476,1.4287692630463855,2.756803150583483,-2.032730691955395
CSO-12-6B-LJHEFE-CorrEtiq.txt,0.0,0.0,0.0,6.716463061278191,0.617104363326294,-0.5613804058188244,-0.8139093043236716,0.35273222521289144,0.0,-0.04611305584606064,0.0,-3.8102057853972346,-0.346587154819812,0.9712997431262649,-0.023587294856370657
CSO-12-6B-VPAMA-CorrEtiq.txt,0.0,0.0,0.0,10.0,-3.33262492106811,-0.6973076644907346,-3.6535164654811605,0.4177328709884256,0.0,-0.22332642560929955,0.0,-6.26485599035764,-0.13346049915463953,2.2961279130605643,-2.359711812241747
CSO-12-7A-DALRE-CorrEtiq.txt,0.0,0.0,0.0,10.0,-2.063855141537613,-0.6839191781573499,-2.362991820782275,6.66375761742149,0.0,-0.08139004468360635,0.0,-6.622577530374256,1.297230493783029,4.584082639583904,-0.6053755870977617
CSO-12-7A-ESALA-CorrEtiq.txt,0.0,0.0,0.0,8.096656783131529,-1.9320971305506716,-2.3798294796956556,-2.7231076136975783,-1.3991458162012462,0.0,0.8648179620476106,0.0,-3.043502165895415,0.1780487836214844,0.9384437268783187,-2.307211776912918
CSO-12-7A-IMERO-CorrEtiq.txt,0.0,0.0,0.0,8.531860678486764,2.1782689509152715,-0.7394986152861743,-0.4978276213030444,2.4673322522867447,0.0,-0.437285043562907,0.0,-4.808433863576354,1.496100509720238,2.930394106577362,-0.8752299573619604
CSO-12-7A-JHEZA-CorrEtiq.txt,0.0,0.0,0.0,8.300007667077194,-0.03560775694361196,0.060073516438613694,-0.38767765368769785,0.3794725636305225,0.0,-0.671454386810503,0.0,-4.816845304792656,0.4248650668754133,2.1146735927410747,0.6596272058160336
CSO-12-7A-LSARAR-CorrEtiq.txt,0.0,0.0,0.0,9.490306646108777,0.7044379511638792,-2.0732945885883227,-1.3691864434193257,-1.3558839061862362,0.0,0.7912782861459098,0.0,-5.173810270713303,0.16790699433669665,2.452960992923253,-1.1553252383411599
CSO-12-7A-SCAHO-CorrEtiq.txt,0.0,0.0,0.0,9.23383016920188,0.585936529205192,-1.5494454655761813,-1.3076319575159898,1.8927669339701252,0.0,-0.7998529313812043,0.0,-5.141793675361611,2.843285046499766,4.3692366836938445,-1.2249873248646976
CSO-12-7B-DVAGRO-CorrEtiq.txt,0.0,0.0,0.0,8.890845692610077,0.44902506292186556,0.3957204897578194,-0.12512228124822874,1.7958162915718754,0.0,0.5942270804721019,0.0,-6.042317011884561,0.7582471054209767,3.0549682831365854,-1.339143520774971
CSO-12-7B-SMUGU-CorrEtiq.txt,0.0,0.0,0.0,6.430478928635865,-3.003274624798878,-1.1579623011485445,-3.163553370241737,3.3089606529561846,0.0,0.6954167411795773,0.0,-2.279189225134045,0.22930101156162108,0.764494351429723,-1.7943578360254007
CSO-12-7B-SSARA-CorrEtiq.txt,0.0,0.0,0.0,8.649314579631834,-0.19360864387253904,0.07629916903963833,-0.9110862134845031,2.0966061943438574,0.0,-0.6182511564039904,0.0,-4.710538497024463,1.355439105711912,2.721088901258982,-1.9299261499143079
CSO-12-7B-VHOMA-CorrEtiq.txt,0.0,0.0,0.0,8.187057724977256,-0.9860681604748944,0.12836290474213416,-1.5374845099311087,0.6639062687764415,0.0,-0.15281940691514556,0.0,-4.052068691775993,1.1064061301922132,1.84734379614755,-0.21538088331228286
CSO-12-8A-YTOME-CorrEtiq.txt,0.0,0.0,0.0,8.635163092036622,-1.371226455291842,-2.428135239443905,-2.006495308670849,3.129070046382852,0.0,0.07452772581960765,0.0,-4.159058675833265,-0.6145261394575812,1.676523689848413,-0.041061217795563286
CSO-13-6A-ANASA-CorrEtiq.txt,0.0,0.0,0.0,9.743586531167395,0.0922909240693204,-1.4043994798703276,-0.7700888840950156,-0.7474329933708956,0.0,0.20879843449645247,0.0,-5.339038005105056,0.5608205668320736,2.1371181201303924,-1.3692059198557662
CSO-13-6B-JETAVE-CorrEtiq.txt,0.0,0.0,0.0,9.073036999554066,-2.576138468219817,-1.9050928137577685,-2.736871900909599,3.5998678590904674,0.0,-0.2625592434229153,0.0,-4.568633410104452,0.02554156802463915,2.172221524914012,-1.1660551361026197
CSO-13-6B-LFMIES-CorrEtiq.txt,0.0,0.0,0.0,8.188669675186201,-1.5880866209372102,-1.1432242666489407,-1.9792094722798073,0.6451654244406033,0.0,-1.7032209376965903,0.0,-4.067800993510657,3.4373092273583747,4.760955279850123,-0.10703745473172133
CSO-13-6B-LJMAHU-CorrEtiq.txt,0.0,0.0,0.0,9.627552636462406,0.6451139513784053,-2.0064443944811585,-1.4399200028845611,-2.8173299023947003,0.0,0.43573836753832323,0.0,-7.878905296812884,0.6659260366099821,3.928828743271177,-2.982676489767291
CSO-13-7A-CAPAMU-CorrEtiq.txt,0.0,0.0,0.0,8.931006465841064,1.4176748066385205,-0.12913061629142597,-0.2121297287365617,2.134122155447064,0.0,0.24866538705677313,0.0,-6.119818727234699,1.2533012589150656,4.1572197567188525,-1.4636639841995833
CSO-13-7A-CDDITR-CorrEtiq.txt,0.0,0.0,0.0,9.218163023451051,-1.2934787714040015,-1.2969570239129702,-1.6139144556249327,2.6888728120208834,0.0,0.3170542731397935,0.0,-3.797567234929347,0.3588128437132812,1.919648972752592,-1.0470679551481659
CSO-13-7A-JJATFL-CorrEtiq.txt,0.0,0.0,0.0,5.196059487174871,-1.1104553005148505,-1.9138688477928272,-1.968197100140796,0.35077009524464364,0.0,-0.4732213883439188,0.0,-1.9429837348338745,-0.3071091946119291,-0.34809833562271275,-0.9932903527688582
CSO-13-7A-KRAMA-CorrEtiq.txt,0.0,0.0,0.0,7.702287715375997,-1.553847613894766,-1.1267068427265476,-2.004330458351804,-1.3182519872882428,0.0,0.15385597087246752,0.0,-3.8576352568540964,-0.11539416070278363,1.5802507255926856,-1.7357003464164837
CSO-13-7A-RXCHLU-CorrEtiq.txt,0.0,0.0,0.0,3.453738463596788,-2.3140338309706383,-1.9817742169254964,-2.1903648930320947,-1.253536369234662,0.0,0.8423669640677971,0.0,0.07630980848725988,-1.723624150382059,-1.359853740457347,-0.383346086180258
CSO-13-7A-YAMEZA-CorrEtiq.txt,0.0,0.0,0.0,7.650466120509318,-0.9873099312970123,-0.7482017678019868,-1.1417247363652077,1.0544904104739097,0.0,-0.053772702377369634,0.0,-4.515302649590692,0.39454709172490254,1.4554436877496488,-0.932472912565354
CSO-13-7A-YBOSO-CorrEtiq.txt,0.0,0.0,0.0,7.708604093587983,-2.0587605569727523,-0.8478501284163322,-2.51842339392311,2.804056670948467,0.0,-1.8144879247490437,0.0,-3.1628819403477335,-0.576696857535042,1.244856543997842,-0.5693443993476666
CSO-13-8A-KIGAGU-CorrEtiq.txt,0.0,0.0,0.0,9.234415928387865,-1.316761737429243,1.6116594719928679,-2.1864658787319193,1.7822803886313587,0.0,-0.4917262791823255,0.0,-6.5796031471963055,0.105684591697872,2.6549551616320834,-0.9487664352255973
CSO-13-8A-MBUAN-CorrEtiq.txt,0.0,0.0,0.0,9.892717091789299,0.860756242955149,-0.3334590754294643,-0.9482703377245556,0.7675342443596515,0.0,-0.26409199382661497,0.0,-5.976431851061259,1.6287152050731089,4.187576325825399,-1.2864921619149396
CSO-13-8A-MGAAN-CorrEtiq.txt,0.0,0.0,0.0,8.108741375692228,0.699033971671744,-1.3103186374495106,-0.19323108620537757,-1.645768360187964,0.0,0.29988830415563644,0.0,-4.430396762364903,-0.28083959390657115,0.8232245658957867,-1.2905958785906526
CSO-13-8A-MGAHE-CorrEtiq.txt,0.0,0.0,0.0,9.343684476429058,-2.1035756204624407,-1.096877025244266,-2.6931240558303733,4.146667943780564,0.0,0.5215213421992666,0.0,-3.762951680782995,-0.5449616455828261,1.3385396707071164,-1.178023163067834
CSO-13-8A-MJAGA-CorrEtiq.txt,0.0,0.0,0.0,8.095977718760738,-1.1902720824045152,2.156472974183345,-1.879046134789925,-1.9196503910964315,0.0,0.08267929314249911,0.0,-5.268671209103614,0.34344665245191625,2.6331254692845967,-1.7572432840576262
CSO-13-8A-VHODU-CorrEtiq.txt,0.0,0.0,0.0,5.107826248387363,-1.5822084839957757,-0.8020531855449714,-1.7276784340080182,-0.048640454868875194,0.0,0.6314267744163199,0.0,-1.9636109720643193,0.7121846264940335,0.3522319301121332,-0.0360946059566294
CSO-13-8B-FCJISA-CorrEtiq.txt,0.0,0.0,0.0,6.888648300151454,-0.0075742962299232275,-1.633307955808407,-1.5060062325651282,0.9078059312232682,0.0,0.4742568303522938,0.0,-2.6887222776099655,1.0765970976482844,2.1362341368684845,-0.09596161868154957
CSO-13-8B-JEMABE-CorrEtiq.txt,0.0,0.0,0.0,9.990060713064805,-1.7934900602520105,-1.3974444925580476,-2.949145227805628,-0.17009458531164925,0.0,0.12125678743786479,0.0,-5.582730131317432,-0.46370854580186655,1.5621237120871774,-0.8220962967253724
CSO-13-9B-DMLLLU-CorrEtiq.txt,0.0,0.0,0.0,6.519972259674531,-2.641320990825723,-0.5615468128047172,-2.684404760688288,2.7244402043488076,0.0,0.7876797620199363,0.0,-3.4605003025775707,-0.43122877254358855,0.530238860432147,-1.359996872208443
CSO-14-7A-MVEBE-CorrEtiq.txt,0.0,0.0,0.0,4.436758516157141,-2.593920732314505,-0.8619342151577696,-2.4637113925754375,-0.27720437089769123,0.0,0.6453143380561481,0.0,-1.1435331610302124,-0.40451991747794463,-1.2320422336325996,0.8480328438691492
CSO-14-7B-EALHU-CorrEtiq.txt,0.0,0.0,0.0,8.945148871217855,-1.6183927009064545,-1.8949023425471945,-2.12799455516541,4.908347067018993,0.0,-0.45771971542190587,0.0,-4.1259312066263085,-0.19753690377824995,1.8552336230529083,-1.0458320566741166
CSO-14-7B-EVEGO-CorrEtiq.txt,0.0,0.0,0.0,8.823441355363192,-0.4383457576800973,-1.5134713861039355,-1.1142310579017043,2.4916261849914974,0.0,-0.17639269162896534,0.0,-4.466643447711574,0.838299402630251,2.363746426033587,-0.2961327416682166
CSO-14-8A-AQUMA-CorrEtiq.txt,0.0,0.0,0.0,4.891205992843149,0.23919284361661064,-1.7521213906812656,-1.540638229497417,-0.8124794629882787,0.0,-0.24610370761190029,0.0,-1.0683176305367748,-1.072979835619063,-0.726863296030494,-0.6271489061177428
CSO-14-8A-MCIDOS-CorrEtiq.txt,0.0,0.0,0.0,8.95173881466349,-0.8056627461105794,-0.7085113474906095,-1.4522177137625094,6.111041224746678,0.0,-1.4724525333849785,0.0,-4.948922882689523,1.7345727587303186,3.0174710814302257,-0.5522015993004002
CSO-14-8A-SZARA-CorrEtiq.txt,0.0,0.0,0.0,8.122647233727292,-0.8913646877969725,0.6348073497758197,-0.8486523479824797,6.011518710406389,0.0,0.09467149912673016,0.0,-6.2784857100224825,0.5190965576593326,2.948719327667444,-2.3003400031285257
CSO-14-8B-JLLORA-CorrEtiq.txt,0.0,0.0,0.0,6.572957323734231,-2.02540206189015,-0.38578155220988264,-2.0615624048642918,0.257597928724099,0.0,0.15878231097551213,0.0,-3.2529320944212583,-0.2382751564248606,1.2277307404205702,-0.6119252427624855
CSO-14-9A-AEDCAGO-CorrEtiq.txt,0.0,0.0,0.0,6.889530665754567,-0.2841509536793912,-0.7839224533265754,-0.3038282619803806,1.9823821544610463,0.0,-0.4649639152818083,0.0,-3.7412934330768635,-0.04551238661420785,1.4007766758069735,-0.5219247323410843
CSO-14-9A-HASACA-CorrEtiq.txt,0.0,0.0,0.0,8.856689305955914,-0.05426869131879569,-1.222048790504135,-0.5018157102853682,-2.4907869410493495,0.0,0.25764298688959864,0.0,-5.189235418914351,0.13938137718431165,1.1215842809415273,-2.0044112519305997
CSO-14-9A-JSMAAL-CorrEtiq.txt,0.0,0.0,0.0,8.284692548041537,-0.19724711268983147,-0.08046891148875046,-0.7915930856837139,0.46243354793078,0.0,0.020985581963217804,0.0,-4.714679977408747,0.33935940884723037,1.8415576950315056,0.47480375728957214
CSO-14-9A-MARJA-CorrEtiq.txt,0.0,0.0,0.0,8.754006534823192,-1.8274454265845934,-1.9052192573199844,-2.066472756982454,5.780249153956992,0.0,0.6442200318926173,0.0,-3.510392503049035,1.3800110131885408,2.6996393709769264,0.08692058090453596
CSO-14-9A-SORZU-CorrEtiq.txt,0.0,0.0,0.0,8.969536813458138,0.6245184943248815,-0.5106815916683723,-1.0759882758192754,2.4823613660928037,0.0,0.49993107538323905,0.0,-5.9920295592873325,1.3735551112194333,3.575680381286894,-0.7298169872138955
CSO-14-9B-ERAGA-CorrEtiq.txt,0.0,0.0,0.0,6.999625936105531,-0.5262455775605053,-0.8406006497022567,-1.1989799890425623,2.8123535965354756,0.0,-0.4749135560429325,0.0,-4.032764500660268,1.033008450153168,1.9041884571297032,-0.3631667906179938
CSO-14-9B-MFEGA-CorrEtiq.txt,0.0,0.0,0.0,7.329656888103964,0.7723920462607438,0.09151654198113313,-0.5553795042523594,4.324815330415483,0.0,-0.5888021558988827,0.0,-5.088729048219667,0.17040228707409363,1.520027175272089,-0.6855061525160532
CSO-15-10A-LJRAGU-CorrEtiq.txt,0.0,0.0,0.0,8.76057836154622,-2.728350423190584,-1.787501921359241,-2.9760453675504683,2.171197857316143,0.0,-0.049200635623962,0.0,-3.7272853502794634,0.2092021953586472,1.4269347497822598,-0.432235209906907
CSO-15-10A-MAARLO-CorrEtiq.txt,0.0,0.0,0.0,7.585803357655476,-1.579507453469799,-0.45397683751093104,-1.7143848436565943,0.27907634363269257,0.0,-0.5516554950561576,0.0,-3.747366468628718,1.3227543389297554,1.6690690318945032,0.5490177511583912
CSO-15-10A-SFEGA-CorrEtiq.txt,0.0,0.0,0.0,9.004405747046619,-1.3269170076321701,-1.535116271097974,-1.840325549225343,6.855087188271107,0.0,0.9931843642376921,0.0,-5.159969943319172,-0.9945352091693231,1.7683823792299969,-1.8592605618628895
CSO-15-10B-MEBUAR-CorrEtiq.txt,0.0,0.0,0.0,6.214916550462916,-0.29973424923959896,-2.198325218708222,-0.8456982245584066,0.19187196406539755,0.0,0.24255150725960561,0.0,-3.1477094321515224,1.6755188609752707,2.7499320960995615,-0.5320735444911504
CSO-15-10B-YVBUAN-CorrEtiq.txt,0.0,0.0,0.0,6.879687459873802,-2.1812242484386295,-1.580527687370786,-2.4412444632777963,1.5189864687268129,0.0,1.025890295029625,0.0,-2.3737606097043074,0.0900413784953456,1.0655319912889756,-0.9064345629083106
CSO-15-10C-ALBAHO-CorrEtiq.txt,0.0,0.0,0.0,9.235762531849705,1.1792146034287467,0.5039850333146376,-0.5332620697654683,-0.2635651517947217,0.0,-0.005266133309315839,0.0,-5.873469030896975,1.3981032599476138,3.0915030023370407,-1.7643403328776266
CSO-15-10C-SSCAMO-CorrEtiq.txt,0.0,0.0,0.0,9.62183669996803,2.1860033408192323,-0.5707727256641936,0.07905161346044559,-0.7838583462521528,0.0,-0.2668573195332357,0.0,-6.431539064533889,1.4433747658931404,2.8131657498633342,-1.1621777627234282
CSO-15-11C-JETALO-CorrEtiq.txt,0.0,0.0,0.0,8.809703926886595,3.5564355637861347,-0.22267776705134915,0.9919998316782425,-0.3735124766020162,0.0,0.29658251467094326,0.0,-7.068450871042093,0.10490991361926583,2.529763074929007,-0.950190526114442
CSO-15-7B-JCRAGA-CorrEtiq.txt,0.0,0.0,0.0,6.4587918875791965,0.7455550814922615,1.455556274348955,-0.5669094486973426,-0.2972850999049465,0.0,0.9755233420341461,0.0,-4.801012167275236,1.5369675422944862,2.7516313390133136,-2.062666129616226
CSO-15-8A-VBMABR-CorrEtiq.txt,0.0,0.0,0.0,8.650242996426156,-0.03729563912482529,-1.8806026079931093,-1.8886254346169704,-0.09029434296207146,0.0,-0.2681474296612817,0.0,-4.297711760728256,0.7000895004788144,2.372501442280375,-1.1549903218564075
CSO-15-8B-KEPOGO-CorrEtiq.txt,0.0,0.0,0.0,9.487219545810404,-1.529671736047858,-1.5108741598748134,-2.6681953826666396,2.516321451418984,0.0,-0.028263142520288942,0.0,-3.387746109230545,0.49420657456718814,1.549887983583019,-0.21401838135570045
CSO-15-9B-ALRIHE-CorrEtiq.txt,0.0,0.0,0.0,8.341285413331962,-1.166444968712362,-0.4476000782300406,-2.3774700337497228,0.2706456264214868,0.0,0.4434083220770091,0.0,-4.089911003205364,0.6502041319437515,2.3411287566303467,-0.2906788372318806
CSO-15-9B-AMSAGO-CorrEtiq.txt,0.0,0.0,0.0,9.192914389567532,-1.7343490291375518,-1.6646694831756232,-1.7759891685370277,2.4777304039395642,0.0,-0.15831210715199853,0.0,-3.2454520896260948,0.868804814549866,2.0193361291646506,0.5103164579075774
CSO-15-9B-JCAPA-CorrEtiq.txt,0.0,0.0,0.0,6.783813280334006,-1.8691097533241294,-0.8657363960503582,-2.741479344050878,1.5429405977972823,0.0,0.5000186344996063,0.0,-2.6663571956237657,0.7321806181982412,2.004389337390498,-0.3256942564660468
CSO-15-9B-KSBEJA-CorrEtiq.txt,0.0,0.0,0.0,9.11113188212945,-1.7010519275502591,-0.5845061419244716,-1.9296851118908698,-0.819766675011428,0.0,-0.5091436402992874,0.0,-5.335852789133949,0.6541429581329348,2.2534995687586092,-1.926614889067299
CSO-15-9B-RMCHLU-CorrEtiq.txt,0.0,0.0,0.0,8.022673783617353,0.8944761103486295,-1.8004332185088412,-1.3740836617262904,3.4324941516962717,0.0,0.12377502934883629,0.0,-3.9825952017895774,-0.2832432211248089,1.0174566957574314,-0.5626194446671916
CSO-15-9B-SJAGRO-CorrEtiq.txt,0.0,0.0,0.0,5.831716908944445,1.8080650420878133,-1.6168954343550122,0.1616093414741408,-1.8526816707305012,0.0,-1.033104060942755,0.0,-2.757654046835854,0.08918972123921226,1.0146451376738304,-0.7025316569851525
CSO-16-10A-JEGAHE-CorrEtiq.txt,0.0,0.0,0.0,8.756172248824727,-0.08977457916491331,-1.4279877894397544,-1.7011574839470167,-0.4301596930366682,0.0,-0.46158517819501643,0.0,-4.893207053927674,1.322618270887545,2.1079840030092787,-1.126288499416715
CSO-16-10A-MSACO-CorrEtiq.txt,0.0,0.0,0.0,6.642569322053468,-1.2867490654324338,-1.1842868710754926,-1.5786197790707988,2.2577497950105,0.0,0.19550062738352156,0.0,-1.877236919042996,0.5900107632083734,0.9671255348214863,-0.003494237619698017
CSO-16-10A-SARI-CorrEtiq.txt,0.0,0.0,0.0,9.78717288070492,-1.1860175509873259,-1.2503763987423024,-1.7240148607932262,1.8392984144859028,0.0,-0.16348165342484197,0.0,-5.197055412389031,0.2866066629731211,1.7248903706871932,-1.4236840553497565
CSO-16-10A-SMOUT-CorrEtiq.txt,0.0,0.0,0.0,7.194586036536475,0.06470731184537519,-0.33284174574194775,-1.1447012987189005,3.1156927217764627,0.0,-0.520342109342643,0.0,-4.431602656582211,1.301821870558726,3.238930637887754,-0.25501017848484564
CSO-16-10A-YKMUJO-CorrEtiq.txt,0.0,0.0,0.0,5.975590459747319,-1.9381370899228774,-1.0230314574142472,-2.409769135375218,1.161065215624254,0.0,0.12286814148651043,0.0,-2.7354589879347366,-0.10333569055631886,-0.17944365826392042,-1.1954148744441448
CSO-16-10B-JESUGU-CorrEtiq.txt,0.0,0.0,0.0,6.987675648986191,-2.4258906320593354,-1.245524121216695,-2.5893271413829115,-0.6227419051762572,0.0,0.10172717002262706,0.0,-1.9447779397636598,-1.3397701805072848,-0.3492076191258053,0.5409725618380197
CSO-16-10B-LTVIFA-CorrEtiq.txt,0.0,0.0,0.0,3.804549754766141,-0.43503239442833697,-1.359139264202513,-0.6874430385660721,1.7908293554344434,0.0,0.37443680035045607,0.0,-0.523573308350231,-1.1118903975202934,-0.4251218830430448,-0.31125137119297486
CSO-16-10B-VVILI-CorrEtiq.txt,0.0,0.0,0.0,7.429578572093911,0.47067292343385453,-0.39588594362542784,-0.9093193713053552,3.1060511651745384,0.0,0.6634511836765971,0.0,-4.319610043356821,0.2026806372586294,1.6974632560958378,-1.187760921698595
CSO-16-10C-ACALGU-CorrEtiq.txt,0.0,0.0,0.0,8.316839279070118,-0.2512765624790567,-1.898004759663479,-1.3817390819268267,1.8829751221602626,0.0,0.231752343734926,0.0,-3.98485421221775,0.4379189949996256,1.8315399531969037,-1.8240449132803604
CSO-16-10C-MAVAVE-CorrEtiq.txt,0.0,0.0,0.0,7.670056673216948,-0.5346591855924748,-0.4407850495976883,-1.041799625753259,2.102057981712252,0.0,0.38183326777121085,0.0,-3.8981844067473608,0.6448640315294732,1.9386121256053932,-0.6039216798408928
CSO-16-11A-JAVABO-CorrEtiq.txt,0.0,0.0,0.0,8.658362041360016,-0.07648227320229921,-0.4678009544624221,-1.5838493465578762,-1.221806954273648,0.0,0.10072048727713234,0.0,-4.6145981545259245,-0.1758122738535387,1.6752663345514927,-0.3399009152360095
CSO-16-11A-JDMUVA-CorrEtiq.txt,0.0,0.0,0.0,8.61703951266069,-0.8918322546312819,-1.0839695144468944,-1.3132880814367527,-0.48890381088000323,0.0,-0.1284305952399173,0.0,-4.509075644516208,0.3473443263509119,1.2825441327186349,0.446035580554123
CSO-16-11A-VZAOR-CorrEtiq.txt,0.0,0.0,0.0,5.4193168757577235,-0.3897324418216698,0.17136225588255177,-0.7104968778524199,1.5594430892239886,0.0,-0.9049573243997011,0.0,-3.714846596944186,0.5313842180386704,1.3086770525776272,-1.6353577538300712
CSO-16-11B-KRORE-CorrEtiq.txt,0.0,0.0,0.0,9.943284367286562,-1.3916160618632314,-1.480896211213575,-1.6909858746274602,1.392512366874279,0.0,-0.541027488964434,0.0,-4.264760928021317,-0.49843435238111466,0.40590069691010366,-0.7382082699946131
CSO-16-11B-LLOZA-CorrEtiq.txt,0.0,0.0,0.0,6.9886959927220005,-1.040111484749698,-1.1362016174221932,-1.0263086242514496,0.10506341425282166,0.0,0.16097593196515794,0.0,-3.310448041799416,0.13702575863619407,1.0080460423367734,-1.0429844023796666
CSO-16-11B-YAROMO-CorrEtiq.txt,0.0,0.0,0.0,7.554710881098081,3.882389792504585,0.0511664872456831,2.030068964461535,-0.6597711551250862,0.0,-0.9352776618462705,0.0,-5.705593532278996,0.8550958314944191,2.5157123272464754,-0.5049511967072023
CSO-16-9A-JALEMO-CorrEtiq.txt,0.0,0.0,0.0,6.153050873332938,0.33732926129756197,-1.3473126887051095,0.002988175137261203,0.1810645106113815,0.0,0.4755420537548198,0.0,-2.8813451337067684,0.3395504717955979,0.5041895747602081,-1.0909502593027203
CSO-16-9A-JPROSO-CorrEtiq.txt,0.0,0.0,0.0,9.02657105425447,-0.4915172866453979,0.5506953302083486,-0.6259901129710641,0.31627818718062817,0.0,-0.5838653089094659,0.0,-4.985214601160405,1.6173806598486224,3.98647926067589,-0.8573396757996202
CSO-16-9A-JSMAGU-CorrEtiq.txt,0.0,0.0,0.0,7.0647293421341795,-1.2335961379100844,-1.645345038507675,-1.444780181361661,6.009107795977421,0.0,-0.7008850777290692,0.0,-3.6927869998923564,0.4086732555852443,1.3212152486156663,-0.9163473012060437
CSO-16-9B-SJPAJI-CorrEtiq.txt,0.0,0.0,0.0,8.206931950665602,-2.2512274448372285,-1.3842747864631266,-2.365046443288068,3.9537901341245925,0.0,-0.7338095285752726,0.0,-3.3543389616086063,0.4853411808660092,1.0454414838335622,-0.508775750503282
CSO-17-10A-YVGOCA-CorrEtiq.txt,0.0,0.0,0.0,6.708885630282431,1.0368496495053714,-1.467073571021163,-0.2943482427387704,0.4290961802492155,0.0,-0.6987687939751678,0.0,-3.271122016389747,0.23229614996567985,1.1747867401592302,-0.46202437492525167
CSO-17-10B-EHECO-CorrEtiq.txt,0.0,0.0,0.0,7.436420540262007,-1.530005833329211,-1.3502680269629082,-1.391903436494242,-1.040065756495376,0.0,-1.4175998933153255,0.0,-3.387638862332352,0.9373194307401743,1.0272271650134024,-1.0126378991273735
CSO-17-10B-YCQUVE.txt,0.0,0.0,0.0,9.253554491857283,0.48114849312995894,-1.5473127410302825,-0.8065315491361797,1.313802269263975,0.0,-0.6825064413560364,0.0,-5.279813689173032,1.0263597626953878,2.537004020255925,-1.1695234660394749
CSO-17-11A-DJAPA-CorrEtiq.txt,0.0,0.0,0.0,7.525657010422502,-0.6272675185912824,-1.1794089559904057,-0.8334214896329802,0.6203691640886478,0.0,0.5025397507184616,0.0,-3.685184557752757,-0.08482359917361772,1.1366198644168433,-1.068239572251672
CSO-17-11A-JDAMO-CorrEtiq.txt,0.0,0.0,0.0,9.232051673176352,-2.4503541263391555,-1.7451083274713577,-2.7963996452800224,4.258297479763929,0.0,0.10190030899568264,0.0,-3.2325861197989707,2.000104571253862,2.1170223010026894,-1.4389976551020887
CSO-17-11A-NPAHE-CorrEtiq.txt,0.0,0.0,0.0,7.791998730851729,-1.6414607995789006,-1.7333911925210774,-1.6597501275762006,-1.1257085808757368,0.0,0.8725237886778759,0.0,-3.555742183989481,0.08854052831928719,0.9075535228040122,-0.6313593207054085
CSO-17-11A-RLPAIG-CorrEtiq.txt,0.0,0.0,0.0,7.276878927162225,1.4499754207086857,0.06338170344260607,-0.2255680402519341,-1.3673987467787343,0.0,-0.6383782658957935,0.0,-4.993230023770014,-0.0610354048603279,1.4590992400873786,-0.4594964791191204
CSO-17-11A-SPUVA-CorrEtiq.txt,0.0,0.0,0.0,8.16391685309852,-2.2880909684425093,-1.2295684700800482,-2.3560092296963404,6.126251199641005,0.0,0.7081627951236144,0.0,-4.469172837485149,0.12404830100998245,1.5531411793163432,-0.5863827724721014
CSO-17-11B-CDBEBU-CorrEtiq.txt,0.0,0.0,0.0,6.099960175905983,0.9772523937818295,-1.529788448082494,-1.5167612605667555,-0.022529659313330508,0.0,0.6538611725729209,0.0,-2.6192547918263784,-0.007146433631823305,1.687493027304791,0.31048741147579934
CSO-17-11C-JDAAG-CorrEtiq.txt,0.0,0.0,0.0,6.004660537115615,-0.8259274776532184,-1.788281974226264,-1.3686683726119806,0.5268600586949618,0.0,0.4118991507020928,0.0,-1.9223068112408803,-0.5411463173621561,0.5986286439084479,-0.6796080451411628
CSO-17-11C-MAPAMA-CorrEtiq.txt,0.0,0.0,0.0,5.5185705799587526,-0.7436147144719712,-0.6449350659842629,-1.0905320472599767,1.8282021368166699,0.0,-0.07422819559584926,0.0,-3.1309376812652743,-0.4138198023050399,0.5486377505777075,0.2368877822122244
CSO-17-11C-MCAAG-CorrEtiq.txt,0.0,0.0,0.0,8.641025318903266,0.11607358016131841,-1.4730705683893537,-1.0718698236109696,1.3985638344984619,0.0,-0.38626514457337,0.0,-4.033240611537613,0.34976074870363194,1.8506993750599832,-1.2232806901858109
CSO-17-11C-SARJA-CorrEtiq.txt,0.0,0.0,0.0,7.1544495572481415,-1.201247387004222,-1.5316635558804803,-1.7242643596258649,3.0602943201774244,0.0,0.2503939477486496,0.0,-2.6150441437615353,0.3541650767835108,1.1281407894270132,-0.8045004936033807
CSO-18-11A-ADBAHO-CorrEtiq.txt,0.0,0.0,0.0,6.77287121989579,-1.3102644959960974,-1.8203515976722813,-1.1575655194036198,1.513453845179921,0.0,-1.540207287492451,0.0,-2.6486592118018435,0.3277308461489128,0.35082288435159986,0.728479826498473
CSO-18-11B-YLLRE-CorrEtiq.txt,0.0,0.0,0.0,7.699710785184502,-0.059065432790174996,-1.8235215726993979,-1.5407257786397879,0.09513347835755288,0.0,0.37856152115392294,0.0,-2.9841396550480783,0.632508279839123,1.5866739607311247,-0.563090230703959
CSO-18-9B-MAMOLO-CorrEtiq.txt,0.0,0.0,0.0,9.572947213926879,2.239712273976084,0.24245324526894618,-0.10848873056521091,2.4582875654254903,0.0,-0.24660502221572145,0.0,-7.543136745560485,1.5928296322342343,4.416024914129658,-1.0094882458821068
CSO-8-3A-AIPRBR-CorrEtiq.txt,0.0,0.0,0.0,8.160588157568375,-2.1425508151155466,-0.7734754880584035,-2.3869771024099546,4.187788918222367,0.0,0.32265755920664,0.0,-4.1410597056311085,0.09728688733694545,1.585348828390326,-0.6210930077478816
CSO-8-3A-DAPAVA-CorrEtiq.txt,0.0,0.0,0.0,7.8471426047471775,0.9957874428946835,-0.19393432491341436,-0.8434232597507237,1.838979245254804,0.0,-0.09850514961377722,0.0,-5.210239498336777,0.8598547922170896,2.950537538143285,-1.5867552203503401
CSO-8-3A-KVPECO-CorrEtiq.txt,0.0,0.0,0.0,8.841091971714315,-2.8952864585544313,-1.1643876278719665,-3.290363540144938,1.8147467436744806,0.0,0.6371445349490489,0.0,-4.824945106709241,0.0733410938658822,0.5936059770321699,-0.4582649884172878
CSO-8-4A-ARAGR-CorrEtiq.txt,0.0,0.0,0.0,6.602617431855877,1.660672001269251,-0.6475964720768481,-1.3408595595693322,1.6556624377769182,0.0,1.4598513017121244,0.0,-3.7231163453621434,0.18110745209516801,1.5284935238034258,-1.477637011917472
CSO-8-4A-JRAAR-CorrEtiq.txt,0.0,0.0,0.0,7.113583633244421,-1.4955076721404696,-1.7386823858758824,-2.7856676968867693,1.3485736252175176,0.0,0.6142013126251286,0.0,-3.2312520593078276,-0.8143090506546318,-0.17038773004737118,-1.7622108832113839
CSO-9-2A-EXMOCO-CorrEtiq.txt,0.0,0.0,0.0,9.713480228162021,-0.815966213855683,-1.7111716739669378,-1.557930636903694,1.646110104182274,0.0,-0.7185505653215314,0.0,-5.8993822445348965,0.6615143146185447,2.306188781450126,-0.8616946710873103
CSO-9-4A-AGAPE-CorrEtiq.txt,0.0,0.0,0.0,7.817808853124663,0.2146461774468738,-1.6338493820292757,-1.2319531394725398,1.433615842167736,0.0,0.05457602347048775,0.0,-3.7869849923276084,0.4636692021739581,2.1181911505245044,-1.9322042150926255
CSO-9-4A-DKVIMO-CorrEtiq.txt,0.0,0.0,0.0,8.74206820407668,-2.3321346945392647,-1.6792802965931264,-2.565104713807373,1.7501355512289962,0.0,-0.9670418237901619,0.0,-4.256555709892361,1.6991542455773425,2.1125862478297646,-1.1386869595792877
CSO-9-4A-DSMOMU-CorrEtiq.txt,0.0,0.0,0.0,8.065169831183562,-0.7822426738661343,-0.017786559372081304,-1.525893842971271,-1.2827122180480888,0.0,-0.19271855027027662,0.0,-3.5741877148316816,0.4336501576587324,1.6890817480768818,-0.42734855961144025
CSO-9-4A-DVGATO-CorrEtiq.txt,0.0,0.0,0.0,8.535601675343816,-0.1176740946717229,0.9689545537849946,-1.4512949156619381,1.6390048082903248,0.0,-1.7696643269303642,0.0,-5.197551110093093,1.954661668575719,2.4738835283927094,-1.781753654765716
CSO-9-4A-EGCAMO-CorrEtiq.txt,0.0,0.0,0.0,8.685947958164817,1.4985167953294098,-1.033074479331044,-1.357024122213016,1.125247869101699,0.0,-1.0482281362477475,0.0,-5.064759477253239,1.6366521435983608,3.0866152561958358,-1.2205645536362715
CSO-9-4A-FAGIGA-CorrEtiq.txt,0.0,0.0,0.0,6.277503469081143,1.1390670172938182,0.7959170485242297,0.4050797907799078,3.0793279544114585,0.0,-0.7826299285243178,0.0,-5.698066443982492,1.0131662735149058,1.8981972088332038,-0.595764855597773
CSO-9-4A-GSBRCO-CorrEtiq.txt,0.0,0.0,0.0,9.883771764082725,-1.857568253243006,0.4759673266486799,-2.8653410406666358,6.495725840464749,0.0,-0.6233879143931252,0.0,-6.125163453286229,0.6152351993698303,2.4857132265018715,-1.493753805892902
CSO-9-4A-KEMOCO-CorrEtiq.txt,0.0,0.0,0.0,6.8989297720146565,-2.106246220696283,-1.4022793889483953,-2.41879106291178,2.239999259439441,0.0,0.359728466854437,0.0,-2.7901401122864455,0.18610957470213677,0.5250133538006333,-0.4090679010932187
CSO-9-4A-LCOMO-CorrEtiq.txt,0.0,0.0,0.0,7.018990983911334,1.3201772624615071,-0.5074853250203559,0.2229741540473518,0.5229892221110236,0.0,0.4953527583287316,0.0,-4.210038637099143,1.1388771846137382,1.5081289011081036,-0.5356873265904937
CSO-9-4A-MLORO-CorrEtiq.txt,0.0,0.0,0.0,7.849814124536305,-2.6160768392261744,-1.1784279246490301,-2.9159985896229026,7.589183275041041,0.0,-0.9711702444554577,0.0,-3.1780634806656294,0.8440697496855896,1.5715438182334913,-1.3381212323351372
CSO-9-4A-MPAME-CorrEtiq.txt,0.0,0.0,0.0,9.30684221811528,0.29954186789253584,-1.3524609217595105,-1.7835522755377453,-2.5622870813623426,0.0,0.7177405625652813,0.0,-5.065419692234445,-0.10264194434005001,1.8910789091041014,-2.48876410590509
CSO-9-4A-NSARPA-CorrEtiq.txt,0.0,0.0,0.0,6.407484024193121,-1.4046065405264467,-1.150124239607113,-1.107438837668145,0.4349037087272363,0.0,0.3759577176418709,0.0,-3.1495075562982673,0.2717499193760619,0.9353780656862534,-2.2350691161400364
CSO-9-4A-SLOCA-CorrEtiq.txt,0.0,0.0,0.0,8.242501073811301,-2.802623882277031,-1.0872652155769245,-2.9339323208717207,7.447954482588483,0.0,0.11128842561439556,0.0,-4.21906861854438,0.7275797853063319,1.7949780433371334,-0.06651442211533193
CSO-9-4A-YVDITR-CorrEtiq.txt,0.0,0.0,0.0,9.114912703053305,-2.399388154403927,-2.434610654202919,-3.5722739301481248,7.44031172649994,0.0,-0.24433770664322507,0.0,-4.965741028548233,1.6932782856136344,3.9262378590498455,-1.1671491188661764
