file,z_wc,z_nodes,z_edges,z_re,z_pe,z_l1,z_l2,z_l3,z_lcc,z_lsc,z_atd,z_density,z_diameter,z_asp,z_cc
CDMS-10-4A-JURAN-CorrEtiq.txt,0.0,0.0,0.0,2.1343747458109497,0.18900220820733832,-0.8641744834506976,-0.27877779919430234,0.4210526315789473,0.0,0.28057778348729195,0.0,-0.4114583408323406,-0.1650329884804182,-0.11440503147377128,-0.09299295015780967
CDMS-10-5A-HEPIHO-CorrEtiq.txt,0.0,0.0,0.0,2.4784787961282104,-0.5490930167806269,-0.831784016934645,-0.5917103896580724,-0.23165410693030877,0.0,0.41763136958657066,0.0,-0.08298658044146744,-0.28336686856863247,-0.22952544397825236,-0.29302455816655726
CDMS-10-5A-KSRAGU-CorrEtiq.txt,0.0,0.0,0.0,2.6996034657598127,-0.8174268373083815,-0.12211882515199594,-0.822158338849152,-1.0891389460830636,0.0,0.37077216682650793,0.0,-0.7111637665776251,-0.23573171883355382,0.13541120889231867,-0.5714751886589945
CDMS-10-5A-SROPU-CorrEtiq.txt,0.0,0.0,0.0,4.201989578510452,0.21877338852188338,-0.8789200363050959,0.03782347372361172,-0.7720346004719034,0.0,-0.03367717292714501,0.0,-1.4757295747452408,0.6900644733423822,1.3897089518236652,-0.4036183932541748
CDMS-10-5A-SZURO-CorrEtiq.txt,0.0,0.0,0.0,3.869565217391304,-0.7737747913126826,-0.8442764512149192,-0.7995428410633088,-0.6488856845230502,0.0,0.11599558002016958,0.0,-0.5238082091093824,0.16925626789702897,0.33262738307200357,-0.4892001460440857
CDMS-10-5B-SRAJA-CorrEtiq.txt,0.0,0.0,0.0,2.5372362643279063,-1.1457116071894509,-1.007648294978144,-1.1812157358485564,-0.1325757075178812,0.0,0.29292504970685324,0.0,0.01313177538437077,-0.09340289249886097,-0.1555454153445181,0.03380353363597702
CDMS-10-5C-DAAUSA-CorrEtiq.txt,0.0,0.0,0.0,3.023736456015579,-0.180254291020581,-0.9377934037116497,-0.5105875710742397,0.6506943621315118,0.0,0.15001879655133948,0.0,-1.0084103823876585,0.2534326486829111,0.6051517974643508,-0.36791942323406135
CDMS-10-5C-ICAPA-CorrEtiq.txt,0.0,0.0,0.0,1.2290078319709867,-1.9453016022005858,-1.5227352379465573,-2.157814802848868,1.029583123340459,0.0,0.6029122564850171,0.0,1.8873088614309528,-0.9219453248273854,-1.48159051418666,1.6025873676417375
CDMS-10-5C-JFALGI-CorrEtiq.txt,0.0,0.0,0.0,2.455310465399528,-0.9532896799882666,-1.1640455086819415,-0.9482237441613042,-0.15285150867236375,0.0,0.23933789054011603,0.0,-0.025936868683019684,-0.04932636236669883,-0.10458240526738967,0.25580232591078156
CDMS-10-5C-MAORTO-CorrEtiq.txt,0.0,0.0,0.0,3.6713426143635663,0.2673752438173551,-0.41103938084062,-0.4954831788188616,0.4306163618897009,0.0,-0.13690874613703224,0.0,-1.5695190293225032,0.47764431437959304,0.8313702107293273,-0.6293933986938558
CDMS-10-5C-NBEMO-CorrEtiq.txt,0.0,0.0,0.0,4.36909374476925,-0.48652674699673704,0.22033898305084748,-0.4782608695652173,0.19778727057365955,0.0,-0.030221020775882502,0.0,-1.6654083300081037,0.5100566773959195,1.1657037327674258,-0.40216090821365325
CDMS-10-6B-ASCACO-CorrEtiq.txt,0.0,0.0,0.0,2.922933957497891,-1.1550969340793582,-1.1132993573829544,-1.1796689508218368,0.45356652237531797,0.0,0.3167151525011282,0.0,0.015445322874314726,-0.28102503954972025,-0.4026389236716452,-0.2450155081291225
CDMS-10-6B-JJMOBE-CorrEtiq.txt,0.0,0.0,0.0,3.4854807574000652,0.1198142949404933,-0.9428749748915242,0.0,-0.6626382513599866,0.0,0.12976979358246904,0.0,-0.8271313189195606,0.04474729894246245,0.09216182333758464,-0.7892389689293173
CDMS-11-4A-GACHSA-CorrEtiq.txt,0.0,0.0,0.0,4.275023432229686,-0.6426606200615042,-0.753472216053747,-0.8666631792709196,0.27220053443981007,0.0,0.22812240783965243,0.0,-1.4036726932240904,0.4242596539622235,0.7942166630632848,-0.31514227033258
CDMS-11-5A-EAARCA-CorrEtiq.txt,0.0,0.0,0.0,3.2924330856131303,-0.8020217968245419,-0.8873002901000626,-0.8154505933250771,0.4230735788030059,0.0,0.33130862500578045,0.0,-0.2521227803811088,0.08646261336017685,0.039987436881983,0.09921623614854146
CDMS-11-5A-MGTHAR-CorrEtiq.txt,0.0,0.0,0.0,4.382693235899588,-0.3380559595253736,-0.9271726499455307,-0.7541538818534391,-0.5600470591856491,0.0,-0.07720914364821665,0.0,-1.7131516249680683,0.7679871292663026,1.109247270911717,-0.908887174382238
CDMS-11-6A-DFVEBE-CorrEtiq.txt,0.0,0.0,0.0,1.6974745884217992,-1.0239256572603521,0.4474508244803864,-1.0337900932610113,-0.8605082875142454,0.0,0.22345328630673272,0.0,-0.40704175411650534,0.28953893428106725,0.18830538761492902,-0.6047363159161655
CDMS-11-6A-NMREPR-CorrEtiq.txt,0.0,0.0,0.0,4.349644619913374,-0.9214830334719799,-0.9131355044132206,-0.9281879981968932,-0.7644230596279298,0.0,0.2553979568329604,0.0,-0.6373126668227775,0.14623743991579566,0.35380485708801646,-0.6733168708102035
CDMS-11-6B-ARAHE-CorrEtiq.txt,0.0,0.0,0.0,3.9366373558111225,-1.0751149501119048,0.09408562089300336,-1.0896917687205159,-0.6720850086221434,0.0,0.11709258303150903,0.0,-1.1547123071223586,0.2946265489880089,0.6525625913138153,-0.8927846734329534
CDMS-11-6B-AVROTO-CorrEtiq.txt,0.0,0.0,0.0,3.951456415683958,-0.9585697393113601,-0.8630080196921527,-0.9683245359001784,-0.44151691888675265,0.0,-0.06512751055051348,0.0,-0.48502253440212184,0.5360254620869572,0.4557416949227875,-0.24894671811859648
CDMS-11-6B-EAFESA-CorrEtiq.txt,0.0,0.0,0.0,4.349617062595743,-0.5243342889332725,-0.831784016934645,-0.5915167019106973,-0.1443972902478612,0.0,0.14981285083167706,0.0,-1.3355407672696606,0.3700096903833638,0.7789018601344653,-0.3700982074482279
CDMS-11-6B-EFRGR-CorrEtiq.txt,0.0,0.0,0.0,4.267271510567088,-1.039173248185988,-0.6039789592896838,-1.069897976632781,2.292148020375881,0.0,-0.03858114781903334,0.0,-1.4385661269437882,0.615334295095219,1.2207526775497257,-0.38181970181211966
CDMS-11-6B-EROCO-CorrEtiq.txt,0.0,0.0,0.0,2.8879892020280935,-0.7474623525147723,-0.913408101775968,-0.8132048803456078,0.1251057818594253,0.0,0.08249787582166873,0.0,-0.5866392206519244,0.3150413262827383,0.3870033658511325,-0.9653853697978372
CDMS-11-6B-JACUPE-CorrEtiq.txt,0.0,0.0,0.0,2.6688574598866204,0.14719895167008132,0.6090426730968618,-0.10837541618611864,-0.8693112184137621,0.0,-0.17683804595519131,0.0,-1.8815067436052741,0.658611386604971,1.4323531299801937,-0.659720664999438
CDMS-11-6B-JDCHBA-CorrEtiq.txt,0.0,0.0,0.0,3.574755640290505,0.6834513884510168,0.0940720868383597,0.17277368511627197,-0.37693422898831663,0.0,-0.04476614810358515,0.0,-1.8818868539782294,0.6368447008596633,1.3275786720892722,-0.5318333040240009
CDMS-11-6B-JFSAHE-CorrEtiq.txt,0.0,0.0,0.0,2.7017290087941674,-0.13061220582115296,-0.8799796783798599,-0.06777127099493727,-0.687017422890135,0.0,0.32416335332281493,0.0,-0.40932886848671635,-0.11859636582333853,-0.015976307236773478,-0.8860615409231792
CDMS-11-6B-JLPENA-CorrEtiq.txt,0.0,0.0,0.0,1.163677508112272,0.3539352191498415,-0.08441830560361141,0.2863159109406661,0.4951875684721383,0.0,-0.2522803130786962,0.0,-0.8305395344999212,0.6258106200660412,0.7629834370392194,0.05295501333320062
CDMS-11-6B-JMARME-CorrEtiq.txt,0.0,0.0,0.0,3.1797973380564857,0.14980179885562045,-0.911322376865767,-0.24843460438171525,-0.010721741558129215,0.0,0.1731643127952442,0.0,-0.9107233530411205,0.27219535496952924,0.5434568313169191,-0.1323884620090687
CDMS-11-6B-JPSAMA-CorrEtiq.txt,0.0,0.0,0.0,2.978279123275383,-0.08554148084350692,-0.816496580927726,-0.29545988024037595,-0.8374696380040632,0.0,0.21486584521831759,0.0,-0.8708059593156456,0.3470812717636126,0.3732023511575036,-0.7286087863392223
CDMS-11-6B-LESTA-CorrEtiq.txt,0.0,0.0,0.0,3.5923525831078127,-0.9437604039856253,-0.9668930133465106,-0.9520125133201606,-0.20390356858272124,0.0,0.04342156057037706,0.0,-1.0700403262014015,0.2860633825337724,0.5022794852576873,-0.49204644182786633
CDMS-11-6B-MAGIMU-CorrEtiq.txt,0.0,0.0,0.0,3.518861538089065,-0.1353881047219574,-1.0841851202794328,-0.44259736192197197,1.1066362615599477,0.0,0.31576614160173233,0.0,-0.752026822185503,0.11310068775408251,0.09772976348038934,-0.10832424963656875
CDMS-11-6B-MEBRTA-CorrEtiq.txt,0.0,0.0,0.0,2.2052300105940796,0.6112498455021266,-0.18110745209516796,0.22215639281017205,-0.5337641525569861,0.0,0.31813544885725087,0.0,-1.4569897941622934,0.6099049111854586,1.0616297472065304,-0.5135120689396093
CDMS-11-6B-MMAMO-CorrEtiq.txt,0.0,0.0,0.0,2.2912878474779204,-0.7838914292818966,-0.8474034261318016,-0.7869391982470799,-0.7888883784951475,0.0,0.27876031488944186,0.0,-0.29292504970685407,-0.11503946170861028,-0.1434530427742444,-0.6906460132585153
CDMS-11-6B-RSECA-CorrEtiq.txt,0.0,0.0,0.0,3.071618472560436,0.26926384703177675,-0.9612114301831955,-0.4749076454898274,-0.6422179395713261,0.0,0.28339678500739185,0.0,-0.5591024692647033,-0.2665408069624111,-0.09096002039550397,-0.26773602989580064
CDMS-11-6B-SCAPA-CorrEtiq.txt,0.0,0.0,0.0,2.8487986192342225,-1.0101521066460855,-0.9248972314762709,-1.0186488287024087,-0.3143366244732493,0.0,0.10685703656243632,0.0,0.18345065688956855,-0.07576470964094198,-0.11393905940036506,-0.8023904519995587
CDMS-11-6B-VZAPE-CorrEtiq.txt,0.0,0.0,0.0,3.773699928897193,0.8115026712006889,-0.7738257069169828,0.059912274402914356,-0.9712637737362704,0.0,0.0821620440405905,0.0,-1.6467114199429467,0.4255612320274539,0.8538540578795252,-0.7472611687566928
CDMS-11-6B-YLNIME-CorrEtiq.txt,0.0,0.0,0.0,2.5842195566980406,-0.8626987552279172,-0.9292888830732109,-0.8784483595563768,-0.8379490487863708,0.0,0.2857672054608346,0.0,-0.13803197528836225,0.022354680309584107,0.07193602668542387,-0.7961929656645731
CDMS-11-7C-ICARE-CorrEtiq.txt,0.0,0.0,0.0,4.556888814198287,-0.058376365729025104,-1.011865036718197,-0.20327196132620476,-0.4741912696777961,0.0,-0.2255330144788208,0.0,-1.3900208325452965,1.0398649708369634,1.5559856651110788,-0.257818282039073
CDMS-11-7C-IMOIB-CorrEtiq.txt,0.0,0.0,0.0,2.0029810718587293,0.14533818533424964,-0.6815371991715903,0.11855028938385234,-0.2089696803558728,0.0,0.2179221811217036,0.0,-0.6661911902843667,0.04093031662506375,0.1528070740002725,-0.46708974524937197
CDMS-11-7C-SALMA-CorrEtiq.txt,0.0,0.0,0.0,4.980191829105129,-0.7954222886136324,-1.0035885282785324,-0.8173068387245352,0.0780141043144831,0.0,0.20299583862796114,0.0,-1.1156791609367294,0.5317177459750324,0.7858986614782967,-0.4367704096447885
CDMS-11-7C-SPGAVE-CorrEtiq.txt,0.0,0.0,0.0,4.369280045943669,0.1336969553464759,0.7573401631618395,0.0361393327463851,-0.1650329884804182,0.0,-0.489417094249874,0.0,-2.2727272727272725,1.2438551710775774,2.059041883113057,-0.201768902530517
CDMS-12-5A-SRIGO-CorrEtiq.txt,0.0,0.0,0.0,3.732031290591872,-0.8476310935467436,-0.7776778782477499,-0.8502754786744449,-0.7865998269480571,0.0,0.12201829905050553,0.0,-0.8868336038506658,0.10050378152592117,0.20603269262523674,-0.6902858793518174
CDMS-12-6A-FAROPA-CorrEtiq.txt,0.0,0.0,0.0,2.0679037566136893,-0.8086085225823296,-0.7661234971598482,-0.8182158958853509,-0.8637641686037478,0.0,0.39363139898626487,0.0,-0.4365088028031393,-0.40563165799132483,-0.27723293060678134,-0.9197827285860327
CDMS-12-6A-JGIGA-CorrEtiq.txt,0.0,0.0,0.0,2.020916891934224,0.30241780688471953,-0.9690177247846499,-0.08481889296799716,-1.0412191885898787,0.0,0.21096207113762014,0.0,-0.4324365411626423,-0.15681251204679514,-0.04522986154048723,-1.1148223944077793
CDMS-12-6A-JSOTGU-CorrEtiq.txt,0.0,0.0,0.0,3.5236692027337497,-1.1385543072628672,-0.9090596228658976,-1.1581276517613412,0.19363806013800883,0.0,0.0483286127957646,0.0,-0.7255186061403132,0.3076685549432526,0.5357319823183133,-0.3044527168421526
CDMS-12-6A-SROAL-CorrEtiq.txt,0.0,0.0,0.0,1.8297065576087663,-0.6581817799006906,-0.8667576991340378,-0.6604094763153483,-0.5881660059194037,0.0,0.3610554257897951,0.0,-0.33346183542280783,-0.3227277236642738,-0.18345370296658797,-0.2753516825495709
CDMS-12-6B-IJDAGA-CorrEtiq.txt,0.0,0.0,0.0,2.842320061533206,-0.3192133140884882,0.9268394683255277,-0.26670619372876225,0.5954386430131093,0.0,-0.00661727039761721,0.0,-1.6586708519026732,1.20819629077649,1.6186277553068207,-0.5407192781336767
CDMS-12-6B-SCLAG-CorrEtiq.txt,0.0,0.0,0.0,3.653789882493951,0.24315264108002382,-0.03782347372361172,-0.12790047916982578,-0.048564293117863255,0.0,-0.015411794913267583,0.0,-1.5126439685964241,0.5851938775882464,0.9214136389837099,-0.3234634251489018
CDMS-12-7C-ARAHE-CorrEtiq.txt,0.0,0.0,0.0,1.8073922282301278,-0.25840283834906125,-1.1358152736593492,-0.24426598437301575,1.3018585486723102,0.0,0.3547874375934504,0.0,-0.24876111929095615,0.09407208683835941,-0.018608497351728124,0.09717392268761368
CDMS-12-7C-CATRAR-CorrEtiq.txt,0.0,0.0,0.0,3.5318164241846226,-0.5761659596980317,-0.9114074914990773,-0.5696519211398117,0.11412537853628,0.0,0.3772873666073034,0.0,-0.6769405236097877,-0.07706279322804958,0.16852281159363627,-0.2897947329651233
CDMS-12-7C-DLOLO-CorrEtiq.txt,0.0,0.0,0.0,3.6238767871640123,-1.1941005027976794,-1.0425720702853738,-1.2222222222222223,-0.06010829247756463,0.0,0.24580324552721924,0.0,-0.355417024746725,0.2531721631939906,0.42951700544418137,0.20155996812578023
CDMS-12-7C-JSZAOR-CorrEtiq.txt,0.0,0.0,0.0,1.1036292244888017,0.02041666843894701,-0.8367811998831766,0.04533760534452785,-0.4293937601787079,0.0,0.43359809338636485,0.0,-0.1748000381457151,-0.6535212469735882,-0.3943656543517442,-0.5298100867234399
CDMS-12-7C-MAROBE-CorrEtiq.txt,0.0,0.0,0.0,3.6838553519678836,0.11215868018814715,-0.8675057934084625,0.030471922461559463,-0.14780686796973502,0.0,0.15462808077331813,0.0,-0.48999184958001385,-0.12446692735585907,-0.1308704246039999,-0.06980795040594226
CDMS-12-7C-VMAPA-CorrEtiq.txt,0.0,0.0,0.0,2.9876967023535936,1.481969006896502,-1.0523690365801723,-0.25517465953895163,-0.49235402225042735,0.0,0.33109848737705083,0.0,-0.6013264673345646,-0.09357914702029622,-0.10637173362568511,-0.3104069350957279
CDMS-12-7C-VQURA-CorrEtiq.txt,0.0,0.0,0.0,4.151579283032284,-0.38517349511712884,-0.9110695315901541,-0.37751891964577433,0.6744080447000451,0.0,-0.006104117390803443,0.0,-0.9487627828764371,0.49148889294542564,0.795206915005758,-0.2595472833021
CDMS-13-6B-ASUMO-CorrEtiq.txt,0.0,0.0,0.0,1.314812588072943,-0.7521778770410503,0.016767873044317216,-0.758911235555776,1.1050742107847418,0.0,0.03116745270697656,0.0,-0.2628843501473378,0.6411738582234978,0.4180678812153916,0.21775243964543486
CDMS-13-6B-JDTAHE-CorrEtiq.txt,0.0,0.0,0.0,3.3533992622522435,-0.5380991092935334,-0.1187611382129883,-0.48251563907954936,0.5930015064200439,0.0,0.07144882623443045,0.0,-0.9432185134978223,0.20230928519772104,0.5855402150026844,-0.022993157051140044
CDMS-13-7C-MVEAR-CorrEtiq.txt,0.0,0.0,0.0,2.6873185291251374,-1.071033047266206,0.48432210483785265,-1.0822335215218835,-0.47421716014794824,0.0,0.21926815251734108,0.0,-0.9835732952259179,0.2455450358695751,0.4622487417128169,-0.4150546760054565
CDMS-13-7C-RAIZAC-CorrEtiq.txt,0.0,0.0,0.0,3.4358227615493333,2.206394545130535,-0.7323338372368241,0.6689647316224496,-0.702557018636262,0.0,0.37647758890925026,0.0,-1.2958625815949025,-0.00975946547700209,0.4372439013220157,-0.7514643537165964
CDMS-13-7C-SSOSLO-CorrEtiq.txt,0.0,0.0,0.0,3.229168359655187,-0.8405264074603636,-0.21873499496636095,-0.8731920031544133,0.6633505922083881,0.0,0.06337242505244643,0.0,-1.0730791664324255,0.4856292982049864,0.8178075130072165,-0.19238108795812156
CDMS-14-10A-IMORTO-CorrEtiq.txt,0.0,0.0,0.0,4.051907106365849,0.2734977178877184,-0.9289774471399245,-0.055807071554870205,-0.4099369489299868,0.0,0.20688896963796333,0.0,-1.1253496011119244,0.33408826013492565,0.8145877866330081,-0.47373691256830636
CDMS-14-10A-JCVANI-CorrEtiq.txt,0.0,0.0,0.0,1.8322612478187175,-0.49170515840695184,-0.7624928516630234,-0.5570860145311556,-0.8029550685469663,0.0,0.1701596170833529,0.0,-0.3385995887898593,0.09779720499582135,0.15936973347184022,-0.742722165942088
CDMS-14-5A-LSDUCO-CorrEtiq.txt,0.0,0.0,0.0,3.526022663128461,0.36410102732823063,-1.0361589402632292,-0.21021447651902386,0.45714439920786054,0.0,0.0866070245860411,0.0,-1.239345753943849,0.2968826061393192,0.6654218252940015,-0.16311633321237176
CDMS-14-6B-KDCAHE-CorrEtiq.txt,0.0,0.0,0.0,3.339518651213969,0.6818745199316947,-0.08134946699822976,0.18193879825969692,0.2704776252524019,0.0,-0.13403237170812599,0.0,-1.5366417791760822,0.4340782334964728,0.8621791027546152,-0.2868971103653814
CDMS-15-10A-AMALOS-CorrEtiq.txt,0.0,0.0,0.0,2.2279453444856467,0.24542526091865186,0.12635334150137517,0.0,-0.899707243497644,0.0,0.08491993403422043,0.0,-1.4909512416094148,0.061210328277954,0.5116195305730464,-0.950233002052508
CDMS-15-10A-JJMACH-CorrEtiq.txt,0.0,0.0,0.0,2.586949495507729,-0.6409831055487921,-0.728645783975875,-0.6781253679066579,-0.03888078956798698,0.0,0.22109141647953823,0.0,-0.5329123300426425,0.19202131792026425,0.38298469402081686,-0.5342364448585052
CDMS-15-10A-MAALCA-CorrEtiq.txt,0.0,0.0,0.0,2.2912878474779204,0.09754385649275035,-0.7874625776618156,-0.3590796924053141,-0.1101322740356381,0.0,0.33096327833673755,0.0,-0.5665746342060822,-0.10443875476443301,0.007089941521179054,-0.16570618643344678
CDMS-15-10A-MAALRI-CorrEtiq.txt,0.0,0.0,0.0,3.1797973380564857,0.8201112292576651,-0.7318131069773112,0.3704347453400656,-0.8026891445070249,0.0,0.06538408867715723,0.0,-1.3672933796363433,0.5268739147893607,0.7246841075833298,-0.7503015720474022
CDMS-15-10A-SGOMO-CorrEtiq.txt,0.0,0.0,0.0,3.20858365052181,-0.9455627445068087,-0.8345963518455867,-0.9609139494906218,-0.15578505846083665,0.0,0.043118360377732194,0.0,-0.4266205413735172,0.020583278667100496,0.11289951001056953,-0.12512345083565116
CDMS-15-10A-SHEGA-CorrEtiq.txt,0.0,0.0,0.0,1.2518687959344637,-0.13842609285248234,-0.9442124372937264,-0.12940289237539299,1.022014307088868,0.0,0.22083559423711924,0.0,0.14174858653088013,-0.0486457857433199,-0.08033473483549336,0.63270940339405
CDMS-15-11B-JEMOLO-CorrEtiq.txt,0.0,0.0,0.0,4.066513795226089,-0.6108555402051817,-0.7325465180877166,-0.6329494870189858,-0.28649176811263066,0.0,0.059409790826937536,0.0,-1.203828038847094,0.39530398075186146,0.6710714891507961,-0.5557207840403149
CDMS-15-11B-VSAHO-CorrEtiq.txt,0.0,0.0,0.0,4.898979485566357,-0.4651765735269336,-0.7917797542729768,-0.7158599835262722,-0.3470054135380452,0.0,0.2531721631939906,0.0,-1.2627099074590815,0.2752286038943146,0.6029141539555792,-0.744697712009075
CDMS-16-10A-SGALO-CorrEtiq.txt,0.0,0.0,0.0,3.043359926812541,-0.1582543491159896,-0.7903974288625808,-0.13978590819347297,0.21480489377909107,0.0,0.14522413815354895,0.0,-0.622140743935269,0.28483785559366337,0.4406421725937859,-0.20802587944473222
CDMS-16-11B-NGABE-CorrEtiq.txt,0.0,0.0,0.0,2.4784787961282104,-0.3392544593839082,-0.8260561574345486,-0.4096110541601491,-0.7793252697074516,0.0,0.16338312389759863,0.0,-0.5488212999484536,-0.02420378237857515,0.11701545091129496,-0.7310611743909784
CDMS-17-10A-ASSAMO-CorrEtiq.txt,0.0,0.0,0.0,2.4784787961282104,-0.7428041493700419,-0.8090895879409022,-0.7428041493700419,0.32338228304873934,0.0,0.42363049627221466,0.0,0.10902852279917562,-0.27505630353741545,-0.151508252612815,0.1600304635157706
CDMS-18-7C-VVECA-CorrEtiq.txt,0.0,0.0,0.0,3.506849715871398,-0.27829351188080154,-0.9622504486493763,-0.4703260372899142,-0.9816772665444794,0.0,0.08519497621776086,0.0,-0.8014866404214257,0.10369516947304215,0.10416853957796465,-0.6183478164112641
CDMS-8-4A-DBEVA-CorrEtiq.txt,0.0,0.0,0.0,2.844452335847639,-0.7412493166611012,-0.6451416204711965,-0.8477067787673417,0.8601793595076359,0.0,0.11624763874382024,0.0,-0.5520524474738828,-0.11280056649047124,0.05071411057675396,-0.6813522058745624
CDMS-8-4A-DJAVDA-CorrEtiq.txt,0.0,0.0,0.0,2.6146000845979347,0.3222292925997204,0.8170953159571197,-0.3598886219185078,-0.5609457061753892,0.0,-0.157604610519231,0.0,-1.820591645238256,0.39622641509433953,0.888970448464069,-0.8705781245760384
CDMS-8-4A-DOSTR-CorrEtiq.txt,0.0,0.0,0.0,3.668996928526714,-0.2929408827230811,-0.8020217968245419,-0.4633072207496406,0.7330112472449657,0.0,0.0,0.0,-1.4437156718355384,0.437026053376203,0.824689595652138,-0.30017696367856905
CDMS-8-4A-LGOPA-CorrEtiq.txt,0.0,0.0,0.0,3.6289058371438867,0.8118379755508293,-1.0287182135909685,-0.04127441717064966,1.0197732904505046,0.0,0.1420834773626939,0.0,-1.6043129015791828,0.9977401101057177,1.3832720859879346,0.1690394020316014
CDMS-8-4C-JDBUTU-CorrEtiq.txt,0.0,0.0,0.0,3.6646187946833146,0.42903250608892923,0.382949831342549,-0.12635334150137528,-0.2091658943358368,0.0,-0.11558003138542072,0.0,-2.0859722835395833,0.4697154765961316,0.9223963753384617,-0.6165296585734839
CDMS-9-4A-ACDUTR-CorrEtiq.txt,0.0,0.0,0.0,2.0068382373923934,-0.8929426068533082,-0.6078031200425501,-0.9047729523922334,-0.10526200528584717,0.0,0.22160825158677439,0.0,-0.6153363104176512,0.07489280193332531,0.21292818385999562,-0.3532950153187744
CDMS-9-4A-CARGA-CorrEtiq.txt,0.0,0.0,0.0,3.158554106685931,-0.8965620376961787,-0.9257013443419793,-0.9038534559013698,0.22121584651282994,0.0,0.18056134693062886,0.0,-0.37145657558583145,0.14772050689090538,0.25773077294119545,0.06929339132668075
CDMS-9-4A-CRAAG-CorrEtiq.txt,0.0,0.0,0.0,3.600879546538546,-0.5351200496725209,-0.7092993656151905,-0.6566418819548892,1.772316081989476,0.0,0.09492016261736229,0.0,-0.7078926011525303,0.3656971181598903,0.337582392869616,0.17250866213298535
CDMS-9-4A-EROHI-CorrEtiq.txt,0.0,0.0,0.0,3.653789882493951,-0.8820528563409963,0.23526341093116696,-0.8870090113462081,-0.3520102427690561,0.0,0.0788776014593653,0.0,-1.4419211804559513,0.6607759384845671,1.1431646024263769,-0.10029507336307039
CDMS-9-4A-ILOSE-CorrEtiq.txt,0.0,0.0,0.0,3.916258365159754,-0.9960824399344579,-1.1411919959078056,-1.0131334592993577,0.1575218170280454,0.0,0.18124998893768415,0.0,-0.4629107153870463,0.03997719628022156,0.25750891699753964,-0.7683317272466438
CDMS-9-4A-TGAFR-CorrEtiq.txt,0.0,0.0,0.0,3.6158608045820086,-0.09981328579709242,-1.092129364182635,-0.46287135902041054,1.425536756908469,0.0,0.1698143247147189,0.0,-0.9322936464482857,0.08820179953909972,0.3897501004740804,-0.5221895279991455
CDMS-9-4C-SCAMO-CorrEtiq.txt,0.0,0.0,0.0,3.1797973380564857,-0.7725782923982687,-0.6612416337794927,-0.7869391982470799,-0.6666666666666666,0.0,0.37748355563108493,0.0,-0.2847473987257537,-0.09807755407940352,0.13805438211029766,-0.6881864976172066
CDMS-9-5A-ABERO-CorrEtiq.txt,0.0,0.0,0.0,3.9417687407472064,-0.03188835287340333,0.03510223467829053,-0.5942337205241137,-0.753472216053747,0.0,-0.09642868391495693,0.0,-1.8945717193259384,0.7913820234376413,1.20754924079822,-0.8571241978271957
CDMS-9-5A-PAGACO-CorrEtiq.txt,0.0,0.0,0.0,2.297142032664576,-0.17140960409099126,-0.6810796460396777,-0.13313032666280097,0.04891199672633784,0.0,0.17233397292099617,0.0,-1.1433866625930658,0.42266131735171597,0.7300359244683006,-0.43028238407843233
CDMS-9-5A-VVAAR-CorrEtiq.txt,0.0,0.0,0.0,2.5780792204934047,-0.03905577320507076,-1.0671874568152966,-0.1367713681006891,-0.7127210139558894,0.0,0.3639555144671228,0.0,-0.8145856778682508,0.1031417252531747,0.2532191749385755,-0.1683541310072958
CDMS-9-5C-JDMADE-CorrEtiq.txt,0.0,0.0,0.0,4.600898931011356,0.19905987607546832,1.058622779262898,-0.22022828823649,-0.912632497033815,0.0,-0.5452920911052175,0.0,-2.5998659301886686,1.1890568934942176,1.8360414658097346,-0.6646719230465714
CDMS-9-5C-LVIZAC-CorrEtiq.txt,0.0,0.0,0.0,3.5842566655061914,-0.6847119940957642,-0.639395933509783,-0.650394926326736,1.162626546095763,0.0,-0.16882113898404374,0.0,-0.9807858241503227,0.7802719041157398,0.9383967450167274,0.021581067749103018
CDMS-9-5C-MLOGO-CorrEtiq.txt,0.0,0.0,0.0,3.156820749009882,-1.046292055952936,-0.19660900859152544,-1.0786387432600122,1.357744302593946,0.0,-0.11308281825797516,0.0,-0.7632932992826135,0.8379564621831642,0.9801576033187945,0.6070395374040957
CDMS-9-5C-SCAAG-CorrEtiq.txt,0.0,0.0,0.0,3.4053576401597008,-0.2521709348017295,-0.7170026469405832,-0.46427680389641773,0.13413185749239476,0.0,0.02814297924769244,0.0,-0.942244415755598,0.3079053496275098,0.3895607831129836,0.023460064646399124
CDMS-XX-10A-VGILO-CorrEtiq.txt,0.0,0.0,0.0,2.828632432852637,-1.001482580502749,0.531757758233164,-1.0151394643764762,-0.6018012991147081,0.0,0.1364782387869882,0.0,-1.1753285014372017,-0.012310081715208884,0.5679580088085097,-0.7356038751502934
CDMS-XX-5C-MJSARU-CorrEtiq.txt,0.0,0.0,0.0,1.3768897916346226,0.20583979138073555,-0.8501470224313161,0.22273118477315001,-0.6741687480052603,0.0,0.39181941180056246,0.0,-0.4373453766004486,-0.15356635293860804,-0.08565118555945883,-0.26864478900963806
CDMS-XX-5C-MPCAQU-CorrEtiq.txt,0.0,0.0,0.0,2.773087263352636,-0.7808688094430303,-1.0347929552219572,-0.8633538537567981,1.4420684983551408,0.0,0.11069596272715496,0.0,-0.12451456127293728,0.06415002990995819,0.18875562910608268,-0.06486691639221916
CDMS-XX-6A-MAGICA-CorrEtiq.txt,0.0,0.0,0.0,2.8531449026208064,-0.7269004605005988,-0.874329876391036,-0.7269004605005988,-0.6446583712203042,0.0,0.2750677402973713,0.0,-0.2425356250363388,-0.066202425480626,0.02213744773808675,-0.49359277062529594
CDMS-XX-6B-SPUCA-CorrEtiq.txt,0.0,0.0,0.0,2.296588740753224,1.063507307729884,-0.9485281761359625,0.24124024658229098,-0.18081649514092255,0.0,0.2614186607358981,0.0,-0.9134567752041438,0.06161773313527057,0.2658313735076856,-0.26537283481713214
CSO-10-4A-ICAPA-CorrEtiq.txt,0.0,0.0,0.0,2.9047799314085125,-0.03925889566622896,-1.036342341009624,-0.5719091953463005,-0.28553165483320797,0.0,0.08339919248212024,0.0,-0.7088251175226616,0.3035537867228647,0.4289835768334508,0.2280414003573486
CSO-10-4A-KCOMO-CorrEtiq.txt,0.0,0.0,0.0,3.252045946467971,0.2672612419124243,-0.8559493605980657,-0.23481812262849713,-0.6855683576301569,0.0,0.06681531047810468,0.0,-1.3834107020295054,0.5100255019126593,0.8052691601741145,-0.4293607471524824
CSO-10-4A-LRAVI-CorrEtiq.txt,0.0,0.0,0.0,2.3454497852154703,-0.24164883733207074,-1.460593486680443,-0.4902642425861001,0.47666442719913854,0.0,0.2581784123984299,0.0,-0.7419978393507214,-0.03146410812495748,0.16254794480035326,-0.025268257504435673
CSO-10-4A-LSCAVA-CorrEtiq.txt,0.0,0.0,0.0,5.049990479808239,2.250154183919194,-0.874329876391036,0.5773502691896258,0.1681595520969284,0.0,-0.32306137169315635,0.0,-2.0938737894048853,0.9857160402833803,1.3766258619460652,-0.0539198676394733
CSO-10-5A-ACAVA-CorrEtiq.txt,0.0,0.0,0.0,2.4830636511256414,-0.6877463849533246,0.30599503068105227,-0.6704145557163342,0.3793047767649806,0.0,0.2633448818800025,0.0,-1.058630253017079,0.2291666666666664,0.5109727942312494,-0.1655130293240736
CSO-10-5A-ARACA-CorrEtiq.txt,0.0,0.0,0.0,3.557543801177652,-1.0749131393001639,-0.45606462734385556,-1.0964122811346901,-0.9038547990345718,0.0,-0.23044892185153681,0.0,-1.3026705912037735,0.4122571864741569,0.633703065390488,-0.904159523324927
CSO-10-5A-DABRZA-CorrEtiq.txt,0.0,0.0,0.0,4.242640687119285,-0.12472961248890964,-0.8110668187778681,-0.4989453285538967,0.05045118750751461,0.0,0.07647191129018653,0.0,-1.7111548453298695,0.7758801774444579,1.1100302937376811,-0.7702027195679493
CSO-10-5A-GZAMA-CorrEtiq.txt,0.0,0.0,0.0,3.0043738247084084,-0.7325465180877166,-0.9271594545758568,-0.7276398258338015,0.05057415866009887,0.0,0.3433693324600703,0.0,-0.44360757519141975,0.0477364036194257,0.28128248314089,0.2304174987638699
CSO-10-5A-IPECA-CorrEtiq.txt,0.0,0.0,0.0,2.49404382963529,-0.7436936758116512,-0.9425557669712957,-0.7690179565839476,1.015386635355934,0.0,0.22744596117368848,0.0,-0.357218271825109,0.0,0.21251593786025263,-0.06820053926720984
CSO-10-5A-JANORO-CorrEtiq.txt,0.0,0.0,0.0,2.9852795971445882,0.8718127501157388,-0.8968659158620856,0.08220516160604874,0.3090747140143747,0.0,0.3258336978851281,0.0,-0.8111071056538119,0.015715424321988337,0.3954322619584218,-0.045212564217319194
CSO-10-5A-JBUVE-CorrEtiq.txt,0.0,0.0,0.0,4.0140631023134,0.07126458972459068,-0.7037457118127117,-0.3169524708432375,1.2057958419152688,0.0,0.11301119943141444,0.0,-1.388650290767942,-0.013679559992579814,0.5018091224362572,-0.13535370595129886
CSO-10-5A-JJSEMO-CorrEtiq.txt,0.0,0.0,0.0,3.6628690675512794,-0.9607689228305227,-1.1669000700233414,-0.9753301134742646,-0.03145027318612184,0.0,0.2892428938081673,0.0,-0.7023220500898357,-0.025828499910080755,0.17087371031210588,-0.7231751420666117
CSO-10-5A-JLCARI-CorrEtiq.txt,0.0,0.0,0.0,1.8932040958124017,-0.48624009815303154,-0.8221786020271294,-0.4259982161362048,-0.5607903041619835,0.0,0.39483114224826416,0.0,-0.9247705603974445,0.47372301673917677,0.9345989065171012,-0.5573648578163343
CSO-10-5A-MAARAN-CorrEtiq.txt,0.0,0.0,0.0,3.4465617474213164,-0.8389696242290767,-1.0443344488656943,-0.918518898565268,0.4074364874143688,0.0,0.1630626926784319,0.0,-0.5243382239429073,0.06545952273145025,0.1519716631880248,-0.01964662530936521
CSO-10-5A-MAOSMO-CorrEtiq.txt,0.0,0.0,0.0,3.674234614174767,-0.6721239770148241,-0.7895420339517228,-0.668042657122685,-0.7226422815193234,0.0,0.06751085513710493,0.0,-0.9093475897253759,0.20118333238284195,0.2837731738189091,-0.7522757290837918
CSO-10-5A-RVMOIB-CorrEtiq.txt,0.0,0.0,0.0,2.382578388617692,-0.8052340107578246,-0.7564357494141066,-0.8158914748923627,0.29778987372476734,0.0,0.0818908324251146,0.0,-0.22137700485394912,-0.07765485537905414,-0.01720857034326549,-0.5707074087430264
CSO-10-5A-SVHEES-CorrEtiq.txt,0.0,0.0,0.0,2.4470776400388186,-0.6285692218670832,-0.05368281270950194,-0.672061096027093,-0.282555887231204,0.0,0.16005492892755918,0.0,-0.9399288910774332,0.2515422188930807,0.43410348513956365,-0.2253148171559038
CSO-11-5A-MDVOSPE-CorrEtiq.txt,0.0,0.0,0.0,4.151579283032284,-0.9013710624210932,-0.8141523424379788,-0.9292767830367701,0.4016800595084415,0.0,0.15776625221114182,0.0,-0.8518303703241836,0.1491777697356381,0.3566827705415695,-0.36231319139950596
CSO-11-5A-MTAGA-CorrEtiq.txt,0.0,0.0,0.0,3.391164991562634,-0.32829483251341485,0.005182891326520648,-0.38582242951568313,-0.6523287669493207,0.0,0.037832040216725295,0.0,-1.3264862780290259,0.40537490705812784,0.6807449024500389,-0.6177886730000791
CSO-11-6A-CAPAMU-CorrEtiq.txt,0.0,0.0,0.0,2.085653526150165,-0.8014957388331689,-0.15575268049650243,-0.8021255121333881,-0.08014233903806472,0.0,0.20161692915363016,0.0,-0.6294362118129475,0.05239497248441,0.020877519297531903,-0.3691841407493136
CSO-11-6A-DSCACH-CorrEtiq.txt,0.0,0.0,0.0,3.144367722379905,-0.8692873469601048,-0.8871487668784296,-0.8871487668784296,-0.6917024963842813,0.0,0.2076289262237038,0.0,-0.2056169554162976,-0.18701608980084286,-0.10852957901281206,-0.7552071945871922
CSO-11-6A-EROMO-CorrEtiq.txt,0.0,0.0,0.0,3.2732683535398857,0.9952308842974682,-0.9917703890382036,0.6121460921524143,-0.7281944538822465,0.0,-0.15618864337531288,0.0,-1.5471474261915183,0.2941491000204404,0.8137264103713576,-0.5769717519149262
CSO-11-6A-FSOVRE-CorrEtiq.txt,0.0,0.0,0.0,3.817138358789281,-0.4248998590459987,-0.9702412474100943,-0.4325919152769286,0.5167470769058018,0.0,0.12668014328566815,0.0,-1.1813190851060862,0.22016336653477359,0.5994279896721202,-0.266181129155382
CSO-11-6B-ANREVA-CorrEtiq.txt,0.0,0.0,0.0,2.8324350267733065,-0.8820963613126205,-0.9895314076066717,-0.9113870357213762,0.17284004144438941,0.0,0.21506114624876127,0.0,-0.4371416142357866,-0.0636775263423671,0.07525965786118538,-0.1815896757919087
CSO-11-6B-DISEMO-CorrEtiq.txt,0.0,0.0,0.0,2.1381644955867145,-0.052202993043815524,-0.5448307450182208,-0.09891973283263217,0.3221181722643357,0.0,-0.21477677061084272,0.0,-0.5220279281821179,0.26633208718109563,0.2855836854207235,-0.36939418851979144
CSO-11-6B-LHFDLACH-CorrEtiq.txt,0.0,0.0,0.0,5.570753632462187,0.5006912581994417,-0.7289135871803885,0.18811475216454127,0.0446191685496526,0.0,-0.37392915977521646,0.0,-2.6600310965544325,1.0269076308391079,1.7200289354432958,-0.30593567108563924
CSO-11-6B-RJGIHE-CorrEtiq.txt,0.0,0.0,0.0,2.035834843393823,-0.41858497195985966,-0.42294690252221695,-0.4585182912553729,0.7903095064889816,0.0,0.14079340833316054,0.0,-0.4456195288586434,0.07497767042988922,0.13618957147159905,0.3471943919982303
CSO-11-6B-SFLVA-CorrEtiq.txt,0.0,0.0,0.0,2.9786000279792937,0.34998353678360977,0.4348218089197517,-0.2347658707948096,0.8112335160784593,0.0,-0.03224967599316344,0.0,-1.990614683076412,0.8164965809277255,1.2979400494624738,-0.07268040962612694
CSO-11-6B-VCOMA-CorrEtiq.txt,0.0,0.0,0.0,2.384680634387767,-0.023255813953488393,-0.8666399694942736,-0.054312544659356886,0.28497536081391944,0.0,-0.02092893090740335,0.0,-0.6830208362474013,0.25366789901825765,0.32305084569976383,-0.4149180227104109
CSO-12-6A-DGISE-CorrEtiq.txt,0.0,0.0,0.0,3.004885785335771,0.1579696308829298,0.9952821482425385,-0.18336995453107535,-0.33346707257484676,0.0,-0.05612466954924862,0.0,-2.1065799884112764,0.9829279250189227,1.7771849164914002,-0.31909151026161753
CSO-12-6A-FJOVRE-CorrEtiq.txt,0.0,0.0,0.0,2.3487535472041303,0.07720914364821826,-0.541596192372457,-0.10902852279917641,0.75,0.0,0.02943015722956286,0.0,-0.8056772526798763,0.05579524756320986,0.1328527401323378,-0.27939357582266194
CSO-12-6B-GQULO-CorrEtiq.txt,0.0,0.0,0.0,2.3399935966949332,-0.1551143107308853,-0.3571754714397284,-0.18898223650461354,-0.7637540635798535,0.0,-0.054502450518016034,0.0,-1.2150537016107508,0.6063162207906109,0.5627526665140735,-0.5396554452235924
CSO-12-6B-LJHEFE-CorrEtiq.txt,0.0,0.0,0.0,2.4499350865749765,0.41875145355369636,-0.756634554590147,0.14575934454521522,-0.04039499322210233,0.0,0.049280456724168996,0.0,-0.9119679296626949,0.29773181680453287,0.6505858650360697,-0.013183814835957531
CSO-12-6B-VPAMA-CorrEtiq.txt,0.0,0.0,0.0,2.6433386413793167,-1.310135355462709,-0.5293649287774405,-1.3337099852712764,-0.8856864242636613,0.0,-0.18456156693649384,0.0,-0.5484868804818752,0.0038456987374142497,-0.06206666717851765,-1.0495728305045449
CSO-12-7A-DALRE-CorrEtiq.txt,0.0,0.0,0.0,4.372865332880969,-0.8118121097900859,-0.27272727272727276,-0.7812480200608491,0.9673340430921598,0.0,0.009091284771597116,0.0,-1.6039639324922197,0.9165547960868985,1.533564410599318,-0.10429765490155334
CSO-12-7A-ESALA-CorrEtiq.txt,0.0,0.0,0.0,2.589732444996413,-1.000889041303575,-1.1923517285047767,-0.9982788244964669,0.04186880113760779,0.0,0.32016737965462727,0.0,0.12625162914168975,-0.40777830574731366,-0.4088942126512566,-0.33943266426429153
CSO-12-7A-IMERO-CorrEtiq.txt,0.0,0.0,0.0,3.016414687357137,0.022366272042129244,-0.8017837257372731,-0.10369516947304261,0.007198343995498369,0.0,-0.11508706752968678,0.0,-1.2066148496790448,0.9108166863145418,1.3122235098201498,-0.25658805143438623
CSO-12-7A-JHEZA-CorrEtiq.txt,0.0,0.0,0.0,3.9581140290126386,0.34037652465613516,-0.3452845365668931,0.3124602805491524,0.09605842128561477,0.0,-0.052422243399661776,0.0,-1.7025130615174968,1.0001826650850931,1.612178061112826,-0.2947030458096765
CSO-12-7A-LSARAR-CorrEtiq.txt,0.0,0.0,0.0,3.8669601587096185,0.15230320034700034,-1.078352387338957,-0.43010266734743274,-0.6849770705574948,0.0,0.11848070084204078,0.0,-1.1728606833478992,0.1542125895151023,0.5164202528040015,-0.7147133991370982
CSO-12-7A-SCAHO-CorrEtiq.txt,0.0,0.0,0.0,4.004921852046729,-0.4905203412183213,-0.9953542197972592,-0.5306129654293054,0.32694490208069427,0.0,0.035844847803387994,0.0,-1.0761886485788972,0.06086524358297991,0.26067266603737477,-0.13846630801380308
CSO-12-7B-DVAGRO-CorrEtiq.txt,0.0,0.0,0.0,3.3835777116598225,-0.3736323588785367,0.06898830747274115,-0.3322429367794645,0.04220123102786392,0.0,-0.1759973673490116,0.0,-1.163919850693203,0.6914026396817605,1.0789837410364906,-0.5102347898734932
CSO-12-7B-SMUGU-CorrEtiq.txt,0.0,0.0,0.0,2.0490417433624786,-0.9357596582142339,-0.7592247407659274,-0.9513870407328824,0.16086201719968954,0.0,0.10268795190152159,0.0,-0.22033898305085128,0.20741006603822118,0.15988867681379332,-0.18391866042351193
CSO-12-7B-SSARA-CorrEtiq.txt,0.0,0.0,0.0,3.391164991562634,-0.6596842735305847,-0.6068989546779395,-0.6596842735305847,-0.7241644851301385,0.0,0.1006825409874523,0.0,-1.2471399266293093,0.09503555399681102,0.31008284713501044,-0.845756310208038
CSO-12-7B-VHOMA-CorrEtiq.txt,0.0,0.0,0.0,2.7387085585483533,-0.6848262221607295,-0.5937322507759796,-0.6933637093994833,-0.16589150033580746,0.0,0.26108457028202037,0.0,-0.6756320463215988,0.014671022977143337,0.08790746025973462,-0.24212763026487139
CSO-12-8A-YTOME-CorrEtiq.txt,0.0,0.0,0.0,2.7305461638546187,-0.35349219571776674,-0.9578414886923189,-0.4899479457959919,-0.7320950696557634,0.0,0.4422928962267589,0.0,-0.6321746279416322,-0.11189841472152157,0.13154247783371503,-0.5831193071040549
CSO-13-6A-ANASA-CorrEtiq.txt,0.0,0.0,0.0,2.70801280154532,-0.19252911656401583,-0.8090895879409022,-0.16368827504833136,-0.5977858738098878,0.0,0.3577092356748744,0.0,-0.6566418819548862,-0.10859381843748363,0.06359377486422788,-0.6478152843169424
CSO-13-6B-JETAVE-CorrEtiq.txt,0.0,0.0,0.0,3.5657725028834566,-1.042987188347768,-1.0637098161769434,-1.0425720702853738,0.56239160503386,0.0,0.24019028306672235,0.0,-0.43643578047198217,0.008362712507718075,0.1218110197223331,-0.20322620727985133
CSO-13-6B-LFMIES-CorrEtiq.txt,0.0,0.0,0.0,1.3110426733126135,-0.4833682445228318,-0.5773502691896258,-0.6073516944008986,-0.09927342811460926,0.0,0.1254940845599053,0.0,0.10902852279917563,-0.025007816164017233,-0.15543520250679596,-0.24039987030774743
CSO-13-6B-LJMAHU-CorrEtiq.txt,0.0,0.0,0.0,4.151579283032284,0.676866628058493,-0.950632727496729,0.1346038216779626,-1.005244521545749,0.0,0.015378188096620459,0.0,-1.6014019301614435,0.3189938151127128,0.7410274190180755,-0.8938425326406751
CSO-13-7A-CAPAMU-CorrEtiq.txt,0.0,0.0,0.0,2.5533912189808516,1.0052846490303065,-0.06998882712965257,0.42386665251838734,-0.5623270705887149,0.0,0.1718996189648047,0.0,-1.6099073651537248,0.5539957330203833,1.0164449083896012,-0.6008071748655246
CSO-13-7A-CDDITR-CorrEtiq.txt,0.0,0.0,0.0,3.7706627966302424,-0.7078383972965656,-0.728645783975875,-0.7078383972965656,0.13897231638362384,0.0,0.17931987427068877,0.0,-0.9732317022604083,0.11020775375559685,0.2541930697898122,-0.6067329320773855
CSO-13-7A-JJATFL-CorrEtiq.txt,0.0,0.0,0.0,1.830480693178012,-0.01000200060020008,-1.0731092113196692,-0.3668031146768126,-0.4131695891781232,0.0,0.3465462717014825,0.0,-0.29056165794397604,-0.5044024416322279,-0.42876680175967086,-0.7973520793493581
CSO-13-7A-KRAMA-CorrEtiq.txt,0.0,0.0,0.0,3.0506465912298726,-0.4375661852319414,-0.8335895354218603,-0.6966616423285077,-1.011695424124349,0.0,0.1880761987891577,0.0,-0.7566468580651832,-0.027813268533049162,-0.18792898529306873,-0.6639325410278305
CSO-13-7A-RXCHLU-CorrEtiq.txt,0.0,0.0,0.0,1.7854049326505759,-0.6386762076086676,-0.9524782930992116,-0.5995972888076087,-0.6540893473165961,0.0,0.2876272229663705,0.0,0.2665658591698645,-0.27284115547676563,-0.18948304000716115,-0.5015463516309234
CSO-13-7A-YAMEZA-CorrEtiq.txt,0.0,0.0,0.0,2.4784787961282104,0.1956984219160327,-0.7933616570065595,0.15845412772401887,-0.24426598437301575,0.0,0.33926081370903827,0.0,-0.8528028654224379,0.20230928519772104,0.22594486263197802,-0.5810649339230713
CSO-13-7A-YBOSO-CorrEtiq.txt,0.0,0.0,0.0,0.7778331596716082,-0.7356488893541079,0.029927080909188993,-0.7767687117048209,1.145913475942467,0.0,0.043658020193605034,0.0,-0.0513134022575903,-0.5586597015212911,-0.47783605094193604,-0.06657502341711846
CSO-13-8A-KIGAGU-CorrEtiq.txt,0.0,0.0,0.0,3.0540784866659414,-0.4534843132064492,0.45020442911271163,-0.4638050395900989,-0.5143906292594733,0.0,0.2387016031379756,0.0,-1.7193743840887783,0.19746653757544846,0.6996371147923764,-0.5136928317777459
CSO-13-8A-MBUAN-CorrEtiq.txt,0.0,0.0,0.0,4.771382862504418,0.44054857978380507,-0.6721239770148241,-0.06640484271284583,-0.4034732923929646,0.0,0.010342306879227771,0.0,-1.620689655172415,0.5743870013807616,1.0882665014637942,-0.6521863605577687
CSO-13-8A-MGAAN-CorrEtiq.txt,0.0,0.0,0.0,2.4784787961282104,0.044490958466061395,-0.6653431939556231,0.11149535997600957,-0.7784424598565239,0.0,0.3581988363537006,0.0,-1.2900170131387485,-0.0015963852785762318,0.3055480951874813,-0.8152319613195553
CSO-13-8A-MGAHE-CorrEtiq.txt,0.0,0.0,0.0,3.9624862882621756,-0.9369296522898638,-0.8387588922314799,-0.944807988140286,-0.7785015739776008,0.0,0.08632733062302789,0.0,-0.6487040108080978,0.07529389257068708,0.1387987250867102,-0.7578198182746064
CSO-13-8A-MJAGA-CorrEtiq.txt,0.0,0.0,0.0,4.275023432229686,-0.6567724547769553,0.5933998694520431,-0.6191162575597471,-0.5024240928614058,0.0,-0.05763904177042432,0.0,-1.9962439890567194,0.9684959969581861,1.6554721879882042,-0.7339107044700696
CSO-13-8A-VHODU-CorrEtiq.txt,0.0,0.0,0.0,1.65735943618632,-0.40074983079510507,-0.8163660131892767,-0.40520508811228706,-0.11989667774933774,0.0,0.23805389542997737,0.0,-0.1514058053141647,-0.16240608461781492,-0.17039460012173951,-0.07596101453642484
CSO-13-8B-FCJISA-CorrEtiq.txt,0.0,0.0,0.0,2.409782544108962,-0.01084716097799346,-0.8962581595302718,-0.3943822714192625,0.5752647474576664,0.0,0.055872606695769704,0.0,-0.2705008904002327,0.3110172654637338,0.5503180994745206,0.20495264342087277
CSO-13-8B-JEMABE-CorrEtiq.txt,0.0,0.0,0.0,4.406000912017297,-1.1275189751889225,-0.9661870822232276,-1.1547005383792515,-0.5468522334831155,0.0,0.17015961708335287,0.0,-1.166919931983157,0.06267707347240982,0.38394053568911146,-0.6873400610590596
CSO-13-9B-DMLLLU-CorrEtiq.txt,0.0,0.0,0.0,3.487039292586867,-0.8974409304672389,-0.9282107406174598,-0.9078147033615762,0.753391916190007,0.0,0.2073441708597561,0.0,-0.6084056490333764,0.34037652465613516,0.42360203420072434,-0.2798090251589229
CSO-14-7A-MVEBE-CorrEtiq.txt,0.0,0.0,0.0,0.9894672312056636,-1.0690449676496974,-0.8340360973874237,-1.1241904613843452,-0.8927874296414855,0.0,0.3197443067909729,0.0,0.39615446732864634,-0.5461665727670457,-0.6087712674692303,-0.5799362209217499
CSO-14-7B-EALHU-CorrEtiq.txt,0.0,0.0,0.0,4.458963213705229,-0.25128535551620834,-0.9775402898244298,-0.297420376642715,0.9464574146347638,0.0,0.28410999888432403,0.0,-1.2426538286108149,0.2899997734377658,0.8400795977114142,-0.4839498479972005
CSO-14-7B-EVEGO-CorrEtiq.txt,0.0,0.0,0.0,3.433581251575612,-0.04174661898931532,-0.7877263614433763,-0.10369516947304261,0.05664462458959016,0.0,0.23446255484181677,0.0,-0.7630722742212943,0.06434712132508727,0.2301786080552517,-0.07829000183838059
CSO-14-8A-AQUMA-CorrEtiq.txt,0.0,0.0,0.0,2.566243529722109,0.599498847455568,-1.0383778283381466,-0.19327212552800976,-0.08415592979430014,0.0,0.25011183664634906,0.0,-0.5132695221056174,-0.0539009473182159,-0.029412706663563333,-0.2990037341977734
CSO-14-8A-MCIDOS-CorrEtiq.txt,0.0,0.0,0.0,3.1127431925619993,-0.8692873469601048,-0.7877263614433763,-0.8767378667067268,0.7578391517481176,0.0,0.10414560523940085,0.0,-0.8812188319210067,0.1410989839162679,0.5776496287216519,-0.08545240570388508
CSO-14-8A-SZARA-CorrEtiq.txt,0.0,0.0,0.0,2.6247560386243673,0.17951484354608013,0.268452428509859,0.18376564945993987,-0.7917689358154579,0.0,-0.10341753799900347,0.0,-1.3481570127043485,0.40565621161929305,0.7020879521594127,-0.8152131991227648
CSO-14-8B-JLLORA-CorrEtiq.txt,0.0,0.0,0.0,2.0,-0.9681052690610569,-0.8354798727166012,-0.9517858828985912,0.9988130559615214,0.0,0.2129046726353655,0.0,-0.14901864387170138,-0.12092353263962267,0.10201133700326716,0.13032267496151884
CSO-14-9A-AEDCAGO-CorrEtiq.txt,0.0,0.0,0.0,3.0,0.3130543313975974,-0.7758294332942954,0.02279948124670584,-0.22597478471589594,0.0,0.1835478924206959,0.0,-1.0476342725540921,0.19339125029578075,0.3705197036828487,-0.6454197109512687
CSO-14-9A-HASACA-CorrEtiq.txt,0.0,0.0,0.0,2.2951702045395823,-0.5243342889332725,-0.8141523424379788,-0.5243342889332725,-0.5210598485243355,0.0,-0.1191114669755318,0.0,-0.5342878466048222,0.2591845066274726,0.19826986275991973,-0.2697263370455918
CSO-14-9A-JSMAAL-CorrEtiq.txt,0.0,0.0,0.0,3.1797973380564857,-0.016596785595421527,-0.4527780365669181,0.027752211111434052,-0.4497207002372069,0.0,0.037349452902743024,0.0,-1.2535449066110416,0.17049314060386778,0.34723585098490195,-0.170438181502936
CSO-14-9A-MARJA-CorrEtiq.txt,0.0,0.0,0.0,3.156820749009882,-0.8974409304672389,-0.8978411261462041,-0.913811548620257,0.7209416334945395,0.0,0.2841151879130673,0.0,-0.142857142857142,0.00616638139248174,0.1501877650351147,-0.12765890095596857
CSO-14-9A-SORZU-CorrEtiq.txt,0.0,0.0,0.0,2.842413574893877,0.09974416592162064,-0.37125503036316604,-0.3944684714209203,-0.3358278784165519,0.0,-0.007530097873899376,0.0,-1.0245515449586273,0.3316520163826649,0.6893079122345901,-0.41176806494054463
CSO-14-9B-ERAGA-CorrEtiq.txt,0.0,0.0,0.0,2.623881965238919,-0.6352371721331231,-0.15171467835750319,-0.6268496412011794,0.1573422090628332,0.0,0.02287941017920222,0.0,-0.7093730111005044,0.15409509534697252,0.32907528560943955,0.1666834742040635
CSO-14-9B-MFEGA-CorrEtiq.txt,0.0,0.0,0.0,3.5528782565020567,0.513890590917863,-0.7165107536316874,-0.15776625221114182,1.4429042946830595,0.0,0.1419605653272115,0.0,-1.5606575309894428,0.7767866304411414,1.0610845794080765,-0.22476252802786695
CSO-15-10A-LJRAGU-CorrEtiq.txt,0.0,0.0,0.0,3.5528782565020567,-0.9748099204492218,-0.8949569080679685,-0.9801960588196068,-0.2977840553692584,0.0,0.3446339314281611,0.0,-0.3501608569603283,-0.14004877405870494,0.0496563666461303,-0.33248697322060694
CSO-15-10A-MAARLO-CorrEtiq.txt,0.0,0.0,0.0,2.5912461167999647,-0.8150173465825654,-0.7505181514421577,-0.8406245659171339,0.3002369077745354,0.0,0.16947465755265362,0.0,-0.7708353980129354,0.3777101406531038,0.4330813887722442,-0.09364743782104776
CSO-15-10A-SFEGA-CorrEtiq.txt,0.0,0.0,0.0,2.751788340238217,-0.5433223562855042,-0.8893100292552798,-0.6167680326222498,0.9999999999999998,0.0,0.36224276313203063,0.0,-0.9344045068798301,-0.1809068067466586,0.07171417879368581,-0.07243352227478991
CSO-15-10B-MEBUAR-CorrEtiq.txt,0.0,0.0,0.0,1.6115589663919447,-0.19062395841285665,-0.9170761503952272,-0.16478983546556653,0.2959887178607082,0.0,0.1228823690697819,0.0,-0.06508875747866136,0.33669909846158175,0.26609121650059975,-0.20043422437661346
CSO-15-10B-YVBUAN-CorrEtiq.txt,0.0,0.0,0.0,3.1968884584040893,-0.8066079860998501,-0.9252299461317941,-0.864065181325135,0.736662841219125,0.0,0.34122476518299205,0.0,-0.47894015833762255,0.04985091754001918,0.06331903764710609,0.04909765008254419
CSO-15-10C-ALBAHO-CorrEtiq.txt,0.0,0.0,0.0,4.30427559641138,0.4801951777013961,0.1104376855504007,0.10524430390565284,-0.2025922169272626,0.0,0.1585703932181271,0.0,-1.9026376570954215,0.5828400792331687,1.1916579711528241,-0.32156400245822214
CSO-15-10C-SSCAMO-CorrEtiq.txt,0.0,0.0,0.0,4.85434824508636,0.07191796088668737,-0.7002950642576699,-0.24294615789239044,0.11073492091928056,0.0,0.23489798444618165,0.0,-1.8274860482120783,0.5464891816803004,0.9384200502705539,-0.7286970846877785
CSO-15-11C-JETALO-CorrEtiq.txt,0.0,0.0,0.0,4.0597625468030065,1.1166635165865295,-0.04477668708653304,0.5258719602835976,0.148321361977312,0.0,-0.03905587578893681,0.0,-2.0404320294610296,1.0136041576640853,1.8213075428321708,-0.4424593588725073
CSO-15-7B-JCRAGA-CorrEtiq.txt,0.0,0.0,0.0,2.1576711364414507,-0.9479898724409477,0.12318006870934453,-0.9612647958502147,0.9173600630732496,0.0,-0.1860480546775315,0.0,-0.6747197239912179,0.6134284935096752,0.7103334249560878,0.24452641026376365
CSO-15-8A-VBMABR-CorrEtiq.txt,0.0,0.0,0.0,4.2878102046059166,-0.12844027664376512,-0.9947338719384115,-0.3134791914228362,-0.37568018062389497,0.0,0.36420819356152745,0.0,-1.2859399960113918,0.3600169411398704,0.6226376091810126,-0.7162323953660386
CSO-15-8B-KEPOGO-CorrEtiq.txt,0.0,0.0,0.0,2.828632432852637,-0.8221786020271294,-0.7324670207647144,-0.8321954658113967,0.09476834928714588,0.0,0.45087817431280297,0.0,-0.011111797045678018,-0.10797294055319819,-0.1122191955242453,-0.44006813930754624
CSO-15-9B-ALRIHE-CorrEtiq.txt,0.0,0.0,0.0,2.2241297002676887,-0.36243412342800724,0.11250879009260237,-0.39622641509433953,-0.8474034261318016,0.0,0.1442917755811992,0.0,-0.8977603271481527,0.02242869198947242,0.18102023162502354,-0.9294838337288415
CSO-15-9B-AMSAGO-CorrEtiq.txt,0.0,0.0,0.0,1.9978171900829924,-0.6461529194082832,-0.8329267300725657,-0.672174850569571,0.913939675958384,0.0,0.1866055084220137,0.0,0.08112256247107869,-0.26295767691886,-0.18300008615457852,0.1070537822283053
CSO-15-9B-JCAPA-CorrEtiq.txt,0.0,0.0,0.0,3.0,-0.9627290180735983,-0.7604155888028865,-0.9857855801040901,-0.1879089718415597,0.0,0.21010271679823117,0.0,-0.5547722613567063,-0.029607772451910354,0.30596730085703927,-0.24402033680235996
CSO-15-9B-KSBEJA-CorrEtiq.txt,0.0,0.0,0.0,3.959418037556828,-0.39622641509433953,-0.9333420677535821,-0.4192386822415528,-0.8257452802322373,0.0,0.040038571267368095,0.0,-1.482739861819439,0.3187156624203772,0.6306231178889495,-0.987095005257439
CSO-15-9B-RMCHLU-CorrEtiq.txt,0.0,0.0,0.0,3.091311110390518,0.9236013786974107,-0.9782222605383017,0.16270272647227735,0.2917277752266746,0.0,0.2420066094782224,0.0,-1.0283503007126567,0.11088506867779205,0.2925035776213448,-0.37129137888138686
CSO-15-9B-SJAGRO-CorrEtiq.txt,0.0,0.0,0.0,-0.20412414523193154,0.24384884392753764,-0.7847285663213224,0.3339806957785638,-0.7851315734485598,0.0,0.26325022475897514,0.0,0.06251294044445585,-0.20032561859619274,-0.2117310682658433,-0.6265427860568081
CSO-16-10A-JEGAHE-CorrEtiq.txt,0.0,0.0,0.0,3.247296470224653,-0.34772950991788415,-0.8964171283339288,-0.5396117526254266,-0.34877516135400066,0.0,0.24989668506215276,0.0,-0.8673198526052782,0.025639152734581585,0.3569374408045061,-0.48750437300248106
CSO-16-10A-MSACO-CorrEtiq.txt,0.0,0.0,0.0,2.8554897927658787,-0.8743626497514833,-0.7624928516630234,-0.8879704084851345,0.12314547340443538,0.0,0.13759139964645,0.0,-0.2948839123097944,0.1947452878505202,0.274408649636141,-0.19649556902112
CSO-16-10A-SARI-CorrEtiq.txt,0.0,0.0,0.0,4.871779042794769,-0.8703725898979161,-0.43929768510697953,-0.8793155726408237,-0.9233805168766387,0.0,0.21362069847489368,0.0,-1.4201266762286737,0.42096157791997746,0.39982662725859974,-0.7962196079181322
CSO-16-10A-SMOUT-CorrEtiq.txt,0.0,0.0,0.0,2.4830636511256414,-0.3159008189739348,-0.04476614810358456,-0.4614980674808886,-0.16967667681527754,0.0,0.06181954424739268,0.0,-1.5139699802917315,0.3961397833768971,0.5914758432183805,-0.06027917618289408
CSO-16-10A-YKMUJO-CorrEtiq.txt,0.0,0.0,0.0,2.4351970772256055,-0.7968290075812715,-1.0858030299237411,-0.8205527240271441,-0.2602928022627924,0.0,0.09845330523549267,0.0,-0.42649833789363417,0.028879549112895416,-0.10789962386189224,-0.5275090907104271
CSO-16-10B-JESUGU-CorrEtiq.txt,0.0,0.0,0.0,2.1737931162424777,-0.8709916072559433,-0.7723073863745265,-0.8826976030459757,0.7410517464982486,0.0,0.36650851598773193,0.0,-0.016442120788904044,-0.06711282567266341,-0.08028032850033628,-0.031416956834854994
CSO-16-10B-LTVIFA-CorrEtiq.txt,0.0,0.0,0.0,2.2114080945718824,-0.5857018850067617,-0.6623464501836428,-0.5885739838081698,-0.47543958116696294,0.0,0.36725080131282234,0.0,-0.6236836934186877,-0.25799343325483637,-0.1561918424313185,-0.4673249619250962
CSO-16-10B-VVILI-CorrEtiq.txt,0.0,0.0,0.0,3.0107846638460374,0.05634361698190115,-0.831723673133923,0.08462884367481803,-0.5354380357522338,0.0,0.04072314811876899,0.0,-1.3348476249438268,0.4041589355691074,0.6087410826457452,-0.6115703391341636
CSO-16-10C-ACALGU-CorrEtiq.txt,0.0,0.0,0.0,2.7776962271413392,-0.6081636405595373,-0.9293009831096516,-0.8056639186560838,-0.10502100630210082,0.0,0.2549131791809587,0.0,-0.4285372672044655,-0.1213945114203608,-0.007322889898426252,-0.5156907215817159
CSO-16-10C-MAVAVE-CorrEtiq.txt,0.0,0.0,0.0,2.764640214140003,-0.5854952827333193,-0.6694811530916835,-0.5932406145698994,0.28844743834425196,0.0,0.16889900376346767,0.0,-0.7299780624747016,0.34608963605559073,0.4173817745180891,-0.25791989644005
CSO-16-11A-JAVABO-CorrEtiq.txt,0.0,0.0,0.0,1.689306053002671,-0.6859943405700353,-0.6375498105247469,-0.6902013856519744,0.006984473312780944,0.0,0.19090743196899668,0.0,-0.0760285921269671,-0.1380496377687713,-0.01371173000858458,-0.14367180907687163
CSO-16-11A-JDMUVA-CorrEtiq.txt,0.0,0.0,0.0,2.8715404801899456,-0.8038836632422637,-0.7690705877408539,-0.8055049330997543,-0.14637795066242532,0.0,0.12654157038726882,0.0,-0.585992671165025,0.0,0.06741240730885456,-0.26556201186515105
CSO-16-11A-VZAOR-CorrEtiq.txt,0.0,0.0,0.0,2.2912878474779204,-0.6461623427559643,0.06415002990995848,-0.6461623427559643,-0.0503154605426628,0.0,-0.42322605870545743,0.0,-0.40153790999928174,0.260919899901561,0.6766340409919167,-0.422487533192258
CSO-16-11B-KRORE-CorrEtiq.txt,0.0,0.0,0.0,3.4650895671349553,-0.7633700367119738,-0.8176481445401675,-0.7701540462154053,-0.5680749627880228,0.0,0.24878220016754565,0.0,-0.6328062143628309,0.24223397016326736,0.2041820432488782,-0.43496132313804725
CSO-16-11B-LLOZA-CorrEtiq.txt,0.0,0.0,0.0,1.9247976036399184,-0.663451266587793,-0.7228973960122489,-0.6709196490606821,0.0503154605426628,0.0,0.40098438809458986,0.0,-0.2645423386341376,-0.20500849277979752,-0.11456910939537966,-0.09105570388325264
CSO-16-11B-YAROMO-CorrEtiq.txt,0.0,0.0,0.0,3.9581140290126386,2.096828291518155,-0.6081636405595373,1.3112073251624075,-0.14126448280440324,0.0,-0.23615307680673592,0.0,-2.2091179921708908,0.7553800434840234,1.6314200985677136,0.032202515956145907
CSO-16-9A-JALEMO-CorrEtiq.txt,0.0,0.0,0.0,2.329731861927867,0.5485181227302396,-0.8016478355017669,0.1450169103862307,-0.5862676630594589,0.0,0.19846662585632632,0.0,-0.609897019879165,-0.19578976789457353,-0.17125094215564038,-0.698150758343054
CSO-16-9A-JPROSO-CorrEtiq.txt,0.0,0.0,0.0,4.024922359499621,-0.6869498447529238,0.16903085094570336,-0.6862227966999658,-0.741998516004452,0.0,-0.2853505500025689,0.0,-1.6641023069491445,0.8150876125251527,0.9833421121463026,-0.7418627287942425
CSO-16-9A-JSMAGU-CorrEtiq.txt,0.0,0.0,0.0,2.5983265794393477,-0.3707101150559544,-0.8825960238069805,-0.7975401925335837,0.006441699910621066,0.0,0.16275259811099274,0.0,-0.37915514962828817,-0.12734290799340298,0.17342801005609887,-0.06372339127106916
CSO-16-9B-SJPAJI-CorrEtiq.txt,0.0,0.0,0.0,2.603230087895714,-0.8333356293305377,-0.8896802485305647,-0.8333356293305377,-0.08817175605646749,0.0,0.37914250682163364,0.0,-0.2457695761557113,0.14227759830611805,0.046726599609968646,-0.6610499910067882
CSO-17-10A-YVGOCA-CorrEtiq.txt,0.0,0.0,0.0,2.302996217851232,0.0,-0.9124211282466753,-0.02627034687463671,0.08113939147414671,0.0,0.28057778348729195,0.0,-0.5722899454438705,0.0,0.24338946269157843,0.21581268786673577
CSO-17-10B-EHECO-CorrEtiq.txt,0.0,0.0,0.0,3.4118903442972988,-0.7441125986916217,-0.793227848133698,-0.7546653302545794,-0.611181753426421,0.0,0.14806179932916375,0.0,-1.4043113860009324,0.3037903299666496,0.5480664426967179,-0.06767856313000842
CSO-17-10B-YCQUVE-CorrEtiq.txt,0.0,0.0,0.0,3.9447988023552765,0.6064496310619683,-0.9609423261670664,0.164362278811586,-0.15272070966424264,0.0,-0.056664323190648264,0.0,-1.2919019730641441,0.46240052378263197,0.6065214009739813,-0.7601446486656461
CSO-17-11A-DJAPA-CorrEtiq.txt,0.0,0.0,0.0,3.391164991562634,-0.019248573853813337,-0.8075794419956532,-0.26366402215232193,-0.2937996968868092,0.0,0.1354209037380715,0.0,-0.8924164866410427,0.02446148953860851,0.27364061557848146,-0.5749819628273537
CSO-17-11A-JDAMO-CorrEtiq.txt,0.0,0.0,0.0,4.874948097975388,-0.8370140164752422,-0.9114074914990773,-0.882154305723557,-0.07012136971360156,0.0,0.14830394426734067,0.0,-0.8511174589961693,-0.019718666504855008,0.298092597340654,-0.33079370042219824
CSO-17-11A-NPAHE-CorrEtiq.txt,0.0,0.0,0.0,2.2724929566876395,-0.6224199682387501,-0.8787760582097436,-0.6115928396627265,-0.4396787718714283,0.0,0.41824703597508484,0.0,0.11396057645963638,-0.32635697593225255,-0.33295104625616884,-0.5119887930106997
CSO-17-11A-RLPAIG-CorrEtiq.txt,0.0,0.0,0.0,2.0679037566136893,0.11706536138639466,0.1955136263867016,-0.04543906032567642,-0.15137983653404513,0.0,0.06930474404367279,0.0,-1.109234869662005,0.36715861970306096,0.85388827261851,-0.43196657264288674
CSO-17-11A-SPUVA-CorrEtiq.txt,0.0,0.0,0.0,3.395582495781317,-0.9223043143444042,-0.9032888302162241,-0.8984915650501557,0.7735484135600739,0.0,0.1841326369849727,0.0,-0.7059951919806146,0.3862344260773991,0.8297668813643045,0.0346280213307467
CSO-17-11B-CDBEBU-CorrEtiq.txt,0.0,0.0,0.0,2.5894690984677373,0.10264921740861406,-0.8339970777187571,0.02524861997828684,-0.06305313422665873,0.0,0.1436724320651368,0.0,-0.6631911914662274,0.6597561342216481,0.40978702292072555,-0.3586387262198029
CSO-17-11C-JDAAG-CorrEtiq.txt,0.0,0.0,0.0,0.18421251962340165,-0.5241424183609591,-0.7922712404711927,-0.502518907629606,0.4232260587054578,0.0,0.3728136996269047,0.0,0.20324633887179808,-0.1290994448735801,-0.3187903303079745,0.19397094780304394
CSO-17-11C-MAPAMA-CorrEtiq.txt,0.0,0.0,0.0,1.8297065576087663,-0.6030226891555273,-0.7158599835262722,-0.5570860145311556,-0.21526220671141064,0.0,0.21846200205558633,0.0,-0.8100808999300174,0.21219796408400401,0.3650763641258151,-0.3104976850879151
CSO-17-11C-MCAAG-CorrEtiq.txt,0.0,0.0,0.0,3.4301420341780773,-0.6111578012341712,-0.8691562172858689,-0.6148677412984487,-0.2972629870428014,0.0,0.20431475419938364,0.0,-0.7026368755321319,0.05609514242122124,0.30248967048689474,-0.782189945118909
CSO-17-11C-SARJA-CorrEtiq.txt,0.0,0.0,0.0,2.1909600571374352,-0.17810684778479596,-0.9074300763184596,-0.15007648816990435,0.5077733278322863,0.0,0.2652429968113401,0.0,-0.5262260808961665,-0.16467657879607905,-0.0591001056879602,-0.026946960271300474
CSO-18-11A-ADBAHO-CorrEtiq.txt,0.0,0.0,0.0,2.844452335847639,0.4571443992078604,-0.7902097499986017,0.49236596391733095,0.21398266546446337,0.0,0.36671110394642925,0.0,-0.8664712341376658,-0.31691319625658143,-0.19629174184148426,-0.23152445700906044
CSO-18-11B-YLLRE-CorrEtiq.txt,0.0,0.0,0.0,3.0,-0.6755964113173945,-0.9109802728222299,-0.6767155423319645,-0.09072736562426291,0.0,0.12003135922700824,0.0,-0.1428571428571435,0.18033392693348663,0.22732614059365788,0.017680305435139255
CSO-18-9B-MAMOLO-CorrEtiq.txt,0.0,0.0,0.0,4.567338516011308,0.9956707467898537,-0.27272727272727276,0.21381707750421428,0.25045319213683276,0.0,-0.16689895038175379,0.0,-2.0460718712266464,0.8749612354448137,1.2429468330790463,-0.5485644022941525
CSO-8-3A-AIPRBR-CorrEtiq.txt,0.0,0.0,0.0,2.4079867890796303,-1.0652910459889986,-0.8077806958015601,-1.1046718447845705,0.40718927884743,0.0,0.1151502012091598,0.0,-0.5527512143002193,0.0,0.3174279948054612,-0.34698588671602737
CSO-8-3A-DAPAVA-CorrEtiq.txt,0.0,0.0,0.0,3.026792770241245,0.7751241440518404,-0.1399720083972009,-0.042678959977632026,-0.21484589961499556,0.0,0.10340025998735565,0.0,-1.5363235390801446,0.5067717857912784,1.013727351832824,-0.4347401584289132
CSO-8-3A-KVPECO-CorrEtiq.txt,0.0,0.0,0.0,2.42368682334456,-1.2285425390218832,-0.586999101788222,-1.2699038548548718,0.38071265254090353,0.0,0.28869686924394555,0.0,-0.43323974949218264,-0.17951484354608027,-0.08095801527651551,-0.08417289291047216
CSO-8-4A-ARAGR-CorrEtiq.txt,0.0,0.0,0.0,3.657987431680412,0.469357614740611,-0.7821388525979035,0.1896467816969176,-0.5976590607823926,0.0,0.16440638388094636,0.0,-1.2246276006137782,0.09846346825973801,0.39446089026515396,-0.6172446492902757
CSO-8-4A-JRAAR-CorrEtiq.txt,0.0,0.0,0.0,3.48424659017625,-1.544405320765597,-1.1744356178769584,-1.5959177938178903,-1.2272300584257896,0.0,-0.1244266276042782,0.0,-0.710730212030209,0.011856813407948216,0.04657182117486609,-1.2147941387285244
CSO-9-2A-EXMOCO-CorrEtiq.txt,0.0,0.0,0.0,2.7825143739953084,-1.0162612288412374,-0.8964547682160203,-1.0398963753512473,0.460335672850556,0.0,-0.17586311452816383,0.0,-0.5098031071534919,-0.078278628546475,0.11467344151338991,0.5072435239549116
CSO-9-4A-AGAPE-CorrEtiq.txt,0.0,0.0,0.0,1.7771220667577214,0.09949014351838024,-0.9358480629091961,-0.04086556687502073,-0.46258213799769105,0.0,0.26447893598524624,0.0,-0.374793390634905,-0.20943278361292655,-0.11405561609622542,-0.25894917984558397
CSO-9-4A-DKVIMO-CorrEtiq.txt,0.0,0.0,0.0,3.1063820707852345,-1.101696445967087,-0.8658119656040476,-1.1209514113057326,-0.5878685710093308,0.0,0.2639080587185196,0.0,-0.6128432546826983,-0.2475982884705384,-0.08528783877864084,-0.7125319170068858
CSO-9-4A-DSMOMU-CorrEtiq.txt,0.0,0.0,0.0,3.517632353407242,-0.6519041681304218,-0.6989262981388241,-0.6611099775215864,-0.8628403050799635,0.0,0.13859884169577505,0.0,-0.9014559575573265,0.10581482206255349,0.1977880831883631,-0.5895078443388125
CSO-9-4A-DVGATO-CorrEtiq.txt,0.0,0.0,0.0,3.3528632305688078,-0.1428571428571428,-0.4101515562147981,-0.24196695924791364,-0.10482848367219193,0.0,0.09877295966495862,0.0,-1.5739800077108326,0.500710126760348,0.8516566282210671,-0.40747439998452933
CSO-9-4A-EGCAMO-CorrEtiq.txt,0.0,0.0,0.0,3.2459662860224494,0.3617405419761634,-0.2073322113708271,-0.17523910832213846,0.15589120786141744,0.0,0.16529490122682156,0.0,-1.243163121016123,0.23904572186687895,0.4822045432852147,-0.3800086670926017
CSO-9-4A-FAGIGA-CorrEtiq.txt,0.0,0.0,0.0,1.8120925812093325,1.0276310504483774,0.3225024229492256,0.3943159307570554,-0.9032638836570022,0.0,0.01606964061418366,0.0,-1.5366688999903393,0.024640741147325212,0.5100174846048062,-0.9466250174654279
CSO-9-4A-GSBRCO-CorrEtiq.txt,0.0,0.0,0.0,3.8520034719804137,-0.8455029427555518,-0.27397274729127674,-0.8795074896120927,0.10752538334026161,0.0,0.17673861549935144,0.0,-1.4265846522264445,0.24025448635939733,0.6897628873951361,-0.5134413517935834
CSO-9-4A-KEMOCO-CorrEtiq.txt,0.0,0.0,0.0,3.7141760564902735,-1.033799224835226,-0.9359364676041582,-1.057258628034587,0.36089829320863265,0.0,0.15978803414789916,0.0,-0.6312175918475987,0.17523910832213846,0.12090390928968746,-0.3815706319961992
CSO-9-4A-LCOMO-CorrEtiq.txt,0.0,0.0,0.0,2.7990234679439037,0.9101435036835077,-0.6775109501384748,0.20015593721585742,0.2699117510053157,0.0,-0.15322954750255258,0.0,-0.9692181106291535,0.4379368221758524,0.7052860427039912,0.10058429781970096
CSO-9-4A-MLORO-CorrEtiq.txt,0.0,0.0,0.0,4.02233740463772,-1.0459949717224581,-0.9372008849672813,-1.0643130707803192,0.933007822647968,0.0,0.12180387433834972,0.0,-1.0282121212709188,0.4292509250661549,0.5827035401441312,-0.586604073385753
CSO-9-4A-MPAME-CorrEtiq.txt,0.0,0.0,0.0,3.820403167910318,-0.0879674795282839,-0.8606557244333886,-0.47545206139228324,-1.2104845535337696,0.0,0.20513974946076557,0.0,-1.178297839507815,0.5083197618446504,0.3485973215698889,-1.3045425365312253
CSO-9-4A-NSARPA-CorrEtiq.txt,0.0,0.0,0.0,2.437573387809439,-0.2825385575524208,-0.8396745501585048,-0.2249601340008155,-0.8981856067402219,0.0,0.3941768655693933,0.0,-0.5735965761008248,-0.1882472478119941,-0.012960792769961604,-0.9480974043989728
CSO-9-4A-SLOCA-CorrEtiq.txt,0.0,0.0,0.0,3.6261708278461695,-1.1299148333604556,-0.899707243497644,-1.1513389576266568,0.48864943848825965,0.0,0.09411837077072456,0.0,-0.6629678997983681,0.3729589086014893,0.5270490741995135,0.33258918241297886
CSO-9-4A-YVDITR-CorrEtiq.txt,0.0,0.0,0.0,3.4651561972356926,-0.6325985730993655,-1.2931516513192816,-0.8784012568339661,1.308010145633177,0.0,-0.025147147360124404,0.0,-0.5767535421882451,0.3281235165166789,0.4166319679894477,-0.41287106459617184
