file,z_wc,z_nodes,z_edges,z_re,z_pe,z_l1,z_l2,z_l3,z_lcc,z_lsc,z_atd,z_density,z_diameter,z_asp,z_cc
CDMS-10-4A-JURAN,0.0,0.0,0.0,-0.3726719673100216,0.0,-0.516822685193427,0.0,0.0,-0.3272384761040716,0.0,0.0,0.0,-0.5749952761391988,-0.7719524221941771,1.2361050429169094
CDMS-10-5A-HEPIHO,0.0,0.0,0.0,-0.38262335793357327,0.0,-0.4034732923929645,0.0,0.0,-1.0290566877710081,0.0,0.0,0.0,-1.211427642984293,-1.1929545443148795,2.5591347433269824
CDMS-10-5A-KSRAGU,0.0,0.0,0.0,0.7701540462154052,0.0,-0.27435163058436723,0.0,0.0,-1.2543920721373087,0.0,0.0,0.0,-1.3152815573914787,-1.44861380748413,0.0
CDMS-10-5A-SROPU,0.0,0.0,0.0,-0.7423074889580903,-0.14285714285714288,-0.6595123052893255,-0.14285714285714288,0.0,-0.8148241115395536,-0.142857142857143,0.0,0.0,-1.3287423579943358,-1.4720430094838421,4.761687498493173
CDMS-10-5A-SZURO,0.0,0.0,0.0,-0.6657517139732941,-0.12168046219153206,-0.5948030041269223,-0.12168046219153206,0.0,-1.237699002238081,-0.12168046219153214,0.0,0.0,-1.2608093012821637,-1.2268634728040748,2.5425097894828435
CDMS-10-5B-SRAJA,0.0,0.0,0.0,0.11600596944841123,0.0,-0.20412414523193154,0.0,0.0,-1.8527342263463416,0.0,0.0,0.0,-1.0834726777719228,-1.2924683592531923,2.4541819864039263
CDMS-10-5C-DAAUSA,0.0,0.0,0.0,-0.46993539191520567,0.0,-0.4935283936974244,0.0,0.0,-1.5079637548162435,0.0,0.0,0.0,-1.0789669590006643,-1.6837883303520549,3.056077403805882
CDMS-10-5C-ICAPA,0.0,0.0,0.0,-0.8600031454737047,-0.12168046219153206,-0.5554071509017124,-0.12168046219153206,0.0,-1.3362704497874944,-0.12168046219153214,0.0,0.0,-1.5491722467674163,-1.8593719252884573,2.678565734730363
CDMS-10-5C-JFALGI,0.0,0.0,0.0,-0.5619514869490164,0.0,-0.5155800469472481,0.0,0.0,-1.3148159714544698,0.0,0.0,0.0,-1.5493088563659403,-1.8070307000308161,3.1797973380564852
CDMS-10-5C-MAORTO,0.0,0.0,0.0,0.0600320256227768,0.0,-0.14744195615489714,0.0,0.0,-1.0914418209102332,0.0,0.0,0.0,-0.9722648970076939,-1.1350535147203216,1.3211958826445545
CDMS-10-5C-NBEMO,0.0,0.0,0.0,-0.49302155714676976,-0.1593601286926538,-0.6445698263554571,-0.1593601286926538,0.0,-1.4891703558491252,-0.1676536162935092,0.0,0.0,-1.8830182287304824,-1.9276587029023293,5.367836594652404
CDMS-10-6B-ASCACO,0.0,0.0,0.0,-0.6712000278306509,-0.05025189076296061,-0.546465158068437,-0.05025189076296061,0.0,-0.517841575491633,-0.05025189076296065,0.0,0.0,-0.26331089896863835,-0.606212863700406,2.33381483702384
CDMS-10-6B-JJMOBE,0.0,0.0,0.0,-0.5074806214445559,0.0,-0.5745868196722704,0.0,0.0,-1.4339560708395005,0.0,0.0,0.0,-1.7528752906454317,-1.7163133096305399,2.700419044402029
CDMS-11-4A-GACHSA,0.0,0.0,0.0,-0.15724272550828775,-0.10050378152592122,-0.6633840072448055,-0.10050378152592122,0.0,-1.0659286151296097,-0.1005037815259213,0.0,0.0,-1.282919579212808,-1.3725894583848421,3.2809383283081988
CDMS-11-5A-EAARCA,0.0,0.0,0.0,-0.5086350724684324,-0.05025189076296061,-0.580923572418818,-0.05025189076296061,0.0,-0.1852174636947911,-0.05025189076296065,0.0,0.0,-0.906286514878536,-0.45441265599375225,2.531572849091181
CDMS-11-5A-MGTHAR,0.0,0.0,0.0,-0.4472135954999579,-0.29488391230979427,-0.8875442420661641,-0.29488391230979427,0.0,-1.7056682396827323,-0.3015113445777639,0.0,0.0,-1.4412768774536857,-1.8204373299482217,3.444890937105576
CDMS-11-6A-DFVEBE,0.0,0.0,0.0,0.3881077364118905,-0.17586311452816475,-0.6,-0.17586311452816475,0.0,-1.0702388536275744,-0.17586311452816492,0.0,0.0,-0.7191316957125192,-1.1225851998254888,1.4297939894130347
CDMS-11-6A-NMREPR,0.0,0.0,0.0,-0.6637354803286024,0.0,-0.5773502691896258,0.0,0.0,0.0,0.0,0.0,0.0,-0.7465405081339906,-0.9019897086394172,1.7243779841431806
CDMS-11-6B-ARAHE,0.0,0.0,0.0,-0.14042212824495628,0.0,-0.40824403421897804,0.0,0.0,-1.376222175879696,0.0,0.0,0.0,-1.589881719559217,-1.6200659573779612,3.193947323442393
CDMS-11-6B-AVROTO,0.0,0.0,0.0,-0.2731826811747883,0.0,-0.6004563094616783,0.0,0.0,-1.047701433518835,0.0,0.0,0.0,-1.4228311058369714,-1.5979162009977386,3.7904611345919585
CDMS-11-6B-EAFESA,0.0,0.0,0.0,0.9348296351013483,-0.05025189076296061,-0.40285512670499146,-0.05025189076296061,0.0,-1.6112317044305948,-0.05025189076296065,0.0,0.0,-1.188021204641513,-1.452577171185315,2.8550663086982926
CDMS-11-6B-EFRGR,0.0,0.0,0.0,-0.14995619779662062,-0.18999362988004814,-0.8211590074428434,-0.18999362988004814,0.0,-1.749224484265405,-0.19828711748090355,0.0,0.0,-1.762798133831469,-1.832582646591141,3.2338875411344135
CDMS-11-6B-EROCO,0.0,0.0,0.0,-1.292451670004799,-0.1593601286926538,-0.5503159418115537,-0.1593601286926538,0.0,0.10853619079386252,-0.15936012869265395,0.0,0.0,-0.78260627948393,-0.9547249284113392,2.7521260129336937
CDMS-11-6B-JACUPE,0.0,0.0,0.0,0.7595606410113271,0.0,-0.40285512670499146,0.0,0.0,-1.0375410726948553,0.0,0.0,0.0,-0.5246631215158608,-0.7468212100413598,1.214326295817409
CDMS-11-6B-JDCHBA,0.0,0.0,0.0,-0.5523306506331528,0.0,-0.6306910991508595,0.0,0.0,-1.2845994380884167,0.0,0.0,0.0,-1.564093916479592,-1.649910820572277,3.1825239621851216
CDMS-11-6B-JFSAHE,0.0,0.0,0.0,-0.5488085084764174,0.0,-0.49216105241892627,0.0,0.0,-0.8930947817476456,0.0,0.0,0.0,-1.3890418155031217,-1.226142732813544,2.7762325686964795
CDMS-11-6B-JLPENA,0.0,0.0,0.0,0.0,0.0,-0.4155813868856491,0.0,0.0,-0.9975093361076329,0.0,0.0,0.0,-1.2516524122557453,-1.2248625279872085,2.2096047024697585
CDMS-11-6B-JMARME,0.0,0.0,0.0,-0.4034732923929645,0.0,-0.5544954504367372,0.0,0.0,-1.0528542274652732,0.0,0.0,0.0,-1.025959322551722,-1.3274108074084723,3.39205243927078
CDMS-11-6B-JPSAMA,0.0,0.0,0.0,-0.7978737722502659,-0.14285714285714288,-0.6612233653467519,-0.14285714285714288,0.0,-1.4627579335913288,-0.142857142857143,0.0,0.0,-1.7159114852230992,-1.8627266218664007,4.994344054458923
CDMS-11-6B-LESTA,0.0,0.0,0.0,0.29872278452466006,-0.15418916028880825,-0.746674654480838,-0.1593601286926538,0.0,-1.7159444539887103,-0.15936012869265395,0.0,0.0,-1.799635073328022,-1.9253010540693498,3.419320754707863
CDMS-11-6B-MAGIMU,0.0,0.0,0.0,-0.5915167019106974,0.0,-0.6081636405595374,0.0,0.0,-1.9177464834210673,0.0,0.0,0.0,-1.8143062041063498,-2.0316808244039097,5.6408949021738195
CDMS-11-6B-MEBRTA,0.0,0.0,0.0,-0.3855033451498871,0.0,-0.36927447293799814,0.0,0.0,-0.7267168357848899,0.0,0.0,0.0,-1.3242443839434614,-1.3237117253706374,2.5869494955077283
CDMS-11-6B-MMAMO,0.0,0.0,0.0,0.4240944648399854,-0.14285714285714288,-0.5623916050338599,-0.14285714285714288,0.0,-2.143570698363862,-0.142857142857143,0.0,0.0,-1.444629055013851,-1.3448060293026034,5.430622213571758
CDMS-11-6B-RSECA,0.0,0.0,0.0,-0.9674982180417366,-0.1593601286926538,-0.7060848872781078,-0.1593601286926538,0.0,-0.6966968227065738,-0.15936012869265395,0.0,0.0,-1.1443893991150287,-1.243459961658545,2.6898295670067576
CDMS-11-6B-SCAPA,0.0,0.0,0.0,0.0,0.0,0.0,0.0,0.0,-0.8393311535603506,0.0,0.0,0.0,-0.8463791452222031,-0.9914766457817943,0.0
CDMS-11-6B-VZAPE,0.0,0.0,0.0,0.7674708990781742,-0.25264557631995566,-0.7559289460184544,-0.25264557631995566,0.0,-1.5396007178390014,-0.25264557631995593,0.0,0.0,-1.4043488133812247,-1.6846468354262223,4.279887710748433
CDMS-11-6B-YLNIME,0.0,0.0,0.0,-0.35784231722588683,-0.05025189076296061,-0.6192868172681889,-0.05025189076296061,0.0,-1.2470513843220496,-0.05025189076296065,0.0,0.0,-0.7991172106553666,-1.13597740037497,2.904334336633676
CDMS-11-7C-ICARE,0.0,0.0,0.0,0.30689232105147274,0.0,-0.29488391230979427,0.0,0.0,-0.8756720814542343,0.0,0.0,0.0,-1.2391152521447002,-1.1479629901152273,1.9351789134742938
CDMS-11-7C-IMOIB,0.0,0.0,0.0,-0.5133306629952825,-0.17586311452816475,-0.6230811713779821,-0.17586311452816475,0.0,-1.7349990697515856,-0.17586311452816492,0.0,0.0,-1.8775696862140325,-2.1590884840757596,5.090316098586014
CDMS-11-7C-SALMA,0.0,0.0,0.0,-0.44850407374837853,-0.2109329118002185,-0.7213512857626578,-0.21676993955124668,0.0,-0.9617401657268434,-0.21676993955124685,0.0,0.0,-0.8386519619792546,-0.8694133066141034,3.939715225859384
CDMS-11-7C-SPGAVE,0.0,0.0,0.0,0.7594287741946406,0.0,-0.37791507234026617,0.0,0.0,-1.3008468286520787,0.0,0.0,0.0,-1.5141098976258336,-1.552344305479546,3.9079835694231635
CDMS-12-5A-SRIGO,0.0,0.0,0.0,-0.6768548551106648,-0.12168046219153206,-0.5212235918591638,-0.12168046219153206,0.0,-2.082834701596177,-0.12168046219153214,0.0,0.0,-1.9142878603716533,-2.03091998288075,4.072396064406191
CDMS-12-6A-FAROPA,0.0,0.0,0.0,0.04816040361725069,-0.18657749808881743,-0.67616261518495,-0.18999362988004814,0.0,-1.4408671557926747,-0.1899936298800483,0.0,0.0,-0.8534829701109363,-1.3535483456241684,3.5175501264282625
CDMS-12-6A-JGIGA,0.0,0.0,0.0,-0.7843441602551275,-0.21592189446647253,-0.7559289460184544,-0.2294157338705618,0.0,-1.1351915229662495,-0.229415733870562,0.0,0.0,-1.1973421894279312,-1.613346084929968,3.536052246724122
CDMS-12-6A-JSOTGU,0.0,0.0,0.0,-0.28600643606797693,-0.05025189076296061,-0.4792306540929403,-0.05025189076296061,0.0,-0.05293385049304404,-0.05025189076296065,0.0,0.0,-0.6161542416907277,-0.6597586269351707,2.6313214359800927
CDMS-12-6A-SROAL,0.0,0.0,0.0,-0.5829603007014702,-0.10050378152592122,-0.5044566789039913,-0.10050378152592122,0.0,-1.4931323990537424,-0.1005037815259213,0.0,0.0,-1.5251302357901735,-1.5993306507120617,4.193661755128257
CDMS-12-6B-IJDAGA,0.0,0.0,0.0,-0.4672567184860485,0.0,-0.43643578047198484,0.0,0.0,-0.7163576123020358,0.0,0.0,0.0,-0.634183555833593,-0.4661206389575187,2.6387416664134067
CDMS-12-6B-SCLAG,0.0,0.0,0.0,0.22719774405859428,-0.29441854080047136,-0.4151616847875802,-0.29441854080047136,0.0,-1.282546885427727,-0.2944185408004716,0.0,0.0,-1.186978171299674,-1.2987789566421863,2.7964718478573896
CDMS-12-7C-ARAHE,0.0,0.0,0.0,-0.08583305415739954,-0.2294157338705618,-0.75,-0.2294157338705618,0.0,-1.706976498620305,-0.22552540122880085,0.0,0.0,-1.787523430933295,-1.7956204636227415,4.979936019227194
CDMS-12-7C-CATRAR,0.0,0.0,0.0,-0.5195070814228795,-0.10050378152592122,-0.6989262981388241,-0.10050378152592122,0.0,-1.02804146771015,-0.1005037815259213,0.0,0.0,-1.152880417462413,-1.2446663927262167,3.2150472079062458
CDMS-12-7C-DLOLO,0.0,0.0,0.0,0.7605636284256987,-0.10206207261596577,-0.8342521118680236,-0.10206207261596577,0.0,-2.1101317873088856,-0.10206207261596584,0.0,0.0,-0.6504967461129718,-1.3144353542614435,3.376775138450462
CDMS-12-7C-JSZAOR,0.0,0.0,0.0,-0.9235870916292206,0.0,-0.3684033128631489,0.0,0.0,0.11470786693528048,0.0,0.0,0.0,-0.313249199809574,-0.37454965741412316,1.5062174930905075
CDMS-12-7C-MAROBE,0.0,0.0,0.0,-0.708313463893076,-0.10050378152592122,-0.48589439152964253,-0.10050378152592122,0.0,-1.5109974895010447,-0.1005037815259213,0.0,0.0,-1.6236443035335233,-1.8883454656878333,4.8898597184979185
CDMS-12-7C-VMAPA,0.0,0.0,0.0,-0.8489434988136493,-0.05025189076296061,-0.5590326617198029,-0.05025189076296061,0.0,-0.6380799069575249,-0.05025189076296065,0.0,0.0,-0.8592849025043311,-1.2443197402309933,2.7317977995784624
CDMS-12-7C-VQURA,0.0,0.0,0.0,-0.5582234686928769,0.0,-0.5257651964044352,0.0,0.0,-1.243017965315766,0.0,0.0,0.0,-1.1893990437566808,-1.6190028502780016,2.4613577998487752
CDMS-13-6B-ASUMO,0.0,0.0,0.0,-0.7177405625652735,0.0,-0.4843221048378526,0.0,0.0,-0.5966230663827382,0.0,0.0,0.0,-1.322032112162741,-1.44391505606554,2.864171151001224
CDMS-13-6B-JDTAHE,0.0,0.0,0.0,-0.46852128566581813,0.0,-0.4525696378552518,0.0,0.0,0.0,0.0,0.0,0.0,-0.39411590014501036,-0.27923345593758775,2.2528250673989256
CDMS-13-7C-MVEAR,0.0,0.0,0.0,0.10259783520851551,-0.14285714285714288,-0.48705678739484887,-0.14285714285714288,0.0,-0.5362642546547903,-0.16552117772047373,0.0,0.0,-0.6966641990938606,-0.7848059919792033,2.525712165522474
CDMS-13-7C-RAIZAC,0.0,0.0,0.0,-0.5141238328839701,0.0,-0.20173664619648224,0.0,0.0,-0.739012963146283,0.0,0.0,0.0,-0.5639749222832136,-0.9222692855611028,2.661182171388944
CDMS-13-7C-SSOSLO,0.0,0.0,0.0,0.053748069672560427,-0.1593601286926538,-0.46565945526157054,-0.1593601286926538,0.0,-2.2469345799280394,-0.17069214612431932,0.0,0.0,-2.002248643992803,-2.132848460337846,4.4743228244256725
CDMS-14-10A-IMORTO,0.0,0.0,0.0,-0.8405264074603636,0.0,-0.42635896597368905,0.0,0.0,-1.2963573641715296,0.0,0.0,0.0,-1.6270780313525814,-1.7708600348954955,3.301648535811608
CDMS-14-10A-JCVANI,0.0,0.0,0.0,-0.46279762485732295,0.0,-0.4843221048378526,0.0,0.0,-1.2310418016971532,0.0,0.0,0.0,-1.386750490563073,-1.547960546294626,3.2099658712665673
CDMS-14-5A-LSDUCO,0.0,0.0,0.0,1.437113956611184,-0.4048475445740083,-0.3896301943222038,-0.44202681906675734,-0.06769405236097863,-2.5084141764365193,-0.45261493815149406,0.0,0.0,-1.4292533906276832,-1.772231698233207,4.479738231077456
CDMS-14-6B-KDCAHE,0.0,0.0,0.0,-0.26919356138966577,0.0,-0.47339107761551774,0.0,0.0,-1.661143102858777,0.0,0.0,0.0,-1.5991019915370976,-1.7401841541005698,2.9543312705222737
CDMS-15-10A-AMALOS,0.0,0.0,0.0,-0.5389955533050277,-0.20412414523193154,-0.2863643759420086,-0.20412414523193154,0.0,-1.120299971680801,-0.20412414523193168,0.0,0.0,-0.8300169502868903,-1.204477368205199,3.159309612191737
CDMS-15-10A-JJMACH,0.0,0.0,0.0,-0.6796808374591827,-0.18999362988004814,-0.6285246625412937,-0.18999362988004814,0.0,-1.7946747035812833,-0.1899936298800483,0.0,0.0,-1.5167904532557197,-1.9295882677600957,5.11401507776859
CDMS-15-10A-MAALCA,0.0,0.0,0.0,0.521287389949049,-0.1734906440445372,0.0,-0.1734906440445372,0.0,-2.00847771499464,-0.17349064404453735,0.0,0.0,-1.062184609877946,-1.3238918105902528,1.3084659572268977
CDMS-15-10A-MAALRI,0.0,0.0,0.0,-0.4285372672044642,-0.17586311452816475,-0.6152198555457548,-0.17586311452816475,0.0,-1.5919117696251721,-0.17586311452816492,0.0,0.0,-1.8087836004363669,-1.9469100645083557,4.845306051150414
CDMS-15-10A-SGOMO,0.0,0.0,0.0,-0.694687798234078,-0.17586311452816475,-0.6126872226034823,-0.17586311452816475,0.0,-1.8029285756647717,-0.17586311452816492,0.0,0.0,-1.7015331019061979,-2.0658513331890687,3.59638295090068
CDMS-15-10A-SHEGA,0.0,0.0,0.0,-0.571823370154915,0.0,-0.46852128566581813,0.0,0.0,-1.26524840678821,0.0,0.0,0.0,-1.2970777759814247,-1.5125371146227253,4.306758389099014
CDMS-15-11B-JEMOLO,0.0,0.0,0.0,0.0,-0.1655211777204736,-0.668042657122685,-0.17586311452816475,0.0,-1.4248870236980298,-0.17586311452816492,0.0,0.0,-1.502320187001574,-1.364066723879187,3.7483371641001604
CDMS-15-11B-VSAHO,0.0,0.0,0.0,-0.5407478227084044,-0.1593601286926538,-0.6114104913397551,-0.1593601286926538,0.0,-1.1877731344898432,-0.15936012869265395,0.0,0.0,-1.1997403692254656,-1.3614280449263676,3.672309484327463
CDMS-16-10A-SGALO,0.0,0.0,0.0,-0.4843221048378526,0.0,-0.4034732923929645,0.0,0.0,-0.9697185406927668,0.0,0.0,0.0,-1.165543034828717,-1.3139305498789677,3.9499974552124693
CDMS-16-11B-NGABE,0.0,0.0,0.0,-0.7395574287415743,-0.2634986034521615,-0.6770184988463601,-0.2634986034521615,0.0,-1.570472826442853,-0.2647341126370907,0.0,0.0,-1.5567977923591199,-1.9368819238895205,5.397482754036613
CDMS-17-10A-ASSAMO,0.0,0.0,0.0,-0.44526503989390664,0.0,-0.24103065509525873,0.0,0.0,-0.9097178979923048,0.0,0.0,0.0,-0.3902659763013355,-0.6473470099142489,1.8160783751776313
CDMS-18-7C-VVECA,0.0,0.0,0.0,-0.4272290587268168,0.0,0.0,0.0,0.0,-1.0792307950196929,0.0,0.0,0.0,-0.888079723612614,-1.3112233550135086,2.0148906201111103
CDMS-8-4A-DBEVA,0.0,0.0,0.0,-0.24613886722107314,0.0,-0.48570226039551584,0.0,0.0,-0.7563258778543012,0.0,0.0,0.0,-0.550651647640309,-1.0123497614402315,1.9851651435264914
CDMS-8-4A-DJAVDA,0.0,0.0,0.0,-0.670820393249937,0.0,-0.4034732923929645,0.0,0.0,-1.1968772207680725,0.0,0.0,0.0,-1.238610518228398,-1.3090307277468012,0.25416428388767437
CDMS-8-4A-DOSTR,0.0,0.0,0.0,-0.2830552572957411,-0.12168046219153206,-0.5090914377853487,-0.12168046219153206,0.0,-1.1079471163370913,-0.12168046219153214,0.0,0.0,-1.354425097976622,-1.5295638610546538,2.7147989026981656
CDMS-8-4A-LGOPA,0.0,0.0,0.0,-0.25264557631995566,-0.17586311452816475,-0.8056639186560838,-0.17586311452816475,0.0,-1.810524471801013,-0.17586311452816492,0.0,0.0,-1.8829377433825436,-2.019832262698507,2.6794471352127975
CDMS-8-4C-JDBUTU,0.0,0.0,0.0,-0.3144854510165755,0.0,-0.48705678739484887,0.0,0.0,-0.9969277961190804,0.0,0.0,0.0,-1.4556262527840071,-1.593754713114988,4.358898943540673
CDMS-9-4A-ACDUTR,0.0,0.0,0.0,-0.3865556717425342,0.0,-0.5619514869490164,0.0,0.0,-1.5030995854289613,0.0,0.0,0.0,-1.3805861569821654,-1.9193730065337509,3.216316334664562
CDMS-9-4A-CARGA,0.0,0.0,0.0,1.1267017132524328,-0.20412414523193154,-0.5343686194352935,-0.20412414523193154,0.0,-1.952693048992887,-0.21059826340982918,0.0,0.0,-1.5846031794697206,-1.7509131673823934,3.031642414396983
CDMS-9-4A-CRAAG,0.0,0.0,0.0,0.20198844988866643,-0.17586311452816475,-0.43643578047198484,-0.17586311452816475,0.0,-1.6742408374062443,-0.17586311452816492,0.0,0.0,-0.6893346272986143,-0.9868493996958863,2.4311931844368257
CDMS-9-4A-EROHI,0.0,0.0,0.0,-0.6507924731957714,-0.14285714285714288,-0.6081636405595374,-0.14285714285714288,0.0,-2.4700541117908923,-0.142857142857143,0.0,0.0,-1.8883230002151592,-2.1747520291783418,6.285183177743301
CDMS-9-4A-ILOSE,0.0,0.0,0.0,-0.13694100511285334,-0.14285714285714288,-0.6612233653467519,-0.14285714285714288,0.0,-1.8675837910569508,-0.142857142857143,0.0,0.0,-1.7602160821154045,-1.9908975012093608,4.245416399041894
CDMS-9-4A-TGAFR,0.0,0.0,0.0,-0.6880049445303896,-0.1593601286926538,-0.5925408180260243,-0.1593601286926538,0.0,-0.625165034139854,-0.15936012869265395,0.0,0.0,-1.3159879365467884,-1.3028069263437212,2.248715006148072
CDMS-9-4C-SCAMO,0.0,0.0,0.0,-0.645818533288947,0.0,-0.4071892788474301,0.0,0.0,-0.5316285721744229,0.0,0.0,0.0,-0.5129891760425771,-1.0318692125822866,3.5285068000700868
CDMS-9-5A-ABERO,0.0,0.0,0.0,0.3015113445777636,0.0,-0.5794738635559413,0.0,0.0,-1.0886621079036345,0.0,0.0,0.0,-0.9735086637523159,-1.0958289240537324,3.1353516123185856
CDMS-9-5A-PAGACO,0.0,0.0,0.0,-0.111149234670686,0.0,-0.6236095644623236,0.0,0.0,-1.3150239128558288,0.0,0.0,0.0,-1.382169652739258,-1.4265029100433264,3.5093515383962592
CDMS-9-5A-VVAAR,0.0,0.0,0.0,-0.5544954504367372,0.0,-0.42008402520840293,0.0,0.0,-0.7924058156930618,0.0,0.0,0.0,-0.9769116251168077,-0.9239377216063652,2.7501436348783983
CDMS-9-5C-JDMADE,0.0,0.0,0.0,0.7663560447348133,0.0,0.0,0.0,0.0,-0.7078383972965655,0.0,0.0,0.0,-0.7917689358154576,-1.2007000416651723,0.0
CDMS-9-5C-LVIZAC,0.0,0.0,0.0,0.0,0.0,0.0,0.0,0.0,-0.6919625283958659,0.0,0.0,0.0,-1.2266391377513106,-1.2097201546217689,0.0
CDMS-9-5C-MLOGO,0.0,0.0,0.0,-0.6499490418431115,0.0,-0.6223265732471205,0.0,0.0,-0.919968656485286,0.0,0.0,0.0,-1.0521079216864502,-1.4594157175310993,2.7199634014461713
CDMS-9-5C-SCAAG,0.0,0.0,0.0,-0.4843221048378526,0.0,-0.5465357250000211,0.0,0.0,-1.3172534954141468,0.0,0.0,0.0,-1.3248915294907464,-1.4264082866653036,3.4340307541534196
CDMS-XX-10A-VGILO,0.0,0.0,0.0,-0.4513932349207526,-0.2353735134189795,-0.5233325257455212,-0.2353735134189795,0.0,-2.1362786357577783,-0.24517428277237036,0.0,0.0,-1.6794584740961727,-1.988657646870867,4.794014582808172
CDMS-XX-5C-MJSARU,0.0,0.0,0.0,-0.7482306854057647,0.0,-0.5696508780693211,0.0,0.0,-0.9823201558980195,0.0,0.0,0.0,-1.019755533629376,-1.3207033448197567,3.938743974475546
CDMS-XX-5C-MPCAQU,0.0,0.0,0.0,-0.35269824055713217,-0.12168046219153206,-0.5813295454981373,-0.12168046219153206,0.0,-0.5498581493853398,-0.12168046219153214,0.0,0.0,-0.6012480626827285,-0.6735911594003638,2.527169658750282
CDMS-XX-6A-MAGICA,0.0,0.0,0.0,-0.6847119940957642,0.0,-0.4936258837698759,0.0,0.0,-0.9669133187761566,0.0,0.0,0.0,-1.2190939213834406,-1.3093400244384967,3.110452363198627
CDMS-XX-6B-SPUCA,0.0,0.0,0.0,-0.4396787718714283,0.0,-0.4034732923929645,0.0,0.0,-0.6030226891555271,0.0,0.0,0.0,-0.6030226891555271,-0.8438437375035663,1.3330457296374176
CSO-10-4A-ICAPA,0.0,0.0,0.0,0.15869052997272617,-0.10050378152592122,-0.5484297659134023,-0.10050378152592122,0.0,-1.800319996524977,-0.1005037815259213,0.0,0.0,-1.3712940728538072,-1.9033968961937453,3.8880062670801063
CSO-10-4A-KCOMO,0.0,0.0,0.0,-0.7018100265975372,-0.25264557631995566,-0.8945093352064536,-0.25264557631995566,0.0,-0.6741850601741223,-0.25264557631995593,0.0,0.0,-1.0191303201465747,-0.9909196790654092,3.1423280575649244
CSO-10-4A-LRAVI,0.0,0.0,0.0,-1.1470786693528088,-0.14285714285714288,-0.6527533657682195,-0.14285714285714288,0.0,-0.6679180012570449,-0.142857142857143,0.0,0.0,-1.5823159496090755,-1.4391142462916076,3.604819469001868
CSO-10-4A-LSCAVA,0.0,0.0,0.0,-0.4843221048378526,0.0,-0.5310850045437944,0.0,0.0,-0.9538209664765316,0.0,0.0,0.0,-1.449067264897812,-1.5665917516144399,3.3938868381521115
CSO-10-5A-ACAVA,0.0,0.0,0.0,-0.8496601585286936,0.0,-0.5155800469472481,0.0,0.0,-0.6711225593785382,0.0,0.0,0.0,-1.253159823694312,-1.2411973540354586,3.0000000000000004
CSO-10-5A-ARACA,0.0,0.0,0.0,0.0,0.0,0.0,0.0,0.0,-0.26699099892115974,0.0,0.0,0.0,-0.13897231638362395,-0.7134626751785264,0.0
CSO-10-5A-DABRZA,0.0,0.0,0.0,0.4571443992078604,0.0,-0.5465357250000211,0.0,0.0,-1.620779764691384,0.0,0.0,0.0,-1.5541271114551294,-1.6701879103967283,4.375619716551094
CSO-10-5A-GZAMA,0.0,0.0,0.0,-0.09245003270420495,-0.2294157338705618,-0.7071067811865476,-0.2294157338705618,0.0,-1.6124791987170382,-0.229415733870562,0.0,0.0,-0.8397372473022733,-1.4754506266515188,3.7595199378495994
CSO-10-5A-IPECA,0.0,0.0,0.0,0.009674694441446943,-0.25264557631995566,-0.6491747624409235,-0.25264557631995566,0.0,-2.472134609739065,-0.24578245963040532,0.0,0.0,-1.8065755772774859,-2.197485650985522,4.599711357025701
CSO-10-5A-JANORO,0.0,0.0,0.0,-0.7908698414239055,-0.05025189076296061,-0.5580938230699164,-0.05025189076296061,0.0,-0.6287183924471107,-0.05025189076296065,0.0,0.0,-0.8540099211432848,-0.9358698514859689,2.278108168662163
CSO-10-5A-JBUVE,0.0,0.0,0.0,-0.5175218286277214,0.0,-0.6236095644623236,0.0,0.0,-1.374731843105934,0.0,0.0,0.0,-1.6183799537911248,-2.0378581967250264,4.95000853010481
CSO-10-5A-JJSEMO,0.0,0.0,0.0,0.45283914488396476,0.0,0.0,0.0,0.0,-1.4406725005679386,0.0,0.0,0.0,-0.9169330606175112,-1.3629444545793241,1.32499555406466
CSO-10-5A-JLCARI,0.0,0.0,0.0,-0.8044551360402054,-0.05025189076296061,-0.5131938331320567,-0.05025189076296061,0.0,-0.9702859327889806,-0.05025189076296065,0.0,0.0,-1.58072785176196,-1.73217076852638,3.0211554243079934
CSO-10-5A-MAARAN,0.0,0.0,0.0,-0.2169815183013731,-0.20412414523193154,-0.7080124164434932,-0.20412414523193154,0.0,-1.573267669113956,-0.20412414523193168,0.0,0.0,-1.7850789084916585,-1.6429008055971372,4.179042595119926
CSO-10-5A-MAOSMO,0.0,0.0,0.0,-0.4675040204694978,0.0,-0.4843221048378526,0.0,0.0,-0.8747345813910481,0.0,0.0,0.0,-1.2338709387041689,-1.2421212080594302,2.3358819951627687
CSO-10-5A-RVMOIB,0.0,0.0,0.0,-0.571823370154915,-0.14285714285714288,-0.5324915566244339,-0.14285714285714288,0.0,-1.3826088598853072,-0.142857142857143,0.0,0.0,-1.1231609722086888,-1.5868722492571836,4.66201735119504
CSO-10-5A-SVHEES,0.0,0.0,0.0,-0.5,-0.17586311452816475,-0.7165107536316874,-0.17586311452816475,0.0,-1.4316730049065953,-0.17586311452816492,0.0,0.0,-1.2526977562592674,-1.5524209379819967,3.4538147237632897
CSO-11-5A-MDVOSPE,0.0,0.0,0.0,-0.3202833664712358,-0.17586311452816475,-0.5630517172662932,-0.17586311452816475,0.0,-1.5712614308599169,-0.17586311452816492,0.0,0.0,-1.1494953487196513,-1.4941655421122282,2.0531878306260594
CSO-11-5A-MTAGA,0.0,0.0,0.0,0.0,0.0,-0.36927447293799814,0.0,0.0,-0.7849381869596811,0.0,0.0,0.0,-0.9140963416450408,-1.0833674150592638,2.29128784747792
CSO-11-6A-CAPAMU,0.0,0.0,0.0,-0.37006502577485845,0.0,-0.49373333911071626,0.0,0.0,-1.3685648809075972,0.0,0.0,0.0,-1.0028149680069345,-1.6703586542801023,3.168339920265714
CSO-11-6A-DSCACH,0.0,0.0,0.0,-0.735454232224251,0.0,-0.4525696378552518,0.0,0.0,-1.0474961559040286,0.0,0.0,0.0,-1.0619131671036404,-1.4673163438357446,1.7918827787463845
CSO-11-6A-EROMO,0.0,0.0,0.0,-0.9323002501963429,0.0,-0.6391014819458268,0.0,0.0,-1.341499010966607,0.0,0.0,0.0,-1.6628453453018721,-1.9232443551766578,4.186538063019583
CSO-11-6A-FSOVRE,0.0,0.0,0.0,-0.7165107536316874,0.0,-0.5570860145311556,0.0,0.0,-1.0787649147949248,0.0,0.0,0.0,-1.4524080181184937,-1.5127561144502628,3.6231504924387288
CSO-11-6B-ANREVA,0.0,0.0,0.0,-0.48271238967099045,0.0,-0.4890210014980838,0.0,0.0,-1.0549642358112867,0.0,0.0,0.0,-1.1435774392724989,-1.3217907273338068,3.7476727087844206
CSO-11-6B-DISEMO,0.0,0.0,0.0,-0.46951930454771706,-0.1523139633789264,-0.7792771366191527,-0.1523139633789264,0.0,-0.8542228549422144,-0.1523139633789265,0.0,0.0,-1.2579218281725337,-1.3486224381101573,2.5275828207726274
CSO-11-6B-LHFDLACH,0.0,0.0,0.0,0.0,0.0,-0.4280214651241081,0.0,0.0,-1.5591713040238109,0.0,0.0,0.0,-1.3708207717009926,-1.7607992329357527,1.5021005394478824
CSO-11-6B-RJGIHE,0.0,0.0,0.0,-0.23995690956687118,0.0,0.0,0.0,0.0,-0.9986310739646672,0.0,0.0,0.0,-1.0408329997330663,-1.1456210528192479,0.0
CSO-11-6B-SFLVA,0.0,0.0,0.0,-0.8635228348655551,-0.25264557631995566,-0.8023607931387176,-0.25264557631995566,0.0,-1.2568844959361387,-0.25264557631995593,0.0,0.0,-1.0570828145641191,-1.4378224953023957,3.57082039941097
CSO-11-6B-VCOMA,0.0,0.0,0.0,-0.05901535926182468,0.0,-0.41995453643247466,0.0,0.0,-1.8918362091641976,0.0,0.0,0.0,-1.2504148754477367,-1.7398602506703247,3.0168770248654213
CSO-12-6A-DGISE,0.0,0.0,0.0,-0.5769784605263969,0.0,-0.47642169525183536,0.0,0.0,-1.1342864352828828,0.0,0.0,0.0,-1.1831317823660363,-1.2957665192123435,2.2649678822284978
CSO-12-6A-FJOVRE,0.0,0.0,0.0,-0.7390180736896077,0.0,-0.5094239208475371,0.0,0.0,-1.1596662079236641,0.0,0.0,0.0,-1.472014893245226,-1.558573887020964,2.9672950326412604
CSO-12-6B-GQULO,0.0,0.0,0.0,-0.39501448206774936,-0.17586311452816475,-0.624350912067779,-0.17586311452816475,0.0,-1.7533568634425536,-0.17586311452816492,0.0,0.0,-1.569752183319472,-2.11675318799216,5.265177624381083
CSO-12-6B-LJHEFE,0.0,0.0,0.0,-0.4673401368606952,0.0,-0.4043529619315933,0.0,0.0,-1.129941358839587,0.0,0.0,0.0,-1.6138645181014155,-1.8020387734362924,4.567101894740987
CSO-12-6B-VPAMA,0.0,0.0,0.0,0.35805743701971643,0.0,-0.7035264706814484,0.0,0.0,-1.7780227261070076,0.0,0.0,0.0,-1.6226173884476107,-1.9607831866513938,4.044424072025298
CSO-12-7A-DALRE,0.0,0.0,0.0,-0.4684458713465522,-0.17586311452816475,-0.7570606175928986,-0.17586311452816475,0.0,-0.8299104869733858,-0.17586311452816492,0.0,0.0,-0.6589449049748761,-1.077035192348835,2.8593062230342543
CSO-12-7A-ESALA,0.0,0.0,0.0,-0.16666666666666669,0.0,-0.3574839687590986,0.0,0.0,-0.4130536297943582,0.0,0.0,0.0,-1.0769429874439798,-1.0947305056726768,1.7133826955984333
CSO-12-7A-IMERO,0.0,0.0,0.0,-0.3684033128631489,0.0,-0.5013184171710485,0.0,0.0,-0.7834862628964321,0.0,0.0,0.0,-1.268936965832892,-1.2199930907573822,2.4933526606437746
CSO-12-7A-JHEZA,0.0,0.0,0.0,0.0,0.0,-0.4034732923929645,0.0,0.0,-0.5331206627912339,0.0,0.0,0.0,-0.8100032246357646,-1.0908339330422245,0.0
CSO-12-7A-LSARAR,0.0,0.0,0.0,-0.6652176162942878,-0.12168046219153206,-0.6271606687457908,-0.12168046219153206,0.0,-1.7788392352383835,-0.12168046219153214,0.0,0.0,-1.6643937287198312,-2.076303508430722,4.606127154599784
CSO-12-7A-SCAHO,0.0,0.0,0.0,-0.35633158904644796,0.0,-0.5619514869490164,0.0,0.0,-1.467755156809543,0.0,0.0,0.0,-1.4553906436423691,-1.8029744316294667,4.6315583768981865
CSO-12-7B-DVAGRO,0.0,0.0,0.0,-0.1759877852922509,0.0,-0.38637388266548134,0.0,0.0,-1.7733483621785495,0.0,0.0,0.0,-1.9504797316787497,-2.153736858125015,2.9784779155117596
CSO-12-7B-SMUGU,0.0,0.0,0.0,-0.711643585451541,0.0,-0.5310850045437944,0.0,0.0,0.02202461525053893,0.0,0.0,0.0,-0.45096500353837377,-0.5929011872641525,1.5116851378922511
CSO-12-7B-SSARA,0.0,0.0,0.0,-0.3144854510165755,0.0,-0.27486522501082566,0.0,0.0,-1.584343938988437,0.0,0.0,0.0,-1.4919136877222163,-1.6839207932222482,3.807111288443732
CSO-12-7B-VHOMA,0.0,0.0,0.0,-0.4034732923929645,0.0,-0.4843221048378526,0.0,0.0,-0.7267288480741981,0.0,0.0,0.0,-1.1137997253450436,-1.1180672859281926,2.1848716719353463
CSO-12-8A-YTOME,0.0,0.0,0.0,0.4968730149821544,-0.19245008972987523,-0.048564293117863255,-0.20412414523193154,0.0,-1.8118915782854472,-0.20412414523193168,0.0,0.0,-1.3939149044481256,-1.649367475111666,2.2927748867985813
CSO-13-6A-ANASA,0.0,0.0,0.0,-0.3865556717425342,-0.10050378152592122,-0.5488212999484517,-0.10050378152592122,0.0,-1.0383831705117124,-0.1005037815259213,0.0,0.0,-1.2655964955939838,-1.590650913737864,5.570281588239151
CSO-13-6B-JETAVE,0.0,0.0,0.0,-0.5300501894915234,-0.10050378152592122,-0.6132164383890908,-0.10050378152592122,0.0,-0.7885693523918474,-0.1005037815259213,0.0,0.0,-0.9639055353708941,-1.259255586904826,3.6489792709015956
CSO-13-6B-LFMIES,0.0,0.0,0.0,-0.5155800469472481,-0.10050378152592122,-0.5155800469472481,-0.10050378152592122,0.0,-1.262077816481404,-0.1005037815259213,0.0,0.0,-1.4919136877222163,-1.3687545559712624,3.271948920166432
CSO-13-6B-LJMAHU,0.0,0.0,0.0,-0.656755897022286,0.0,-0.5580830876349754,0.0,0.0,-0.8669320825782865,0.0,0.0,0.0,-1.2784870542880218,-1.3007746565232061,2.780595877494104
CSO-13-7A-CAPAMU,0.0,0.0,0.0,-0.3515615246553262,0.0,-0.4472135954999579,0.0,0.0,-1.1015207944770171,0.0,0.0,0.0,-1.2465004776815032,-1.4147200018770922,2.7180800111876793
CSO-13-7A-CDDITR,0.0,0.0,0.0,0.0,0.0,0.0,0.0,0.0,-0.030556616567607067,0.0,0.0,0.0,-0.20697347352168866,-0.29603391901242604,0.0
CSO-13-7A-JJATFL,0.0,0.0,0.0,-0.7611161702107174,-0.11794594312393925,-0.5517414132264173,-0.12168046219153206,0.0,-1.2631751328199465,-0.12168046219153214,0.0,0.0,-1.2769774768379263,-1.6632377780315744,3.463158354786408
CSO-13-7A-KRAMA,0.0,0.0,0.0,-0.49300649800371754,-0.138183448027043,-0.6068186430395439,-0.138183448027043,0.0,-1.6429315873410615,-0.1381834480270431,0.0,0.0,-1.4367309563225015,-1.9827965833540588,4.468118382445596
CSO-13-7A-RXCHLU,0.0,0.0,0.0,-0.4904999017914229,0.0,-0.517532408747532,0.0,0.0,-1.3670113860960371,0.0,0.0,0.0,-0.96963304939277,-1.3544149461194634,2.536953116333703
CSO-13-7A-YAMEZA,0.0,0.0,0.0,-0.4571443992078605,0.0,-0.7895420339517228,0.0,0.0,-1.8931178212625879,0.0,0.0,0.0,-1.6341143382057668,-2.0937884562680273,4.898979485566357
CSO-13-7A-YBOSO,0.0,0.0,0.0,-0.5155800469472481,0.0,-0.58481530992811,0.0,0.0,0.0,0.0,0.0,0.0,-1.157139081020409,-1.056278718998711,1.5080601192785001
CSO-13-8A-KIGAGU,0.0,0.0,0.0,0.4155813868856492,-0.22454435656953595,-0.5393308788692646,-0.2294157338705618,0.0,-1.5542008209786324,-0.229415733870562,0.0,0.0,-0.8704065458676145,-1.9026001600983051,4.293604857152671
CSO-13-8A-MBUAN,0.0,0.0,0.0,-0.5026028286234493,-0.10050378152592122,-0.6224199682387501,-0.10050378152592122,0.0,-1.6761154623083017,-0.1005037815259213,0.0,0.0,-1.6164477182409738,-1.832375753507026,3.1797973380564852
CSO-13-8A-MGAAN,0.0,0.0,0.0,0.0,0.0,0.0,0.0,0.0,-0.4189851898834761,0.0,0.0,0.0,-0.8131669596188168,-1.1039272549673507,0.0
CSO-13-8A-MGAHE,0.0,0.0,0.0,-0.7156416851692753,-0.10050378152592122,-0.5476184760636822,-0.10050378152592122,0.0,-0.8012438517734766,-0.1005037815259213,0.0,0.0,-1.2522302427606724,-1.3883044697272031,3.1181137475819187
CSO-13-8A-MJAGA,0.0,0.0,0.0,-0.3144854510165755,0.0,-0.36927447293799814,0.0,0.0,-1.3949716649258317,0.0,0.0,0.0,-1.7994831299247354,-1.8286833945179768,3.132089291177108
CSO-13-8A-VHODU,0.0,0.0,0.0,-0.8575894485643645,-0.14285714285714288,-0.4525696378552518,-0.14285714285714288,0.0,-0.46875467112769703,-0.16552117772047373,0.0,0.0,-1.149609989541993,-1.3031069346603055,2.8479773516657585
CSO-13-8B-FCJISA,0.0,0.0,0.0,0.0,0.0,0.0,0.0,0.0,0.0,0.0,0.0,0.0,0.0,0.0,0.0
CSO-13-8B-JEMABE,0.0,0.0,0.0,-0.3144854510165755,-0.14285714285714288,-0.6595123052893255,-0.14285714285714288,0.0,-2.1290898999562606,-0.142857142857143,0.0,0.0,-1.6525736108817584,-2.028928972071563,5.10341626053559
CSO-13-9B-DMLLLU,0.0,0.0,0.0,1.4501047335684953,-0.10050378152592122,-0.5089133578079825,-0.10050378152592122,0.0,-1.6687968911945392,-0.1005037815259213,0.0,0.0,-1.9290902566277328,-1.9181644492434877,2.5379967692532683
CSO-14-7A-MVEBE,0.0,0.0,0.0,-0.7298642062759382,-0.12168046219153206,-0.5576310368470917,-0.12168046219153206,0.0,-1.5156529249006163,-0.12168046219153214,0.0,0.0,-1.5251237444937091,-1.7922043466242588,2.663026299786915
CSO-14-7B-EALHU,0.0,0.0,0.0,-0.4525696378552518,0.0,-0.6546536707079772,0.0,0.0,-0.27955307234080484,0.0,0.0,0.0,-0.9969277961190806,-0.8992125169438161,1.9652939004426067
CSO-14-7B-EVEGO,0.0,0.0,0.0,-0.3515615246553262,0.0,-0.4843221048378526,0.0,0.0,-1.1851874369484305,0.0,0.0,0.0,-1.5652475842498532,-1.6792652062498583,2.910410933674339
CSO-14-8A-AQUMA,0.0,0.0,0.0,-0.6858690914933381,0.0,-0.5149599535224388,0.0,0.0,-0.4517279487285281,0.0,0.0,0.0,-1.0884439671974837,-1.1840268179673217,2.586749350513456
CSO-14-8A-MCIDOS,0.0,0.0,0.0,0.0,0.0,0.0,0.0,0.0,0.0,0.0,0.0,0.0,0.0,0.0,0.0
CSO-14-8A-SZARA,0.0,0.0,0.0,-0.8020217968245419,0.0,-0.6081636405595374,0.0,0.0,0.0,0.0,0.0,0.0,-0.5388159060803244,-0.7004500865013353,2.3441581113314856
CSO-14-8B-JLLORA,0.0,0.0,0.0,-0.5773502691896258,-0.10050378152592122,-0.5155800469472481,-0.10050378152592122,0.0,-1.125152090741411,-0.1005037815259213,0.0,0.0,-1.1650972784116211,-1.8121702711186616,3.5257599903598766
CSO-14-9A-AEDCAGO,0.0,0.0,0.0,-0.9723812481885868,-0.14285714285714288,-0.5623916050338599,-0.14285714285714288,0.0,-0.911666589367588,-0.142857142857143,0.0,0.0,-1.2484900554108675,-1.3253951095457999,3.4834262229475734
CSO-14-9A-HASACA,0.0,0.0,0.0,-0.5549326735045385,0.0,-0.5553863934487341,0.0,0.0,-1.5380517238945486,0.0,0.0,0.0,-1.7289111223528644,-2.14078322474909,4.739385932201781
CSO-14-9A-JSMAAL,0.0,0.0,0.0,-0.20412414523193154,0.0,-0.4714045207910317,0.0,0.0,-1.4838675486889337,0.0,0.0,0.0,-1.6157797391865731,-1.4996865148440475,3.4091182862394245
CSO-14-9A-MARJA,0.0,0.0,0.0,-0.5619514869490164,0.0,-0.46852128566581813,0.0,0.0,-1.4230300570750953,0.0,0.0,0.0,-1.3130578250430875,-1.720576963823808,2.869014795927185
CSO-14-9A-SORZU,0.0,0.0,0.0,-0.29934510340428,0.0,-0.4218125296597075,0.0,0.0,-0.7444648431848451,0.0,0.0,0.0,-0.9350381663250282,-1.2376002326989506,1.7034078574488585
CSO-14-9B-ERAGA,0.0,0.0,0.0,-0.44612420486334003,0.0,-0.4135012567072282,0.0,0.0,-1.2811825667855328,0.0,0.0,0.0,-1.4959377955314705,-1.402062770196311,3.2754220991118195
CSO-14-9B-MFEGA,0.0,0.0,0.0,0.7516283835227735,0.0,-0.07902950546607491,0.0,0.0,-2.0051968222265866,0.0,0.0,0.0,-2.0647416048350555,-2.0647416048350555,1.5496621735723695
CSO-15-10A-LJRAGU,0.0,0.0,0.0,0.08812824667115314,-0.2294157338705618,-0.8582753257354407,-0.2294157338705618,-0.10050378152592122,-2.0315810619207277,-0.23468632171871678,0.0,0.0,-0.7820343665106951,-1.3044671588066217,5.714968091716328
CSO-15-10A-MAARLO,0.0,0.0,0.0,0.2615927996371774,0.0,0.0,0.0,0.0,-0.7083483324232343,0.0,0.0,0.0,0.029389759850539567,-0.27179141357106557,0.0
CSO-15-10A-SFEGA,0.0,0.0,0.0,-0.33333333333333337,0.0,-0.645818533288947,0.0,0.0,-1.3390777426632823,0.0,0.0,0.0,-1.471243338821052,-1.8494674910903233,4.358898943540674
CSO-15-10B-MEBUAR,0.0,0.0,0.0,0.19407044055049968,0.0,-0.3144854510165755,0.0,0.0,-0.9977401101057177,0.0,0.0,0.0,-0.9526017926439984,-0.8940840917333343,0.0
CSO-15-10B-YVBUAN,0.0,0.0,0.0,-0.6315145204818278,0.0,-0.5310578859736346,0.0,0.0,-1.1820184026360605,0.0,0.0,0.0,-1.1186084701945087,-1.2039548551892805,2.7125226622892926
CSO-15-10C-ALBAHO,0.0,0.0,0.0,-0.5397814402407791,0.0,-0.48705678739484887,0.0,0.0,-0.16209739636179038,0.0,0.0,0.0,-0.6372395473602606,-0.5725195873938584,2.129791697923185
CSO-15-10C-SSCAMO,0.0,0.0,0.0,-0.25264557631995566,0.0,-0.37909048684359753,0.0,0.0,-1.1355101181778777,0.0,0.0,0.0,-1.3627702877384935,-1.5370844336483331,1.1316208912092558
CSO-15-11C-JETALO,0.0,0.0,0.0,-0.1734944795898725,0.0,-0.40532537907543725,0.0,0.0,-0.8170262306259579,0.0,0.0,0.0,-1.1492534203828313,-1.2016989873860342,2.494559636080843
CSO-15-7B-JCRAGA,0.0,0.0,0.0,-0.5756707012115153,0.0,-0.5488212999484517,0.0,0.0,-0.43584306416758883,0.0,0.0,0.0,-0.4430228684421301,-0.7894393519991015,1.8372165102180869
CSO-15-8A-VBMABR,0.0,0.0,0.0,-0.4943059932850434,-0.08793155726408237,-0.6960057061247558,-0.08793155726408237,0.0,-0.504530217164924,-0.08793155726408246,0.0,0.0,-0.9159414413198168,-0.774298492281547,3.496498519721272
CSO-15-8B-KEPOGO,0.0,0.0,0.0,-0.25264557631995566,-0.14285714285714288,-0.5488212999484517,-0.14285714285714288,0.0,-1.8246320669535745,-0.142857142857143,0.0,0.0,-2.0307741354343376,-2.1470969981143635,5.116716181063849
CSO-15-9B-ALRIHE,0.0,0.0,0.0,-0.02829559174871466,0.0,-0.4525696378552518,0.0,0.0,-1.338830397644914,0.0,0.0,0.0,-1.4420684983551408,-1.3488180594522174,3.783918713747805
CSO-15-9B-AMSAGO,0.0,0.0,0.0,-0.39947508351872413,0.0,-0.4280214651241081,0.0,0.0,-1.103793550413775,0.0,0.0,0.0,-1.2530552837351703,-1.2791772316396242,2.7311458271865066
CSO-15-9B-JCAPA,0.0,0.0,0.0,0.07706279322804935,-0.17586311452816475,-0.5155800469472481,-0.17586311452816475,0.0,-1.5821723558671452,-0.17586311452816492,0.0,0.0,-1.7970458047619675,-1.868952471059622,3.1011273687367624
CSO-15-9B-KSBEJA,0.0,0.0,0.0,-0.3144854510165755,-0.10050378152592122,-0.5544954504367372,-0.10050378152592122,0.0,-1.3017942237532454,-0.1005037815259213,0.0,0.0,-1.0741723110591495,-1.1364527245226401,3.891928870463791
CSO-15-9B-RMCHLU,0.0,0.0,0.0,-0.6499278797751833,-0.10050378152592122,-0.5906223804012691,-0.10050378152592122,0.0,-1.1622881988040128,-0.1005037815259213,0.0,0.0,-1.3834474027194243,-1.5024973363087568,3.896270029020304
CSO-15-9B-SJAGRO,0.0,0.0,0.0,-0.36927447293799814,0.0,-0.29488391230979427,0.0,0.0,-1.1393064297570794,0.0,0.0,0.0,-1.7269861484848288,-1.7709422290799934,0.0
CSO-16-10A-JEGAHE,0.0,0.0,0.0,-0.37796447300922725,0.0,-0.5696519211398117,0.0,0.0,-0.9237118468486648,0.0,0.0,0.0,-1.0633218075125037,-1.177607260183893,2.36857066096508
CSO-16-10A-MSACO,0.0,0.0,0.0,-0.5427204202399745,0.0,-0.5364799360395373,0.0,0.0,-1.8294286242604543,0.0,0.0,0.0,-2.217771380288556,-2.356967088340382,4.2916858273433425
CSO-16-10A-SARI,0.0,0.0,0.0,-0.25645755978549273,0.0,-0.599885118714188,0.0,0.0,-1.3169793094508948,0.0,0.0,0.0,-1.1525091359751058,-1.4667648211383777,2.1600552251102147
CSO-16-10A-SMOUT,0.0,0.0,0.0,-0.6467921186413514,-0.10050378152592122,-0.5427902274902658,-0.10050378152592122,0.0,-1.1815296295937647,-0.11794594312393933,0.0,0.0,-1.4116627568161864,-1.6674141858883953,4.174774641127968
CSO-16-10A-YKMUJO,0.0,0.0,0.0,-0.4928287549663511,-0.17586311452816475,-0.7955618811364304,-0.17586311452816475,0.0,-1.8854129131817754,-0.17586311452816492,0.0,0.0,-1.8193654283324974,-1.8348370185600702,3.7957954962684326
CSO-16-10B-JESUGU,0.0,0.0,0.0,-0.7461949408154517,0.0,-0.58481530992811,0.0,0.0,-1.0743075113322573,0.0,0.0,0.0,-1.4263673888474055,-1.7891122226153169,3.8522488920351003
CSO-16-10B-LTVIFA,0.0,0.0,0.0,-0.3736323588785367,-0.10050378152592122,-0.5544954504367372,-0.10050378152592122,0.0,-0.8020726894207711,-0.1005037815259213,0.0,0.0,-1.626417954172073,-1.5143888667074266,3.588759854290602
CSO-16-10B-VVILI,0.0,0.0,0.0,-0.8084665050386067,0.0,-0.6025571898485338,0.0,0.0,-0.6626231502372752,0.0,0.0,0.0,-1.199096198537255,-1.4000931895136843,3.645012415146753
CSO-16-10C-ACALGU,0.0,0.0,0.0,-0.4525696378552518,0.0,-0.4396787718714283,0.0,0.0,-1.3626680720450532,0.0,0.0,0.0,-1.5891232060636487,-1.5790131085307892,2.6765445561543837
CSO-16-10C-MAVAVE,0.0,0.0,0.0,-0.2294157338705618,0.0,-0.4034732923929645,0.0,0.0,-0.7682052165916639,0.0,0.0,0.0,-1.1185237286803937,-1.2411973540354586,1.1510401317944385
CSO-16-11A-JAVABO,0.0,0.0,0.0,0.0,0.0,0.0,0.0,0.0,0.0,0.0,0.0,0.0,0.0,0.0,0.0
CSO-16-11A-JDMUVA,0.0,0.0,0.0,-0.36927447293799814,0.0,-0.43643578047198484,0.0,0.0,-0.6449521435256604,0.0,0.0,0.0,-1.0476190476190474,-1.3910212892897356,3.391164991562634
CSO-16-11A-VZAOR,0.0,0.0,0.0,-0.4901072454331691,0.0,-0.44450270916361834,0.0,0.0,-1.559433613747025,0.0,0.0,0.0,-1.6322929091320595,-1.7585925026523204,3.722885103118628
CSO-16-11B-KRORE,0.0,0.0,0.0,-0.7196464645089624,-0.18999362988004814,-0.6132924094750993,-0.18999362988004814,0.0,-0.973701526609521,-0.19828711748090355,0.0,0.0,-0.8679308837651579,-1.2058998808711343,3.010568328374954
CSO-16-11B-LLOZA,0.0,0.0,0.0,0.0,-0.10050378152592122,-0.5241424183609591,-0.10050378152592122,0.0,-1.252431739015326,-0.1005037815259213,0.0,0.0,-1.474086948191004,-1.658846302412067,3.9170087764208175
CSO-16-11B-YAROMO,0.0,0.0,0.0,-0.39501448206774936,0.0,-0.42008402520840293,0.0,0.0,-1.2637619640020947,0.0,0.0,0.0,-1.894117069031045,-1.8379913911724604,4.435114101746616
CSO-16-9A-JALEMO,0.0,0.0,0.0,0.9447072562060433,0.0,-0.4174786463356137,0.0,0.0,-1.0290822436872786,0.0,0.0,0.0,-0.8547300760905099,-0.880671704245571,1.2298530941143497
CSO-16-9A-JPROSO,0.0,0.0,0.0,-0.73197454087181,-0.14285714285714288,-0.4936258837698759,-0.14285714285714288,0.0,-1.721566430659843,-0.142857142857143,0.0,0.0,-1.8857617985778614,-2.0395851906834297,4.0213404464263105
CSO-16-9A-JSMAGU,0.0,0.0,0.0,-0.645818533288947,0.0,-0.4034732923929645,0.0,0.0,-0.58935521991876,0.0,0.0,0.0,-0.7308294832576321,-1.04704577468585,2.486786438767535
CSO-16-9B-SJPAJI,0.0,0.0,0.0,-0.10873348286484763,-0.10206207261596577,-0.29406273927309423,-0.10206207261596577,0.0,-0.8214544515081996,-0.10206207261596584,0.0,0.0,-0.8679161250582962,-1.238622129542887,2.8446054363074973
CSO-17-10A-YVGOCA,0.0,0.0,0.0,-0.75,-0.34554737023254406,-0.1730969289631661,-0.35633158904644796,-0.10050378152592122,-2.081858105963355,-0.37363235887853635,0.0,0.0,-1.8686978069412494,-2.1549740719169503,3.8296535195611674
CSO-17-10B-EHECO,0.0,0.0,0.0,-0.40824403421897804,0.0,-0.3141086228215638,0.0,0.0,-0.9248244182423735,0.0,0.0,0.0,-1.0665902619414265,-0.9545778472169457,0.43201686789954385
CSO-17-10B-YCQUVE,0.0,0.0,0.0,0.0,0.0,-0.3865556717425342,0.0,0.0,-0.4780238381760794,0.0,0.0,0.0,-0.4676789803615859,-0.6627675268511704,1.362221611875122
CSO-17-11A-DJAPA,0.0,0.0,0.0,0.04764907034923473,-0.12168046219153206,-0.5158550965594839,-0.12168046219153206,0.0,-1.5046540699178856,-0.12168046219153214,0.0,0.0,-0.43972584203122556,-0.9105346390417763,1.803497937869083
CSO-17-11A-JDAMO,0.0,0.0,0.0,-0.800393719704816,-0.10050378152592122,-0.6546536707079772,-0.10050378152592122,0.0,-1.493826753998134,-0.1005037815259213,0.0,0.0,-1.4647044136154053,-1.8033138162368265,4.437024102361024
CSO-17-11A-NPAHE,0.0,0.0,0.0,-0.699900759798703,-0.10050378152592122,-0.5820868800152288,-0.10050378152592122,0.0,-2.103930369778668,-0.1005037815259213,0.0,0.0,-1.7963978829677691,-2.196507673006921,5.646791289444286
CSO-17-11A-RLPAIG,0.0,0.0,0.0,-0.5488212999484517,0.0,-0.6764179117834591,0.0,0.0,-1.6736445335191255,0.0,0.0,0.0,-1.914236575932426,-2.1317531032753068,4.211046585872614
CSO-17-11A-SPUVA,0.0,0.0,0.0,0.4187291304512454,0.0,0.0,0.0,0.0,-1.0055464434061951,0.0,0.0,0.0,-0.3575185993374056,-0.487803075300161,0.0
CSO-17-11B-CDBEBU,0.0,0.0,0.0,-0.3676461270874582,0.0,-0.42008402520840293,0.0,0.0,-0.8109534307511688,0.0,0.0,0.0,-1.1547005383792512,-1.243808092741178,1.788470195609135
CSO-17-11C-JDAAG,0.0,0.0,0.0,-0.3330234878359508,0.0,-0.4457442729997173,0.0,0.0,-1.1866855302120882,0.0,0.0,0.0,-1.6526596282894133,-1.764560354453247,4.7367503914387195
CSO-17-11C-MAPAMA,0.0,0.0,0.0,-0.585057563754277,-0.05025189076296061,-0.46541525371023457,-0.05025189076296061,0.0,-0.6237458732513356,-0.05025189076296065,0.0,0.0,-0.8765335507911065,-0.8095062472006891,2.4034771355484805
CSO-17-11C-MCAAG,0.0,0.0,0.0,-0.3021035504876409,0.0,-0.4374389065919981,0.0,0.0,-0.5656393428568337,0.0,0.0,0.0,-0.7523456778218455,-1.0259141227398436,2.2436169891852495
CSO-17-11C-SARJA,0.0,0.0,0.0,-0.42008402520840293,-0.10050378152592122,-0.4843221048378526,-0.10050378152592122,0.0,-1.4339577116590316,-0.1005037815259213,0.0,0.0,-1.8245742027701328,-1.8245742027701328,2.120709746382782
CSO-18-11A-ADBAHO,0.0,0.0,0.0,-0.2435154513491429,0.0,-0.3203581541090473,0.0,0.0,-1.5123504781438704,0.0,0.0,0.0,-1.4437642677775302,-1.630100269302365,4.472631943020048
CSO-18-11B-YLLRE,0.0,0.0,0.0,-0.8089815075368548,0.0,-0.6267570185784315,0.0,0.0,-1.2052823038157925,0.0,0.0,0.0,-1.5131108523103873,-1.4476677366555184,3.4595453492156696
CSO-18-9B-MAMOLO,0.0,0.0,0.0,-0.5781201906126124,0.0,-0.4843221048378526,0.0,0.0,-1.5701937561948633,0.0,0.0,0.0,-1.8066496762171742,-1.9653256208290517,4.534087403950574
CSO-8-3A-AIPRBR,0.0,0.0,0.0,-0.20019405368762033,0.0,-0.6767155423319645,0.0,0.0,-0.838659217022416,0.0,0.0,0.0,-0.7683326953265761,-0.9601778226845338,3.515807770628713
CSO-8-3A-DAPAVA,0.0,0.0,0.0,-0.39461089893359214,-0.17586311452816475,-0.5696519211398117,-0.17586311452816475,0.0,-1.2870234127041527,-0.17586311452816492,0.0,0.0,-1.1685050921331168,-1.4475920111598308,2.490427644836034
CSO-8-3A-KVPECO,0.0,0.0,0.0,-0.504609196460101,0.0,-0.6236095644623236,0.0,0.0,0.0,0.0,0.0,0.0,-1.1995934270593107,-1.179296108695321,1.254154422367892
CSO-8-4A-ARAGR,0.0,0.0,0.0,-0.19745206818822875,0.0,-0.39501448206774936,0.0,0.0,-0.9333957769580593,0.0,0.0,0.0,-1.214190827860105,-1.4260037864024744,1.8708227895433298
CSO-8-4A-JRAAR,0.0,0.0,0.0,0.2335662884766191,0.0,-0.4034732923929645,0.0,0.0,-1.147782976902529,0.0,0.0,0.0,-1.2041490825231735,-1.3876866340518583,2.432653751174204
CSO-9-2A-EXMOCO,0.0,0.0,0.0,0.0,-0.05025189076296061,-0.6006825335718153,-0.05025189076296061,0.0,-1.4175649364377072,-0.05025189076296065,0.0,0.0,-1.182130483600296,-1.228232640097959,2.9677838014169393
CSO-9-4A-AGAPE,0.0,0.0,0.0,-0.5488212999484517,0.0,-0.3865556717425342,0.0,0.0,-0.7812447057332871,0.0,0.0,0.0,-1.0048767560991732,-1.3004108322005132,0.0
CSO-9-4A-DKVIMO,0.0,0.0,0.0,-0.9393770074368398,-0.05025189076296061,-0.4843221048378526,-0.05025189076296061,0.0,-0.7956158249143532,-0.05025189076296065,0.0,0.0,-1.1754850955078882,-1.3142784303945172,2.026657245468127
CSO-9-4A-DSMOMU,0.0,0.0,0.0,-0.31295657761984674,0.0,0.0,0.0,0.0,0.0,0.0,0.0,0.0,0.0,0.0,0.0
CSO-9-4A-DVGATO,0.0,0.0,0.0,-0.48426064283290904,0.0,-0.35130390313566573,0.0,0.0,-1.2890712140026235,0.0,0.0,0.0,-1.6282972352174703,-1.49760259481552,1.8805959260359841
CSO-9-4A-EGCAMO,0.0,0.0,0.0,-0.7753501024949705,-0.1147078669352809,-0.5262848189276259,-0.1147078669352809,0.0,0.0,-0.114707866935281,0.0,0.0,-0.16308201826336055,-0.354350524144469,2.009867285791988
CSO-9-4A-FAGIGA,0.0,0.0,0.0,0.0,0.0,0.0,0.0,0.0,-1.5646967316604727,0.0,0.0,0.0,-1.5646967316604727,-1.6235316008573384,1.9092864140492989
CSO-9-4A-GSBRCO,0.0,0.0,0.0,0.0,-0.1593601286926538,-0.7278014245385683,-0.1593601286926538,0.0,-1.7345096584124988,-0.15936012869265395,0.0,0.0,-1.0090133304972397,-1.290911412591283,2.340787197717006
CSO-9-4A-KEMOCO,0.0,0.0,0.0,-0.468521285665818,-0.20412414523193154,-0.6013932677575894,-0.20412414523193154,0.0,-1.543151261185083,-0.20412414523193168,0.0,0.0,-1.7455319850002753,-1.560254201137439,3.2299127433421244
CSO-9-4A-LCOMO,0.0,0.0,0.0,0.04839339184958255,0.0,0.45326673576672327,0.0,0.0,-0.5721527851931936,0.0,0.0,0.0,-0.5544181008621795,-0.35156152465532564,0.19124786560709858
CSO-9-4A-MLORO,0.0,0.0,0.0,-0.43643578047198484,0.0,-0.5,0.0,0.0,-0.7721782638761844,0.0,0.0,0.0,-1.2102845667008921,-1.2217072263416917,2.47847879612821
CSO-9-4A-MPAME,0.0,0.0,0.0,0.0,0.0,-0.1147078669352809,0.0,0.0,-1.4053899654987396,0.0,0.0,0.0,-1.4378968925206304,-1.7292867232874687,1.809359213802204
CSO-9-4A-NSARPA,0.0,0.0,0.0,-0.3304769539088109,-0.25264557631995566,-0.7013363202894908,-0.25264557631995566,0.0,-1.0189677345126118,-0.2614881801842456,0.0,0.0,-1.5906176467748308,-1.5772938055070689,3.536290702758978
CSO-9-4A-SLOCA,0.0,0.0,0.0,-0.3865556717425342,-0.26148818018424536,-0.9958705948858224,-0.27435163058436723,0.0,-1.9475879890838739,-0.27435163058436746,0.0,0.0,-1.4958178510640203,-1.723216991004338,4.167690849578009
CSO-9-4A-YVDITR,0.0,0.0,0.0,-0.218824895275681,0.0,-0.36927447293799814,0.0,0.0,-0.22891566265060237,0.0,0.0,0.0,-1.001680801858429,-0.7603101478641362,0.0
