file,z_wc,z_nodes,z_edges,z_re,z_pe,z_l1,z_l2,z_l3,z_lcc,z_lsc,z_atd,z_density,z_diameter,z_asp,z_cc
CDMS-10-4A-JURAN,0.0,2.007360347292632,0.0,0.0,-0.6602641980751487,-0.9637128176955332,-0.6602641980751487,-0.392453033254814,-1.1221031534091346,-0.7164374724213431,-1.6855978706650807,-1.1160345423988902,-1.1819910229295205,-1.1796911316348349,1.0457154550060872
CDMS-10-5A-HEPIHO,0.0,2.1258695805415333,0.0,0.0,-0.6024119704947968,-0.9513886455059499,-0.6024119704947968,-0.37774560793990863,-1.5551212593040658,-0.6749249313942278,-1.7770242564254424,-1.2386433360692268,-1.4373890991450688,-1.4816029744848465,2.0704607510496618
CDMS-10-5A-KSRAGU,0.0,2.6593096164626964,0.0,0.0,-0.5326160452484349,-0.8723617156231411,-0.5326160452484349,-0.31948491370782556,-1.1040260204904018,-0.5938283288212396,-2.1057418309065143,-1.6752271422451792,-1.6066759434522417,-1.484855605850557,0.39407979428740525
CDMS-10-5A-SROPU,0.0,1.7993562215338657,0.0,0.0,-0.7413154936487267,-1.005531136619775,-0.7413154936487267,-0.575355844171164,-1.4421951545680516,-0.909114443025452,-1.5790506296115105,-1.0099088732248422,-1.1061651484266077,-1.4477383068431309,4.415382620992686
CDMS-10-5A-SZURO,0.0,1.3887662817663002,0.0,0.0,-0.7381464759477296,-1.0060074771697216,-0.7381464759477296,-0.5359364225783407,-1.13929281004711,-0.8667774733085141,-1.2582308443016839,-0.6345770741348576,-1.29992009394043,-1.2327812986973585,2.1275567521026852
CDMS-10-5B-SRAJA,0.0,2.1840591851016904,0.0,0.0,-0.6843173674409634,-0.6220185305711132,-0.6843173674409634,-0.493567342874045,-2.1496459284432605,-0.7969494215505749,-1.8579606823117811,-1.4577765701182548,-1.0969145407055747,-1.0426459255344178,1.7167778312816058
CDMS-10-5C-DAAUSA,0.0,1.7664825072612549,0.0,0.0,-0.7625882567128814,-0.802906481586611,-0.7625882567128814,-0.5632544403784024,-1.7254764132192877,-0.9061770959795418,-1.5585678719258003,-0.9987394838335033,-1.5562393921196387,-1.7691234442602657,4.158174907716997
CDMS-10-5C-ICAPA,0.0,1.2899233170006705,0.0,0.0,-0.6872414183397922,-1.0806031521182993,-0.6872414183397922,-0.4834312389208745,-1.0366726869157938,-0.794984539544607,-1.095835821349369,-0.4567479643004682,-1.5642557405345572,-1.6333337565411936,2.738594443563613
CDMS-10-5C-JFALGI,0.0,1.9796972595433344,0.0,0.0,-0.5606052154517087,-0.9659886267378605,-0.5606052154517087,-0.3616332057247025,-1.2734094808487624,-0.6272618668841135,-1.6299700795877514,-1.1295363291419245,-1.6343210792992842,-1.6006320695629894,2.6824227376812186
CDMS-10-5C-MAORTO,0.0,1.980910358157804,0.0,0.0,-0.6459680686473477,-0.7649643060960601,-0.6459680686473477,-0.44646864518345536,-0.71406239729371,-0.753386263566251,-1.6613261516419713,-1.1832569450575847,-0.918424377605292,-0.9724033383482293,0.8174383794328854
CDMS-10-5C-NBEMO,0.0,2.134341831532612,0.0,0.0,-0.7480822835594021,-1.0369088403885363,-0.7480822835594021,-0.5680358032461252,-2.1806626902275625,-0.9148282870108738,-1.8407799998076073,-1.282851805967191,-1.8250051099085967,-1.9732698959732813,5.310043337919136
CDMS-10-6B-ASCACO,0.0,1.612353958019707,0.0,0.0,-0.7285261847020236,-1.044200757288778,-0.7285261847020236,-0.5064521112964124,-0.13057227794542614,-0.8551034280068466,-1.4453169708650664,-0.8234423022452154,-0.6775962038841838,-0.7391073258946708,2.082367476362015
CDMS-10-6B-JJMOBE,0.0,1.7208821421314495,0.0,0.0,-0.6763168547389752,-1.0103654311647565,-0.6763168547389752,-0.4363035828927515,-1.6631839566710422,-0.7719727702940423,-1.4960995329965439,-0.9367136278499574,-1.2776944547259468,-1.2978469945421895,2.4390364169227396
CDMS-11-4A-GACHSA,0.0,1.394858672740521,0.0,0.0,-0.7384625892295683,-1.0771994093122315,-0.7384625892295683,-0.511822061796679,-0.8504195318285392,-0.8696446982056667,-1.23569249872629,-0.5835265562663342,-1.1445924436287236,-1.1299316680293268,2.9015227557739833
CDMS-11-5A-EAARCA,0.0,1.4896040055169002,0.0,0.0,-0.7339156487895259,-1.106840301372771,-0.7339156487895259,-0.5382215620536812,0.03579423398743424,-0.8832516258852856,-1.331938271999003,-0.6902656772129565,-0.9977234034372732,-0.7317384646316625,2.78347518065425
CDMS-11-5A-MGTHAR,0.0,1.224274358994589,0.0,0.0,-0.8491898639764367,-1.1543202935128742,-0.8491898639764367,-0.6865172530007023,-0.6863524626710664,-1.0487261379014108,-1.1343908625409636,-0.40162228232814173,-1.1971886243132726,-1.1730431706593094,3.8723122785128785
CDMS-11-6A-DFVEBE,0.0,1.7987697387821218,0.0,0.0,-0.7625872337432937,-1.0109994615343936,-0.7625872337432937,-0.5406922441069992,-0.8785180687017301,-0.9108440459175067,-1.5597517071501963,-0.9596243926100231,-1.6268804319285097,-1.5396018614772466,3.0996145819654943
CDMS-11-6A-NMREPR,0.0,1.4992620664543128,0.0,0.0,-0.7156708804848759,-1.0697892008948267,-0.7156708804848759,-0.5101987695582866,-0.33748727781228327,-0.8545324250530293,-1.3397247415501705,-0.7252701720980351,-1.3460554799748514,-1.1687783686631943,2.4452707284350446
CDMS-11-6B-ARAHE,0.0,2.329488272470644,0.0,0.0,-0.5428131789727707,-0.8445948769631096,-0.5428131789727707,-0.36035732632668427,-2.3818848991671127,-0.626508648645764,-1.8154617175449812,-1.3701456252197033,-2.133865140595308,-2.1505072162430343,3.5327467918472513
CDMS-11-6B-AVROTO,0.0,1.6003190822889726,0.0,0.0,-0.6421391511868466,-1.0036705299206552,-0.6421391511868466,-0.39053378344252365,-0.6575778401882139,-0.6993371481310091,-1.3725800549932452,-0.7401646933798264,-0.7118507679702897,-0.9752395041967918,2.4005792775419836
CDMS-11-6B-EAFESA,0.0,2.063898446070669,0.0,0.0,-0.7320074276079463,-0.8314255017958861,-0.7320074276079463,-0.5116931954486522,-1.089243066734745,-0.8403120143568402,-1.7734042330485251,-1.2733950111274945,-1.4891028625458196,-1.5398316408660362,2.7603335349062013
CDMS-11-6B-EFRGR,0.0,1.5702651174386524,0.0,0.0,-0.7714885538508721,-1.1691574322749447,-0.7714885538508721,-0.5709300252657329,-1.0124929572502857,-0.9257662310749133,-1.4269354208713216,-0.7724606025583822,-1.2303414570847486,-1.30412635088543,3.155003691513421
CDMS-11-6B-EROCO,0.0,1.1197549564999736,0.0,0.0,-0.8385793414941832,-1.1518468808885927,-0.8385793414941832,-0.5508463593397864,0.09839713842253366,-0.9981641572738813,-0.9803023690201215,-0.03130875691853707,-0.7985390366384937,-0.8521101650165654,2.8718131886380682
CDMS-11-6B-JACUPE,0.0,1.759645454282355,0.0,0.0,-0.6956439387443267,-0.7710876561227625,-0.6956439387443267,-0.49585274636657073,-0.6301542506310139,-0.8101664429939929,-1.5547417833978514,-1.0898441062202826,-1.2826782586026642,-1.114017785359377,1.8071226041140682
CDMS-11-6B-JDCHBA,0.0,1.7866583687155893,0.0,0.0,-0.7043661567113756,-1.0495710039089223,-0.7043661567113756,-0.4954024472085357,-1.4294806961221966,-0.8178866943892292,-1.5399124399484339,-0.9455036673655555,-1.6920405981390079,-1.7642872746697345,3.668631820952684
CDMS-11-6B-JFSAHE,0.0,1.8270292684554124,0.0,0.0,-0.631171843122104,-1.0005228633481957,-0.631171843122104,-0.3672618803042251,-0.9377481049425559,-0.686238958747263,-1.541044467156514,-0.9253210845366856,-1.4154925209068798,-1.332061622848766,2.3882878329361397
CDMS-11-6B-JLPENA,0.0,2.269417799174955,0.0,0.0,-0.5522943403793338,-0.8823365068442004,-0.5522943403793338,-0.3077881841993643,-1.2607398840485426,-0.5959574120750798,-1.7886471846749978,-1.295075886040327,-1.4261381957899035,-1.4361957217206358,1.7644424214840528
CDMS-11-6B-JMARME,0.0,1.724357034771415,0.0,0.0,-0.7177353427076127,-1.0565908813524705,-0.7177353427076127,-0.5214186035809886,-0.8849947201339147,-0.8821788869234486,-1.5313292785172778,-0.9327013572003435,-0.9309740169672392,-1.1052643656254044,3.461694301613405
CDMS-11-6B-JPSAMA,0.0,2.118253278218359,0.0,0.0,-0.6761463488228531,-0.976747912247557,-0.6761463488228531,-0.47599060557170686,-1.8185936937842546,-0.8055943158327703,-1.8399878084287122,-1.311504188276633,-1.6654033705846243,-1.892808411718245,5.066641476133431
CDMS-11-6B-LESTA,0.0,1.7190752272524163,0.0,0.0,-0.6915241982775074,-1.0603904724571471,-0.6915241982775074,-0.4433491537597965,-1.2460550184115045,-0.7862378887956738,-1.5296253085506206,-0.9105217985957148,-0.99074471666168,-1.0838732188538562,3.1210482076043813
CDMS-11-6B-MAGIMU,0.0,1.6357293571007838,0.0,0.0,-0.725883964464022,-1.08733752562332,-0.725883964464022,-0.5241792856966746,-1.5776800704411735,-0.8293879036696568,-1.4445972447912545,-0.8575379548708097,-1.4644280724734844,-1.6859769135692833,4.463936891224576
CDMS-11-6B-MEBRTA,0.0,1.8406318628820326,0.0,0.0,-0.5148460743362927,-0.9925796537408924,-0.5148460743362927,-0.28511770348246757,-0.9217518896519669,-0.568511163192581,-1.4857022111438318,-0.9288024072635801,-1.1723301472925918,-1.1110596548814962,1.856609296755357
CDMS-11-6B-MMAMO,0.0,2.0191981651909257,0.0,0.0,-0.7114999892345208,-1.0293547889488839,-0.7114999892345208,-0.5128505271771429,-2.103441203273307,-0.8355711831595621,-1.7949483208777457,-1.2275079157143889,-1.633481271182214,-1.62860153823989,4.529850113495654
CDMS-11-6B-RSECA,0.0,1.7297473803364811,0.0,0.0,-0.7097919272996334,-1.0342626586886174,-0.7097919272996334,-0.5356227059643096,-1.1498140631254323,-0.844446069764342,-1.5146378648244228,-0.9694249814676861,-1.4487416079230406,-1.4389019012015083,3.4203924719048744
CDMS-11-6B-SCAPA,0.0,2.412249344940912,0.0,0.0,-0.5251415099014822,-0.8709557448214489,-0.5251415099014822,-0.2853418297067344,-1.4846461477319057,-0.5616246669170895,-1.900820080451693,-1.4261178191394017,-1.1299958433040307,-1.3102949031724769,0.32131019425273094
CDMS-11-6B-VZAPE,0.0,1.6793730837510588,0.0,0.0,-0.7276169842000588,-1.0814045458536903,-0.7276169842000588,-0.5609965541160434,-1.4104039104366932,-0.8664396828360112,-1.4970018970178194,-0.9087822717227457,-1.6586982553838243,-1.6790971960513859,4.177909026663069
CDMS-11-6B-YLNIME,0.0,2.0572003004793906,0.0,0.0,-0.6744356936419137,-0.9950559242237809,-0.6744356936419137,-0.4989326285688307,-1.27908832682764,-0.7995716366636574,-1.7986520684553098,-1.2611971715529824,-1.3483405960984265,-1.3514422937586734,2.732973451325266
CDMS-11-7C-ICARE,0.0,2.0744440319897857,0.0,0.0,-0.6609373287101761,-0.9255018128492422,-0.6609373287101761,-0.3821817987692757,-0.6305820096427909,-0.7234559079858474,-1.7276917403831966,-1.1327796761424442,-1.1609894245007435,-1.0140199236793777,1.126193636504296
CDMS-11-7C-IMOIB,0.0,1.9675582155408322,0.0,0.0,-0.7087222877063523,-0.9945425874232571,-0.7087222877063523,-0.4790651636580589,-1.9682809783915034,-0.7948051386948287,-1.7049225664909027,-1.1462890666176404,-1.6013715756864526,-1.7482410148940113,4.189268669900883
CDMS-11-7C-SALMA,0.0,1.4873819631949527,0.0,0.0,-0.868950181401714,-1.0981131340615833,-0.868950181401714,-0.64926660889415,-2.101420138307334,-1.0278470328255158,-1.356969460408768,-0.6616451856638894,-0.9176929357772396,-1.1024118434516001,3.4203877864255823
CDMS-11-7C-SPGAVE,0.0,2.5829630058315765,0.0,0.0,-0.4504374857743172,-0.8847084131506326,-0.4504374857743172,-0.2384122872514328,-1.5328097533993428,-0.4856442467457342,-2.001104293909681,-1.4809611167022527,-1.7025050200678973,-1.7316729118629126,2.0990214646267757
CDMS-12-5A-SRIGO,0.0,1.9517880571118587,0.0,0.0,-0.7225091881898383,-0.8466421336620119,-0.7225091881898383,-0.4944393327536352,-2.8293259672685136,-0.8409956153509732,-1.6826290161219324,-1.1733547868496292,-2.110397226360405,-2.2003501716044886,4.374985093343889
CDMS-12-6A-FAROPA,0.0,1.9393794335399364,0.0,0.0,-0.7597717154309755,-1.0150877759885724,-0.7597717154309755,-0.5774645646660516,-2.5264809334243994,-0.8812819304683329,-1.7315202080126624,-1.164297308792303,-1.8584295265181665,-2.3292946639003733,3.7734104240925244
CDMS-12-6A-JGIGA,0.0,1.584383875615936,0.0,0.0,-0.7075583290217019,-0.8322707236053226,-0.7075583290217019,-0.5118054976383813,-1.2773664456509122,-0.8211198524195851,-1.399833745985872,-0.8917896497925413,-1.4328159073625588,-1.4600895220217984,2.991756980672023
CDMS-12-6A-JSOTGU,0.0,1.8780281128360894,0.0,0.0,-0.6286576607471978,-0.9418962976741199,-0.6286576607471978,-0.46975823827840807,-0.4489434434958245,-0.7725405109738276,-1.5462992827488484,-0.9885902282086613,-1.143763161243192,-1.0703169866535451,2.5459033990282647
CDMS-12-6A-SROAL,0.0,1.5592752462537818,0.0,0.0,-0.7239558812018122,-0.8516864767558671,-0.7239558812018122,-0.49430139879690455,-1.558939299168731,-0.8281743310347508,-1.3757019423741172,-0.8478529414958963,-1.4206172675503037,-1.4683055916734555,3.7885169240529133
CDMS-12-6B-IJDAGA,0.0,1.7479047807382713,0.0,0.0,-0.6371285865899798,-0.9764672572481241,-0.6371285865899798,-0.4032665261782882,-1.3803397807750164,-0.7112689116479751,-1.4815116965250539,-0.925055295683399,-1.0319270309911903,-1.1048368709478957,1.7411607210677966
CDMS-12-6B-SCLAG,0.0,1.9203766088577479,0.0,0.0,-0.6954661288300322,-0.6289629549573202,-0.6954661288300322,-0.4760165372319752,-1.490264472837689,-0.7908669301463747,-1.6767041672433665,-1.2012279836954896,-1.5243491352006169,-1.5596435598576133,3.1063159348222547
CDMS-12-7C-ARAHE,0.0,1.814482699695325,0.0,0.0,-0.710831662453281,-1.0934066586371207,-0.710831662453281,-0.5094007082384918,-2.4348909731824318,-0.8459173246537782,-1.5823014645917182,-0.9900708689845794,-1.6961829468971803,-2.0228628180759407,4.917614844531343
CDMS-12-7C-CATRAR,0.0,1.690545776738908,0.0,0.0,-0.762320264411898,-1.072918119946738,-0.762320264411898,-0.547463076440506,-1.2865645214498103,-0.8951059029630465,-1.4812386494966348,-0.8723068097134948,-1.1159153709059086,-1.2343765035832552,2.954168919353823
CDMS-12-7C-DLOLO,0.0,1.7056039492521926,0.0,0.0,-0.7008118497146906,-1.0392572515933793,-0.7008118497146906,-0.5050556944792844,-0.8810416522200906,-0.8358455670922716,-1.499857996352098,-0.9390877788177828,-1.0008589821864051,-1.1163313060514037,3.090698896602895
CDMS-12-7C-JSZAOR,0.0,1.3092458183923992,0.0,0.0,-0.6926993316903187,-1.040001506052663,-0.6926993316903187,-0.41419724594258794,0.3478643921774579,-0.7483417776942501,-1.1520647220805627,-0.4766196887543104,-0.5606546736500874,-0.4804958195905068,1.1371768583827184
CDMS-12-7C-MAROBE,0.0,2.1270764075188144,0.0,0.0,-0.6710182366698018,-1.0089797606999173,-0.6710182366698018,-0.5406092612106542,-2.119149493505698,-0.8700703034035846,-1.8539943050625753,-1.3392036327890255,-1.9109884144188183,-2.276163483438357,6.309385331251954
CDMS-12-7C-VMAPA,0.0,1.4655663679120425,0.0,0.0,-0.7710654536753214,-1.1145287345855914,-0.7710654536753214,-0.5860874716549773,-0.5777490411395017,-0.9585235924152639,-1.3487381673344445,-0.6867511520220263,-0.5915736832439451,-0.7726305527623112,2.044248750930309
CDMS-12-7C-VQURA,0.0,1.693157741863727,0.0,0.0,-0.6603666027159025,-0.8976205946128561,-0.6603666027159025,-0.4159388545406078,-1.1763174820323492,-0.7445486879267933,-1.4372770486885322,-0.8503010148589915,-1.0550696945014661,-1.2553749231362707,2.2457457327539405
CDMS-13-6B-ASUMO,0.0,1.688293015804893,0.0,0.0,-0.6122593214449134,-0.9578338930753219,-0.6122593214449134,-0.3930408506896766,-0.893259155698339,-0.6850560126233116,-1.3998438762156111,-0.8225418290369024,-1.5268252587135935,-1.5403271246636965,2.2410625937967525
CDMS-13-6B-JDTAHE,0.0,1.4901441881358528,0.0,0.0,-0.671357827872174,-1.029432993684098,-0.671357827872174,-0.4394502597372552,-0.34890838660288037,-0.7781870904807585,-1.2446444648397135,-0.6509674341736131,-0.34694897061237584,-0.37064555914664804,1.4326172957267718
CDMS-13-7C-MVEAR,0.0,1.7132451751314122,0.0,0.0,-0.7372524889511364,-0.6469390168304474,-0.7372524889511364,-0.5575534392050975,-0.0004645339718180357,-0.8770810877447901,-1.5352255538162607,-1.0601149484280405,-0.985387228016024,-1.0666785048687137,2.581558333771945
CDMS-13-7C-RAIZAC,0.0,1.5023598760123962,0.0,0.0,-0.7003811334937474,-0.6274930199022328,-0.7003811334937474,-0.4739346009904434,-0.22167040364550583,-0.820167729336995,-1.3014668989675462,-0.793805237897357,-0.3839967722119106,-0.47083629680986916,1.7303038316213737
CDMS-13-7C-SSOSLO,0.0,1.9232368587346602,0.0,0.0,-0.6784982796270618,-0.7326363018884784,-0.6784982796270618,-0.5492697336523402,-2.5479521391047597,-0.8641696252011577,-1.6892830625112238,-1.2246981923141456,-2.2260341294447654,-2.2732759108599696,4.489309957371297
CDMS-14-10A-IMORTO,0.0,1.4428157043510927,0.0,0.0,-0.7232660289462822,-0.6999748070292814,-0.7232660289462822,-0.4932750605461773,-1.437629269349889,-0.8304476346486112,-1.29229215524961,-0.8172380850471287,-1.664420026579215,-1.7388480872477408,3.154836943288859
CDMS-14-10A-JCVANI,0.0,2.245430080368386,0.0,0.0,-0.5863795333807839,-0.9292403529556366,-0.5863795333807839,-0.3870352036617852,-1.758530669642852,-0.6801100753920202,-1.8413737898550189,-1.3528578404609433,-1.605435078817134,-1.7463291854109548,2.7087580002623897
CDMS-14-5A-LSDUCO,0.0,1.7894857793417367,0.0,0.0,-0.905959030107246,-0.41658039457279816,-0.905959030107246,-0.633861305994934,-2.1186487698823666,-1.0385059167839295,-1.5687062061488994,-0.9913203029875512,-2.1683179757944324,-2.38403479964243,5.765550737104985
CDMS-14-6B-KDCAHE,0.0,2.3240287723058346,0.0,0.0,-0.6188828103263431,-0.9581098470118485,-0.6188828103263431,-0.4306632016049914,-1.968299145437034,-0.7142322397579767,-1.923252252646182,-1.3784487319227132,-1.320655976005155,-1.4532621618606119,2.0270127382771785
CDMS-15-10A-AMALOS,0.0,1.7953816904093758,0.0,0.0,-0.6989641924372332,-0.4037060337496508,-0.6989641924372332,-0.5366994131423869,-1.0747565980323275,-0.865441777019847,-1.5729740203527667,-1.1893416191120443,-1.312009843731333,-1.461301203581677,3.594852453424565
CDMS-15-10A-JJMACH,0.0,2.1469536237902753,0.0,0.0,-0.7478959968220549,-1.073629320211841,-0.7478959968220549,-0.5733398450563644,-2.8442212355704766,-0.9259327495624571,-1.8732214179302507,-1.3382349684638233,-1.6185040498884182,-1.8810944160163736,5.99623895251924
CDMS-15-10A-MAALCA,0.0,2.396161219855518,0.0,0.0,-0.5893106701135392,-0.6337246509482342,-0.5893106701135392,-0.40282840758330096,-1.1863626286792848,-0.705072496096961,-1.936313815023794,-1.4468207942624787,-1.5727398447444167,-1.4324426474791263,1.9433898908197222
CDMS-15-10A-MAALRI,0.0,1.75139443258834,0.0,0.0,-0.7572940014979148,-1.0850727459113756,-0.7572940014979148,-0.5244530161548595,-2.628065827944295,-0.8579417369838982,-1.5399071776250073,-0.977823651751362,-2.0597096906755925,-2.128810777564992,4.880551777954979
CDMS-15-10A-SGOMO,0.0,1.4228050088686965,0.0,0.0,-0.7405289863048378,-1.0704882257704031,-0.7405289863048378,-0.5207518786736554,-1.9448678140455797,-0.8689025735073423,-1.2787151251435915,-0.639777633413783,-1.3261468113755908,-1.57955240952954,3.1848497197038235
CDMS-15-10A-SHEGA,0.0,2.2156046089907018,0.0,0.0,-0.4204461645934328,-0.9540906273402183,-0.4204461645934328,-0.4931667492675849,-2.273643006139781,-0.7218863257336856,-1.880096239492595,-1.4074017775366463,-1.6290663175108868,-1.662225129081163,4.785473095649302
CDMS-15-11B-JEMOLO,0.0,2.0615944411406373,0.0,0.0,-0.7014828117393098,-1.0147480000391909,-0.7014828117393098,-0.5013229539752027,-1.3021282494005681,-0.8311570176139181,-1.725530282875516,-1.1681901376495998,-1.664865804148365,-1.6407590893231117,3.8128133206181722
CDMS-15-11B-VSAHO,0.0,1.9346704017162064,0.0,0.0,-0.6959779515093776,-0.99095539368631,-0.6959779515093776,-0.5459558647246098,-1.304778090708249,-0.850072002905956,-1.7247395708318696,-1.1351916239754067,-1.7664759703670125,-1.7543620372366096,4.113928181021892
CDMS-16-10A-SGALO,0.0,2.2527070557529454,0.0,0.0,-0.5669279587515397,-0.9456375391074087,-0.5669279587515397,-0.3858095500231135,-1.579230353598644,-0.6578236200421429,-1.8192327016880072,-1.301828661776555,-1.5878891006681684,-1.5962763096540185,3.368096913452049
CDMS-16-11B-NGABE,0.0,1.589384236296634,0.0,0.0,-0.8069410127331311,-0.7747624942402289,-0.8069410127331311,-0.6523197723436933,-1.399185358640732,-1.028624421411713,-1.435710333402386,-0.9264477784123769,-1.927263895739766,-2.0073143762836727,6.183746523623987
CDMS-17-10A-ASSAMO,0.0,3.008690875483623,0.0,0.0,-0.5588396135284621,-0.8983986272447831,-0.5588396135284621,-0.30609043711882916,-1.4374925764540352,-0.6117909107786665,-2.417586479698662,-1.9305855560849723,-1.2920467910105202,-1.4449853787171638,1.6735558003924365
CDMS-18-7C-VVECA,0.0,2.1379386575421946,0.0,0.0,-0.5941199649484431,-0.45675061768975206,-0.5941199649484431,-0.40108422736016314,-1.0781481719450774,-0.6886421372166827,-1.7737435191960798,-1.3699941758794536,-1.320906017836263,-1.3776618146718478,2.1429686754611046
CDMS-8-4A-DBEVA,0.0,1.5236067837995237,0.0,0.0,-0.6060212427023048,-1.012368168016259,-0.6060212427023048,-0.38503627438135235,-0.49638801486719075,-0.674607986486234,-1.3079453054149306,-0.6394488734357022,-0.6487833635342517,-0.7537029319379098,1.1945244873148004
CDMS-8-4A-DJAVDA,0.0,1.8933328194540724,0.0,0.0,-0.6047434581392046,-0.976015104514771,-0.6047434581392046,-0.35949711996318434,-1.6720682620182679,-0.6806470435324616,-1.5977470217305247,-1.0668637646418908,-1.4772797606297268,-1.5323871944307765,1.6415171566608477
CDMS-8-4A-DOSTR,0.0,1.7533337892255332,0.0,0.0,-0.6924841787245939,-0.9322493081477696,-0.6924841787245939,-0.48543440619126105,-1.2172080697717733,-0.80767469138644,-1.497374036814475,-0.911751270409766,-1.6716893662518741,-1.644592202325942,3.402956509230281
CDMS-8-4A-LGOPA,0.0,1.602138881351456,0.0,0.0,-0.7132449723757656,-1.0390762715520128,-0.7132449723757656,-0.47155074773381406,-1.6825730389624762,-0.8114870359541113,-1.3690730603616448,-0.7372566264937485,-1.627253985993727,-1.609676059489255,2.845331735276671
CDMS-8-4C-JDBUTU,0.0,1.9833749993725824,0.0,0.0,-0.6344276619014614,-0.9800853846996106,-0.6344276619014614,-0.3641524915084862,-0.979306282230739,-0.6911006713986919,-1.672273246105349,-1.077635920397164,-1.1615355327813675,-1.1395605444897927,2.203573591869992
CDMS-9-4A-ACDUTR,0.0,2.0870284705891384,0.0,0.0,-0.6312451377674879,-0.9477101624750546,-0.6312451377674879,-0.3940602995659808,-1.485420951806571,-0.7110600244425295,-1.7421982297778307,-1.235846637606261,-1.4867829227037888,-1.7850699640319074,3.1910215316981265
CDMS-9-4A-CARGA,0.0,1.734129507698592,0.0,0.0,-0.6214469486280709,-0.9674132732706874,-0.6214469486280709,-0.4991270596972085,-1.8134392802243124,-0.8080537616165184,-1.5210434942825068,-1.0354146033926415,-1.653363759620704,-1.5870605547313157,2.9983198776843483
CDMS-9-4A-CRAAG,0.0,1.4926143456775345,0.0,0.0,-0.7246635177773312,-0.6954425394476416,-0.7246635177773312,-0.4737496158837244,-0.859643160715397,-0.8175805387894508,-1.2612786451785358,-0.726071833787194,-1.1071106041780117,-1.188633462885353,2.2946217272728164
CDMS-9-4A-EROHI,0.0,1.7038710787192954,0.0,0.0,-0.6066917429908192,-0.933079700003575,-0.6066917429908192,-0.5866302381432364,-2.027421560558416,-0.902699861551308,-1.4684556028773392,-0.8968186780985198,-1.7653154653670449,-1.8249888674818564,5.86249461415462
CDMS-9-4A-ILOSE,0.0,1.7397780880728477,0.0,0.0,-0.7961921387882644,-1.0868890320495082,-0.7961921387882644,-0.6009394337441675,-1.4210374577448086,-1.0325599865626707,-1.5472373341700607,-0.880209355521755,-1.1262857295619064,-1.5283395299548734,4.798621511987947
CDMS-9-4A-TGAFR,0.0,1.3058816978981203,0.0,0.0,-0.7470861542812192,-0.8657141706363592,-0.7470861542812192,-0.504218891188157,-0.5840327404829334,-0.8913546796785619,-1.1817333609746725,-0.5359165433392857,-1.1635773223749357,-1.27040377619968,2.6177307686259788
CDMS-9-4C-SCAMO,0.0,2.3090385005735454,0.0,0.0,-0.5988708568015315,-0.9649820514181643,-0.5988708568015315,-0.3858014469861069,-0.8649028486444621,-0.6889430714824257,-1.9110949223897666,-1.3920660256295017,-1.1031560173641473,-1.1985557494069956,1.754601639919079
CDMS-9-5A-ABERO,0.0,1.7932916876607734,0.0,0.0,-0.6897712865522677,-0.9982574595450647,-0.6897712865522677,-0.48456861548943314,-0.7361659723573809,-0.79226453426611,-1.5315233875999343,-0.9960294113012754,-0.8189086979077947,-0.9353707900577004,2.5384799301298955
CDMS-9-5A-PAGACO,0.0,1.7287365950432383,0.0,0.0,-0.6925314472730053,-1.0159089729208344,-0.6925314472730053,-0.4852309776681347,-1.4079616160679278,-0.7859842483259526,-1.5107356973735542,-0.9389697345441242,-1.449674152406454,-1.458210805808824,2.8839301973883043
CDMS-9-5A-VVAAR,0.0,1.7160789832798538,0.0,0.0,-0.6402233351211902,-1.025222385695903,-0.6402233351211902,-0.4275677722249419,-1.1283310579914583,-0.7343431281901249,-1.4660080269787765,-0.8969077278345089,-1.1745842601731586,-1.1874384675727965,2.4151453651072377
CDMS-9-5C-JDMADE,0.0,2.225257068528454,0.0,0.0,-0.5344455108521574,-0.8618466425149702,-0.5344455108521574,-0.2998048471414456,-0.7173623779808783,-0.5728385039934981,-1.778268238233505,-1.309101930216259,-1.1066794121185608,-0.8959688306467214,0.45206908056825384
CDMS-9-5C-LVIZAC,0.0,2.3252033380075594,0.0,0.0,-0.5706909529659463,-0.7615613161991576,-0.5706909529659463,-0.3301282430943719,-1.1201344605831212,-0.6197465358129187,-1.8238195997726379,-1.2629410104999805,-0.8591222876517447,-0.91467142319828,-0.1895395128264451
CDMS-9-5C-MLOGO,0.0,1.3649453491518535,0.0,0.0,-0.7516992005516474,-1.0984219931465422,-0.7516992005516474,-0.5227004225727062,-0.7773266813378484,-0.8583657244528944,-1.2218878784612892,-0.5217540348433545,-1.0798489096019608,-1.1691188076426127,2.3302817924211663
CDMS-9-5C-SCAAG,0.0,1.5303068502850588,0.0,0.0,-0.7113822536664126,-1.0131756378781134,-0.7113822536664126,-0.5259048887469826,-1.2416515567665511,-0.8234253492416529,-1.3421087634713798,-0.7618876824017479,-0.9782679457155127,-1.0445384869886747,2.790631269849322
CDMS-XX-10A-VGILO,0.0,1.7950389904060833,0.0,0.0,-0.7414081534029677,-0.8015134003656973,-0.7414081534029677,-0.5862092347635209,-1.865272675612465,-0.9230187849659538,-1.5928549800697789,-1.0854865060040326,-1.9273003891391376,-2.0479302193582374,5.265354754906587
CDMS-XX-5C-MJSARU,0.0,1.8523274148719766,0.0,0.0,-0.6483671256295086,-1.0088821246197117,-0.6483671256295086,-0.44447263389775504,-1.4098149746500455,-0.7693566765129191,-1.5838519073431077,-1.0607496092719295,-1.2797829466281556,-1.4978722067290697,3.1104618963343436
CDMS-XX-5C-MPCAQU,0.0,1.2691455439618722,0.0,0.0,-0.8181514330783085,-1.0543096786303903,-0.8181514330783085,-0.5387252156081301,-0.08425375111971106,-0.9152544086081851,-1.15265099488024,-0.4307232610799912,-0.5539599622536169,-0.6588659807184405,2.39556279553145
CDMS-XX-6A-MAGICA,0.0,1.9749749795809077,0.0,0.0,-0.6513976227674719,-0.9869650201813688,-0.6513976227674719,-0.44170367945782785,-1.3367213514503422,-0.7471301893591872,-1.685311814969896,-1.137883052728609,-1.0868269445055012,-1.1560266322508377,2.9813623982173505
CDMS-XX-6B-SPUCA,0.0,2.084044069420704,0.0,0.0,-0.5981886818432594,-0.8802120174311348,-0.5981886818432594,-0.38674478731533973,-1.0487745123387024,-0.6659587941914358,-1.7252538907720152,-1.2098605236395115,-1.2219423087674566,-1.2014217191844536,2.364567671624781
CSO-10-4A-ICAPA,0.0,1.6521989538531674,0.0,0.0,-0.7649600239155523,-1.058089105055625,-0.7649600239155523,-0.525925097281394,-1.2039654704625078,-0.8563633454446746,-1.4684695078603296,-0.8943020487559319,-0.9791213816161068,-1.1526719039431566,3.857864951452928
CSO-10-4A-KCOMO,0.0,1.1812449758202244,0.0,0.0,-0.8464886861170293,-1.1469945047361476,-0.8464886861170293,-0.6378829768548998,-0.18408492739536164,-0.9998203902446599,-1.0780910402639434,-0.34526470261573594,-1.1778029254641487,-1.0035610007232518,3.4218609153527364
CSO-10-4A-LRAVI,0.0,1.2999628118956252,0.0,0.0,-0.7666434659163042,-1.0852663526730648,-0.7666434659163042,-0.5740073030715603,-1.0194010979799213,-0.9016855550270823,-1.196822253716445,-0.5854896163632751,-1.3419393315000276,-1.51839974040472,3.199593418796645
CSO-10-4A-LSCAVA,0.0,2.0941048302486913,0.0,0.0,-0.5085558946291937,-0.9405120741120655,-0.5085558946291937,-0.270716310294669,-1.2673227536378584,-0.5482991192041318,-1.6996127827700898,-1.062488821206111,-1.5674391839542914,-1.6779113300057147,2.884683165767922
CSO-10-5A-ACAVA,0.0,1.5677158640727267,0.0,0.0,-0.6703346535054354,-1.0592849617155273,-0.6703346535054354,-0.463373221146638,-1.0835762927753183,-0.7682074814617318,-1.3341854656060181,-0.7653713430402261,-1.30806361735933,-1.4138375683199877,3.6293340203287596
CSO-10-5A-ARACA,0.0,1.9790369059749984,0.0,0.0,-0.5140112956320729,-0.9066991987587076,-0.5140112956320729,-0.2975876072811255,-0.576939178475832,-0.5610092473918883,-1.607339443450828,-1.1124595788143918,-0.9036602607867447,-0.8033261788957962,0.32302121267074657
CSO-10-5A-DABRZA,0.0,2.0557681313345664,0.0,0.0,-0.6412009136569178,-0.973708923469805,-0.6412009136569178,-0.4554126929308691,-1.7308869045695738,-0.7563699776064436,-1.736553711325163,-1.211190504956622,-1.2937189404225806,-1.4360545573473578,2.882851261250376
CSO-10-5A-GZAMA,0.0,1.553759861091301,0.0,0.0,-0.7956835252028803,-0.8770996184155487,-0.7956835252028803,-0.6183908413232807,-1.4181994077377715,-0.9864019916707673,-1.4028035521657498,-0.8166019213055546,-1.3431024942474965,-1.5204867620339537,3.5092259434712716
CSO-10-5A-IPECA,0.0,1.8388812151096519,0.0,0.0,-0.7829017374405417,-0.9963000653534418,-0.7829017374405417,-0.6176755259895743,-1.8825940437779258,-0.9822920757247378,-1.663910564642215,-1.129590355336592,-1.9466091068299738,-2.3210679993460883,7.62028288126049
CSO-10-5A-JANORO,0.0,1.5442427953878346,0.0,0.0,-0.7129828855007929,-0.9767252084751401,-0.7129828855007929,-0.48978725029925374,-0.29492453438805427,-0.8153018905146368,-1.3589655857135712,-0.7720418146914622,-0.9416665345158797,-0.8974718299450601,2.2448618155579134
CSO-10-5A-JBUVE,0.0,2.1703806835767883,0.0,0.0,-0.624472422844941,-0.9353363391899551,-0.624472422844941,-0.36935622993354233,-2.508288403617729,-0.6766425581097029,-1.8234810897576978,-1.3474010881800076,-2.0967544119212755,-2.0544409720516854,2.1475389000227705
CSO-10-5A-JJSEMO,0.0,1.7771860508581612,0.0,0.0,-0.6263774920805887,-0.6004479534409152,-0.6263774920805887,-0.41721913014674833,-1.1162646236032951,-0.7028630416986013,-1.4700400788842352,-0.9844821853382612,-0.9979619824739715,-1.1309111775416993,1.472677761809337
CSO-10-5A-JLCARI,0.0,1.7815542878603419,0.0,0.0,-0.6733281644255035,-0.9976173729417087,-0.6733281644255035,-0.43071164259070993,-0.8920753463650037,-0.7692552468264886,-1.4914694554495957,-0.8947277519731571,-0.993307523294564,-1.082553607052843,2.6844733613694616
CSO-10-5A-MAARAN,0.0,1.7560950583215695,0.0,0.0,-0.8081188460328994,-1.1359809843079998,-0.8081188460328994,-0.5847141902613271,-1.0521939669403249,-0.9630278657020662,-1.5795300344762655,-0.9377231065323651,-1.3334273163069312,-1.4968291026912386,4.53589358551331
CSO-10-5A-MAOSMO,0.0,1.833181101161197,0.0,0.0,-0.6181249852629902,-0.9598947219487193,-0.6181249852629902,-0.3817612285706889,-1.0537746511223989,-0.6832018539587836,-1.5159224987227482,-0.9737316128744651,-1.1444325657854446,-1.289781077823903,2.0410321338817763
CSO-10-5A-RVMOIB,0.0,1.7717037798688653,0.0,0.0,-0.7190361304220189,-0.9148942187193057,-0.7190361304220189,-0.518148808659062,-2.05552668298038,-0.8518395961796099,-1.568977936586039,-1.0326826611632909,-1.1853551887517815,-1.3975053770345207,3.7785901965996316
CSO-10-5A-SVHEES,0.0,1.502769940318341,0.0,0.0,-0.8011956378345857,-1.0806721869451317,-0.8011956378345857,-0.5924446552461782,-1.1567512963791542,-0.9558422515430514,-1.3506541160030507,-0.7139889519573775,-1.3857686629710209,-1.4858046207901678,3.5987467822605037
CSO-11-5A-MDVOSPE,0.0,1.575594021362645,0.0,0.0,-0.726796260735612,-1.0509721243306756,-0.726796260735612,-0.512031530566486,-1.3454587453220308,-0.8615586132442117,-1.3787163554573048,-0.7192157629340971,-1.4921234168215705,-1.5301664258211174,2.83240019770845
CSO-11-5A-MTAGA,0.0,2.282640807898265,0.0,0.0,-0.539897779193634,-0.8987611831644398,-0.539897779193634,-0.33318027607985773,-1.4812754932016787,-0.605440282629464,-1.8312407291328179,-1.324117260135103,-1.4425305697197082,-1.4389682671572193,2.524749563504337
CSO-11-6A-CAPAMU,0.0,2.0597968486248224,0.0,0.0,-0.6402047354495572,-0.976763198982389,-0.6402047354495572,-0.4262920837147525,-1.6817887605991286,-0.7239989652276928,-1.6952105187941522,-1.1692335862958843,-1.4816414211791031,-1.695760944875058,3.1015686907215834
CSO-11-6A-DSCACH,0.0,1.7355676146788146,0.0,0.0,-0.625518021099868,-0.7688210731005753,-0.625518021099868,-0.3861363789918541,-0.8469360862247057,-0.6887655784214999,-1.4908748878521396,-0.9814130788785209,-1.2803823267572103,-1.2344566989981445,1.7399659851068112
CSO-11-6A-EROMO,0.0,1.572707569709706,0.0,0.0,-0.7275138692079743,-1.0441341639950126,-0.7275138692079743,-0.5163077972032932,-1.9890445790509765,-0.857923184343996,-1.4013380199199508,-0.7860733686734879,-1.5590100623193663,-1.8805464660992168,4.078179165515377
CSO-11-6A-FSOVRE,0.0,1.7448760221902104,0.0,0.0,-0.6677934022986496,-0.9971168485719282,-0.6677934022986496,-0.4378387104933845,-1.4521641623901829,-0.7505962156075868,-1.4839149424126352,-0.8937366635094467,-1.510198632588368,-1.5253062771930541,2.896876115726644
CSO-11-6B-ANREVA,0.0,2.3777250343909415,0.0,0.0,-0.6640986787421643,-0.9574122569131834,-0.6640986787421643,-0.4859447686541903,-2.176639810402762,-0.7621714725105476,-2.022959181868486,-1.514793866957952,-1.5695289307712297,-1.8530198523934434,3.827960285185244
CSO-11-6B-DISEMO,0.0,1.5468741099746084,0.0,0.0,-0.714936146779652,-1.0984098506274316,-0.714936146779652,-0.4856803505265606,-0.823722368450802,-0.8130671567639729,-1.362241483701015,-0.6453241955467044,-1.4519512641472514,-1.48045051299396,2.4340134442204353
CSO-11-6B-LHFDLACH,0.0,2.327146222844496,0.0,0.0,-0.5728904835720925,-0.9183180290394725,-0.5728904835720925,-0.3590982861851663,-1.80114663554934,-0.6463555432313985,-1.8572411764812338,-1.3712653960022956,-1.4489947627663193,-1.5923357842126422,2.8694352550358517
CSO-11-6B-RJGIHE,0.0,2.413258423477204,0.0,0.0,-0.4487711776532863,-0.8296217230041548,-0.4487711776532863,-0.24654973891310486,-1.2517542396207089,-0.4915231975538655,-1.8034086492423402,-1.362781032668688,-1.3330503477853923,-1.3032438709727991,1.478853873232441
CSO-11-6B-SFLVA,0.0,1.1689810280969863,0.0,0.0,-0.908650843370634,-1.1796147500144853,-0.908650843370634,-0.7178460708928037,-1.002746616301089,-1.1562158292830214,-1.0905243121183519,-0.3133939164664872,-1.001459541115207,-1.141594694045213,3.272603318231009
CSO-11-6B-VCOMA,0.0,2.0219259699965844,0.0,0.0,-0.6071392763006012,-1.02957849692781,-0.6071392763006012,-0.4215507430529842,-1.252367940379638,-0.6901644588961232,-1.6604939393496199,-1.111952918808035,-1.4098136033200281,-1.5522835750908324,2.4878713161146924
CSO-12-6A-DGISE,0.0,1.6227389265175616,0.0,0.0,-0.6547782936403826,-0.9993059398271295,-0.6547782936403826,-0.42160232554276644,-0.9442456232222026,-0.7545196102461508,-1.3614576857304572,-0.7422660581672933,-0.7676105715880115,-0.7748385291146911,1.437389912351118
CSO-12-6A-FJOVRE,0.0,1.8571679278399866,0.0,0.0,-0.6930345555911617,-0.9909944033878849,-0.6930345555911617,-0.4667628379045435,-1.3582708580392113,-0.7889538701186984,-1.5784466694542387,-1.0096059184003428,-1.4759675478977905,-1.4933722085729972,2.9979952935940326
CSO-12-6B-GQULO,0.0,2.0429048292842715,0.0,0.0,-0.6827743531377851,-0.6900560482716388,-0.6827743531377851,-0.4875336729830168,-2.5720410167771037,-0.81919104438062,-1.7668747572827934,-1.2843065583497202,-1.8693564091761474,-2.098241466377118,5.118507768002423
CSO-12-6B-LJHEFE,0.0,2.845193414211961,0.0,0.0,-0.6139616923941064,-0.9721250477829266,-0.6139616923941064,-0.4578052789903987,-2.089920433913432,-0.764451186611184,-2.356061802482836,-1.9000063716635138,-1.9198970983071648,-2.139314023935049,4.256169185866927
CSO-12-6B-VPAMA,0.0,1.871426591742934,0.0,0.0,-0.5713592647042789,-0.9816392570170529,-0.5713592647042789,-0.3580179263811434,-1.3505562653345062,-0.6193888289407768,-1.5853912192047275,-1.0437453974621203,-1.208684159849206,-1.5182517016854566,2.6456042848223023
CSO-12-7A-DALRE,0.0,1.5022163556187877,0.0,0.0,-0.7779744708276225,-1.0281866169954943,-0.7779744708276225,-0.5320884011287753,-0.5035294969387947,-0.8977705029427782,-1.3263557904483667,-0.6069869084636919,-0.7932318449171509,-1.0559623004390457,2.586474447067672
CSO-12-7A-ESALA,0.0,1.9275301613567593,0.0,0.0,-0.5358941666433662,-0.9365851667123806,-0.5358941666433662,-0.2998648646315924,-1.16415956960363,-0.5820645283157596,-1.505046821023289,-0.9623904626906494,-1.2318530020958698,-1.2901389995268715,1.2912748463696404
CSO-12-7A-IMERO,0.0,1.8567641792374794,0.0,0.0,-0.5850895554931813,-0.9693813569033578,-0.5850895554931813,-0.3390156862607377,-1.087527293078893,-0.6469813527534773,-1.5129133599651798,-0.9404823177918639,-1.2062483606001952,-1.2326015682978675,2.331799011960249
CSO-12-7A-JHEZA,0.0,2.2917010136438933,0.0,0.0,-0.4647207802194635,-0.8802288962220534,-0.4647207802194635,-0.25566707157700325,-1.19750292692048,-0.5023624937418213,-1.7818575962183685,-1.306938430494171,-1.157154999190297,-1.1609790624636425,1.3223762452641303
CSO-12-7A-LSARAR,0.0,1.2314275365748741,0.0,0.0,-0.7673941970929115,-1.1119052739471083,-0.7673941970929115,-0.5512599528509582,-1.7984358747928022,-0.9324748594678512,-1.120863197515333,-0.44040178448708245,-1.3960440413460016,-1.7315426822125748,3.7345400649637774
CSO-12-7A-SCAHO,0.0,2.1792292401415145,0.0,0.0,-0.5892745803660361,-0.9336752588784639,-0.5892745803660361,-0.3705847667402013,-2.0736921626978515,-0.6642283972535492,-1.7645393519322516,-1.2379466873293203,-1.830212273420335,-2.014875803495643,3.1971498160258336
CSO-12-7B-DVAGRO,0.0,1.748551423474369,0.0,0.0,-0.5827353276103764,-0.4627922209332554,-0.5827353276103764,-0.35831257181940696,-1.7496176087004687,-0.6385514288813502,-1.478868384730541,-1.0752006772042881,-1.7624788956365318,-1.8735096925606545,3.339595957562235
CSO-12-7B-SMUGU,0.0,1.2991791392944396,0.0,0.0,-0.7468318353825519,-0.8354340422815246,-0.7468318353825519,-0.4756770009576662,-0.08549198735228856,-0.8203815696042696,-1.1504076363574103,-0.513234076271742,-0.6039423265403068,-0.6560532138685847,1.0447904976496316
CSO-12-7B-SSARA,0.0,1.7562021607595462,0.0,0.0,-0.6067669809714878,-0.3471924549917557,-0.6067669809714878,-0.39909572603197047,-1.5509784654402459,-0.6910889873739495,-1.5080601016257276,-1.1545594158106558,-1.4153652205060556,-1.4688849377061775,3.1094251086684417
CSO-12-7B-VHOMA,0.0,1.8257908706776822,0.0,0.0,-0.6390494926645701,-0.9891824003067891,-0.6390494926645701,-0.4081575838118188,-0.7262826117888955,-0.7046439164178663,-1.5704919454111343,-1.0111152913701793,-1.4469108055666777,-1.3899072382588533,2.0580797168319878
CSO-12-8A-YTOME,0.0,1.9178350818815648,0.0,0.0,-0.7110583835951406,-0.6281608273504536,-0.7110583835951406,-0.4988190720369851,-2.5695166029462415,-0.8461429520605445,-1.6264272546318745,-1.1305123539093784,-1.315951044960415,-1.5651212695000585,2.037725442566607
CSO-13-6A-ANASA,0.0,2.4355498687223864,0.0,0.0,-0.6133331077390631,-0.9568529107083072,-0.6133331077390631,-0.4183450116815479,-1.9524268519821861,-0.6971139458708452,-1.9719485134478494,-1.4423760585448406,-1.650537434589692,-1.881552840203378,4.390614349779263
CSO-13-6B-JETAVE,0.0,1.3247862980957097,0.0,0.0,-0.7317667698928093,-1.0637838045692014,-0.7317667698928093,-0.5057888011614815,-0.8083905086428151,-0.8442128310227789,-1.1700392327477962,-0.46777685928529,-0.8468724089557272,-1.0090101382476124,2.8855858298309713
CSO-13-6B-LFMIES,0.0,1.5631431786595358,0.0,0.0,-0.7321707966860495,-1.0238560815151383,-0.7321707966860495,-0.5208590099535234,-1.132031618432103,-0.8523011053484472,-1.3607088303808532,-0.7748047380805473,-1.3351150732135877,-1.4336750507939795,3.052152821498804
CSO-13-6B-LJMAHU,0.0,1.3255269545343134,0.0,0.0,-0.6681986678439662,-1.0390547536768748,-0.6681986678439662,-0.44343062854936105,-0.9794541694891844,-0.7652545487534582,-1.163486442106351,-0.5150029983582346,-1.4246523160516964,-1.2785883685829247,2.5831844839093576
CSO-13-7A-CAPAMU,0.0,2.2672174127699125,0.0,0.0,-0.5636266678839701,-0.9037543451863981,-0.5636266678839701,-0.3604267798925332,-1.8584976767309167,-0.6432215692963724,-1.8171094616825436,-1.299175288598517,-1.5798052019751943,-1.6910097660474834,2.523375939270944
CSO-13-7A-CDDITR,0.0,1.9813405397205064,0.0,0.0,-0.4443482459806113,-0.9402201403901926,-0.4443482459806113,-0.2649033725439554,-0.45020878687470495,-0.5007224870623116,-1.6166639271782708,-1.1614671989777667,-0.7497112056744175,-0.7168783014978146,0.5681375120854617
CSO-13-7A-JJATFL,0.0,2.013562943551149,0.0,0.0,-0.6868203746840216,-0.9620949406748925,-0.6868203746840216,-0.4975388896283704,-1.545746455098608,-0.8145098385601929,-1.7672972738835342,-1.2055669185726852,-1.5963121916639085,-1.6848236144635373,3.3114121818649354
CSO-13-7A-KRAMA,0.0,1.645092817631213,0.0,0.0,-0.7601855034632584,-1.0436988344595615,-0.7601855034632584,-0.5964999811147889,-2.6998237140590793,-0.9145910603763979,-1.4911993020850705,-0.8514953260918344,-1.999805963272042,-2.3632710489459403,4.074323085789091
CSO-13-7A-RXCHLU,0.0,1.301760610643655,0.0,0.0,-0.27743628812484905,-0.6860071556076774,-0.27743628812484905,-0.5490340401446012,-0.5419299932894964,-0.706727938831413,-1.1786095054704466,-0.7961942688791801,-0.9906838699170286,-0.9991261102059531,2.155346431641048
CSO-13-7A-YAMEZA,0.0,1.8848916704815537,0.0,0.0,-0.7174711696785263,-1.0542438537773704,-0.7174711696785263,-0.5248628254372939,-2.1670642693605915,-0.8291536676297783,-1.6686506717086442,-1.0889091820979804,-2.0186899459714134,-2.1959367565768377,4.556182653550783
CSO-13-7A-YBOSO,0.0,1.2739524352271163,0.0,0.0,-0.6233833477275208,-1.052776270219873,-0.6233833477275208,-0.3705709768191989,-0.509532478102689,-0.7071119429832888,-1.1002895997794948,-0.45240928699003885,-1.046694899068966,-1.0818881727733163,1.4694773075020664
CSO-13-8A-KIGAGU,0.0,1.6571092325763275,0.0,0.0,-0.7170623734217397,-0.29700232678065885,-0.7170623734217397,-0.5084416715988166,-1.3933304969196345,-0.8475795235919992,-1.490275805145933,-1.1339434966359432,-1.4500638150376224,-1.3782810054071022,2.8950491859483836
CSO-13-8A-MBUAN,0.0,1.5433292380383243,0.0,0.0,-0.5900028220266156,-0.976554748432811,-0.5900028220266156,-0.5203648929767248,-1.544238291245639,-0.7978760251622762,-1.3544235090384105,-0.7867204297121518,-1.281378839781969,-1.394177142365643,3.0306255006519693
CSO-13-8A-MGAAN,0.0,1.8716451908011182,0.0,0.0,-0.5981588354211805,-0.7200842255392332,-0.5981588354211805,-0.3675281653375449,-1.3140143941286897,-0.6732851516503902,-1.4579968610540266,-0.9457556657650533,-1.323789529018203,-1.4213029571646165,1.3704012812391753
CSO-13-8A-MGAHE,0.0,1.5876585617202874,0.0,0.0,-0.7328278394274008,-0.9187569176273774,-0.7328278394274008,-0.5069848665433299,-0.8736314442738727,-0.8676211977025118,-1.4004565495125478,-0.8211814660404219,-1.185367683028782,-1.2663759510752224,2.933844439409295
CSO-13-8A-MJAGA,0.0,2.0752084370878743,0.0,0.0,-0.61927999029209,-0.6633614715254781,-0.61927999029209,-0.4073135480992673,-1.975352152506364,-0.7040913355383858,-1.7469082649822394,-1.3332159077774612,-1.7248719630996325,-1.688929781708131,3.1007247186329
CSO-13-8A-VHODU,0.0,1.540554574704108,0.0,0.0,-0.7806602744540172,-0.6091732125099265,-0.7806602744540172,-0.6162340194935767,-0.755123407994258,-0.9864409719374188,-1.397028284065272,-0.9376551297801863,-1.9287989071884106,-1.9449282937708876,4.416961386050566
CSO-13-8B-FCJISA,0.0,1.9241975428192408,0.0,0.0,-0.41124789608262674,-0.9195571395870734,-0.41124789608262674,-0.16599268521687055,-0.5224951300979933,-0.43671909877015685,-1.4852492230855856,-1.0064646293854014,-0.6219011950776743,-0.5608604636676982,0.18290028168716116
CSO-13-8B-JEMABE,0.0,1.8325583384371633,0.0,0.0,-0.7726512761511719,-1.0850510897192194,-0.7726512761511719,-0.5911685550586289,-2.4533125211252913,-0.9494888323966717,-1.60703621646789,-0.9879306775237074,-1.758779152594503,-2.2708382427045075,5.933774881057992
CSO-13-9B-DMLLLU,0.0,2.1858488470128927,0.0,0.0,-0.6071815898143574,-0.9688365205795693,-0.6071815898143574,-0.394162105647229,-1.607499432682977,-0.6891938733525108,-1.8118412181681358,-1.2869283431353777,-2.1309893414803454,-1.9990282790479246,3.1087292855494306
CSO-14-7A-MVEBE,0.0,1.3032144251857054,0.0,0.0,-0.7704868060563925,-1.1462590509342085,-0.7704868060563925,-0.5125349634205171,-1.1078916052995909,-0.8749570599918337,-1.170538668786287,-0.5038766243970387,-1.503561887562512,-1.4470133753733527,3.1230282023016436
CSO-14-7B-EALHU,0.0,1.3066253631090938,0.0,0.0,-0.666388183050327,-0.9525396102803835,-0.666388183050327,-0.41203732956539607,-0.5518702147069172,-0.7490401535607806,-1.1553422986573645,-0.5164247986246581,-0.591819298940013,-0.7834788606708973,1.672323598845049
CSO-14-7B-EVEGO,0.0,2.177975404012212,0.0,0.0,-0.5588542339986815,-0.947245425313883,-0.5588542339986815,-0.34782570784049294,-1.7986888989589809,-0.6144618786933976,-1.7840570027011624,-1.2680561592988002,-1.573195155829887,-1.6833694383547062,2.582180951611799
CSO-14-8A-AQUMA,0.0,1.746660517538525,0.0,0.0,-0.6480763941449172,-0.9735035995651186,-0.6480763941449172,-0.39968753331717366,-0.5960727281696244,-0.7071294672741211,-1.5011444508578327,-0.9774285572697079,-1.1681231586169794,-1.1493205598075502,2.388781286223503
CSO-14-8A-MCIDOS,0.0,2.572690980891825,0.0,0.0,-0.49116514300526964,-0.8416447816636857,-0.49116514300526964,-0.2860949031632793,-1.6085891381307642,-0.5359225276867935,-1.8277335934526695,-1.3189834295012461,-1.2067641806519818,-1.5183271379079422,1.312776998299695
CSO-14-8A-SZARA,0.0,1.6435311528476548,0.0,0.0,-0.7076532216106132,-1.100547795599357,-0.7076532216106132,-0.4588468436671036,-0.8608428832660868,-0.8061452423455978,-1.3426609603551831,-0.6006406977279823,-0.6213875453785374,-0.9211779810298147,1.6948525839404265
CSO-14-8B-JLLORA,0.0,1.9100814935915547,0.0,0.0,-0.664476558136404,-1.024345625093936,-0.664476558136404,-0.48876904438843816,-1.4960549947593564,-0.7876435285639692,-1.6545704467295554,-1.1433922071032374,-1.7173163588887785,-1.8351255260157993,2.6631875559058362
CSO-14-9A-AEDCAGO,0.0,1.6334738138150973,0.0,0.0,-0.7049659471469152,-1.0464123446671136,-0.7049659471469152,-0.46003152672178427,-1.0669764674871187,-0.806836957888741,-1.3934423973198964,-0.7302922297975106,-1.2772738962415908,-1.3737197985629228,3.1627272814556497
CSO-14-9A-HASACA,0.0,1.67322051202175,0.0,0.0,-0.6956647646219195,-0.982480947769705,-0.6956647646219195,-0.4551521713933264,-1.355847346644276,-0.7972676979344023,-1.4211886211614737,-0.772197273738416,-1.100015711767926,-1.4982791429200797,3.230556366289183
CSO-14-9A-JSMAAL,0.0,1.928549036776762,0.0,0.0,-0.7027471292681399,-0.5357041423139701,-0.7027471292681399,-0.49088239901770053,-1.5237111534691299,-0.8034936935422484,-1.6702188182070787,-1.2221412619653083,-1.8285829042579889,-1.7839769862373238,2.4090922151607765
CSO-14-9A-MARJA,0.0,1.5140826120153563,0.0,0.0,-0.674970683889331,-0.7110777158694584,-0.674970683889331,-0.4095929927597106,-1.0434735325429891,-0.7427958281397457,-1.2953054572442941,-0.7688096414999942,-1.0675392232852534,-1.267381347681276,2.4807872597776557
CSO-14-9A-SORZU,0.0,2.222555048848214,0.0,0.0,-0.6258220489909059,-0.9509712199465511,-0.6258220489909059,-0.38240159402967194,-1.087018547582028,-0.6996187987667666,-1.8679264985709385,-1.3592810267048443,-1.1630163721473101,-1.2502233214735252,2.1552954678642338
CSO-14-9B-ERAGA,0.0,1.7790619856506207,0.0,0.0,-0.6502748737831632,-1.005273641418425,-0.6502748737831632,-0.42354503933323506,-0.8401768338609199,-0.7265322974218045,-1.5344076915533968,-0.9819419727243485,-1.0383991438355078,-0.9679096941427692,2.4326365296067882
CSO-14-9B-MFEGA,0.0,2.0690286828980216,0.0,0.0,-0.5530839841272293,-0.6690119952890724,-0.5530839841272293,-0.35348253998477186,-0.8548273276309233,-0.6198901236011408,-1.7072027986558258,-1.292862249815348,-1.968570619960927,-1.5949728376089976,1.313061217282291
CSO-15-10A-LJRAGU,0.0,1.6334453299643201,0.0,0.0,-0.7390490507691512,-0.9409319925708787,-0.7390490507691512,-0.7450153482509023,-1.636076030065826,-1.1710658537863277,-1.496430109340199,-0.8958560185710847,-0.9018401859980973,-1.020672782316982,5.374880975102931
CSO-15-10A-MAARLO,0.0,1.914807847755575,0.0,0.0,-0.7025883377709702,-0.7464894329012067,-0.7025883377709702,-0.5263222489405384,-0.429682931641722,-0.8463889311353728,-1.6106700664356055,-1.1162526982527552,-0.6164576290622551,-0.5783908481208436,0.501943847852896
CSO-15-10A-SFEGA,0.0,2.0279204111166753,0.0,0.0,-0.6839831035983978,-1.0431314840269081,-0.6839831035983978,-0.4632051758267552,-1.7785749263761959,-0.7767707943677115,-1.7176260157142547,-1.1756514310956898,-1.66229597620116,-1.8222136794625363,4.217623441732862
CSO-15-10B-MEBUAR,0.0,2.0378479135832817,0.0,0.0,-0.6352594226567726,-0.6964576436778481,-0.6352594226567726,-0.4110896092834411,-1.0013522329979596,-0.7193868492462844,-1.7613305124584482,-1.280185648572831,-1.1466457074933982,-1.2033019964493772,0.4860998090336475
CSO-15-10B-YVBUAN,0.0,1.5236765571315332,0.0,0.0,-0.7275984390165801,-1.0546047955411235,-0.7275984390165801,-0.4675954312709829,-1.201315579932971,-0.8362254606728887,-1.3102767770159411,-0.5994276543917925,-1.1815450106343914,-1.3845482328837582,1.8985938469534263
CSO-15-10C-ALBAHO,0.0,2.166628802422612,0.0,0.0,-0.6349160911524172,-0.9651675968325785,-0.6349160911524172,-0.4168683044756214,-0.6304856623200252,-0.7222026405753306,-1.805717665854789,-1.2422000084474967,-1.4140324744446184,-1.088754390025712,1.3108594067038433
CSO-15-10C-SSCAMO,0.0,2.002622336047832,0.0,0.0,-0.5134585176229138,-0.8794092146795078,-0.5134585176229138,-0.2527001508682295,-1.201809776921516,-0.5432259790696043,-1.5857348420671935,-1.05995527629673,-1.354414878668946,-1.399973237359015,2.1508722010525214
CSO-15-11C-JETALO,0.0,1.8011717548904318,0.0,0.0,-0.6660572495786209,-0.8311072440789373,-0.6660572495786209,-0.39085503430372787,-0.997096884647418,-0.7251731453666661,-1.4763637933690474,-0.8912170322031993,-1.2555557761292366,-1.2596368387623587,1.9770925843682616
CSO-15-7B-JCRAGA,0.0,1.6020417903000428,0.0,0.0,-0.6372776097659135,-1.003493472561514,-0.6372776097659135,-0.3938475666942201,-0.4171695651961886,-0.709820217959795,-1.4218894213179487,-0.8437102443432105,-1.0014324760924649,-1.095201342157224,1.9893572477909292
CSO-15-8A-VBMABR,0.0,1.8830453879196185,0.0,0.0,-0.7259673970963605,-1.071388279813202,-0.7259673970963605,-0.5149042484822361,-0.8624049571072343,-0.863462756959683,-1.6119766976108936,-0.96270856664229,-1.0522766676057462,-0.9364965671085185,2.854056030178975
CSO-15-8B-KEPOGO,0.0,2.178900784055377,0.0,0.0,-0.6539596642114638,-0.942883997144606,-0.6539596642114638,-0.39341407432953734,-2.603880890594075,-0.7261367099083998,-1.8187795011463472,-1.3105798335076413,-2.218438837635756,-2.232897340505031,3.572889933690795
CSO-15-9B-ALRIHE,0.0,1.9456825506087179,0.0,0.0,-0.6420760831147113,-0.8219324233906953,-0.6420760831147113,-0.43219748465875124,-1.4629832330920791,-0.7312205027816818,-1.6611470174451788,-1.1905706374674587,-1.8102792194540371,-1.7222303365674638,3.700161941324155
CSO-15-9B-AMSAGO,0.0,2.159109655218075,0.0,0.0,-0.6372020676211438,-0.9307867258904446,-0.6372020676211438,-0.41796968296606885,-1.2819356475426673,-0.7440680756888081,-1.7380201159529214,-1.2012885588332702,-1.4315107283773911,-1.4812832322238245,2.601670773165403
CSO-15-9B-JCAPA,0.0,1.7143766239767448,0.0,0.0,-0.6699383643094304,-0.7486529274332805,-0.6699383643094304,-0.44335652732729935,-1.7710493231409337,-0.7639242751263025,-1.4879784421094162,-1.0247876090978594,-1.8802580924637404,-1.7355405474855352,3.0600556210302954
CSO-15-9B-KSBEJA,0.0,1.855979809802241,0.0,0.0,-0.6536048267036412,-1.0218708292928496,-0.6536048267036412,-0.46282346542429387,-0.9807906937106305,-0.7499084913359523,-1.5887373167622512,-1.052002139634534,-1.3731807212404996,-1.3703737563968421,4.240461553790642
CSO-15-9B-RMCHLU,0.0,1.5176364040519528,0.0,0.0,-0.7348638403525437,-0.8104435388449783,-0.7348638403525437,-0.5270323047177825,-1.361444354004894,-0.8615457041468441,-1.3545101692783859,-0.7993375875859364,-1.1732897093010224,-1.2583501280855298,3.043149901876754
CSO-15-9B-SJAGRO,0.0,2.469541515216831,0.0,0.0,-0.5255203610970546,-0.9089031730369147,-0.5255203610970546,-0.3126648312554657,-1.82139788997609,-0.5869323956406584,-1.9780537004911054,-1.4664202662882324,-1.7197045616172977,-1.7494887974899245,3.0839185615985394
CSO-16-10A-JEGAHE,0.0,2.388304822131047,0.0,0.0,-0.6271589985003211,-0.9406165470388299,-0.6271589985003211,-0.4030226360896869,-1.6911930761295983,-0.6969287558958845,-1.9864914791386163,-1.4980768588992797,-1.538230988721626,-1.6014013511104606,1.9643523343809435
CSO-16-10A-MSACO,0.0,1.9161939014442173,0.0,0.0,-0.4326373713002393,-0.8144055778688933,-0.4326373713002393,-0.44268807761789547,-2.1890065904944076,-0.6638863174675886,-1.6387102508722204,-1.2283267889871639,-1.901861410636797,-1.9783223495127633,3.5513601263140826
CSO-16-10A-SARI,0.0,1.9839041523693672,0.0,0.0,-0.6398526919280549,-0.9732891009596486,-0.6398526919280549,-0.4605441675422359,-1.7973305306780838,-0.740752406995826,-1.70592989501812,-1.2139672413827656,-1.590604258690906,-1.7585553856579352,4.012270486819859
CSO-16-10A-SMOUT,0.0,2.2197843415181904,0.0,0.0,-0.7050040664844024,-1.089270846872481,-0.7050040664844024,-0.536589622291907,-1.5704900629729772,-0.8816130070073385,-1.848428845657389,-1.2506048943180952,-1.4785524673790298,-1.6973764841477457,4.35495589349142
CSO-16-10A-YKMUJO,0.0,1.265507250283949,0.0,0.0,-0.7761347315790441,-1.0674580684287438,-0.7761347315790441,-0.5351289171858306,-1.7303317506891076,-0.8744630757185617,-1.152945299283526,-0.48534679666359254,-1.5669740253329307,-1.6204507996127748,3.242508945799484
CSO-16-10B-JESUGU,0.0,1.5834631347857757,0.0,0.0,-0.6101391765080615,-0.9941397479432317,-0.6101391765080615,-0.36343397131014527,-1.2955606010657394,-0.6747229014542739,-1.3548605566333154,-0.7477204527954355,-1.4962113513021575,-1.7327269383562875,3.5537461986674215
CSO-16-10B-LTVIFA,0.0,2.1805369818401696,0.0,0.0,-0.5433572970015881,-0.9397703225552713,-0.5433572970015881,-0.3127599404952917,-1.3822576408434069,-0.5938720623607762,-1.743889072529515,-1.1861181835645984,-1.9146120431430853,-1.7964298646908325,3.1486530999702493
CSO-16-10B-VVILI,0.0,1.8231155758959672,0.0,0.0,-0.7329606736428049,-1.0476528872402293,-0.7329606736428049,-0.4995774296563621,-1.0895198067814116,-0.8372261844407296,-1.5840844051035645,-0.9818940696689001,-1.1181094777237044,-1.322731577358956,3.0220438036050012
CSO-16-10C-ACALGU,0.0,2.026555725334591,0.0,0.0,-0.6132408753479769,-0.9863271229770537,-0.6132408753479769,-0.39997946836140147,-1.3421190874724334,-0.6839882765943972,-1.7117852101320385,-1.1574234439817004,-1.1273773482442038,-1.1214228094889473,2.4843919552170934
CSO-16-10C-MAVAVE,0.0,1.8118196091857506,0.0,0.0,-0.5729607187397222,-0.8219691818596282,-0.5729607187397222,-0.34118045403086217,-1.1757224079091284,-0.6289179147683541,-1.5021472975045498,-0.998436586119197,-1.2843830788871242,-1.3226423758616876,1.3965810062071555
CSO-16-11A-JAVABO,0.0,2.6560851514537918,0.0,0.0,-0.4937073665338228,-0.8848953650955387,-0.4937073665338228,-0.28673247963600546,-1.3167297951657781,-0.5538970634772057,-1.959614296468319,-1.4624254035541588,-1.0311795244256448,-1.1567197593347718,1.6054222712726154
CSO-16-11A-JDMUVA,0.0,2.569233148751112,0.0,0.0,-0.5158618285083363,-0.8640258751723898,-0.5158618285083363,-0.2744941587799117,-1.5250732634176645,-0.5498341574438037,-2.004347119469158,-1.4892007013590705,-1.501539579851893,-1.6881148526526781,2.391960731795831
CSO-16-11A-VZAOR,0.0,2.133331131169937,0.0,0.0,-0.5972218483204577,-0.9054349331880905,-0.5972218483204577,-0.3619836130290835,-2.4547139951082606,-0.6662667274670638,-1.7938817612490083,-1.298629318784386,-1.7367609577191991,-1.9833760422050792,3.3178307275743797
CSO-16-11B-KRORE,0.0,1.6493330850079762,0.0,0.0,-0.7169622456174234,-0.9382545518979115,-0.7169622456174234,-0.5026584832204064,-1.4162591779751432,-0.8432953853298323,-1.3978901346587869,-0.7988738591166455,-1.2934720465737808,-1.5123973694573016,2.777476355235905
CSO-16-11B-LLOZA,0.0,2.210654598905739,0.0,0.0,-0.6597363466726164,-1.0439571281995466,-0.6597363466726164,-0.4614176700818673,-1.7545828746304952,-0.753492354309616,-1.8704622719770219,-1.2878681256780384,-1.7582332094491209,-1.7762692169546037,2.91577868524425
CSO-16-11B-YAROMO,0.0,2.0461711446809456,0.0,0.0,-0.594508326864844,-0.7230718295509593,-0.594508326864844,-0.3521378770733234,-1.5555553624619083,-0.6573911555245268,-1.6857862776041541,-1.1865482222016992,-2.0029260051853055,-1.9489875286635499,4.222943001070883
CSO-16-9A-JALEMO,0.0,2.7282212594639756,0.0,0.0,-0.5678724190095741,-0.8881366169107905,-0.5678724190095741,-0.32449348893465885,-1.6074441637054755,-0.6272799366679055,-2.1945791355799775,-1.6887132298243652,-1.434359176857245,-1.549735789401661,1.9789266020227942
CSO-16-9A-JPROSO,0.0,1.7774893131542298,0.0,0.0,-0.7015151482085441,-0.9767838282046662,-0.7015151482085441,-0.4420895580561195,-2.0111086689717617,-0.7807838274666757,-1.5528494252674951,-1.028141585540096,-1.7356439460931952,-1.8652399820978145,3.699738142859896
CSO-16-9A-JSMAGU,0.0,2.1054334218933346,0.0,0.0,-0.6020325582066928,-0.5853545391982584,-0.6020325582066928,-0.4128232397881477,-1.35625112644369,-0.6835964792191717,-1.7367291836256962,-1.3166301319786073,-1.177743218484694,-1.2912846321870552,2.206052905520578
CSO-16-9B-SJPAJI,0.0,2.021540151237123,0.0,0.0,-0.7326265979566894,-0.640620161590896,-0.7326265979566894,-0.5519987114806498,-0.5386688521988818,-0.9251498465581084,-1.7626857455857763,-1.325661145251274,-1.6934025109207504,-1.8051859990337447,3.1715599866568174
CSO-17-10A-YVGOCA,0.0,1.646054198124429,0.0,0.0,-0.7996175200971203,-0.24336363652762535,-0.7996175200971203,-0.5694500494702611,-2.23569119358137,-0.9146641211504999,-1.4892514978488052,-1.1368939968701064,-2.206511284235148,-2.225229517368595,4.496040328137946
CSO-17-10B-EHECO,0.0,1.9995494689972002,0.0,0.0,-0.5863902174664078,-0.81697442822216,-0.5863902174664078,-0.34391947547396123,-1.286360501537379,-0.6352764637496042,-1.6734194350975016,-1.2175072038881594,-1.1225470002043119,-1.1143914042397671,0.9130233487651116
CSO-17-10B-YCQUVE,0.0,1.7607277334554694,0.0,0.0,-0.6280386573111852,-0.8031853682584327,-0.6280386573111852,-0.38122661508831107,-0.30212370982511194,-0.6853094800806661,-1.510682781076918,-0.9867879520909917,-0.9433498405972076,-0.8805777779905075,1.3847607500890902
CSO-17-11A-DJAPA,0.0,1.8515924064817793,0.0,0.0,-0.7151606035227108,-0.8729098276401688,-0.7151606035227108,-0.5364365441222925,-0.6439129529760085,-0.8505702201260169,-1.598977887145102,-1.014983529667874,-1.1437818117227594,-1.0563649816859932,2.05887180165108
CSO-17-11A-JDAMO,0.0,1.3344029478197723,0.0,0.0,-0.7469623360067875,-1.1514515046277463,-0.7469623360067875,-0.5242684666612367,-1.0443111853474407,-0.9217391228000893,-1.2108298567755305,-0.5175058388514349,-1.611256571738931,-1.5204823741065094,3.3633206094050925
CSO-17-11A-NPAHE,0.0,1.8134237274082299,0.0,0.0,-0.7516801000738755,-1.0332441275100388,-0.7516801000738755,-0.5746347729111243,-2.148383908434125,-0.8946046848184258,-1.604465673638387,-1.01289334329293,-1.8740165733081429,-2.1166346662256634,4.893083687301297
CSO-17-11A-RLPAIG,0.0,1.6082707843497597,0.0,0.0,-0.649931205210011,-1.0352546397072102,-0.649931205210011,-0.4112818725002967,-1.9166086982756945,-0.7258473398334514,-1.3853056795021474,-0.7557341444132867,-1.9557947746230477,-2.1207237121051943,4.257905384558187
CSO-17-11A-SPUVA,0.0,2.4186021238691944,0.0,0.0,-0.5166064227003084,-0.8955217969195625,-0.5166064227003084,-0.34817190322223385,-0.6005454924523073,-0.5798674246205786,-1.8898552234374846,-1.369119756430454,-1.0832603002788221,-0.9642769391929583,1.0245652763357105
CSO-17-11B-CDBEBU,0.0,2.3053137399774806,0.0,0.0,-0.5497330781487518,-0.9132169789356293,-0.5497330781487518,-0.30867225087573025,-1.24198257181738,-0.5859547941476668,-1.8273195038020904,-1.2802796665221121,-1.414720515366173,-1.3810449451330284,2.295647450468664
CSO-17-11C-JDAAG,0.0,2.357998706805021,0.0,0.0,-0.5370574781735851,-0.8816085542900884,-0.5370574781735851,-0.3103367980614258,-2.1084976091734466,-0.5889284586513762,-1.8326774445792466,-1.3576871914010629,-1.8808845086719483,-2.0120670297487937,3.4003925734091176
CSO-17-11C-MAPAMA,0.0,2.3264267543627537,0.0,0.0,-0.6298088143716299,-0.9794595418738844,-0.6298088143716299,-0.4456109533454776,-1.301920765454259,-0.7441082014007294,-1.839298583435994,-1.2388156552982175,-1.5599388384072146,-1.4832181028705171,2.1502690171073264
CSO-17-11C-MCAAG,0.0,2.059582527412021,0.0,0.0,-0.5531528035801253,-0.7544612490080496,-0.5531528035801253,-0.3361836784367312,-1.3713309390485078,-0.606298650140982,-1.675860381315028,-1.2262244023680489,-1.400456417593758,-1.4091941949634608,1.6446146024092785
CSO-17-11C-SARJA,0.0,1.6645423297141957,0.0,0.0,-0.6643044038002255,-0.9729723545515501,-0.6643044038002255,-0.4069887564797625,-1.72911408648776,-0.7640952475185021,-1.3337065773258814,-0.7731281418092443,-1.469735819967417,-1.5257462517530367,1.9592625304940376
CSO-18-11A-ADBAHO,0.0,2.3756166191689414,0.0,0.0,-0.5624642031618878,-0.8108341548646933,-0.5624642031618878,-0.3462734813701165,-1.7867443628158566,-0.6189869448560923,-1.9129393049496854,-1.4682881899851203,-1.335520111250004,-1.5084685079562514,2.1732329526398346
CSO-18-11B-YLLRE,0.0,1.7596036662730912,0.0,0.0,-0.7525554941109518,-1.076176231425765,-0.7525554941109518,-0.4994493777181124,-0.9413719660729611,-0.8534882444628427,-1.5600983267198234,-0.9067539863755146,-1.1037240805413764,-1.0733569154147753,3.338161944560469
CSO-18-9B-MAMOLO,0.0,1.6989666442586504,0.0,0.0,-0.5088052632663819,-0.7013138212893739,-0.5088052632663819,-0.4486233057341797,-1.991149050343946,-0.7065831514822042,-1.4504826362239647,-0.933897126827556,-1.770742654752838,-1.9625013123270612,3.7940578200102797
CSO-8-3A-AIPRBR,0.0,2.0189580190800145,0.0,0.0,-0.6368302360424124,-1.0320367300786115,-0.6368302360424124,-0.44357983158746395,-0.536806249202034,-0.7368482587166837,-1.7335517682948087,-1.1971564941921597,-0.818281158725451,-0.9027037300048175,2.3137057679967774
CSO-8-3A-DAPAVA,0.0,1.4340683118696347,0.0,0.0,-0.7500145287686573,-0.7086422101991711,-0.7500145287686573,-0.5418718532305242,-0.6157598577842481,-0.8883554803872059,-1.2868133182101482,-0.7440263889217289,-1.499655382099108,-1.3672498825504846,2.747194755346733
CSO-8-3A-KVPECO,0.0,1.3122826572446578,0.0,0.0,-0.7154141514909991,-1.143194691755544,-0.7154141514909991,-0.4541133674900414,-0.7219788821723635,-0.7916341074480577,-1.1243833032603774,-0.23195184191437151,-1.1256276472264302,-1.3452919787998154,2.3087862008383073
CSO-8-4A-ARAGR,0.0,1.8740811992534112,0.0,0.0,-0.5319299834315706,-0.9696903435990574,-0.5319299834315706,-0.30738547875646804,-1.2526812256282873,-0.5824576802285903,-1.5225736686397966,-1.0044420566147698,-1.3376666956531786,-1.3830452102181303,1.5154944294072954
CSO-8-4A-JRAAR,0.0,1.8864516361899029,0.0,0.0,-0.5263720132838088,-0.9322172901362263,-0.5263720132838088,-0.3122166295321912,-1.0390801149480748,-0.5738177529368057,-1.5550074390319375,-1.0219727664584661,-1.470582115797639,-1.3965052927194488,2.3982799904276026
CSO-9-2A-EXMOCO,0.0,1.549520358211884,0.0,0.0,-0.6797364555069834,-0.7535644292171174,-0.6797364555069834,-0.45849590115050065,-1.2900168203908413,-0.7886340650174266,-1.283715140031919,-0.7273010046447318,-1.3290546773057448,-1.512165383263111,3.0912896318051732
CSO-9-4A-AGAPE,0.0,2.75453527346462,0.0,0.0,-0.548197075820903,-0.8776470205644242,-0.548197075820903,-0.34749172892822144,-1.4549654426911627,-0.6024080481304667,-2.242870354377821,-1.8124121945738383,-1.6424257245756786,-1.5969366324286454,1.2460899685999212
CSO-9-4A-DKVIMO,0.0,1.210239216826548,0.0,0.0,-0.713861588367936,-1.1018978714688106,-0.713861588367936,-0.45633463181984957,-0.8778231458205745,-0.8217457075276945,-1.0728421113826736,-0.3710290025625225,-1.139149553262227,-1.1529735918478417,2.257325142515916
CSO-9-4A-DSMOMU,0.0,1.761354605158253,0.0,0.0,-0.46222681319568526,-0.9145179088040436,-0.46222681319568526,-0.2126871433761369,-0.4839989099977828,-0.4928976248176416,-1.3669262521902121,-0.8745983697781082,-0.7774591283084319,-0.7524013087542176,0.9335818388579099
CSO-9-4A-DVGATO,0.0,2.0470594404859304,0.0,0.0,-0.6077328478145105,-0.9383731779998108,-0.6077328478145105,-0.3614246593576186,-1.4854632994107309,-0.6668505449749053,-1.6932350070408158,-1.2016516581691297,-1.4462595110056704,-1.4678059752752382,1.5356489297593137
CSO-9-4A-EGCAMO,0.0,1.4559156873783838,0.0,0.0,-0.741665095270505,-1.08004151446868,-0.741665095270505,-0.49791649279119016,-0.41825407158425215,-0.8884666169500255,-1.236282423449484,-0.5243184037666451,-0.9126228840695819,-1.0171808353254386,2.264216625868526
CSO-9-4A-FAGIGA,0.0,1.8840370634427497,0.0,0.0,-0.5541795594202182,-0.5428418360082076,-0.5541795594202182,-0.33296522901652453,-1.5143771585184913,-0.6169936132444787,-1.5146479262775614,-1.198930545533112,-1.3869481526572918,-1.4321588441413264,1.4669163156575404
CSO-9-4A-GSBRCO,0.0,1.3624334571959984,0.0,0.0,-0.7758658203691844,-1.071547865641455,-0.7758658203691844,-0.555532432639359,-0.9045158809422441,-0.8974618377783902,-1.2165876225008234,-0.5277547069248555,-0.5485091765984269,-0.5940211054379285,1.7208826456051116
CSO-9-4A-KEMOCO,0.0,1.5384079316951649,0.0,0.0,-0.7520839272061492,-0.8242902561468887,-0.7520839272061492,-0.5329890312580055,-1.2039472846573194,-0.8604099867733682,-1.3717269495603641,-0.767965250172489,-1.7787627354114242,-1.6378954023726333,3.6110463561254127
CSO-9-4A-LCOMO,0.0,1.6907963408569322,0.0,0.0,-0.6348277345929519,0.1552256963929024,-0.6348277345929519,-0.3962676050395221,-0.7176998630782139,-0.7312899940118128,-1.4372188902625485,-1.2283725316643295,-0.8848915890935736,-0.8056636020994575,0.6096303972693498
CSO-9-4A-MLORO,0.0,1.9300107033966012,0.0,0.0,-0.5280885806547383,-0.9581549172365602,-0.5280885806547383,-0.2987322887225614,-1.2371439664827055,-0.5779774237766772,-1.6130829668871907,-1.0731660964734238,-1.5280246242336357,-1.6462233885427469,2.6149613321703433
CSO-9-4A-MPAME,0.0,2.544006523410075,0.0,0.0,-0.49653376006283584,-0.821843703191339,-0.49653376006283584,-0.2460905000889955,-1.331586319594991,-0.5416842851317388,-1.946251225550856,-1.4762215218703225,-1.5358398634441481,-1.6077161060361436,2.0195845082071435
CSO-9-4A-NSARPA,0.0,1.5718255373698473,0.0,0.0,-0.72490059814557,-0.8760043244693472,-0.72490059814557,-0.5044657498846158,-1.173023574709536,-0.8421860984835152,-1.4011495848415392,-0.9008577837011078,-1.9599620059933371,-1.7684502310884895,4.597116615565382
CSO-9-4A-SLOCA,0.0,1.590179865158897,0.0,0.0,-0.7814408605673921,-1.1271278434044547,-0.7814408605673921,-0.5878659111254122,-2.199689211330194,-0.9361931476934116,-1.4494081552190086,-0.7899870082483197,-1.5176976782075011,-1.544506378318161,4.8327016973892
CSO-9-4A-YVDITR,0.0,1.4362404920426488,0.0,0.0,-0.6253642972715571,-1.003142430246037,-0.6253642972715571,-0.38657101128776555,-0.47071657265428124,-0.7029935841820907,-1.2256225367404736,-0.5711944443366167,-0.8734576153649364,-0.7686538151562169,0.8800913559536246
