file,z_wc,z_nodes,z_edges,z_re,z_pe,z_l1,z_l2,z_l3,z_lcc,z_lsc,z_atd,z_density,z_diameter,z_asp,z_cc
CDMS-10-4A-JURAN,0.0,0.0,0.0,0.0,0.0,0.0,0.0,0.0,0.0,0.0,0.0,0.0,0.0,0.0,0.0
CDMS-10-5A-HEPIHO,0.0,0.0,0.0,-0.0751939314211647,0.0,-0.05241930580590263,0.0,0.0,0.12761323722706733,0.0,0.0,0.0,0.12761323722706733,0.12761323722706724,0.0
CDMS-10-5A-KSRAGU,0.0,0.0,0.0,0.0,0.0,-0.13819269959814168,0.0,0.0,0.13819269959814162,0.0,0.0,0.0,0.13819269959814168,0.1381926995981417,0.0
CDMS-10-5A-SROPU,0.0,0.0,0.0,-0.8283520944915781,0.0,-0.27171412434887665,0.0,0.0,0.6597469488647423,0.0,0.0,0.0,0.43836074532370556,0.43341081736016757,0.24053200750936948
CDMS-10-5A-SZURO,0.0,0.0,0.0,-0.15304279069600388,0.0,0.10113458734320391,0.0,0.0,-0.06782949472828974,0.0,0.0,0.0,-0.0678294947282897,-0.06782949472828975,0.0
CDMS-10-5B-SRAJA,0.0,0.0,0.0,0.0,0.0,0.7273361376577251,0.0,0.0,-0.7273361376577251,0.0,0.0,0.0,-0.7273361376577251,-0.727336137657725,0.0
CDMS-10-5C-DAAUSA,0.0,0.0,0.0,-0.5005199349515268,0.0,-0.2727448143851195,0.0,0.0,0.2781784612316724,0.0,0.0,0.0,-0.05026293494904904,0.06487537260364673,0.05462300082137437
CDMS-10-5C-ICAPA,0.0,0.0,0.0,-0.3877015076625583,0.0,0.0,0.0,0.0,0.40736553908405354,0.0,0.0,0.0,0.4373724973501065,0.4101514067474232,0.0
CDMS-10-5C-JFALGI,0.0,0.0,0.0,-0.31857395013109235,0.0,0.0,0.0,0.0,0.31857395013109235,0.0,0.0,0.0,0.31857395013109213,0.3185739501310926,0.0
CDMS-10-5C-MAORTO,0.0,0.0,0.0,-0.10176692104086166,0.0,0.0,0.0,0.0,0.08420461183962864,0.0,0.0,0.0,0.1427803427353793,0.13244753398611522,0.0
CDMS-10-5C-NBEMO,0.0,0.0,0.0,-0.3353468713044054,0.0,0.0,0.0,0.0,0.018012183869609174,0.0,0.0,0.0,0.16475563139816182,-0.040192254508197266,0.0
CDMS-10-6B-ASCACO,0.0,0.0,0.0,-0.23267774254205262,0.0,0.0,0.0,0.0,0.1876006023066235,0.0,0.0,0.0,0.16709122446264582,0.16220943721188186,0.0
CDMS-10-6B-JJMOBE,0.0,0.0,0.0,0.05153025315014614,0.0,0.0,0.0,0.0,-0.028529767759608974,0.0,0.0,0.0,-0.06066213004436974,-0.04182758353151652,0.0
CDMS-11-4A-GACHSA,0.0,0.0,0.0,0.04128859279856706,0.0,-0.07368638618536545,0.0,0.0,-0.05785998357296339,0.0,0.0,0.0,-0.15083756425519002,-0.11550260162733136,0.10993267689334407
CDMS-11-5A-EAARCA,0.0,0.0,0.0,-0.15689786833005928,0.0,-0.17554037278480342,0.0,0.0,0.5376972141934863,0.0,0.0,0.0,0.5222604556435305,0.5984131715471203,-0.3309501687814143
CDMS-11-5A-MGTHAR,0.0,0.0,0.0,-0.30048664548682924,-0.07710580067594537,-0.3061556312254304,-0.07710580067594537,0.0,0.46306384289671826,-0.0771058006759454,0.0,0.0,0.2872607746812692,0.4238250797067037,-0.03027013155236579
CDMS-11-6A-DFVEBE,0.0,0.0,0.0,1.150993377446704,0.0,-0.460206549285388,0.0,0.0,-0.6668299979252118,0.0,0.0,0.0,-0.6580305774487685,-0.48567250855900923,-0.26234040829321154
CDMS-11-6A-NMREPR,0.0,0.0,0.0,-0.10265385935319274,0.0,-0.07565777376042226,0.0,0.0,0.07565777376042235,0.0,0.0,0.0,-0.045256963785525156,-0.04525696378552511,0.10265385935319275
CDMS-11-6B-ARAHE,0.0,0.0,0.0,0.10156951262837,0.0,-0.13521534023295778,0.0,0.0,-0.056044620980315124,0.0,0.0,0.0,-0.039963052408459925,-0.04955173420718269,0.0
CDMS-11-6B-AVROTO,0.0,0.0,0.0,-0.058950464979601026,0.0,-0.47433837213472774,0.0,0.0,0.5332888371143286,0.0,0.0,0.0,0.5332888371143287,0.5332888371143288,0.0
CDMS-11-6B-EAFESA,0.0,0.0,0.0,-0.15816884201971765,-0.13876988868384302,-0.05055614645345313,-0.1433885067158041,0.0,0.060513407796627915,-0.1433885067158041,0.0,0.0,-0.0865424752955037,-0.12737328575542237,0.2630938341586096
CDMS-11-6B-EFRGR,0.0,0.0,0.0,0.2898065143941699,0.0,-0.128070438874271,0.0,0.0,-0.053152254271644044,0.0,0.0,0.0,-0.011711705450729764,-0.0626831130581769,-0.023448415270421966
CDMS-11-6B-EROCO,0.0,0.0,0.0,-0.8246396452038653,0.0,0.0,0.0,0.0,0.8223196294802966,0.0,0.0,0.0,0.6220954793441785,0.7373005545621867,0.0
CDMS-11-6B-JACUPE,0.0,0.0,0.0,0.022161773978420094,0.0,0.037775819082382825,0.0,0.0,-0.022161773978420073,0.0,0.0,0.0,0.014285079976246092,-0.015440111452074988,0.0
CDMS-11-6B-JDCHBA,0.0,0.0,0.0,0.08852181697663838,0.0,-0.014485656041669067,0.0,0.0,-0.022834486844360177,0.0,0.0,0.0,0.005688759696396197,-0.0038825236825139457,-0.019377637481000565
CDMS-11-6B-JFSAHE,0.0,0.0,0.0,0.0,0.0,-0.09613405189435943,0.0,0.0,0.09613405189435939,0.0,0.0,0.0,0.09613405189435943,0.09613405189435945,0.0
CDMS-11-6B-JLPENA,0.0,0.0,0.0,0.0,0.0,0.0,0.0,0.0,0.0,0.0,0.0,0.0,0.0,0.0,0.0
CDMS-11-6B-JMARME,0.0,0.0,0.0,-0.4293691817223323,0.0,-0.030654241789392533,0.0,0.0,0.4826192843392125,0.0,0.0,0.0,0.5556930366423799,0.5186353633967801,0.0
CDMS-11-6B-JPSAMA,0.0,0.0,0.0,-0.30260035175165567,0.0,-0.34305202409099317,0.0,0.0,0.6256825330335319,0.0,0.0,0.0,0.4598690330259749,0.5790561647575079,0.0
CDMS-11-6B-LESTA,0.0,0.0,0.0,-0.10199263100960085,0.0,-0.25296835191365374,0.0,0.0,0.3022027723504786,0.0,0.0,0.0,0.3022027723504786,0.30220277235047865,0.0
CDMS-11-6B-MAGIMU,0.0,0.0,0.0,-0.2743565540611335,0.0,0.0,0.0,0.0,0.3261403629892009,0.0,0.0,0.0,0.33630916377788356,0.3314754918440889,0.0
CDMS-11-6B-MEBRTA,0.0,0.0,0.0,0.0,0.0,0.0,0.0,0.0,0.0,0.0,0.0,0.0,0.0,0.0,0.0
CDMS-11-6B-MMAMO,0.0,0.0,0.0,-0.3739163000160927,0.0,-0.14305432935515433,0.0,0.0,0.3631553305889201,0.0,0.0,0.0,0.35418437528612046,0.30216161580431417,0.0
CDMS-11-6B-RSECA,0.0,0.0,0.0,-0.22467180238806195,-0.05018913639938711,-0.5042346494170697,-0.05204954126072802,0.0,0.6993446869884603,-0.052049541260728,0.0,0.0,0.259252205383385,0.6064601706900485,0.0
CDMS-11-6B-SCAPA,0.0,0.0,0.0,0.0,0.0,0.0,0.0,0.0,0.0,0.0,0.0,0.0,0.0,0.0,0.0
CDMS-11-6B-VZAPE,0.0,0.0,0.0,-0.3874530302274466,0.0,-0.6876790179533326,0.0,0.0,1.0540672986213118,0.0,0.0,0.0,0.8806744599284766,0.9858129641501272,-0.07211668619857739
CDMS-11-6B-YLNIME,0.0,0.0,0.0,-0.12032623408100557,0.0,0.0,0.0,0.0,0.11883371941804963,0.0,0.0,0.0,0.1688459264297479,0.1489807582857025,0.0
CDMS-11-7C-ICARE,0.0,0.0,0.0,0.12953518397254815,0.0,-0.14827972729887914,0.0,0.0,0.03514142470386671,0.0,0.0,0.0,-0.12953518397254815,-0.06884910574198544,0.0
CDMS-11-7C-IMOIB,0.0,0.0,0.0,-0.3072708710604096,0.0,-0.052414723701248465,0.0,0.0,0.30702881811084093,0.0,0.0,0.0,0.3486009649018804,0.3410545371568245,0.0
CDMS-11-7C-SALMA,0.0,0.0,0.0,-0.3032485664664534,0.0,-0.09024467853688764,0.0,0.0,-0.048486018509955014,0.0,0.0,0.0,-0.03729949559083081,-0.08943637512039239,0.11413934983202258
CDMS-11-7C-SPGAVE,0.0,0.0,0.0,0.0,0.0,-0.08504166129116411,0.0,0.0,0.08504166129116407,0.0,0.0,0.0,0.08504166129116411,0.08504166129116413,0.0
CDMS-12-5A-SRIGO,0.0,0.0,0.0,-0.35366249753820095,0.0,-0.13649712539967154,0.0,0.0,-0.12617174786127008,0.0,0.0,0.0,-0.40939180346436194,-0.3525152801002624,0.0
CDMS-12-6A-FAROPA,0.0,0.0,0.0,-0.4425247141274204,0.0,0.0,0.0,0.0,0.039180633039350064,0.0,0.0,0.0,0.0196089915907385,-0.09317432956845861,0.0
CDMS-12-6A-JGIGA,0.0,0.0,0.0,-0.3591116629503717,0.0,-0.07620327666342261,0.0,0.0,0.5043492397477636,0.0,0.0,0.0,0.60907765720607,0.5820500939665961,0.0
CDMS-12-6A-JSOTGU,0.0,0.0,0.0,-0.035722280322190894,0.06253204306798563,-0.12742164692497812,0.06253204306798563,0.0,0.0223819293660276,0.06253204306798564,0.0,0.0,-0.07857267832470234,-0.012666746583155452,-0.02421610524189263
CDMS-12-6A-SROAL,0.0,0.0,0.0,-0.16183744485709825,0.0,-0.031059191830614376,0.0,0.0,0.1773839082180448,0.0,0.0,0.0,0.23126957442220755,0.23315244738801733,-0.08839908713576973
CDMS-12-6B-IJDAGA,0.0,0.0,0.0,-0.19660532664577746,0.0,-0.27005135983583817,0.0,0.0,0.4229209457091354,0.0,0.0,0.0,0.41106534245187343,0.4217924881378952,-0.1441226385579451
CDMS-12-6B-SCLAG,0.0,0.0,0.0,-0.3223378733602564,0.0,0.15771194185322449,0.0,0.0,0.09328622988352976,0.0,0.0,0.0,0.04093457714175045,-0.06139504298065242,0.14190491016094217
CDMS-12-7C-ARAHE,0.0,0.0,0.0,0.5552460025336102,-0.06698543497614658,-0.36474714396456925,-0.06698543497614658,0.0,0.11619221533077581,-0.06698543497614665,0.0,0.0,0.22054228027428482,0.337106926647059,-0.3832687509506493
CDMS-12-7C-CATRAR,0.0,0.0,0.0,-0.24525597237443186,0.0,-0.19787117032246224,0.0,0.0,0.29076525444653606,0.0,0.0,0.0,0.37214959590591534,0.24228958391844538,0.2031833466439077
CDMS-12-7C-DLOLO,0.0,0.0,0.0,-0.46469801005359235,0.0,0.0,0.0,0.0,0.46469801005359235,0.0,0.0,0.0,0.16745736530941882,0.3524098141399403,0.0
CDMS-12-7C-JSZAOR,0.0,0.0,0.0,-0.10218080596464178,0.0,0.0,0.0,0.0,0.10218080596464182,0.0,0.0,0.0,0.10218080596464182,0.10218080596464182,0.0
CDMS-12-7C-MAROBE,0.0,0.0,0.0,-0.88794406516126,0.0,0.0,0.0,0.0,0.7171776726756761,0.0,0.0,0.0,0.5255855514327531,0.49570378604345083,0.0
CDMS-12-7C-VMAPA,0.0,0.0,0.0,-0.6407230839816848,0.0,0.0,0.0,0.0,0.5792075793889025,0.0,0.0,0.0,0.49537431384578007,0.47910132454431636,0.0
CDMS-12-7C-VQURA,0.0,0.0,0.0,-0.2253374524780006,0.0,0.004129949262699706,0.0,0.0,0.22647596530705566,0.0,0.0,0.0,0.24872212967912566,0.2432674489802348,-0.007760102955520902
CDMS-13-6B-ASUMO,0.0,0.0,0.0,-0.0754282729758753,0.0,-0.41773221896816404,0.0,0.0,0.483005010832301,0.0,0.0,0.0,0.483005010832301,0.48300501083230113,0.0
CDMS-13-6B-JDTAHE,0.0,0.0,0.0,0.12184469519164101,0.0,-0.14665906231983913,0.0,0.0,0.06213464259088095,0.0,0.0,0.0,-0.008412836438892264,0.04038265724677663,0.0
CDMS-13-7C-MVEAR,0.0,0.0,0.0,0.054626622714230105,0.0,-0.21737656909265476,0.0,0.0,0.11746976494768314,0.0,0.0,0.0,0.2782676870648092,0.29541288780078806,-0.12407913578432643
CDMS-13-7C-RAIZAC,0.0,0.0,0.0,-0.08728715609439697,0.0,0.6948001690095031,0.0,0.0,-0.370735503063493,0.0,0.0,0.0,-0.3440613216127481,-0.34406132161274794,-0.07385489458759963
CDMS-13-7C-SSOSLO,0.0,0.0,0.0,-0.250794326050742,0.08097339721174801,-0.20975323477852867,0.08097339721174801,0.0,0.3290671105863393,0.08097339721174801,0.0,0.0,0.36906061887193986,0.4114830280062033,0.0
CDMS-14-10A-IMORTO,0.0,0.0,0.0,-0.7928827699299476,0.0,-0.13635323464295418,0.0,0.0,0.6540666216580486,0.0,0.0,0.0,0.6783252044668872,0.6613367598434536,0.0
CDMS-14-10A-JCVANI,0.0,0.0,0.0,-0.0641143846733526,0.0,0.0,0.0,0.0,0.020448092673622426,0.0,0.0,0.0,0.02044809267362245,0.02044809267362247,0.0
CDMS-14-5A-LSDUCO,0.0,0.0,0.0,-0.7734033910770756,-0.03933973290532835,-0.15361353772383496,-0.04212627318711347,0.0,0.5420425210626758,-0.042126273187113504,0.0,0.0,0.24611627627455382,0.21239154257710205,0.25634257314274655
CDMS-14-6B-KDCAHE,0.0,0.0,0.0,-0.2449771777192463,0.0,0.0,0.0,0.0,0.37363513462853193,0.0,0.0,0.0,0.37363513462853193,0.37363513462853193,0.0
CDMS-15-10A-AMALOS,0.0,0.0,0.0,-0.5203709916616532,0.0,-0.3855185909373087,0.0,0.0,0.5443771698021339,0.0,0.0,0.0,0.45916740084297814,0.5654597468902695,0.0
CDMS-15-10A-JJMACH,0.0,0.0,0.0,0.48529892636961186,0.0,-0.1486770279990583,0.0,0.0,-0.20456686462684887,0.0,0.0,0.0,0.06038024643361796,-0.03657755887724639,-0.08431241526193982
CDMS-15-10A-MAALCA,0.0,0.0,0.0,-0.08827244851063733,0.0,-0.02732729805917318,0.0,0.0,0.11242713766539328,0.0,0.0,0.0,-0.23472881204490456,-0.004198927734555613,0.0
CDMS-15-10A-MAALRI,0.0,0.0,0.0,-0.42457395684204857,0.0,-0.030363095833334505,0.0,0.0,0.3743713440074259,0.0,0.0,0.0,0.3835592070082131,0.3792445205148064,0.0
CDMS-15-10A-SGOMO,0.0,0.0,0.0,-0.1026193906923932,0.0,-0.18339859461467103,0.0,0.0,0.002311862207049159,0.0,0.0,0.0,-0.18826466069754702,-0.20799454629550956,-0.13012016672969393
CDMS-15-10A-SHEGA,0.0,0.0,0.0,-0.05043416154912056,0.3855698782594872,-0.2968649790148864,0.4480571926582164,0.0,0.2415291637121631,0.4480571926582164,0.0,0.0,0.43245923544198484,0.33173214121761024,-0.00892857142857143
CDMS-15-11B-JEMOLO,0.0,0.0,0.0,-0.0487147954795187,0.0,-0.4288055868690382,0.0,0.0,0.43045032495202584,0.0,0.0,0.0,0.32699179627179803,0.34438164257270293,-0.05267649907598111
CDMS-15-11B-VSAHO,0.0,0.0,0.0,-0.37714068468819123,0.0,0.06545868795359717,0.0,0.0,0.3016072969895063,0.0,0.0,0.0,0.3660059095063298,0.3359300526309499,0.0
CDMS-16-10A-SGALO,0.0,0.0,0.0,-0.21064935661050965,0.0,-0.12491053628552728,0.0,0.0,0.34023200603637627,0.0,0.0,0.0,0.2700346985393522,0.28949358427962785,-0.12542119481623007
CDMS-16-11B-NGABE,0.0,0.0,0.0,-1.0356126404842512,0.0,0.22923278565615848,0.0,0.0,0.8775163029639744,0.0,0.0,0.0,0.6229145588354958,0.796014376721208,-0.07143314128895378
CDMS-17-10A-ASSAMO,0.0,0.0,0.0,0.0,0.0,0.0,0.0,0.0,0.0,0.0,0.0,0.0,0.0,0.0,0.0
CDMS-18-7C-VVECA,0.0,0.0,0.0,-0.18970370125792874,0.0,0.09272364352072861,0.0,0.0,0.12234492157777094,0.0,0.0,0.0,0.2334814784712969,0.2118201551483829,0.0
CDMS-8-4A-DBEVA,0.0,0.0,0.0,-0.061478415149940374,0.0,0.0,0.0,0.0,0.0763508192326715,0.0,0.0,0.0,0.0763508192326715,0.07635081923267154,0.0
CDMS-8-4A-DJAVDA,0.0,0.0,0.0,0.0,0.0,0.0,0.0,0.0,0.0,0.0,0.0,0.0,0.0,0.0,0.0
CDMS-8-4A-DOSTR,0.0,0.0,0.0,0.0054116984872074,0.0,0.0,0.0,0.0,0.045972870587494295,0.0,0.0,0.0,0.0572952551984243,0.053853900469626674,0.0
CDMS-8-4A-LGOPA,0.0,0.0,0.0,0.4209704026203606,0.0,0.0,0.0,0.0,-0.49560720603827324,0.0,0.0,0.0,-0.3672707753948843,-0.34988385843735775,0.0
CDMS-8-4C-JDBUTU,0.0,0.0,0.0,0.07474064942903405,0.0,-0.2559635972906357,0.0,0.0,0.18122294786160162,0.0,0.0,0.0,0.18122294786160167,0.18122294786160167,0.0
CDMS-9-4A-ACDUTR,0.0,0.0,0.0,-0.22552346722627464,0.0,0.0,0.0,0.0,0.2255234672262747,0.0,0.0,0.0,0.2255234672262747,0.22552346722627467,0.0
CDMS-9-4A-CARGA,0.0,0.0,0.0,0.31286046582957794,0.2905932629027116,-0.4164752728685197,0.2905932629027116,0.0,-0.11912899285533542,0.2905932629027116,0.0,0.0,-0.05807715330187109,-0.0837209058613989,0.32965340037886376
CDMS-9-4A-CRAAG,0.0,0.0,0.0,-0.34119866253726916,0.0,0.18630766502049717,0.0,0.0,0.1548909975167721,0.0,0.0,0.0,0.15489099751677204,0.15489099751677216,0.0
CDMS-9-4A-EROHI,0.0,0.0,0.0,0.021945705223189192,0.24529867274542,-0.16025141539846083,0.24529867274542,0.0,-0.04145037917081862,0.24529867274542,0.0,0.0,-0.1843303310643801,-0.08811999052467147,-0.015462860597882707
CDMS-9-4A-ILOSE,0.0,0.0,0.0,-0.025291571997091162,0.0,-0.15389742606232512,0.0,0.0,-0.5643092134300334,0.0,0.0,0.0,-0.5589487090174076,-0.7785056743761113,0.34728053532802433
CDMS-9-4A-TGAFR,0.0,0.0,0.0,-0.28679698970371004,-0.06918887211969323,-0.02070069964865114,-0.06918887211969323,0.0,0.20723844990048043,-0.06918887211969321,0.0,0.0,0.15959717122072276,0.12239354501757745,0.03516910981196874
CDMS-9-4C-SCAMO,0.0,0.0,0.0,-0.23805588025744626,0.0,0.0,0.0,0.0,0.2380558802574461,0.0,0.0,0.0,0.23805588025744626,0.23805588025744615,0.0
CDMS-9-5A-ABERO,0.0,0.0,0.0,0.03250939439291466,0.0,-0.0802786342227643,0.0,0.0,0.09180167404591079,0.0,0.0,0.0,0.13365405641652275,0.1409086474623982,-0.08398621756239211
CDMS-9-5A-PAGACO,0.0,0.0,0.0,-0.09813053320981055,0.0,0.0,0.0,0.0,0.13383167261639495,0.0,0.0,0.0,0.1523485542876431,0.157663712697839,0.0
CDMS-9-5A-VVAAR,0.0,0.0,0.0,0.05217949560063999,0.0,0.0,0.0,0.0,-0.03337407904648668,0.0,0.0,0.0,0.08347290531505938,0.0400392666719987,0.0
CDMS-9-5C-JDMADE,0.0,0.0,0.0,-0.3509050132987686,0.0,0.0,0.0,0.0,0.35090501329876866,0.0,0.0,0.0,0.35090501329876866,0.3509050132987685,0.0
CDMS-9-5C-LVIZAC,0.0,0.0,0.0,0.0,0.0,0.0,0.0,0.0,0.0,0.0,0.0,0.0,0.0,0.0,0.0
CDMS-9-5C-MLOGO,0.0,0.0,0.0,0.2294943871194877,0.0,-0.3967606130229207,0.0,0.0,0.20114857904541203,0.0,0.0,0.0,0.014174781521724484,0.16889461553354168,0.0
CDMS-9-5C-SCAAG,0.0,0.0,0.0,-0.022757490957699786,0.0,0.0,0.0,0.0,0.1264980018439441,0.0,0.0,0.0,0.10478471926156332,0.14308061079595275,0.0
CDMS-XX-10A-VGILO,0.0,0.0,0.0,-0.5728506480632587,0.0,-0.2210858879796402,0.0,0.0,0.3585689637259804,0.0,0.0,0.0,0.08617923802551028,0.2295265615154755,0.16286314502699378
CDMS-XX-5C-MJSARU,0.0,0.0,0.0,-0.3076322387733804,0.0,-0.18371703688493135,0.0,0.0,0.3643463247956253,0.0,0.0,0.0,0.2186684643582371,0.226936826033297,0.10814540090352057
CDMS-XX-5C-MPCAQU,0.0,0.0,0.0,-0.5485845791827324,0.0,0.0,0.0,0.0,0.5467244168584976,0.0,0.0,0.0,0.5432004480295579,0.5444218634241764,0.0
CDMS-XX-6A-MAGICA,0.0,0.0,0.0,0.1290797355125198,0.0,-0.0969545112569003,0.0,0.0,0.02447533782202959,0.0,0.0,0.0,0.04150823615840177,0.03527706809731821,-0.0427353312454713
CDMS-XX-6B-SPUCA,0.0,0.0,0.0,-0.17215166624043715,0.0,0.0,0.0,0.0,0.1721516662404372,0.0,0.0,0.0,0.1924048034451945,0.1924048034451946,0.0
CSO-10-4A-ICAPA,0.0,0.0,0.0,0.25069743997155525,0.0,0.0,0.0,0.0,-0.18908267816317684,0.0,0.0,0.0,-0.07502818284094526,-0.11042327917095311,0.0
CSO-10-4A-KCOMO,0.0,0.0,0.0,0.10376473737017103,0.0,-0.21876894858022414,0.0,0.0,0.16589739980701104,0.0,0.0,0.0,-0.24488126223732115,0.0052390659182040234,-0.03921546630016617
CSO-10-4A-LRAVI,0.0,0.0,0.0,-0.24315843142889343,0.0,0.0,0.0,0.0,0.20955408418855703,0.0,0.0,0.0,0.2243910156285774,0.20644249036974488,0.0
CSO-10-4A-LSCAVA,0.0,0.0,0.0,-0.10011328745844271,0.0,0.0,0.0,0.0,0.10011328745844271,0.0,0.0,0.0,0.10011328745844271,0.10011328745844268,0.0
CSO-10-5A-ACAVA,0.0,0.0,0.0,-0.3002698978774673,0.0,-0.15187409596125392,0.0,0.0,0.45670036817759724,0.0,0.0,0.0,0.46329764440642623,0.45997723171412674,0.0
CSO-10-5A-ARACA,0.0,0.0,0.0,0.26504326794751365,0.0,-0.1930751212915711,0.0,0.0,0.08228538870095482,0.0,0.0,0.0,0.15973046041950065,0.15973046041950073,-0.12472624374000643
CSO-10-5A-DABRZA,0.0,0.0,0.0,0.12287626228128863,0.0,0.0,0.0,0.0,-0.09358630116981019,0.0,0.0,0.0,-0.027023402905748947,-0.06670673890901992,0.0
CSO-10-5A-GZAMA,0.0,0.0,0.0,-0.2319182333583511,0.0,0.003709616932653814,0.0,0.0,0.1565488434359108,0.0,0.0,0.0,0.2651532195140351,0.20226538609168704,-0.07586649142805837
CSO-10-5A-IPECA,0.0,0.0,0.0,-0.2735099466107708,-0.02560111864486827,-0.19763611021127367,-0.02680762839179948,0.0,0.5276799757591152,-0.026807628391799506,0.0,0.0,0.4520414310413681,0.6048024801550453,-0.0813407833859532
CSO-10-5A-JANORO,0.0,0.0,0.0,-0.27357371703555783,0.0,-0.13819913365629838,0.0,0.0,0.3989822991010667,0.0,0.0,0.0,0.395252822954734,0.39525282295473413,-0.04247087288346994
CSO-10-5A-JBUVE,0.0,0.0,0.0,0.0,0.0,-0.07896725691322382,0.0,0.0,0.07896725691322379,0.0,0.0,0.0,0.07896725691322382,0.07896725691322383,0.0
CSO-10-5A-JJSEMO,0.0,0.0,0.0,0.5255061193604633,-0.054739717481058096,-0.07595360806242524,-0.054739717481058096,0.0,-0.46622081878034366,-0.05473971748105812,0.0,0.0,-0.5270871001845785,-0.49520469271129663,0.0
CSO-10-5A-JLCARI,0.0,0.0,0.0,0.13621172268250506,0.0,0.0,0.0,0.0,-0.2444240943735559,0.0,0.0,0.0,-0.13018914610173835,-0.20709502271193597,0.0
CSO-10-5A-MAARAN,0.0,0.0,0.0,-0.5024026737597225,0.0,-0.2845297348281849,0.0,0.0,0.6547064761924468,0.0,0.0,0.0,0.37521319116791196,0.4689728566418854,0.031976041330946774
CSO-10-5A-MAOSMO,0.0,0.0,0.0,-0.07927821152429104,0.0,0.0,0.0,0.0,0.07927821152429107,0.0,0.0,0.0,0.07927821152429107,0.07927821152429107,0.0
CSO-10-5A-RVMOIB,0.0,0.0,0.0,-0.3401802238421899,0.0,0.11847392237282443,0.0,0.0,0.19416714652187278,0.0,0.0,0.0,0.20654572092239823,0.12304452649942356,-0.07217689123786003
CSO-10-5A-SVHEES,0.0,0.0,0.0,-0.17638299713863806,0.0,-0.15395890228180428,0.0,0.0,0.24409950748979553,0.0,0.0,0.0,0.26396803519306206,0.23612242031230288,-0.08327823033042639
CSO-11-5A-MDVOSPE,0.0,0.0,0.0,0.23389861159911796,0.0,-0.015241757254687068,0.0,0.0,-0.09239910877688795,0.0,0.0,0.0,0.23396246492948217,0.17727944183301336,-0.029504722474655236
CSO-11-5A-MTAGA,0.0,0.0,0.0,0.3164905643373888,0.0,0.0,0.0,0.0,-0.5183545352028665,0.0,0.0,0.0,-0.5183545352028665,-0.5183545352028667,0.0
CSO-11-6A-CAPAMU,0.0,0.0,0.0,-0.16067905683437494,0.0,-0.12350319975270257,0.0,0.0,0.25772987512746454,0.0,0.0,0.0,0.2645584759760527,0.24558659038935104,-0.03846153846153847
CSO-11-6A-DSCACH,0.0,0.0,0.0,-0.08971757032065919,0.0,0.03415848281250132,0.0,0.0,0.055559087508157884,0.0,0.0,0.0,0.0897175703206592,0.055559087508157835,0.0
CSO-11-6A-EROMO,0.0,0.0,0.0,-0.4725344664782223,0.0,0.0,0.0,0.0,0.5026291163547811,0.0,0.0,0.0,0.48364147103963306,0.5077310476178837,0.0
CSO-11-6A-FSOVRE,0.0,0.0,0.0,-0.19540297344000823,0.0,-0.07457168791131241,0.0,0.0,0.23345683333219422,0.0,0.0,0.0,0.23644879894606385,0.23498709529390974,0.0
CSO-11-6B-ANREVA,0.0,0.0,0.0,-0.4530384497679153,0.0,-0.21411868711862161,0.0,0.0,0.4495868201313455,0.0,0.0,0.0,0.09940638552327717,0.34696698143112753,-0.08882265915431677
CSO-11-6B-DISEMO,0.0,0.0,0.0,0.6401898080546988,0.0,-0.2779190984421272,0.0,0.0,-0.3709220303578407,0.0,0.0,0.0,-0.3709220303578407,-0.37092203035784055,0.0
CSO-11-6B-LHFDLACH,0.0,0.0,0.0,-0.4385422783368632,0.0,-0.06923896367587465,0.0,0.0,0.5334956591512486,0.0,0.0,0.0,0.5386434998925096,0.5008626790783403,-0.07740453806523981
CSO-11-6B-RJGIHE,0.0,0.0,0.0,0.014192827625367804,0.0,0.06966873133952849,0.0,0.0,-0.07042485497374674,0.0,0.0,0.0,0.07350188634493862,-0.006349325875247414,0.0
CSO-11-6B-SFLVA,0.0,0.0,0.0,-0.4658111356297674,0.0,-0.2975776896167111,0.0,0.0,0.1243808757927727,0.0,0.0,0.0,-0.25471379378062775,-0.39403685572614333,-0.13021688441060483
CSO-11-6B-VCOMA,0.0,0.0,0.0,0.382016495862915,0.0,-0.04829673533318517,0.0,0.0,-0.3531489740920915,0.0,0.0,0.0,-0.16201103434227015,-0.19036862758638148,0.17358677542783738
CSO-12-6A-DGISE,0.0,0.0,0.0,-0.12235477873148025,0.0,0.0,0.0,0.0,0.15106039124494652,0.0,0.0,0.0,0.15106039124494652,0.15106039124494652,0.0
CSO-12-6A-FJOVRE,0.0,0.0,0.0,-0.29654091468954524,0.0,-0.12883248731658498,0.0,0.0,0.4657919275130508,0.0,0.0,0.0,0.47088634191071915,0.45938405889086764,-0.059274897836381915
CSO-12-6B-GQULO,0.0,0.0,0.0,0.03759048984669936,0.0,0.0686107773146424,0.0,0.0,0.10594124076778196,0.0,0.0,0.0,0.13245056585592413,0.10991484123407608,-0.03774174914051865
CSO-12-6B-LJHEFE,0.0,0.0,0.0,-0.3262346463156182,0.0,0.0,0.0,0.0,0.3262346463156182,0.0,0.0,0.0,0.3262346463156182,0.32623464631561805,0.0
CSO-12-6B-VPAMA,0.0,0.0,0.0,-0.16654896619030551,0.0,0.0,0.0,0.0,0.16654896619030554,0.0,0.0,0.0,0.16654896619030554,0.16654896619030554,0.0
CSO-12-7A-DALRE,0.0,0.0,0.0,-0.12390659020284753,0.0,-0.10799483127051408,0.0,0.0,0.00938432283736437,0.0,0.0,0.0,-0.024411013608677007,-0.08534904432389687,0.2300011851114871
CSO-12-7A-ESALA,0.0,0.0,0.0,-0.16421915244317428,0.0,0.0,0.0,0.0,0.16421915244317437,0.0,0.0,0.0,0.16421915244317437,0.16421915244317437,0.0
CSO-12-7A-IMERO,0.0,0.0,0.0,-0.03467283979050025,0.0,0.0,0.0,0.0,0.04888489895468297,0.0,0.0,0.0,0.13501610839628805,0.14517356682119198,0.0
CSO-12-7A-JHEZA,0.0,0.0,0.0,0.0,0.0,0.0,0.0,0.0,0.0,0.0,0.0,0.0,0.0,0.0,0.0
CSO-12-7A-LSARAR,0.0,0.0,0.0,-0.43860037655617684,0.0,0.0,0.0,0.0,0.1335651424296266,0.0,0.0,0.0,-0.12427136649381323,-0.1309155746790323,0.0
CSO-12-7A-SCAHO,0.0,0.0,0.0,0.17744940806590084,0.0,0.0,0.0,0.0,-0.17744940806590082,0.0,0.0,0.0,-0.14344039949633242,-0.16698499667364994,0.0
CSO-12-7B-DVAGRO,0.0,0.0,0.0,-0.09995948409584522,0.0,0.17716912146040914,0.0,0.0,-0.07720963736456389,0.0,0.0,0.0,-0.0772096373645639,-0.07720963736456392,0.0
CSO-12-7B-SMUGU,0.0,0.0,0.0,-0.22938245677504632,-0.03396178054056623,0.13172799813380795,-0.03396178054056623,0.0,0.0632198644656694,-0.03396178054056623,0.0,0.0,0.02456490310712256,-0.0024941453813407334,0.07675744168250118
CSO-12-7B-SSARA,0.0,0.0,0.0,0.029747790110843414,0.0,0.08389055660221778,0.0,0.0,0.0313084771971108,0.0,0.0,0.0,0.05882307741581851,0.041657204823217685,-0.07112187319663847
CSO-12-7B-VHOMA,0.0,0.0,0.0,-0.11076674353411876,0.0,0.0,0.0,0.0,0.11076674353411876,0.0,0.0,0.0,0.11076674353411876,0.1107667435341189,0.0
CSO-12-8A-YTOME,0.0,0.0,0.0,0.6795573490749178,0.0,-0.18408533163881416,0.0,0.0,-0.5954693316039674,0.0,0.0,0.0,-1.038644332462786,-0.8840797247725724,0.0
CSO-13-6A-ANASA,0.0,0.0,0.0,-0.05923375720822389,0.0,-0.2817802855188582,0.0,0.0,0.2018850787339649,0.0,0.0,0.0,0.13901654606760255,0.11369839592660096,-0.056021606125024714
CSO-13-6B-JETAVE,0.0,0.0,0.0,-0.034601648511777224,0.0,0.0,0.0,0.0,0.0971008885288771,0.0,0.0,0.0,0.15713088738154746,0.09627149168897452,0.0
CSO-13-6B-LFMIES,0.0,0.0,0.0,-0.21901462824736476,0.0,0.0,0.0,0.0,0.2179539895212798,0.0,0.0,0.0,0.13650338398566014,0.19312917439142396,0.0
CSO-13-6B-LJMAHU,0.0,0.0,0.0,0.15979179789506961,0.0,0.0,0.0,0.0,-0.15979179789506953,0.0,0.0,0.0,-0.15979179789506953,-0.15979179789506964,0.0
CSO-13-7A-CAPAMU,0.0,0.0,0.0,-0.1723359032676826,0.0,0.0,0.0,0.0,0.18091928812590646,0.0,0.0,0.0,0.1811159611946071,0.1810160797040779,0.0
CSO-13-7A-CDDITR,0.0,0.0,0.0,0.0,0.0,0.0,0.0,0.0,0.0,0.0,0.0,0.0,0.0,0.0,0.0
CSO-13-7A-JJATFL,0.0,0.0,0.0,-0.3397066655752853,-0.03228814032252351,-0.2110349576051276,-0.03228814032252351,0.0,0.4101263530678242,-0.032288140322523494,0.0,0.0,0.18844797895711746,0.1976036402231901,0.2422994484111859
CSO-13-7A-KRAMA,0.0,0.0,0.0,-0.3747225446839249,0.0,-0.1827756791552497,0.0,0.0,-0.2462569434131625,0.0,0.0,0.0,-0.4805673684167496,-0.5065333714826356,-0.06650041528275971
CSO-13-7A-RXCHLU,0.0,0.0,0.0,-0.2901112949559717,0.5829161740207524,-0.573004340582511,0.5829161740207524,0.0,0.09696151811818393,0.5829161740207524,0.0,0.0,-0.1419836217973864,-0.10720542363198465,0.0
CSO-13-7A-YAMEZA,0.0,0.0,0.0,0.0357936235064271,0.0,-0.09801960588196068,0.0,0.0,-0.0028158980703368087,0.0,0.0,0.0,0.06743152151039107,0.024510697038874707,0.13750359038663967
CSO-13-7A-YBOSO,0.0,0.0,0.0,0.5140762972420567,0.0,0.0,0.0,0.0,-0.5140762972420567,0.0,0.0,0.0,-0.5140762972420567,-0.5140762972420567,0.0
CSO-13-8A-KIGAGU,0.0,0.0,0.0,-0.29793143789991416,0.0,-0.08590024086336828,0.0,0.0,0.17179473286089456,0.0,0.0,0.0,0.11172425641040282,0.058841576834595705,0.0
CSO-13-8A-MBUAN,0.0,0.0,0.0,0.029264659766122775,0.05384408414555286,-0.15675039780255084,0.12624521061251193,-0.0063788795384978605,-0.13730333435263586,0.12948189220409212,0.0,0.0,-0.2053763095496912,-0.24494269442328823,0.10009200513266557
CSO-13-8A-MGAAN,0.0,0.0,0.0,-0.05734588964343607,0.0,0.3625342116363679,0.0,0.0,-0.2727160623906615,0.0,0.0,0.0,-0.24697452302093753,-0.253954505066039,0.0
CSO-13-8A-MGAHE,0.0,0.0,0.0,-0.09240596794057535,0.0,-0.2771561473897413,0.0,0.0,0.4496351684487042,0.0,0.0,0.0,0.4172419524070045,0.45789551150550006,-0.11255884076924424
CSO-13-8A-MJAGA,0.0,0.0,0.0,0.3256978739186714,0.0,0.32610395199346326,0.0,0.0,-0.5261439639974647,0.0,0.0,0.0,-0.33800350686039143,-0.33800350686039143,-0.21544878346991572
CSO-13-8A-VHODU,0.0,0.0,0.0,-0.9784737296908741,0.0,0.26237627447534495,0.0,0.0,0.6034648640034911,0.0,0.0,0.0,0.6050503714269678,0.5057608397468788,0.0
CSO-13-8B-FCJISA,0.0,0.0,0.0,0.0,0.0,0.0,0.0,0.0,0.0,0.0,0.0,0.0,0.0,0.0,0.0
CSO-13-8B-JEMABE,0.0,0.0,0.0,-0.598651807431384,0.0,0.0,0.0,0.0,0.684156222309077,0.0,0.0,0.0,0.46607305165856056,0.570774926214208,0.0
CSO-13-9B-DMLLLU,0.0,0.0,0.0,-0.19852817273248785,0.0,0.0,0.0,0.0,0.22232401926485768,0.0,0.0,0.0,0.22232401926485768,0.22232401926485776,0.0
CSO-14-7A-MVEBE,0.0,0.0,0.0,-0.3449048761026192,0.0,0.0,0.0,0.0,0.42854519415863,0.0,0.0,0.0,0.4326383164962362,0.4306163123217883,0.0
CSO-14-7B-EALHU,0.0,0.0,0.0,-0.10199036834599456,0.0,-0.2254963217179159,0.0,0.0,0.34576705583485834,0.0,0.0,0.0,0.36223215373175643,0.36223215373175643,0.0
CSO-14-7B-EVEGO,0.0,0.0,0.0,0.026292411001886368,0.0,0.0,0.0,0.0,-0.026292411001886364,0.0,0.0,0.0,-0.026292411001886364,-0.0262924110018864,0.0
CSO-14-8A-AQUMA,0.0,0.0,0.0,0.0,0.0,0.0,0.0,0.0,0.0,0.0,0.0,0.0,0.0,0.0,0.0
CSO-14-8A-MCIDOS,0.0,0.0,0.0,-0.7231502402620815,0.0,0.0,0.0,0.0,0.3465749354486349,0.0,0.0,0.0,-0.14416616601176843,-0.17392075960801567,0.0
CSO-14-8A-SZARA,0.0,0.0,0.0,-0.16815862994316835,0.0,-0.14186343675832208,0.0,0.0,0.33509821501689396,0.0,0.0,0.0,0.38468607584925024,0.3647482407995602,0.0
CSO-14-8B-JLLORA,0.0,0.0,0.0,-0.0791302442009996,0.0,-0.2672513682192967,0.0,0.0,0.38694425390946907,0.0,0.0,0.0,0.4032018274733691,0.3950193819102025,0.0
CSO-14-9A-AEDCAGO,0.0,0.0,0.0,-0.5083529667539793,0.0,-0.04826878032289277,0.0,0.0,0.500267572583303,0.0,0.0,0.0,0.3411869175746754,0.4257500368978656,0.07288942961247939
CSO-14-9A-HASACA,0.0,0.0,0.0,-0.16882566342698282,0.0,0.04204120961538624,0.0,0.0,0.14091817603848963,0.0,0.0,0.0,0.23021372663263406,0.20295074063078528,0.0
CSO-14-9A-JSMAAL,0.0,0.0,0.0,-0.4694070865285953,0.0,0.0154795907283783,0.0,0.0,0.3337580905137285,0.0,0.0,0.0,0.26544644593039607,0.2629709681894814,0.0638666373658505
CSO-14-9A-MARJA,0.0,0.0,0.0,-0.20194111887772442,0.0,0.010337578394449683,0.0,0.0,0.04187153463222439,0.0,0.0,0.0,0.15106434074847544,0.14209774421360072,0.0
CSO-14-9A-SORZU,0.0,0.0,0.0,0.15351488336500235,0.0,-0.13006371726883922,0.0,0.0,-0.04869635276376839,0.0,0.0,0.0,-0.02345116609616313,-0.03964165705735499,0.0
CSO-14-9B-ERAGA,0.0,0.0,0.0,0.0,-0.04629571038618468,-0.41668149478390915,-0.04629571038618468,0.0,0.31343394813641445,-0.04629571038618468,0.0,0.0,0.26917444978440097,0.2999611369169704,0.0
CSO-14-9B-MFEGA,0.0,0.0,0.0,-0.08851416742396571,0.0,-0.0885141674239658,0.0,0.0,0.0885141674239658,0.0,0.0,0.0,0.08851416742396571,0.08851416742396563,0.0
CSO-15-10A-LJRAGU,0.0,0.0,0.0,-0.323758773658538,0.1365257419057275,0.3830675335223729,0.16663141389938682,0.0,0.3325551956595228,0.17125114694657534,0.0,0.0,0.5048279105284648,0.5022940165988413,-0.027150070835812525
CSO-15-10A-MAARLO,0.0,0.0,0.0,-0.9817504512829253,0.0,0.3781828160794746,0.0,0.0,0.4135871763152101,0.0,0.0,0.0,0.11586699150865903,-0.06975182495525388,-0.3313860516209253
CSO-15-10A-SFEGA,0.0,0.0,0.0,-0.6815008991669173,0.0,-0.04554464375000176,0.0,0.0,0.6243884104444515,0.0,0.0,0.0,0.4777574505195106,0.4829659944253107,0.09212846639876111
CSO-15-10B-MEBUAR,0.0,0.0,0.0,0.0,0.0,0.0,0.0,0.0,0.0,0.0,0.0,0.0,0.0,0.0,0.0
CSO-15-10B-YVBUAN,0.0,0.0,0.0,-0.26052078750154356,0.0,0.0,0.0,0.0,0.025840088276179556,0.0,0.0,0.0,-0.14111006824714853,-0.1411100682471483,0.0
CSO-15-10C-ALBAHO,0.0,0.0,0.0,-0.054433105395181744,0.0,0.0,0.0,0.0,0.05443310539518173,0.0,0.0,0.0,0.05443310539518173,0.054433105395181765,0.0
CSO-15-10C-SSCAMO,0.0,0.0,0.0,0.0,0.0,0.0,0.0,0.0,0.0,0.0,0.0,0.0,0.0,0.0,0.0
CSO-15-11C-JETALO,0.0,0.0,0.0,-0.02586206896551724,0.0,0.25930384147183855,0.0,0.0,-0.15873083673102395,0.0,0.0,0.0,-0.15873083673102395,-0.15873083673102406,0.0
CSO-15-7B-JCRAGA,0.0,0.0,0.0,0.0,0.0,-0.22177405625652735,0.0,0.0,0.22177405625652727,0.0,0.0,0.0,0.22177405625652727,0.22177405625652735,0.0
CSO-15-8A-VBMABR,0.0,0.0,0.0,-0.16678050274458248,0.0,0.0,0.0,0.0,0.17841709807305708,0.0,0.0,0.0,0.20340558049069113,0.19956123065286963,0.0
CSO-15-8B-KEPOGO,0.0,0.0,0.0,-0.14838280934795142,0.0,0.0,0.0,0.0,0.10113247949380272,0.0,0.0,0.0,0.10113247949380272,0.10113247949380284,0.0
CSO-15-9B-ALRIHE,0.0,0.0,0.0,0.25593030821159746,0.0,0.0,0.0,0.0,-0.2559303082115975,0.0,0.0,0.0,-0.275617254997105,-0.27561725499710515,0.0
CSO-15-9B-AMSAGO,0.0,0.0,0.0,-0.41115008895591626,0.0,0.0,0.0,0.0,0.4415107903212763,0.0,0.0,0.0,0.31737656467766284,0.3604413597555213,0.0
CSO-15-9B-JCAPA,0.0,0.0,0.0,0.05025841679280366,0.0,0.1286641079675203,0.0,0.0,-0.1854179948767706,0.0,0.0,0.0,-0.18541799487677055,-0.18541799487677052,0.0
CSO-15-9B-KSBEJA,0.0,0.0,0.0,0.29794553306447374,0.0,0.0,0.0,0.0,-0.17904942284515435,0.0,0.0,0.0,-0.3039268559233914,-0.2281379948649651,0.0
CSO-15-9B-RMCHLU,0.0,0.0,0.0,-0.2597181384142986,0.0,0.0958659506311698,0.0,0.0,0.22912225078702164,0.0,0.0,0.0,0.3051039776682036,0.2928781950695283,-0.006421459556977236
CSO-15-9B-SJAGRO,0.0,0.0,0.0,0.0,0.0,0.0,0.0,0.0,0.0,0.0,0.0,0.0,0.0,0.0,0.0
CSO-16-10A-JEGAHE,0.0,0.0,0.0,0.06011740185484197,0.0,0.13545011123083994,0.0,0.0,-0.04259568262887875,0.0,0.0,0.0,0.03433055397593045,0.028959473020466146,-0.04401371750201858
CSO-16-10A-MSACO,0.0,0.0,0.0,0.043136542081110694,0.1450866952240326,-0.16560143354273105,0.1450866952240326,0.0,-0.05531553035015321,0.1450866952240326,0.0,0.0,-0.03726861139354608,-0.04287796453640631,0.0
CSO-16-10A-SARI,0.0,0.0,0.0,-0.1261972829426626,0.0,-0.19718455899712284,0.0,0.0,0.20433555919832266,0.0,0.0,0.0,0.19555841014792677,0.17120383258340593,0.18963015572317596
CSO-16-10A-SMOUT,0.0,0.0,0.0,-0.4565304102543,0.0,0.0,0.0,0.0,0.5027680318089673,0.0,0.0,0.0,0.3654754707533505,0.4070677975053405,0.0
CSO-16-10A-YKMUJO,0.0,0.0,0.0,-0.01826567228435219,0.0,-0.22790918503806598,0.0,0.0,0.2624464304263101,0.0,0.0,0.0,0.27050801950576114,0.2664843618696729,0.0
CSO-16-10B-JESUGU,0.0,0.0,0.0,-0.31216286666048454,0.0,0.0,0.0,0.0,0.3121628666604846,0.0,0.0,0.0,0.3121628666604846,0.31216286666048454,0.0
CSO-16-10B-LTVIFA,0.0,0.0,0.0,0.0,-0.025770378116168946,-0.45351128080682257,-0.025770378116168946,0.0,0.47656114874066113,-0.025770378116168925,0.0,0.0,0.4707525049996887,0.47402040930791256,0.0
CSO-16-10B-VVILI,0.0,0.0,0.0,-0.42568594788872144,0.0,-0.16683887434568484,0.0,0.0,0.4176427378637481,0.0,0.0,0.0,0.23750778916842966,0.26822887862765243,-0.0661574214885008
CSO-16-10C-ACALGU,0.0,0.0,0.0,-0.15555256404879364,0.0,0.0,0.0,0.0,0.11875241456460729,0.0,0.0,0.0,0.04242445875003505,0.08749438637073645,0.0
CSO-16-10C-MAVAVE,0.0,0.0,0.0,0.04253529878138859,0.0,0.012587784277667553,0.0,0.0,-0.058940554396127776,0.0,0.0,0.0,-0.006889106557334223,-0.02600996615032793,0.0
CSO-16-11A-JAVABO,0.0,0.0,0.0,0.450604102026018,0.0,0.0,0.0,0.0,-0.21563206407096322,0.0,0.0,0.0,0.4537595760574643,0.2920069124815825,0.0
CSO-16-11A-JDMUVA,0.0,0.0,0.0,0.0,0.0,0.0,0.0,0.0,0.0,0.0,0.0,0.0,0.0,0.0,0.0
CSO-16-11A-VZAOR,0.0,0.0,0.0,-0.28644732698299535,0.0,0.0,0.0,0.0,-0.10420005821966999,0.0,0.0,0.0,-0.27300261173441315,-0.32877641493088555,0.0
CSO-16-11B-KRORE,0.0,0.0,0.0,-0.5870292409769227,0.0,0.0,0.0,0.0,0.578786701738897,0.0,0.0,0.0,0.6516450381009185,0.5972393790396511,0.0
CSO-16-11B-LLOZA,0.0,0.0,0.0,0.1392839394725185,0.0,0.0,0.0,0.0,-0.08197427982512828,0.0,0.0,0.0,-0.05711117744514528,-0.07384752839841545,0.0
CSO-16-11B-YAROMO,0.0,0.0,0.0,-0.17643979775074295,0.0,-0.1640624557504761,0.0,0.0,0.20148729788612016,0.0,0.0,0.0,0.24806176906607022,0.26203699631452676,0.0
CSO-16-9A-JALEMO,0.0,0.0,0.0,0.3552188812943147,0.0,0.0,0.0,0.0,-0.3306757716626301,0.0,0.0,0.0,-0.3115066286451235,-0.3115066286451236,0.0
CSO-16-9A-JPROSO,0.0,0.0,0.0,0.16574727848692705,0.0,-0.0727392967453308,0.0,0.0,-0.0477569265865225,0.0,0.0,0.0,-0.0477569265865225,-0.04775692658652243,0.0
CSO-16-9A-JSMAGU,0.0,0.0,0.0,-0.08888888888888889,0.0,0.0,0.0,0.0,0.08888888888888892,0.0,0.0,0.0,0.08888888888888892,0.08888888888888893,0.0
CSO-16-9B-SJPAJI,0.0,0.0,0.0,-0.44177437917362,0.0,-0.8279647312891248,0.0,0.0,0.8598366366877331,0.0,0.0,0.0,0.33043393631983914,0.6588286265650495,0.0
CSO-17-10A-YVGOCA,0.0,0.0,0.0,-0.5391968078119722,0.0,0.1731720508449481,0.0,0.0,0.2530708616680843,0.0,0.0,0.0,0.38687248322610773,0.3416610447122065,0.0
CSO-17-10B-EHECO,0.0,0.0,0.0,-0.10532143224632717,0.0,0.08937254078264498,0.0,0.0,0.026028960314767667,0.0,0.0,0.0,0.0422490876386189,0.035522272707181154,0.0
CSO-17-10B-YCQUVE,0.0,0.0,0.0,-0.10534304266691748,0.0,0.0,0.0,0.0,0.11200077068820859,0.0,0.0,0.0,0.11200077068820863,0.11200077068820859,0.0
CSO-17-11A-DJAPA,0.0,0.0,0.0,-0.10079053573377783,0.0,-0.02639513791090736,0.0,0.0,0.23753789234367761,0.0,0.0,0.0,0.37559673166360613,0.37130550831194015,-0.07675744168250118
CSO-17-11A-JDAMO,0.0,0.0,0.0,-0.057631818064163697,0.0,-0.22686495391474637,0.0,0.0,-0.0434129882150289,0.0,0.0,0.0,-0.2150031087721749,-0.2526740275525132,0.29602348682293683
CSO-17-11A-NPAHE,0.0,0.0,0.0,-0.41588572828543063,0.0,0.0,0.0,0.0,0.44060761168973495,0.0,0.0,0.0,0.40729785194163187,0.423243186652771,0.0
CSO-17-11A-RLPAIG,0.0,0.0,0.0,-0.15863779897729935,0.0,0.0,0.0,0.0,0.15863779897729932,0.0,0.0,0.0,0.15863779897729932,0.15863779897729943,0.0
CSO-17-11A-SPUVA,0.0,0.0,0.0,-0.09352195295828246,0.0,0.0,0.0,0.0,0.09352195295828246,0.0,0.0,0.0,0.09352195295828246,0.0935219529582824,0.0
CSO-17-11B-CDBEBU,0.0,0.0,0.0,0.0,0.0,0.0,0.0,0.0,0.0,0.0,0.0,0.0,0.0,0.0,0.0
CSO-17-11C-JDAAG,0.0,0.0,0.0,0.0,0.0,-0.07604619939127791,0.0,0.0,0.02753307536805472,0.0,0.0,0.0,0.02753307536805468,0.027533075368054695,0.0
CSO-17-11C-MAPAMA,0.0,0.0,0.0,-0.3656937134898716,0.0,0.0,0.0,0.0,0.3932657279642582,0.0,0.0,0.0,0.250041750250342,0.33804238539462084,0.0
CSO-17-11C-MCAAG,0.0,0.0,0.0,-0.022271770159368702,0.0,-0.07420074034085056,0.0,0.0,0.11591864010116262,0.0,0.0,0.0,0.11954266341303571,0.11884629591671242,0.08186685840793669
CSO-17-11C-SARJA,0.0,0.0,0.0,-0.3604329388644253,0.0,-0.07433891256156198,0.0,0.0,0.07120256824685903,0.0,0.0,0.0,-0.09472062414919542,-0.10486867611017031,0.18131095114383258
CSO-18-11A-ADBAHO,0.0,0.0,0.0,-0.22347698063365484,0.0,0.1282485802071232,0.0,0.0,0.13362368469081315,0.0,0.0,0.0,0.13362368469081315,0.13362368469081315,0.0
CSO-18-11B-YLLRE,0.0,0.0,0.0,-0.026811202503993447,0.0,0.0,0.0,0.0,0.03284027261857362,0.0,0.0,0.0,0.03474215801961142,0.03381577518681943,0.0
CSO-18-9B-MAMOLO,0.0,0.0,0.0,-0.24987509959865706,0.0,-0.1565576586311008,0.0,0.0,0.2694286774179332,0.0,0.0,0.0,0.18335907394381393,0.15754285280730557,0.11777196751312993
CSO-8-3A-AIPRBR,0.0,0.0,0.0,-0.015457456830679598,0.0,0.0,0.0,0.0,0.015457456830679636,0.0,0.0,0.0,0.015457456830679672,0.01545745683067958,0.0
CSO-8-3A-DAPAVA,0.0,0.0,0.0,-0.20556045368094178,0.0,0.23917917173633013,0.0,0.0,-0.03397647718618989,0.0,0.0,0.0,0.06252362331969075,0.03239840706135254,-0.03280282308325429
CSO-8-3A-KVPECO,0.0,0.0,0.0,0.0,0.0,0.0,0.0,0.0,0.0,0.0,0.0,0.0,0.0,0.0,0.0
CSO-8-4A-ARAGR,0.0,0.0,0.0,0.0,0.0,-0.18425693279752223,0.0,0.0,0.18425693279752217,0.0,0.0,0.0,0.18425693279752223,0.18425693279752225,0.0
CSO-8-4A-JRAAR,0.0,0.0,0.0,0.0,0.0,0.0,0.0,0.0,0.0,0.0,0.0,0.0,0.0,0.0,0.0
CSO-9-2A-EXMOCO,0.0,0.0,0.0,0.2825822270101181,0.0,0.1591049180529362,0.0,0.0,-0.20273675814358763,0.0,0.0,0.0,0.2974088174875858,0.2657201342809282,-0.11055415967851331
CSO-9-4A-AGAPE,0.0,0.0,0.0,0.0,0.0,0.0,0.0,0.0,0.0,0.0,0.0,0.0,0.0,0.0,0.0
CSO-9-4A-DKVIMO,0.0,0.0,0.0,-0.07882469612123583,0.0,-0.10774399073717088,0.0,0.0,0.10539569850057087,0.0,0.0,0.0,0.1053956985005709,0.10539569850057084,0.0
CSO-9-4A-DSMOMU,0.0,0.0,0.0,0.0,0.0,0.0,0.0,0.0,0.0,0.0,0.0,0.0,0.0,0.0,0.0
CSO-9-4A-DVGATO,0.0,0.0,0.0,0.0,0.0,-0.07896725691322382,0.0,0.0,0.07896725691322379,0.0,0.0,0.0,0.07896725691322382,0.07896725691322383,0.0
CSO-9-4A-EGCAMO,0.0,0.0,0.0,-0.6141524484772206,0.0,-0.3832122572284374,0.0,0.0,0.43157297345712525,0.0,0.0,0.0,0.18399090621737604,0.1050824491678012,0.30638544440807314
CSO-9-4A-FAGIGA,0.0,0.0,0.0,0.0,0.0,0.41725246177612607,0.0,0.0,-0.41725246177612607,0.0,0.0,0.0,-0.44705620904584936,-0.4470562090458495,0.0
CSO-9-4A-GSBRCO,0.0,0.0,0.0,0.24722576690424547,0.0,0.0,0.0,0.0,-0.1512646302768743,0.0,0.0,0.0,-0.14968932823347297,-0.11685110320158874,0.0
CSO-9-4A-KEMOCO,0.0,0.0,0.0,0.23996810983331912,0.0,0.22387532563393223,0.0,0.0,0.08497795663766816,0.0,0.0,0.0,-0.003877037425722102,-0.002715767382304629,0.0
CSO-9-4A-LCOMO,0.0,0.0,0.0,0.0,0.0,0.058484168883128095,0.0,0.0,-0.05848416888312811,0.0,0.0,0.0,-0.06380091150886703,-0.06380091150886703,0.0
CSO-9-4A-MLORO,0.0,0.0,0.0,-0.03831780223674067,0.0,0.0,0.0,0.0,0.03831780223674068,0.0,0.0,0.0,0.03831780223674068,0.03831780223674068,0.0
CSO-9-4A-MPAME,0.0,0.0,0.0,-0.0779788918441708,0.0,0.0,0.0,0.0,0.07797889184417081,0.0,0.0,0.0,0.07797889184417081,0.07797889184417078,0.0
CSO-9-4A-NSARPA,0.0,0.0,0.0,-0.19007383194586033,0.0,-0.2990067078391892,0.0,0.0,0.44743505455078497,0.0,0.0,0.0,0.24880291879214078,0.34213727186858967,0.0
CSO-9-4A-SLOCA,0.0,0.0,0.0,0.47973871770252596,0.0,-0.32937948835834835,0.0,0.0,-0.1010125749558245,0.0,0.0,0.0,0.17125783181868584,0.17829356901092266,-0.16707341011001345
CSO-9-4A-YVDITR,0.0,0.0,0.0,0.0,0.0,0.0,0.0,0.0,0.0,0.0,0.0,0.0,0.0,0.0,0.0
