file,z_wc,z_nodes,z_edges,z_re,z_pe,z_l1,z_l2,z_l3,z_lcc,z_lsc,z_atd,z_density,z_diameter,z_asp,z_cc
CDMS-10-4A-JURAN,0.0,1.4184725395623003,0.0,0.0,-0.21276238240744158,-1.0113862435163665,-0.21276238240744158,0.0,0.6893361183180524,-0.21276238240744177,-1.1733182525478711,0.010252538788941168,0.38950966149473876,0.3764909135966488,-0.051020408163265314
CDMS-10-5A-HEPIHO,0.0,1.4789496061985403,0.0,0.0,-0.21284285261713107,-0.9042866030215934,-0.21284285261713107,-0.026919334112857657,0.2565127000945863,-0.21600081946752409,-1.1713906560808331,-0.18391158971284824,-0.06681587115818603,-0.0849263240919642,-0.08832216458853985
CDMS-10-5A-KSRAGU,0.0,0.9801960588196068,0.0,0.0,-0.043945190581915775,-0.983325435614836,-0.043945190581915775,0.0,1.0126700812108762,-0.043945190581915816,-0.9801960588196068,0.8638373467629933,0.1613743060919757,0.16137430609197567,0.0
CDMS-10-5A-SROPU,0.0,1.2113588830406634,0.0,0.0,-0.4786079550969612,-1.046272295527612,-0.4786079550969612,-0.22173641587470758,1.117734118051509,-0.5091868506469814,-1.0297026902752682,-0.261255661546803,0.6022828291743652,0.7565261300738354,-0.07490355835723757
CDMS-10-5A-SZURO,0.0,1.528158341374492,0.0,0.0,-0.3202537573041623,-0.8126565470709757,-0.3202537573041623,-0.06491864232883929,0.11630776334651102,-0.32883421352618436,-1.2191628462710948,-0.44811122134618636,0.106874839253809,0.07042915554149387,-0.14459447708847847
CDMS-10-5B-SRAJA,0.0,1.3854742308114294,0.0,0.0,-0.29421084070345915,-0.32230517502714834,-0.29421084070345915,-0.12051233309401552,-0.4062251533413306,-0.3044671780569626,-1.2029698826573592,-0.3723365341820317,-0.5298407494344579,-0.5980467124240083,-0.22939348071229934
CDMS-10-5C-DAAUSA,0.0,1.0240891325200103,0.0,0.0,-0.526189735968332,-0.749732469334421,-0.526189735968332,-0.2145739436538349,0.7543466089310448,-0.5483356456102711,-0.9059668048597951,-0.15764701197519437,-0.1604994033953851,0.09218404540980382,-0.1414298387062959
CDMS-10-5C-ICAPA,0.0,1.2835721658663795,0.0,0.0,-0.28115469931274534,-0.9354633307451891,-0.28115469931274534,-0.142246690701889,0.9166823154442231,-0.3123314891141394,-1.107401383627456,-0.15072192229898174,0.056882143427167596,0.2318190401085243,-0.26106478396293425
CDMS-10-5C-JFALGI,0.0,1.0979811249639113,0.0,0.0,-0.24688981363390736,-1.0384144384612821,-0.24688981363390736,-0.06882472016116854,1.3005171710693826,-0.2578656870902109,-1.0404106752339768,0.2791418662437094,0.6417062831115841,0.769856083960933,-0.13007217819015882
CDMS-10-5C-MAORTO,0.0,0.7764843782722268,0.0,0.0,-0.3734565372770442,-0.7633331043003826,-0.3734565372770442,-0.06631307854916961,1.0744308517707633,-0.38102801867065317,-0.7245783209290345,-0.09704842008895138,0.8832530471875107,1.0752863257057215,-0.17053090095579077
CDMS-10-5C-NBEMO,0.0,1.5467922824882823,0.0,0.0,-0.47225669050752295,-1.0652549835423124,-0.47225669050752295,-0.20901108073242736,0.3780029511419112,-0.5008114920269373,-1.2534059831001492,-0.5295216917633065,0.3975010378216712,0.2540986362518182,-0.43804518022058914
CDMS-10-6B-ASCACO,0.0,1.044808654978877,0.0,0.0,-0.3777425129702292,-1.0178135623914266,-0.3777425129702292,-0.0668949111705232,1.1787353098157654,-0.3842929744336844,-0.9669199700222575,-0.09409411724929742,1.0087284851364344,1.0820368331467194,-0.1452188709055201
CDMS-10-6B-JJMOBE,0.0,1.54834984290642,0.0,0.0,-0.21715202945850762,-0.8780088949535184,-0.21715202945850762,-0.03602190798210556,0.18826336386374973,-0.21928111288153804,-1.2523737986928578,-0.2955322771628656,-0.2869827782331138,-0.2458173231144717,-0.08495129370745123
CDMS-11-4A-GACHSA,0.0,1.4084736471766823,0.0,0.0,-0.3216394744063477,-0.9976300514010102,-0.3216394744063477,-0.09867676129662503,0.5776803794777208,-0.3327172845174267,-1.1468928011440704,-0.23866035609619898,0.11429932412636103,0.1875228861420563,-0.03467880961641066
CDMS-11-5A-EAARCA,0.0,1.1384355894276967,0.0,0.0,-0.3829698856525045,-1.033577321017699,-0.3829698856525045,-0.16193800603756642,1.4133385620334808,-0.4089826739864761,-1.034051759615552,-0.09098902544221749,0.855724970315004,0.9902674804551457,-0.3077861915253626
CDMS-11-5A-MGTHAR,0.0,1.4616868346748242,0.0,0.0,-0.4825628747945437,-0.8239721475203674,-0.4825628747945437,-0.21586457883411478,0.6787438995089848,-0.5139489697382669,-1.205443997894976,-0.7446658553374256,-0.037750410301834486,0.34899055768464304,-0.4178951350065809
CDMS-11-6A-DFVEBE,0.0,1.6293620619478544,0.0,0.0,-0.4084069575073033,-0.9846689218928643,-0.4084069575073033,-0.17483181420729846,0.6910662555519919,-0.43766170750007977,-1.2974051669619866,-0.6543573520355451,-0.0272597035568941,0.18198836058201942,-0.34720790882714464
CDMS-11-6A-NMREPR,0.0,0.9711874441745272,0.0,0.0,-0.28456897191922537,-1.0530386881775438,-0.28456897191922537,-0.0822497274624135,1.1725200799434052,-0.2961551219461842,-0.928744880136542,0.36904946790133775,0.22826098942289597,0.43701684858177287,0.04147607069488854
CDMS-11-6B-ARAHE,0.0,1.6992846230536953,0.0,0.0,-0.33199735038441497,-0.7155641776829922,-0.33199735038441497,-0.07432099825843624,-0.12902704108713017,-0.3352687392914093,-1.2577075384946892,-0.5897434991327135,-0.5371658186316576,-0.39230535240904935,-0.19551184355381823
CDMS-11-6B-AVROTO,0.0,0.9593077949067511,0.0,0.0,-0.266698312422901,-1.0005297253323155,-0.266698312422901,-0.02319318035213567,1.1759824019318668,-0.2674024915699068,-0.9327500458400398,0.26939860092078094,0.7196603314888879,0.8134737677493723,-0.05830282530460515
CDMS-11-6B-EAFESA,0.0,1.1715668581033207,0.0,0.0,-0.4033079687681934,-0.8609216793458955,-0.4033079687681934,-0.15413142414371803,0.9484967627660816,-0.43068108783787135,-1.0096057424074778,-0.055161941429009424,0.4414127011487173,0.5150271161366325,0.006033155461335233
CDMS-11-6B-EFRGR,0.0,1.7248133202894265,0.0,0.0,-0.37357647716729653,-0.8372214041263841,-0.37357647716729653,-0.11075580229185016,0.16424291238651598,-0.3797959679411914,-1.3519515797229533,-0.7913306636223206,0.01752779703296381,0.06523959512079955,-0.23248951583624305
CDMS-11-6B-EROCO,0.0,1.240795168151293,0.0,0.0,-0.3755754228607538,-0.992039035190975,-0.3755754228607538,-0.19465085603287388,1.3151902973329186,-0.41728101506098225,-1.0699097333430811,-0.188044106501339,0.3785826082708042,0.6543310447355491,-0.36708183348918316
CDMS-11-6B-JACUPE,0.0,1.10965498908856,0.0,0.0,-0.26882909032411034,-0.7104503013473892,-0.26882909032411034,-0.05985334157362602,0.5948935024830856,-0.2752427259586206,-0.9585519954555742,0.1311735941274307,0.13077379520989027,0.17668701103522944,-0.1580078272686726
CDMS-11-6B-JDCHBA,0.0,1.4747488443773904,0.0,0.0,-0.3678849909757378,-0.9919435565675059,-0.3678849909757378,-0.1174816778026066,0.7901911865683422,-0.3834659861037336,-1.1956326275333955,-0.5103511736924023,0.20977365605853596,0.4703134044826328,-0.2507555770371878
CDMS-11-6B-JFSAHE,0.0,1.154341340485341,0.0,0.0,-0.2234481286046137,-1.0066712308014332,-0.2234481286046137,-0.02759541662040384,1.031962948575859,-0.22762641686665497,-1.0620998728723876,0.23914474298514854,0.4416994584438329,0.5476664583226237,-0.0648350960655804
CDMS-11-6B-JLPENA,0.0,1.1633147083228415,0.0,0.0,-0.1735756488933553,-0.950185832281314,-0.1735756488933553,0.0,0.7428357829953415,-0.17357564889335547,-1.0656991263777644,0.2533247389842884,0.2791686378490409,0.2791686378490409,0.0
CDMS-11-6B-JMARME,0.0,1.219437377112997,0.0,0.0,-0.3630047147361611,-0.9912369739649504,-0.3630047147361611,-0.1490727623790696,1.2107834798945478,-0.38780734442299014,-1.0636413778136904,-0.19325713688154056,0.9374404219008535,0.9407490139025156,-0.2922228007255426
CDMS-11-6B-JPSAMA,0.0,1.354290866911967,0.0,0.0,-0.3855281564928193,-1.0600234893440863,-0.3855281564928193,-0.14589639620807912,1.2606288877145329,-0.4090453016432096,-1.13788453874278,-0.3063030172404076,0.4237070556574879,0.7446799061093196,-0.2990185477457825
CDMS-11-6B-LESTA,0.0,1.4580921552337844,0.0,0.0,-0.36605332544335745,-0.8750750573435048,-0.36605332544335745,-0.06812482688998396,0.18545599604076982,-0.37037733170158893,-1.178294624968911,-0.6555260986544602,-0.1305414541412695,0.024276980610992423,-0.14373745664316373
CDMS-11-6B-MAGIMU,0.0,1.337521789382484,0.0,0.0,-0.3934304200700833,-0.984472705339657,-0.3934304200700833,-0.143386416448855,1.0450077040179038,-0.40876055341567075,-1.1307763055595002,-0.36804627167881393,0.14241894215183212,0.5123821493928802,-0.29513516839460835
CDMS-11-6B-MEBRTA,0.0,1.531466952146704,0.0,0.0,-0.1800309030344964,-0.9641184303892937,-0.1800309030344964,0.0,0.37121526520025944,-0.18003090303449656,-1.2279217691095066,-0.10530166657954584,-0.026230526375923324,-0.03716627461031875,-0.04285714285714286
CDMS-11-6B-MMAMO,0.0,1.4841035933764708,0.0,0.0,-0.3944309632074469,-0.9032422738526766,-0.3944309632074469,-0.16806016132989032,0.28693325197794844,-0.4241521579848047,-1.1738406258486849,-0.6940004326351956,0.284774193208623,0.22699955434119556,-0.3289961358539334
CDMS-11-6B-RSECA,0.0,1.4628187764506997,0.0,0.0,-0.4013862735396737,-0.9895386045329213,-0.4013862735396737,-0.12086309836732499,0.782058692167937,-0.42346387229393556,-1.1873424984623067,-0.5518267172687832,0.2213058029850821,0.49153788924866476,-0.2592514492077098
CDMS-11-6B-SCAPA,0.0,0.9801960588196069,0.0,0.0,-0.050223074950760886,-0.9837724894427259,-0.050223074950760886,0.0,1.0173092272667719,-0.050223074950760935,-0.9801960588196067,0.8472146736120486,0.18442777839082938,0.18442777839082933,0.0
CDMS-11-6B-VZAPE,0.0,1.2100879969341833,0.0,0.0,-0.47915060143686505,-1.0432193625885768,-0.47915060143686505,-0.23110575909384093,1.6258039931927708,-0.5253208478655913,-1.0604777722456251,-0.4075485872391084,1.0675949178080013,1.3222253711616514,-0.43140506026255965
CDMS-11-6B-YLNIME,0.0,1.366506540977954,0.0,0.0,-0.3981963607740273,-1.015787130151909,-0.3981963607740273,-0.08185507445745364,0.8655082968594027,-0.40639367973601104,-1.0740581428128189,-0.5056359337347185,0.588714431435612,0.7335443983985271,-0.22114316174926257
CDMS-11-7C-ICARE,0.0,0.9719673487933304,0.0,0.0,-0.16898324877059603,-0.9927581118752496,-0.16898324877059603,-0.009136707411447384,1.104558953826889,-0.16926065267699236,-0.9615052052215955,0.5309359033225709,0.47791783358881657,0.535247696308997,-0.022967779665450515
CDMS-11-7C-IMOIB,0.0,1.6456060593791484,0.0,0.0,-0.3992082849935481,-0.8869333711160623,-0.3992082849935481,-0.12549930433849216,0.3991503798709611,-0.4176972485701327,-1.276961057548509,-0.7582953741164211,0.4021094688968122,0.4202413880935517,-0.2742389651586843
CDMS-11-7C-SALMA,0.0,1.3703514861727744,0.0,0.0,-0.5010315657161478,-1.0442429827660877,-0.5010315657161478,-0.2262160606535139,0.6731902319915232,-0.5412875291436953,-1.1780628265760347,-0.47228361703066685,0.31522540399294807,0.43719457491231384,-0.32639162914368963
CDMS-11-7C-SPGAVE,0.0,0.9801960588196068,0.0,0.0,-0.027043194204255862,-0.9821218291551325,-0.027043194204255862,0.0,1.0001800725988497,-0.027043194204255886,-0.9801960588196068,0.9085906975539986,0.09930726528736966,0.09930726528736965,0.0
CDMS-12-5A-SRIGO,0.0,1.2585583051549825,0.0,0.0,-0.4608254393861856,-0.7656599843732385,-0.4608254393861856,-0.1925497137825109,0.3425975466715235,-0.48841516773283483,-1.0721889591956701,-0.38794498638822267,0.01690060659636416,0.11384468600252913,-0.3841178609325021
CDMS-12-6A-FAROPA,0.0,1.3038655785252522,0.0,0.0,-0.5153744717195307,-1.1094440845753355,-0.5153744717195307,-0.2115005179508757,0.8710061866929599,-0.5448507175738452,-1.157500036636877,-0.3955194496043772,1.0691877518305444,0.8624420685587378,-0.39238826987373715
CDMS-12-6A-JGIGA,0.0,1.1839757779715319,0.0,0.0,-0.39987838101837514,-0.844521806359755,-0.39987838101837514,-0.14998815736053114,1.0840547496093096,-0.4257226534287975,-0.9795632934960812,-0.3497167319437899,1.1684503355999365,1.1713945662789023,-0.330615931049906
CDMS-12-6A-JSOTGU,0.0,1.2531425780855712,0.0,0.0,-0.25104590950787586,-0.8926963172694473,-0.25104590950787586,-0.055571668088061486,0.745697432851915,-0.29084837624876453,-1.067669616378206,-0.21780199541433584,0.41426897404338014,0.5241335381458578,-0.1363219754519323
CDMS-12-6A-SROAL,0.0,1.452383617854148,0.0,0.0,-0.3831357229480567,-0.7097975186993483,-0.3831357229480567,-0.1375736958457848,0.48829634133888555,-0.4106086981273732,-1.16956009463244,-0.5959343772488239,0.1319924627403177,0.30669104225908983,-0.2894645941523433
CDMS-12-6B-IJDAGA,0.0,1.11912471287733,0.0,0.0,-0.35935772736889326,-1.0489650837813254,-0.35935772736889326,-0.10283109087923496,1.4180553348951774,-0.3760908011038924,-1.0371230749536846,-0.04417209085375028,1.3336399348524204,1.345142226819291,-0.19760940707285005
CDMS-12-6B-SCLAG,0.0,1.0008118336432463,0.0,0.0,-0.4730622740491475,-0.5320701440096165,-0.4730622740491475,-0.18870464220985445,0.4574177489510067,-0.5031741669576434,-0.8867975296828076,-0.01716588751344255,-0.06338948693508076,-0.028143961506093773,0.3356200206373926
CDMS-12-7C-ARAHE,0.0,1.3966060919557628,0.0,0.0,-0.349242908134205,-0.9437783329552841,-0.349242908134205,-0.14318532299427061,0.6453645279678564,-0.3717363480359244,-1.1741293494780851,-0.3834933850492141,0.3561225457842556,0.44666029640073796,-0.2737192123548188
CDMS-12-7C-CATRAR,0.0,1.1693874581726902,0.0,0.0,-0.4261405799958093,-1.035637376800678,-0.4261405799958093,-0.15276407190027977,1.1348143878860322,-0.44520647970821337,-1.0138056005776825,-0.22097532281311036,1.0619533192417168,1.0097004535389262,-0.14449906102343787
CDMS-12-7C-DLOLO,0.0,1.0668574814137488,0.0,0.0,-0.4434077667501638,-1.0074767071947672,-0.4434077667501638,-0.16064912182118496,1.4504515440877397,-0.4735823551393446,-0.9618824304411041,-0.28979878963966244,0.7510578702852858,1.1028236875059223,-0.3129379183047686
CDMS-12-7C-JSZAOR,0.0,0.9681272841144012,0.0,0.0,-0.13065492331176548,-0.9902753985139385,-0.13065492331176548,-0.013400504203456164,1.075997578453569,-0.13106178237447993,-0.952782806875857,0.6315710629082568,0.44798300546358616,0.4424253643358964,-0.033686076842660756
CDMS-12-7C-MAROBE,0.0,1.3251723164153073,0.0,0.0,-0.4974235340912656,-1.027348047348425,-0.4974235340912656,-0.2427472339019422,1.1548767334701242,-0.5374733561758127,-1.1126084009799462,-0.5286372297372675,0.8726850984386871,0.8734098393401306,-0.45577760742418794
CDMS-12-7C-VMAPA,0.0,1.0698939605505093,0.0,0.0,-0.4956458232372871,-1.1282078463463412,-0.4956458232372871,-0.21232267249942224,1.390685755844361,-0.5328870150807992,-0.978576190004964,-0.05898994290744345,1.3641815942322426,1.2507410187238233,-0.4124791614767068
CDMS-12-7C-VQURA,0.0,1.3292537368693884,0.0,0.0,-0.28036061761301667,-0.8165641788599116,-0.28036061761301667,-0.07157327327615513,0.5490378496850109,-0.28964840935822,-1.0991765310767576,-0.13793099269513898,0.12160096729949073,0.17947530335174025,-0.16632842814939244
CDMS-13-6B-ASUMO,0.0,1.1068456755890612,0.0,0.0,-0.2629398722982084,-1.0048110746372017,-0.2629398722982084,-0.05498658589941383,1.0978189609292062,-0.26954615360232564,-1.0150083367138019,0.1429739927095163,0.40765633243095256,0.5839554145564774,-0.11436991727008083
CDMS-13-6B-JDTAHE,0.0,1.4320771704740236,0.0,0.0,-0.27195967145846894,-0.9739365869466488,-0.27195967145846894,-0.06928106982747899,0.6721304107888855,-0.2815172819052144,-1.1887852724793888,-0.22994436038925087,0.385611747805644,0.4146896453581686,-0.15021667639551808
CDMS-13-7C-MVEAR,0.0,0.927992242013048,0.0,0.0,-0.4171370586045841,-0.48344838822922703,-0.4171370586045841,-0.15804863956912907,0.8082673435174569,-0.449970168189908,-0.8211969189945815,-0.24095580966130825,0.269950036346014,0.5094153386509161,-0.3418348548499329
CDMS-13-7C-RAIZAC,0.0,1.013461531104622,0.0,0.0,-0.3205657230858322,-0.4555293553633534,-0.3205657230858322,-0.09613503753707298,0.7771448740160299,-0.3294086935418802,-0.9175394416401252,-0.18493519485290105,0.21616448626077495,0.38391463472044923,-0.21303757362008371
CDMS-13-7C-SSOSLO,0.0,1.6092288838219675,0.0,0.0,-0.3063944549551548,-0.4799561457522969,-0.3063944549551548,-0.18173066425747725,-0.10640166020251449,-0.38235427685075807,-1.2592649865036905,-0.9181303028675845,-0.315044436512284,-0.1588051723065408,-0.37508329708138527
CDMS-14-10A-IMORTO,0.0,0.6908442725449598,0.0,0.0,-0.5612282163483835,-0.696079046357425,-0.5612282163483835,-0.20010427997090055,1.0021858548697022,-0.5955864664863438,-0.6453049233262595,0.015659243255431672,0.6741223597401765,0.712396277375718,-0.43366679423977833
CDMS-14-10A-JCVANI,0.0,1.565312670734064,0.0,0.0,-0.24892393783820504,-0.8754860741838886,-0.24892393783820504,-0.0349615281590053,0.07944003050762379,-0.2546228400620359,-1.2428014610077984,-0.38851871502645285,-0.10272187051463909,-0.12722385050165524,-0.08785149982336764
CDMS-14-5A-LSDUCO,0.0,0.6580561165722406,0.0,0.0,-0.6587057795673005,-0.3004162341979777,-0.6587057795673005,-0.2700255716812373,0.919877270269458,-0.6877293013114184,-0.6083463797781322,-0.12131508736371106,0.4088016747388461,0.5044132621801121,-0.15234619896769866
CDMS-14-6B-KDCAHE,0.0,1.3935562944767592,0.0,0.0,-0.2959991431873596,-0.9382473039069081,-0.2959991431873596,-0.0629547622761617,0.67361175564566,-0.2974695752021853,-1.1856523398669159,-0.23317968358670335,0.5988301859290152,0.5451216652784922,-0.1373667449605551
CDMS-15-10A-AMALOS,0.0,0.8104610731324047,0.0,0.0,-0.4758059537565443,-0.33205552528341215,-0.4758059537565443,-0.159140764092511,0.7854645922640765,-0.5025179723084364,-0.7316426910483315,-0.24137271742436367,0.03583417559244355,0.40191947525621785,-0.32591675258644154
CDMS-15-10A-JJMACH,0.0,1.9518930504759435,0.0,0.0,-0.422290259337187,-0.8367193606625773,-0.422290259337187,-0.19902099231739576,0.04797649345891653,-0.44606524606862274,-1.508146992797784,-1.083591976066545,-0.15942103438423905,-0.011184724134844717,-0.3879131530018581
CDMS-15-10A-MAALCA,0.0,0.8534528222055919,0.0,0.0,-0.460023922809491,-0.40360752602714317,-0.460023922809491,-0.16838419301793506,0.7309890301778424,-0.4927634379804504,-0.7714818269622558,-0.3258890578611572,0.18958603006656063,0.479750380641803,-0.3618527996369171
CDMS-15-10A-MAALRI,0.0,1.77925261540791,0.0,0.0,-0.3943173865512629,-0.8907908519960519,-0.3943173865512629,-0.15507524716489596,0.20584155998961176,-0.41606533112714783,-1.3867467540247211,-0.8287667909518613,0.025663302601758906,0.11421582070947982,-0.30704996079688196
CDMS-15-10A-SGOMO,0.0,1.5575085306761596,0.0,0.0,-0.378251891312636,-0.994196493663828,-0.378251891312636,-0.13893300725505076,0.23415678227151784,-0.398145580315242,-1.2424471692396692,-0.5185989088247749,0.06606441214551427,0.0061530613019488084,-0.2891139147059998
CDMS-15-10A-SHEGA,0.0,1.7614751886457167,0.0,0.0,0.1375838980295765,-0.926012004191495,0.1375838980295765,-0.09647016237287862,0.0536864772452864,-0.03850276154238147,-1.4009777372444219,-0.5320800077380605,-0.10586519023094579,-0.14807962977223,-0.19506530463450544
CDMS-15-11B-JEMOLO,0.0,1.2200715508953122,0.0,0.0,-0.507453514910017,-1.020663512854246,-0.507453514910017,-0.22808036815674118,1.1215533778857683,-0.543945126718596,-1.0683815288742569,-0.3746305552409994,0.6659031019252392,0.7476724006882665,-0.25131119858909595
CDMS-15-11B-VSAHO,0.0,1.2774583574467049,0.0,0.0,-0.4197223165353176,-0.9332039464153473,-0.4197223165353176,-0.1391493926676615,1.0389516433993113,-0.4416858692964146,-1.0775942316185871,-0.4649364121742719,0.8354921685561967,0.9340203699448862,-0.2863339513507249
CDMS-16-10A-SGALO,0.0,1.2606108121116781,0.0,0.0,-0.22697561101977043,-0.9286940582625925,-0.22697561101977043,-0.07938873931200177,0.759629514508511,-0.24584158505389192,-1.1001490264171288,0.003959607978071343,0.20266941126608753,0.24190464443491963,-0.14353676051868355
CDMS-16-11B-NGABE,0.0,1.1905723468780125,0.0,0.0,-0.5739261118301393,-0.7371812743984509,-0.5739261118301393,-0.3092479688008469,1.5004844781605948,-0.6244933570620758,-1.0621777321513586,-0.5140348289790934,0.614936958316659,0.9397191426853171,-0.4702441040696561
CDMS-17-10A-ASSAMO,0.0,0.9801960588196069,0.0,0.0,0.0,-0.9801960588196069,0.0,0.0,0.9801960588196069,0.0,-0.9801960588196069,0.9801960588196069,0.0,0.0,0.0
CDMS-18-7C-VVECA,0.0,0.6198306085745521,0.0,0.0,-0.3116835688691836,-0.42045882855093475,-0.3116835688691836,-0.07514589241385278,0.8187487990811472,-0.3193110653907004,-0.6093051929890512,0.1404724031148064,0.5209971562708969,0.6448610044506163,-0.19152812997267946
CDMS-8-4A-DBEVA,0.0,1.3291923204375171,0.0,0.0,-0.30790480822232047,-1.006351869850044,-0.30790480822232047,-0.01727293100338037,0.8301520923821886,-0.30952853217785914,-1.1275861739707516,-0.1736808453038705,0.7903080380674157,0.771256589379676,-0.07265120105884575
CDMS-8-4A-DJAVDA,0.0,1.0412356086540187,0.0,0.0,-0.2512173881915479,-0.9839619078725177,-0.2512173881915479,0.0,1.0439616653997708,-0.2512173881915481,-1.0086970813389926,0.22592728582540128,0.80310315942104,0.8031031594210399,0.0
CDMS-8-4A-DOSTR,0.0,1.2079615506738208,0.0,0.0,-0.3223131683230052,-0.8673741549510183,-0.3223131683230052,-0.11852634332991145,0.9725062925085647,-0.33974078827855525,-1.0553485985715272,-0.08896658908350791,0.1504968329215962,0.426061236820509,-0.2503643931396441
CDMS-8-4A-LGOPA,0.0,1.6149297478038873,0.0,0.0,-0.3002800648517215,-0.9389671367386229,-0.3002800648517215,-0.06438502615329231,0.19627777642198715,-0.3079145242234978,-1.2856467702853853,-0.49345946854488126,0.18433504099934042,0.1357808765774345,-0.1539967023281791
CDMS-8-4C-JDBUTU,0.0,1.410537575807111,0.0,0.0,-0.1815700789326128,-0.908499826669004,-0.1815700789326128,0.0,0.3094682363841636,-0.18157007893261295,-1.1796678852994356,-0.09901469382544764,-0.11585293528373879,-0.11750986683440455,-0.006493506493506495
CDMS-9-4A-ACDUTR,0.0,0.9462526299612163,0.0,0.0,-0.3454943765233825,-1.0069795133123003,-0.3454943765233825,-0.03768891807222046,1.2334008215944903,-0.3466386676372669,-0.9030962877278105,0.05786761384724176,1.096123643986634,1.1225122032137353,-0.09474209111998337
CDMS-9-4A-CARGA,0.0,1.30326800321793,0.0,0.0,-0.20296098309562607,-0.8433436311842473,-0.20296098309562607,-0.155659247275472,0.337969665024886,-0.29658566500344424,-1.0980722050203022,-0.3928345447378339,-0.06833393089208913,0.028053626683716783,0.020069547285518203
CDMS-9-4A-CRAAG,0.0,0.9509202585467407,0.0,0.0,-0.43057671988550894,-0.5509800429609084,-0.43057671988550894,-0.11862218235290654,0.6857703530752618,-0.4443767282734945,-0.8492364617532475,-0.3159226370556132,0.37303372473792296,0.49452510227462104,-0.25705523272483943
CDMS-9-4A-EROHI,0.0,1.6026470784725977,0.0,0.0,-0.1297607792284194,-0.7616148982302644,-0.1297607792284194,-0.17513769504424298,0.25756690808301413,-0.299187145729665,-1.2752148403349308,-0.8871827403204193,-0.04545254022046281,0.1069697507462666,-0.3394461834796479
CDMS-9-4A-ILOSE,0.0,1.4872524893279753,0.0,0.0,-0.5172720443081752,-0.9663252085130144,-0.5172720443081752,-0.2576744920042725,-0.03487272554520901,-0.5648128981072809,-1.2437309499277516,-0.5973423239018186,0.05515196140171517,-0.17258012287953858,-0.1778375141497384
CDMS-9-4A-TGAFR,0.0,1.0926557064453903,0.0,0.0,-0.353663991149087,-0.737909727479875,-0.353663991149087,-0.11702622264145005,0.6690450945018519,-0.37655045588846886,-0.9571239076449717,-0.0517600912135162,0.32852485411605264,0.3119272867563583,-0.06773544437795334
CDMS-9-4C-SCAMO,0.0,1.1229658359642183,0.0,0.0,-0.2673002415572823,-1.0484878813220768,-0.2673002415572823,-0.08342390322565883,1.3448466028378059,-0.28060433059522594,-1.0531834726552065,0.2150579190112077,1.1348830827738956,1.0923601890616264,-0.1576632462911016
CDMS-9-5A-ABERO,0.0,1.2060920661562422,0.0,0.0,-0.25574373445385357,-0.9827709315701437,-0.25574373445385357,-0.0735472291577192,0.8624966172787613,-0.26499252160424797,-1.0618267615772046,0.051716120491822226,0.368426950239169,0.4472825145454296,-0.15509519840024313
CDMS-9-5A-PAGACO,0.0,1.4125914367071088,0.0,0.0,-0.3495972105151359,-0.9404458905357461,-0.3495972105151359,-0.1001825380584466,0.6749436788584197,-0.3608503805581575,-1.1678706650491932,-0.4618833189161504,0.15344483243372353,0.3382255512552537,-0.2001601469757359
CDMS-9-5A-VVAAR,0.0,1.395048141006722,0.0,0.0,-0.20342883535104633,-0.9528665699234334,-0.20342883535104633,-0.05577320917772606,0.624733146502299,-0.21104280664022596,-1.1789313554750283,-0.026977568308108546,0.2598560719786533,0.2253285915781883,-0.1143582183664287
CDMS-9-5C-JDMADE,0.0,0.934938153675086,0.0,0.0,-0.402065581255289,-1.0117348290828925,-0.402065581255289,-0.05025189076296061,1.2745037126644254,-0.40359130274046817,-0.8773963640305451,-0.0944302517347286,1.3571876583044968,1.3363465040756601,-0.12632278815997783
CDMS-9-5C-LVIZAC,0.0,1.1194074130828506,0.0,0.0,-0.19509384677983593,-0.7267251127732699,-0.19509384677983593,0.0,0.3023809297451016,-0.19509384677983613,-0.9309257243298548,-0.20955762566110764,0.16074735490636585,0.15743349180503405,-0.01298701298701299
CDMS-9-5C-MLOGO,0.0,1.3747005712441165,0.0,0.0,-0.33246978026473706,-1.0097263197266306,-0.33246978026473706,-0.08646453485068964,0.9383847831444705,-0.34412625658939555,-1.1584859468332744,-0.26390342925343435,0.4522293689634161,0.624350736647992,-0.18728718330485714
CDMS-9-5C-SCAAG,0.0,1.2780214196663815,0.0,0.0,-0.3507659364593769,-0.9819635383234516,-0.3507659364593769,-0.1393391380987062,1.014498556191349,-0.37120308632043014,-1.0989992651483829,-0.2712144241066094,0.4397853076674855,0.6685911017684165,-0.2752538572541404
CDMS-XX-10A-VGILO,0.0,1.2406002010712034,0.0,0.0,-0.4132609632948366,-0.6822286496153686,-0.4132609632948366,-0.2180921835073457,0.7303967285795654,-0.4492229782079273,-1.1041407114301531,-0.3368358062272455,-0.192565074317337,0.0799913375626949,-0.15897193858443515
CDMS-XX-5C-MJSARU,0.0,1.0065564388073396,0.0,0.0,-0.3628168012115373,-1.0423968405178836,-0.3628168012115373,-0.07761454439566667,1.1808321828147337,-0.37099991554257,-0.9433942104425306,0.07473833513313215,1.0489923798418455,1.0282653764755099,-0.013018000986035779
CDMS-XX-5C-MPCAQU,0.0,1.092198546162097,0.0,0.0,-0.4113616754857784,-1.0201269702109954,-0.4113616754857784,-0.13012782990241523,1.289818018736868,-0.42787399772901,-0.9487411693201748,-0.26763311134310497,0.9977896198550756,1.0927497875908296,-0.2755711361875956
CDMS-XX-6A-MAGICA,0.0,1.6984591943606182,0.0,0.0,-0.2798526879792935,-0.8744513756842414,-0.2798526879792935,-0.06790500131374064,0.03348530357727859,-0.2902435437768492,-1.3092329794286333,-0.5948732410015961,-0.11782279762063246,-0.11988316476400335,-0.1488174442186372
CDMS-XX-6B-SPUCA,0.0,0.9422140459055931,0.0,0.0,-0.30397702528406956,-0.9271534050855279,-0.30397702528406956,-0.0955562914182931,1.2120118002969067,-0.3160647661273554,-0.8572908371582089,0.017650133131536506,0.40079020899339524,0.7401792686299167,-0.22316441531717646
CSO-10-4A-ICAPA,0.0,1.598826759864336,0.0,0.0,-0.3665315588465377,-0.9502595512044285,-0.3665315588465377,-0.1213675893892075,0.657096766208326,-0.38426964031203215,-1.3031331976597738,-0.6070989012755237,0.47323034731298524,0.5559806425514824,-0.23888396558538413
CSO-10-4A-KCOMO,0.0,1.3974235193651865,0.0,0.0,-0.4133673316865987,-1.018587602822075,-0.4133673316865987,-0.1747203373466338,1.1146957389975758,-0.44629614185939737,-1.151336543946745,-0.4684106408617163,0.09782575591766172,0.5181321960041546,-0.3490778984659726
CSO-10-4A-LRAVI,0.0,1.2777850363028112,0.0,0.0,-0.42258669737542126,-1.0736522377150612,-0.42258669737542126,-0.13123930539273704,1.2530681235697485,-0.4457878678782673,-1.0918644237217054,-0.2975102138899634,0.8833746566349847,1.021107672134096,-0.27559796578025963
CSO-10-4A-LSCAVA,0.0,1.2364955267061368,0.0,0.0,-0.2035673858048892,-0.9611225553003351,-0.2035673858048892,-0.03290207348629676,0.7542159775818663,-0.20805114655071563,-1.0923073963302437,0.10700277883035195,0.12991566626531204,0.2172662836526246,-0.0658702018188832
CSO-10-5A-ACAVA,0.0,1.1791761345241776,0.0,0.0,-0.3290738467770274,-0.9992575099488353,-0.3290738467770274,-0.11183329294502778,1.2028033123832542,-0.34690647104284067,-1.0643720255105342,-0.03187225522541685,0.3581385644534822,0.5901100055154168,-0.21813574607403635
CSO-10-5A-ARACA,0.0,0.9637386387670539,0.0,0.0,-0.2740462203311328,-1.000768344137832,-0.2740462203311328,-0.018273414822894768,1.181686907174143,-0.27460102814392534,-0.9428143516235843,0.2509247835442456,0.962975311651019,0.9553967101132602,-0.04593555933090103
CSO-10-5A-DABRZA,0.0,1.57089133804723,0.0,0.0,-0.32384149378546895,-0.8804771710453869,-0.32384149378546895,-0.0314718245943079,0.20925347301589892,-0.32501582549711633,-1.2462592384917064,-0.5737554709216142,0.16204820953350424,0.15383215000438122,-0.08259757896393811
CSO-10-5A-GZAMA,0.0,1.1858974028928784,0.0,0.0,-0.45469034107232087,-0.6093597757033284,-0.45469034107232087,-0.18916510873910236,0.4906294628751451,-0.49198359098912087,-0.9918081799260706,-0.5441477683787409,0.13663575693236057,0.2034195492742068,-0.3195685870848398
CSO-10-5A-IPECA,0.0,1.3735430795267902,0.0,0.0,-0.5276401148851503,-0.865368825236626,-0.5276401148851503,-0.3123737134016333,1.4183826771323969,-0.5934882687398871,-1.1850581547841643,-0.6810557495406306,-0.4547535677735503,0.27254670471521103,-0.5563741014252819
CSO-10-5A-JANORO,0.0,1.062876770193953,0.0,0.0,-0.34254558213587216,-0.9573147143273388,-0.34254558213587216,-0.0955562914182931,1.1990931293461158,-0.3550968409913662,-0.9604459606224268,-0.02979246824116857,0.8479498118427177,0.9390026601697065,-0.20308869980202368
CSO-10-5A-JBUVE,0.0,1.4940576011513627,0.0,0.0,-0.2759052855485135,-0.9556570358268408,-0.2759052855485135,-0.012561651037726053,0.3619637413495518,-0.2775430098569606,-1.2163135661717257,-0.3409393871939376,0.24114351832921516,0.22819017347759177,-0.05477974984031668
CSO-10-5A-JJSEMO,0.0,0.9729139896594037,0.0,0.0,-0.4155528444517601,-0.4827662042734412,-0.4155528444517601,-0.007178841537565802,0.27772818108511926,-0.4157708046639287,-0.7762120452429021,-0.2596778155805313,0.0407389164119985,0.08318005896966536,-0.028250194226935612
CSO-10-5A-JLCARI,0.0,1.533384945591559,0.0,0.0,-0.36846751118418325,-0.9735096196136598,-0.36846751118418325,-0.10991708617475947,0.4515822253833359,-0.38043710180706325,-1.2099583826772737,-0.5726036463212064,0.12970631329735996,0.2996520893837682,-0.2563097355232683
CSO-10-5A-MAARAN,0.0,1.3672368783321918,0.0,0.0,-0.5061120902218234,-1.0483426800887925,-0.5061120902218234,-0.23326138546411843,1.1267217995213863,-0.54224082687088,-1.1412606323947885,-0.5037269763075074,0.5659797136386103,0.7369538999794254,-0.3982631668810249
CSO-10-5A-MAOSMO,0.0,1.1196629899339454,0.0,0.0,-0.2494684383806255,-0.9925220322840893,-0.2494684383806255,-0.03217042084662105,0.966433764920115,-0.25146658823051704,-1.0042662181803272,0.13868890645722085,0.4004074615888335,0.514056841225271,-0.08578645680187946
CSO-10-5A-RVMOIB,0.0,1.6091323949089222,0.0,0.0,-0.40874377902673054,-0.7979773252990622,-0.40874377902673054,-0.12856646654927964,0.26471229389760326,-0.4287415176199515,-1.25556070004892,-0.6883983755837498,0.18949722775638983,0.13895730082451302,-0.27505441921141754
CSO-10-5A-SVHEES,0.0,1.4603147216793746,0.0,0.0,-0.45013364928200716,-0.975229870942967,-0.45013364928200716,-0.1933317130986877,0.7995649955207057,-0.479256016286263,-1.179657497577314,-0.4735885708544361,0.41877375333462974,0.5459375446784017,-0.39088793034569863
CSO-11-5A-MDVOSPE,0.0,1.6265211767592234,0.0,0.0,-0.399340810760622,-0.9055122804812693,-0.399340810760622,-0.11165812639718936,0.5129402512418865,-0.4111285590644039,-1.295001439580341,-0.6853269847769925,0.4735620858754024,0.4912161199995793,-0.24838091058870862
CSO-11-5A-MTAGA,0.0,1.601182347725007,0.0,0.0,-0.2010061242251999,-0.9193406715376218,-0.2010061242251999,-0.031034667269676134,-0.02941804647729836,-0.20505226663430406,-1.2721031825249598,-0.2948879512214526,-0.3606052668364689,-0.37974206207648475,-0.08491803742061431
CSO-11-6A-CAPAMU,0.0,1.3214226944943381,0.0,0.0,-0.384200602053283,-0.9570927152572959,-0.384200602053283,-0.09560914158781977,0.6342378121956352,-0.40094185911975433,-1.066469903583237,-0.2813680278749286,0.332999863261516,0.3886643596292487,-0.21416061128975789
CSO-11-6A-DSCACH,0.0,0.9672493554462631,0.0,0.0,-0.2178639635393651,-0.793966543910028,-0.2178639635393651,-0.03318294240302034,0.8219778415115137,-0.22064963568924179,-0.8979680641138664,0.3742409906862182,0.3654030660128079,0.3552395204868763,-0.08782628390049367
CSO-11-6A-EROMO,0.0,1.3769756159095403,0.0,0.0,-0.41028266739210767,-0.9800538121930439,-0.41028266739210767,-0.1479083868746827,0.9659353846218556,-0.4354254880808946,-1.1375935650718987,-0.4893873048872238,0.7266141473973541,0.8343827067724627,-0.2978985250742582
CSO-11-6A-FSOVRE,0.0,1.4974726755773575,0.0,0.0,-0.3216668856919482,-0.9866766236276615,-0.3216668856919482,-0.07057402101500354,0.6203574202561634,-0.328037717076721,-1.2077695365236754,-0.37600102361291116,0.3509088842656171,0.4088812931780622,-0.1764772208624399
CSO-11-6B-ANREVA,0.0,1.1618792221962704,0.0,0.0,-0.4230962628036356,-0.9328423668775472,-0.4230962628036356,-0.1576610200255651,0.954708349491423,-0.4483637399303895,-1.0404944707879877,-0.33200890485837165,0.2930617790019203,0.6375323306855738,-0.3011196388495657
CSO-11-6B-DISEMO,0.0,1.3545647375627385,0.0,0.0,-0.30090732270547843,-0.9822286543393627,-0.30090732270547843,-0.021536524612697405,0.6713416293107095,-0.30156120334198394,-1.1130859826885087,-0.25571359241736025,0.3728782642420637,0.45217949203080254,-0.08475058268080682
CSO-11-6B-LHFDLACH,0.0,1.319235828625982,0.0,0.0,-0.4013662872543252,-0.9481703187052554,-0.4013662872543252,-0.11130620251138285,0.8707366104450807,-0.4081751249495154,-1.101778423299214,-0.4093227376379228,0.6930862577163059,0.7277574583606519,-0.24267685601715158
CSO-11-6B-RJGIHE,0.0,1.3187324533489193,0.0,0.0,-0.1484376856494421,-0.795532470896795,-0.1484376856494421,-0.04279518425799627,0.3365095812204906,-0.1564323746586385,-1.1383184558161556,0.07578752306233588,-0.15440994324766205,-0.1757694423793799,-0.0801791784057412
CSO-11-6B-SFLVA,0.0,1.3679731115388083,0.0,0.0,-0.5762656992108232,-1.066678813762383,-0.5762656992108232,-0.3012660451122324,0.6304912227845082,-0.6178959548925053,-1.1259174168608905,-0.4791429351240175,0.3699444788778342,0.23491319498176802,-0.5858916871360078
CSO-11-6B-VCOMA,0.0,1.2650692595057984,0.0,0.0,-0.210683162254954,-1.0170317315735946,-0.210683162254954,-0.05316059888731575,0.7536528824420824,-0.22066604596037384,-1.0994131299283916,0.23485306344291046,0.25044482409348984,0.25437080460972267,0.0684090298970406
CSO-12-6A-DGISE,0.0,1.4905725839892532,0.0,0.0,-0.23669577790053326,-0.8960731469729168,-0.23669577790053326,-0.06184278766450617,0.08780574020533133,-0.2439853166884859,-1.2192693365538028,-0.31889192134974853,-0.15616980894589494,-0.18850233108361208,-0.12354045023784424
CSO-12-6A-FJOVRE,0.0,1.2871945665451054,0.0,0.0,-0.32794936339129266,-1.0036097152621823,-0.32794936339129266,-0.10158781906956442,1.0010046805506283,-0.34284174662363204,-1.090313505603588,-0.20925934449465533,0.7074689453867682,0.7516020857293026,-0.21804801489110015
CSO-12-6B-GQULO,0.0,1.2238419824205684,0.0,0.0,-0.4616480139930469,-0.6054202000073567,-0.4616480139930469,-0.17267090977876517,0.7631646962837406,-0.48394152890345277,-1.046072357828753,-0.4634632403311292,0.4233334652228985,0.5931956190054548,-0.34986529646568215
CSO-12-6B-LJHEFE,0.0,1.4504870819084192,0.0,0.0,-0.3461895515230911,-0.9359779719881316,-0.3461895515230911,-0.1182651702785674,0.6914447425528113,-0.35976647975548526,-1.209653325108846,-0.42521714296928653,-0.2982902684903007,0.009295917835415153,-0.2255331783093908
CSO-12-6B-VPAMA,0.0,0.9575671062473465,0.0,0.0,-0.2596263780701989,-1.0001379463448885,-0.2596263780701989,-0.025125945381480306,1.1706485822637087,-0.26038923881278847,-0.928796211425076,0.28773795413362113,0.893759570608216,0.8833389934937976,-0.06316139407998891
CSO-12-7A-DALRE,0.0,1.2698018993131217,0.0,0.0,-0.3550810235437986,-1.07200933494131,-0.3550810235437986,-0.11033616890151747,0.9852394843298143,-0.3709006448358229,-1.0701954898060244,-0.07764436977322012,0.42516036186021366,0.5468250936710949,-0.02379459798491949
CSO-12-7A-ESALA,0.0,1.483995955195482,0.0,0.0,-0.2664596463414805,-0.8793577252666542,-0.2664596463414805,-0.021536524612697405,0.131250346249307,-0.26711352697798596,-1.180433525504745,-0.49328219214412333,-0.09614569399887678,-0.10507761723980628,-0.05413833778284764
CSO-12-7A-IMERO,0.0,1.130176817798854,0.0,0.0,-0.2874435485034448,-0.9981873211105302,-0.2874435485034448,-0.053637875686328704,1.0205426747517772,-0.292173070700282,-1.0071663879127057,0.03581743676186142,0.7703167505095866,0.7728049684184498,-0.1260556886380349
CSO-12-7A-JHEZA,0.0,1.1335928270795494,0.0,0.0,-0.0832558719589877,-0.9917384988225185,-0.0832558719589877,0.0,0.8848898841223167,-0.08325587195898779,-1.0477888266244992,0.6174440843975512,0.1686032427415537,0.1640466809772222,-0.01785714285714286
CSO-12-7A-LSARAR,0.0,1.4492867529077793,0.0,0.0,-0.45356858724200816,-1.0450473633193373,-0.45356858724200816,-0.17386278091416071,0.6832212878355184,-0.48412978959315967,-1.1743132153336677,-0.441140439390278,0.3681968527787922,0.3567522110693605,-0.35429496635329477
CSO-12-7A-SCAHO,0.0,1.5678329845471475,0.0,0.0,-0.2982150056045673,-0.902748831250542,-0.2982150056045673,-0.04148826065021154,0.3115987964919796,-0.3015703959562075,-1.2541156483256404,-0.4353214340417252,0.08159823571386572,0.13737551876944057,-0.11042680922664988
CSO-12-7B-DVAGRO,0.0,0.8762172656873731,0.0,0.0,-0.2992829902741153,-0.49784456264493154,-0.2992829902741153,-0.01747891852624717,0.46869136665867617,-0.29966109087321335,-0.7604582439510397,0.1491202217116604,0.10129718416326323,0.09597885442579157,-0.0718135636401013
CSO-12-7B-SMUGU,0.0,0.8059394646466936,0.0,0.0,-0.3531370811850716,-0.6822414759229013,-0.3531370811850716,-0.08464685566019008,1.005444973588993,-0.3703067180616521,-0.7924002200244488,0.2610703595975783,0.5471148314691332,0.6571481086660236,-0.0972964467038395
CSO-12-7B-SSARA,0.0,0.9468824889000137,0.0,0.0,-0.32458239906819786,-0.32424014124246214,-0.32458239906819786,-0.08151730254394417,0.1927819045247292,-0.33391205215776365,-0.8008004144757135,-0.36882202814053966,-0.035051141242223235,0.00617566627258116,-0.20279846099201132
CSO-12-7B-VHOMA,0.0,1.010410407719121,0.0,0.0,-0.2626544031482478,-1.014812133485176,-0.2626544031482478,-0.04038008621168038,1.2245235058483819,-0.2671716070906356,-0.9720385997763181,0.2642319404490405,0.8310571071294459,0.8723448395243641,-0.08560385508079299
CSO-12-8A-YTOME,0.0,1.3537581629275934,0.0,0.0,-0.3833589093921236,-0.47875723142270143,-0.3833589093921236,-0.15121114715219516,-0.19541056015727185,-0.40165808803924136,-1.1181294734599905,-0.6157431321236357,-0.4459519198659437,-0.29602734042071266,-0.33655435197332745
CSO-13-6A-ANASA,0.0,1.39517831515925,0.0,0.0,-0.3767461971536106,-1.0122725170695908,-0.3767461971536106,-0.1276287952841931,0.6981390291725117,-0.3933477625064911,-1.1747036940008873,-0.3404722444768788,0.3278403873674959,0.3689259354254838,-0.2626270379470297
CSO-13-6B-JETAVE,0.0,1.2943042355518886,0.0,0.0,-0.39520321465527825,-0.9741086389603031,-0.39520321465527825,-0.13634012686466201,0.9894648084224744,-0.4176084776445507,-1.0900091652484585,-0.44269231450755003,1.0458427548393383,1.0102806639623425,-0.27155550990472177
CSO-13-6B-LFMIES,0.0,1.4122648648692917,0.0,0.0,-0.29862720859908726,-0.943714332056394,-0.29862720859908726,-0.09243891183019477,0.637323055394209,-0.3139952397284347,-1.1594394834715924,-0.3792272305638882,0.04183063200882442,0.19698006829220846,-0.18082904506761224
CSO-13-6B-LJMAHU,0.0,1.4817509239206563,0.0,0.0,-0.2366230200075711,-0.9597104662330438,-0.2366230200075711,-0.03268772051228788,0.44679552132098366,-0.23880664544684732,-1.2214583111365092,-0.1537505951098928,0.050176152213060835,0.10650065939416141,-0.096742687023393
CSO-13-7A-CAPAMU,0.0,1.4996458597517728,0.0,0.0,-0.21557378344339587,-0.8877563237157254,-0.21557378344339587,-0.04052052783412503,0.24585641926327345,-0.21945788730225368,-1.1847211879502328,-0.17181576365696252,-0.19717167378252984,-0.17936856479555335,-0.11173956448330727
CSO-13-7A-CDDITR,0.0,0.9801960588196069,0.0,0.0,-0.08789038116383155,-0.9864548124100652,-0.08789038116383155,0.0,1.0451441036021458,-0.08789038116383163,-0.9801960588196068,0.7474786347063798,0.3227486121839514,0.32274861218395134,0.0
CSO-13-7A-JJATFL,0.0,1.4846757398044355,0.0,0.0,-0.3743679194395949,-1.012128222408361,-0.3743679194395949,-0.10799000671497283,0.5899179302626808,-0.3927528356560845,-1.177833384229989,-0.4579285804781696,0.39131838466309754,0.40060380708312676,-0.03647849738312392
CSO-13-7A-KRAMA,0.0,1.1886222420975143,0.0,0.0,-0.517974958346777,-1.027836606914305,-0.517974958346777,-0.2415624612563259,0.39106016641901764,-0.5699225888824294,-1.0343216987925612,-0.3419481025664079,-0.019001984763445775,0.0015045022624337301,-0.4560254664706523
CSO-13-7A-RXCHLU,0.0,0.9775358604639427,0.0,0.0,0.21812038723855728,-0.6922786055417021,0.21812038723855728,-0.18133233608819027,0.40213013264520536,0.027454817038541374,-0.7871042070991436,-0.4588606374987749,-0.17446525316767844,0.13342090937035367,-0.3691638145588942
CSO-13-7A-YAMEZA,0.0,1.2446568748591784,0.0,0.0,-0.4291201631876138,-1.0084481561180179,-0.4291201631876138,-0.1264568040072924,1.0183895784203612,-0.4427097124274333,-1.092739912289503,-0.29764691692119716,0.6570440444955304,0.8098400432868578,-0.12838642914232073
CSO-13-7A-YBOSO,0.0,1.3323473078642887,0.0,0.0,-0.17830095812044283,-0.9114109052782328,-0.17830095812044283,0.0,0.40882591069614294,-0.178300958120443,-1.1446250348929867,-0.005902575124911632,-0.03415401030806621,-0.03415401030806601,0.0
CSO-13-8A-KIGAGU,0.0,0.6297996748996822,0.0,0.0,-0.5839599581921697,-0.41252812752233115,-0.5839599581921697,-0.1526498355742294,0.960358726164076,-0.6034250795338374,-0.5983246409689036,-0.0038397254967897226,1.1048814687191277,1.0323181912267345,-0.3725602166478514
CSO-13-8A-MBUAN,0.0,1.6001237979632652,0.0,0.0,-0.18956222561204134,-0.9280022535869594,-0.18956222561204134,-0.12140987698979781,0.23210285658334245,-0.2898712507608747,-1.2278366730605685,-0.5491443111949671,0.12211871511237848,0.1240457659004644,-0.11793640087009752
CSO-13-8A-MGAAN,0.0,1.0143783608902108,0.0,0.0,-0.37524163123408016,-0.591069518296582,-0.37524163123408016,-0.05601675208634744,0.8189470200727252,-0.3795651336226775,-0.9450844873095535,-0.3081281604620232,0.4889758826542338,0.6147859461489545,-0.1270995808007371
CSO-13-8A-MGAHE,0.0,0.9979865259075137,0.0,0.0,-0.37749106727451126,-0.8986735250072699,-0.37749106727451126,-0.10505910131970247,1.1632567039642594,-0.39290351834343196,-0.9132856644873749,-0.013453704167150228,0.7440005148549599,0.83066928646166,-0.20278504769745062
CSO-13-8A-MJAGA,0.0,1.3058161788129934,0.0,0.0,-0.27052006047865823,-0.5105610020456037,-0.27052006047865823,-0.026919334112857657,-0.050147916877130196,-0.27259370521144216,-1.1096933473121167,-0.37969096817751097,-0.27821856365526504,-0.2845777418281527,-0.07046381176357565
CSO-13-8A-VHODU,0.0,0.971805766112863,0.0,0.0,-0.5699987649764606,-0.4862722197197842,-0.5699987649764606,-0.2614566259493342,1.185178661622047,-0.6100399199761487,-0.9221369414018683,-0.3171311530961323,0.7389989834030601,0.8252345521004308,-0.4937028950126209
CSO-13-8B-FCJISA,0.0,0.9801960588196068,0.0,0.0,0.0,-0.9801960588196068,0.0,0.0,0.9801960588196068,0.0,-0.9801960588196068,0.9801960588196068,0.0,0.0,0.0
CSO-13-8B-JEMABE,0.0,1.617759975588351,0.0,0.0,-0.4234167372812874,-0.960479657608362,-0.4234167372812874,-0.19072021944755813,0.914596074310244,-0.45477899528856747,-1.339004971173777,-0.6757541338528236,0.31104226846318267,0.5498557064979782,-0.3667845878498359
CSO-13-9B-DMLLLU,0.0,1.436064226810348,0.0,0.0,-0.23810347480799104,-0.9274715235494732,-0.23810347480799104,-0.03768706775800072,0.37941544730437426,-0.2410065774338884,-1.1614922627091206,-0.25340608251934654,0.09766681193481551,0.07395201142306061,-0.0986493364690059
CSO-14-7A-MVEBE,0.0,1.3323754843571094,0.0,0.0,-0.4116287396376004,-0.9556210931166179,-0.4116287396376004,-0.11795922269032319,0.8953296742947737,-0.4250161746201905,-1.1495904003674033,-0.4706535995513856,0.7625478745860446,0.8695894729829955,-0.23193414225595868
CSO-14-7B-EALHU,0.0,1.0041393961508833,0.0,0.0,-0.1971798493565826,-0.8924623973165825,-0.1971798493565826,-0.02969261698336787,0.888912633549738,-0.19968033160874565,-0.9240732033898484,0.30984054733760413,0.45172484549928693,0.4648748260096146,-0.07511828620014378
CSO-14-7B-EVEGO,0.0,1.5371268044922108,0.0,0.0,-0.21950882883677988,-0.9043659926712783,-0.21950882883677988,-0.01451639052520207,0.18572906488054772,-0.2214059761443499,-1.2157826642093,-0.2877200602894432,-0.1080873278690877,-0.12085994689202251,-0.0588654769051242
CSO-14-8A-AQUMA,0.0,1.2689429167206756,0.0,0.0,-0.2807974735658567,-1.0107588921292643,-0.2807974735658567,0.0,0.8924875579059393,-0.28079747356585694,-1.1074295040994044,-0.031173432958230215,0.7730159094202678,0.7644388519815261,-0.033613445378151266
CSO-14-8A-MCIDOS,0.0,1.0838122334599543,0.0,0.0,-0.43763997208577965,-1.1740448755969812,-0.43763997208577965,-0.18401786133176387,0.9617496755470943,-0.45971840587168583,-0.9523290535755934,0.217289039264798,0.3035160824497375,0.20254747395210762,-0.40529097481220816
CSO-14-8A-SZARA,0.0,1.4870631109170276,0.0,0.0,-0.3232969759181721,-1.038285451812776,-0.3232969759181721,-0.07888446833732307,0.9028218328174682,-0.3353384235449215,-1.217513583920394,-0.30576754586993654,0.9232147801775359,0.8704982513726902,-0.18730765732496688
CSO-14-8B-JLLORA,0.0,1.4631961124816475,0.0,0.0,-0.2956542901338393,-0.9105050017797808,-0.2956542901338393,-0.05630253930171138,0.4918656142318771,-0.29987733002739453,-1.2171841223140352,-0.33200093071805054,0.2221521913533447,0.26375803727687036,-0.1273226473014054
CSO-14-9A-AEDCAGO,0.0,1.239135704603501,0.0,0.0,-0.39327270353550026,-1.0246918884792462,-0.39327270353550026,-0.11702604744669785,1.1215749910185246,-0.41360397835414936,-1.0661818008266744,-0.281709478204234,0.7749132911188824,0.9044574742993425,-0.16536817062196996
CSO-14-9A-HASACA,0.0,1.3014083498087017,0.0,0.0,-0.38501532220447376,-0.9323258358162595,-0.38501532220447376,-0.07562547030165229,0.9888925273517503,-0.39913678494123495,-1.1139740102467375,-0.3435276443567422,1.1474964722903218,1.1061317132883313,-0.16884247667172864
CSO-14-9A-JSMAAL,0.0,0.8340337256995685,0.0,0.0,-0.4445227504721133,-0.5292378405471876,-0.4445227504721133,-0.14981693785553613,0.7773243189037767,-0.4744705753521643,-0.7289806561823017,-0.15162973399082053,0.3742783969380076,0.4272102197188106,-0.21783416168682007
CSO-14-9A-MARJA,0.0,1.0218463586607407,0.0,0.0,-0.3476932136404976,-0.6339063956550077,-0.3476932136404976,-0.09200922209228364,0.7086091330124421,-0.36431032481497816,-0.9062109174966443,-0.09971662440364053,0.5792221312584792,0.5810996970168805,-0.219622458265845
CSO-14-9A-SORZU,0.0,1.2318606803645127,0.0,0.0,-0.27817276680257247,-0.9487626783105466,-0.27817276680257247,-0.02068977817978409,0.597105792334693,-0.2808701950753087,-1.1028014316344377,-0.09145348866469337,0.45318978784881414,0.44472045307484087,-0.039805302258000566
CSO-14-9B-ERAGA,0.0,1.283936234371642,0.0,0.0,-0.2004121405154871,-0.9665569408155481,-0.2004121405154871,-0.0370566916192174,0.6199977884361314,-0.20427354629551062,-1.127532372026193,0.14929785799331574,0.11284773973769431,0.16602788251290235,-0.0899037995469616
CSO-14-9B-MFEGA,0.0,1.1636749048072532,0.0,0.0,-0.30826797479349094,-0.5463960394821593,-0.30826797479349094,-0.016750630254320203,0.0089910797140574,-0.30858157872731856,-0.9196359499445611,-0.25818384316805093,-0.2956157845332735,-0.2956157845332731,-0.05391638660171921
CSO-15-10A-LJRAGU,0.0,1.458826462359126,0.0,0.0,-0.34443849182508357,-0.6419634499527332,-0.34443849182508357,-0.3308903055688539,0.622277583385167,-0.4744146676538203,-1.2536326954438668,-0.8529816656817494,0.18371696805719914,0.43456807821300414,-0.5089846547122341
CSO-15-10A-MAARLO,0.0,0.6497198743700535,0.0,0.0,-0.6270912394027278,-0.7017747815095321,-0.6270912394027278,-0.3193898273104005,0.8573744370107389,-0.6902454639942222,-0.6234020425101846,0.31168928166786364,0.33010512871918757,0.09846957513216174,-0.6287778197010253
CSO-15-10A-SFEGA,0.0,1.0653572623667376,0.0,0.0,-0.2931128049426919,-0.9936708750338141,-0.2931128049426919,-0.1681737297886753,1.2955549885951114,-0.3271125482269113,-0.9977526524225212,0.269295480933656,0.2810070972218396,0.3960129350268735,-0.2003377393701922
CSO-15-10B-MEBUAR,0.0,0.9232088600436708,0.0,0.0,-0.1481703742255544,-0.7612484703817245,-0.1481703742255544,0.0,0.6631721133457928,-0.14817037422555449,-0.8393152948032574,0.3142587500065675,0.2556181452801321,0.25258043743724445,-0.011904761904761906
CSO-15-10B-YVBUAN,0.0,0.9340559716492017,0.0,0.0,-0.3529564198640699,-1.0274762384552834,-0.3529564198640699,-0.13090060846230478,0.7666756161505639,-0.38121177951673874,-0.8637272938545857,0.27457371690632004,-0.056331101557608086,0.05087563439870981,-0.2722807150505624
CSO-15-10C-ALBAHO,0.0,0.9620928967617987,0.0,0.0,-0.3014508423642461,-1.0028255726696544,-0.3014508423642461,-0.020100756305184247,1.2018359920095965,-0.3020611309583179,-0.939076180903982,0.17799765601670944,0.8819045103708639,0.9632094884632837,-0.050529115263991134
CSO-15-10C-SSCAMO,0.0,1.115149040649213,0.0,0.0,-0.177693230484478,-0.9571740239578228,-0.177693230484478,-0.02955993574291801,0.7872432685254955,-0.17859071371105392,-0.9951695332597097,0.26796555797073485,-0.0467257013011258,0.09920557230065495,-0.07430752244704578
CSO-15-11C-JETALO,0.0,1.0938008133137391,0.0,0.0,-0.35938827184653327,-0.730396053978785,-0.35938827184653327,-0.06237910534130319,0.8343487186478388,-0.36370821784470453,-0.976149145234755,-0.23152155068653132,0.5951378354605252,0.6840564120961855,-0.14742547445340257
CSO-15-7B-JCRAGA,0.0,0.9530413157328944,0.0,0.0,-0.24123934875317338,-0.9991193209775782,-0.24123934875317338,-0.03015113445777637,1.156780651126498,-0.2421547816442809,-0.9185162419461698,0.33542027248700557,0.8143125949826981,0.8018079024453961,-0.0757936728959867
CSO-15-8A-VBMABR,0.0,1.5578419450646501,0.0,0.0,-0.2648718092234183,-0.9118561688745306,-0.2648718092234183,-0.11841371519740533,0.5719405015087496,-0.2858463846482301,-1.2904920851942574,-0.31348851971576847,-0.01642148132660943,0.11959025857696398,-0.21872888911829474
CSO-15-8B-KEPOGO,0.0,1.8098212651991203,0.0,0.0,-0.3058066223539248,-0.847494639738283,-0.3058066223539248,-0.09295323014071458,-0.26055821184971706,-0.3143995226666597,-1.3824145622432384,-0.8006358572144178,-0.20980926556982507,-0.27451671044460224,-0.20368189391223002
CSO-15-9B-ALRIHE,0.0,1.2062701935680678,0.0,0.0,-0.29903430582581564,-0.8339707818708186,-0.29903430582581564,-0.039480985150583715,0.6198248513163565,-0.30266211634080403,-1.0129988367444687,-0.19941328969609787,0.3077943295146505,0.4380201463678351,-0.11834987077158202
CSO-15-9B-AMSAGO,0.0,1.2958908968648795,0.0,0.0,-0.24221938607832605,-0.9434424480042155,-0.24221938607832605,-0.11253329726383397,0.8442931755441262,-0.26798984452722896,-1.1274266475629968,0.03859128332310538,0.16573925167673315,0.24193326437982293,-0.20804137649726137
CSO-15-9B-JCAPA,0.0,1.6290602039138509,0.0,0.0,-0.3203535004533135,-0.7060446027762542,-0.3203535004533135,-0.02152116484612021,-0.005720053416076704,-0.32248795699306676,-1.196097568845713,-0.6076396007917877,-0.04729727608267252,-0.07260516358249837,-0.13265753971130775
CSO-15-9B-KSBEJA,0.0,1.2459524371841728,0.0,0.0,-0.3440151495359863,-0.9878009790513239,-0.3440151495359863,-0.09368000486242554,0.9806887182283656,-0.35379323710120564,-1.0772083197421267,-0.20156390649587402,0.1819033886397262,0.5034984734035436,-0.20128088702477454
CSO-15-9B-RMCHLU,0.0,1.116448564743342,0.0,0.0,-0.4269239334128318,-0.699686210439165,-0.4269239334128318,-0.13616553467784112,0.766544925909728,-0.44076667645713447,-0.9663246821699718,-0.33556988616024686,0.7880466948791451,0.7644298664268068,-0.1600553203047792
CSO-15-9B-SJAGRO,0.0,1.8529384590609685,0.0,0.0,-0.25886956823577056,-0.895615657816169,-0.25886956823577056,-0.05024660415090421,-0.13368717164045593,-0.2675891097047766,-1.3922191789351068,-0.7527484745720747,-0.398780386809113,-0.3380714890930326,-0.1323867254193584
CSO-16-10A-JEGAHE,0.0,1.4716810971263807,0.0,0.0,-0.26558022040179213,-0.9152827423705079,-0.26558022040179213,-0.014042091062371156,0.521263049366735,-0.2686760984390735,-1.1984306568842258,-0.2759635977536837,0.3890596769250661,0.3701045973031544,-0.06670327382919074
CSO-16-10A-MSACO,0.0,1.397527336671715,0.0,0.0,-0.09905883617231882,-0.8610529541817146,-0.09905883617231882,-0.05004666358754926,0.27020767891413267,-0.12607691063732812,-1.07197966946328,-0.3665841554925814,0.18379061847688288,0.15929915612799952,-0.16237037934604862
CSO-16-10A-SARI,0.0,1.3766928684841775,0.0,0.0,-0.3773847981010485,-0.9408841497245178,-0.3773847981010485,-0.06990835116465391,0.4929884028792414,-0.38660186483087383,-1.1046824095202081,-0.47921868177186294,0.4810968184180501,0.49190771581494397,-0.017930485840207896
CSO-16-10A-SMOUT,0.0,1.428752074660924,0.0,0.0,-0.4165854362396212,-0.9626787754683883,-0.4165854362396212,-0.18896487612639462,0.9342321614799228,-0.43785711483547124,-1.2210497608940276,-0.4150351476284156,0.5323117596505842,0.5891230485634541,-0.35382349654310696
CSO-16-10A-YKMUJO,0.0,1.603619712237347,0.0,0.0,-0.3730871954918832,-0.8968998729978257,-0.3730871954918832,-0.116867373291979,0.3447715652189503,-0.3900546725592013,-1.2517076411623005,-0.7711239413128732,0.30642123327141246,0.3244977933356822,-0.24043405248098948
CSO-16-10B-JESUGU,0.0,0.940595391818151,0.0,0.0,-0.3078621930164621,-1.0046631060047526,-0.3078621930164621,-0.043970404417590536,1.2052412335425535,-0.3091971993159938,-0.8902463258791778,0.15625674914117682,1.0261648949244588,1.007928884974227,-0.1105324396399806
CSO-16-10B-LTVIFA,0.0,1.2652663898520535,0.0,0.0,-0.2502802641266238,-0.9680601342377244,-0.2502802641266238,-0.021994634359765532,0.7461410075800678,-0.25292277664827084,-1.101423002438359,-0.03752787512234427,0.4129346541060632,0.4362034007899858,-0.05527177643184186
CSO-16-10B-VVILI,0.0,1.0357945307855583,0.0,0.0,-0.3756822404568647,-1.0631459213556946,-0.3756822404568647,-0.13374085192191412,1.3097327968501085,-0.3934206055169138,-0.9711514801908988,0.10498518648038585,0.7431431177112731,0.8607410554317021,-0.26258752431883314
CSO-16-10C-ACALGU,0.0,1.5714028474355344,0.0,0.0,-0.2671429137108748,-0.9233495227435117,-0.2671429137108748,-0.06678827010845363,0.2886629826794202,-0.27978944921387394,-1.249187740609506,-0.4243899293950302,-0.24198138014141876,-0.11478721435700524,-0.14673802062382751
CSO-16-10C-MAVAVE,0.0,0.9818303988882746,0.0,0.0,-0.22490191649786645,-0.7658444087635006,-0.22490191649786645,-0.0433490826424684,0.8741324805512315,-0.23147371434788214,-0.918771830197767,0.23718930051930087,0.41483664279211535,0.4132071734439826,-0.09044079879406948
CSO-16-11A-JAVABO,0.0,1.1824135947876013,0.0,0.0,-0.3497507359990512,-0.9568836706938488,-0.3497507359990512,-0.12479229527406198,1.074069931896451,-0.3605253938909856,-1.0497485927817605,-0.1270935529790349,1.0783387494527275,1.000662131426345,-0.253049299170301
CSO-16-11A-JDMUVA,0.0,1.1327949334056358,0.0,0.0,-0.21788835838098905,-0.9604031646964114,-0.21788835838098905,0.0,0.8365191996181681,-0.21788835838098927,-1.0514486151180715,0.18053877219581896,0.5015977083608268,0.5015977083608268,0.0
CSO-16-11A-VZAOR,0.0,1.3099553067708083,0.0,0.0,-0.31789474665117173,-0.9526246799366669,-0.31789474665117173,-0.10986297645478943,0.37906544518237845,-0.3463758660783153,-1.1158688046213352,-0.16643604243261376,0.10601984404376219,0.009675623891721687,-0.211584882007647
CSO-16-11B-KRORE,0.0,1.2099101607788763,0.0,0.0,-0.3891133910289553,-0.8489282523533167,-0.3891133910289553,-0.15834628248987404,0.942134641034919,-0.42443686756757726,-1.003191040854806,-0.41973327352357637,0.7020392476638642,0.709685794349339,-0.3160731361597091
CSO-16-11B-LLOZA,0.0,1.6772798885838238,0.0,0.0,-0.3389597948505166,-0.9289000036430928,-0.3389597948505166,-0.08627346896930943,0.32290101428184154,-0.3516656343460114,-1.2830984946925292,-0.66434969825693,0.19173683736832134,0.20111181783697155,-0.20829800129275178
CSO-16-11B-YAROMO,0.0,0.9362602669408213,0.0,0.0,-0.2747105961439253,-0.7704024721894336,-0.2747105961439253,-0.09226832506693285,1.1149553380408537,-0.2877603321778653,-0.9018316294633303,0.28674494950383106,0.3922665411821649,0.562805494796168,-0.19629040722156002
CSO-16-9A-JALEMO,0.0,1.401137242073679,0.0,0.0,-0.1574414059767794,-0.9537686857210362,-0.1574414059767794,-0.014655259544013729,0.497990719048731,-0.15935208433663423,-1.1749783607112516,0.08053466473040265,0.028510785131388716,0.012657794938317368,-0.05200494624227422
CSO-16-9A-JPROSO,0.0,1.8131408455144167,0.0,0.0,-0.31266181275631844,-0.9179914353001367,-0.31266181275631844,-0.03908069211736995,0.028823979116039053,-0.3177569550492645,-1.3543695854424689,-0.7417637880699726,-0.07301115746142901,-0.036661301068931895,-0.13074334870955664
CSO-16-9A-JSMAGU,0.0,1.3910728993132009,0.0,0.0,-0.19353790791940312,-0.9059932458560441,-0.19353790791940312,-0.031383135122530596,0.405465620789801,-0.19940067985948057,-1.1628327092925932,-0.0643687615764888,-0.1831683407029745,-0.11188810233294344,-0.06832187368801974
CSO-16-9B-SJPAJI,0.0,0.8160820676366576,0.0,0.0,-0.49345062391171324,-0.5369676506775662,-0.49345062391171324,-0.16463331901940215,1.1402486166047103,-0.5195340482450351,-0.7544683550122314,-0.11567654473148896,0.07628167980026344,0.5544068507551698,-0.36335279785752256
CSO-17-10A-YVGOCA,0.0,1.1146103854499274,0.0,0.0,-0.5685475522127852,0.0010122187047086673,-0.5685475522127852,-0.2621522508578866,0.4203295736987269,-0.6128493881656332,-0.9912023566658718,-0.7547421941683171,0.044757427651231085,0.23036779333218602,-0.49684955812654924
CSO-17-10B-EHECO,0.0,1.1982295291648815,0.0,0.0,-0.18501270875988368,-0.7706949177399552,-0.18501270875988368,-0.05686004549700727,0.5302278495746938,-0.19567434643294723,-1.0367712424495201,0.2114278995664261,0.09197965620607573,0.06997163657984576,-0.13606501239645383
CSO-17-10B-YCQUVE,0.0,1.1690445343238647,0.0,0.0,-0.31014529506596733,-0.7590614431289295,-0.31014529506596733,-0.03900858028529383,0.5624144834162068,-0.3144334334077689,-0.9659036602851586,-0.10697148531436618,0.35903728883505615,0.33811034715561195,-0.10557110699608659
CSO-17-11A-DJAPA,0.0,1.0165328233944606,0.0,0.0,-0.4175473200298607,-0.8353652027015824,-0.4175473200298607,-0.10158713614814607,1.0228486922639415,-0.43160879554219944,-0.8935187364851578,-0.15938107491937425,0.8771600394981194,0.9436569967054694,-0.22591383655129416
CSO-17-11A-JDAMO,0.0,1.4570535559207982,0.0,0.0,-0.3625650798529476,-0.9764753690294535,-0.3625650798529476,-0.11886603399835415,0.4699148308155156,-0.37919366504179863,-1.194239876814164,-0.35214006244551266,-0.02304782267977627,0.009060468589319378,0.030087515117664738
CSO-17-11A-NPAHE,0.0,1.545085604680537,0.0,0.0,-0.41223618589886213,-0.9625603141390829,-0.41223618589886213,-0.17268546106425287,0.8266190811700267,-0.4465726890541886,-1.2423182393907348,-0.6874846152256775,0.23795566836610132,0.47971972455166584,-0.33531599270651424
CSO-17-11A-RLPAIG,0.0,1.386025842788732,0.0,0.0,-0.32177918469446504,-1.0016126224273854,-0.32177918469446504,-0.07911307109320136,0.8927833491730665,-0.33200547798192254,-1.1620872623120884,-0.2570277646705158,0.5303652431518249,0.6192692604191786,-0.1744300840493016
CSO-17-11A-SPUVA,0.0,0.9672652287783151,0.0,0.0,-0.11487588035865401,-0.9892071360376884,-0.11487588035865401,-0.014357683075131604,1.0642839599181264,-0.1153118007829909,-0.9508247174513035,0.6731599700897968,0.38776790237271336,0.38181328687876004,-0.03609222518856509
CSO-17-11B-CDBEBU,0.0,1.1518697927288892,0.0,0.0,-0.179206617305739,-0.9532349877381683,-0.179206617305739,0.0,0.769848558631084,-0.1792066173057392,-1.0603551846553796,0.2551196794527657,0.3222359627679667,0.32223596276796673,0.0
CSO-17-11C-JDAAG,0.0,1.4307253361181957,0.0,0.0,-0.21284138256801668,-0.9082709635853571,-0.21284138256801668,-0.039753210530616756,0.38189288500064256,-0.21715759504962334,-1.2143710354437054,-0.11764084552513575,0.05147651106518216,0.03987301459178393,-0.07293543145665957
CSO-17-11C-MAPAMA,0.0,1.2414923565759526,0.0,0.0,-0.3396414457494295,-0.942395259023686,-0.3396414457494295,-0.14468193152531986,0.9275339576155046,-0.3689314734197642,-1.0599668561460043,-0.2132445609668344,0.42758340737614065,0.5470534138131967,-0.278562212261892
CSO-17-11C-MCAAG,0.0,1.1100483200393643,0.0,0.0,-0.18725216325442995,-0.7541677858738342,-0.18725216325442995,-0.03688672173594038,0.3901489693420727,-0.19037333771384543,-0.9607650921592249,-0.07426910273722252,0.11360421274396494,0.11383564194448464,0.01708384798578555
CSO-17-11C-SARJA,0.0,1.1517215184487115,0.0,0.0,-0.32479379431397265,-0.9976401875520837,-0.32479379431397265,-0.1267001277750619,0.5527630300712778,-0.34545445211349657,-1.010012990525612,0.01714986406492882,-0.1185696525782775,-0.05969806662076077,0.15141890863746438
CSO-18-11A-ADBAHO,0.0,1.471570275136955,0.0,0.0,-0.2596715474295142,-0.7260160928986608,-0.2596715474295142,-0.04536675573996835,0.14093795027400288,-0.2654850782683261,-1.1658740352107169,-0.3018233858107054,-0.28556268376168953,-0.23241467456164347,-0.12111623710485618
CSO-18-11B-YLLRE,0.0,1.5309041695021965,0.0,0.0,-0.34719250315903016,-0.9296138254754297,-0.34719250315903016,-0.0792699036786631,0.5072207230158416,-0.3508799180134899,-1.2301680711520908,-0.5325160907632005,-0.13845665211752461,0.13603015893545642,-0.18512002369129532
CSO-18-9B-MAMOLO,0.0,1.1873524202572183,0.0,0.0,-0.37118109851901987,-0.9624487202469165,-0.37118109851901987,-0.11435535300733334,0.8727959235535139,-0.39006137116587447,-1.0101778634687584,-0.10435795005985976,0.5635283082552618,0.5827428446853733,-0.06454086173918289
CSO-8-3A-AIPRBR,0.0,1.2737134572258706,0.0,0.0,-0.36811241880497353,-1.0158523256456615,-0.36811241880497353,-0.04214855249372065,0.9961904232354849,-0.37332623781688706,-1.1033188042852682,-0.2693744564978158,1.0055351214967427,1.0335418551887128,-0.10918990487731463
CSO-8-3A-DAPAVA,0.0,0.9511985843986754,0.0,0.0,-0.41713040325182615,-0.624198922486967,-0.41713040325182615,-0.14578746646479804,1.06630608786002,-0.4426452571333687,-0.8716976219872107,-0.183043904320538,0.6372854281594962,0.7840092136714917,-0.3003394736066984
CSO-8-3A-KVPECO,0.0,1.2317229418744993,0.0,0.0,-0.3304354724977786,-0.9604352307038506,-0.3304354724977786,-0.02233417367242694,0.7471759254959566,-0.33111357093563615,-1.0595519441134844,-0.2594136017751635,0.40581512205823816,0.5439296479234211,-0.06407996934094252
CSO-8-4A-ARAGR,0.0,0.9801960588196071,0.0,0.0,-0.25390554558440226,-0.9982769025253755,-0.25390554558440226,0.0,1.1678237437469416,-0.2539055455844025,-0.9801960588196068,0.30790127804806217,0.9323848796425263,0.9323848796425261,0.0
CSO-8-4A-JRAAR,0.0,1.1677789952370876,0.0,0.0,-0.14646345902201546,-0.9841314520285122,-0.14646345902201546,-0.011823974297167203,0.8326260452527374,-0.1468224523126459,-1.0447725790262434,0.3774824076167586,0.11885244334646611,0.1887555016767407,-0.046529731667893946
CSO-9-2A-EXMOCO,0.0,1.1378400007208986,0.0,0.0,-0.31625221600041686,-0.7193957723183664,-0.31625221600041686,-0.1302470404747549,0.8437912594398421,-0.3352700136910324,-0.9802015605090892,-0.30224697440414283,0.7141267776501292,0.7678237230508664,-0.2966250130162393
CSO-9-4A-AGAPE,0.0,1.1335928270795497,0.0,0.0,-0.17114625312281925,-0.997997252412977,-0.17114625312281925,0.0,0.9498379289048556,-0.17114625312281942,-1.0477888266244992,0.3847266602843241,0.49135185492550515,0.48679529316117354,-0.01785714285714286
CSO-9-4A-DKVIMO,0.0,1.2643992188798598,0.0,0.0,-0.2620647461620673,-0.9169394117687184,-0.2620647461620673,-0.0625000834152141,0.6323317489980234,-0.2723409551944794,-1.0930771901224565,-0.05219703321537489,0.10616508435984885,0.18290755124303532,-0.12898252741106916
CSO-9-4A-DSMOMU,0.0,1.067395415725909,0.0,0.0,-0.05754353342621732,-0.9641172594421935,-0.05754353342621732,0.0,0.8486107718225646,-0.05754353342621738,-1.0209118052758723,0.7005575515018057,0.04072355739936667,0.040723557399366714,0.0
CSO-9-4A-DVGATO,0.0,1.5039712607711804,0.0,0.0,-0.15105674866868138,-0.9215093722224054,-0.15105674866868138,0.0,0.2615868803097531,-0.15105674866868155,-1.2003311349013062,0.011171585395167287,-0.22902050823748216,-0.23879875336710407,-0.04081632653061225
CSO-9-4A-EGCAMO,0.0,1.0969033661416177,0.0,0.0,-0.5268660631313687,-1.1165392562527052,-0.5268660631313687,-0.25938446137841126,1.2426397410006185,-0.5689728444946959,-0.9563200877884155,-0.14334182748952198,0.3197306498564153,0.5332592070907731,-0.06313444105955654
CSO-9-4A-FAGIGA,0.0,1.2526425504074619,0.0,0.0,-0.292195249878085,-0.3482272150936989,-0.292195249878085,-0.026801008406912328,-0.14559279906472164,-0.29300896800351395,-0.9941839047251941,-0.6524012190254318,-0.3128794089590245,-0.32068603896981945,-0.07218445037713019
CSO-9-4A-GSBRCO,0.0,1.7001805464982949,0.0,0.0,-0.3225383476308674,-0.9819678301336731,-0.3225383476308674,-0.06691260430577332,0.4048297108674214,-0.33425836493800193,-1.2955531391415354,-0.6208799502337533,0.39058223882195103,0.3769817737972705,-0.18355315536897
CSO-9-4A-KEMOCO,0.0,1.6534302829420007,0.0,0.0,-0.36429286900265456,-0.551343566697304,-0.36429286900265456,-0.1285822496207534,0.055247429692190805,-0.38180231584234153,-1.303666429313393,-0.7952162837700081,-0.39447069433500676,-0.2608121851204404,-0.2638292206180065
CSO-9-4A-LCOMO,0.0,0.1558230256125143,0.0,0.0,-0.3771413648793765,0.01892608995969626,-0.3771413648793765,-0.008375315127160101,0.25576730484251536,-0.3773956517935728,-0.14623272733842418,0.2877221258468774,-0.11246764716415161,-0.11364620185668736,-0.022967779665450515
CSO-9-4A-MLORO,0.0,0.9756702683051548,0.0,0.0,-0.09294078682382782,-0.9871051880002104,-0.09294078682382782,-0.005025189076296061,1.048595651073612,-0.0930933589723458,-0.9699160893407006,0.7331029732962371,0.32936793314082047,0.3272838177179368,-0.012632278815997783
CSO-9-4A-MPAME,0.0,0.9701387465652691,0.0,0.0,-0.2065350818307285,-0.9955496792209482,-0.2065350818307285,-0.01116708683621347,1.1321951527173963,-0.20687413104965732,-0.9573516821998153,0.4311003132121185,0.7319287403129344,0.7272973727065263,-0.028071730702217294
CSO-9-4A-NSARPA,0.0,0.9532430212124521,0.0,0.0,-0.4709770765658698,-0.8249735879867673,-0.4709770765658698,-0.15150703946367172,1.329654881169295,-0.49451769075052054,-0.8531817275052329,-0.22995653962536178,0.5394983623023017,0.9183524503038759,-0.3158743983125049
CSO-9-4A-SLOCA,0.0,1.7534736001977136,0.0,0.0,-0.40716005855023985,-0.8816791110123084,-0.40716005855023985,-0.18361812538892092,0.44781237382685213,-0.43758808645187003,-1.412449968356741,-0.8443823220428411,0.15534558458964923,0.35020932485393624,-0.3582562124167293
CSO-9-4A-YVDITR,0.0,0.9801960588196073,0.0,0.0,-0.2929679372127718,-1.0010585707878015,-0.2929679372127718,0.0,1.19668954142807,-0.2929679372127721,-0.9801960588196067,0.20447131177551683,1.075828707279838,1.0758287072798378,0.0
