file,z_wc,z_nodes,z_edges,z_re,z_pe,z_l1,z_l2,z_l3,z_lcc,z_lsc,z_atd,z_density,z_diameter,z_asp,z_cc
CDMS-10-4A-JURAN-CorrEtiq.txt,0.0,0.0,0.0,0.0,-0.6391014819458268,-0.7466990244997632,-0.6391014819458268,-0.010977087289206652,0.0,0.3530315402858191,0.0,0.058621038176056135,-0.3258336978851281,-0.32502340349577136,-0.14758010685702583
CDMS-10-5A-HEPIHO-CorrEtiq.txt,0.0,0.0,0.0,-0.10050378152592122,-0.4936258837698759,-0.6882472016116853,-0.5025608681265277,-0.36927447293799814,0.0,0.4289608992006674,0.0,0.30575134299463175,-0.29924904595286106,-0.32971768705994753,-0.3938304773786911
CDMS-10-5A-KSRAGU-CorrEtiq.txt,0.0,0.0,0.0,2.2951702045395823,-0.7002607630037838,-0.5329783129968493,-0.7007038798978619,-0.8425339678340936,0.0,0.3152825899988867,0.0,-0.4587843265829645,-0.20251208482471678,0.0059170941585052865,-0.5828291153713641
CDMS-10-5A-SROPU-CorrEtiq.txt,0.0,0.0,0.0,3.2864561365103877,0.11517184622813062,-0.8014795324000772,0.12598815766974236,-0.644278153923165,0.0,0.02934836354418788,0.0,-1.1015056712578348,0.5151693014035738,0.7023015209875256,-0.331377770199222
CDMS-10-5A-SZURO-CorrEtiq.txt,0.0,0.0,0.0,2.7255472595829286,-0.6789775554775247,-0.7323338372368241,-0.6789775554775247,-0.5923326576882296,0.0,0.16944357341959002,0.0,-0.31202395986284337,-0.14991785532890856,-0.17810138985771717,-0.6012207633218796
CDMS-10-5B-SRAJA-CorrEtiq.txt,0.0,0.0,0.0,1.5813388771714356,-0.9424529286169204,-0.8532836460275505,-0.945614512372322,-0.05307448924342757,0.0,0.37331264328836117,0.0,0.3479195178929329,-0.21464920924088837,-0.2833516722491661,-0.04758514450801488
CDMS-10-5C-DAAUSA-CorrEtiq.txt,0.0,0.0,0.0,2.0393687884235696,-0.14714198723319544,-0.8102961295707956,-0.32505488102817226,0.5597453472035854,0.0,0.12001671279395926,0.0,-0.49212845668262367,0.17059530607391782,0.2750223666010555,-0.1369577577067086
CDMS-10-5C-ICAPA-CorrEtiq.txt,0.0,0.0,0.0,-0.2294157338705618,-1.5609330218873707,-1.1595012015390709,-1.7164657762091162,0.6606578580185651,0.0,0.5915719680404957,0.0,1.7793798933568579,-1.0541142111195736,-1.1592296723975926,1.2748814660442631
CDMS-10-5C-JFALGI-CorrEtiq.txt,0.0,0.0,0.0,1.431789207065373,-0.8476310935467436,-0.979199336857139,-0.8515982464755615,-0.227507877596645,0.0,0.40229858324098344,0.0,0.46231214181771635,-0.32035815410904733,-0.3784839383178113,0.45839052558952725
CDMS-10-5C-MAORTO-CorrEtiq.txt,0.0,0.0,0.0,3.1838981397224595,-0.45145867618209623,-0.6149310379406854,-0.5231757764316594,0.14772050689090538,0.0,-0.07111716160454576,0.0,-1.0952090955007547,0.43490683202364666,0.5666899072654967,-0.5998578080842043
CDMS-10-5C-NBEMO-CorrEtiq.txt,0.0,0.0,0.0,3.1797973380564857,-0.6022177586739332,0.29929838736630904,-0.5473531676581872,0.3169131962565812,0.0,0.019480930197663424,0.0,-1.167696584270123,0.2620601898370053,0.5731051210475342,-0.319427969963932
CDMS-10-6B-ASCACO-CorrEtiq.txt,0.0,0.0,0.0,1.7888543819998317,-0.8944782258686048,-0.9220661785880682,-0.9079195819559706,0.19674284624484611,0.0,0.42227600647872987,0.0,0.4369768739127792,-0.5832069956768384,-0.5431605498226519,-0.20180272293992002
CDMS-10-6B-JJMOBE-CorrEtiq.txt,0.0,0.0,0.0,1.8575994956006305,0.0703465337513234,-0.7921151367516097,0.05577917406410307,-0.6139211791089891,0.0,0.35553225785213466,0.0,-0.4120816918460639,-0.26596016280218315,-0.1631037540412119,-0.6461482303856279
CDMS-11-4A-GACHSA-CorrEtiq.txt,0.0,0.0,0.0,3.30336581463954,-0.6929177655843248,-0.7291972745477574,-0.7013363202894908,0.03255680919548427,0.0,0.19352523826151077,0.0,-0.9087588770566257,0.3665603800499991,0.4911754501191359,-0.22941573387056177
CDMS-11-5A-EAARCA-CorrEtiq.txt,0.0,0.0,0.0,2.3531514830635443,-0.668042657122685,-0.807054479739753,-0.668042657122685,-0.004879732738501154,0.0,0.42163596528067127,0.0,0.10836476079504491,-0.08277284113134284,-0.037876542063028325,0.10768118535914986
CDMS-11-5A-MGTHAR-CorrEtiq.txt,0.0,0.0,0.0,3.6986099148857403,-0.02108653748577926,-0.8180438564882008,-0.5523447707389941,-0.7439906087868118,0.0,-0.19753479927515705,0.0,-0.9344045068798333,0.5235296376914396,0.7480245158099743,-0.778764771790919
CDMS-11-6A-DFVEBE-CorrEtiq.txt,0.0,0.0,0.0,-0.1593601286926538,-0.8480796154853003,0.49431153274298073,-0.8579577268349012,-0.6994988688225285,0.0,0.28818276272174953,0.0,-0.10641858011974202,-0.018948604203487186,0.028064303228261797,-0.5720408292016961
CDMS-11-6A-NMREPR-CorrEtiq.txt,0.0,0.0,0.0,2.873444517108119,-0.8020217968245419,-0.7761527568505487,-0.8043996665398437,-0.7248989282564238,0.0,0.39616367182041723,0.0,0.02183163297953711,-0.08157243781725987,0.0011276285740680636,-0.6091448819487025
CDMS-11-6B-ARAHE-CorrEtiq.txt,0.0,0.0,0.0,2.844452335847639,-0.8763376845442872,0.11279286803467903,-0.8791178044729597,-0.6865863207264448,0.0,0.14934022082662762,0.0,-0.6132789489611038,0.1322298719355418,0.32846863573430274,-0.7081739950090058
CDMS-11-6B-AVROTO-CorrEtiq.txt,0.0,0.0,0.0,2.4424485376174445,-0.7233528180068327,-0.7093751833190443,-0.73197454087181,-0.2846177714470808,0.0,0.25833938912831533,0.0,0.0,0.0,0.0,0.0
CDMS-11-6B-EAFESA-CorrEtiq.txt,0.0,0.0,0.0,3.391164991562634,-0.5696519211398117,-0.6965260331469924,-0.5696519211398117,-0.5696519211398117,0.0,0.26978563311688264,0.0,-0.9278471326067906,0.23110543251691046,0.3441458072306472,-0.42763807340992477
CDMS-11-6B-EFRGR-CorrEtiq.txt,0.0,0.0,0.0,3.751410482948005,-0.8531033513001105,-0.7452799667961095,-0.8768696263093376,1.386367442915826,0.0,0.1559611003923292,0.0,-0.8508723886220266,0.38686143014480445,0.7499234260586729,-0.4516398322264833
CDMS-11-6B-EROCO-CorrEtiq.txt,0.0,0.0,0.0,2.4807712236269257,-0.6259216713732616,-0.743014870250426,-0.6671854578242375,0.07486187846026607,0.0,0.3124679345599768,0.0,-0.5137138163397297,0.18883331126123565,0.19572852518836947,-0.7171217534564953
CDMS-11-6B-JACUPE-CorrEtiq.txt,0.0,0.0,0.0,1.9729414747644638,0.03895550012139705,0.5010741586792098,-0.1641849930826739,-0.7889517409736662,0.0,-0.3059658744788943,0.0,-1.3271728416339958,0.7593709589021831,1.095146393956612,-0.7130192413061135
CDMS-11-6B-JDCHBA-CorrEtiq.txt,0.0,0.0,0.0,2.8594045996188284,0.4730499167912662,-0.02041666843894701,0.09510007474790225,-0.4107820392092606,0.0,-0.24452295804121088,0.0,-1.3940652043091435,0.6914026396817605,0.9750913499162118,-0.4906362453262011
CDMS-11-6B-JFSAHE-CorrEtiq.txt,0.0,0.0,0.0,1.7942773176775173,-0.5113825240407232,-0.7276659097926412,-0.5098499285104608,-0.6820598542383466,0.0,0.32947968852836307,0.0,-0.00026492479984076625,-0.28100810527015463,-0.17028830729882644,-0.7213205506740685
CDMS-11-6B-JLPENA-CorrEtiq.txt,0.0,0.0,0.0,0.7690096033344016,0.4121459641215646,-0.22092986225018252,0.19064955134186626,0.36335107590927795,0.0,-0.11506374300976638,0.0,-0.60678803641214,0.5378772771711257,0.47872709794540014,0.2745311601020661
CDMS-11-6B-JMARME-CorrEtiq.txt,0.0,0.0,0.0,2.4470776400388186,-0.11239127513459683,-0.8045904832286853,-0.36243412342800724,0.10976425998969032,0.0,0.29105288084576864,0.0,-0.48851381486736184,0.11839867385636726,0.24281353064258668,-0.21205429536386736
CDMS-11-6B-JPSAMA-CorrEtiq.txt,0.0,0.0,0.0,2.586949495507729,-0.5322750369565294,-0.6984880598241636,-0.5349725027044009,-0.6603678353180387,0.0,0.32015141905601097,0.0,-0.5531412704504168,-0.0013036624129163516,0.07727610091668141,-0.5992354428670852
CDMS-11-6B-LESTA-CorrEtiq.txt,0.0,0.0,0.0,2.6792803495323003,-0.7679741645551212,-0.8156789362572872,-0.7841672891130725,-0.2779637719983564,0.0,0.23015599575103254,0.0,-0.2160130097799881,0.09867062228177657,0.10428570778666002,-0.6222753554717222
CDMS-11-6B-MAGIMU-CorrEtiq.txt,0.0,0.0,0.0,2.666105045060489,-0.11452001734502261,-0.9385808140163802,-0.2932201041784722,0.8565673641776043,0.0,0.26146960762470195,0.0,-0.4879093907962148,0.02948086666533209,0.15356310028048337,-0.0022006410894791235
CDMS-11-6B-MEBRTA-CorrEtiq.txt,0.0,0.0,0.0,1.2307692307692308,0.552305875502464,-0.3000051904461193,0.13756036123821558,-0.715663048601511,0.0,0.34481875389623867,0.0,-0.9037862464435482,0.24864765246815473,0.5778026219732363,-0.6134821355243757
CDMS-11-6B-MMAMO-CorrEtiq.txt,0.0,0.0,0.0,1.2637011476362499,-0.702802181054962,-0.7165107536316874,-0.7078383972965656,-0.6869498447529238,0.0,0.06996888917371138,0.0,0.04719291781830456,-0.14697764469979402,-0.23859719667163232,-0.6053434926201424
CDMS-11-6B-RSECA-CorrEtiq.txt,0.0,0.0,0.0,2.431652236094137,0.3397448792719071,-0.801624549330717,-0.31101767809421255,-0.558064764253837,0.0,0.4025477704950223,0.0,-0.4109659344614345,-0.23764897366394075,-0.1929044912457973,-0.5473870186479131
CDMS-11-6B-SCAPA-CorrEtiq.txt,0.0,0.0,0.0,1.784183712002525,-0.8325003190740394,-0.7869391982470799,-0.8367001954933317,-0.41783270604702605,0.0,0.4409618660530251,0.0,0.6024268256554279,-0.3640216927773443,-0.3606845246399695,-0.681641996514802
CDMS-11-6B-VZAPE-CorrEtiq.txt,0.0,0.0,0.0,2.7990234679439037,0.5192342267469869,-0.6453143380561521,0.337868689199743,-0.8334524584895073,0.0,0.2856977242753296,0.0,-1.0755489742620472,0.1029963497887231,0.29728434919881996,-0.7558561957028403
CDMS-11-6B-YLNIME-CorrEtiq.txt,0.0,0.0,0.0,1.3859633447001967,-0.6687931578636743,-0.7578757672667772,-0.6687931578636743,-0.7004500865013348,0.0,0.35706433466518983,0.0,0.16605108830056553,-0.1939560660762073,-0.1839585478361488,-0.7053204566725633
CDMS-11-7C-ICARE-CorrEtiq.txt,0.0,0.0,0.0,3.2081623919818756,-0.15417868560157758,-0.8803473894144688,-0.2420765117532841,-0.5964549848341434,0.0,-0.1966718826009488,0.0,-0.8971712123743089,0.5192892562502232,0.5513798133146504,-0.3791805590381433
CDMS-11-7C-IMOIB-CorrEtiq.txt,0.0,0.0,0.0,1.1649386637843384,-0.2492075762378339,-0.6225413447082091,-0.25264557631995566,-0.3762024935132294,0.0,0.1799737258994199,0.0,-0.507268499924445,0.0034586550632641684,-0.017645557978497168,-0.44543851422979647
CDMS-11-7C-SALMA-CorrEtiq.txt,0.0,0.0,0.0,4.110452844756084,-0.7453559924999299,-0.8468303183574203,-0.7572712299036657,-0.3371729922880167,0.0,0.2683408601265631,0.0,-0.5602722332966356,0.366438905967934,0.33598920954301703,-0.4544872064591057
CDMS-11-7C-SPGAVE-CorrEtiq.txt,0.0,0.0,0.0,2.70801280154532,-0.4536039186059993,0.7148145064814465,-0.4951875684721383,-0.4171921628166755,0.0,-0.440500878665872,0.0,-1.3800595332639447,1.0513766025567817,1.274749409241733,-0.24958465305118413
CDMS-12-5A-SRIGO-CorrEtiq.txt,0.0,0.0,0.0,2.591988701427746,-0.7142857142857143,-0.6585527740981747,-0.7165107536316874,-0.6859943405700353,0.0,0.34019053433328744,0.0,-0.4730161648796386,-0.1251212376218518,-0.07947971355627131,-0.7010331264644364
CDMS-12-6A-FAROPA-CorrEtiq.txt,0.0,0.0,0.0,-0.17586311452816475,-0.6740100717390498,-0.6720850086221434,-0.6789775554775247,-0.6989311767182416,0.0,0.3862356180454482,0.0,-0.0854917635916085,-0.38873760968738985,-0.39290833969052846,-0.7316788775254456
CDMS-12-6A-JGIGA-CorrEtiq.txt,0.0,0.0,0.0,1.5724272550828775,0.44443041706650604,-0.831723673133923,0.10599978800063597,-0.9271145740801109,0.0,0.2106808557427591,0.0,-0.3770491803278713,-0.14429177558119854,-0.10351825878377827,-1.0125110958196213
CDMS-12-6A-JSOTGU-CorrEtiq.txt,0.0,0.0,0.0,2.3972315892483644,-0.9707635548836793,-0.8437606093981598,-0.9816657215811078,-0.2031249972459881,0.0,0.2091549346373858,0.0,-0.26850139878453894,0.1682175508743307,0.19588504607207802,-0.27453462378663385
CDMS-12-6A-SROAL-CorrEtiq.txt,0.0,0.0,0.0,0.9468550249981225,-0.5641519475835701,-0.7259197780335405,-0.5687353369649762,-0.5489914714585401,0.0,0.3869310012511467,0.0,-0.07380598019709109,-0.17165214404915777,-0.21372486382895867,-0.4243319326098219
CDMS-12-6B-IJDAGA-CorrEtiq.txt,0.0,0.0,0.0,2.142530621268187,-0.28132034503481673,0.5780396436270501,-0.22630394501998047,-0.07445516918176708,0.0,-0.2626188812958409,0.0,-1.3499623495275062,0.8814506192943534,1.1318557591132348,-0.6136701845884174
CDMS-12-6B-SCLAG-CorrEtiq.txt,0.0,0.0,0.0,2.620264600886305,-0.5650320466312655,-0.4084413613143173,-0.5650320466312655,-0.14679739204812808,0.0,-0.1009770994946699,0.0,-1.0319665237380578,0.26482044885142497,0.5366307202351422,-0.32724459912433457
CDMS-12-7C-ARAHE-CorrEtiq.txt,0.0,0.0,0.0,1.2315539256073518,0.09853292781642929,-0.979199336857139,0.1336969553464759,0.543245227341926,0.0,0.2840931978558529,0.0,-0.032677295778112486,-0.1360454999358199,-0.1637971149705515,-0.06356823182803792
CDMS-12-7C-CATRAR-CorrEtiq.txt,0.0,0.0,0.0,2.6774193548387095,-0.563235127634186,-0.7603476001106327,-0.5650320466312655,-0.030793940622366636,0.0,0.37683886347443957,0.0,-0.26260665495483054,-0.1286167014760174,-0.07003027190694162,-0.3399593896204067
CDMS-12-7C-DLOLO-CorrEtiq.txt,0.0,0.0,0.0,3.020680141789913,-0.9658242787731628,-0.8626621856275073,-0.9804443392074902,-0.010050885785905713,0.0,0.20895099948230542,0.0,-0.04501744764209766,-0.04610554442629259,-0.03761307859524333,0.23816243953484725
CDMS-12-7C-JSZAOR-CorrEtiq.txt,0.0,0.0,0.0,-0.14285714285714288,-0.5474433209040426,-0.6726022302119341,-0.5474433209040426,-0.5901334093700714,0.0,0.4489922196697895,0.0,0.19660900859152394,-0.5772706003293326,-0.38264918166194667,-0.6330590587440833
CDMS-12-7C-MAROBE-CorrEtiq.txt,0.0,0.0,0.0,1.1546503153108845,-0.04176892614995195,-0.7450180682171019,-0.09968319450029897,-0.38009401531053544,0.0,0.19401897002481228,0.0,-0.21413883193509847,-0.31448545101657543,-0.28797272808661567,-0.2743516305843672
CDMS-12-7C-VMAPA-CorrEtiq.txt,0.0,0.0,0.0,2.482911945124746,-0.04395048583079508,-0.8442167773996972,-0.29233631694411005,-0.6865630803010331,0.0,0.39563467474556113,0.0,-0.3044474544951058,-0.1449785960420279,-0.1588164472152318,-0.6992203655513707
CDMS-12-7C-VQURA-CorrEtiq.txt,0.0,0.0,0.0,3.391164991562634,-0.5486041983613227,-0.7879137883711137,-0.5489914714585401,0.29215427696783797,0.0,-0.29723357639579906,0.0,-0.6341861038452907,0.39303186361523745,0.5201440838626816,-0.24564365545092443
CDMS-13-6B-ASUMO-CorrEtiq.txt,0.0,0.0,0.0,-0.10050378152592122,-0.711643585451541,0.12143413531824407,-0.7140771695416142,0.7600360405584203,0.0,-0.1650653900040625,0.0,-0.13537103955575233,0.27627947142390885,0.16437309520025098,0.45006952398202615
CDMS-13-6B-JDTAHE-CorrEtiq.txt,0.0,0.0,0.0,2.8507182780287055,-0.7453559924999299,-0.5773502691896258,-0.75,0.5374767446821004,0.0,-0.05581455721859555,0.0,-0.6063699187554572,0.09215513551681837,0.3639675990629666,0.06056583258742936
CDMS-13-7C-MVEAR-CorrEtiq.txt,0.0,0.0,0.0,2.213211486674006,-0.9165547960868982,0.4766644271991384,-0.9299811099505542,-0.5207923224525008,0.0,0.18246934851039837,0.0,-0.6277052972051468,0.021762283174781506,0.19236204309848973,-0.45045713851435304
CDMS-13-7C-RAIZAC-CorrEtiq.txt,0.0,0.0,0.0,2.64303450410446,1.6572546034322724,-0.6410832172066031,0.6859943405700353,-0.6989262981388241,0.0,0.5149469748565302,0.0,-1.144320244586671,0.31531053790113417,0.3168266529932242,-0.7605858694520705
CDMS-13-7C-SSOSLO-CorrEtiq.txt,0.0,0.0,0.0,2.284258909363949,-0.6815371991715903,-0.30110942975166316,-0.6755964113173945,0.27034680546876,0.0,-0.015251630581795912,0.0,-0.6564879518897719,0.29884009507691384,0.44774535573345886,-0.12423750148146988
CDMS-14-10A-IMORTO-CorrEtiq.txt,0.0,0.0,0.0,3.0,0.37712107970759456,-0.7868006875296003,0.18678542027637132,-0.5848414634389277,0.0,0.1475636466314352,0.0,-0.7353874856365338,0.47130310718634505,0.7541112358915454,-0.5011069881795274
CDMS-14-10A-JCVANI-CorrEtiq.txt,0.0,0.0,0.0,0.0,-0.502518907629606,-0.626300100575299,-0.5089133578079825,-0.6965260331469924,0.0,0.15868657377464704,0.0,-0.12515286785704852,0.009520643698517135,0.022583043180102912,-0.6320088205573947
CDMS-14-5A-LSDUCO-CorrEtiq.txt,0.0,0.0,0.0,2.7136021011998728,0.4496857380171486,-0.8641744834506976,-0.07706279322804935,0.34383440373804286,0.0,0.33757812508555335,0.0,-0.7965833358653,0.3052145041378634,0.4120658611347015,-0.15804327473137567
CDMS-14-6B-KDCAHE-CorrEtiq.txt,0.0,0.0,0.0,2.679938368247152,0.5021376280214837,-0.3344207542481016,0.08804293198561561,0.07135872027614418,0.0,0.0497270970416083,0.0,-1.0960514369232484,0.3473950597374693,0.5753205419054885,-0.3792587342744316
CDMS-15-10A-AMALOS-CorrEtiq.txt,0.0,0.0,0.0,1.6525736108817581,0.09476834928714588,-0.19105739778246933,0.022651349466027846,-0.7319745408718101,0.0,0.0938658742914523,0.0,-1.1165610791124083,-0.01044048399864698,0.23783365131678,-0.7729032345331878
CDMS-15-10A-JJMACH-CorrEtiq.txt,0.0,0.0,0.0,-0.10050378152592122,-0.5423640813900673,-0.6081636405595373,-0.5544954504367372,-0.47826086956521735,0.0,0.13416393904138277,0.0,-0.23144930060502758,0.02011611453377567,0.14161952391697777,-0.5360451072129603
CDMS-15-10A-MAALCA-CorrEtiq.txt,0.0,0.0,0.0,-0.14285714285714288,-0.5177935760336636,-0.6738473711554102,-0.5211038709002824,-0.5338974678278723,0.0,0.3007173007310217,0.0,-0.2876410955917884,-0.13022371872927802,-0.024568451774616324,-0.34119907250006254
CDMS-15-10A-MAALRI-CorrEtiq.txt,0.0,0.0,0.0,2.7136021011998728,0.5516045099533449,-0.6539285069510805,0.31258516700858774,-0.7440411068103197,0.0,0.1100211826329935,0.0,-0.9488785240179376,0.3864405187052672,0.4558251151173785,-0.7422720110959522
CDMS-15-10A-SGOMO-CorrEtiq.txt,0.0,0.0,0.0,2.137743713949008,-0.7603476001106327,-0.7064734107163274,-0.763918812668763,-0.4434461836856931,0.0,0.2227100198692455,0.0,0.03844356527434855,-0.032427129362739976,0.10895415477637105,-0.002803981274790885
CDMS-15-10A-SHEGA-CorrEtiq.txt,0.0,0.0,0.0,-0.14285714285714288,-0.06034653214605762,-0.79921570306224,-0.10580744631851624,0.9874051176777581,0.0,0.05857058372244934,0.0,0.2199283997336715,-0.12789827583694147,-0.24425790330333533,0.6665913805884887
CDMS-15-11B-JEMOLO-CorrEtiq.txt,0.0,0.0,0.0,2.991824788967355,-0.5641519475835701,-0.6372395473602607,-0.5707376456473634,-0.5241424183609591,0.0,0.019149117808213278,0.0,-0.6151383735185671,0.287769278969668,0.37223077306181634,-0.577509448260523
CDMS-15-11B-VSAHO-CorrEtiq.txt,0.0,0.0,0.0,3.9120771753746064,-0.5678187527901408,-0.6862045194247247,-0.6437674654498197,-0.5823630167483491,0.0,0.08725294595939907,0.0,-0.6757246285173467,0.033249290112144815,0.33345374298929154,-0.6198289491819505
CDMS-16-10A-SGALO-CorrEtiq.txt,0.0,0.0,0.0,2.4830636511256414,-0.4525696378552518,-0.665746961855239,-0.4218152888839166,0.04771100313299304,0.0,0.2635555375204681,0.0,-0.4554115567380024,0.25080688191123934,0.30678669369656675,-0.16372440986873693
CDMS-16-11B-NGABE-CorrEtiq.txt,0.0,0.0,0.0,1.6870547845739468,-0.4936258837698759,-0.7165107536316874,-0.4937419311010189,-0.6612416337794927,0.0,0.10044892167853262,0.0,-0.2110212347545044,-0.1391216687280508,-0.05388726973080071,-0.6151691947960531
CDMS-17-10A-ASSAMO-CorrEtiq.txt,0.0,0.0,0.0,1.566725631095693,-0.6032931878409815,-0.6738202810148577,-0.6032931878409815,0.3170731707317073,0.0,0.17339961530660344,0.0,0.32454830068857526,-0.16138704231440923,-0.18384643405108442,-0.047739979958760635
CDMS-18-7C-VVECA-CorrEtiq.txt,0.0,0.0,0.0,1.8856180831641267,-0.4101515562147979,-0.8166921161895103,-0.35659143260357473,-0.7637540635798535,0.0,0.16433812243702398,0.0,-0.24781073263989545,-0.11665046633795306,-0.04180434570610114,-0.6870287637196758
CDMS-8-4A-DBEVA-CorrEtiq.txt,0.0,0.0,0.0,2.371112943614405,-0.626300100575299,-0.7194246902796883,-0.626300100575299,0.6961525594973721,0.0,0.2568495819224599,0.0,-0.34941394099326195,0.11412537853627983,0.11887209231948778,-0.4797735381004906
CDMS-8-4A-DJAVDA-CorrEtiq.txt,0.0,0.0,0.0,1.896197546614369,-0.12930567481463623,0.43608704452785957,-0.285816625903625,-0.5753559960151531,0.0,-0.009017957236970083,0.0,-1.2277983835711497,0.40179012214469656,0.5421131048967718,-0.7685946334354123
CDMS-8-4A-DOSTR-CorrEtiq.txt,0.0,0.0,0.0,2.9130374677312787,-0.27891430899439057,-0.7657833824412563,-0.3522082237986394,0.3611575592573077,0.0,0.10031011005153576,0.0,-0.8124999999999996,0.27330532178576844,0.47198611324198275,-0.27158487799255726
CDMS-8-4A-LGOPA-CorrEtiq.txt,0.0,0.0,0.0,2.843950641335599,0.5521257156209076,-0.8286309106098375,0.010977087289206652,1.0128295446687332,0.0,-0.28984623528416126,0.0,-1.1677484162422846,0.7995900589021117,0.9010563559460334,0.3658951968517326
CDMS-8-4C-JDBUTU-CorrEtiq.txt,0.0,0.0,0.0,2.86079334446029,0.11506374300976584,0.3611575592573077,-0.2577749175567922,-0.4200840252084029,0.0,0.03782347372361163,0.0,-1.4780775946465659,0.5436026486464651,0.6360503017927779,-0.7045763697370542
CDMS-9-4A-ACDUTR-CorrEtiq.txt,0.0,0.0,0.0,1.4574619796782913,-0.7590354352718287,-0.6350026712792114,-0.7730974953819842,-0.3125816278344411,0.0,0.11825956288067524,0.0,-0.24083526455668658,-0.0985290907078341,0.04332688108064654,-0.5611814751691031
CDMS-9-4A-CARGA-CorrEtiq.txt,0.0,0.0,0.0,2.2932290260087513,-0.7939552839913734,-0.7821388525979035,-0.7999062169617931,0.211461163241501,0.0,0.1693058565554382,0.0,-0.09821408748238335,0.004241097208597249,-0.0026240390188678854,0.04998293460135085
CDMS-9-4A-CRAAG-CorrEtiq.txt,0.0,0.0,0.0,1.8829377433825436,-0.5026028286234493,-0.6583190527118937,-0.5241424183609591,1.1227648706599176,0.0,0.005524468423817914,0.0,-0.39043494358582204,0.2783655709763648,0.16956582301258089,0.06225607413509508
CDMS-9-4A-EROHI-CorrEtiq.txt,0.0,0.0,0.0,2.7990234679439037,-0.7383206816313616,0.23496216339889064,-0.7473298985080157,-0.1772968828711744,0.0,0.24870800168690407,0.0,-0.862662185627506,0.5277026939657756,0.8872242418740125,-0.08752079264550701
CDMS-9-4A-ILOSE-CorrEtiq.txt,0.0,0.0,0.0,2.8475853069381722,-0.849548115414225,-0.9460485201872018,-0.849548115414225,-0.6722302844530721,0.0,0.2519965403650174,0.0,0.014650505390430616,-0.07488522315250987,0.05947622435599005,-0.6665672025862748
CDMS-9-4A-TGAFR-CorrEtiq.txt,0.0,0.0,0.0,2.9061903360823615,-0.14926284928554176,-0.8982865796798648,-0.33719066531521136,-0.05446658582651076,0.0,0.3320743500572876,0.0,-0.6701314370405222,0.07573720564376554,0.12141682334826537,-0.6387434791213796
CDMS-9-4C-SCAMO-CorrEtiq.txt,0.0,0.0,0.0,0.0,-0.6375498105247469,-0.5488212999484517,-0.6375498105247469,-0.5623916050338599,0.0,0.3435462771357668,0.0,0.0744049569322413,-0.13018891098082389,0.01633927154483555,-0.5166587780527504
CDMS-9-5A-ABERO-CorrEtiq.txt,0.0,0.0,0.0,3.2309455737376904,-0.5474433209040426,-0.5201491456533497,-0.5980981359422559,-0.7006295835424072,0.0,0.022647931894079827,0.0,-1.246391946030172,0.4275203766780515,0.6585721763585726,-0.8125447969702022
CDMS-9-5A-PAGACO-CorrEtiq.txt,0.0,0.0,0.0,1.946857757247102,-0.5663903498491873,-0.6426806855648841,-0.5663903498491873,-0.19273754563341045,0.0,0.2615735737628534,0.0,-0.8622694290513424,0.41182825289745445,0.6024205781697489,-0.45416059596342595
CDMS-9-5A-VVAAR-CorrEtiq.txt,0.0,0.0,0.0,1.7133063062967593,-0.05487761205190786,-0.9071805764014538,-0.17800784556730148,-0.7312442364289587,0.0,0.2233575406275216,0.0,-0.5901922565063242,-0.14357055412367362,-0.07187042359178944,-0.5538452409021692
CDMS-9-5C-JDMADE-CorrEtiq.txt,0.0,0.0,0.0,3.4012990218705843,-0.07787663401565273,0.7451091646474465,-0.1687081829510746,-0.6035689453755365,0.0,-0.17999720064249722,0.0,-1.9843983937916008,0.7955253760328128,1.3875380807519149,-0.7302522727567172
CDMS-9-5C-LVIZAC-CorrEtiq.txt,0.0,0.0,0.0,3.0,-0.6988189630107882,-0.7130941041798238,-0.7016730409179112,0.9396737494358727,0.0,-0.22453773992020182,0.0,-0.517070860200596,0.551807787108381,0.7123733046328866,-0.020419340776770867
CDMS-9-5C-MLOGO-CorrEtiq.txt,0.0,0.0,0.0,2.4784787961282104,-0.9005485401182526,-0.6304883249912806,-0.9292767830367701,0.8011541884060839,0.0,0.10557360888287666,0.0,-0.4454729538081891,0.42781682111107516,0.4855571069451082,0.6208598557813059
CDMS-9-5C-SCAAG-CorrEtiq.txt,0.0,0.0,0.0,2.6422623153710623,-0.5057161327187942,-0.6348475396969683,-0.6288940593406618,0.19083696525826171,0.0,0.27138640835706906,0.0,-0.5193377486280706,-0.029742738308102687,0.052526947207936894,0.03697028523359601
CDMS-XX-10A-VGILO-CorrEtiq.txt,0.0,0.0,0.0,1.9423846077302318,-0.7869391982470799,0.5482823149915701,-0.7917797542729768,-0.5487396847647231,0.0,0.3149009792106096,0.0,-0.7489152752415416,-0.04250749999702992,0.17036343421322464,-0.5683663970157883
CDMS-XX-5C-MJSARU-CorrEtiq.txt,0.0,0.0,0.0,-0.18415660212902,0.28465414997039884,-0.7371737581425459,0.3401062225669033,-0.5985127193084805,0.0,0.4023900382563526,0.0,-0.09320131488069511,-0.21280576496185258,-0.16402681025542787,-0.5224542264994447
CDMS-XX-5C-MPCAQU-CorrEtiq.txt,0.0,0.0,0.0,1.7056057308448835,-0.6585527740981747,-0.865277217550789,-0.7473298985080157,1.0735921807199342,0.0,0.2663289365952887,0.0,0.07614545553589847,-0.11481404035729252,-0.1973231807095199,0.11968162609194853
CDMS-XX-6A-MAGICA-CorrEtiq.txt,0.0,0.0,0.0,2.011435198964418,-0.6304883249912806,-0.7175608803587864,-0.6304883249912806,-0.6344189708206865,0.0,0.309428272263006,0.0,0.07247936924539448,-0.10767162565740078,-0.11456529406483491,-0.53359959457336
CDMS-XX-6B-SPUCA-CorrEtiq.txt,0.0,0.0,0.0,1.6924791134578572,0.7286743861390743,-0.8016316290686751,0.2891684423533573,-0.3113741496788711,0.0,0.30517067260966546,0.0,-0.48920195851558124,0.034441779108022624,0.10862369016295645,-0.3462277603385217
CSO-10-4A-ICAPA-CorrEtiq.txt,0.0,0.0,0.0,2.4611488861042865,-0.015082424435169054,-0.8965620376961787,-0.5783193400415125,-0.5709080943567426,0.0,0.24588328505361556,0.0,-0.3796221116461471,-0.015617673113511189,0.1587292811037062,-0.1493001876884322
CSO-10-4A-KCOMO-CorrEtiq.txt,0.0,0.0,0.0,2.4784787961282104,0.26033280115696067,-0.7686070942762205,-0.13049646848710683,-0.6073516944008988,0.0,-0.023949472016425992,0.0,-0.8706072988655085,0.3592106040535501,0.43691095658741463,-0.4870951486309503
CSO-10-4A-LRAVI-CorrEtiq.txt,0.0,0.0,0.0,1.605663235430161,0.13197701155681338,-1.2195151754670315,-0.18294043331615056,0.37909048684359753,0.0,0.1998450555907084,0.0,-0.3796903471585792,-0.15442051853735808,-0.032104346153968295,0.043157634870988795
CSO-10-4A-LSCAVA-CorrEtiq.txt,0.0,0.0,0.0,4.201989578510452,1.7566608908070198,-0.7965833358652988,0.3170731707317073,0.1316728045881861,0.0,-0.1284902944380233,0.0,-1.5428161556520068,0.5875758932028755,0.821259260918413,-0.022642554656209214
CSO-10-5A-ACAVA-CorrEtiq.txt,0.0,0.0,0.0,1.8322612478187175,-0.6162495185552518,0.3261640365267211,-0.6162495185552518,0.041292006950766735,0.0,0.022657281405945882,0.0,-0.7419296242614869,0.43947261699449314,0.41559130449586573,-0.29438917305531204
CSO-10-5A-ARACA-CorrEtiq.txt,0.0,0.0,0.0,2.849971064306759,-0.8642877387558214,-0.42030811191508416,-0.8784585919193316,-0.7615919627113101,0.0,-0.22803358373492844,0.0,-0.7988146419588376,0.29981399761757976,0.417567787816834,-0.7466071910743437
CSO-10-5A-DABRZA-CorrEtiq.txt,0.0,0.0,0.0,2.979633165749724,-0.13756036123821544,-0.7737398142565998,-0.4384488603989083,-0.20412414523193154,0.0,-0.08553913243410043,0.0,-1.035323132800131,0.6290225786086837,0.7457992917102455,-0.6656437725101179
CSO-10-5A-GZAMA-CorrEtiq.txt,0.0,0.0,0.0,2.000496302576586,-0.6293778163044874,-0.7637540635798535,-0.6394611787280882,0.2276506549457596,0.0,0.3761486307788454,0.0,-0.09449353876846206,-0.0776677979340556,-0.021546535852937337,0.20108052148900904
CSO-10-5A-IPECA-CorrEtiq.txt,0.0,0.0,0.0,1.5724272550828775,-0.6893261705686025,-0.7601843094649003,-0.7063864011428636,0.6497099670229837,0.0,0.30365085485996923,0.0,0.07439506648460978,-0.0647676505868754,0.042111353020695234,-0.2682789265591547
CSO-10-5A-JANORO-CorrEtiq.txt,0.0,0.0,0.0,2.4830636511256414,0.0,-0.7473298985080157,0.07706279322804922,0.17172287389758983,0.0,0.24119004521660145,0.0,-0.5603626022041173,-0.051502620262460296,0.22266270266275445,-0.07207649573581851
CSO-10-5A-JBUVE-CorrEtiq.txt,0.0,0.0,0.0,3.225724431732183,-0.4476499263485191,-0.6657517139732941,-0.5025608681265277,0.7937259761809794,0.0,0.13023193955445866,0.0,-0.9361945824654663,-0.011511756628933759,0.18368548916397529,-0.3136218369879753
CSO-10-5A-JJSEMO-CorrEtiq.txt,0.0,0.0,0.0,3.316171188303105,-0.8146881698903526,-0.9864308501372135,-0.8173068387245352,-0.6890481250212298,0.0,0.2560595082359488,0.0,-0.33295137682730264,-0.16115167431739483,-0.12134213243219541,-0.6837147983150268
CSO-10-5A-JLCARI-CorrEtiq.txt,0.0,0.0,0.0,1.493826753998134,-0.7049344049891616,-0.7291972745477574,-0.7142857142857143,-0.6723981776166309,0.0,-0.46222678744760587,0.0,-0.301738130126621,0.3363881890407962,0.5404864030248431,-0.4818087465738059
CSO-10-5A-MAARAN-CorrEtiq.txt,0.0,0.0,0.0,2.4784787961282104,-0.7755149821534617,-0.8796372624671773,-0.7812480200608491,0.2743516305843673,0.0,0.2493428777457038,0.0,-0.11481404035729374,-0.07647191129018698,-0.06506293378585472,0.10284053061266629
CSO-10-5A-MAOSMO-CorrEtiq.txt,0.0,0.0,0.0,2.4784787961282104,-0.5865884600854132,-0.6585527740981747,-0.5865884600854132,-0.622662721177668,0.0,0.1695892435242642,0.0,-0.4339780040570401,-0.08390172473420889,-0.02995723742499922,-0.6171317037559948
CSO-10-5A-RVMOIB-CorrEtiq.txt,0.0,0.0,0.0,0.0,-0.7026795998456119,-0.6537035182380984,-0.7071067811865476,-0.26598037496600124,0.0,0.1678251861845934,0.0,-0.10647702435999881,-0.2046804672021602,-0.2239237117663157,-0.5635583252652195
CSO-10-5A-SVHEES-CorrEtiq.txt,0.0,0.0,0.0,1.6525736108817581,-0.7078383972965656,-0.1260994055127597,-0.7080124164434932,-0.31808030345683996,0.0,0.13034188548983205,0.0,-0.5569273231692884,0.14597530030481054,0.08890063370752962,-0.07657443323927599
CSO-11-5A-MDVOSPE-CorrEtiq.txt,0.0,0.0,0.0,2.396667979490668,-0.7293249574894728,-0.7014988550605468,-0.7381051253765321,-0.039637001764470936,0.0,0.17673234692941464,0.0,-0.356331589046446,0.0,0.08342954184809015,-0.225276400413576
CSO-11-5A-MTAGA-CorrEtiq.txt,0.0,0.0,0.0,2.4747631948900395,-0.46207118324571406,-0.5286981011544352,-0.46852128566581813,-0.6394719044519968,0.0,0.15795337655434388,0.0,-1.0017285085313667,0.27136131484952586,0.4119150502833725,-0.6613606885085436
CSO-11-6A-CAPAMU-CorrEtiq.txt,0.0,0.0,0.0,0.0,-0.6164086554194388,-0.48705678739484887,-0.6239343486109696,-0.36756451540937735,0.0,0.05976560834501031,0.0,-0.25868727455207263,-0.08913530748471252,-0.18290525557056858,-0.43214769632435257
CSO-11-6A-DSCACH-CorrEtiq.txt,0.0,0.0,0.0,1.3397876906064712,-0.711643585451541,-0.7302967433402214,-0.7302967433402214,-0.6304883249912806,0.0,0.3647527796711278,0.0,0.024260699053001284,-0.2981571211719937,-0.24893906598138366,-0.6753266367330821
CSO-11-6A-EROMO-CorrEtiq.txt,0.0,0.0,0.0,2.2951702045395823,0.7165107536316875,-0.8346223261119858,0.46078171654422406,-0.7475904326336434,0.0,0.07991055024756402,0.0,-1.0169503597462528,0.11207533995118184,0.44387985089251625,-0.5852824325931911
CSO-11-6A-FSOVRE-CorrEtiq.txt,0.0,0.0,0.0,2.5096088631423688,-0.4155813868856491,-0.8173068387245352,-0.3674047167570347,0.13718953127354938,0.0,0.015432172268942196,0.0,-0.7491095037066893,0.2709650707337574,0.3684207026468471,-0.31468629943631693
CSO-11-6B-ANREVA-CorrEtiq.txt,0.0,0.0,0.0,1.7461887632549198,-0.7653447736745027,-0.8330431958626336,-0.7820269180143871,0.23239363012336414,0.0,0.3116583905867187,0.0,-0.09646502896882803,-0.19537323555362024,-0.07846363820670103,0.013921093853973509
CSO-11-6B-DISEMO-CorrEtiq.txt,0.0,0.0,0.0,0.5120319839143602,-0.1792643947542281,-0.6859943405700353,-0.11585680402361433,0.06303066101313809,0.0,-0.15949299920004034,0.0,-0.1431700692993891,-0.06517066075692102,-0.22260855135277874,-0.23194111112903965
CSO-11-6B-LHFDLACH-CorrEtiq.txt,0.0,0.0,0.0,3.1737985592468156,0.39709021933544847,-0.6189273939790034,0.011181694101750217,-0.2108902711638624,0.0,-0.1635539045314655,0.0,-1.7927490088715858,0.7091763915695736,0.8998053006713997,-0.4982242792957873
CSO-11-6B-RJGIHE-CorrEtiq.txt,0.0,0.0,0.0,1.7386221754608764,-0.6622806220546896,-0.6936999656271292,-0.6596086230865048,0.47853986780709745,0.0,0.1807853139469492,0.0,-0.20799464266955595,-0.010348297481763193,0.007141951759627094,0.07303338291177247
CSO-11-6B-SFLVA-CorrEtiq.txt,0.0,0.0,0.0,2.4784787961282104,0.5144957554275266,0.24124895481858194,-0.2808922563998753,0.35052728218410617,0.0,0.032091527190284456,0.0,-1.4392130537215986,0.6304883249912803,1.0923977189370524,-0.23466589341823701
CSO-11-6B-VCOMA-CorrEtiq.txt,0.0,0.0,0.0,1.566725631095693,-0.06719905384398284,-0.7198051755130666,-0.032556809195484274,-0.5180653234396059,0.0,0.1707254381833388,0.0,-0.26845242850985496,-0.013019994534207165,-0.06937666794089485,-0.5375776418674372
CSO-12-6A-DGISE-CorrEtiq.txt,0.0,0.0,0.0,2.1360592298799785,0.08969334594735487,0.6182163609788558,6.735487823691239e-05,-0.6360759249079974,0.0,-0.40281569753038304,0.0,-1.5196781299378852,0.8794746405416021,1.1466478771560937,-0.2868170998538321
CSO-12-6A-FJOVRE-CorrEtiq.txt,0.0,0.0,0.0,1.729231679814564,-0.4194419890312513,-0.6167680326222498,-0.3664023073065365,0.3218965868571585,0.0,0.27598476333588357,0.0,-0.5769369535077028,-0.04275691248090113,0.024034066574523644,-0.19434571332035716
CSO-12-6B-GQULO-CorrEtiq.txt,0.0,0.0,0.0,1.8322612478187175,-0.12672927087183253,-0.4662524041201569,-0.022366272042129244,-0.7738257069169828,0.0,0.09386465089278608,0.0,-0.6721239770148221,0.35897143324066055,0.4163134043162364,-0.553742206034747
CSO-12-6B-LJHEFE-CorrEtiq.txt,0.0,0.0,0.0,1.6336242939729757,0.3437051115341479,-0.6381705146530438,0.09582260605893045,-0.2421723019297532,0.0,0.13184002165384723,0.0,-0.6539529906863434,0.24813128047164795,0.2839529508949269,-0.30107592890340545
CSO-12-6B-VPAMA-CorrEtiq.txt,0.0,0.0,0.0,1.904821017382579,-0.9631730563930008,-0.615925230154823,-0.9788457232186512,-0.8798801418109619,0.0,0.30128052814978723,0.0,-0.325024239816252,-0.3014433728103806,-0.40064393501905904,-0.6748728059170377
CSO-12-7A-DALRE-CorrEtiq.txt,0.0,0.0,0.0,3.4992903727159854,-0.7933616570065595,-0.275984763335884,-0.7999212337021911,0.5055677954537704,0.0,-0.2056127748622531,0.0,-0.9859037584063756,0.6277052972051467,1.0026805783173336,-0.030608892912854766
CSO-12-7A-ESALA-CorrEtiq.txt,0.0,0.0,0.0,1.9449219869854277,-0.8584365765293362,-0.9855068621249108,-0.8682431421244591,0.12472961248890951,0.0,0.4088955536342047,0.0,0.30299245471072533,-0.42375256216823187,-0.50215330316402,-0.06736908840528064
CSO-12-7A-IMERO-CorrEtiq.txt,0.0,0.0,0.0,2.4784787961282104,-0.48432210483785265,-0.7198051755130666,-0.4767633534839751,-0.3831305140884606,0.0,-0.17375943318228151,0.0,-0.7711824376148647,0.6423606877750555,0.7149347446373762,-0.4085248742710818
CSO-12-7A-JHEZA-CorrEtiq.txt,0.0,0.0,0.0,3.268233183613762,0.38874362459989,-0.5393308788692646,0.43733747099246295,0.07706279322804922,0.0,-0.2636319395239463,0.0,-1.0919574422261136,0.8029550685469663,1.0163442335268071,-0.18561050725430375
CSO-12-7A-LSARAR-CorrEtiq.txt,0.0,0.0,0.0,2.217377074277934,0.015518903891686083,-0.9133534069763218,-0.4908066009386356,-0.6509155799380687,0.0,0.2276104533030487,0.0,-0.43191564069671534,-0.21249714999314293,-0.1244220613607348,-0.7000731959150528
CSO-12-7A-SCAHO-CorrEtiq.txt,0.0,0.0,0.0,3.0,-0.7088452020169524,-0.8352423148617139,-0.7088452020169524,0.24142441475220855,0.0,0.3278572704586361,0.0,-0.5479428712202237,-0.13131923782275395,-0.07619723646695709,0.0398822675981558
CSO-12-7B-DVAGRO-CorrEtiq.txt,0.0,0.0,0.0,2.0029810718587293,-0.42008402520840293,-0.25264557631995566,-0.4082482904638631,-0.36927447293799814,0.0,-0.3028912664076913,0.0,-0.6785936995240646,0.5601120336112038,0.8814938676127995,-0.45460084682778124
CSO-12-7B-SMUGU-CorrEtiq.txt,0.0,0.0,0.0,1.3768897916346226,-0.7795620833523416,-0.6709196490606821,-0.7895420339517228,-0.502518907629606,0.0,0.16640657577318346,0.0,0.16054876959089212,-0.014143550049460418,-0.04824203674915102,-0.37908845357320364
CSO-12-7B-SSARA-CorrEtiq.txt,0.0,0.0,0.0,3.0043738247084084,-0.563305630947015,-0.5317882805841141,-0.5641519475835701,-0.6508195251456348,0.0,0.4220276420165674,0.0,-0.8638216376474686,-0.047613953531089506,0.13084640446197232,-0.725990824165601
CSO-12-7B-VHOMA-CorrEtiq.txt,0.0,0.0,0.0,1.0359571417550215,-0.5794738635559413,-0.5510640680454426,-0.5794738635559413,-0.4218152888839166,0.0,0.28953088400468174,0.0,-0.42257354820946613,-0.09971970160258975,-0.1363236300889183,-0.3688719686288687
CSO-12-8A-YTOME-CorrEtiq.txt,0.0,0.0,0.0,2.137743713949008,-0.6200415665065956,-0.786333650994934,-0.6311687442672026,-0.7198051755130666,0.0,0.4051111511403594,0.0,-0.22653609644731248,-0.1321244651449763,-0.05387661955060141,-0.6234621084522726
CSO-13-6A-ANASA-CorrEtiq.txt,0.0,0.0,0.0,0.0,-0.46279762485732295,-0.6781253679066579,-0.46279762485732295,-0.5324915566244339,0.0,0.34168655676532905,0.0,-0.28636437594201186,-0.22573305919324035,-0.23283812135712276,-0.5479640406763885
CSO-13-6B-JETAVE-CorrEtiq.txt,0.0,0.0,0.0,2.586949495507729,-0.8708276796303962,-0.8955580336067785,-0.8742372418951524,0.5008679055308165,0.0,0.32858936067549377,0.0,0.00985377113165726,-0.21499786551532538,-0.2355810833465923,-0.07253417768440147
CSO-13-6B-LFMIES-CorrEtiq.txt,0.0,0.0,0.0,0.0,-0.3865556717425342,-0.5678187527901408,-0.46279762485732295,-0.09254837635771208,0.0,0.3241372598610353,0.0,0.2730071174560154,-0.1838704063957598,-0.26223074216787584,-0.08609119652171718
CSO-13-6B-LJMAHU-CorrEtiq.txt,0.0,0.0,0.0,3.630653448123529,0.4839369878943739,-0.8034114435034636,0.10872705126029462,-0.8331989625477161,0.0,0.0987367668230587,0.0,-0.9981794151361252,0.28358208955223874,0.5247675884166711,-0.7876740227474426
CSO-13-7A-CAPAMU-CorrEtiq.txt,0.0,0.0,0.0,1.8219151256648112,0.7090197345021803,-0.502518907629606,0.23700394263288466,-0.5755909101286312,0.0,0.07709233631386064,0.0,-1.2202461142860204,0.33345535796033043,0.560580136548213,-0.5806112168994679
CSO-13-7A-CDDITR-CorrEtiq.txt,0.0,0.0,0.0,2.011435198964418,-0.5678187527901408,-0.5923326576882296,-0.5696519211398117,-0.5623916050338599,0.0,0.15598518588898638,0.0,-0.32694704563810767,-0.0841511980060202,0.05905921622046436,-0.5568823835961048
CSO-13-7A-JJATFL-CorrEtiq.txt,0.0,0.0,0.0,1.5890452452565191,0.11353362772557649,-0.8633538537567981,-0.26641214705814814,-0.5869398593295232,0.0,0.462489026257214,0.0,-0.16313822086884455,-0.5708592869945271,-0.4692920757506178,-0.707496962199095
CSO-13-7A-KRAMA-CorrEtiq.txt,0.0,0.0,0.0,2.5951576404335466,-0.48896058877111637,-0.7461537444790451,-0.6452202483395646,-0.7521523980041859,0.0,0.39885947210656747,0.0,-0.41959935591192693,-0.43093386824072594,-0.3507699999577467,-0.6717396267659521
CSO-13-7A-RXCHLU-CorrEtiq.txt,0.0,0.0,0.0,-0.20412414523193154,-0.7020692506722264,-0.8090895879409022,-0.7129646498686277,-0.7443335543696822,0.0,0.40959642010750075,0.0,0.5741078805523707,-0.49562741273550454,-0.41847882874264647,-0.5715132072610166
CSO-13-7A-YAMEZA-CorrEtiq.txt,0.0,0.0,0.0,1.395036897765771,0.2725411869572943,-0.6723981776166309,0.2768226489542252,-0.5897678246195884,0.0,0.1730200268053166,0.0,-0.5675318095554254,0.06579516949597666,0.061264760465650867,-0.613003272046913
CSO-13-7A-YBOSO-CorrEtiq.txt,0.0,0.0,0.0,-0.14285714285714288,-0.5632717763087149,0.0,-0.5669019343616909,0.30640714199445507,0.0,0.10035145083173064,0.0,0.10213364195110916,-0.5674524062211108,-0.7099074950229914,-0.13839016147494762
CSO-13-8A-KIGAGU-CorrEtiq.txt,0.0,0.0,0.0,2.2912878474779204,-0.5327246269623954,0.5238909741207707,-0.5354880764797508,-0.44792744334546686,0.0,0.14294912085218558,0.0,-1.106121963725466,0.2675499395081955,0.34526855654739086,-0.5540326950919655
CSO-13-8A-MBUAN-CorrEtiq.txt,0.0,0.0,0.0,3.517632353407242,-0.19509557590325877,-0.6013932677575894,-0.3558299974427443,-0.5533068361424334,0.0,-0.03546951322961509,0.0,-1.0057307059414875,0.4180410157898723,0.5024754670825128,-0.5781459488142294
CSO-13-8A-MGAAN-CorrEtiq.txt,0.0,0.0,0.0,1.7343926045586806,-0.0993750556102588,-0.598475369568765,-0.02238307405179228,-0.6316761657092368,0.0,0.1673426750352366,0.0,-0.8068861767258066,0.01951881854398438,0.19449489865811626,-0.652491124861227
CSO-13-8A-MGAHE-CorrEtiq.txt,0.0,0.0,0.0,3.1838981397224595,-0.7723064464350861,-0.6965260331469924,-0.7864979139035274,-0.6358292590904736,0.0,0.2162330808640672,0.0,-0.334361480156365,-0.09297894584589304,-0.04701975060975824,-0.6479683544931563
CSO-13-8A-MJAGA-CorrEtiq.txt,0.0,0.0,0.0,3.1013193673309134,-0.6261159257679,0.6902013856519743,-0.586588460085413,-0.4668018466179152,0.0,-0.1835026405904896,0.0,-1.5546737996060604,0.7648276259763965,0.959157036169499,-0.691066089108668
CSO-13-8A-VHODU-CorrEtiq.txt,0.0,0.0,0.0,1.1197222490740755,-0.6021512167692145,-0.6983330375804986,-0.6021512167692145,-0.20356783138796872,0.0,0.36441294386200324,0.0,0.07404611685838962,-0.15058691434755897,-0.17468775691935867,-0.17903224116832414
CSO-13-8B-FCJISA-CorrEtiq.txt,0.0,0.0,0.0,1.472946743017361,-0.7228973960122489,-0.7870865581652959,-0.7228973960122489,0.3665603800499991,0.0,-0.013625318655221172,0.0,0.07526011610986146,0.22397522614510024,0.3585458989545473,0.45758954569380766
CSO-13-8B-JEMABE-CorrEtiq.txt,0.0,0.0,0.0,3.1797973380564857,-0.9233805168766387,-0.8496601585286936,-0.9536319281314398,-0.6073516944008988,0.0,0.23145287454363353,0.0,-0.41394694704337404,-0.0648355084610511,-0.08398614961301794,-0.5816350343519827
CSO-13-9B-DMLLLU-CorrEtiq.txt,0.0,0.0,0.0,2.577912152878985,-0.8221786020271294,-0.8097092929396623,-0.8250286473253903,0.42951271096118376,0.0,0.14997203968161038,0.0,-0.07649987688311242,0.09016696346674344,0.1420491120948952,-0.3204135909539177
CSO-14-7A-MVEBE-CorrEtiq.txt,0.0,0.0,0.0,-0.3665083330689156,-0.9424529286169205,-0.8060683549758054,-0.9586637990406123,-0.8681165394373029,0.0,0.37024933992552816,0.0,0.5224284509238641,-0.5074891837564407,-0.7089531046599529,-0.6177673723494932
CSO-14-7B-EALHU-CorrEtiq.txt,0.0,0.0,0.0,3.609368189355847,-0.15886029415790745,-0.8283247669754626,-0.5894484461298128,0.17713138981698104,0.0,0.20412414523193134,0.0,-0.650792473195769,0.20592852584015317,0.3375324968122643,-0.28960595898166647
CSO-14-7B-EVEGO-CorrEtiq.txt,0.0,0.0,0.0,2.34061332039411,-0.42348694856863145,-0.6765667270577118,-0.4339598903751239,-0.4034732923929645,0.0,0.3046898164618037,0.0,-0.5427892788225908,-0.007382409002964304,0.04135488652571943,-0.35957475064432987
CSO-14-8A-AQUMA-CorrEtiq.txt,0.0,0.0,0.0,1.7006289523789635,0.5217249571207231,-0.9047577822839621,0.03375507041971525,-0.24445467266960735,0.0,0.21949519926821023,0.0,-0.44638412831531704,-0.0914178850806427,-0.049866555373273724,-0.25891865894627203
CSO-14-8A-MCIDOS-CorrEtiq.txt,0.0,0.0,0.0,2.409782544108962,-0.7440916048338274,-0.6815371991715903,-0.7512234949117017,0.2790637617664313,0.0,0.05485459945386331,0.0,-0.491470629513478,0.03752639502927181,0.16110504019775213,-0.013238775480066396
CSO-14-8A-SZARA-CorrEtiq.txt,0.0,0.0,0.0,2.0679037566136893,0.157410989575167,0.3155972015489016,0.16876318513890357,-0.7839294959021853,0.0,-0.03954404837453436,0.0,-0.9580473465659447,0.24153892109449462,0.3704628144032957,-0.7955117059860418
CSO-14-8B-JLLORA-CorrEtiq.txt,0.0,0.0,0.0,0.7738257069169828,-0.8451542547285166,-0.7755149821534617,-0.8480264949694748,0.6720460402294627,0.0,0.18447479530945565,0.0,0.14679739204812886,-0.1041384908562388,-0.14873146549597202,0.22426964861069212
CSO-14-9A-AEDCAGO-CorrEtiq.txt,0.0,0.0,0.0,2.2609604284566176,0.09075669379370839,-0.6428040276449551,-0.19297116352505664,-0.4958934830877258,0.0,0.21330419882986934,0.0,-0.7028021810549647,-0.006217295351868809,0.1541744528665662,-0.5174437464597188
CSO-14-9A-HASACA-CorrEtiq.txt,0.0,0.0,0.0,1.605663235430161,-0.4843221048378526,-0.7284313590846836,-0.4843221048378526,-0.4843221048378526,0.0,0.02315817058372966,0.0,-0.10562954660396744,-0.13650472655798734,-0.1553543343533098,-0.3283053930987497
CSO-14-9A-JSMAAL-CorrEtiq.txt,0.0,0.0,0.0,1.8297065576087663,-0.5442462609189465,-0.5570860145311556,-0.5483024819363356,-0.6026752208638964,0.0,0.07038330822124056,0.0,-0.8513798247917096,-0.07960321864428967,-0.05376833450048035,-0.5029978340519747
CSO-14-9A-MARJA-CorrEtiq.txt,0.0,0.0,0.0,2.2912878474779204,-0.7238423518714864,-0.7701540462154053,-0.7291972745477574,0.6050339870781632,0.0,0.19210453330691632,0.0,-0.12216944435630704,-0.07354679525828656,-0.12685940248163896,-0.3626773694669981
CSO-14-9A-SORZU-CorrEtiq.txt,0.0,0.0,0.0,2.064741604835056,-0.4159641549414743,-0.3515615246553262,-0.43805727617170653,-0.38575738600540677,0.0,-0.026466370568880893,0.0,-0.735001716671279,0.2431795909950761,0.46815704547741543,-0.358670426559082
CSO-14-9B-ERAGA-CorrEtiq.txt,0.0,0.0,0.0,2.0679037566136893,-0.6127764571604735,-0.3422239213657887,-0.5692795549038154,-0.13372787033540046,0.0,0.0852544566953995,0.0,-0.5593263871689516,0.24822911880004894,0.2115142229086143,0.023934028868569115
CSO-14-9B-MFEGA-CorrEtiq.txt,0.0,0.0,0.0,2.844452335847639,0.5650320466312654,-0.711643585451541,-0.12211882515199594,1.1405634378464937,0.0,-0.07489219847611381,0.0,-1.148733053788379,0.6780333688559146,0.826102957194111,-0.14560203978709976
CSO-15-10A-LJRAGU-CorrEtiq.txt,0.0,0.0,0.0,2.7136021011998728,-0.7520555001462309,-0.7383206816313616,-0.753472216053747,-0.4525696378552518,0.0,0.4379174944184326,0.0,0.05579524756321184,-0.20678804748029592,-0.2190509023459963,-0.35130588348565805
CSO-15-10A-MAARLO-CorrEtiq.txt,0.0,0.0,0.0,1.8880709195974728,-0.7374218728775619,-0.6939914374318317,-0.7405624155007018,0.15232336621482434,0.0,0.2456597533113529,0.0,-0.38159697476467747,0.1825330062041674,0.1333001323872341,-0.07753076217793708
CSO-15-10A-SFEGA-CorrEtiq.txt,0.0,0.0,0.0,1.8080601485146532,-0.42008402520840293,-0.8250286473253903,-0.42008402520840293,0.5389007950739793,0.0,0.46407700344830477,0.0,-0.3511234415883921,-0.12734290799340298,-0.18503342517157742,-0.011431148554359255
CSO-15-10B-MEBUAR-CorrEtiq.txt,0.0,0.0,0.0,0.6447098871971807,-0.33333333333333337,-0.7425558191640661,-0.33333333333333337,-0.05472959081906011,0.0,0.09837493884798726,0.0,-0.01729380249507697,-0.030260809868811283,-0.0561359725378794,-0.3038592801335941
CSO-15-10B-YVBUAN-CorrEtiq.txt,0.0,0.0,0.0,2.631742935767818,-0.6820598542383466,-0.768679711631117,-0.7166772618878757,0.13754700080343704,0.0,0.3800894118847168,0.0,-0.05783149319662309,-0.045322946621963664,0.021678187654469758,0.08020940817745353
CSO-15-10C-ALBAHO-CorrEtiq.txt,0.0,0.0,0.0,3.4634153146624436,0.2882792664336422,-0.3649819739624923,0.04049838145062316,-0.33733819965826634,0.0,0.2806040222310678,0.0,-1.3516426969658533,0.4386910677206023,0.8658155065479725,-0.09226023068865992
CSO-15-10C-SSCAMO-CorrEtiq.txt,0.0,0.0,0.0,3.6449573777637356,-0.0694877283586314,-0.5930324542321046,-0.19788634539505964,-0.47483269517812454,0.0,0.17452040003256225,0.0,-1.2802100652952557,0.42787360729949125,0.6741087147784639,-0.6032978214071272
CSO-15-11C-JETALO-CorrEtiq.txt,0.0,0.0,0.0,3.0,0.9543603231818838,-0.5212017736912573,0.39862755541188094,0.19200614429492777,0.0,-0.06588222700077939,0.0,-1.6178356678738588,0.7986979992120624,1.4116731535688172,-0.2984536276882599
CSO-15-7B-JCRAGA-CorrEtiq.txt,0.0,0.0,0.0,1.108105558985086,-0.7410478670816719,0.11025441661375188,-0.741730558938231,0.48660177900778867,0.0,0.19003291639866315,0.0,-0.24685482513117624,0.08453789389508475,0.38855680334552434,-0.07174023508426648
CSO-15-8A-VBMABR-CorrEtiq.txt,0.0,0.0,0.0,3.3588392858016256,-0.3214254765978778,-0.8183879352825012,-0.3982865808630247,-0.761926807103557,0.0,0.33889938927374125,0.0,-0.8316767797372768,0.05224955479749816,0.23817391291305798,-0.7401956493746471
CSO-15-8B-KEPOGO-CorrEtiq.txt,0.0,0.0,0.0,0.0,-0.6612233653467519,-0.6224199682387501,-0.6612233653467519,-0.29817785426322396,0.0,0.5445533660108927,0.0,0.27219535496952996,-0.2138214764584771,-0.22898667858318245,-0.37861164493915483
CSO-15-9B-ALRIHE-CorrEtiq.txt,0.0,0.0,0.0,1.3278568889205098,-0.7078383972965656,0.28636437594200853,-0.7152372879493986,-0.7119914934033426,0.0,0.25609426003473185,0.0,-0.27039235357555635,-0.009578702252301098,-0.06955233780295386,-0.7581057725604173
CSO-15-9B-AMSAGO-CorrEtiq.txt,0.0,0.0,0.0,0.9764523860302725,-0.6098782401111319,-0.6953257360766546,-0.615817203084661,0.46304359450434,0.0,0.35106629228554886,0.0,0.17220780322965218,-0.26390445461474255,-0.28081107826858553,-0.052652788771723504
CSO-15-9B-JCAPA-CorrEtiq.txt,0.0,0.0,0.0,1.7138514907409603,-0.7742111880792331,-0.6539285069510805,-0.7778331596716082,-0.3513176330172505,0.0,0.23457266275075722,0.0,-0.10138918071512826,-0.09930885192949643,-0.022479257647957517,-0.4209264181062983
CSO-15-9B-KSBEJA-CorrEtiq.txt,0.0,0.0,0.0,2.8836763607610627,-0.29437151727900435,-0.8021034731021783,-0.3615977675936532,-0.7464732125667866,0.0,-0.04423271595429622,0.0,-1.0069878531292282,0.21393943560803141,0.3405553751190783,-0.8224011903222115
CSO-15-9B-RMCHLU-CorrEtiq.txt,0.0,0.0,0.0,2.0794920478367005,0.8398695922129715,-0.8058661368159445,0.15917673048843733,0.1660992752354619,0.0,0.30914446185589006,0.0,-0.7794058832475066,-0.015810149796214423,0.045599407273257245,-0.48991091940243736
CSO-15-9B-SJAGRO-CorrEtiq.txt,0.0,0.0,0.0,-0.14285714285714288,-0.3868486235154661,-0.6858384246165892,-0.3868486235154661,-0.6073516944008988,0.0,0.3372683461688714,0.0,0.2396820580517932,-0.13879023533801665,-0.2376048463454732,-0.5251948031335797
CSO-16-10A-JEGAHE-CorrEtiq.txt,0.0,0.0,0.0,2.591988701427746,-0.6073516944008988,-0.7603476001106327,-0.6081636405595373,-0.5241424183609591,0.0,0.23373206289776002,0.0,-0.494311532742982,0.009072557596492331,0.14051884195619904,-0.46956588676865696
CSO-16-10A-MSACO-CorrEtiq.txt,0.0,0.0,0.0,2.0768805540571886,-0.7383206816313616,-0.6721239770148241,-0.7431605356175383,-0.43148400027826295,0.0,0.34027852368936073,0.0,-0.10050378152592233,-0.021324918758877865,0.078149753835026,-0.41189932241391697
CSO-16-10A-SARI-CorrEtiq.txt,0.0,0.0,0.0,1.8829377433825436,-0.7302967433402214,-0.46852128566581813,-0.73197454087181,-0.7653447736745027,0.0,0.09165928452175844,0.0,-0.10050378152592146,0.16329026988378054,0.23364421588704462,-0.6887256022207792
CSO-16-10A-SMOUT-CorrEtiq.txt,0.0,0.0,0.0,1.2906223506019097,-0.5089133578079825,-0.5026028286234493,-0.5155800469472481,-0.4155813868856491,0.0,0.0515178060567643,0.0,-0.7004500865013387,0.07367952486573195,0.31403683672114313,-0.09113866406535623
CSO-16-10A-YKMUJO-CorrEtiq.txt,0.0,0.0,0.0,1.8322612478187175,-0.753472216053747,-0.885186431288826,-0.7718449849879598,-0.7808688094430303,0.0,0.20745863808804813,0.0,-0.2473328386681542,-0.12006405124555346,-0.18852674393211344,-0.5542942894617359
CSO-16-10B-JESUGU-CorrEtiq.txt,0.0,0.0,0.0,-0.14285714285714288,-0.6975549366813272,-0.6314468787784175,-0.7012263844101363,0.23782633775949485,0.0,0.4341448605595879,0.0,0.1906668738094304,-0.452163486876469,-0.31093978089167745,-0.03404945704890838
CSO-16-10B-LTVIFA-CorrEtiq.txt,0.0,0.0,0.0,0.0,-0.4718762485444965,-0.5334650693692645,-0.4718762485444965,-0.38282307929306586,0.0,0.20260152923993002,0.0,0.32390939217495907,-0.25921224992645137,-0.22217055165160238,-0.3637245048333746
CSO-16-10B-VVILI-CorrEtiq.txt,0.0,0.0,0.0,2.0029810718587293,-0.0503154605426628,-0.7142128671563462,0.0,-0.6461434960606022,0.0,-0.017718080298636026,0.0,-0.9370069000644794,0.17307029543744243,0.32527949869690376,-0.6434214321187485
CSO-16-10C-ACALGU-CorrEtiq.txt,0.0,0.0,0.0,1.566725631095693,-0.6115928396627265,-0.7323338372368241,-0.6530689342496792,-0.27435163058436723,0.0,0.46771328246926713,0.0,0.030693046740735225,-0.319197105959359,-0.2813349929348192,-0.4345297335294091
CSO-16-10C-MAVAVE-CorrEtiq.txt,0.0,0.0,0.0,1.5935010563007983,-0.5539011432895853,-0.5735010951647187,-0.5557907324839464,-0.3865556717425342,0.0,0.14506536015509908,0.0,-0.2116750527883532,-0.018128905621833405,0.10326076393117373,-0.48948766111256825
CSO-16-11A-JAVABO-CorrEtiq.txt,0.0,0.0,0.0,0.0,-0.6308932681440449,-0.6224199682387501,-0.6311687442672026,-0.27435163058436723,0.0,0.15694120514358612,0.0,0.11876113821299226,-0.13494163439598517,-0.17608662615885992,-0.32879389459862063
CSO-16-11A-JDMUVA-CorrEtiq.txt,0.0,0.0,0.0,1.8873229277744747,-0.6227211150241327,-0.6318121381504392,-0.6255432421712244,-0.518624704252129,0.0,0.4550897086588291,0.0,-0.18384490520632985,-0.22015175693754652,-0.2030330773925649,-0.5386483008841838
CSO-16-11A-VZAOR-CorrEtiq.txt,0.0,0.0,0.0,1.5436444810345364,-0.6167680326222498,-0.5155800469472481,-0.6172133998483676,-0.6409831055487921,0.0,-0.05977592815094786,0.0,-0.17586311452816006,0.03878927508443641,0.1627392380291845,-0.663768761894676
CSO-16-11B-KRORE-CorrEtiq.txt,0.0,0.0,0.0,2.384680634387767,-0.6445033866354897,-0.6755707652959962,-0.6445033866354897,-0.674199862463242,0.0,0.3012630337721439,0.0,-0.025007816164017333,-0.058153865287264114,-0.004451147851394778,-0.4961887253317567
CSO-16-11B-LLOZA-CorrEtiq.txt,0.0,0.0,0.0,-0.14285714285714288,-0.5696519211398117,-0.6081636405595374,-0.571823370154915,0.0,0.0,0.3882156071153108,0.0,-0.011111797045678145,-0.21186601765142687,-0.19097538553033772,-0.33123356406292687
CSO-16-11B-YAROMO-CorrEtiq.txt,0.0,0.0,0.0,2.2912878474779204,1.9611613513818402,-0.5793584501023474,1.3031366956814663,-0.4556210808256099,0.0,-0.5375160850967455,0.0,-1.7247952986022408,1.0158806422802487,1.182245019269901,-0.4724904575463135
CSO-16-9A-JALEMO-CorrEtiq.txt,0.0,0.0,0.0,1.3521480200952651,0.6192649644109693,-0.6861085686350006,0.274477616010933,-0.5745868196722703,0.0,0.336417498845315,0.0,-0.4019358443856524,-0.32538798887896414,-0.2379625346929544,-0.6122655555774668
CSO-16-9A-JPROSO-CorrEtiq.txt,0.0,0.0,0.0,2.591988701427746,-0.6224199682387501,-0.5474433209040426,-0.6224199682387501,-0.6585527740981747,0.0,-0.23606546528710007,0.0,-1.0425392285426347,0.3976459451756536,0.5586295305756811,-0.6968370941856123
CSO-16-9A-JSMAGU-CorrEtiq.txt,0.0,0.0,0.0,2.137743713949008,-0.41227061401449305,-0.7582496212034737,-0.6410832172066031,-0.24876111929095715,0.0,0.19586310073594848,0.0,-0.12149134784615735,-0.11458694063396349,-0.04693564086222414,-0.16678422106958735
CSO-16-9B-SJPAJI-CorrEtiq.txt,0.0,0.0,0.0,1.8856180831641267,-0.6764179117834591,-0.753472216053747,-0.6764179117834591,-0.5483870967741936,0.0,0.21231761788080664,0.0,0.08349455099870536,-0.14285714285714274,-0.18297417803039626,-0.597221467722186
CSO-17-10A-YVGOCA-CorrEtiq.txt,0.0,0.0,0.0,1.8856180831641267,-0.5773502691896258,-0.8006407690254357,-0.5773502691896258,0.16552117772047362,0.0,0.49627918454999304,0.0,-0.20678804748029525,-0.05931974602942233,-0.02898085769343135,0.34981591664177597
CSO-17-10B-EHECO-CorrEtiq.txt,0.0,0.0,0.0,2.807487793642766,-0.6212307673726729,-0.6715422892250629,-0.6239816052049872,-0.6700569668917451,0.0,0.26254537647190623,0.0,-0.79075478923423,0.15421808655499913,0.256039826017066,-0.6092382210025813
CSO-17-10B-YCQUVE-CorrEtiq.txt,0.0,0.0,0.0,3.0,0.4913036844405174,-0.8006407690254357,0.2997429343419657,-0.1742080512218889,0.0,-0.005616648154381753,0.0,-1.050408022394932,0.27113827391199646,0.35474499717170765,-0.6275896817541049
CSO-17-11A-DJAPA-CorrEtiq.txt,0.0,0.0,0.0,2.3804761428476167,-0.4525696378552518,-0.6917024963842813,-0.49308605102451086,-0.5241424183609591,0.0,0.16971600712823076,0.0,-0.5944892941095861,-0.05394555494735946,0.05201061777535613,-0.5310502692676171
CSO-17-11A-JDAMO-CorrEtiq.txt,0.0,0.0,0.0,3.951456415683958,-0.6875250106775652,-0.7293249574894728,-0.7079254068700294,-0.6065478321914929,0.0,0.28087504941001673,0.0,-0.34171344071926146,-0.11780982118366584,0.04380372670114242,-0.6041168742633383
CSO-17-11A-NPAHE-CorrEtiq.txt,0.0,0.0,0.0,1.117621076856269,-0.5180653234396059,-0.7152372879493986,-0.5241424183609591,-0.5129151195709855,0.0,0.5063731946216279,0.0,0.40347329239296253,-0.4677423082464946,-0.4730702635031252,-0.5040272957557368
CSO-17-11A-RLPAIG-CorrEtiq.txt,0.0,0.0,0.0,1.103697887357608,-0.030688292833824217,-0.08834577066952506,-0.4177520532974264,-0.4024994686765164,0.0,0.14379629340541217,0.0,-0.7087146743171122,0.3122891533793013,0.5804856916776062,-0.49736313934821275
CSO-17-11A-SPUVA-CorrEtiq.txt,0.0,0.0,0.0,2.3274413883336234,-0.7210145458623844,-0.8030916961385584,-0.7260473352800032,0.6314468787784175,0.0,0.10522245746814264,0.0,-0.35147052408758983,0.13635738464377062,0.2345909085180502,0.29285323642208405
CSO-17-11B-CDBEBU-CorrEtiq.txt,0.0,0.0,0.0,2.2096047024697585,0.011044442167443564,-0.7383270356262642,0.011976101471754003,-0.5072481957268729,0.0,0.14428556559131595,0.0,-0.5295078334938839,0.22880582938395524,0.10635097247758955,-0.5532659115749814
CSO-17-11C-JDAAG-CorrEtiq.txt,0.0,0.0,0.0,-0.14285714285714288,-0.5,-0.6611099775215864,-0.5,-0.07357830138463456,0.0,0.35790640572036025,0.0,0.5894484461298135,-0.23582931872539117,-0.3460607112122364,-0.2025003393569023
CSO-17-11C-MAPAMA-CorrEtiq.txt,0.0,0.0,0.0,1.0702388536275742,-0.58481530992811,-0.644278153923165,-0.58481530992811,-0.6167680326222498,0.0,0.01317250121984937,0.0,-0.42712109808862564,0.259633339061241,0.3033606361123807,-0.5773156737222453
CSO-17-11C-MCAAG-CorrEtiq.txt,0.0,0.0,0.0,2.4784787961282104,-0.6327423103919285,-0.7453559924999299,-0.6373946789425038,-0.5180653234396059,0.0,0.2536475233219676,0.0,-0.2575341522187454,-0.06330093572502184,-0.05248457439629017,-0.5930173424640807
CSO-17-11C-SARJA-CorrEtiq.txt,0.0,0.0,0.0,-0.12168046219153206,-0.4540953593404309,-0.7294156683460898,-0.4540953593404309,0.5439375965448969,0.0,0.3009371250642119,0.0,-0.11322038373717724,-0.15747220157844238,-0.03251509598506434,0.05133057216157226
CSO-18-11A-ADBAHO-CorrEtiq.txt,0.0,0.0,0.0,-0.10050378152592122,0.1336010490263057,-0.6461623427559643,0.1956984219160327,-0.4418360821684622,0.0,0.3030784238263154,0.0,-0.44861642782694927,-0.4023327489122619,-0.3810753735455414,-0.47674184569324357
CSO-18-11B-YLLRE-CorrEtiq.txt,0.0,0.0,0.0,2.213211486674006,-0.5937322507759796,-0.7812480200608491,-0.5937322507759796,-0.07322520259382131,0.0,0.1733978521919059,0.0,0.08076053660350165,-0.06319641953273314,-0.04171850892688294,-0.01662506211562329
CSO-18-9B-MAMOLO-CorrEtiq.txt,0.0,0.0,0.0,3.9135706880829155,0.44183608216846215,-0.5241424183609591,0.039637001764470936,-0.49535030901731997,0.0,-0.2960582586603142,0.0,-1.5653215614970644,0.7684732793678399,0.9758049739920079,-0.48937914320386083
CSO-8-3A-AIPRBR-CorrEtiq.txt,0.0,0.0,0.0,1.5294934391835144,-0.9309493362512626,-0.7896130531772135,-0.9455109766412951,0.223675844161305,0.0,0.12754473798104732,0.0,-0.10502100630210023,0.10145716828202085,0.07815933969909775,-0.2840228595618222
CSO-8-3A-DAPAVA-CorrEtiq.txt,0.0,0.0,0.0,2.370629249995805,0.5199045022208312,-0.2752286038943148,-0.0680939436535107,-0.40145231590737884,0.0,-0.22755204959542993,0.0,-1.0169503597462528,0.2950746596500186,0.6352072507575676,-0.5900943809812684
CSO-8-3A-KVPECO-CorrEtiq.txt,0.0,0.0,0.0,1.6115589663919447,-0.9928346591550155,-0.7745966692414833,-1.0208090550684275,0.0,0.0,0.2932201401717896,0.0,-0.06273298074652114,-0.20485725733774815,-0.14759380318990314,-0.3160253423637557
CSO-8-4A-ARAGR-CorrEtiq.txt,0.0,0.0,0.0,2.2061179547721133,0.5159899808730962,-0.6703671202997136,0.2444812086996358,-0.6172968860395132,0.0,0.2877546306079025,0.0,-0.5667440353652781,0.13314243090933273,0.09885854083646224,-0.5304718100476027
CSO-8-4A-JRAAR-CorrEtiq.txt,0.0,0.0,0.0,2.62257715362188,-1.279887565921348,-1.0041252183722431,-1.309144093087308,-1.0235206749478283,0.0,0.12459015192257655,0.0,-0.38088779968322595,-0.16023274798603587,-0.21621399992825346,-1.0682621564813282
CSO-9-2A-EXMOCO-CorrEtiq.txt,0.0,0.0,0.0,2.086621906005796,-0.82934187542027,-0.7282956597405348,-0.8205527240271441,-0.09808718133344879,0.0,-0.5874633581157707,0.0,0.0,0.048564293117863255,0.021694180147738464,0.15160555750061602
CSO-9-4A-AGAPE-CorrEtiq.txt,0.0,0.0,0.0,0.0,-0.005663641536579949,-0.7686967103262294,-0.07526011610986086,-0.48528110149544207,0.0,0.4286566630668436,0.0,-0.017202864903395402,-0.37124885884864445,-0.3259097171252877,-0.216787181145276
CSO-9-4A-DKVIMO-CorrEtiq.txt,0.0,0.0,0.0,2.159721100045782,-0.8789200363050959,-0.775674744459429,-0.8823915077589173,-0.7679871292663026,0.0,0.2826524238951106,0.0,-0.25160218548897445,-0.21786595146980758,-0.16694762394068383,-0.7903971083246342
CSO-9-4A-DSMOMU-CorrEtiq.txt,0.0,0.0,0.0,2.70801280154532,-0.5865884600854132,-0.59695073913753,-0.5915167019106974,-0.6929177655843248,0.0,0.2799724333930944,0.0,-0.5883484054145518,-0.030632984363228897,0.050409200015009224,-0.5958017014836419
CSO-9-4A-DVGATO-CorrEtiq.txt,0.0,0.0,0.0,2.586949495507729,-0.22071356783331292,-0.6101545896612097,-0.22528508681446086,0.05307448924342757,0.0,-0.14021768982041702,0.0,-1.0508240044447827,0.47359803929027056,0.5430547326136606,-0.22994218601374894
CSO-9-4A-EGCAMO-CorrEtiq.txt,0.0,0.0,0.0,2.591988701427746,0.3705222783217463,-0.31740244614849844,0.13206763594884358,0.021571571868774817,0.0,0.1548810326925622,0.0,-0.7756747444594274,0.011868652431964456,0.1377420053478314,-0.24192075363486318
CSO-9-4A-FAGIGA-CorrEtiq.txt,0.0,0.0,0.0,1.4456950527324484,0.7440450333335227,0.331984420872152,0.19789269196429668,-0.7410478670816719,0.0,-0.26311647727840964,0.0,-1.3327332652127297,0.2455970006004976,0.4653660650029716,-0.7891511310841097
CSO-9-4A-GSBRCO-CorrEtiq.txt,0.0,0.0,0.0,3.0062623319869206,-0.8001484963586747,-0.1267981539093458,-0.8067829019535002,-0.16230502062503194,0.0,0.280301829862872,0.0,-0.9233002089514475,0.018239277651486405,0.33043921662449177,-0.5303341954490102
CSO-9-4A-KEMOCO-CorrEtiq.txt,0.0,0.0,0.0,3.4017973988667873,-0.8474034261318018,-0.8118379755508293,-0.8575894485643645,0.19786194053145956,0.0,0.29127991248977264,0.0,-0.45454545454545503,0.0,0.12231578758598204,-0.2976995189917212
CSO-9-4A-LCOMO-CorrEtiq.txt,0.0,0.0,0.0,2.3972315892483644,0.1585430077489717,-0.6462756415060877,0.11113652504114634,0.05805050848867338,0.0,0.09930300495473005,0.0,-0.9132074562849499,0.28894021323339625,0.3743578678707896,0.09142904794156358
CSO-9-4A-MLORO-CorrEtiq.txt,0.0,0.0,0.0,3.1173596631026013,-0.922238362768627,-0.7878385971583354,-0.9424529286169205,0.8371935923658695,0.0,0.08349455099870637,0.0,-0.5634383193501231,0.3134805340414047,0.33128498476300194,-0.2363883767297036
CSO-9-4A-MPAME-CorrEtiq.txt,0.0,0.0,0.0,3.0,-0.6495292022220034,-0.7687261973569801,-0.5592182030618442,-0.884995910835368,0.0,-0.005063956532155858,0.0,-0.3645026948434513,0.3426948926297507,0.26686538918079944,-0.9323918882863145
CSO-9-4A-NSARPA-CorrEtiq.txt,0.0,0.0,0.0,1.0587390548712299,-0.3533553961555322,-0.7410588605429465,-0.3023864337913577,-0.7289020530677579,0.0,0.3712281965234853,0.0,-0.23284413531846032,-0.2687181859453024,-0.06375972370598841,-0.7484414360714493
CSO-9-4A-SLOCA-CorrEtiq.txt,0.0,0.0,0.0,2.591988701427746,-0.9431801188368527,-0.8056639186560838,-0.961523947640823,0.46852128566581824,0.0,-0.05132894331218704,0.0,-0.1551682720889012,0.10710931393690498,0.21927580869705204,0.3911135220803191
CSO-9-4A-YVDITR-CorrEtiq.txt,0.0,0.0,0.0,2.6005746076668688,-0.6047784541585633,-1.1128179174367923,-0.6741672493851742,1.0889617049187637,0.0,0.21701347554216308,0.0,-0.04227449165816545,-0.1351583205637224,-0.10384505965909183,-0.1727317263221727
