file,z_wc,z_nodes,z_edges,z_re,z_pe,z_l1,z_l2,z_l3,z_lcc,z_lsc,z_atd,z_density,z_diameter,z_asp,z_cc
CDMS-10-4A-JURAN-CorrEtiq.txt,0.0,0.0,0.0,7.606494234331256,1.6363039647311877,-1.2793505794121,-0.728518510385848,4.639647239767394,0.0,0.4037635136216377,0.0,-3.7810709233899704,-0.40642938040623605,0.5364384329633504,-2.2312302072437555
CDMS-10-5A-HEPIHO-CorrEtiq.txt,0.0,0.0,0.0,7.166866135679837,-0.9463182943710157,-1.7490490163323025,-1.6281278766773242,1.5534447192708414,0.0,-0.38688711738080156,0.0,-3.1292766580232163,0.4308905741581948,0.6020249987046745,-0.7916607377434716
CDMS-10-5A-KSRAGU-CorrEtiq.txt,0.0,0.0,0.0,7.354940385763493,-0.605453031551481,-0.2884421844223227,-1.3498309494280092,-0.7518762114307017,0.0,-0.2982100259896147,0.0,-3.3834041508617267,-0.3076613486827318,1.5930406930989973,-2.330142121798331
CDMS-10-5A-SROPU-CorrEtiq.txt,0.0,0.0,0.0,10.0,1.880813895765079,-0.5117611657917063,-0.8196574827058768,-2.4444259547756277,0.0,-1.2251849047731607,0.0,-6.482597427687439,3.137354132217878,5.556574835770355,-0.790354929086002
CDMS-10-5A-SZURO-CorrEtiq.txt,0.0,0.0,0.0,9.415181063403368,-1.6676043991952583,-1.366958177374278,-2.1241299851466438,1.9956348271659614,0.0,-0.23783527641834476,0.0,-5.242990588934582,1.4815335293831768,3.825428363715165,-0.8188785245759241
CDMS-10-5B-SRAJA-CorrEtiq.txt,0.0,0.0,0.0,5.619671541927544,-2.0396498820438795,-1.981325886810779,-2.4940142785981747,0.40044184643500724,0.0,0.4830285732711172,0.0,-1.6677309224235022,-0.20887523348945156,-0.49964916111347984,-0.2804733577425729
CDMS-10-5C-DAAUSA-CorrEtiq.txt,0.0,0.0,0.0,8.141232073875027,-0.61884965551013,-1.5995772768414573,-1.4149083332305725,4.308593209593171,0.0,-1.2980047735328635,0.0,-4.631950666696699,0.5171762689463335,1.976597627788224,-1.0895715429251975
CDMS-10-5C-JFALGI-CorrEtiq.txt,0.0,0.0,0.0,6.371792621070161,-0.7022220348223053,-2.3014648619508433,-2.705407775943423,9.803800163990966,0.0,0.8103941293130299,0.0,-2.175291405495603,0.8427009716003847,0.941600487379874,-0.2010134844815661
CDMS-10-5C-MAORTO-CorrEtiq.txt,0.0,0.0,0.0,8.766597369963891,-0.37155494394182803,-0.7365152204276325,-2.422491302110814,2.27422045497114,0.0,-0.3282828012329988,0.0,-5.346540647808285,0.4227877000685482,1.8313838843144756,-1.780003565116403
CDMS-10-5C-NBEMO-CorrEtiq.txt,0.0,0.0,0.0,8.171637026453604,-1.20356572791801,0.604767666236799,-1.6407884075925312,-0.6657102145760463,0.0,-0.33637883711560884,0.0,-5.008448828803084,-0.4774765551893421,1.303457415535405,-1.0684065249598171
CDMS-10-6B-ASCACO-CorrEtiq.txt,0.0,0.0,0.0,8.113757023026562,-3.0403727950042683,-2.426274985138313,-3.338226838603019,1.7925831576660087,0.0,-0.43831250393044047,0.0,-2.6164807257827105,-0.15948546852897905,0.04168639005502184,0.2016894094450919
CDMS-10-6B-JJMOBE-CorrEtiq.txt,0.0,0.0,0.0,8.829026751574933,-0.8777260080053662,-1.905832604222946,-1.0608041153310743,2.436806349984972,0.0,0.18775513274276917,0.0,-4.268089856250407,0.6597671990935116,2.1771490877966206,-2.269145571776515
CDMS-11-4A-GACHSA-CorrEtiq.txt,0.0,0.0,0.0,9.282902208850214,-1.3522287375577577,-1.111297630272427,-2.384108204453192,2.5954612003222968,0.0,-0.040784246825555884,0.0,-6.994696258515361,0.48776541168508175,3.3001901746228284,-0.8149900093060823
CDMS-11-5A-EAARCA-CorrEtiq.txt,0.0,0.0,0.0,8.087436247662767,-2.343632540256613,-1.505549688775895,-3.1599324767298103,2.5167445509368362,0.0,0.9332386167608572,0.0,-3.8256990189320765,-0.7648276259763965,1.3554788273751612,-0.7047092393698383
CDMS-11-5A-MGTHAR-CorrEtiq.txt,0.0,0.0,0.0,7.766232839246754,-2.007183209965321,-0.5596333136943237,-2.8531231536134745,1.6636640067026223,0.0,-0.8065135510621075,0.0,-4.053290717550927,2.4336400125640085,2.4924779354718947,-2.0469119578777986
CDMS-11-6A-DFVEBE-CorrEtiq.txt,0.0,0.0,0.0,5.86314177786932,-2.1647455308224424,1.4289447379983085,-2.25603863384896,-1.3292799871950152,0.0,-0.019093637174618927,0.0,-2.681041209770812,-0.12397804732376635,1.077014260929246,-1.1439749024916108
CDMS-11-6A-NMREPR-CorrEtiq.txt,0.0,0.0,0.0,9.679675006609191,-2.071613766087078,-1.9603797702099424,-2.2558708964294696,1.2523763403483248,0.0,-0.7925566953205357,0.0,-4.366313991838147,1.5487595877317368,3.0449091003361075,-1.1023152603094315
CDMS-11-6B-ARAHE-CorrEtiq.txt,0.0,0.0,0.0,9.37468451666479,-2.4795182288424216,0.5747597636830543,-2.7488753951250247,0.3425330248001596,0.0,-0.8190971512080463,0.0,-5.30690668508219,1.0049602179502861,2.7093647280573876,-2.842444743724204
CDMS-11-6B-AVROTO-CorrEtiq.txt,0.0,0.0,0.0,7.093341317112295,-1.1804772585444112,-1.6727301288287464,-1.11138441858227,0.20157850068524974,0.0,-0.10859381843747917,0.0,-1.8104397637854577,0.07769309688655009,0.4054358897419872,0.7055463021631826
CDMS-11-6B-EAFESA-CorrEtiq.txt,0.0,0.0,0.0,9.982520660161192,-0.9007210648719192,-1.075922622650878,-2.088935136582232,-1.5342026688335775,0.0,-0.5326153453918759,0.0,-7.121336079807919,1.5116522386865,3.8301867892297614,-1.2906050049029942
CDMS-11-6B-EFRGR-CorrEtiq.txt,0.0,0.0,0.0,9.483878677311369,-2.3283112351535262,-0.9854153151194929,-3.199621434684157,8.804734510983906,0.0,-0.6305628169452652,0.0,-6.194691134301414,-0.3440066749203236,3.507739207141277,-1.1386144049342928
CDMS-11-6B-EROCO-CorrEtiq.txt,0.0,0.0,0.0,7.564761821426631,-0.4332263770603645,-1.3081942355950706,-2.20896589267582,1.2877513783735701,0.0,-0.13881853078020814,0.0,-2.853227080403034,-0.026735674352058106,1.4323625670163223,-0.8207583581761835
CDMS-11-6B-JACUPE-CorrEtiq.txt,0.0,0.0,0.0,7.913945379446399,-0.012625026288782837,1.7545425652910922,-1.1020404588599013,0.9037453212932418,0.0,-1.2636028136037836,0.0,-6.19966403656154,0.9807679633502502,2.616977383954108,-1.4327730495118356
CDMS-11-6B-JDCHBA-CorrEtiq.txt,0.0,0.0,0.0,7.970510692340116,1.3776371259413065,0.2746948287876127,-0.22435612406569586,0.7554308530197922,0.0,-0.6964592790463598,0.0,-5.398308825933259,1.2482767202198641,2.882806693908444,-1.04067555191744
CDMS-11-6B-JFSAHE-CorrEtiq.txt,0.0,0.0,0.0,9.13528072906515,-0.9306340216146696,-1.8538369018988672,-0.9513460247382485,4.139408296214718,0.0,0.46546281242927706,0.0,-4.466239184164085,-0.05277211875909121,1.072640757914243,-2.636122274223724
CDMS-11-6B-JLPENA-CorrEtiq.txt,0.0,0.0,0.0,5.08229751219451,1.312359873897934,0.643267520902677,0.8839956817198242,1.0276030450885552,0.0,-2.6575577271683337,0.0,-4.852618335725979,1.5376675246082578,3.3593358056357583,-1.7514756428717648
CDMS-11-6B-JMARME-CorrEtiq.txt,0.0,0.0,0.0,8.730214939316769,0.26488762483083766,-1.8597318221474084,-1.4882704837612977,2.084453560776287,0.0,0.5680304965647334,0.0,-4.744400095463971,1.1135713542005792,2.319070215690913,-0.4069512098283226
CDMS-11-6B-JPSAMA-CorrEtiq.txt,0.0,0.0,0.0,6.8426157598629,1.3842217602339986,-1.0180043613477008,-1.2098868570114227,0.017624161997087384,0.0,-0.9962871284669199,0.0,-3.325690725169275,1.5429068325507391,1.2852802664139134,0.7307920930104539
CDMS-11-6B-LESTA-CorrEtiq.txt,0.0,0.0,0.0,10.0,-1.6725901186531036,-1.5559218764817397,-2.7657420893394256,6.165001191648656,0.0,-1.459030789275272,0.0,-4.8683109124248585,0.18795605580269642,1.718484531700691,-1.577818972587239
CDMS-11-6B-MAGIMU-CorrEtiq.txt,0.0,0.0,0.0,9.600745007468259,-1.4735988460299965,-2.2445867906816743,-2.2875702366362236,7.066802891655547,0.0,-0.8828955120174067,0.0,-5.322625854646906,1.1741295666737586,2.3243086158988397,-0.29009092983260754
CDMS-11-6B-MEBRTA-CorrEtiq.txt,0.0,0.0,0.0,7.2522815573576525,1.6946530401916609,0.3348744110513907,-1.0475805189261393,-1.3331362367482529,0.0,-2.0093367422202304,0.0,-5.13100793060741,2.789943329851663,3.5815547599293436,-1.9074400180687923
CDMS-11-6B-MMAMO-CorrEtiq.txt,0.0,0.0,0.0,6.530575986149798,-1.4979270066446035,-0.599689077171421,-1.349463751321565,2.1476048765292868,0.0,0.4943762280983767,0.0,-3.1360390311586834,-0.21581925299652746,0.8345970330056757,-0.0411775025830714
CDMS-11-6B-RSECA-CorrEtiq.txt,0.0,0.0,0.0,8.841169634859108,1.3852534983093818,-2.0454186674261186,-1.9659863301145895,1.4628824879308566,0.0,-0.9861779975817357,0.0,-3.8037639632750513,0.4927849861576733,0.7305420556763484,-0.6229847331385335
CDMS-11-6B-SCAPA-CorrEtiq.txt,0.0,0.0,0.0,9.019758251963825,-2.1191229284794537,-2.004607239461597,-2.617786076823153,0.5718855026690038,0.0,0.8553792038014463,0.0,-3.782529716984403,0.06560610252610388,0.9852140942469724,-2.63831048476627
CDMS-11-6B-VZAPE-CorrEtiq.txt,0.0,0.0,0.0,9.781270195584067,-0.3088568911481563,-0.4795453074229071,-1.5638145589948698,1.4310655285335,0.0,-0.5282437716227023,0.0,-8.433182559155835,0.9792558478689659,3.9627452397551703,-2.594505304024393
CDMS-11-6B-YLNIME-CorrEtiq.txt,0.0,0.0,0.0,5.927946507031123,-1.6284730975323038,-2.1721433089053246,-1.8906609707895097,0.5721599677219564,0.0,-0.4834209635126648,0.0,-1.9754647222138322,-0.42126524290517475,0.2226526739644683,-1.2821474298603088
CDMS-11-7C-ICARE-CorrEtiq.txt,0.0,0.0,0.0,9.83485791563664,0.9261723148551132,-1.8759661168583488,-0.5402046433239226,1.608585478880071,0.0,-1.636205521073836,0.0,-5.622051080571312,2.1238985728474558,3.216694908337711,-0.12503135219809602
CDMS-11-7C-IMOIB-CorrEtiq.txt,0.0,0.0,0.0,8.483898148409802,-0.6593420034713189,-0.3021236220654709,-1.419019667569313,-0.5782894144201519,0.0,0.25295207574675765,0.0,-4.197465896077113,0.0450046820283694,1.1384152197285566,-0.9112685612391997
CDMS-11-7C-SALMA-CorrEtiq.txt,0.0,0.0,0.0,10.0,-1.1628185895757772,-2.1763717321417198,-2.4123242914273955,1.161258267450792,0.0,0.4126920455598609,0.0,-4.858207004139303,-0.2504518335918657,1.4586447564203608,-1.096410604068829
CDMS-11-7C-SPGAVE-CorrEtiq.txt,0.0,0.0,0.0,9.487350433493358,-0.7145919706878546,1.7159659438890222,-1.0157148884074085,1.4954425515164051,0.0,0.03849124222387891,0.0,-6.258700902323248,0.6337641971739797,2.8337834642018613,0.38417702624405903
CDMS-12-5A-SRIGO-CorrEtiq.txt,0.0,0.0,0.0,9.432067765901845,-0.6316116916650383,-0.42070596436576985,-1.190952335408026,-0.7105056491148317,0.0,0.3367418121475696,0.0,-5.294661452371021,0.6066441283346412,2.1913122994217877,-0.7098073448613922
CDMS-12-6A-FAROPA-CorrEtiq.txt,0.0,0.0,0.0,7.842986086835704,-1.767074149511192,-0.8066100485202998,-2.091937592461351,-1.0118427298751635,0.0,-0.36696715714098493,0.0,-3.840998178237298,0.13684625481702983,1.2832975919041865,-0.8538852988879477
CDMS-12-6A-JGIGA-CorrEtiq.txt,0.0,0.0,0.0,7.5183487123960315,1.0265255539941995,-1.3634812408638415,-1.1310733319343893,-0.19164139116871937,0.0,0.12972126074275162,0.0,-4.579641746931255,-0.04423158895799362,1.14335474666987,-1.8566851168787533
CDMS-12-6A-JSOTGU-CorrEtiq.txt,0.0,0.0,0.0,9.02274521724209,-1.9348053301482504,-0.9865414445639008,-2.8231335111905613,3.784665059911551,0.0,-1.3449157567300598,0.0,-4.482276716301236,3.075894616804292,4.757999927802098,-1.3125930545296607
CDMS-12-6A-SROAL-CorrEtiq.txt,0.0,0.0,0.0,8.81335296214876,0.26857107074653985,-1.8191924986982906,-1.920507274236347,3.067677722892361,0.0,-0.17476500133959413,0.0,-4.2675707126732405,0.9127006146357756,1.7712007678690302,-1.0356247940306333
CDMS-12-6B-IJDAGA-CorrEtiq.txt,0.0,0.0,0.0,8.456813548673024,-1.668005047365901,1.9181686036949348,-1.2141489369056762,0.4384736935996635,0.0,0.6407142468511019,0.0,-5.661202294050006,0.5448022632618817,2.3525253675979227,-1.4218573816685323
CDMS-12-6B-SCLAG-CorrEtiq.txt,0.0,0.0,0.0,9.063758957203015,0.01730638282854069,-0.06925532186296052,-1.0722646407191074,3.317925623652003,0.0,-0.11610453498921039,0.0,-5.7238950395144705,0.44902902187259824,3.3329204401083357,-1.1867192203853634
CDMS-12-7C-ARAHE-CorrEtiq.txt,0.0,0.0,0.0,6.025517679103693,-1.3528916819308408,-1.8236850966026974,-1.0546278212844356,2.5095126487208357,0.0,-0.24432809993288984,0.0,-2.318810324538616,0.8015454895930342,0.8399367247514959,1.240932301887969
CDMS-12-7C-CATRAR-CorrEtiq.txt,0.0,0.0,0.0,8.531440552576962,-1.1318381165408105,-2.0620382249771847,-1.5545004251524506,2.7220599048837677,0.0,0.05313532980478078,0.0,-4.163004176274753,0.3318699633889016,1.7180463953207818,-1.819191194016742
CDMS-12-7C-DLOLO-CorrEtiq.txt,0.0,0.0,0.0,9.078926154230707,-2.7167763854968525,-1.9581865820162572,-3.6097805301989982,0.7765847501582492,0.0,0.455287150729126,0.0,-3.644123476775346,0.38826967586186484,1.981571631069774,-0.5028643505639913
CDMS-12-7C-JSZAOR-CorrEtiq.txt,0.0,0.0,0.0,5.955683183928629,-0.17691810434206803,-1.2536528520784325,-1.097504701828085,-0.1263788195613407,0.0,-0.1292191476761893,0.0,-2.7724306775994583,0.29943907710357004,0.6073429040573565,-1.683176284279678
CDMS-12-7C-MAROBE-CorrEtiq.txt,0.0,0.0,0.0,8.547690623565607,0.1177775236684248,-1.6758237060863805,-0.5090013089206892,-0.31438016448504374,0.0,0.10767959270448678,0.0,-4.499323021480663,0.864596092298377,2.3122320949409736,0.6441768553226038
CDMS-12-7C-VQURA-CorrEtiq.txt,0.0,0.0,0.0,8.826796418790751,-1.3220556621449526,-1.7057788455568672,-1.6018796625932903,3.5571686833848277,0.0,-0.3021997084000172,0.0,-4.1132576458619186,-0.0419486071292454,1.3713339022328954,-0.6492766509831028
CDMS-13-6B-ASUMO-CorrEtiq.txt,0.0,0.0,0.0,4.386193126589754,-0.9974513190932238,-0.4697013824564809,-0.764911198117051,5.107119900496836,0.0,-0.8390981828831469,0.0,-2.0789256137596555,-0.07784989441615202,-0.10768408036972213,0.6244623233064029
CDMS-13-6B-JDTAHE-CorrEtiq.txt,0.0,0.0,0.0,8.665909131971576,-0.10492701876752539,0.4040076299489259,-2.1102727207817686,0.7740188630786128,0.0,0.42238050663892307,0.0,-4.208915113512904,0.3439926050646918,1.713925118892324,-0.9036288143804714
CDMS-13-7C-MVEAR-CorrEtiq.txt,0.0,0.0,0.0,5.947858241429364,-1.9114918256304119,1.8414940242052302,-2.8330286014259207,-0.33486381996148873,0.0,-0.2815976622424348,0.0,-3.4049292368779347,0.4127465979852064,0.7918582813907595,-0.7310694465452301
CDMS-13-7C-SSOSLO-CorrEtiq.txt,0.0,0.0,0.0,7.438510052702199,-2.2804009964412324,0.08464439158219506,-2.460714562080987,3.332563665798568,0.0,-0.5764320221228555,0.0,-4.1886649648888294,0.29737105620016646,1.918725922910583,-0.7842375493425285
CDMS-14-10A-IMORTO-CorrEtiq.txt,0.0,0.0,0.0,10.0,1.338173149908258,-1.9001432356612695,-0.9987958695555328,-0.671779890262121,0.0,-1.5567822382135545,0.0,-6.871022636301289,0.2796811720285627,4.764629054431075,-2.436296597134482
CDMS-14-10A-JCVANI-CorrEtiq.txt,0.0,0.0,0.0,7.162689503028434,0.41455059866074206,-0.974091914012242,-0.5564376104329376,-1.3661512344593265,0.0,-0.02864528039810698,0.0,-4.075380717199359,0.8446012162570178,2.35605827957409,-1.4327195818101708
CDMS-14-5A-LSDUCO-CorrEtiq.txt,0.0,0.0,0.0,8.544528028995503,0.7770743258768237,-1.5740074560661912,-1.309293064608237,3.790186667006443,0.0,-0.3130262426571625,0.0,-5.241750908242008,0.040987697184905726,2.2046016878837267,-1.331828609266385
CDMS-14-6B-KDCAHE-CorrEtiq.txt,0.0,0.0,0.0,7.655721874558374,1.258880664172823,0.047636535007723746,-0.517055183253243,3.930405771704013,0.0,-1.8209226617402376,0.0,-5.4514635326722765,1.4936111593275094,3.7018546992209242,-1.1800255624628873
CDMS-15-10A-AMALOS-CorrEtiq.txt,0.0,0.0,0.0,8.073011991713699,0.8964128188246622,0.6182267890028305,0.0904162208050766,-1.4556920985919188,0.0,0.27733982004985186,0.0,-6.179084401127753,0.4500188781513315,2.133260447390079,-1.842170837280462
CDMS-15-10A-JJMACH-CorrEtiq.txt,0.0,0.0,0.0,7.758874272284755,-0.8509141645213802,-0.8194836388647464,-1.645396991591273,1.3938464264422967,0.0,-0.20968177208644428,0.0,-3.8913846860938865,0.27487850201210373,1.0990369166544212,-0.9780511420755456
CDMS-15-10A-MAALCA-CorrEtiq.txt,0.0,0.0,0.0,8.272205564636971,-0.4662801379338038,-0.95138374812295,-1.6468168284198768,-0.2821806730926751,0.0,0.4486146550516006,0.0,-4.087678244174753,0.09278620739027299,0.5443147229760571,-0.9382387300881924
CDMS-15-10A-MAALRI-CorrEtiq.txt,0.0,0.0,0.0,7.435338569584148,1.9324350174117113,-0.6890156555612276,0.5637095414674796,0.12550498069089483,0.0,0.12424124566927267,0.0,-4.963657060549563,0.7613184052743159,2.863876204750351,-1.0923319214931495
CDMS-15-10A-SGOMO-CorrEtiq.txt,0.0,0.0,0.0,8.286717324221973,-2.0905820442945915,-1.251503223501331,-2.2050277363377195,0.0690883641346508,0.0,0.6252923240249253,0.0,-3.4658025108560615,-0.008371027239314223,1.4494494873062205,0.14838957337384936
CDMS-15-10A-SHEGA-CorrEtiq.txt,0.0,0.0,0.0,8.149631718226981,-0.9845947856566205,-1.621704032923337,-1.0803104687563834,1.7065129546961424,0.0,-0.356762671263623,0.0,-4.205570501265723,-0.19735420980319143,0.511410466842333,0.341786404688851
CDMS-15-11B-JEMOLO-CorrEtiq.txt,0.0,0.0,0.0,9.070046031154053,-0.3582397020407707,-0.5990836484622616,-1.162079644003058,0.7571950904563689,0.0,-0.23096158369189598,0.0,-5.4241002021896145,1.0017295491324627,2.712062632416926,-0.9345315459162219
CDMS-15-11B-VSAHO-CorrEtiq.txt,0.0,0.0,0.0,10.0,-0.7346568285597401,-0.6616281972380503,-1.7284107183384068,-0.42724738329335754,0.0,-1.1989572452654516,0.0,-6.303078192731972,1.2152722905526263,2.987410470811353,-1.8094124214556029
CDMS-16-10A-SGALO-CorrEtiq.txt,0.0,0.0,0.0,7.248216328068225,-0.4489193421416733,-1.4258376861716446,-0.7298214320458559,0.3684860414335631,0.0,0.5734949119072104,0.0,-3.6221343560397496,-0.08478854664087787,1.315131575701297,-0.44880865397509445
CDMS-16-11B-NGABE-CorrEtiq.txt,0.0,0.0,0.0,5.86831871766867,-0.3549372549785217,-1.0931182113165179,-0.49586085660058626,-1.198530452579399,0.0,-0.3255803671300216,0.0,-3.0318581985754567,0.27403671153497566,0.680207475390229,-0.31962855578207877
CDMS-17-10A-ASSAMO-CorrEtiq.txt,0.0,0.0,0.0,7.096545201150599,-1.2480116100012282,-1.7174888125521224,-1.6237105412912278,1.2719481857794606,0.0,-1.1848088946176996,0.0,-2.512854749952629,-0.40180788564570374,0.06363297718335946,-0.09198196788350751
CDMS-18-7C-VVECA-CorrEtiq.txt,0.0,0.0,0.0,10.0,-1.326588783476864,-1.9180609602184493,-2.030981268480065,0.5233948637262186,0.0,-0.040840530494449946,0.0,-5.625041548724757,0.9582257630990344,2.795725815286429,-0.3427533964171752
CDMS-8-4A-DBEVA-CorrEtiq.txt,0.0,0.0,0.0,6.339396274181918,-1.0502433684225274,-0.6403562050258561,-2.651435817889261,6.646374713077989,0.0,0.6114367331234529,0.0,-2.8874184036968336,-0.7663367747024618,0.8352956667838811,-0.5132061854149151
CDMS-8-4A-DJAVDA-CorrEtiq.txt,0.0,0.0,0.0,8.039988626855266,-0.2877187408322403,1.0896675172921035,-2.5258270995374597,0.31897760776005923,0.0,0.42016550730111785,0.0,-5.5207876802179,1.9651211970312699,1.7636945003135707,-1.7577042028773642
CDMS-8-4A-DOSTR-CorrEtiq.txt,0.0,0.0,0.0,9.028728144153952,-0.5169897275103229,-0.1097436884812771,-1.5948029834026665,5.203728247135352,0.0,-0.21856610725175082,0.0,-5.5419269462438985,1.3902216760737518,3.0330529435626024,-0.9280246515011288
CDMS-8-4A-LGOPA-CorrEtiq.txt,0.0,0.0,0.0,8.58401512362007,0.4912256027023905,-1.5386196672933243,-1.6948886359173159,6.031998870667011,0.0,0.43208853484382254,0.0,-5.132693301406992,1.4355646781318718,3.082174711372748,-0.9233661743511439
CDMS-8-4C-JDBUTU-CorrEtiq.txt,0.0,0.0,0.0,7.109225433373085,-0.9976832606850856,1.2707106503720218,-2.0429443595041534,-1.2850780614575945,0.0,0.7388410678759749,0.0,-4.924633040065527,-0.8022679032595383,0.6000719259658329,-0.01903731184077473
CDMS-9-4A-ACDUTR-CorrEtiq.txt,0.0,0.0,0.0,6.019903305478508,-1.6635433472908732,-0.8715476332912143,-2.6494925442931923,0.6551671795609694,0.0,0.7737395309979813,0.0,-3.2835955288650487,-0.8960585440583674,0.4358278398386285,-0.8337076270187813
CDMS-9-4A-CARGA-CorrEtiq.txt,0.0,0.0,0.0,9.367090772417615,-2.2369347165569446,-1.2108257241727087,-2.861674475999258,2.672263205749631,0.0,-0.2895241501415062,0.0,-4.322153164005025,0.39770827221333516,1.4129156140832748,-0.9031583829579479
CDMS-9-4A-CRAAG-CorrEtiq.txt,0.0,0.0,0.0,6.610841251279929,-0.8325938548050191,-0.45872673421375887,-2.1309281841434036,10.0,0.0,-0.8078334452894061,0.0,-3.6887849024554713,0.23731567159233544,0.07000321822152014,0.914895205014112
CDMS-9-4A-EROHI-CorrEtiq.txt,0.0,0.0,0.0,9.644578945021017,-1.0950350094784727,0.656451208682586,-2.5206779563190853,0.2560048375975838,0.0,0.6357084330318377,0.0,-5.480074928043194,1.4523256135525178,3.6875759176139455,-0.9732344668392299
CDMS-9-4A-ILOSE-CorrEtiq.txt,0.0,0.0,0.0,9.782774109832399,-2.53544242500645,-2.4166765077564745,-2.9397945056330697,5.184854762720521,0.0,-0.7062640290726833,0.0,-4.989198399340173,0.8110790635297387,1.9073492774875276,-2.5532196911154696
CDMS-9-4A-TGAFR-CorrEtiq.txt,0.0,0.0,0.0,7.818035889687009,-1.1837040266711871,-1.9178527684354552,-2.4342494291551446,5.7378420176971785,0.0,-0.2470679836797241,0.0,-4.354564625814542,-0.3659024898740745,0.5419150025509994,-1.620802116194665
CDMS-9-4C-SCAMO-CorrEtiq.txt,0.0,0.0,0.0,5.991585853327821,-1.854769402537567,-0.7281944538822465,-2.19400236287594,1.8982565585488493,0.0,-0.5685390578414008,0.0,-2.1096169714625312,-2.031401056084517,-0.6697387140527065,-0.35321063674716785
CDMS-9-5A-ABERO-CorrEtiq.txt,0.0,0.0,0.0,8.6529797402456,0.11504052498161596,0.311932768300609,-2.24715170840701,1.5023515749880556,0.0,-0.23832113016988646,0.0,-5.621189048232376,0.2454845535491901,2.324580822552359,-1.7673707983939808
CDMS-9-5A-PAGACO-CorrEtiq.txt,0.0,0.0,0.0,7.905879432263809,-1.2725995908010823,-0.37848712726236095,-1.9653910944032569,1.131604490766667,0.0,0.7499990947774687,0.0,-4.051902158950543,0.8117932983027446,2.6157066598575587,-2.1472138944339454
CDMS-9-5A-VVAAR-CorrEtiq.txt,0.0,0.0,0.0,7.725354077477715,-0.5401539796410275,-1.6605066615762036,-0.9092890744490414,1.257827983738194,0.0,-0.29769635829448565,0.0,-5.308871608691159,1.3674743758993642,3.26500751220057,-1.0214132355244447
CDMS-9-5C-JDMADE-CorrEtiq.txt,0.0,0.0,0.0,8.178590697326312,0.4108348637524071,2.5354208865126915,-1.321862926475814,-1.8922579294398865,0.0,0.10666772018022072,0.0,-5.952976619278697,0.8450584675460788,3.583763568989873,-1.3994444519472191
CDMS-9-5C-LVIZAC-CorrEtiq.txt,0.0,0.0,0.0,9.074187304090014,0.1534583092785495,-0.6368147380881318,-0.8486136231488776,4.399088773068995,0.0,-0.49225273663559665,0.0,-5.776863927681255,0.9657220692593375,3.100247432300609,-0.09010155481117159
CDMS-9-5C-MLOGO-CorrEtiq.txt,0.0,0.0,0.0,8.515384652392804,-2.5976029488685057,-0.5800665718041302,-2.9816035746288296,5.128970298866611,0.0,0.13081747732415058,0.0,-4.173798535004345,3.162831230683898,4.988591861774215,0.0818942493629821
CDMS-9-5C-SCAAG-CorrEtiq.txt,0.0,0.0,0.0,8.271271025266296,-1.725068096225733,-0.858584229244135,-1.835993070486151,1.507866255398107,0.0,-0.7336700808095469,0.0,-4.203046988151063,1.5470088919579448,2.5153069410739985,-1.5408276521408177
CDMS-XX-10A-VGILO-CorrEtiq.txt,0.0,0.0,0.0,7.0572904848443905,-2.6626406002118976,1.6463049698421852,-2.62738118757185,-1.6774120501163878,0.0,-0.666876904412056,0.0,-3.592047577738274,-0.3569756397362154,1.4999139890562612,-0.9326341171191966
CDMS-XX-5C-MJSARU-CorrEtiq.txt,0.0,0.0,0.0,8.42986444038656,0.4515626907209313,-1.6010482538342274,-0.027591992135274968,0.8535307602468306,0.0,0.4679303180336828,0.0,-4.957245718385307,1.7347283049487863,2.0170636391243613,-1.7733621112594944
CDMS-XX-5C-MPCAQU-CorrEtiq.txt,0.0,0.0,0.0,9.050306360235002,-1.6352569690667251,-2.1896814002904614,-2.712616477103781,3.5075944006728292,0.0,0.28191703860705747,0.0,-3.6028705342476073,-0.47959819805993703,1.0006109219379196,-0.6827504867142875
CDMS-XX-6A-MAGICA-CorrEtiq.txt,0.0,0.0,0.0,8.217662913187826,-0.9840035574803043,-1.4300426197128076,-1.875422919025313,1.8132620356591538,0.0,0.4390171188492389,0.0,-4.084988133668614,0.6415789126357075,2.794529308302989,-1.1174900618700054
CDMS-XX-6B-SPUCA-CorrEtiq.txt,0.0,0.0,0.0,7.839920386340803,2.2804915267388806,-1.8009739760828665,-0.41579187766610515,-0.6885698885030941,0.0,0.26948250462169276,0.0,-4.489962810121064,-0.2319749327577429,1.995945524464389,-0.6469290807361683
CSO-10-4A-ICAPA-CorrEtiq.txt,0.0,0.0,0.0,7.732989222391468,-0.4866913049805519,-2.102534357280439,-2.2153023257242244,-1.3954487525016672,0.0,0.6403160618225922,0.0,-4.363946476870294,0.4975669149824574,1.8158870032017516,-0.2349908556633874
CSO-10-4A-KCOMO-CorrEtiq.txt,0.0,0.0,0.0,7.789370161639814,-0.7661201068053137,-0.8921600127747119,-1.641730655678837,-0.4283531680458468,0.0,-0.7321775166751329,0.0,-4.306864727159211,2.6256838887634806,3.138207443076508,-1.3517895872906134
CSO-10-4A-LRAVI-CorrEtiq.txt,0.0,0.0,0.0,6.5185557748938585,-0.5292542124471459,-3.2703688629877825,-2.0389573190223325,2.1048331031951992,0.0,-0.6604557369085592,0.0,-3.0272301097545555,0.6974858324629153,2.291581749239795,-1.004008054967938
CSO-10-4A-LSCAVA-CorrEtiq.txt,0.0,0.0,0.0,10.0,8.962493635072272,-1.841090089208097,1.173264049024632,-0.8723135719847641,0.0,-0.346094695350686,0.0,-7.425880803970039,1.4725010250341273,5.6831359850904954,-0.525198350723199
CSO-10-5A-ACAVA-CorrEtiq.txt,0.0,0.0,0.0,6.504120186039079,-1.8990648288833765,0.47526900177646003,-1.854113141674116,0.15867281328368157,0.0,-0.8454874326208219,0.0,-3.592130138574859,1.2285713156524252,1.5677812171861618,-0.9610285321159359
CSO-10-5A-ARACA-CorrEtiq.txt,0.0,0.0,0.0,10.0,-2.3683093665989245,0.13246551575995336,-2.586521166346432,-1.5578478924363524,0.0,0.82343395339488,0.0,-4.664327338965432,0.8240241853380571,2.0748304325151117,-2.191579562054755
CSO-10-5A-DABRZA-CorrEtiq.txt,0.0,0.0,0.0,10.0,0.002145103861879644,-1.0056569934080752,-1.4164172988460655,1.251659457839904,0.0,0.7316807077612631,0.0,-7.428998164994179,1.127423072641695,4.148178139600555,-1.7456751072747594
CSO-10-5A-GZAMA-CorrEtiq.txt,0.0,0.0,0.0,8.894378491131794,-0.8435508912405649,-1.688677386816954,-1.777131503814519,3.8396233396535098,0.0,-0.16231419575157002,0.0,-4.175537412189683,0.33022119544430156,1.6113192975292687,0.22803721479878658
CSO-10-5A-IPECA-CorrEtiq.txt,0.0,0.0,0.0,7.867184892582451,-1.6618423665097923,-1.7255333527314352,-2.202495901630127,3.1103719806924337,0.0,-1.1275835314625198,0.0,-3.777345203637512,0.6040174987012592,1.3514437665468155,-1.0750148370451413
CSO-10-5A-JANORO-CorrEtiq.txt,0.0,0.0,0.0,7.582596698509098,1.7557306488941884,-1.3099503308064433,0.03635672153331171,0.5319209258958683,0.0,-1.2683307070769232,0.0,-4.206394722377743,0.9526051207509988,1.2837577892954082,-0.4195414869270107
CSO-10-5A-JBUVE-CorrEtiq.txt,0.0,0.0,0.0,8.609167843254337,1.1293567849548187,-0.9128123692564976,-2.055359308959538,3.0698933318217083,0.0,0.7475739834465795,0.0,-4.781980993277417,-0.4001784601594485,1.788989236527176,-1.5409385209926179
CSO-10-5A-JJSEMO-CorrEtiq.txt,0.0,0.0,0.0,7.532140795077945,0.2422409099669163,-2.0147565180225255,-2.732364302171147,3.414975541721817,0.0,-0.30934121249818214,0.0,-3.071220513352406,-0.015971171801636874,1.0371686584904334,-1.5552178744787428
CSO-10-5A-JLCARI-CorrEtiq.txt,0.0,0.0,0.0,9.315687268874113,0.0,-1.249370538389306,-1.1422254817733755,-1.9119560795016308,0.0,0.3178264174000418,0.0,-4.47344850175851,-0.6368447008596633,1.3252739723114488,-0.8381230726714667
CSO-10-5A-MAARAN-CorrEtiq.txt,0.0,0.0,0.0,9.371118014162311,-1.7727445519135994,-1.960786726187548,-3.0321872768495055,0.01765567073168366,0.0,-0.13006490770547008,0.0,-5.141177886053431,2.0418465367065,3.1345935274541703,0.2194603958390041
CSO-10-5A-MAOSMO-CorrEtiq.txt,0.0,0.0,0.0,9.222499950562817,-1.1770332207167373,-1.5688149480265887,-1.314369469662302,1.6605733212937626,0.0,-1.4540030522805836,0.0,-4.144523606803145,0.8600362324985398,2.337909469094774,-1.282971681731761
CSO-10-5A-RVMOIB-CorrEtiq.txt,0.0,0.0,0.0,7.953537973387537,-1.5593993144218041,-1.2208620413734081,-1.699085996681194,2.04397264421094,0.0,-0.2456424862912408,0.0,-3.6634061399652196,-0.03168789962053528,0.8553566364390064,-0.7653252753961287
CSO-10-5A-SVHEES-CorrEtiq.txt,0.0,0.0,0.0,6.384038761826043,-1.9832100507686743,-0.030887433173176382,-2.735904209993337,0.5479402447318072,0.0,0.4267222360576334,0.0,-3.431359296827403,-0.14497804901274008,0.39456042246573936,-0.47339128371987005
CSO-11-5A-MDVOSPE-CorrEtiq.txt,0.0,0.0,0.0,9.65860541628608,-0.28134140510196176,-1.6872029540826634,-2.36719855931708,3.7732471622929995,0.0,0.0630140214796661,0.0,-4.358468943541285,0.3690041399644804,1.333337268183983,-0.6245158174185169
CSO-11-5A-MTAGA-CorrEtiq.txt,0.0,0.0,0.0,8.686541939172107,2.391593907770571,-0.47634877101203826,-1.249437091640681,0.33926876684323926,0.0,-0.3309691363056671,0.0,-4.70271879115382,0.7191797576259762,2.8159688107170884,-1.8840674167507026
CSO-11-6A-CAPAMU-CorrEtiq.txt,0.0,0.0,0.0,8.17965627964377,-1.706080386248226,-0.6718452566815744,-1.8450276241043255,1.5828385141211758,0.0,-0.21281343888979298,0.0,-2.8631746927485118,1.1705884101435486,1.4217525787345924,-0.15080011658481102
CSO-11-6A-DSCACH-CorrEtiq.txt,0.0,0.0,0.0,7.763038550460815,-2.4079549093439696,-1.5778861504960502,-2.850203396182798,-1.0383156867750198,0.0,0.40827611109982515,0.0,-2.7302871490995835,-0.8987180198593239,0.8602291629310226,-1.9928795312464112
CSO-11-6A-EROMO-CorrEtiq.txt,0.0,0.0,0.0,9.936635670059507,3.469015889249453,-1.8356545173761114,0.447888688905712,-1.035289960009404,0.0,-0.04839339184957998,0.0,-7.393632196053191,0.6902013856519751,3.5491761414932914,-2.5655138415373706
CSO-11-6A-FSOVRE-CorrEtiq.txt,0.0,0.0,0.0,9.46124047318447,-0.43475270429456153,-1.3484134091482258,-1.8019920432201597,2.7970749638711805,0.0,-0.6526783615336486,0.0,-5.080899050724095,0.00931723902144295,1.9030389612768077,-1.0688687624073598
CSO-11-6B-ANREVA-CorrEtiq.txt,0.0,0.0,0.0,7.949639197191126,-1.6463589852664746,-1.6279758599021381,-2.184298410240604,2.295106031607579,0.0,0.49026988550629896,0.0,-3.7513186900988544,0.4221602644620101,1.4364198825685277,-0.6926677711934185
CSO-11-6B-DISEMO-CorrEtiq.txt,0.0,0.0,0.0,8.90479476897668,-0.6530813326746627,-1.0795620583651568,-1.257951728809331,2.737714522657618,0.0,-2.0054563743817315,0.0,-4.052916916054825,2.4578830457597203,2.1969617967466397,-0.6245051807207685
CSO-11-6B-LHFDLACH-CorrEtiq.txt,0.0,0.0,0.0,9.381131039555575,2.0748253941290993,0.559005616350507,0.018137488091868104,2.540108608120057,0.0,0.43933386691715665,0.0,-7.5972165087491,1.420123695240963,4.178549725973375,-1.163648862986784
CSO-11-6B-RJGIHE-CorrEtiq.txt,0.0,0.0,0.0,5.975939627713488,-1.3219641482980216,-0.4021085912192661,-2.2504170138570156,4.567422908037054,0.0,-0.64177746986425,0.0,-2.558690637333106,-0.644702069166414,0.28175358317219806,0.859609849931538
CSO-11-6B-SFLVA-CorrEtiq.txt,0.0,0.0,0.0,7.9201567035743565,-0.5186371103055967,1.579391703256407,-1.1718040616678929,7.176837218398279,0.0,0.3412569649721095,0.0,-5.514558048541508,0.31990595735561544,2.4314219911946013,0.8150674723453835
CSO-11-6B-VCOMA-CorrEtiq.txt,0.0,0.0,0.0,8.392835858081675,-0.9028213761489002,-0.9319007034785427,-1.1393011499152093,2.250818914026807,0.0,-1.1227477587980763,0.0,-4.604695890910741,1.5590968498041518,2.0912652875742284,-2.061131736780007
CSO-12-6A-DGISE-CorrEtiq.txt,0.0,0.0,0.0,7.949200694971211,-0.45260633640053766,2.680061816674348,-1.250549767345208,0.019453789375096953,0.0,-0.08033541883617906,0.0,-5.100525638912741,0.9230124839162199,2.6943112552904784,-1.7444585748732004
CSO-12-6A-FJOVRE-CorrEtiq.txt,0.0,0.0,0.0,6.5936915680273245,-1.8762127133821727,-0.7046841633120642,-2.1097098426703593,2.1513019293458675,0.0,-0.7225803234836595,0.0,-3.0850820425705674,-0.10912735230988858,0.21511328461109192,-1.3112319860251784
CSO-12-6B-GQULO-CorrEtiq.txt,0.0,0.0,0.0,7.5574316737146905,0.22812540417912963,1.3977406802166057,-1.356601978023275,-1.5677543348842513,0.0,-0.8183523300414131,0.0,-5.890632299814868,2.2908383440712874,3.910109453369535,-1.9771648946349822
CSO-12-6B-LJHEFE-CorrEtiq.txt,0.0,0.0,0.0,6.778609626252034,1.5801884333024092,-0.5132081868476145,-0.6469963700871306,1.5646385173140016,0.0,0.11722970173234837,0.0,-4.221174785530108,0.28724623977383956,1.758140392468908,0.25493396857470074
CSO-12-7A-DALRE-CorrEtiq.txt,0.0,0.0,0.0,9.873149644006979,-2.466642003684199,-0.4588192623293018,-2.6540600045706904,6.271322949607363,0.0,0.4018787356465209,0.0,-6.45936388237522,1.4225958532443912,4.014182598718657,-0.7205326069087028
CSO-12-7A-ESALA-CorrEtiq.txt,0.0,0.0,0.0,8.970368096275338,-2.075697605813924,-2.4293084232408297,-2.6230557264662098,1.3139643464506416,0.0,0.7351358759952924,0.0,-3.4206540278153774,-1.0934101368531586,0.7929659373192168,-2.1637980002471187
CSO-12-7A-IMERO-CorrEtiq.txt,0.0,0.0,0.0,8.398633147308287,2.3702440094002086,-0.9492006846783236,-0.8201159715321297,1.8910346954447956,0.0,-0.2545905830113286,0.0,-5.162569904504296,1.1086567201259014,2.9100073101375457,-0.9266689120764969
CSO-12-7A-JHEZA-CorrEtiq.txt,0.0,0.0,0.0,8.837968085373126,-0.16092951100825947,0.0748786498422076,-0.6243400979538033,-0.2117643441205861,0.0,-0.8027049947044207,0.0,-5.415846708377792,0.08178686287469938,2.183306529383376,0.0014739154907136287
CSO-12-7A-LSARAR-CorrEtiq.txt,0.0,0.0,0.0,8.378514081899727,0.47020071433643085,-2.433205195162209,-2.028220058571536,0.9917635491352192,0.0,-0.20095977338252066,0.0,-5.076905478389444,0.06030226891555251,2.4864978426316804,-0.6406388015689529
CSO-12-7A-SCAHO-CorrEtiq.txt,0.0,0.0,0.0,9.07342730646626,0.16829077899404377,-1.7402471157746309,-1.560791975138817,0.9594831473903657,0.0,0.5117704627740262,0.0,-4.663350386816403,2.654487521298227,4.345096159886553,-1.305235865893439
CSO-12-7B-DVAGRO-CorrEtiq.txt,0.0,0.0,0.0,8.341494444507047,0.0761834414454724,0.4527065471291963,-0.539002166218015,1.7672448199412834,0.0,0.5891452121438561,0.0,-5.458921775170452,-0.25973891374968255,2.2086715545011106,-1.2891405767831354
CSO-12-7B-SMUGU-CorrEtiq.txt,0.0,0.0,0.0,7.235641108067752,-3.1492265206720385,-1.2168423823515633,-3.3977298608811375,5.333279660975444,0.0,0.774317805859294,0.0,-2.3570817488908977,0.1809095736034529,1.4486541288442925,-1.1509603839478326
CSO-12-7B-SSARA-CorrEtiq.txt,0.0,0.0,0.0,8.28866467054872,-0.4058158544298449,0.4851714632115861,-1.0318286197401911,0.003365779184394402,0.0,0.8440082234634785,0.0,-5.0225369317587205,3.6234518264809004,3.746280479839862,-1.7864155115822018
CSO-12-7B-VHOMA-CorrEtiq.txt,0.0,0.0,0.0,8.901158086141821,-1.9431606644741055,0.43233882839018795,-2.173763291329144,0.11030628197101949,0.0,-0.022183041667462752,0.0,-4.33964080957804,1.4313204645620214,2.181375348471374,-0.5784115872623574
CSO-12-8A-YTOME-CorrEtiq.txt,0.0,0.0,0.0,9.241373276009252,-1.6550359411168005,-1.734466550382686,-2.15214531153118,2.588372476960481,0.0,0.6789498485072705,0.0,-4.155123616896647,-0.5387044954766737,1.3752149709881918,0.35132944232418134
CSO-13-6A-ANASA-CorrEtiq.txt,0.0,0.0,0.0,9.718075956605707,0.16029976202829044,-1.4675308143527857,-0.8055871610175763,-0.9122568065447701,0.0,-0.39383485232256926,0.0,-5.865141131796243,0.7339372133013417,2.0803649141290546,-1.604907715454883
CSO-13-6B-JETAVE-CorrEtiq.txt,0.0,0.0,0.0,9.566180778427434,-3.1573435449253973,-2.0136769082777586,-3.4219917725403675,4.120959149938418,0.0,0.06279706562845873,0.0,-5.187403457006978,0.7782384721656738,2.4759382655839395,-1.513643651458959
CSO-13-6B-LFMIES-CorrEtiq.txt,0.0,0.0,0.0,7.894959756668503,-1.1740448342432552,-0.890685405518209,-1.6031233061226835,0.19151402044397325,0.0,-3.452612025890616,0.0,-4.234050590194949,7.4209309959157075,9.320744175769674,-0.6580764974106291
CSO-13-6B-LJMAHU-CorrEtiq.txt,0.0,0.0,0.0,9.24207350833838,0.5380111948860824,-1.8005131876184157,-1.408205566635597,-0.62642203081366,0.0,0.21055932824433732,0.0,-7.030584194280354,0.482857927210575,3.8803243074389067,-2.5326532587055204
CSO-13-7A-CAPAMU-CorrEtiq.txt,0.0,0.0,0.0,9.015534694825927,1.1577246201875928,0.2739681247008819,-0.06710936185667443,0.3468800016814774,0.0,0.0317269424533476,0.0,-6.260990179736742,0.9847790060331656,3.8610224820764385,-1.3032852269726742
CSO-13-7A-CDDITR-CorrEtiq.txt,0.0,0.0,0.0,10.0,-2.22855874904072,-1.7987276770202894,-2.1667922704850295,1.6993001311793647,0.0,0.8472970224354844,0.0,-3.812183275011846,1.8867626020711104,3.089355038336412,-0.37493729084950883
CSO-13-7A-JJATFL-CorrEtiq.txt,0.0,0.0,0.0,6.355337546714434,-1.3343237816116953,-2.073131849476594,-2.144410623707754,1.0804927983146597,0.0,0.46502482681375,0.0,-2.2701315104574844,-0.6913927727938833,-0.2444996208683677,-0.942530547719526
CSO-13-7A-KRAMA-CorrEtiq.txt,0.0,0.0,0.0,6.98725092738453,0.47514253171982096,-0.5157449114899679,-1.6022947100058667,-1.8356424689096225,0.0,0.7888883784951467,0.0,-4.160511886166121,0.36089829320863226,1.7078374305700008,-1.453686303970491
CSO-13-7A-RXCHLU-CorrEtiq.txt,0.0,0.0,0.0,3.8046137492360144,-2.3052225221340623,-2.410393022794805,-2.619335438287491,3.260306233835179,0.0,0.7079147228280329,0.0,0.41253992885121593,-1.4963774313166527,-1.560061883294667,1.5917145641915078
CSO-13-7A-YAMEZA-CorrEtiq.txt,0.0,0.0,0.0,8.544131130858036,-0.968394642741735,-0.9189958817188266,-1.1689348890087263,2.340355149978952,0.0,0.6608663482717133,0.0,-5.045779478237619,0.3845564871417913,1.296122261968504,-1.2462814713592685
CSO-13-8A-KIGAGU-CorrEtiq.txt,0.0,0.0,0.0,9.817545912410864,-1.429522241811909,1.804911716661742,-1.8557221322698196,1.245921835882982,0.0,-0.8401829761085983,0.0,-6.869086851509589,0.047830272242276727,2.633313904563069,-1.3326223771147547
CSO-13-8A-MBUAN-CorrEtiq.txt,0.0,0.0,0.0,9.429539162496964,0.7915263371722858,-0.343249523442487,-1.2686771774164165,1.757318925211895,0.0,-1.2288969284902138,0.0,-5.779277268445291,1.7002083586731627,4.576615186114251,-1.146808597808532
CSO-13-8A-MGAAN-CorrEtiq.txt,0.0,0.0,0.0,8.267818469228557,0.9440512025801499,-1.2454607058256613,-0.4016985874206343,-0.9608321544243091,0.0,0.06525670134140855,0.0,-4.906323973809317,-0.3261271100478122,1.1237407317309074,-1.341148322488151
CSO-13-8A-MGAHE-CorrEtiq.txt,0.0,0.0,0.0,9.27599539648108,-2.396956900720374,-1.2772989629015261,-2.6922519479255462,4.87699430658599,0.0,-0.15184530584376874,0.0,-3.986030074584134,0.1948632349930161,1.7664335738900867,-1.685280360914629
CSO-13-8A-MJAGA-CorrEtiq.txt,0.0,0.0,0.0,8.564131762937828,-0.3041768247217632,2.2472466779660354,-0.8531071971697906,-1.1940472144985659,0.0,0.22084686925426944,0.0,-7.43780754528219,0.26009733485009073,3.60639395577467,-2.2625411454597484
CSO-13-8A-VHODU-CorrEtiq.txt,0.0,0.0,0.0,5.1249321323879355,-1.8507743152372949,-1.0113868163417643,-2.0020178452003883,0.47521058082669354,0.0,-1.1440337215087175,0.0,-1.820282606262494,0.8128589965921301,0.40480529204292914,0.6360008175170336
CSO-13-8B-FCJISA-CorrEtiq.txt,0.0,0.0,0.0,7.739899981001282,-1.5240519277420626,-1.998584774538874,-1.8311210303942564,0.4809454038782038,0.0,0.7771885391441842,0.0,-3.561252862352306,1.3100594436610948,1.5748665493889276,-0.6276557582951555
CSO-13-8B-JEMABE-CorrEtiq.txt,0.0,0.0,0.0,10.0,-1.8362748493653342,-1.4616976165400075,-2.76933185093956,-0.16117618467228123,0.0,-0.2505956645396657,0.0,-6.630919147498905,0.09636521322082565,2.0082863186079556,-1.037006817834903
CSO-13-9B-DMLLLU-CorrEtiq.txt,0.0,0.0,0.0,8.500585242683465,-2.5029719598367755,-0.8908615094746188,-3.0828463116573404,2.182082142432779,0.0,-0.2568327484687571,0.0,-5.102686745250146,-0.015619281095397683,1.7823056629930492,-0.4561590482982737
CSO-14-7A-MVEBE-CorrEtiq.txt,0.0,0.0,0.0,5.39355755027651,-3.2716515254078793,-1.3253854679468262,-3.5136324309770077,2.8469981541253917,0.0,-0.9643337351957774,0.0,-1.3335572580435187,-0.2280894285874467,-0.7658887479103688,1.4117761065999646
CSO-14-7B-EALHU-CorrEtiq.txt,0.0,0.0,0.0,8.567282495366165,-1.6906313418088665,-2.2273258587971974,-2.2106194382855775,5.614691425720647,0.0,-1.99917335661437,0.0,-4.137948580702759,1.1580777508220026,2.405631444151007,-0.4262247536500416
CSO-14-7B-EVEGO-CorrEtiq.txt,0.0,0.0,0.0,8.709150076618581,-0.3440240728146268,-1.6021139975678138,-1.2231276350239142,3.301632237560626,0.0,-0.5173926719454477,0.0,-4.664457820004694,0.9919016619963172,2.3300819196418505,-0.24332446307065858
CSO-14-8A-AQUMA-CorrEtiq.txt,0.0,0.0,0.0,4.983170452062552,0.203770880027072,-1.6618619812013407,-1.603261765850411,-0.22072552301833298,0.0,-0.4341796078892769,0.0,-1.583511265017242,-0.9670174499521772,-0.7173681128120124,-0.46213691967029613
CSO-14-8A-MCIDOS-CorrEtiq.txt,0.0,0.0,0.0,9.771316268829604,-1.2759812500708196,-1.1562676831956393,-1.6012943398813002,7.753296980807919,0.0,-1.296638152100409,0.0,-5.469987614272643,1.705862381886038,3.237754722947459,-0.43876899237907974
CSO-14-8A-SZARA-CorrEtiq.txt,0.0,0.0,0.0,8.109307379454748,-0.9736794680280927,0.9269646750425065,-0.9573569592818374,5.690180315555295,0.0,-0.5270247460350341,0.0,-6.110583981865006,0.7047357287747629,3.1986128895402666,-2.183870095959618
CSO-14-8B-JLLORA-CorrEtiq.txt,0.0,0.0,0.0,5.559978297507743,-2.1237638908937044,-0.58913030557399,-2.2788204681458377,-0.14319912209289848,0.0,0.8070241819385873,0.0,-2.332990218072629,0.10767096724272003,0.8203174404977132,-0.2062447184664586
CSO-14-9A-AEDCAGO-CorrEtiq.txt,0.0,0.0,0.0,6.397953360313652,0.7344505797054504,-0.9162746480149384,-0.2109572747357423,3.30522809778925,0.0,-0.6048133243411592,0.0,-4.013266675450097,0.2193248645636211,1.464268259821655,-1.0346799877548882
CSO-14-9A-HASACA-CorrEtiq.txt,0.0,0.0,0.0,8.924034236947662,-0.42249971854719376,-1.3543665538557121,-0.514548281896628,-2.3381279160428665,0.0,-0.7031344963656005,0.0,-4.825251603622222,0.691947847610814,1.0616598534895525,-1.7473502200906244
CSO-14-9A-JSMAAL-CorrEtiq.txt,0.0,0.0,0.0,8.513216688990358,-0.5361508825433465,0.18071642715573055,-0.9673289530204696,0.9508658298730496,0.0,-0.2973841096110005,0.0,-5.018974193926653,0.8629392049939899,2.14130544995585,1.1604592466007402
CSO-14-9A-MARJA-CorrEtiq.txt,0.0,0.0,0.0,9.235372365266443,-1.7420480032775192,-1.9977998005880906,-2.0090415838311313,4.682752130395328,0.0,0.5074964973048752,0.0,-4.379716645617598,2.1018469174117786,2.8731801791969427,-0.37846533243767144
CSO-14-9A-SORZU-CorrEtiq.txt,0.0,0.0,0.0,9.388954651157572,-0.5335721010107023,-0.32854987680811376,-1.4881482414360583,2.116216057181659,0.0,-0.08246723519124144,0.0,-5.882868527802108,1.933353981581526,3.413113823010237,-0.685806925562228
CSO-14-9B-ERAGA-CorrEtiq.txt,0.0,0.0,0.0,7.2389245915649525,-1.0315403706236728,-0.6055528304078224,-1.7594546973490486,2.229921645640498,0.0,0.18649017329013592,0.0,-4.158800311244847,0.4338632704623147,1.2870663236319728,-0.6050186453012317
CSO-14-9B-MFEGA-CorrEtiq.txt,0.0,0.0,0.0,8.002676254494336,0.493423636502922,-0.4486117005446679,-0.6285233431205923,8.084565091441423,0.0,-0.20057472968959567,0.0,-5.260462030916937,0.8291636058570411,2.5450293860455373,0.0178210949224982
CSO-15-10A-LJRAGU-CorrEtiq.txt,0.0,0.0,0.0,8.446247134923535,-2.466483925053956,-1.693330413955963,-2.902058091360194,2.665924367573541,0.0,-0.1737436338814256,0.0,-4.156443806961134,0.9405251254885512,1.7315161510909731,0.04303183405139723
CSO-15-10A-MAARLO-CorrEtiq.txt,0.0,0.0,0.0,7.590708578713802,-1.569265104362983,-0.7768286780934126,-1.8812910068419655,0.6111226230813346,0.0,-0.29163325860330425,0.0,-3.795781654618635,1.1070280095773033,1.5760011567630385,0.5366527904921696
CSO-15-10A-SFEGA-CorrEtiq.txt,0.0,0.0,0.0,8.740357171808489,-1.4162345612164908,-1.8066743230435274,-1.9603605939419824,6.705713566723778,0.0,1.116656262986013,0.0,-4.321831510995303,-0.5006648187748473,0.6674046620938424,-0.7491718336352866
CSO-15-10B-MEBUAR-CorrEtiq.txt,0.0,0.0,0.0,6.395589828735858,-0.24093516236647203,-2.058302897944693,-0.9392236265213926,-0.19083978164112128,0.0,0.4700077663950939,0.0,-3.6009633176708946,0.9446464063927471,2.9231161853431664,-0.735199319392755
CSO-15-10B-YVBUAN-CorrEtiq.txt,0.0,0.0,0.0,7.155739652443547,-1.531148893532251,-1.4769725929738304,-2.2477645073271577,2.0348302333914274,0.0,0.5663193663392206,0.0,-2.3709074322728743,0.07115238133515667,0.9778605866418784,0.157108853657136
CSO-15-10C-ALBAHO-CorrEtiq.txt,0.0,0.0,0.0,9.214558479112144,0.9660082476601642,0.8700288610306469,-0.8742884878034656,-0.7654504057211646,0.0,-0.7753944568909192,0.0,-5.859450750948469,1.597421598714936,3.486084809020048,-1.1638009294212865
CSO-15-10C-SSCAMO-CorrEtiq.txt,0.0,0.0,0.0,9.655903767070429,1.865039924945983,-0.5664393924776211,-0.5815100044283169,3.494249964095669,0.0,-0.20356254796568427,0.0,-6.029118240503508,0.521453791525028,2.2177966298651834,-1.1055596881868233
CSO-15-11C-JETALO-CorrEtiq.txt,0.0,0.0,0.0,9.508322248635329,3.748453483813371,-0.31478191526713456,0.8569085710424147,-0.9542762278141502,0.0,-0.10583871781473826,0.0,-7.55703435884039,0.20423202637060595,2.6934353488395804,-1.18196781005694
CSO-15-8A-VBMABR-CorrEtiq.txt,0.0,0.0,0.0,9.26301684354118,-0.236819374305056,-2.007901547418187,-1.9959613033189119,0.7313322771578485,0.0,0.1504424773602243,0.0,-5.171500373587178,0.7646479388452363,2.7713808314925616,-1.6390610037084135
CSO-15-8B-KEPOGO-CorrEtiq.txt,0.0,0.0,0.0,9.797718604620862,-1.4102439905326722,-1.4887987906871818,-2.4272772571743335,3.056695307598204,0.0,-0.914403084221275,0.0,-3.7081671248934587,0.6054768284163637,2.445552789467402,-0.20610548389324646
CSO-15-9B-ALRIHE-CorrEtiq.txt,0.0,0.0,0.0,8.210812724306377,-1.2455208703987757,-0.20923474130038533,-2.5606543919778533,-0.0034908910609386945,0.0,0.8707238377174755,0.0,-4.053601125157559,0.25772551756070455,1.4911110886355354,-0.8182781012707684
CSO-15-9B-AMSAGO-CorrEtiq.txt,0.0,0.0,0.0,6.8813905868600305,-0.877812616889662,-1.506263234774202,-1.676851044268347,2.627672557982602,0.0,-1.0704325062749669,0.0,-2.4647858617652534,1.0390415712517984,2.100618349561136,0.9311956559880683
CSO-15-9B-JCAPA-CorrEtiq.txt,0.0,0.0,0.0,7.27577547087408,-0.8672362101682478,-0.7342880677093371,-2.8210580392682814,0.27754694836054244,0.0,-0.3796591776772588,0.0,-3.0582558762640026,0.6164925540522538,1.6633652646139712,-0.2769126341488854
CSO-15-9B-KSBEJA-CorrEtiq.txt,0.0,0.0,0.0,9.18455921654304,-1.8891277505161248,-0.874797285160013,-2.1170857997764925,-0.5405346473192232,0.0,-1.5139340348408084,0.0,-4.941348556558235,0.7123134934231731,1.9897306279700209,-1.9219625044475113
CSO-15-9B-RMCHLU-CorrEtiq.txt,0.0,0.0,0.0,8.470315572738683,1.1136999231352567,-1.951300930784685,-1.004995542773157,5.016209966229886,0.0,0.29090199929532107,0.0,-4.798364980725269,-0.35021072218388355,1.1463035132525021,-0.46736893685716846
CSO-15-9B-SJAGRO-CorrEtiq.txt,0.0,0.0,0.0,8.598871710594759,2.454297077471815,-1.6605083085605237,0.5175334526216132,-2.154535157530491,0.0,-0.5048737537640421,0.0,-3.911763609327319,-0.8758139951764461,0.86697842962783,-1.7244606649696346
CSO-16-10A-JEGAHE-CorrEtiq.txt,0.0,0.0,0.0,9.570003835440613,-0.18882403969384357,-1.4617376623902736,-1.700025558131367,-0.3509043346924189,0.0,-0.2760686922057887,0.0,-4.571355707397798,0.6038386173434154,1.9206191682799207,-0.9499073372428304
CSO-16-10A-MSACO-CorrEtiq.txt,0.0,0.0,0.0,6.311470557876668,-1.643779286280693,-1.1647649840562233,-2.1732941407828936,2.576243028208006,0.0,0.3325444437711797,0.0,-2.002877120335302,0.8721036071759706,1.2031094368409738,0.008118901619180949
CSO-16-10A-SARI-CorrEtiq.txt,0.0,0.0,0.0,8.391046235507268,-1.7896160049882728,-0.6427203966763148,-2.2140559186337168,3.178476793300851,0.0,1.0064735623467453,0.0,-3.8313036627151167,-0.22546559498233146,0.9027575270334379,-1.3720776529976597
CSO-16-10A-SMOUT-CorrEtiq.txt,0.0,0.0,0.0,8.128308383241,-0.1418645430241561,-0.32140417532361804,-1.2532549227173444,2.54741062942463,0.0,-0.4596868404256278,0.0,-5.06167493779125,1.7446433196466171,2.7562335416770227,-0.7859001022685326
CSO-16-10A-YKMUJO-CorrEtiq.txt,0.0,0.0,0.0,6.622212599222595,-2.3221415962691454,-1.20932835101186,-2.556713368865931,1.5362545825609308,0.0,-0.15333332656921322,0.0,-2.7560942274526345,-0.7259022441743924,-0.1248239950309677,-1.2901666509619338
CSO-16-10B-JESUGU-CorrEtiq.txt,0.0,0.0,0.0,5.742243516962982,-2.4801380326835383,-1.3979305236284711,-2.730067711491908,-0.4003230975348071,0.0,0.02788014991754956,0.0,-1.7900545419292575,-1.395828244822826,-0.5001283823502464,0.325445480007575
CSO-16-10B-LTVIFA-CorrEtiq.txt,0.0,0.0,0.0,5.516957007438763,-0.7429802835244042,-1.4914593117471284,-1.0152596667750764,1.6594111143514334,0.0,0.7970672779384886,0.0,-1.245656326299283,-1.1227219820286891,-0.48480765082746513,-0.47117694105319086
CSO-16-10B-VVILI-CorrEtiq.txt,0.0,0.0,0.0,8.474924291485268,0.19127252093793878,-0.254550869779568,-1.082375696074463,4.952110204870902,0.0,0.7550720473955311,0.0,-4.327874004717764,0.3446582919009175,2.3468452571651874,-1.2627938498611353
CSO-16-10C-ACALGU-CorrEtiq.txt,0.0,0.0,0.0,8.733688045201696,-0.73829019298204,-1.9874581186860194,-1.772696957622979,2.374588764433519,0.0,0.3109146725309109,0.0,-4.3288854108839265,-0.08823571901077526,1.5005326529244392,-1.291901522500669
CSO-16-10C-MAVAVE-CorrEtiq.txt,0.0,0.0,0.0,7.732800009945021,-0.408581244289376,-0.5603669788695027,-1.0083840665643022,2.254349743150014,0.0,0.22976799936800205,0.0,-3.7063293430139455,1.1545931264161566,2.1470548422074023,-0.38778148888956443
CSO-16-11A-JAVABO-CorrEtiq.txt,0.0,0.0,0.0,8.514344842662812,-0.37601548660763834,-0.6045020697480463,-1.7490185876845399,-1.039095327597917,0.0,-0.798418666830891,0.0,-4.0840070482652955,0.46322232596607704,1.4352210566999528,-0.34100617503574354
CSO-16-11A-JDMUVA-CorrEtiq.txt,0.0,0.0,0.0,9.213806220971565,-1.0428823584267157,-1.203112707772101,-1.3576191483299234,-1.1088077299296624,0.0,-0.092682486288114,0.0,-4.807814500297252,0.6043190432170261,1.5537533909414105,0.09246951028585287
CSO-16-11A-VZAOR-CorrEtiq.txt,0.0,0.0,0.0,6.916578565017418,-0.6794604473393675,0.16615642767916694,-0.9566475119270981,0.7971415308478711,0.0,0.3959122703128631,0.0,-4.330015017915066,-0.7974015268669882,1.068208808004276,-1.8124663959834213
CSO-16-11B-KRORE-CorrEtiq.txt,0.0,0.0,0.0,8.22655332945741,-1.653913215945412,-1.6674154100454937,-1.9930342766719482,1.073845743510352,0.0,0.4236383760314047,0.0,-4.90816528184212,-0.2955613052483793,0.501857060858907,-1.265663623511282
CSO-16-11B-LLOZA-CorrEtiq.txt,0.0,0.0,0.0,7.951449545678744,-1.2871114789504086,-0.8725229782806841,-1.3436574988613996,-0.030273555388774964,0.0,0.3808780457560015,0.0,-3.738545685010553,-0.37614800796766296,0.9885648634653587,-1.207422229702141
CSO-16-11B-YAROMO-CorrEtiq.txt,0.0,0.0,0.0,8.376276977849386,5.228065077921162,-0.2183013937570732,2.6245876226384124,-0.9118121094499494,0.0,0.40715285500963294,0.0,-6.626096705294453,-0.4088446046997464,2.1638762310331847,-1.0382524052472408
CSO-16-9A-JALEMO-CorrEtiq.txt,0.0,0.0,0.0,5.983422259624453,1.1097338430269565,-1.2791322469559128,0.64559305971406,0.5429918565733036,0.0,0.3887766693254031,0.0,-3.3014475051573307,0.038860405219796806,-0.08676906878528967,-1.4633817804824232
CSO-16-9A-JPROSO-CorrEtiq.txt,0.0,0.0,0.0,9.2438691885931,-0.4873850331256999,0.24592476985858286,-0.7334675729389052,-0.12166018098779316,0.0,0.347556379361466,0.0,-5.541474657016904,1.6463746538463342,3.6888319641046827,-1.053357522603712
CSO-16-9A-JSMAGU-CorrEtiq.txt,0.0,0.0,0.0,7.552045851968275,-1.6507061276392287,-2.162940516324134,-2.0417003261478173,6.189075454585306,0.0,-0.08000557442681439,0.0,-3.435191846981914,-0.4000873531775104,0.8109582169873082,-1.374262054912833
CSO-16-9B-SJPAJI-CorrEtiq.txt,0.0,0.0,0.0,8.306305235376144,-2.247258525343748,-1.4139494307621863,-2.1770170901833286,3.662037535095423,0.0,0.2786521649465501,0.0,-3.7175415318664053,0.025171690318297885,0.774766993335013,-0.9286224962601876
CSO-17-10A-YVGOCA-CorrEtiq.txt,0.0,0.0,0.0,7.123761988207953,0.803817119563817,-1.5386061855010817,-0.4778180567362979,0.6934436184923065,0.0,0.6936027907362661,0.0,-3.603071452818712,0.34026723005429904,1.1828619547989334,-0.2465098297213367
CSO-17-10B-EHECO-CorrEtiq.txt,0.0,0.0,0.0,9.102106079414567,-1.6428486022649644,-0.9114844883530959,-1.6700428671025218,-0.3497005695339793,0.0,-1.2284030961228791,0.0,-5.299283922660843,0.3667402592866341,2.7637589796612807,-1.6510339171131285
CSO-17-10B-YCQUVE-CorrEtiq.txt,0.0,0.0,0.0,9.414149941256692,1.340486548780605,-1.612136374691475,-0.602569560291811,1.214048155900885,0.0,-0.3426783002938043,0.0,-5.339450044664879,0.5256063260899818,2.127718747864128,-1.1927820293266815
CSO-17-11A-DJAPA-CorrEtiq.txt,0.0,0.0,0.0,8.824300415013706,-0.5442725072898802,-1.3157847777640463,-1.0888416206947693,1.2884186990009325,0.0,0.3667078766461063,0.0,-5.098415708801392,0.06100880866121501,1.6734771343728785,-0.7199313790806094
CSO-17-11A-JDAMO-CorrEtiq.txt,0.0,0.0,0.0,9.643302713990842,-2.470359735590087,-1.9910112996917335,-2.5822449307592334,4.192716291199561,0.0,0.1882135630719654,0.0,-3.820721219534079,1.2310231931002746,2.002016080487102,-1.146672320693745
CSO-17-11A-NPAHE-CorrEtiq.txt,0.0,0.0,0.0,8.463274593786245,-1.8044226055097616,-1.789956059028101,-1.8582882565029688,-1.3037543754026464,0.0,-0.043339447469901704,0.0,-3.549104499088057,0.24235210312063601,0.7025951131654249,-0.8077484866845109
CSO-17-11A-RLPAIG-CorrEtiq.txt,0.0,0.0,0.0,6.892985107083734,1.3678633847586557,0.0675309484831289,-0.32579892576906405,-1.2085404214750701,0.0,-0.1860350720521145,0.0,-4.707740674314633,0.46115506370308695,1.6792353928615271,-0.3978154293190632
CSO-17-11A-SPUVA-CorrEtiq.txt,0.0,0.0,0.0,8.928068378850064,-2.450352597900446,-1.3655484567893361,-2.5521447626173805,7.057325003021123,0.0,0.16279681244206612,0.0,-4.348855436704238,0.03446907848089235,1.5497403428772145,-0.5387923882008292
CSO-17-11B-CDBEBU-CorrEtiq.txt,0.0,0.0,0.0,7.4281882560503325,0.6406050205333478,-1.491581646217146,-1.6141525512754669,-0.2930278903456043,0.0,0.4551355074324065,0.0,-3.7262646570783566,0.4260493886877811,2.4280045252114695,0.08819103443916088
CSO-17-11C-JDAAG-CorrEtiq.txt,0.0,0.0,0.0,7.4180367723891045,-0.2742122469328909,-1.7708963179594894,-0.7592413499624623,0.7996089076599052,0.0,-1.1921811744319406,0.0,-3.2805063995028516,1.1506381138025918,1.993511124531449,-0.8618193541849379
CSO-17-11C-MAPAMA-CorrEtiq.txt,0.0,0.0,0.0,5.778526266663438,-1.1012480885683997,-0.7851221111932091,-1.3518002830786224,2.9341477243916523,0.0,0.806195896065682,0.0,-3.1880916165987316,-0.8279851957052587,0.5596288960263428,0.03059684219038139
CSO-17-11C-MCAAG-CorrEtiq.txt,0.0,0.0,0.0,7.657829617268659,0.6147238173415732,-1.519883833989519,-0.9001954544039595,1.1440000471761251,0.0,0.6555849477585898,0.0,-3.6100554602025046,0.7222002602571121,2.2989040322096304,-1.2736320855188779
CSO-17-11C-SARJA-CorrEtiq.txt,0.0,0.0,0.0,6.828747679772623,-1.095321494785975,-1.6819017602657778,-1.6139340194360834,3.8469803676582512,0.0,0.07889698001329437,0.0,-2.8332548042323964,0.4321639644093573,1.5475228007531718,-0.9637772096070765
CSO-18-11A-ADBAHO-CorrEtiq.txt,0.0,0.0,0.0,7.821210638034989,-0.3399677942568318,-1.8909772431699121,-0.026888957278871972,-1.8633746032107164,0.0,0.2941596952971722,0.0,-4.694863221280138,-1.0754165027347324,0.9328846599144537,-0.8497955107475246
CSO-18-11B-YLLRE-CorrEtiq.txt,0.0,0.0,0.0,8.595459395856015,0.4069920584752915,-1.95996001509478,-1.6615105009343862,0.7388206724913886,0.0,0.1830614282137437,0.0,-3.6284698864685594,0.629955585715538,1.8788742610584106,-0.702142427220228
CSO-18-9B-MAMOLO-CorrEtiq.txt,0.0,0.0,0.0,9.806031177410405,2.258395472097874,0.19454597054282508,-0.20940836675101873,2.367863762545402,0.0,-1.0059400370964615,0.0,-8.261424299575443,1.8626175152939388,5.415713833302981,-1.3838713940879996
CSO-8-3A-AIPRBR-CorrEtiq.txt,0.0,0.0,0.0,8.69547447333961,-2.513347792195964,-0.9610926601612748,-2.623020223705563,3.9255045503949426,0.0,0.25067671078978465,0.0,-4.619454888544355,0.549338564243428,1.9096244735115138,-1.0149325378853238
CSO-8-3A-DAPAVA-CorrEtiq.txt,0.0,0.0,0.0,7.739625476921586,0.8956318727462468,-0.3080970366252147,-0.9179100410030445,2.5400070193182773,0.0,-0.21355549110692415,0.0,-5.253774119669236,0.7609447319445789,3.4514855978727224,-1.619938895247867
CSO-8-3A-KVPECO-CorrEtiq.txt,0.0,0.0,0.0,9.429670168782472,-3.1520361619881747,-0.9725749785657656,-3.1892413147073615,1.2533917712296554,0.0,0.7231479383732856,0.0,-4.921696569161867,0.2987870008151468,0.7841627695283795,-0.016012241991832488
CSO-8-4A-ARAGR-CorrEtiq.txt,0.0,0.0,0.0,6.552841852701468,2.523603120387024,-0.9798019285379821,-0.8563607276054714,2.06329418677786,0.0,1.2371791482634837,0.0,-3.7392919603747616,-0.6172133998483675,1.5387128010414217,-2.2718093966356885
CSO-8-4A-JRAAR-CorrEtiq.txt,0.0,0.0,0.0,7.727528927524246,-2.496793692108924,-0.7627082594465895,-2.993382539088268,0.5845253422835883,0.0,-0.19957007067101679,0.0,-3.629903329828273,0.981914038951592,0.746342486764164,-2.440416435133759
CSO-9-2A-EXMOCO-CorrEtiq.txt,0.0,0.0,0.0,8.534311881396677,-1.832715034966372,-1.5452181426257174,-2.3242632227595106,-0.5436606509713761,0.0,-0.08233291709574617,0.0,-3.0758411653374487,-0.5756707012115153,0.8520905459960759,-0.8688945926244678
CSO-9-4A-AGAPE-CorrEtiq.txt,0.0,0.0,0.0,7.65496713190007,0.06409421042729926,-1.4431925720062189,-1.526237105457667,1.6868451783674734,0.0,-0.17259885313770892,0.0,-3.476527693420209,0.39407214225909803,2.0566613806686918,-1.5146024173402233
CSO-9-4A-DKVIMO-CorrEtiq.txt,0.0,0.0,0.0,9.163746215459716,-2.707518684199878,-1.684354332252231,-2.940037387932687,1.7228024020445651,0.0,0.40008660696159226,0.0,-4.65262979833573,0.027899377721324115,1.425588640842818,-1.329138948047563
CSO-9-4A-DSMOMU-CorrEtiq.txt,0.0,0.0,0.0,8.157249433891206,-0.7099755785203462,-0.29650432625828776,-1.897434222494862,-1.539897277706366,0.0,-0.38694959112521704,0.0,-4.106714141157563,0.01715813265446849,2.112054520763483,-0.9990268688268654
CSO-9-4A-DVGATO-CorrEtiq.txt,0.0,0.0,0.0,7.002620874684412,-0.309394102184747,0.8014267527368564,-1.4818750258752775,1.8494753361847749,0.0,-3.106280632503961,0.0,-4.640627490826811,1.257875624392462,2.148061401226973,-1.2607533226145202
CSO-9-4A-EGCAMO-CorrEtiq.txt,0.0,0.0,0.0,8.482703814565763,0.30241449561915323,-0.6545655537679247,-1.183186204592144,0.992589672434095,0.0,-0.5904711183277899,0.0,-4.956424937799531,0.6998313274332032,1.814336899487676,-1.7038746425412703
CSO-9-4A-FAGIGA-CorrEtiq.txt,0.0,0.0,0.0,5.3219211781309,0.4491068217387931,0.4123287939031013,-0.7489478800996375,1.1381832023207694,0.0,-0.5318304481297823,0.0,-3.706959951916864,-0.0012574582905338083,1.2383331932662776,-0.8954053903735827
CSO-9-4A-GSBRCO-CorrEtiq.txt,0.0,0.0,0.0,9.50499726806393,-1.9351054410320965,0.6614528793982208,-3.1474256153282827,6.1632681786752705,0.0,0.6444748704818407,0.0,-6.11393992288947,0.7887171182707953,2.4191559967498786,-1.3300985645803967
CSO-9-4A-KEMOCO-CorrEtiq.txt,0.0,0.0,0.0,7.38776242846923,-2.0245237934215257,-1.5751383114524502,-2.429752313587929,1.9507751595401437,0.0,-0.055001743967326135,0.0,-3.272145292844223,0.22147033332008148,0.8850199452856132,-0.7313586977215826
CSO-9-4A-LCOMO-CorrEtiq.txt,0.0,0.0,0.0,7.48898854940368,1.4413839159298216,-0.5772842161058062,0.17595969058823233,0.9724918001643871,0.0,-0.4881384504400536,0.0,-4.933983058512758,1.0896827172888983,1.6438574340079548,-0.31876921912389383
CSO-9-4A-MLORO-CorrEtiq.txt,0.0,0.0,0.0,6.402758051670372,-2.4935451604299623,-1.3735073720264324,-3.4545062442975887,6.261853074828586,0.0,0.8911348884931897,0.0,-2.5125124982802,0.4396787718714276,1.1764693209133534,-1.6941890768912642
CSO-9-4A-MPAME-CorrEtiq.txt,0.0,0.0,0.0,9.444110520627477,0.008003814281711945,-1.6556882658918828,-1.890884554517219,-2.5247456908937305,0.0,-1.1934427021438396,0.0,-4.829402152514463,-0.17494533812142107,1.5579450945560138,-2.5289437957004743
CSO-9-4A-NSARPA-CorrEtiq.txt,0.0,0.0,0.0,6.342369621314019,-1.6708605988710623,-0.8239668783633045,-1.2643279728123185,1.5063236989360906,0.0,0.3302439048035507,0.0,-3.533549036060802,0.2387892420096023,1.2177196501413678,-2.102872556660741
CSO-9-4A-SLOCA-CorrEtiq.txt,0.0,0.0,0.0,9.407276109945059,-3.3028719570520972,-0.8556767507319396,-3.540764042850106,6.933400452640708,0.0,-0.36547606819989237,0.0,-4.482948686654786,0.6781910345882356,1.8243612065362718,0.19810910172607593
CSO-9-4A-YVDITR-CorrEtiq.txt,0.0,0.0,0.0,8.516884531289424,-1.68074383819121,-2.5352652909207105,-2.9605237586101527,5.466237546931479,0.0,0.9070406424450104,0.0,-4.794562706075149,2.4411769579574814,4.527799233740353,-1.1728846243477236
