file,z_wc,z_nodes,z_edges,z_re,z_pe,z_l1,z_l2,z_l3,z_lcc,z_lsc,z_atd,z_density,z_diameter,z_asp,z_cc
CDMS-10-4A-JURAN,0.0,0.0,0.0,-0.2118700698531563,0.0,0.0,0.0,0.0,0.07170193205396327,0.0,0.0,0.0,0.12484370271582358,0.1356780919442901,0.0
CDMS-10-5A-HEPIHO,0.0,0.0,0.0,-0.09925134474903263,0.0,0.0,0.0,0.0,0.024620371175596827,0.0,0.0,0.0,0.10815746672270846,0.05922970184966124,0.0
CDMS-10-5A-KSRAGU,0.0,0.0,0.0,1.1516130174541779,0.0,0.0,0.0,0.0,-0.7833562700631747,0.0,0.0,0.0,-0.8710974999016889,-0.7609801949131743,0.0
CDMS-10-5A-SROPU,0.0,0.0,0.0,-0.25614456638874394,0.0,0.0,0.0,0.0,0.7819302109917727,0.0,0.0,0.0,0.8287904539474369,0.7868909742050472,0.0
CDMS-10-5A-SZURO,0.0,0.0,0.0,-0.32871327278183937,0.0,0.0,0.0,0.0,-0.057827776461024966,0.0,0.0,0.0,-0.3515933693707451,-0.26245521124603216,0.0
CDMS-10-5B-SRAJA,0.0,0.0,0.0,0.4070026329241102,0.0,0.0,0.0,0.0,-0.559804673184062,0.0,0.0,0.0,-0.32977095089715547,-0.2883263682808753,0.0
CDMS-10-5C-DAAUSA,0.0,0.0,0.0,0.004475088465681381,0.0,0.0,0.0,0.0,0.12551534249205917,0.0,0.0,0.0,0.13459727420244166,0.19510511036942663,0.0
CDMS-10-5C-ICAPA,0.0,0.0,0.0,-0.6448055221544318,0.0,0.0,0.0,0.0,0.11374475315022811,0.0,0.0,0.0,-0.6518065081002243,-0.38550865493179554,0.0
CDMS-10-5C-JFALGI,0.0,0.0,0.0,0.14274706000566031,0.0,0.0,0.0,0.0,0.30436024076227186,0.0,0.0,0.0,0.1552290573622331,0.3095927667796084,0.0
CDMS-10-5C-MAORTO,0.0,0.0,0.0,0.5762839959119717,0.0,0.0,0.0,0.0,-0.3407134791908538,0.0,0.0,0.0,-0.5707846457353757,-0.5165203616653539,0.0
CDMS-10-5C-NBEMO,0.0,0.0,0.0,-0.5882182186158693,0.0,0.0,0.0,0.0,0.5287200126334953,0.0,0.0,0.0,-0.2425420989568709,0.007855478281679422,0.0
CDMS-10-6B-ASCACO,0.0,0.0,0.0,0.021580858628781015,0.0,0.0,0.0,0.0,0.5536672433821375,0.0,0.0,0.0,0.4915417254816968,0.5540146038211062,0.0
CDMS-10-6B-JJMOBE,0.0,0.0,0.0,-0.5914247739053557,0.0,0.0,0.0,0.0,-0.047920087169875746,0.0,0.0,0.0,-0.12371329418089642,-0.18271212480999852,0.0
CDMS-11-4A-GACHSA,0.0,0.0,0.0,0.3435911151228785,0.0,0.0,0.0,0.0,-0.2210488679219197,0.0,0.0,0.0,0.1203063981585663,0.020501264755240844,0.0
CDMS-11-5A-EAARCA,0.0,0.0,0.0,-0.10428811379065407,0.0,0.0,0.0,0.0,0.3583327008608332,0.0,0.0,0.0,0.17811505065201697,0.49735093677758874,0.0
CDMS-11-5A-MGTHAR,0.0,0.0,0.0,-0.001967074649727861,0.0,0.0,0.0,0.0,0.2671430711435385,0.0,0.0,0.0,0.623182586238124,0.5584797463282248,0.0
CDMS-11-6A-DFVEBE,0.0,0.0,0.0,-0.15559987798052616,0.0,0.0,0.0,0.0,-0.09972715703629205,0.0,0.0,0.0,-0.36180880239935104,-0.1153359383873584,0.0
CDMS-11-6A-NMREPR,0.0,0.0,0.0,-0.32892580479426914,0.0,0.0,0.0,0.0,0.2399210760122316,0.0,0.0,0.0,-0.05905663324057877,0.03899354764295737,0.0
CDMS-11-6B-ARAHE,0.0,0.0,0.0,0.04927685128648128,0.0,0.0,0.0,0.0,-0.3843796549240069,0.0,0.0,0.0,-0.3969436396245592,-0.39438522059114495,0.0
CDMS-11-6B-AVROTO,0.0,0.0,0.0,0.6851498640183179,0.0,0.0,0.0,0.0,-0.16661413398326705,0.0,0.0,0.0,0.21400605080574991,0.2543327654126367,0.0
CDMS-11-6B-EAFESA,0.0,0.0,0.0,0.9157714017717443,0.0,0.0,0.0,0.0,-0.6061160133599474,0.0,0.0,0.0,-0.3164143042961994,-0.42022139584286416,0.0
CDMS-11-6B-EFRGR,0.0,0.0,0.0,0.17272661891373514,0.0,0.0,0.0,0.0,-0.07990234396730722,0.0,0.0,0.0,0.024376115352411944,-0.03224453908805795,0.0
CDMS-11-6B-EROCO,0.0,0.0,0.0,-0.5740198462393071,0.0,0.0,0.0,0.0,0.7468601707877276,0.0,0.0,0.0,0.22850921054227435,0.4635692010726189,0.0
CDMS-11-6B-JACUPE,0.0,0.0,0.0,0.40467806798836126,0.0,0.0,0.0,0.0,-0.14724382535746727,0.0,0.0,0.0,0.11735421886893516,0.1514008884895483,0.0
CDMS-11-6B-JDCHBA,0.0,0.0,0.0,-0.4342345709103844,0.0,0.0,0.0,0.0,0.19714450508110123,0.0,0.0,0.0,-0.15271343631670253,0.015929184196115095,0.0
CDMS-11-6B-JFSAHE,0.0,0.0,0.0,-0.1870114520537358,0.0,0.0,0.0,0.0,0.4951872880730485,0.0,0.0,0.0,0.4314771779234249,0.5592761137685051,0.0
CDMS-11-6B-JLPENA,0.0,0.0,0.0,0.6691733509688892,0.0,0.0,0.0,0.0,-0.4046744377149454,0.0,0.0,0.0,-0.403957496183973,-0.3537477967008558,0.0
CDMS-11-6B-JMARME,0.0,0.0,0.0,-0.1015257402468376,0.0,0.0,0.0,0.0,0.16859183890162419,0.0,0.0,0.0,0.14630381447625146,0.05830996938323682,0.0
CDMS-11-6B-JPSAMA,0.0,0.0,0.0,-0.14634983426428394,0.0,0.0,0.0,0.0,0.15304333547327792,0.0,0.0,0.0,-0.039779095921813154,0.03357655360456524,0.0
CDMS-11-6B-LESTA,0.0,0.0,0.0,0.4706875767830443,0.0,0.0,0.0,0.0,-0.24003260467757775,0.0,0.0,0.0,0.14842103810821408,0.047719254689711846,0.0
CDMS-11-6B-MAGIMU,0.0,0.0,0.0,0.3207818968137623,0.0,0.0,0.0,0.0,-0.3652389760926266,0.0,0.0,0.0,-0.4765494371478655,-0.43267104922037136,0.0
CDMS-11-6B-MEBRTA,0.0,0.0,0.0,0.11689453936843017,0.0,0.0,0.0,0.0,-0.049047560127364824,0.0,0.0,0.0,0.1127218417334652,0.11135498131059036,0.0
CDMS-11-6B-MMAMO,0.0,0.0,0.0,0.914176384753899,0.0,0.0,0.0,0.0,-0.8687463375915182,0.0,0.0,0.0,-0.5690054356504872,-0.2745520241870205,0.0
CDMS-11-6B-RSECA,0.0,0.0,0.0,-0.7494900522365725,0.0,0.0,0.0,0.0,0.9111879853361834,0.0,0.0,0.0,0.6337988157128168,0.931904582783075,0.0
CDMS-11-6B-SCAPA,0.0,0.0,0.0,0.20406324624988634,0.0,0.0,0.0,0.0,-0.7173248953903059,0.0,0.0,0.0,-0.48396751180141506,-0.69755978115833,0.0
CDMS-11-6B-VZAPE,0.0,0.0,0.0,0.8754926070267807,0.0,0.0,0.0,0.0,-0.41575679161038287,0.0,0.0,0.0,-0.7504512611445016,-0.29091593398546367,0.0
CDMS-11-6B-YLNIME,0.0,0.0,0.0,0.7109634263481122,0.0,0.0,0.0,0.0,-0.12985783725276268,0.0,0.0,0.0,0.17881103630256392,0.40916217735339944,0.0
CDMS-11-7C-ICARE,0.0,0.0,0.0,0.37241598802124076,0.0,0.0,0.0,0.0,-0.4986432849307778,0.0,0.0,0.0,-0.6524082365763006,-0.40614711058136266,0.0
CDMS-11-7C-IMOIB,0.0,0.0,0.0,-0.17531854842008546,0.0,0.0,0.0,0.0,0.1110700834179432,0.0,0.0,0.0,0.11428801768535662,0.11556006367031475,0.0
CDMS-11-7C-SALMA,0.0,0.0,0.0,0.46274505123638554,0.0,0.0,0.0,0.0,-0.5256514082498662,0.0,0.0,0.0,0.1823381425079001,0.13369333959497667,0.0
CDMS-11-7C-SPGAVE,0.0,0.0,0.0,0.9173354787669893,0.0,0.0,0.0,0.0,-0.804538885852635,0.0,0.0,0.0,-0.541475571945975,-0.6491399669157293,0.0
CDMS-12-5A-SRIGO,0.0,0.0,0.0,0.7148059774430686,0.0,0.0,0.0,0.0,-0.8230447637748343,0.0,0.0,0.0,-0.7548902018154603,-0.7301150632206391,0.0
CDMS-12-6A-FAROPA,0.0,0.0,0.0,0.7781180949121591,0.0,0.0,0.0,0.0,-0.827354397258079,0.0,0.0,0.0,-0.14317871533944582,-0.3960121037038617,0.0
CDMS-12-6A-JGIGA,0.0,0.0,0.0,-0.12867138122626778,0.0,0.0,0.0,0.0,0.26096942380197624,0.0,0.0,0.0,0.30379137071701795,0.3303475843261797,0.0
CDMS-12-6A-JSOTGU,0.0,0.0,0.0,0.18057437702420337,0.0,0.0,0.0,0.0,0.1557913509575691,0.0,0.0,0.0,0.22113518891193487,0.22102437762739785,0.0
CDMS-12-6A-SROAL,0.0,0.0,0.0,0.20178955535599766,0.0,0.0,0.0,0.0,-0.1235166164025485,0.0,0.0,0.0,0.07310804472039359,0.21572108591348124,0.0
CDMS-12-6B-IJDAGA,0.0,0.0,0.0,-0.17503676875068613,0.0,0.0,0.0,0.0,-0.16554072620822097,0.0,0.0,0.0,-0.138808815894394,-0.09867261190202231,0.0
CDMS-12-6B-SCLAG,0.0,0.0,0.0,0.4168079741260283,0.0,0.0,0.0,0.0,-0.2599501228890931,0.0,0.0,0.0,0.2060855331409569,0.2074221642524594,0.0
CDMS-12-7C-ARAHE,0.0,0.0,0.0,0.20022623096406686,0.0,0.0,0.0,0.0,-0.5331172595135978,0.0,0.0,0.0,-0.4703979006825499,-0.48758662867709984,0.0
CDMS-12-7C-CATRAR,0.0,0.0,0.0,-0.03321499011605864,0.0,0.0,0.0,0.0,0.07040282672605297,0.0,0.0,0.0,0.15676444809053738,0.2951473843962252,0.0
CDMS-12-7C-DLOLO,0.0,0.0,0.0,1.5716498539990296,0.0,0.0,0.0,0.0,-0.7858872132697999,0.0,0.0,0.0,0.737484540963058,0.38278858398878524,0.0
CDMS-12-7C-JSZAOR,0.0,0.0,0.0,-1.1601068443204652,0.0,0.0,0.0,0.0,1.1575420772552558,0.0,0.0,0.0,0.6925125629854979,0.9555970846675218,0.0
CDMS-12-7C-MAROBE,0.0,0.0,0.0,-0.1913852328393493,0.0,0.0,0.0,0.0,0.272855790042298,0.0,0.0,0.0,-0.5246068969477253,-0.0440478892708746,0.0
CDMS-12-7C-VMAPA,0.0,0.0,0.0,-0.1709134451272636,0.0,0.0,0.0,0.0,0.5901334145491614,0.0,0.0,0.0,0.5498284948687094,0.8369792588891579,0.0
CDMS-12-7C-VQURA,0.0,0.0,0.0,0.12455907359905742,0.0,-0.04379303288687304,0.0,0.0,0.0009509615691242227,0.0,0.0,0.0,0.03175345438682539,0.025916806761006536,-0.018838597143215396
CDMS-13-6B-ASUMO,0.0,0.0,0.0,-0.45353626341216946,0.0,0.0,0.0,0.0,0.3026825991764313,0.0,0.0,0.0,-0.09290621262964723,0.022881034047932958,0.0
CDMS-13-6B-JDTAHE,0.0,0.0,0.0,-0.5041960094405284,0.0,0.0,0.0,0.0,0.576663678888215,0.0,0.0,0.0,0.5278624375119985,0.5304506542450266,0.0
CDMS-13-7C-MVEAR,0.0,0.0,0.0,0.5499818080052635,0.0,0.0,0.0,0.0,0.18497779719703508,0.0,0.0,0.0,-0.0325196793881362,0.174477021128712,0.0
CDMS-13-7C-RAIZAC,0.0,0.0,0.0,-0.4361005256828156,0.0,0.0,0.0,0.0,0.8623858701939157,0.0,0.0,0.0,0.3626030660331298,0.470199879083443,0.0
CDMS-13-7C-SSOSLO,0.0,0.0,0.0,0.7196060732023725,0.0,-0.04612439747959281,0.0,0.0,-0.8684263541418717,0.0,0.0,0.0,-0.7114630768633498,-0.6473230500664492,-0.05391564543982527
CDMS-14-10A-IMORTO,0.0,0.0,0.0,0.01762274912416147,0.0,0.0,0.0,0.0,0.07942630355251594,0.0,0.0,0.0,-0.3982538789340446,-0.14155370820094385,0.0
CDMS-14-10A-JCVANI,0.0,0.0,0.0,0.5416240904926821,0.0,0.0,0.0,0.0,-0.14210964935695186,0.0,0.0,0.0,-0.2756639477602627,-0.24682505160536355,0.0
CDMS-14-5A-LSDUCO,0.0,0.0,0.0,1.9915353457151794,0.0,0.0,0.0,0.0,-1.5913426166500886,0.0,0.0,0.0,-0.5185686349788028,-0.6603505712573218,0.0
CDMS-14-6B-KDCAHE,0.0,0.0,0.0,0.23163245457601186,0.0,0.0,0.0,0.0,-0.12573958006099387,0.0,0.0,0.0,0.19646988423133976,0.0981736827950124,0.0
CDMS-15-10A-AMALOS,0.0,0.0,0.0,0.3322563136008401,0.0,0.0,0.0,0.0,0.09208192061986877,0.0,0.0,0.0,0.389877393684569,0.41872972262801156,0.0
CDMS-15-10A-JJMACH,0.0,0.0,0.0,-0.6241809514723446,0.0,0.0,0.0,0.0,0.2319527617791182,0.0,0.0,0.0,0.2696654194790605,0.328309266830339,0.0
CDMS-15-10A-MAALCA,0.0,0.0,0.0,0.912787470325177,0.0,0.0,0.0,0.0,-0.6306933143725808,0.0,0.0,0.0,-0.5742204464782246,-0.505249343820545,0.0
CDMS-15-10A-MAALRI,0.0,0.0,0.0,-0.08201119949835756,0.0,0.0,0.0,0.0,-0.16547210030860365,0.0,0.0,0.0,-0.18374621114485823,-0.20846437591580377,0.0
CDMS-15-10A-SGOMO,0.0,0.0,0.0,-0.5614135112100366,0.0,0.0,0.0,0.0,0.0645800332634231,0.0,0.0,0.0,0.2692776552898472,0.05702920585733473,0.0
CDMS-15-10A-SHEGA,0.0,0.0,0.0,-0.0047781263324819315,0.0,0.0,0.0,0.0,0.07564227890616991,0.0,0.0,0.0,0.08736890416788712,0.24053207336748747,0.0
CDMS-15-11B-JEMOLO,0.0,0.0,0.0,0.7931781535808378,0.0,0.0,0.0,0.0,-0.3737625306430877,0.0,0.0,0.0,-0.3864687918957313,-0.1604785805973057,0.0
CDMS-15-11B-VSAHO,0.0,0.0,0.0,-0.446293874888963,0.0,0.0,0.0,0.0,0.42781179535869274,0.0,0.0,0.0,0.42466438693555664,0.37280820313018925,0.0
CDMS-16-10A-SGALO,0.0,0.0,0.0,-0.24105145442985432,0.0,0.0,0.0,0.0,0.2411741994224733,0.0,0.0,0.0,0.29106618243369153,0.24476355093417962,0.0
CDMS-16-11B-NGABE,0.0,0.0,0.0,0.34191228440038984,0.0,0.0,0.0,0.0,0.08324241264118024,0.0,0.0,0.0,-0.2681125016392696,-0.11772919498342711,0.0
CDMS-17-10A-ASSAMO,0.0,0.0,0.0,-0.266642654573659,0.0,0.0,0.0,0.0,-0.04619570469961415,0.0,0.0,0.0,0.033903929187892985,0.013950424425833814,0.0
CDMS-18-7C-VVECA,0.0,0.0,0.0,0.5359179078012928,0.0,0.0,0.0,0.0,-0.414484670403301,0.0,0.0,0.0,-0.2340944097297512,-0.37068613764076963,0.0
CDMS-8-4A-DBEVA,0.0,0.0,0.0,0.03933914546120814,0.0,0.0,0.0,0.0,-0.023531844544392125,0.0,0.0,0.0,0.19582981134745664,0.09486208163087802,0.0
CDMS-8-4A-DJAVDA,0.0,0.0,0.0,-0.6407502820439674,0.0,0.0,0.0,0.0,-0.25454960194851195,0.0,0.0,0.0,-0.42177541338673014,-0.404433277754815,0.0
CDMS-8-4A-DOSTR,0.0,0.0,0.0,0.32050050241854716,0.0,0.0,0.0,0.0,-0.1468886335110191,0.0,0.0,0.0,-0.34853480711604057,-0.19105131552671958,0.0
CDMS-8-4A-LGOPA,0.0,0.0,0.0,0.3601870480837377,0.0,0.0,0.0,0.0,-0.7671552745015359,0.0,0.0,0.0,-0.9060545198821122,-0.7536760156945289,0.0
CDMS-8-4C-JDBUTU,0.0,0.0,0.0,0.3196071696930589,0.0,0.0,0.0,0.0,-0.06591027032557788,0.0,0.0,0.0,0.154703405562434,0.000639752186544117,0.0
CDMS-9-4A-ACDUTR,0.0,0.0,0.0,0.5487099656202592,0.0,0.0,0.0,0.0,-0.15717955557221686,0.0,0.0,0.0,-0.36960329443738626,-0.2686706296626258,0.0
CDMS-9-4A-CARGA,0.0,0.0,0.0,1.1660924618642723,0.0,0.0,0.0,0.0,-1.058557147276334,0.0,0.0,0.0,-0.2305710372936873,-0.2434623475097979,0.0
CDMS-9-4A-CRAAG,0.0,0.0,0.0,0.7786538436491801,0.0,0.0,0.0,0.0,-0.5100593693664802,0.0,0.0,0.0,-0.36502796731333276,-0.3431733472135463,0.0
CDMS-9-4A-EROHI,0.0,0.0,0.0,1.0050238669325036,0.0,0.0,0.0,0.0,-0.45716385596619336,0.0,0.0,0.0,-0.28931792255742816,-0.29673239505016313,0.0
CDMS-9-4A-ILOSE,0.0,0.0,0.0,0.44490925056475494,0.0,0.0,0.0,0.0,0.08091329410836332,0.0,0.0,0.0,0.0037356872736876343,-0.07397676422477079,0.0
CDMS-9-4A-TGAFR,0.0,0.0,0.0,-0.5455243414000959,0.0,0.0,0.0,0.0,0.5863822778086595,0.0,0.0,0.0,0.37067149264900123,0.3942356814524826,0.0
CDMS-9-4C-SCAMO,0.0,0.0,0.0,-0.20205317861547858,0.0,0.0,0.0,0.0,0.5966008338046657,0.0,0.0,0.0,1.1146297342362084,0.9403835722477777,0.0
CDMS-9-5A-ABERO,0.0,0.0,0.0,0.7085568081011976,0.0,0.0,0.0,0.0,-0.08316670549769059,0.0,0.0,0.0,-0.03182886722163191,-0.08719133983816003,0.0
CDMS-9-5A-PAGACO,0.0,0.0,0.0,0.7189922236529444,0.0,0.0,0.0,0.0,-0.22165699289038507,0.0,0.0,0.0,-0.16167820730151744,-0.18617991041511595,0.0
CDMS-9-5A-VVAAR,0.0,0.0,0.0,-0.2638015054297056,0.0,0.0,0.0,0.0,0.302011213140335,0.0,0.0,0.0,0.501134603353767,0.449642761940165,0.0
CDMS-9-5C-JDMADE,0.0,0.0,0.0,0.7561702505520509,0.0,0.0,0.0,0.0,-0.530375720105658,0.0,0.0,0.0,-0.5824856727132472,-0.41282325848955115,0.0
CDMS-9-5C-LVIZAC,0.0,0.0,0.0,0.7214114889870614,0.0,0.0,0.0,0.0,-0.6227637665531983,0.0,0.0,0.0,-0.4746833280638793,-0.6124439414222745,0.0
CDMS-9-5C-MLOGO,0.0,0.0,0.0,-0.40055484801968183,0.0,0.0,0.0,0.0,0.2506712634959564,0.0,0.0,0.0,0.26254528628893015,0.1663145763301051,0.0
CDMS-9-5C-SCAAG,0.0,0.0,0.0,0.10418247950096249,0.0,-0.07120635975866514,0.0,0.0,0.09408342582096728,0.0,0.0,0.0,0.11390051475949159,0.2236001771665332,-0.0559925816989431
CDMS-XX-10A-VGILO,0.0,0.0,0.0,0.38569338297075684,0.0,0.0,0.0,0.0,-0.08872139305529407,0.0,0.0,0.0,-0.4399516094980361,-0.3210570410499271,0.0
CDMS-XX-5C-MJSARU,0.0,0.0,0.0,-0.4058628472800531,0.0,0.0,0.0,0.0,0.2924887306523099,0.0,0.0,0.0,0.24010892228126485,0.2344020200022625,0.0
CDMS-XX-5C-MPCAQU,0.0,0.0,0.0,-0.0749716157922984,0.0,0.0,0.0,0.0,0.4358822476792794,0.0,0.0,0.0,0.3296155792338455,0.5428707974371105,0.0
CDMS-XX-6A-MAGICA,0.0,0.0,0.0,-0.40166061302724165,0.0,-0.0058372687358376005,0.0,0.0,0.38734391586568967,0.0,0.0,0.0,0.33313027314048715,0.4060344097866743,-0.005596839890574617
CDMS-XX-6B-SPUCA,0.0,0.0,0.0,-0.10366441517064137,0.0,0.0,0.0,0.0,0.38641264952298293,0.0,0.0,0.0,0.22841717166323525,0.37411207703780913,0.0
CSO-10-4A-ICAPA,0.0,0.0,0.0,0.6178396772163192,0.0,0.0,0.0,0.0,-0.3638987552355839,0.0,0.0,0.0,0.24172891687074263,0.2622334664363958,0.0
CSO-10-4A-KCOMO,0.0,0.0,0.0,-0.5576758738408513,0.0,0.0,0.0,0.0,0.40704205665339105,0.0,0.0,0.0,0.19564204122885034,0.20467667604251574,0.0
CSO-10-4A-LRAVI,0.0,0.0,0.0,-1.1205768765089885,0.0,0.0,0.0,0.0,0.5429519683488705,0.0,0.0,0.0,-0.2278708185649485,0.004527604911436786,0.0
CSO-10-4A-LSCAVA,0.0,0.0,0.0,-0.2970191699592307,0.0,0.0,0.0,0.0,0.18446841050737744,0.0,0.0,0.0,0.1547204587406001,0.1379678983083023,0.0
CSO-10-5A-ACAVA,0.0,0.0,0.0,-0.7615433653560056,0.0,0.0,0.0,0.0,0.9178662329503439,0.0,0.0,0.0,0.5556232281804129,0.8297555317165095,0.0
CSO-10-5A-ARACA,0.0,0.0,0.0,0.23766968328883065,0.0,0.0,0.0,0.0,-0.1524097662295218,0.0,0.0,0.0,-0.28984697162078193,-0.19961894808013467,0.0
CSO-10-5A-DABRZA,0.0,0.0,0.0,1.3693233364272441,0.0,0.0,0.0,0.0,-0.9948909608171755,0.0,0.0,0.0,-0.3142131596587787,-0.511696298806192,0.0
CSO-10-5A-GZAMA,0.0,0.0,0.0,0.21484137483502858,0.0,0.0,0.0,0.0,-0.599619095549509,0.0,0.0,0.0,-0.10469112060848855,-0.1382431327270045,0.0
CSO-10-5A-IPECA,0.0,0.0,0.0,0.4812082242374973,0.0,0.0,0.0,0.0,-0.03292525448595363,0.0,0.0,0.0,-0.07961946529719649,-0.11282051539091573,0.0
CSO-10-5A-JANORO,0.0,0.0,0.0,-0.38499441165099585,0.0,0.0,0.0,0.0,0.6775714562815898,0.0,0.0,0.0,0.8489793881013089,0.9582932939500828,0.0
CSO-10-5A-JBUVE,0.0,0.0,0.0,-0.47371713384813446,0.0,0.0,0.0,0.0,-0.5468830757848212,0.0,0.0,0.0,-0.7098607311901703,-0.6635427743021608,0.0
CSO-10-5A-JJSEMO,0.0,0.0,0.0,0.9576935484625793,0.0,0.0,0.0,0.0,-0.7765830533239022,0.0,0.0,0.0,-0.5240393059107598,-0.6567442217854829,0.0
CSO-10-5A-JLCARI,0.0,0.0,0.0,-0.5570193972807785,0.0,0.0,0.0,0.0,0.5746270365921158,0.0,0.0,0.0,0.2614685139819548,0.27457222037947926,0.0
CSO-10-5A-MAARAN,0.0,0.0,0.0,0.6021433351324259,0.0,0.0,0.0,0.0,-0.006851319028057495,0.0,0.0,0.0,-0.0346180335528149,-0.08462343471678258,0.0
CSO-10-5A-MAOSMO,0.0,0.0,0.0,-0.06793013334906965,0.0,0.0,0.0,0.0,-0.07484000802098428,0.0,0.0,0.0,0.07644864534536507,-0.003138771648781086,0.0
CSO-10-5A-RVMOIB,0.0,0.0,0.0,-0.2828218129055972,0.0,0.0,0.0,0.0,0.0957258587174795,0.0,0.0,0.0,0.05452456876319823,0.13765442683026868,0.0
CSO-10-5A-SVHEES,0.0,0.0,0.0,-0.04497415082506409,0.0,0.0,0.0,0.0,0.1293993782573688,0.0,0.0,0.0,0.4511237686614296,0.0320581134743936,0.0
CSO-11-5A-MDVOSPE,0.0,0.0,0.0,-0.11628590571056809,0.0,0.0,0.0,0.0,-0.17978367238596377,0.0,0.0,0.0,-0.4150961043507361,-0.35149091533777854,0.0
CSO-11-5A-MTAGA,0.0,0.0,0.0,0.08107555028742439,0.0,0.0,0.0,0.0,0.0939688626315601,0.0,0.0,0.0,0.1500083479834389,0.17649886803322573,0.0
CSO-11-6A-CAPAMU,0.0,0.0,0.0,0.022276886630539776,0.0,-0.01149425287356322,0.0,0.0,-0.054287214819208084,0.0,0.0,0.0,-0.035406577989518136,-0.08164714333973734,-0.010415013507827258
CSO-11-6A-DSCACH,0.0,0.0,0.0,-0.16500227392023392,0.0,0.0,0.0,0.0,0.2802194182894355,0.0,0.0,0.0,0.13374315889948318,0.1624697802578257,0.0
CSO-11-6A-EROMO,0.0,0.0,0.0,-0.5817448832308327,0.0,0.0,0.0,0.0,0.2624111983372429,0.0,0.0,0.0,0.07043408862945857,0.09361708469026647,0.0
CSO-11-6A-FSOVRE,0.0,0.0,0.0,-0.2761934054554117,0.0,0.0,0.0,0.0,0.18185354857027725,0.0,0.0,0.0,0.19013103642491766,0.1908736907186332,0.0
CSO-11-6B-ANREVA,0.0,0.0,0.0,-0.07926887781094193,0.0,0.0,0.0,0.0,-0.25643492568279685,0.0,0.0,0.0,0.21525561914064964,0.3049988289991198,0.0
CSO-11-6B-DISEMO,0.0,0.0,0.0,-0.20745980945550252,0.0,0.0,0.0,0.0,0.08549973553082466,0.0,0.0,0.0,0.36186437002396804,0.11822813387180807,0.0
CSO-11-6B-LHFDLACH,0.0,0.0,0.0,0.6285183394771837,0.0,-0.04249929710252281,0.0,0.0,-0.4360471807275148,0.0,0.0,0.0,-0.22236719935940547,-0.3442408077652166,0.5712167885874305
CSO-11-6B-RJGIHE,0.0,0.0,0.0,0.5863730874568717,0.0,0.0,0.0,0.0,-0.3673173364555107,0.0,0.0,0.0,-0.42328434392320274,-0.3534763690493347,0.0
CSO-11-6B-SFLVA,0.0,0.0,0.0,-0.7611912538036785,0.0,0.0,0.0,0.0,0.6619846766946196,0.0,0.0,0.0,0.589076040156322,0.6437055480016138,0.0
CSO-11-6B-VCOMA,0.0,0.0,0.0,0.43822144520526407,0.0,0.0,0.0,0.0,-0.42319272373792827,0.0,0.0,0.0,-0.5754091347087215,-0.6785348639316836,0.0
CSO-12-6A-DGISE,0.0,0.0,0.0,-0.21697906313061033,0.0,0.0,0.0,0.0,0.08907871044962795,0.0,0.0,0.0,0.19391063661097882,0.1043330647935623,0.0
CSO-12-6A-FJOVRE,0.0,0.0,0.0,-0.5692858871082784,0.0,0.0,0.0,0.0,0.47097312473831027,0.0,0.0,0.0,0.4134575727563889,0.3671534534168114,0.0
CSO-12-6B-GQULO,0.0,0.0,0.0,0.21454807644201046,0.0,0.0,0.0,0.0,0.06143665769644705,0.0,0.0,0.0,0.20407844820229504,0.24082478542676503,0.0
CSO-12-6B-LJHEFE,0.0,0.0,0.0,0.7449104657008224,0.0,0.0,0.0,0.0,-0.11271241402812092,0.0,0.0,0.0,-0.4639017003081335,-0.2065444418094601,0.0
CSO-12-6B-VPAMA,0.0,0.0,0.0,1.4291890932962523,0.0,0.0,0.0,0.0,-0.8096734286369843,0.0,0.0,0.0,-0.4063899493663777,-0.5013364004325626,0.0
CSO-12-7A-DALRE,0.0,0.0,0.0,-0.1489364372483722,0.0,0.0,0.0,0.0,0.10829614891486466,0.0,0.0,0.0,0.2489287552508394,0.030204490686790986,0.0
CSO-12-7A-ESALA,0.0,0.0,0.0,0.2639000949508249,0.0,0.0,0.0,0.0,-0.19221634912567484,0.0,0.0,0.0,-0.0691922268559317,-0.08923191145762739,0.0
CSO-12-7A-IMERO,0.0,0.0,0.0,-0.013412173998816628,0.0,0.0,0.0,0.0,0.27425298439155066,0.0,0.0,0.0,0.2954692764859447,0.32539242491101344,0.0
CSO-12-7A-JHEZA,0.0,0.0,0.0,0.11192162858046169,0.0,0.0,0.0,0.0,-0.10696823841441161,0.0,0.0,0.0,0.255459419914522,0.018391732566222885,0.0
CSO-12-7A-LSARAR,0.0,0.0,0.0,0.10501767604876314,0.0,0.0,0.0,0.0,-0.07401115626073475,0.0,0.0,0.0,-0.4425885633922258,-0.20262651371047444,0.0
CSO-12-7A-SCAHO,0.0,0.0,0.0,0.10260054342815626,0.0,0.0,0.0,0.0,-0.3633108042732044,0.0,0.0,0.0,-0.2370483889655852,-0.357971977335905,0.0
CSO-12-7B-DVAGRO,0.0,0.0,0.0,0.6985427637455668,0.0,0.0,0.0,0.0,-0.6464185570258292,0.0,0.0,0.0,-0.6137667625881077,-0.591973529980294,0.0
CSO-12-7B-SMUGU,0.0,0.0,0.0,-0.30056865826751267,0.0,0.0,0.0,0.0,0.42357038778769984,0.0,0.0,0.0,0.07477679419857364,0.3781609542767242,0.0
CSO-12-7B-SSARA,0.0,0.0,0.0,0.2938178626381752,0.0,0.0,0.0,0.0,-0.112477298198638,0.0,0.0,0.0,0.023215422599701285,0.0907512295916645,0.0
CSO-12-7B-VHOMA,0.0,0.0,0.0,-0.13534745628553252,0.0,0.0,0.0,0.0,0.13510143510417086,0.0,0.0,0.0,0.2628219783524281,0.16907234785966976,0.0
CSO-12-8A-YTOME,0.0,0.0,0.0,0.7526340626095861,0.0,0.0,0.0,0.0,-1.086935322334856,0.0,0.0,0.0,-0.8043108270157325,-0.8560829266854131,0.0
CSO-13-6A-ANASA,0.0,0.0,0.0,0.19988481055889093,0.0,0.0,0.0,0.0,0.25160445008972804,0.0,0.0,0.0,0.18246154146220728,0.2773440532314592,0.0
CSO-13-6B-JETAVE,0.0,0.0,0.0,-0.29480800708999794,0.0,0.0,0.0,0.0,0.5020914107537717,0.0,0.0,0.0,0.37932061358078667,0.5355586565580968,0.0
CSO-13-6B-LFMIES,0.0,0.0,0.0,-0.3020853223201904,0.0,0.0,0.0,0.0,-0.04880646926199886,0.0,0.0,0.0,-0.2178506529839402,-0.2714267823038617,0.0
CSO-13-6B-LJMAHU,0.0,0.0,0.0,-0.3913473564306707,0.0,0.0,0.0,0.0,0.2407187211749743,0.0,0.0,0.0,0.0854237265246937,0.0774139076937633,0.0
CSO-13-7A-CAPAMU,0.0,0.0,0.0,-0.05221101191862897,0.0,0.0,0.0,0.0,-0.009709467688198496,0.0,0.0,0.0,-0.04919787861654353,-0.04010314485519097,0.0
CSO-13-7A-CDDITR,0.0,0.0,0.0,-0.04511959511768129,0.0,0.0,0.0,0.0,0.1904590999013692,0.0,0.0,0.0,0.3606635808878426,0.297906047035783,0.0
CSO-13-7A-JJATFL,0.0,0.0,0.0,-0.5600358938733009,0.0,0.0,0.0,0.0,0.5795176680177421,0.0,0.0,0.0,0.6462793213539026,0.5553867760001284,0.0
CSO-13-7A-KRAMA,0.0,0.0,0.0,0.38047685880033794,0.0,0.0,0.0,0.0,-0.764914773417539,0.0,0.0,0.0,-0.3377278271664006,-0.4716525723835516,0.0
CSO-13-7A-RXCHLU,0.0,0.0,0.0,-0.14688784505983135,0.0,0.0,0.0,0.0,0.017384599757036653,0.0,0.0,0.0,0.047811073447274754,-0.08636713225040783,0.0
CSO-13-7A-YAMEZA,0.0,0.0,0.0,-0.4606587599538379,0.0,0.0,0.0,0.0,-0.39488631554592823,0.0,0.0,0.0,-0.4732501170935145,-0.6909780247109887,0.0
CSO-13-7A-YBOSO,0.0,0.0,0.0,-0.5159267364829534,0.0,0.0,0.0,0.0,0.11259489933601671,0.0,0.0,0.0,0.13345821974273916,-0.03895267368512823,0.0
CSO-13-8A-KIGAGU,0.0,0.0,0.0,0.7445917562245017,0.0,0.0,0.0,0.0,-0.4365936354366851,0.0,0.0,0.0,0.0700474876505465,-0.031454429809832624,0.0
CSO-13-8A-MBUAN,0.0,0.0,0.0,0.020707806625497614,0.0,-0.040748200918894834,0.0,0.0,-0.27467043024822546,0.0,0.0,0.0,-0.43151547762360815,-0.3001787764524534,-0.06978256899558932
CSO-13-8A-MGAAN,0.0,0.0,0.0,-0.29603377513034423,0.0,0.0,0.0,0.0,0.01622775337173233,0.0,0.0,0.0,-0.24155616693400392,-0.2530226276031179,0.0
CSO-13-8A-MGAHE,0.0,0.0,0.0,-0.538972414980111,0.0,0.0,0.0,0.0,0.4383143354104268,0.0,0.0,0.0,0.3329877027721247,0.3813576517327924,0.0
CSO-13-8A-MJAGA,0.0,0.0,0.0,0.13424038182434336,0.0,0.0,0.0,0.0,-0.4250669998748472,0.0,0.0,0.0,-0.3468785202516215,-0.397266679050114,0.0
CSO-13-8A-VHODU,0.0,0.0,0.0,-0.31026459716922644,0.0,0.0,0.0,0.0,0.5048709278805935,0.0,0.0,0.0,0.07155878972851476,0.24201433930811445,0.0
CSO-13-8B-FCJISA,0.0,0.0,0.0,-0.14624953883548047,0.0,0.0,0.0,0.0,0.10245125386055175,0.0,0.0,0.0,0.14768970943333373,0.13920856171368085,0.0
CSO-13-8B-JEMABE,0.0,0.0,0.0,0.21603276166860982,0.0,-0.04906975680007856,0.0,0.0,-0.6457417194759573,0.0,0.0,0.0,-0.33586733362165994,-0.32856298916657506,0.0597345478505533
CSO-13-9B-DMLLLU,0.0,0.0,0.0,2.0728137265825657,0.0,0.0,0.0,0.0,-1.155810172877606,0.0,0.0,0.0,-0.7100126587460076,-0.7601495498104562,0.0
CSO-14-7A-MVEBE,0.0,0.0,0.0,-0.20975305305885728,0.0,0.0,0.0,0.0,0.4231439030068794,0.0,0.0,0.0,0.6994926371613363,0.5722675057907023,0.0
CSO-14-7B-EALHU,0.0,0.0,0.0,-0.21939355989623358,0.0,0.0,0.0,0.0,0.2290630010861985,0.0,0.0,0.0,0.2666123423034707,0.18729087237657716,0.0
CSO-14-7B-EVEGO,0.0,0.0,0.0,-0.035452509035742555,0.0,0.0,0.0,0.0,-0.06241566400390296,0.0,0.0,0.0,0.005739280782375913,-0.07144251886835187,0.0
CSO-14-8A-AQUMA,0.0,0.0,0.0,-0.2228328414047755,0.0,0.0,0.0,0.0,0.5873270071986307,0.0,0.0,0.0,0.43916066768711615,0.49669932265597816,0.0
CSO-14-8A-MCIDOS,0.0,0.0,0.0,0.06443361208783172,0.0,0.0,0.0,0.0,0.19729910626193123,0.0,0.0,0.0,0.47674792700291746,0.45627540899302155,0.0
CSO-14-8A-SZARA,0.0,0.0,0.0,-0.2646374716380902,0.0,0.0,0.0,0.0,0.12435059117549911,0.0,0.0,0.0,0.08056681775445106,0.10926855877351412,0.0
CSO-14-8B-JLLORA,0.0,0.0,0.0,-0.36752087182467,0.0,0.0,0.0,0.0,0.24812696008831306,0.0,0.0,0.0,0.23882912628537012,0.17663470060650582,0.0
CSO-14-9A-AEDCAGO,0.0,0.0,0.0,-0.7173430144467638,0.0,0.0,0.0,0.0,0.781255334251674,0.0,0.0,0.0,0.39923653972110285,0.5439491423777463,0.0
CSO-14-9A-HASACA,0.0,0.0,0.0,0.7093319116171438,0.0,0.0,0.0,0.0,-0.6573096663513461,0.0,0.0,0.0,-0.3362778205525055,-0.36723259887617565,0.0
CSO-14-9A-JSMAAL,0.0,0.0,0.0,0.5758034578202585,0.0,0.0,0.0,0.0,-0.5166253609998666,0.0,0.0,0.0,-0.42691832924804896,-0.49090225842084323,0.0
CSO-14-9A-MARJA,0.0,0.0,0.0,0.5421164510096677,0.0,0.0,0.0,0.0,-0.0890311920547492,0.0,0.0,0.0,-0.0923199308907734,0.026515088783787978,0.0
CSO-14-9A-SORZU,0.0,0.0,0.0,0.2838386741889728,0.0,0.0,0.0,0.0,0.5837481997648374,0.0,0.0,0.0,0.5950227835823946,0.6366906133830419,0.0
CSO-14-9B-ERAGA,0.0,0.0,0.0,0.08696643230715387,0.0,0.0,0.0,0.0,0.2797393649524142,0.0,0.0,0.0,-0.02587444789760352,0.19446998952317157,0.0
CSO-14-9B-MFEGA,0.0,0.0,0.0,1.5594858770435438,0.0,0.0,0.0,0.0,-1.1733438690371552,0.0,0.0,0.0,-1.0295776448315674,-1.2119621998158,0.0
CSO-15-10A-LJRAGU,0.0,0.0,0.0,0.795328798247485,0.0,0.0,0.0,0.0,-0.12539282376332195,0.0,0.0,0.0,0.20663833095358158,0.2417794074575865,0.0
CSO-15-10A-MAARLO,0.0,0.0,0.0,-0.1450220895206122,0.0,0.0,0.0,0.0,0.18773759086263675,0.0,0.0,0.0,0.15736038352484782,0.3428499462797549,0.0
CSO-15-10A-SFEGA,0.0,0.0,0.0,0.562676312272352,0.0,0.0,0.0,0.0,-0.3186713065401208,0.0,0.0,0.0,-0.33119440796481237,-0.2751629816023361,0.0
CSO-15-10B-MEBUAR,0.0,0.0,0.0,0.4727175506636559,0.0,0.0,0.0,0.0,-0.5565002544150491,0.0,0.0,0.0,-0.15463060934701992,-0.32042071612050166,0.0
CSO-15-10B-YVBUAN,0.0,0.0,0.0,-0.272021156940569,0.0,0.0,0.0,0.0,0.18290414534128083,0.0,0.0,0.0,0.26785168423109185,0.2615157734493941,0.0
CSO-15-10C-ALBAHO,0.0,0.0,0.0,-0.4366456736893918,0.0,0.0,0.0,0.0,0.4042292403365337,0.0,0.0,0.0,0.003957685136612123,0.25253821935755716,0.0
CSO-15-10C-SSCAMO,0.0,0.0,0.0,0.2013068537068816,0.0,0.0,0.0,0.0,-0.16992110611961242,0.0,0.0,0.0,-0.12872988877618083,-0.13992363394869758,0.0
CSO-15-11C-JETALO,0.0,0.0,0.0,0.1910313503685329,0.0,0.0,0.0,0.0,-0.06515381766672074,0.0,0.0,0.0,0.06472400142118637,0.0009700872437664539,0.0
CSO-15-7B-JCRAGA,0.0,0.0,0.0,-0.45539563514977016,0.0,0.0,0.0,0.0,0.7173719762307721,0.0,0.0,0.0,0.9824037413083534,0.7563331878756856,0.0
CSO-15-8A-VBMABR,0.0,0.0,0.0,-0.10347836983329724,0.0,0.0,0.0,0.0,0.4501830103674932,0.0,0.0,0.0,0.5098521789484195,0.48460594833910137,0.0
CSO-15-8B-KEPOGO,0.0,0.0,0.0,0.43344981466641563,0.0,0.0,0.0,0.0,-0.8916409303096704,0.0,0.0,0.0,-0.7573573239669643,-0.8262800476556563,0.0
CSO-15-9B-ALRIHE,0.0,0.0,0.0,0.37741574056669036,0.0,0.0,0.0,0.0,-0.10190035726515421,0.0,0.0,0.0,-0.6794912846791731,-0.4626534542899273,0.0
CSO-15-9B-AMSAGO,0.0,0.0,0.0,-0.3306135806381849,0.0,0.0,0.0,0.0,0.24615155137959857,0.0,0.0,0.0,0.18053077945945073,0.3000544561932864,0.0
CSO-15-9B-JCAPA,0.0,0.0,0.0,0.3011937289258888,0.0,0.0,0.0,0.0,-0.558325720937174,0.0,0.0,0.0,-0.6942816821290647,-0.48924413510203674,0.0
CSO-15-9B-KSBEJA,0.0,0.0,0.0,0.328100132736102,0.0,0.0,0.0,0.0,0.14328590577519743,0.0,0.0,0.0,-0.16065860359164874,0.16737028564476916,0.0
CSO-15-9B-RMCHLU,0.0,0.0,0.0,0.07749883670549339,0.0,0.0,0.0,0.0,0.2176590771466833,0.0,0.0,0.0,0.16269088505965193,0.29588847963654197,0.0
CSO-15-9B-SJAGRO,0.0,0.0,0.0,-0.4861579467175427,0.0,0.0,0.0,0.0,0.02869233290819066,0.0,0.0,0.0,0.019677683287217234,0.07066726570830359,0.0
CSO-16-10A-JEGAHE,0.0,0.0,0.0,0.17281863768364814,0.0,0.0,0.0,0.0,-0.2903979353027983,0.0,0.0,0.0,-0.29494054143420106,-0.25266275037152086,0.0
CSO-16-10A-MSACO,0.0,0.0,0.0,-0.21391457943922482,0.0,0.0,0.0,0.0,-0.443706224507644,0.0,0.0,0.0,-0.38352017203122435,-0.5522453298208506,0.0
CSO-16-10A-SARI,0.0,0.0,0.0,0.4980605786906472,0.0,0.0,0.0,0.0,-0.21690604855652398,0.0,0.0,0.0,-0.3757542014504384,-0.18410642678418418,0.0
CSO-16-10A-SMOUT,0.0,0.0,0.0,0.0010605272978748428,0.0,-0.1332393222208163,0.0,0.0,0.21024708667775519,0.0,0.0,0.0,0.07267782095584241,-0.03764977167581275,0.006187777839809584
CSO-16-10A-YKMUJO,0.0,0.0,0.0,0.29490125533181105,0.0,0.0,0.0,0.0,-0.5055495783081526,0.0,0.0,0.0,-0.38707989651533087,-0.46310768006330794,0.0
CSO-16-10B-JESUGU,0.0,0.0,0.0,-0.28254692778563745,0.0,0.0,0.0,0.0,0.5000593228814684,0.0,0.0,0.0,0.494666303040075,0.48006918710173896,0.0
CSO-16-10B-LTVIFA,0.0,0.0,0.0,-0.29446281588236306,0.0,-0.060340611160016926,0.0,0.0,0.4277479773730093,0.0,0.0,0.0,0.4374270271242551,0.4263262586835967,-0.02666366217222993
CSO-16-10B-VVILI,0.0,0.0,0.0,-0.24142042639130248,0.0,0.0,0.0,0.0,0.5435289422450499,0.0,0.0,0.0,0.5399900164977965,0.5398024963451069,0.0
CSO-16-10C-ACALGU,0.0,0.0,0.0,0.06152439426778298,0.0,0.0,0.0,0.0,0.1887016524373595,0.0,0.0,0.0,0.329229813464609,0.3826670775578191,0.0
CSO-16-10C-MAVAVE,0.0,0.0,0.0,-0.043764024010974414,0.0,0.0,0.0,0.0,-0.22511999006203048,0.0,0.0,0.0,-0.27443356178808986,-0.21996030395443258,0.0
CSO-16-11A-JAVABO,0.0,0.0,0.0,0.7479348734266007,0.0,0.0,0.0,0.0,0.013635387311949264,0.0,0.0,0.0,0.34352331481971476,0.3443800303218993,0.0
CSO-16-11A-JDMUVA,0.0,0.0,0.0,-0.2236747700023355,0.0,0.0,0.0,0.0,0.615939178299103,0.0,0.0,0.0,0.5721503888444309,0.642500822977926,0.0
CSO-16-11A-VZAOR,0.0,0.0,0.0,-0.21691210696887772,0.0,0.0,0.0,0.0,-0.06603959741565711,0.0,0.0,0.0,-0.0295727312477742,-0.05600175653102955,0.0
CSO-16-11B-KRORE,0.0,0.0,0.0,-0.23098667770630732,0.0,0.0,0.0,0.0,0.19875795127594512,0.0,0.0,0.0,-0.02143875641310447,0.11601501019857714,0.0
CSO-16-11B-LLOZA,0.0,0.0,0.0,0.54789600520978,0.0,0.0,0.0,0.0,-0.38717757675380576,0.0,0.0,0.0,-0.31785772513903326,-0.2895129349832522,0.0
CSO-16-11B-YAROMO,0.0,0.0,0.0,0.003810429201127432,0.0,0.0,0.0,0.0,0.1547506688676991,0.0,0.0,0.0,0.25260553927685836,0.24545810082221195,0.0
CSO-16-9A-JALEMO,0.0,0.0,0.0,1.2371540118522086,0.0,0.0,0.0,0.0,-0.46627562038075315,0.0,0.0,0.0,-0.27452812223422274,-0.3704186470979591,0.0
CSO-16-9A-JPROSO,0.0,0.0,0.0,-0.5677853258315047,0.0,0.0,0.0,0.0,0.08271914969949508,0.0,0.0,0.0,-0.11099108466637093,0.058828712336683346,0.0
CSO-16-9A-JSMAGU,0.0,0.0,0.0,-0.23775624044785326,0.0,0.5786310975926162,0.0,0.0,0.4543160790701629,0.0,0.0,0.0,0.6616973543950776,0.5600001593207427,-0.09232373624283771
CSO-16-9B-SJPAJI,0.0,0.0,0.0,0.3380467267824898,0.0,0.0,0.0,0.0,-0.2163543943946016,0.0,0.0,0.0,-0.5236269624296923,-0.6960799311171086,0.0
CSO-17-10A-YVGOCA,0.0,0.0,0.0,-0.02122091554489226,0.0,0.0,0.0,0.0,-0.2480774198801247,0.0,0.0,0.0,-0.31841230060416337,-0.25567230189722207,0.0
CSO-17-10B-EHECO,0.0,0.0,0.0,0.09604933703292867,0.0,0.0,0.0,0.0,-0.03973198703214604,0.0,0.0,0.0,-0.1075406904530661,-0.045967379542201474,0.0
CSO-17-10B-YCQUVE,0.0,0.0,0.0,0.5448888452816485,0.0,0.0,0.0,0.0,-0.1135741843732458,0.0,0.0,0.0,0.1555772267908131,0.1870796966363377,0.0
CSO-17-11A-DJAPA,0.0,0.0,0.0,0.06968021562756319,0.0,0.0,0.0,0.0,-0.28243647473766564,0.0,0.0,0.0,0.03744345922185888,-0.012846264367602294,0.0
CSO-17-11A-JDAMO,0.0,0.0,0.0,-0.5345105420686194,0.0,0.0,0.0,0.0,0.210267887594069,0.0,0.0,0.0,-0.11378269089341177,-0.07850058326927825,0.0
CSO-17-11A-NPAHE,0.0,0.0,0.0,-0.4534342379716915,0.0,0.0,0.0,0.0,0.005703363016193092,0.0,0.0,0.0,-0.3363831101245151,-0.24750710685287877,0.0
CSO-17-11A-RLPAIG,0.0,0.0,0.0,0.19181850816008664,0.0,-0.0507178207522427,0.0,0.0,-0.045676862190848086,0.0,0.0,0.0,-0.2391404809187141,-0.13051120050402906,-0.037080573818071345
CSO-17-11A-SPUVA,0.0,0.0,0.0,1.2534458914890587,0.0,0.0,0.0,0.0,-0.6153446020646611,0.0,0.0,0.0,0.11042144227916091,-0.032083563940760125,0.0
CSO-17-11B-CDBEBU,0.0,0.0,0.0,-0.18713636680561505,0.0,0.0,0.0,0.0,0.19456111406156196,0.0,0.0,0.0,0.1699453308774465,0.14203823323770587,0.0
CSO-17-11C-JDAAG,0.0,0.0,0.0,-0.0927519049457619,0.0,0.0,0.0,0.0,0.2269538547610203,0.0,0.0,0.0,0.20562834687505915,0.22962490090875215,0.0
CSO-17-11C-MAPAMA,0.0,0.0,0.0,0.02668815978711173,0.0,0.0,0.0,0.0,0.12152944974399722,0.0,0.0,0.0,0.1803119190380924,0.16173048929389264,0.0
CSO-17-11C-MCAAG,0.0,0.0,0.0,-0.047720324202292885,0.0,0.0,0.0,0.0,0.04724734419098061,0.0,0.0,0.0,-0.036210930638786644,-0.03248299230490728,0.0
CSO-17-11C-SARJA,0.0,0.0,0.0,0.2951251372485892,0.0,0.0,0.0,0.0,-0.5264113312071774,0.0,0.0,0.0,-0.657840892634501,-0.5684083969423722,0.0
CSO-18-11A-ADBAHO,0.0,0.0,0.0,0.7211752102128597,0.0,0.0,0.0,0.0,-0.1872705880265519,0.0,0.0,0.0,-0.19446558107212214,-0.15574566964408856,0.0
CSO-18-11B-YLLRE,0.0,0.0,0.0,-0.1999120142723024,0.0,0.0,0.0,0.0,0.24585168780301014,0.0,0.0,0.0,0.4875368729486375,0.303853601852335,0.0
CSO-18-9B-MAMOLO,0.0,0.0,0.0,-0.23974333784367452,0.0,0.5539314395137187,0.0,0.0,0.012993493065097063,0.0,0.0,0.0,0.09115334346266532,0.050171107573488666,-0.041662266209858315
CSO-8-3A-AIPRBR,0.0,0.0,0.0,0.08885344173010579,0.0,0.0,0.0,0.0,0.31012082950725395,0.0,0.0,0.0,0.5148075202632668,0.4606935755632487,0.0
CSO-8-3A-DAPAVA,0.0,0.0,0.0,0.2475224990314579,0.0,0.0,0.0,0.0,-0.018086229757056243,0.0,0.0,0.0,0.07139825324899109,0.11743668368595025,0.0
CSO-8-3A-KVPECO,0.0,0.0,0.0,0.052387333870839305,0.0,0.0,0.0,0.0,0.08795536831894199,0.0,0.0,0.0,0.13177176491827744,0.09350003903620172,0.0
CSO-8-4A-ARAGR,0.0,0.0,0.0,0.0937987960791193,0.0,0.0,0.0,0.0,-0.32203885410059213,0.0,0.0,0.0,-0.3206514319528402,-0.29386381930802513,0.0
CSO-8-4A-JRAAR,0.0,0.0,0.0,0.6603144583011291,0.0,0.0,0.0,0.0,-0.4579656476008076,0.0,0.0,0.0,-0.14219061550411113,-0.2867022688833383,0.0
CSO-9-2A-EXMOCO,0.0,0.0,0.0,0.7598339209936803,0.0,0.0,0.0,0.0,-0.5661809090246546,0.0,0.0,0.0,-0.297385085868014,-0.26220557951258966,0.0
CSO-9-4A-AGAPE,0.0,0.0,0.0,0.21710274176544891,0.0,0.0,0.0,0.0,0.2819022198447132,0.0,0.0,0.0,-0.14880373093548294,0.028994168585197336,0.0
CSO-9-4A-DKVIMO,0.0,0.0,0.0,-0.49571542507690625,0.0,0.0,0.0,0.0,0.17334483740367854,0.0,0.0,0.0,-0.02029971452400482,0.07640190817562255,0.0
CSO-9-4A-DSMOMU,0.0,0.0,0.0,-0.3658087695696396,0.0,0.0,0.0,0.0,0.3963692884384252,0.0,0.0,0.0,0.319771721783934,0.3382588940453863,0.0
CSO-9-4A-DVGATO,0.0,0.0,0.0,-0.1711905451376428,0.0,0.0,0.0,0.0,-0.12451135715516723,0.0,0.0,0.0,-0.11386999987665433,-0.17094810908742591,0.0
CSO-9-4A-EGCAMO,0.0,0.0,0.0,-0.6791595482368423,0.0,0.0,0.0,0.0,0.48441403042496184,0.0,0.0,0.0,0.17074600957732597,0.25790844299070814,0.0
CSO-9-4A-FAGIGA,0.0,0.0,0.0,0.6763926341204978,0.0,0.0,0.0,0.0,-0.5493421378243374,0.0,0.0,0.0,-0.5474500859142306,-0.5893064049064441,0.0
CSO-9-4A-GSBRCO,0.0,0.0,0.0,0.22295708388155777,0.0,0.0,0.0,0.0,-0.10580515888222822,0.0,0.0,0.0,0.07676498080727255,0.1103902042853139,0.0
CSO-9-4A-KEMOCO,0.0,0.0,0.0,0.34560813463235684,0.0,0.0,0.0,0.0,-0.12716856305164542,0.0,0.0,0.0,-0.16325573741049154,-0.029667921024124955,0.0
CSO-9-4A-LCOMO,0.0,0.0,0.0,0.5708850646437535,0.0,0.7175716197263668,0.0,0.0,-0.45132149679224726,0.0,0.0,0.0,-0.2436085718411311,-0.1799643375442746,-0.16339457745460828
CSO-9-4A-MLORO,0.0,0.0,0.0,-0.004854854820615137,0.0,0.0,0.0,0.0,0.008790243487323707,0.0,0.0,0.0,-0.06618740451293915,-0.048596843867357395,0.0
CSO-9-4A-MPAME,0.0,0.0,0.0,0.8330637843330281,0.0,0.0,0.0,0.0,-0.6161438674489829,0.0,0.0,0.0,-0.30014546995278185,-0.4155729681243621,0.0
CSO-9-4A-NSARPA,0.0,0.0,0.0,0.08579051389460954,0.0,0.0,0.0,0.0,-0.008989817951512219,0.0,0.0,0.0,-0.08990871290760508,0.041436913128539574,0.0
CSO-9-4A-SLOCA,0.0,0.0,0.0,-0.12924999901774267,0.0,0.0,0.0,0.0,-0.22546877062135393,0.0,0.0,0.0,-0.4183401132601232,-0.36476767908443286,0.0
CSO-9-4A-YVDITR,0.0,0.0,0.0,-0.12640392384891902,0.0,0.0,0.0,0.0,-0.22454592189494588,0.0,0.0,0.0,-0.34668560513253555,-0.3017497100834916,0.0
