file,z_wc,z_nodes,z_edges,z_re,z_pe,z_l1,z_l2,z_l3,z_lcc,z_lsc,z_atd,z_density,z_diameter,z_asp,z_cc
CDMS-10-4A-JURAN-CorrEtiq.txt,0.0,0.0,0.0,7.398645306913721,1.9803897623065772,-1.3200456048607025,-0.44008924936982313,7.144206850472934,0.0,-0.09578262852210968,0.0,-4.694558286866056,0.09605842128561491,1.1141593175309836,-1.6012871285752304
CDMS-10-5A-HEPIHO-CorrEtiq.txt,0.0,0.0,0.0,7.72588485064468,-2.000179088022164,-2.0065106201943776,-2.2868546648263184,2.7980226178416334,0.0,-0.47672457273977453,0.0,-2.933598787372379,-0.5679024291151802,-0.08329171124956593,-0.5120402599058255
CDMS-10-5A-KSRAGU-CorrEtiq.txt,0.0,0.0,0.0,6.761749356150426,-1.0529080976807854,-0.8775463007410558,-2.206459827956921,-0.574422315373771,0.0,-0.24315264108001663,0.0,-3.0982918424258004,-0.2813124431081601,1.0047896653473827,-2.407293054181001
CDMS-10-5A-SROPU-CorrEtiq.txt,0.0,0.0,0.0,10.0,1.985687282312668,-0.6743643922753015,-1.061913167103641,-2.746952777092035,0.0,0.789015103452187,0.0,-7.954480766118874,2.9629680745370095,6.140474464064173,-1.5039260891806796
CDMS-10-5A-SZURO-CorrEtiq.txt,0.0,0.0,0.0,10.0,-2.5360257797089467,-1.3641259520002789,-2.8705528389938397,1.507878027773732,0.0,0.12432626154986307,0.0,-6.741280828258249,1.9865180699177727,5.239717740147084,-1.568601489766464
CDMS-10-5B-SRAJA-CorrEtiq.txt,0.0,0.0,0.0,6.913448699251241,-2.440050440840548,-2.0054221333194104,-3.2231299759796106,1.7187537296383348,0.0,0.8100818878538883,0.0,-2.110727801271263,-0.6183093700512775,-0.5738267232404433,-0.7880019959682175
CDMS-10-5C-DAAUSA-CorrEtiq.txt,0.0,0.0,0.0,8.484690715685533,-0.63276057101669,-1.8006329587467658,-2.051925404121907,5.583129155356382,0.0,-0.2447375639904901,0.0,-4.314987035878663,1.2654757065958888,2.1117059065766712,-0.8530488006168314
CDMS-10-5C-JFALGI-CorrEtiq.txt,0.0,0.0,0.0,6.469597171607617,-1.4455622744779255,-2.610765369700133,-3.77591100920653,10.0,0.0,-0.24558581618992603,0.0,-2.0108522864250227,0.7096779875904121,0.5112941780833997,-0.211583957302719
CDMS-10-5C-MAORTO-CorrEtiq.txt,0.0,0.0,0.0,8.255742342558863,0.07508700407286917,-0.554798409259186,-2.376642042331447,1.2905030693958668,0.0,0.6200415665065883,0.0,-5.490322096347681,1.2998673672393635,1.7034104129295973,-1.1264502800805767
CDMS-10-5C-NBEMO-CorrEtiq.txt,0.0,0.0,0.0,8.99139977576803,-1.5563810139386507,0.3077588802676391,-2.14283813771603,-1.7680001672937717,0.0,-0.3716606742415957,0.0,-5.855465197234928,0.10084378539230443,1.56080337242823,-1.2655215126259445
CDMS-10-6B-ASCACO-CorrEtiq.txt,0.0,0.0,0.0,9.847946020177332,-3.953989587702958,-2.777064449755253,-4.361141060320566,3.7050391276235524,0.0,-1.8652169598995292,0.0,-4.112606639361822,0.7954684028598736,0.40781629896312116,-0.11371848843197827
CDMS-10-6B-JJMOBE-CorrEtiq.txt,0.0,0.0,0.0,9.140397360610912,-0.697194559980298,-2.1630893170323993,-1.2685061009744534,3.5316880578544545,0.0,-0.5267214964345841,0.0,-5.222515338575311,0.9044995297270542,2.2786752296180106,-2.3795454851862106
CDMS-11-4A-GACHSA-CorrEtiq.txt,0.0,0.0,0.0,10.0,-2.4582681178069494,-1.1936513789412253,-3.1224878882205322,3.390304406105277,0.0,0.08188229083604706,0.0,-7.017666399580127,0.41108745054706625,3.134482015310951,-1.1209737777806275
CDMS-11-5A-EAARCA-CorrEtiq.txt,0.0,0.0,0.0,9.977346035072504,-2.332110590229192,-1.7125358194148619,-2.603437803488874,5.055037835556926,0.0,0.7016188195859033,0.0,-4.340703685713462,-0.38769414293519827,2.3496367044339084,0.2171470072178385
CDMS-11-5A-MGTHAR-CorrEtiq.txt,0.0,0.0,0.0,9.511025476403265,-3.0002100987466678,-0.47454463342068115,-3.7449536381227886,0.9245261784527503,0.0,-0.4725372679279638,0.0,-5.587887178708932,0.659579651915176,2.503289822668965,-2.238476290065983
CDMS-11-6A-DFVEBE-CorrEtiq.txt,0.0,0.0,0.0,5.93451194573618,-2.6022658277860136,1.2123137952695686,-2.8097481487708604,-1.3368338158605613,0.0,-0.2406041414741803,0.0,-2.701898437165327,0.30391351206384704,1.313492213144027,-1.5888788849825337
CDMS-11-6A-NMREPR-CorrEtiq.txt,0.0,0.0,0.0,9.64824290348,-2.4440842484872976,-1.9697327561854716,-2.641182626996573,4.099917638705452,0.0,-0.15130744808225188,0.0,-5.190257169573634,1.5830593214174034,4.28755681568793,-1.0688064029344564
CDMS-11-6B-ARAHE-CorrEtiq.txt,0.0,0.0,0.0,9.101978720543617,-3.2057060052569963,0.06188170709397567,-3.3998814958075276,1.120347703665567,0.0,0.06768913654056824,0.0,-5.373007562340261,1.3925110515047718,2.9613885485409286,-2.906623514606684
CDMS-11-6B-AVROTO-CorrEtiq.txt,0.0,0.0,0.0,6.649759262230027,-2.0484846411646314,-2.1264582633222457,-2.1395958860057314,1.2331054205568848,0.0,-0.25185038123057324,0.0,-2.1486085450462737,0.41212136658662496,1.3071247909468495,-0.592579339661692
CDMS-11-6B-EAFESA-CorrEtiq.txt,0.0,0.0,0.0,10.0,-1.0973337942022838,-1.0012647403038253,-2.4567419005178297,-1.756126908582204,0.0,-0.7428692048833222,0.0,-7.678776559673756,1.7811967523279386,4.669383046892062,-1.6421554604671547
CDMS-11-6B-EFRGR-CorrEtiq.txt,0.0,0.0,0.0,10.0,-3.238117199325111,-0.7888120965488047,-3.6543997222070534,9.389910597355655,0.0,-1.3620259853645518,0.0,-6.377449950175469,0.1918633993865502,3.5081564706146016,-1.812086325492741
CDMS-11-6B-EROCO-CorrEtiq.txt,0.0,0.0,0.0,7.752822555631993,-0.7769385630708072,-1.8295574149853928,-2.1827483660111446,2.5499760052147398,0.0,0.48653363279984313,0.0,-3.1541117059182677,0.09849390487318978,1.0355820521928214,-0.44246789740565007
CDMS-11-6B-JACUPE-CorrEtiq.txt,0.0,0.0,0.0,7.265318182709018,-0.07378812852639244,2.2381410684087695,-1.0815094058595711,-0.10416779355510752,0.0,-1.582974159866037,0.0,-6.435909164598401,0.6181787487668047,2.742264456407723,-1.316300200707388
CDMS-11-6B-JDCHBA-CorrEtiq.txt,0.0,0.0,0.0,8.299780463072214,2.3849934153098964,0.0166334273731377,-0.3686468348954927,-0.24457697295905312,0.0,-0.12022608608443208,0.0,-6.749090746541251,0.9631443264460202,3.3001413451134303,-1.1656287519322444
CDMS-11-6B-JFSAHE-CorrEtiq.txt,0.0,0.0,0.0,9.16653800686136,-0.9431008834127983,-2.166802196166058,-1.0734804059469274,4.285268899580039,0.0,0.9537009335398423,0.0,-5.308628448461317,-0.8016316290686749,1.3083902870168305,-2.2288223179224795
CDMS-11-6B-JLPENA-CorrEtiq.txt,0.0,0.0,0.0,4.156841387423703,0.39308328509819823,0.17103722209882713,0.06481186295283585,0.8250286473253904,0.0,-1.7108133233047333,0.0,-3.9187592373878606,-0.5964613059647971,0.41902224165826246,-1.723355234861522
CDMS-11-6B-JMARME-CorrEtiq.txt,0.0,0.0,0.0,10.0,-0.5212058905723241,-1.7029964670396445,-1.6084741669794669,1.8016701592053552,0.0,0.3905667692312269,0.0,-5.2562914423177896,0.7965914126988292,2.5343456755332543,-0.0587672593687513
CDMS-11-6B-JPSAMA-CorrEtiq.txt,0.0,0.0,0.0,8.794776570614054,1.6908271196246538,-1.327836817476776,-1.2472829859215062,0.06972632778309007,0.0,0.07138661565472684,0.0,-5.148460722640758,0.16729672824614372,1.4719335116237757,0.46258932645134104
CDMS-11-6B-LESTA-CorrEtiq.txt,0.0,0.0,0.0,10.0,-1.491791941528154,-1.3932610920384716,-2.620786060729726,2.0289545147351546,0.0,-0.5996826715806818,0.0,-5.1960961979394344,0.4285714285714283,1.0136615304240355,-2.642152339846759
CDMS-11-6B-MAGIMU-CorrEtiq.txt,0.0,0.0,0.0,8.502910757096311,-1.5710275955257091,-2.205322102262638,-2.356229695342793,9.56780387405426,0.0,0.03337156336235514,0.0,-4.141546897716388,0.23414496312918648,1.8094011073933123,-0.4652861412427799
CDMS-11-6B-MMAMO-CorrEtiq.txt,0.0,0.0,0.0,6.457364309380088,-1.8409505211636916,0.06147386259534221,-1.593259645776119,0.9847171319162694,0.0,-0.5708856709142172,0.0,-3.113865145227208,-0.13800732070780508,0.509236406177184,-0.25818658574205666
CDMS-11-6B-RSECA-CorrEtiq.txt,0.0,0.0,0.0,10.0,2.0862897505828686,-2.0760173353481224,-2.0127134584056106,1.713103412347207,0.0,0.06897171462494489,0.0,-5.109397286167175,0.09882363635686464,1.0507219648314137,-1.6650647009741844
CDMS-11-6B-VZAPE-CorrEtiq.txt,0.0,0.0,0.0,10.0,-0.20187245013226235,-0.4735672393106212,-1.3548882081807114,3.619686740133592,0.0,-0.7148145064814391,0.0,-8.986697533856475,1.8604358866676451,5.2819999657797165,-3.3859596936064014
CDMS-11-6B-YLNIME-CorrEtiq.txt,0.0,0.0,0.0,6.651613061611145,-2.313960889066215,-2.2610877649747296,-3.010046294194371,2.9973123647403925,0.0,0.2680292320239518,0.0,-1.8188400670622067,-0.3668758057169907,0.30391655605762385,-1.1466145095440723
CDMS-11-7C-ICARE-CorrEtiq.txt,0.0,0.0,0.0,8.764175705281371,2.1250796483832395,-1.7195058189176116,-0.9030496451146134,1.1007452898256227,0.0,-0.4668399435399332,0.0,-5.369237492988873,1.2361802957357126,2.5802263637102243,-0.6121725102497128
CDMS-11-7C-IMOIB-CorrEtiq.txt,0.0,0.0,0.0,9.962364698733298,-1.2338180126120295,0.0,-1.4812252161804744,-0.15711754601913602,0.0,-0.29166666666666785,0.0,-5.363223051095535,0.7142857142857143,1.4369812799463964,-0.9562654132931866
CDMS-11-7C-SALMA-CorrEtiq.txt,0.0,0.0,0.0,10.0,-1.5010064922262936,-2.370458272395533,-2.600002515525528,-0.3282653246376004,0.0,0.7765463915710022,0.0,-6.044938016628871,-0.2301752212572345,2.2307597929714045,-1.1880261108775392
CDMS-11-7C-SPGAVE-CorrEtiq.txt,0.0,0.0,0.0,10.0,-0.27516329475611556,2.6726124191242437,-0.6936936936936936,0.6381295333400563,0.0,-0.222917768600873,0.0,-9.101397493825171,0.2927858357513117,4.044185420090568,0.813419559707618
CDMS-12-5A-SRIGO-CorrEtiq.txt,0.0,0.0,0.0,10.0,0.3117687999123954,-0.30561531246764345,-0.6147204789361713,-1.405869254809125,0.0,0.6632618058173599,0.0,-6.726300281617768,0.21055872190307942,2.396689632140332,-1.6950655305762738
CDMS-12-6A-FAROPA-CorrEtiq.txt,0.0,0.0,0.0,9.433697350456029,-2.4078163511903945,-0.8273381211807813,-2.6772487527167073,-1.1434339401064462,0.0,-0.4412823836028992,0.0,-4.430872830615075,0.2780119701978089,1.72568549665467,-0.637497040230735
CDMS-12-6A-JGIGA-CorrEtiq.txt,0.0,0.0,0.0,7.570090762994603,1.0554035137726885,-1.4123844280878708,-1.6062034256565023,0.8491242264637884,0.0,-0.538995553305025,0.0,-4.403315670318471,-0.11386818846191449,1.056127327362827,-2.5447667822871765
CDMS-12-6A-JSOTGU-CorrEtiq.txt,0.0,0.0,0.0,9.22274832248845,-1.96448216031856,-1.086270038092422,-3.1699223586588685,3.563261886863489,0.0,0.07029383250234197,0.0,-4.098120565957052,1.6203505746558902,3.1938149597987175,-0.9636334636880199
CDMS-12-6A-SROAL-CorrEtiq.txt,0.0,0.0,0.0,10.0,1.194512410940033,-1.9521843207154506,-2.224504185779731,3.52772331187388,0.0,0.7018100265975336,0.0,-4.599495261537299,0.3137738479618209,1.3755159463247386,-2.12778288438164
CDMS-12-6B-IJDAGA-CorrEtiq.txt,0.0,0.0,0.0,8.213805097746647,-1.435446978988511,2.0500421592205407,-1.909229715167714,0.35340877897531797,0.0,-0.9505224730870802,0.0,-5.630010525441229,1.9145244116472462,2.461155047363702,-1.3186850236051024
CDMS-12-6B-SCLAG-CorrEtiq.txt,0.0,0.0,0.0,9.25587220281689,-0.5605909593695269,-0.6956083436402524,-1.855457053500928,5.681000553781089,0.0,0.6354708317591927,0.0,-6.24745655740757,1.5966131859887847,4.208091238979913,-1.6349514131572669
CDMS-12-7C-ARAHE-CorrEtiq.txt,0.0,0.0,0.0,6.1398338741906855,-1.769323498729644,-2.303017698562435,-1.3372813315150227,2.064252747567486,0.0,-0.5773502691896258,0.0,-2.594768665503905,-0.3429138275137019,-0.0752765241971055,0.9280808840434444
CDMS-12-7C-CATRAR-CorrEtiq.txt,0.0,0.0,0.0,10.0,-1.3007435079003566,-2.169853608927762,-2.135549910591491,2.606132375705311,0.0,-0.5436470938533713,0.0,-5.521337981032087,0.2506386900323068,1.9327185146445098,-2.411915865079259
CDMS-12-7C-DLOLO-CorrEtiq.txt,0.0,0.0,0.0,10.0,-2.599099029824681,-2.0047998789065966,-3.2817223117464063,-1.58844402620303,0.0,-0.2156655464068799,0.0,-4.854116772121286,0.9014559575573251,2.8571424307212956,-0.3800038720378263
CDMS-12-7C-MAROBE-CorrEtiq.txt,0.0,0.0,0.0,9.688148815741553,-0.010792389321157225,-2.2922783818185506,-0.7205969777823447,-0.6419922873483616,0.0,-0.3632694830293349,0.0,-6.319984037078084,0.07867623311050087,1.917122691311313,0.38341008111943264
CDMS-12-7C-VQURA-CorrEtiq.txt,0.0,0.0,0.0,10.0,-1.5674874009695854,-1.8304518388817999,-1.8522021961257393,4.242620119126877,0.0,-0.6069548298509693,0.0,-5.201730392469308,0.0798641985721321,1.3678841368673669,-0.39050066539285055
CDMS-13-6B-JDTAHE-CorrEtiq.txt,0.0,0.0,0.0,8.362428416968124,0.0781362320779513,-0.1735418662700563,-2.312392314925381,1.9571872250555722,0.0,0.3972529617295089,0.0,-3.2585459741683898,-0.6831300510639733,0.4744137948732937,-1.3012096346188973
CDMS-13-7C-MVEAR-CorrEtiq.txt,0.0,0.0,0.0,6.666575557337746,-2.0190732042006134,1.9635223751421662,-3.099843566037186,-0.48263738392490096,0.0,-0.6527239013455358,0.0,-4.000656121158005,0.4377802875759255,0.7251237236545298,-1.195807686833024
CDMS-13-7C-SSOSLO-CorrEtiq.txt,0.0,0.0,0.0,8.676137139749319,-2.3157079469791535,0.27309601012430473,-2.79045503868131,2.8478014988798503,0.0,-0.30468976656101693,0.0,-5.608432595740916,0.29524799363016313,1.821850837726753,-1.4770442453894252
CDMS-14-10A-IMORTO-CorrEtiq.txt,0.0,0.0,0.0,10.0,0.22981934068935714,-1.7163002339671303,-1.3542127757405593,-0.5047085391652846,0.0,0.06637528292200667,0.0,-6.405208059060795,0.20486117790275582,2.5767783327140523,-1.9938869543850157
CDMS-14-10A-JCVANI-CorrEtiq.txt,0.0,0.0,0.0,7.72776502905166,0.7552837895819849,-0.6499461212070023,-0.8463057896299319,-1.61361595934758,0.0,0.8864052604279137,0.0,-4.492374592701879,1.279754233371712,2.6484527789858867,-1.9771455485799485
CDMS-14-5A-LSDUCO-CorrEtiq.txt,0.0,0.0,0.0,7.691245819793901,0.25015362981663064,-1.5467732425109235,-1.5174941358633234,3.054971369948979,0.0,0.12858498416560524,0.0,-5.958838523529387,-1.1124329690746142,2.440110275427066,-0.6626848816491306
CDMS-14-6B-KDCAHE-CorrEtiq.txt,0.0,0.0,0.0,8.644479508857756,1.5516021668097106,0.28112863881339295,-0.7233584643177621,3.4565813337049707,0.0,-0.7026418460995348,0.0,-5.340242136773991,1.4462449682369323,3.3481034632035893,-1.247850005920819
CDMS-15-10A-AMALOS-CorrEtiq.txt,0.0,0.0,0.0,7.834073842703312,0.7963264407929925,0.6307059974731641,-0.043488453237048794,-1.273799481885387,0.0,0.6451791670810997,0.0,-5.860907372806613,-0.07526011610986108,1.3780743229008479,-2.3020299392700245
CDMS-15-10A-JJMACH-CorrEtiq.txt,0.0,0.0,0.0,9.31344615360779,-1.1665654488718094,-0.8618625492083741,-1.8102032458153652,1.0987798912677256,0.0,-0.07225124539305969,0.0,-4.3524992732352805,0.2795126251808756,1.2496748183063415,-1.2532079955088988
CDMS-15-10A-MAALCA-CorrEtiq.txt,0.0,0.0,0.0,8.840405318358389,-0.3791581375758083,-1.425671989265914,-1.5671266143377367,-0.3242467190517314,0.0,0.7165621386009665,0.0,-4.209380838775202,-0.8161343812242895,0.1472010236539212,-1.670128369325945
CDMS-15-10A-MAALRI-CorrEtiq.txt,0.0,0.0,0.0,9.397475421347286,2.17125759815165,-0.9480257123538014,0.5964809080634604,0.0056665232914500435,0.0,-0.7422527202643935,0.0,-6.440457738795034,1.1322770341445958,4.167896397245631,-1.270409667741341
CDMS-15-10A-SGOMO-CorrEtiq.txt,0.0,0.0,0.0,8.880411037609061,-2.717624490456398,-1.1254521732049918,-3.0264775313610044,-0.6537003395516554,0.0,0.8829637416173663,0.0,-3.898447745341993,-0.13282656545209556,1.0978438744885906,-0.10123027195044987
CDMS-15-10A-SHEGA-CorrEtiq.txt,0.0,0.0,0.0,8.089745557516764,-1.8046076834894167,-1.6396255953794014,-1.817719168812759,1.5204195080483969,0.0,-0.381513513059367,0.0,-3.5218384730770915,-0.1839418018454899,0.4093170799016615,-0.09487273789140427
CDMS-15-11B-JEMOLO-CorrEtiq.txt,0.0,0.0,0.0,10.0,-0.4116638285498642,-1.0471158210392484,-1.5842460413577255,1.4350748069173582,0.0,0.34752443496067537,0.0,-6.395497299406044,0.9044150068726174,3.1299558870405852,-1.314880527701574
CDMS-15-11B-VSAHO-CorrEtiq.txt,0.0,0.0,0.0,10.0,-0.9911395756300483,-0.5607721540920443,-1.4498930239924246,-1.4875819631177336,0.0,-0.13997200839720156,0.0,-7.144558086479197,0.9866820820919124,3.2835371586996067,-2.3715672248632798
CDMS-16-10A-SGALO-CorrEtiq.txt,0.0,0.0,0.0,8.85678630256764,-1.3471620312501031,-1.5577560786070477,-1.3510096374195848,0.4393629519853474,0.0,0.7109355931247011,0.0,-4.519441080241554,0.19611613513818418,1.0931051112456458,-1.0841465929703569
CDMS-16-11B-NGABE-CorrEtiq.txt,0.0,0.0,0.0,7.5546222211737515,-0.006884447048703619,-1.2134807816664703,-0.15896778957620197,-2.1537729815118296,0.0,0.06484176614699588,0.0,-3.7087144329721737,0.10976425998968996,1.0904232396679516,-0.7691093617897006
CDMS-17-10A-ASSAMO-CorrEtiq.txt,0.0,0.0,0.0,8.099479651537875,-1.7440331467542882,-1.8425260098836458,-1.9629523033927962,1.0648132077505894,0.0,-0.5249985148557683,0.0,-3.12693477150692,-1.1779669629690424,0.14852800090372276,0.32644692965314026
CDMS-18-7C-VVECA-CorrEtiq.txt,0.0,0.0,0.0,10.0,-1.559806100430673,-1.9261628894938383,-2.6182543125111666,-0.8813917073873618,0.0,-0.165806508116366,0.0,-5.686750448444201,0.996845813749885,2.520703990303165,-0.9421011429698575
CDMS-8-4A-DBEVA-CorrEtiq.txt,0.0,0.0,0.0,6.103315774148537,-0.846428222573679,-1.0594526290187123,-3.0225944013697648,6.1171727755216505,0.0,0.18293303426410049,0.0,-2.9298902427017706,-0.9903642173003447,0.13584409965624855,-1.0968889927796106
CDMS-8-4A-DJAVDA-CorrEtiq.txt,0.0,0.0,0.0,7.779544136763569,-1.163813562284028,0.9685517963766118,-3.0936436858195866,1.1414787475954864,0.0,0.6944060416341374,0.0,-5.945604140998893,2.636878627380728,1.5384515967185355,-1.8301474411370677
CDMS-8-4A-DOSTR-CorrEtiq.txt,0.0,0.0,0.0,9.767787224929576,-0.6390034510551695,-1.168444791553266,-2.6682687495187065,7.480123036451305,0.0,0.6675655723367725,0.0,-6.05131514402229,1.9379255804998174,3.5641074343473487,-0.8991064897383274
CDMS-8-4A-LGOPA-CorrEtiq.txt,0.0,0.0,0.0,10.0,1.8054699509490435,-1.3534848559354733,-2.041143829461996,6.322766230099505,0.0,0.6433015925434771,0.0,-6.670873412074393,1.8655735465925083,4.08361033142118,-1.9066237754017341
CDMS-8-4C-JDBUTU-CorrEtiq.txt,0.0,0.0,0.0,8.432190333180412,0.08203555713579974,2.9353181567912374,-1.3853284499569702,-1.4543014212650243,0.0,0.6316060179119624,0.0,-6.548793737132442,-0.21317305635175998,1.5330915332050483,-0.7329120693675595
CDMS-9-4A-ACDUTR-CorrEtiq.txt,0.0,0.0,0.0,7.001415084945194,-1.7948836086340747,-0.5160837826644988,-3.033154745125456,1.65433807799283,0.0,0.719603930083184,0.0,-4.247091514477738,-0.11638057201393007,1.2554864623805564,-1.1108381727464953
CDMS-9-4A-CARGA-CorrEtiq.txt,0.0,0.0,0.0,9.82965101602571,-2.492409086751609,-1.3058032842019272,-3.13628164002785,1.9496187275499706,0.0,-0.8575894485643678,0.0,-4.7630223189446586,0.9309493362512633,1.0845983526589167,-0.8896822862298212
CDMS-9-4A-CRAAG-CorrEtiq.txt,0.0,0.0,0.0,9.150704048928608,0.9684570188651138,-0.47808525428318455,-2.7385145203903196,8.009989378873593,0.0,-0.26259861013075386,0.0,-5.097027743138274,1.3979808589188134,1.4212654565812413,0.11164306651220679
CDMS-9-4A-EROHI-CorrEtiq.txt,0.0,0.0,0.0,9.84610291086765,-0.6128778232061474,0.8153064653476682,-2.839872602499747,-0.496169668457771,0.0,0.7248588142829232,0.0,-5.685780599012021,1.5343542760006912,4.076131062636799,-1.4971142687708339
CDMS-9-4A-ILOSE-CorrEtiq.txt,0.0,0.0,0.0,10.0,-3.0771971043978033,-2.725913237476413,-3.911980459671775,6.57109300908211,0.0,-0.6227613006474652,0.0,-6.024493206618031,0.9215958650742994,2.7433349096530746,-2.944345570347723
CDMS-9-4A-TGAFR-CorrEtiq.txt,0.0,0.0,0.0,7.408907789493233,-1.227561139495514,-1.6607613516832203,-2.282348093504637,2.129068161915456,0.0,0.7310608078153995,0.0,-4.059305845612667,-1.5550384033449671,0.08836070680537485,-1.0182113064400655
CDMS-9-4C-SCAMO-CorrEtiq.txt,0.0,0.0,0.0,7.327707223010496,-1.7997002533552027,-0.7644707871564382,-1.7281863559899544,2.5225294752617837,0.0,-1.1318761126073893,0.0,-3.048783387012853,-1.865992419824736,-0.5105154521035205,-0.1038984092599358
CDMS-9-5A-ABERO-CorrEtiq.txt,0.0,0.0,0.0,8.963190029794308,-0.03567520205077195,1.1190057698883766,-2.776992191895306,-0.17172390147398178,0.0,-0.262315624123661,0.0,-4.846642421686981,0.7011877275785816,1.6330265332840042,-1.3807550133034137
CDMS-9-5A-PAGACO-CorrEtiq.txt,0.0,0.0,0.0,9.260048197760224,-0.8287835377008418,-0.4880950134319705,-1.4228745685976394,0.6760366205524725,0.0,-0.6013004996795446,0.0,-4.703925977522502,0.007002086932905206,2.5352677437835744,-1.5388914371392453
CDMS-9-5C-JDMADE-CorrEtiq.txt,0.0,0.0,0.0,8.977990953511721,0.11503946170861025,2.527454093804474,-1.522773975253762,-2.5113302572574856,0.0,-0.040439126799281015,0.0,-6.4157247786998415,0.6859943405700359,2.708255003425456,-1.0898959156922423
CDMS-9-5C-LVIZAC-CorrEtiq.txt,0.0,0.0,0.0,9.219884174010796,-0.3094787314801541,-0.6827681961616023,-1.7406540704858893,2.14458123742895,0.0,-1.5943266037320112,0.0,-6.586315376076333,1.8721547795056988,3.2206528970334736,-1.2235153490964314
CDMS-9-5C-MLOGO-CorrEtiq.txt,0.0,0.0,0.0,8.301391236781846,-2.919102557944095,-0.6759036317406804,-3.6333038747958946,5.8971798345509665,0.0,0.30769885218340737,0.0,-3.9398450316002935,3.40299964554571,4.59698588868573,-0.2597688766508153
CDMS-9-5C-SCAAG-CorrEtiq.txt,0.0,0.0,0.0,8.647075146071487,-2.107297989981191,-1.9133784124298419,-2.277867258047101,2.989573736025919,0.0,-1.0197732904505052,0.0,-3.9072937865097943,1.8574101217609755,2.5593609118663716,-1.3716833347940458
CDMS-XX-10A-VGILO-CorrEtiq.txt,0.0,0.0,0.0,7.668076016540342,-3.3701813693667297,1.6259168974789433,-3.361529167932436,-2.325461907731594,0.0,-0.639606716104728,0.0,-3.556223382400698,-0.6791448825255557,1.111643036255858,-0.765690721144227
CDMS-XX-5C-MJSARU-CorrEtiq.txt,0.0,0.0,0.0,7.6464340129083865,0.15133041761109628,-1.2814664063623136,-0.24336401886643785,1.0824944974691235,0.0,0.8382045434270269,0.0,-5.257671768385781,1.2010865373119248,1.7472944088499833,-1.5178254442873267
CDMS-XX-5C-MPCAQU-CorrEtiq.txt,0.0,0.0,0.0,10.0,-1.746344495306613,-2.2017004293316256,-3.0064962112985905,1.6787263588266554,0.0,0.7142857142857143,0.0,-3.996358022814574,-1.1471862764937812,1.1487980785343876,-1.6489613396453962
CDMS-XX-6A-MAGICA-CorrEtiq.txt,0.0,0.0,0.0,8.70485376534542,-1.95172977671325,-1.603839609085256,-2.2358930967660733,1.7470630181664415,0.0,0.9142576576086088,0.0,-4.2621054628877255,0.21963641361507205,2.0666749907722695,-1.245838017141608
CDMS-XX-6B-SPUCA-CorrEtiq.txt,0.0,0.0,0.0,9.253984259090178,2.678071936723722,-2.0176595800979684,-0.8862822395865818,-0.15425846856722397,0.0,0.334807788054285,0.0,-5.409643138687124,-0.2652321388767473,2.2659668691416806,-0.5662205733795391
CSO-10-4A-ICAPA-CorrEtiq.txt,0.0,0.0,0.0,9.931138374340003,-0.5008496707863779,-2.1714712794627413,-2.3319662230094154,-1.5846590569344574,0.0,0.7119914934033406,0.0,-6.133239023703172,-0.31448545101657577,2.4429758195842464,-0.8890188700974099
CSO-10-4A-KCOMO-CorrEtiq.txt,0.0,0.0,0.0,9.285745262801226,-0.8912415251537051,-1.3869534799698664,-2.008934915911257,-0.1204952641433703,0.0,0.6930334355017318,0.0,-5.293457781106969,1.83494779646463,2.9078257139172194,-1.4745854118567037
CSO-10-4A-LSCAVA-CorrEtiq.txt,0.0,0.0,0.0,10.0,10.0,-1.6585396095174652,1.3643181917762592,0.34929807780987293,0.0,-1.0164148419481698,0.0,-8.288325836791998,0.677071748999982,4.809731647344351,-0.6346346874509656
CSO-10-5A-ACAVA-CorrEtiq.txt,0.0,0.0,0.0,7.787395185433814,-2.051337952802596,0.6657992764800067,-2.1648286082353896,-0.04776521266319994,0.0,0.8033355748701883,0.0,-4.125104777740768,0.962226781820895,1.7320091489877325,-0.7004994789664576
CSO-10-5A-ARACA-CorrEtiq.txt,0.0,0.0,0.0,10.0,-3.334811369732217,-0.9992703391950747,-3.5813495350057183,-1.164871559024004,0.0,1.5384072923872434,0.0,-4.767506048664291,1.0403831043155773,1.6757996581651349,-2.2260094363972387
CSO-10-5A-DABRZA-CorrEtiq.txt,0.0,0.0,0.0,10.0,-0.40199513936873227,-1.0685924958683093,-1.8820764760568225,1.5686576920760877,0.0,0.5881758861348251,0.0,-7.5591185518096715,0.7558684203562209,3.8753080648689915,-1.6582271705019762
CSO-10-5A-GZAMA-CorrEtiq.txt,0.0,0.0,0.0,10.0,-1.844518679599316,-1.9518001458970662,-2.541885459625753,0.9336972216611055,0.0,-0.24214029368137335,0.0,-4.525220611935521,1.3536040812270764,1.5109877325121053,-0.4509955637067512
CSO-10-5A-IPECA-CorrEtiq.txt,0.0,0.0,0.0,10.0,-1.5725333336869454,-1.6607117228080897,-2.0007060025067744,2.3772686132556275,0.0,0.6782462454388763,0.0,-4.643374442253738,-0.15285150867236405,1.8017497193238958,-1.5244603083431048
CSO-10-5A-JANORO-CorrEtiq.txt,0.0,0.0,0.0,9.051306829359326,1.0127179610313355,-1.1960385786522554,-0.5225915660182139,1.2558765708070432,0.0,-0.01352292656995151,0.0,-5.7366685213977355,0.47677871944038214,1.8578684346077097,-0.4642334603887186
CSO-10-5A-JBUVE-CorrEtiq.txt,0.0,0.0,0.0,9.515564920098893,1.5734367876747335,-0.3261565767876447,-1.733971840525963,0.33190070515667924,0.0,0.7398102321278036,0.0,-5.60084891072763,-0.08980265101338754,1.8599996710659237,-1.7099896149001925
CSO-10-5A-JJSEMO-CorrEtiq.txt,0.0,0.0,0.0,8.48399319407399,-0.2894540824522913,-2.357251196389831,-3.207450806048008,5.524220782158407,0.0,-1.280252529005494,0.0,-3.093530688084632,-0.1038348263302331,1.1006070169956925,-1.5315611816840613
CSO-10-5A-JLCARI-CorrEtiq.txt,0.0,0.0,0.0,7.966876790942676,-0.4904255297678776,-1.0408329997330663,-1.3129759037795492,-1.4630574326009693,0.0,1.2796232753797736,0.0,-4.252022895967433,-0.5326637574899938,1.5722108507270751,-0.5477385967200895
CSO-10-5A-MAARAN-CorrEtiq.txt,0.0,0.0,0.0,10.0,-1.4294404088510604,-2.4553357886703493,-3.70152269644012,-0.13232647531381103,0.0,-0.5438682498292227,0.0,-5.90433830849917,0.8681165394373027,1.6350524717016504,-0.458449768453465
CSO-10-5A-MAOSMO-CorrEtiq.txt,0.0,0.0,0.0,10.0,-1.6758642270111619,-1.6086889160624231,-1.67842377464746,0.692771249726866,0.0,-1.0418641606982162,0.0,-4.7025519482514415,1.7783793485794923,2.055993221895974,-1.5479415036963469
CSO-10-5A-RVMOIB-CorrEtiq.txt,0.0,0.0,0.0,8.290462218583562,-2.1741664006416688,-1.7222374095679303,-2.316192066194742,3.9952223702294263,0.0,0.7580912496855705,0.0,-3.2508053004473147,0.8626621856275069,1.1153075755316513,-0.2511840498942204
CSO-10-5A-SVHEES-CorrEtiq.txt,0.0,0.0,0.0,6.802356366653531,-2.843179435889297,0.01225858866030799,-3.161060420585827,1.1859526372350029,0.0,0.7251967032103693,0.0,-4.082945524999935,-0.8219949365267866,0.0552684299624122,-0.08818437918053944
CSO-11-5A-MDVOSPE-CorrEtiq.txt,0.0,0.0,0.0,9.870791381883816,-2.407129717349434,-1.7245228372489996,-3.4098979889974004,5.039125900218228,0.0,0.2678198189409808,0.0,-4.788257261903802,-0.06005295451051268,1.339998998888773,-0.8560112967572684
CSO-11-5A-MTAGA-CorrEtiq.txt,0.0,0.0,0.0,8.835326272049013,1.1127806452946465,-0.032703750192396075,-1.2729438531632558,1.3241438594444268,0.0,0.7443729687516462,0.0,-5.469322996389911,0.6282748074851525,2.9923565736748214,-1.9298421507343293
CSO-11-6A-CAPAMU-CorrEtiq.txt,0.0,0.0,0.0,9.610712651498732,-2.2034824956484442,-0.6311317699987814,-2.133863702726679,0.6285911137513468,0.0,-0.6996200010521365,0.0,-3.9668781062020138,1.7154183824917995,2.332372464331045,-0.6757788276148453
CSO-11-6A-DSCACH-CorrEtiq.txt,0.0,0.0,0.0,8.717947332882648,-2.24861553340752,-1.3973200096050364,-2.7410984622816175,-1.4200168210926518,0.0,1.014174522670659,0.0,-2.727527701173333,-1.3197538115620242,0.8985554901248447,-1.971349838936849
CSO-11-6A-EROMO-CorrEtiq.txt,0.0,0.0,0.0,8.799165747408118,3.867512088152156,-1.8404750738400484,0.24990976736474388,-0.3114467926583026,0.0,0.07930515857180989,0.0,-5.9156225133513045,-0.5698157300199154,1.9647088376941395,-2.216934380864073
CSO-11-6A-FSOVRE-CorrEtiq.txt,0.0,0.0,0.0,10.0,-1.02931124520046,-1.2614119949463283,-2.5171155540111054,3.511939802310055,0.0,-0.9364588413949058,0.0,-6.043617842535225,0.8819171036881971,2.5958752774068947,-1.1217992211010834
CSO-11-6B-ANREVA-CorrEtiq.txt,0.0,0.0,0.0,9.32816993665093,-2.289982213938388,-1.552183236537596,-2.3812402864769227,1.8575297211224346,0.0,0.8412617454601794,0.0,-4.8291927366352185,0.33750035800882333,1.7508536128089287,-0.7779242897722092
CSO-11-6B-LHFDLACH-CorrEtiq.txt,0.0,0.0,0.0,10.0,4.655654298358897,0.060876853997942855,-0.7017565899639199,1.0655748832020624,0.0,0.8210068154643345,0.0,-8.212559081779162,0.5317297288501228,3.311031237835207,-1.1480614892967451
CSO-11-6B-RJGIHE-CorrEtiq.txt,0.0,0.0,0.0,4.735185681691275,-1.5971439447420512,-0.9399833358467861,-2.8230233549273525,4.115074871542712,0.0,0.70552314408601,0.0,-1.582407210340309,-0.4646512730981486,-0.8157843875573771,1.3617999196266108
CSO-11-6B-SFLVA-CorrEtiq.txt,0.0,0.0,0.0,9.227088781879614,-0.6099907404478263,1.322659433875932,-1.957293669096548,9.212215449875313,0.0,0.08497984686085308,0.0,-6.8641517044542315,0.16820139075988882,2.750228446638742,0.018097826396168526
CSO-11-6B-VCOMA-CorrEtiq.txt,0.0,0.0,0.0,8.499117975462505,-1.6483825454502274,-1.4100670727800164,-1.8558231099878773,4.9197602185819616,0.0,0.9209833154332396,0.0,-4.607844672025838,0.8846467352875975,1.8154871729519266,-1.651584841357342
CSO-12-6A-DGISE-CorrEtiq.txt,0.0,0.0,0.0,8.166352644565531,-0.9107566598627961,3.0369095134898356,-1.803215945894129,-1.1159355862927343,0.0,0.786283664293971,0.0,-5.46498135536565,0.4418360821684618,2.563927389324453,-2.3116642315570983
CSO-12-6A-FJOVRE-CorrEtiq.txt,0.0,0.0,0.0,6.207797189125854,-2.2119452439296285,-1.0396717613520894,-2.3151594062917185,3.2203452000051973,0.0,-0.42535550028612884,0.0,-2.9581311153191336,-0.2657554439608396,-0.2245974438167554,-0.7197112588867811
CSO-12-6B-GQULO-CorrEtiq.txt,0.0,0.0,0.0,8.27572353173791,-0.08053506252683779,1.5398185062733505,-1.2985843911804347,-0.46435458919060624,0.0,-0.7827698158043606,0.0,-6.082140626486153,0.42612700250530555,2.7785163278269334,-1.8957534556106528
CSO-12-6B-LJHEFE-CorrEtiq.txt,0.0,0.0,0.0,5.6090487295782,1.2290194851889584,-0.24234175160404234,-0.8674398104772187,-0.7507154680732444,0.0,0.6432982455950136,0.0,-3.332536679185088,-0.2217865253849956,0.2610190929198193,-0.26211386007155296
CSO-12-7A-DALRE-CorrEtiq.txt,0.0,0.0,0.0,10.0,-2.698411302733315,-0.3373945621714785,-3.0644233814356303,9.300417727100173,0.0,0.613010388070705,0.0,-7.8992913689366056,0.6326641677522797,3.2822327895822268,-0.8892957398820736
CSO-12-7A-ESALA-CorrEtiq.txt,0.0,0.0,0.0,9.657264174032996,-2.8088939967836524,-2.4558519857398755,-3.539133107066186,0.5989264209373241,0.0,-0.6595796519151809,0.0,-3.59802856278761,-1.390829739683155,0.7365951193353909,-1.9365897085153956
CSO-12-7A-IMERO-CorrEtiq.txt,0.0,0.0,0.0,8.950544264205563,2.7130994044493697,-0.40863092603276757,-0.42747063569570415,3.5519090875766146,0.0,-0.2546794246689275,0.0,-5.6133532154067485,1.4082882590792993,2.9062966398920924,-0.8141253242607767
CSO-12-7A-JHEZA-CorrEtiq.txt,0.0,0.0,0.0,9.615231840322675,-1.0539784626804698,0.3616230822497898,-1.2917269193751444,-0.608780315003257,0.0,-0.4301079883798964,0.0,-6.004149267724681,0.6272099654213593,2.757019727277858,-0.9678255747261368
CSO-12-7A-LSARAR-CorrEtiq.txt,0.0,0.0,0.0,9.385187157590133,-0.40697300619265797,-2.530536803355258,-2.5136544638325824,0.13862807426585896,0.0,0.7054756215026574,0.0,-5.761253659126397,-0.02887954911289477,2.6909926531649453,-0.1724484581607727
CSO-12-7A-SCAHO-CorrEtiq.txt,0.0,0.0,0.0,9.851483267810305,0.3124724174864355,-1.9630369019834473,-1.309521356613717,1.956816289797445,0.0,0.8039142694712713,0.0,-6.571263933487094,3.2010613337228797,4.751766001185469,-1.6514271170681443
CSO-12-7B-DVAGRO-CorrEtiq.txt,0.0,0.0,0.0,9.866268802591279,-0.432006016358875,0.29307803209408856,-0.9481997193570421,2.0629540718710273,0.0,0.019352749214863685,0.0,-6.271728295676219,0.15936528550124535,2.3606682105728587,-1.4287934411231504
CSO-12-7B-SMUGU-CorrEtiq.txt,0.0,0.0,0.0,8.983019369554864,-3.5170858482027576,-1.4467284665112365,-3.840742194546772,4.578386857200746,0.0,-0.45401045280805896,0.0,-3.427791952352966,0.31448545101657543,1.2392905350836705,-1.2380962708099719
CSO-12-7B-SSARA-CorrEtiq.txt,0.0,0.0,0.0,9.049596275760358,-1.1043481914276985,0.47962464082683676,-1.6451232356675018,1.0473740491578032,0.0,-0.9514055076168098,0.0,-5.120443879059778,2.062945171272963,1.9925706725543864,-2.4112456566517175
CSO-12-7B-VHOMA-CorrEtiq.txt,0.0,0.0,0.0,9.453791622265836,-1.882473570029885,-0.9616393657413794,-2.408794774074851,-0.17246943392218336,0.0,0.8385481602338775,0.0,-4.214488831469542,0.04719291781830091,1.539532293000996,-0.6630607544698068
CSO-12-8A-YTOME-CorrEtiq.txt,0.0,0.0,0.0,8.825321094513507,-2.6071565764306164,-2.609097330150595,-3.0244660194602733,5.636084155475034,0.0,0.7866621768121186,0.0,-3.375485479947635,0.282015844892116,2.0875651253376093,0.4185851176580606
CSO-13-6A-ANASA-CorrEtiq.txt,0.0,0.0,0.0,10.0,0.059466807856111775,-1.417853310059333,-0.8632416473115735,-1.479385892062803,0.0,0.4086631257743151,0.0,-6.702508725777694,0.6260781311849118,2.967367380762271,-1.8578171299833492
CSO-13-6B-JETAVE-CorrEtiq.txt,0.0,0.0,0.0,10.0,-3.290083549293858,-2.207450910417466,-3.6318573331010002,4.141582090669424,0.0,-0.7252786567555825,0.0,-6.544168467927669,0.9405320860240285,2.390257681310798,-1.0848659705920216
CSO-13-6B-LFMIES-CorrEtiq.txt,0.0,0.0,0.0,7.581922075644678,-2.3273145454116504,-0.9559850582714371,-2.8056301535787807,2.2130778202457515,0.0,-2.960406682941027,0.0,-3.8879163153658207,6.817222021621832,7.0361478332704,-0.9323444648580881
CSO-13-6B-LJMAHU-CorrEtiq.txt,0.0,0.0,0.0,10.0,1.046821745395128,-2.5114463864748235,-1.7629122232403127,0.5171816096564461,0.0,1.0115093865522262,0.0,-8.431506576025953,0.4365668579466359,5.458631623686438,-3.298679308560366
CSO-13-7A-CAPAMU-CorrEtiq.txt,0.0,0.0,0.0,9.182808486951899,1.0952033323311472,0.6028893964553258,-0.3121271182410684,0.4410174696169404,0.0,0.053251928154688884,0.0,-6.832804115074479,0.8176550716078859,4.055471755373438,-1.566252336450194
CSO-13-7A-CDDITR-CorrEtiq.txt,0.0,0.0,0.0,10.0,-1.8167218569258707,-1.420136995889266,-2.266006396923381,1.3071297945732783,0.0,0.7238423518714913,0.0,-4.408596562260953,0.4264014327112212,1.4420171110498958,-0.4176179196945473
CSO-13-7A-JJATFL-CorrEtiq.txt,0.0,0.0,0.0,5.917714172703944,-1.3233799141526343,-2.337446001441393,-2.532444258100132,-0.7778454515223507,0.0,0.840466674328067,0.0,-2.7256813423254407,-0.7408785446004229,-0.017482418989317,-1.5009334363657252
CSO-13-7A-KRAMA-CorrEtiq.txt,0.0,0.0,0.0,10.0,0.0918247840991785,-0.8352530872605064,-2.1724796923197127,-2.619595611712336,0.0,0.7198740330653567,0.0,-5.655689578661267,1.7191007133294531,2.8706907192938402,-1.926520600273669
CSO-13-7A-RXCHLU-CorrEtiq.txt,0.0,0.0,0.0,5.6692391943197675,-2.6087475121055785,-2.64114743194097,-2.728751669185512,3.378796324402017,0.0,0.7917689358154659,0.0,-1.3235012765914036,-1.6774842736586508,-0.9826853464479223,0.5704757209347473
CSO-13-7A-YAMEZA-CorrEtiq.txt,0.0,0.0,0.0,8.95357904320176,-1.5517967288653507,-1.5026670533492867,-1.7667031398165025,4.253418965605056,0.0,0.7440916048338304,0.0,-5.842373946721775,1.1470786693528088,2.388298177690423,-0.9013053982977055
CSO-13-8A-KIGAGU-CorrEtiq.txt,0.0,0.0,0.0,10.0,-1.0649440177217193,2.6448213457244156,-1.7567856343101265,-3.428840289460603,0.0,0.5933908290969268,0.0,-8.360252676708742,0.37828437528656117,3.314729890737094,-1.8503395156413793
CSO-13-8A-MBUAN-CorrEtiq.txt,0.0,0.0,0.0,10.0,0.5670823158373568,-0.4990021419922408,-1.265737615379072,2.1656057004290674,0.0,-0.19122500803610926,0.0,-7.178688970521876,2.4022489196068686,4.898148288488219,-1.4642031509936393
CSO-13-8A-MGAAN-CorrEtiq.txt,0.0,0.0,0.0,8.946276590847386,1.8777183828921291,-1.3125653709017133,-0.21895429123299714,-2.711803550144947,0.0,0.8243065328505865,0.0,-5.275494720206604,-0.3910207430629481,1.3105689702876555,-1.1913787053599192
CSO-13-8A-MGAHE-CorrEtiq.txt,0.0,0.0,0.0,10.0,-3.084706649475816,-1.2551374014585877,-3.665730418632795,5.263189177384701,0.0,-0.19069251784912117,0.0,-4.036683267313702,-0.10998081114469256,1.2854049358612274,-1.706630802814555
CSO-13-8A-MJAGA-CorrEtiq.txt,0.0,0.0,0.0,8.831992170074471,-1.1271730940244802,1.9779325421987113,-1.9407138199860365,-1.989778339827461,0.0,-0.7327209938337338,0.0,-6.886218603563602,1.0184873135967811,3.2441908997327213,-2.3265889404668894
CSO-13-8A-VHODU-CorrEtiq.txt,0.0,0.0,0.0,6.0544185958161645,-1.9183326093250879,-1.338333468705667,-2.6710863126919633,0.49894944506086014,0.0,-0.4780914437337642,0.0,-2.333242880634907,-0.28867513459481314,1.03927969524662,0.1947679201218099
CSO-13-8B-FCJISA-CorrEtiq.txt,0.0,0.0,0.0,10.0,1.1709798114959946,-2.436376862216234,-1.4376344187466907,-1.1381289752658146,0.0,-0.9923230449262156,0.0,-4.602653400527626,1.6453599420833305,2.442073306245828,-1.5928879968454306
CSO-13-8B-JEMABE-CorrEtiq.txt,0.0,0.0,0.0,10.0,-1.8714438997670908,-1.4842297642770164,-3.1288475170804118,-0.933133780173194,0.0,-0.6231346344199064,0.0,-7.173064755960759,0.8965255099885762,2.9676535264513735,-1.2677964659399552
CSO-13-9B-DMLLLU-CorrEtiq.txt,0.0,0.0,0.0,8.353058416272473,-2.478251275126086,-1.0648124726623533,-2.9449525480940033,2.9323876036206538,0.0,-0.3801878126154917,0.0,-4.810385101913949,0.29524799363016313,1.837574354150266,-0.42601562888576416
CSO-14-7B-EALHU-CorrEtiq.txt,0.0,0.0,0.0,9.63110041388109,-1.9998515176494693,-2.2526812191552894,-2.86609935150425,5.597260316269221,0.0,-0.9715887291311741,0.0,-5.058046885100011,0.5830790415828973,2.716860349507938,-0.703444053820901
CSO-14-7B-EVEGO-CorrEtiq.txt,0.0,0.0,0.0,10.0,-0.3544278353907531,-1.8453457405621614,-1.1087859718385873,3.6540093976189234,0.0,0.6212591786601823,0.0,-5.847199033011918,1.1000679075223665,3.28062105038219,-0.9370990661131088
CSO-14-8A-AQUMA-CorrEtiq.txt,0.0,0.0,0.0,4.542093986145296,0.8531145054348253,-1.7981888115335134,-1.4448512244306202,0.056389783393345896,0.0,-0.2985111570629939,0.0,-1.2748058118874055,-0.028295591748714034,-0.7683591551986605,-0.49094990081463985
CSO-14-8A-MCIDOS-CorrEtiq.txt,0.0,0.0,0.0,10.0,-0.9594989710199564,-1.2046371781861966,-1.310563208043522,10.0,0.0,-1.6606870454120763,0.0,-5.794231378121955,1.1505317396058525,2.9607776601375604,-1.0111548015405847
CSO-14-8A-SZARA-CorrEtiq.txt,0.0,0.0,0.0,8.764696613627134,-1.6319068454995085,0.5142498319055198,-1.4510968676053357,6.676939406806454,0.0,-0.2498976319404992,0.0,-5.887396267197898,0.2042329701996637,1.9886980131382557,-2.228994892425382
CSO-14-8B-JLLORA-CorrEtiq.txt,0.0,0.0,0.0,7.847498422204349,-2.483756759192452,-0.9105447099255591,-2.752883162165279,1.8847159864950722,0.0,-2.0381489244513955,0.0,-3.3103959136378824,2.539243947750809,1.981686189707375,-0.6018304960221312
CSO-14-9A-AEDCAGO-CorrEtiq.txt,0.0,0.0,0.0,6.425729718928534,1.217395285867036,-0.5939688740950212,0.15681251204679517,-0.6043204579725681,0.0,-1.0425720702853738,0.0,-4.31305469138003,0.7137764288456622,2.191387503196223,-1.1932972165698064
CSO-14-9A-HASACA-CorrEtiq.txt,0.0,0.0,0.0,9.541600787806507,-0.21292814925179843,-1.5671276646045953,-0.4716052390778481,-2.3808457184090916,0.0,0.6019548245153076,0.0,-5.489814852845142,-0.6039571739702033,0.8874272295620198,-1.6976416385396553
CSO-14-9A-JSMAAL-CorrEtiq.txt,0.0,0.0,0.0,10.0,-0.558340585914255,1.0407223958940757,-1.3225088862478003,0.7704233810534955,0.0,-0.9547225543580492,0.0,-7.095586090419935,1.133322841333305,3.201604350859975,2.009010358663288
CSO-14-9A-MARJA-CorrEtiq.txt,0.0,0.0,0.0,9.54986687268502,-2.1679255228277534,-2.1054061319334947,-2.52751860320191,6.548302477726583,0.0,0.3426733185776141,0.0,-4.07499008674697,1.3509910646808811,2.901681630030313,-0.33495772572686605
CSO-14-9A-SORZU-CorrEtiq.txt,0.0,0.0,0.0,9.083937754092101,0.04795554772724253,-0.5241972206364267,-1.3477165672288949,2.979513061255218,0.0,-0.09942545512558743,0.0,-6.554413422764139,1.3511117715001344,3.3604513375705976,-0.8956379764809685
CSO-14-9B-ERAGA-CorrEtiq.txt,0.0,0.0,0.0,8.912208133901517,-0.6600954416866562,-0.4702305329319636,-2.0002516045747254,1.1331907951009605,0.0,-0.8035745551026042,0.0,-6.174700748801712,0.8771911173126026,1.4956475216539604,-0.8309556748246294
CSO-14-9B-MFEGA-CorrEtiq.txt,0.0,0.0,0.0,9.485060013025329,0.21018533084989927,0.6333876703906937,-0.8656118385935736,8.299532837512775,0.0,-0.17149858514251126,0.0,-6.791912915934487,0.8484341333093021,2.701552722504596,0.7724766066964817
CSO-15-10A-LJRAGU-CorrEtiq.txt,0.0,0.0,0.0,10.0,-2.9742733424557612,-1.9938482316152526,-3.5401066242943093,4.363510885577261,0.0,0.20554698510232097,0.0,-4.692657237392081,0.1110126279814273,1.625453209710665,-0.24130605287630702
CSO-15-10A-MAARLO-CorrEtiq.txt,0.0,0.0,0.0,7.718892836482089,-2.0766315958331836,-0.5690384551061797,-2.080306741730619,0.5048366540712349,0.0,-0.227751800572786,0.0,-3.7961852077413942,0.24748601650601595,0.6999953253173559,0.49236181483808994
CSO-15-10A-SFEGA-CorrEtiq.txt,0.0,0.0,0.0,9.467826357305928,-1.098958036168603,-1.9958805311566636,-2.3305458612870393,4.039409792177186,0.0,0.7155417527999302,0.0,-5.057244130217399,0.05248638810814761,1.409391343340993,-1.6747962559731946
CSO-15-10B-MEBUAR-CorrEtiq.txt,0.0,0.0,0.0,7.569674941780386,-0.3509754532810825,-2.618004960701472,-1.548965351493585,-0.09227877857902914,0.0,0.3597009075703952,0.0,-3.4065376094498387,0.9164067710301341,2.0800178412121153,-1.1277137740550263
CSO-15-10B-YVBUAN-CorrEtiq.txt,0.0,0.0,0.0,8.914125118861108,-2.2192376014580404,-1.5659241355004316,-2.7436273409427385,1.9827096197360259,0.0,0.11094104918181165,0.0,-3.6750577503181256,-0.21570894599003534,1.1355650526596437,0.2657799992388616
CSO-15-10C-ALBAHO-CorrEtiq.txt,0.0,0.0,0.0,10.0,1.350548069220325,1.1535115234756597,-0.7676723958349104,-1.1974495952059754,0.0,0.14132365133411912,0.0,-6.657951758176637,1.9456237059211114,4.441695348720608,-1.8479755660335497
CSO-15-10C-SSCAMO-CorrEtiq.txt,0.0,0.0,0.0,9.856589147286822,2.56021828774269,-0.7702345399993693,0.060260442815797455,3.2968343174404913,0.0,0.78021617551427,0.0,-7.452755611473915,1.3901927795949687,2.943127332617087,-1.389440730750073
CSO-15-11C-JETALO-CorrEtiq.txt,0.0,0.0,0.0,9.838114224181892,4.628278102676409,-0.08417747966330658,0.9340017875913552,-0.7676972087111262,0.0,-0.5116221499178079,0.0,-9.693852040120902,0.030320494441131884,3.0119860920670622,-1.69601172704867
CSO-15-8A-VBMABR-CorrEtiq.txt,0.0,0.0,0.0,9.7985231729148,-0.8929415966292888,-2.249032424193273,-2.1736486752014863,1.0514468649225397,0.0,-0.27137742369594287,0.0,-5.94376932098213,1.0156602667728922,2.5090685067039065,-1.9495009604518936
CSO-15-8B-KEPOGO-CorrEtiq.txt,0.0,0.0,0.0,9.102661535232137,-1.5951541891772583,-1.743143752898212,-2.978176416904323,3.794807268869907,0.0,-0.027715694213680753,0.0,-3.3861995395377886,1.706743366310466,2.6233341867445574,-0.5881442248026862
CSO-15-9B-ALRIHE-CorrEtiq.txt,0.0,0.0,0.0,8.279835418726924,-1.4363917202439769,-0.35597572516306497,-2.7313289824222364,0.0720415591309021,0.0,0.8262252144471266,0.0,-4.823599315660811,1.260543972740189,1.7429477089051755,-0.904221299983104
CSO-15-9B-AMSAGO-CorrEtiq.txt,0.0,0.0,0.0,7.332271227273831,-0.385587780815663,-1.7035309634936757,-1.817976366460853,2.7309628494211045,0.0,-1.895249485262586,0.0,-2.6439360440851534,0.6471502289294334,1.4553118569736576,1.171256170176637
CSO-15-9B-JCAPA-CorrEtiq.txt,0.0,0.0,0.0,7.822456754656689,-1.6317019356007023,-1.0994711369040617,-2.943684539863086,1.9040662888847797,0.0,0.27798875074720425,0.0,-3.5121540338341557,0.2969196583060987,2.363983285635579,-0.24349790027749238
CSO-15-9B-KSBEJA-CorrEtiq.txt,0.0,0.0,0.0,9.50761181691402,-2.162701144023374,-1.0690474370556227,-2.308635252281957,-0.4191128134782018,0.0,-1.389947386495915,0.0,-5.888507471827167,1.4941914303679456,2.459768433353344,-1.6982005517541419
CSO-15-9B-RMCHLU-CorrEtiq.txt,0.0,0.0,0.0,9.511733954662184,1.6071988344400845,-2.223920216416555,-1.5320319039010957,3.673401339014037,0.0,0.7128622403511012,0.0,-6.223675589139583,0.2005649926346338,0.9541132598591953,-0.9695951609506723
CSO-15-9B-SJAGRO-CorrEtiq.txt,0.0,0.0,0.0,6.0449065272003555,2.148117031183594,-1.7380963785069632,0.5633263110253786,-1.8094726330272068,0.0,-0.46951295016619604,0.0,-3.7944584863945283,-0.8169442952679606,1.3179688954575286,-1.0522203504347718
CSO-16-10A-JEGAHE-CorrEtiq.txt,0.0,0.0,0.0,10.0,-0.633826697246144,-1.7714502145559754,-2.2266673901230183,-0.9782075685410089,0.0,-0.19087098301939587,0.0,-4.936845793369367,0.5769884424893316,1.8465211822849135,-0.6932791777545724
CSO-16-10A-MSACO-CorrEtiq.txt,0.0,0.0,0.0,6.2708243772076475,-2.270048131578449,-0.981958312552863,-2.4875496619835182,2.64949472410273,0.0,-0.16009563258786197,0.0,-1.99229399552422,0.01812970366091847,0.2706140556793165,0.06068784585779563
CSO-16-10A-SARI-CorrEtiq.txt,0.0,0.0,0.0,10.0,-1.7811103065039309,-0.6091572671287395,-2.5719066791070464,3.2632912826136593,0.0,-0.40756161052015344,0.0,-4.921210273610655,-1.2491184275364486,-0.27146039229699775,-1.6208148517795118
CSO-16-10A-SMOUT-CorrEtiq.txt,0.0,0.0,0.0,8.765776301422969,-0.17079478344446059,-0.2540290545487585,-1.6624974336346634,5.042408765414365,0.0,-0.3166795240929386,0.0,-5.701671017890082,0.8469102149483192,3.559377238451326,-0.5211328312981572
CSO-16-10A-YKMUJO-CorrEtiq.txt,0.0,0.0,0.0,7.260744644387166,-1.7754025767996662,-0.282441895958925,-2.781102728887069,0.4324675776337386,0.0,-0.15384142915582819,0.0,-4.160724648352617,-0.4697154765961316,-0.010941144029736725,-1.6851508548655958
CSO-16-10B-LTVIFA-CorrEtiq.txt,0.0,0.0,0.0,6.136880487791317,-0.5613519806644979,-1.7632789587428574,-0.9963675869792665,0.7485085172370594,0.0,0.9547630001963149,0.0,-1.638290515764607,-0.8650000319929109,-0.31215090729318495,-1.0575326684174473
CSO-16-10B-VVILI-CorrEtiq.txt,0.0,0.0,0.0,8.275795208854902,0.027236941713946885,-0.7778331596716079,-1.8451948142953547,0.9404500546081522,0.0,-0.13748221170443797,0.0,-5.43706289464747,0.3464101615137753,2.3236896924149875,-1.1995780966425926
CSO-16-10C-ACALGU-CorrEtiq.txt,0.0,0.0,0.0,10.0,-0.6358998531218244,-2.326101977429578,-1.9298932006883849,2.6146232749579945,0.0,-0.3200284482376016,0.0,-6.712101647004318,0.5735409062301762,3.591913508397611,-1.9540505075798678
CSO-16-10C-MAVAVE-CorrEtiq.txt,0.0,0.0,0.0,8.68562898318963,-0.11446363204282758,-0.3537476087343068,-0.9505503305452734,2.202699313044873,0.0,0.6937532778028376,0.0,-4.406529658952785,0.06479703941485832,1.3423836117066559,-0.5517644661312284
CSO-16-11A-JAVABO-CorrEtiq.txt,0.0,0.0,0.0,9.757697773493195,-0.15440444233373132,-0.9439708720952706,-1.8589795450401625,-0.8997327870055736,0.0,-0.09510007474790169,0.0,-5.019960159204453,0.04786387724118259,2.462911284500534,-0.6259189234751354
CSO-16-11A-JDMUVA-CorrEtiq.txt,0.0,0.0,0.0,9.098054564144412,-0.7923572294330588,-1.2439386399771433,-1.484109245305122,-0.3054537790114947,0.0,-0.4444212722440693,0.0,-4.980061204101364,0.918585971252427,1.8840687854943103,-0.1706711375618018
CSO-16-11A-VZAOR-CorrEtiq.txt,0.0,0.0,0.0,6.39798636525995,-1.216270611550655,0.13801683908161458,-1.5351774303927355,1.0923415500656541,0.0,0.3245741582751739,0.0,-3.011412245553835,-0.10595060700787036,0.7896165976710574,-1.6235551367660233
CSO-16-11B-KRORE-CorrEtiq.txt,0.0,0.0,0.0,10.0,-1.7952210983459136,-1.90329223081135,-2.108532529018095,1.9387194456407886,0.0,-0.0894427190999865,0.0,-5.6298738319476085,-1.1403534338054497,1.1022761078798853,-0.5554249338720173
CSO-16-11B-LLOZA-CorrEtiq.txt,0.0,0.0,0.0,7.427723049332836,-1.3183701289986662,-0.3964962828647721,-1.660037707655972,0.22949723798407273,0.0,0.906820523816361,0.0,-4.896115792259426,-0.7344714864010127,0.5946305023295279,-1.8584616983323472
CSO-16-11B-YAROMO-CorrEtiq.txt,0.0,0.0,0.0,7.839630497537623,3.972974334706585,0.35248965399906523,1.930321037920843,-1.1648375741937786,0.0,0.418217269490846,0.0,-6.115567494913744,-0.1617447480067591,2.159256629982078,-0.89525102921122
CSO-16-9A-JALEMO-CorrEtiq.txt,0.0,0.0,0.0,6.661834334676165,0.2615585176773231,-1.215616720202392,-0.1842272059773153,-0.3873026478236026,0.0,0.7694368950943985,0.0,-3.540265906758624,-0.47490102573481335,0.10323926668803372,-1.4135816057496466
CSO-16-9A-JPROSO-CorrEtiq.txt,0.0,0.0,0.0,10.0,-0.7242615384230037,0.5041537280186363,-0.8703882797784892,-0.2694228849932275,0.0,0.8336157713463035,0.0,-6.741578551948536,2.264195724419824,5.511207091439691,-1.6962119707872851
CSO-16-9A-JSMAGU-CorrEtiq.txt,0.0,0.0,0.0,8.179037556221145,-2.47136929119422,-1.8817019251681977,-2.9746961002729035,5.155628483949695,0.0,-0.19585289118123406,0.0,-4.011426399953738,-0.3297798334165166,1.3007828533389318,-2.0548879298980434
CSO-16-9B-SJPAJI-CorrEtiq.txt,0.0,0.0,0.0,8.997795144384954,-2.816656692153162,-1.2444243894859393,-2.827501097808467,8.931380295284228,0.0,-0.31884080937172543,0.0,-4.406036866507041,-0.3745411760386248,0.7556809534947946,-0.7307556967516333
CSO-17-10A-YVGOCA-CorrEtiq.txt,0.0,0.0,0.0,8.663062677095088,1.0329933754616023,-1.6259449313262144,-0.9994252349806978,1.8349991390161156,0.0,0.6389186118921777,0.0,-4.239393044856071,0.9497847072290793,1.1202987982973558,-0.44610699353541816
CSO-17-10B-EHECO-CorrEtiq.txt,0.0,0.0,0.0,8.969615000753214,-1.763529260113316,-1.2738932224543902,-1.7237553909021472,-0.6755207529957225,0.0,-2.099711871493221,0.0,-5.226851541003009,1.1322807599959457,2.366671747377937,-0.9611427697516164
CSO-17-10B-YCQUVE-CorrEtiq.txt,0.0,0.0,0.0,10.0,1.1062851305198182,-1.4996757107301852,-0.6798305328000912,0.16198467201481115,0.0,-0.14253430144367937,0.0,-6.41873097284667,0.4656330736664179,2.7738237771435745,-1.2109250042042712
CSO-17-11A-DJAPA-CorrEtiq.txt,0.0,0.0,0.0,7.8234993436308,-0.8078121477862066,-1.5351685610992096,-1.1349782164400384,0.17100406232556253,0.0,0.35514773191666354,0.0,-4.825307925931279,0.172533004488274,0.8001099270757415,-1.3161094627318828
CSO-17-11A-JDAMO-CorrEtiq.txt,0.0,0.0,0.0,10.0,-2.9002993792779876,-2.0891487433606626,-3.198448934277587,3.0453641816675723,0.0,-1.6424161104765502,0.0,-4.654419321682928,2.2437139986223995,2.689157601256741,-2.129083299810992
CSO-17-11A-NPAHE-CorrEtiq.txt,0.0,0.0,0.0,10.0,-1.7300631430981246,-2.055446570893941,-2.11151670084252,-0.9283709794224703,0.0,0.6585527740981713,0.0,-4.842217179405548,0.229415733870562,1.3007303016241174,-1.3928912347202105
CSO-17-11A-RLPAIG-CorrEtiq.txt,0.0,0.0,0.0,7.363500325618165,1.6211789591180172,-0.18471384384923145,-0.6062902378730678,-2.2353347786286677,0.0,0.7324670207647207,0.0,-6.229470219256086,0.014287172234820773,1.5646251210769517,0.06589404553646451
CSO-17-11A-SPUVA-CorrEtiq.txt,0.0,0.0,0.0,10.0,-2.7962891065729014,-1.700582757239684,-2.935199932138448,6.880143431560236,0.0,0.7665081115048128,0.0,-5.138229843842975,0.21212861313749296,1.4328454075066026,-0.4599619237591292
CSO-17-11B-CDBEBU-CorrEtiq.txt,0.0,0.0,0.0,6.703397875548825,0.10564001911958543,-1.3425540476001587,-1.569167733078063,-0.1257215634660837,0.0,0.02788949694231957,0.0,-3.542458511662332,0.6354061560988824,2.1025310569579174,0.44793777797423595
CSO-17-11C-JDAAG-CorrEtiq.txt,0.0,0.0,0.0,7.630772395924563,0.03393422683123892,-1.9109507046535075,-0.6648460740170223,0.08257756605564343,0.0,0.5235047212451237,0.0,-3.700695625596979,-0.03617670323989941,1.5099856849373214,-1.0325618959132878
CSO-17-11C-MAPAMA-CorrEtiq.txt,0.0,0.0,0.0,5.938825098736629,-0.9797861099514498,-0.43176504076248934,-1.2998333139815592,1.00913708223144,0.0,0.28592767864156854,0.0,-3.395145939584963,-0.8737432413590408,0.47235301827337434,-0.9781193909420209
CSO-17-11C-MCAAG-CorrEtiq.txt,0.0,0.0,0.0,9.224664320789163,0.6977381635393595,-1.6699164652223901,-1.5393656160913696,2.279976808859435,0.0,0.7196243859966636,0.0,-4.616607754507921,0.3471407046923888,1.742966625672906,-1.3998961847988978
CSO-17-11C-SARJA-CorrEtiq.txt,0.0,0.0,0.0,6.268169251507194,-1.8698849466908436,-1.6350540349227338,-2.3360715536508163,2.847650092544862,0.0,0.6496876032857253,0.0,-2.757141667857009,-0.1839418018454899,0.874665807587313,-0.969802297483835
CSO-18-11A-ADBAHO-CorrEtiq.txt,0.0,0.0,0.0,6.9706287248829435,-0.7808055003630815,-1.995855876869037,-0.3999539863750291,-1.5803427522893316,0.0,0.8623721599042591,0.0,-3.5925407505871707,-0.7878155747683586,0.17743060502718327,-0.0839854465381985
CSO-18-11B-YLLRE-CorrEtiq.txt,0.0,0.0,0.0,8.935280160521952,0.16071724124958786,-2.0755916426903283,-2.1171845342078837,0.745611326293724,0.0,0.0,0.0,-4.425771821997198,0.17227589046319802,2.699928866452127,-0.7917941966999147
CSO-18-9B-MAMOLO-CorrEtiq.txt,0.0,0.0,0.0,10.0,1.9438859086011013,0.16171978024632763,-0.7056295204014186,1.1637251539250588,0.0,0.7377371622246637,0.0,-9.08097423751819,2.0180747504302263,5.3024875168710475,-1.7286673135001822
CSO-8-3A-AIPRBR-CorrEtiq.txt,0.0,0.0,0.0,8.389757041332503,-2.4075799314398676,-0.5510322848149103,-2.7590326685998288,3.6125616125969935,0.0,0.6662109168395203,0.0,-5.175033696284869,0.23893674810784735,1.2826025630192954,-0.7438426019764215
CSO-8-3A-DAPAVA-CorrEtiq.txt,0.0,0.0,0.0,9.00822493497066,0.47618294655326626,-0.14544797384519936,-1.1282166383938543,2.28387292062881,0.0,-0.45224561696654914,0.0,-6.8315177939331,0.5118906968889909,3.8857024603889516,-2.1104195592015422
CSO-8-3A-KVPECO-CorrEtiq.txt,0.0,0.0,0.0,10.0,-3.43921505320884,-0.7821210889972225,-3.6398546021674374,0.7580132491737972,0.0,0.7692295115204608,0.0,-5.2694079575350745,0.5449852932876795,1.0590283132812726,-0.18258582326411954
CSO-8-4A-ARAGR-CorrEtiq.txt,0.0,0.0,0.0,8.054437395134476,2.626521256151777,-1.1450807772400367,-0.8455951645942246,2.9344888784112406,0.0,0.7620897976842704,0.0,-4.530826143142974,-0.4076796457416381,1.737076527162072,-2.327671369334278
CSO-8-4A-JRAAR-CorrEtiq.txt,0.0,0.0,0.0,8.178077547990872,-2.669651862450367,-0.0397500646863018,-3.4070017932346643,-1.1350875543881114,0.0,-0.7614060793380615,0.0,-2.71535081437132,0.45783804895296265,0.15319570476401773,-2.2565597753174766
CSO-9-2A-EXMOCO-CorrEtiq.txt,0.0,0.0,0.0,7.797508433866414,-2.11395019326253,-1.9614036322448902,-2.5206560533809816,0.6641975998788071,0.0,0.13126117818567132,0.0,-2.609011332848376,-1.7765315818774434,0.05256740663431493,0.1828177756528769
CSO-9-4A-AGAPE-CorrEtiq.txt,0.0,0.0,0.0,8.233226924296055,-0.7487694823541607,-1.704266004198091,-1.9112146914474306,2.703931926335975,0.0,0.7130503838172969,0.0,-3.8483374972236204,-0.5389802644119637,1.0922447382651235,-1.7603888451383622
CSO-9-4A-DKVIMO-CorrEtiq.txt,0.0,0.0,0.0,9.664464749134503,-2.9171305696681333,-1.88569810077077,-3.090638036107961,1.7963128544261107,0.0,0.7606300365943232,0.0,-4.620529719372293,0.036460972404186165,0.43705761762695783,-1.4751448915031449
CSO-9-4A-DSMOMU-CorrEtiq.txt,0.0,0.0,0.0,9.206200083891224,-1.1435314102768495,-0.34992710611188266,-1.6625666194555224,-1.2268318473868998,0.0,0.3738664731908172,0.0,-4.7718926191691855,1.1264151224769425,2.5256657555301296,-0.43583948760949437
CSO-9-4A-DVGATO-CorrEtiq.txt,0.0,0.0,0.0,8.505315514568748,-0.6945997945793337,0.14754017441125772,-1.6073215748910399,0.4244544747507568,0.0,-2.071635632006898,0.0,-5.167465791149734,2.961954216515455,2.8709386563699764,-2.037358505991501
CSO-9-4A-EGCAMO-CorrEtiq.txt,0.0,0.0,0.0,8.235381126294698,1.450225738225331,-0.9859063795422753,-1.7229790193608447,0.3562471030318486,0.0,-1.8667159256721484,0.0,-5.124278608375901,1.7143940883982285,2.136055338545877,-1.1781386682891368
CSO-9-4A-FAGIGA-CorrEtiq.txt,0.0,0.0,0.0,7.729516760791436,2.1956375249730424,0.48667031594106674,0.08369739506373752,1.0801873260922588,0.0,-2.1357625493951145,0.0,-5.576956778505088,0.6282642391460915,1.8342966903765427,-1.101372312340296
CSO-9-4A-GSBRCO-CorrEtiq.txt,0.0,0.0,0.0,10.0,-2.0211986264947677,1.365124301709077,-3.3508203040133893,9.255226700641538,0.0,-0.7573401631618482,0.0,-7.47352448861568,0.9057529185791021,4.73491591031887,-1.4827126067897696
CSO-9-4A-KEMOCO-CorrEtiq.txt,0.0,0.0,0.0,7.481600790473839,-2.151240135270006,-1.3306914479149405,-2.5974846363569943,3.467920607662504,0.0,-0.9278836228069502,0.0,-3.304154064074157,0.9947467177913041,1.253791642458007,-0.7339206249876352
CSO-9-4A-LCOMO-CorrEtiq.txt,0.0,0.0,0.0,8.458764769213204,3.015015448650803,-0.618135183179398,0.4941438623163318,0.1218732984218871,0.0,-1.736602239147039,0.0,-6.490518654055901,0.9986797791133869,2.519703916911298,-0.5871734215058428
CSO-9-4A-MLORO-CorrEtiq.txt,0.0,0.0,0.0,8.902648874725298,-3.2109267270143893,-1.6599965884366932,-3.73428837870106,10.0,0.0,0.7543047960083774,0.0,-2.894006268773067,0.4418360821684626,1.3988845039425,-2.0465513195789855
CSO-9-4A-MPAME-CorrEtiq.txt,0.0,0.0,0.0,7.8734305529022,-0.7150467935488486,-1.630112514914178,-2.4621893594452504,-1.8733082553676654,0.0,-0.11432133740024611,0.0,-4.359420658328403,0.8172055300765955,1.4573831278719234,-2.5021697812180737
CSO-9-4A-NSARPA-CorrEtiq.txt,0.0,0.0,0.0,7.15782457135969,-2.0999932834423456,-1.031578564636047,-1.8135336781418128,1.2368762298860168,0.0,-0.3612668492608591,0.0,-3.7485814752757856,0.9704994859174015,1.6640603416569286,-1.8040056056126836
CSO-9-4A-SLOCA-CorrEtiq.txt,0.0,0.0,0.0,9.181004268798455,-3.35491703758288,-1.4636121747539712,-3.57944170851479,7.937291363346916,0.0,-0.28160270521163433,0.0,-4.521660126186589,0.6052793914672714,2.2927216331053284,0.06747119142788856
CSO-9-4A-YVDITR-CorrEtiq.txt,0.0,0.0,0.0,9.101692051666102,-2.2012570254787374,-2.7857834283293865,-3.3943493141267904,8.02802583650201,0.0,0.8734451018612979,0.0,-6.225140838088274,1.0705331830711184,3.859619575925776,-1.5950030924472853
