file,z_wc,z_nodes,z_edges,z_re,z_pe,z_l1,z_l2,z_l3,z_lcc,z_lsc,z_atd,z_density,z_diameter,z_asp,z_cc
CDMS-10-4A-JURAN,0.0,2.177904192689347,0.0,0.0,-0.7105234952271418,-1.050161129681248,-0.7105234952271418,-0.5761434761074589,-1.1019403295154881,-0.9191197886672148,-1.9144398832180676,-1.3857185666810554,-1.4832589502021798,-1.5658350826262308,2.5831643122104446
CDMS-10-5A-HEPIHO,0.0,2.559884669689061,0.0,0.0,-0.6762293225877952,-1.0264106001441897,-0.6762293225877952,-0.49498253216736526,-2.3359673586754908,-0.7851106706437669,-2.2041562074036705,-1.7045629554502038,-2.0048958982418457,-2.1425845936781536,6.176318557182669
CDMS-10-5A-KSRAGU,0.0,2.936627486881103,0.0,0.0,-0.6655264789237597,-1.0339637468352096,-0.6655264789237597,-0.47088787140957344,-1.485905401006867,-0.8042313983134792,-2.4320787626973983,-2.0361001527494684,-2.1155535679779884,-2.3371182050724904,2.3713148368678674
CDMS-10-5A-SROPU,0.0,2.1333075667586776,0.0,0.0,-0.855759835383013,-0.9917431960070133,-0.855759835383013,-0.6808014865697505,-1.7858774531157207,-1.1223377026791963,-1.9385314105379112,-1.4668554315322528,-0.9516904391696756,-1.6816117415565708,7.812177064068489
CDMS-10-5A-SZURO,0.0,1.5213253013473254,0.0,0.0,-0.9435618994159981,-1.0519248948051387,-0.9435618994159981,-0.7767205617608581,-1.5857906708600027,-1.2194269932618425,-1.4174409979958862,-0.7923695057315634,-1.1205481736550893,-1.1315385284075352,5.007359599796447
CDMS-10-5B-SRAJA,0.0,2.3330388274826106,0.0,0.0,-0.7638247363690607,0.012537466201012558,-0.7638247363690607,-0.5891488835561441,-0.4123299840173724,-0.9656932376918692,-2.0703929190831403,-1.8323816324817321,-1.6222895797440202,-1.0420196784057603,2.9447902928154788
CDMS-10-5C-DAAUSA,0.0,1.842655841255628,0.0,0.0,-0.8987290134928329,-0.6114359472447497,-0.8987290134928329,-0.7653158050108293,-3.2902971135954413,-1.2313864604710558,-1.7012778106780024,-1.2086399979262574,-2.7306105849714983,-3.426122481972409,9.190390354739737
CDMS-10-5C-ICAPA,0.0,1.1472155342934998,0.0,0.0,-1.0112890372717014,-1.246635891947615,-1.0112890372717014,-0.7632400586979665,-0.17183597837825995,-1.2838009971860522,-1.0822357387717927,-0.2511922466131533,-0.8638903769249843,-1.5866014536161401,5.57510123895067
CDMS-10-5C-JFALGI,0.0,2.193622452647601,0.0,0.0,-0.677076325765622,-1.060637502916336,-0.677076325765622,-0.48705871206653906,-1.5964414363761128,-0.8068888755880926,-1.9131385264300347,-1.4209592181987816,-2.1615085822932714,-2.2958612053512226,5.5419857835680615
CDMS-10-5C-MAORTO,0.0,2.1359540613350587,0.0,0.0,-0.7871840555651936,-0.8731617121670409,-0.7871840555651936,-0.6069015816501859,-0.10110450761145363,-0.966214595163911,-1.893941386166577,-1.4095727590913407,-0.8541333064527613,-1.1393841098996669,2.176628402881413
CDMS-10-5C-NBEMO,0.0,2.543917813524577,0.0,0.0,-0.8425179674299981,-1.2186775560264749,-0.8425179674299981,-0.7025449033097737,-4.2436209162420955,-1.0046855516602835,-2.3081753064165014,-1.8302387241687355,-2.357148819454763,-3.1857334806307236,9.382177012410402
CDMS-10-6B-ASCACO,0.0,1.6010640658376667,0.0,0.0,-0.8708429345747786,-1.1175345420951972,-0.8708429345747786,-0.7178095811128101,-0.39313040447242004,-1.1551967629338853,-1.4784887220325102,-0.8861553140271862,-0.9539376683954668,-1.1632045636408497,4.0730804802358485
CDMS-10-6B-JJMOBE,0.0,2.006470399722959,0.0,0.0,-0.7084295346853261,-1.0430724758144572,-0.7084295346853261,-0.5958811532448987,-2.3723902711609366,-0.9790178031080087,-1.7714592913007385,-1.2879270712022748,-1.5206382557155456,-1.7752099285087086,5.445863152684544
CDMS-11-4A-GACHSA,0.0,1.5037201120050048,0.0,0.0,-0.8728091859808901,-1.1519948938852398,-0.8728091859808901,-0.7025882456076057,-1.1901675041518134,-1.1470680333423704,-1.3841205654961468,-0.7171350200672224,-1.6095952305862524,-1.786397026182081,6.491385691863997
CDMS-11-5A-EAARCA,0.0,1.6428263582068374,0.0,0.0,-0.8606377268118128,-1.1333451347885184,-0.8606377268118128,-0.7006304691043203,-0.8263000470701105,-1.1668636873001605,-1.5124796008458328,-0.9172479827604626,-2.2577503070311717,-2.0779671572674188,7.58896907307529
CDMS-11-5A-MGTHAR,0.0,1.2712402990235272,0.0,0.0,-1.0088610645152685,-1.176284118020345,-1.0088610645152685,-0.919298972213792,0.1967275243969025,-1.5074291845826944,-1.2114251753344385,-0.4679870097371469,-1.7188586022232335,-2.334673747295143,7.642692826972135
CDMS-11-6A-DFVEBE,0.0,1.9573777247004052,0.0,0.0,-0.8669670432092055,-1.1363960082719884,-0.8669670432092055,-0.6913172628693055,-0.75223954892257,-1.084626230113756,-1.7705028240252425,-1.2368217576050626,-2.421896797133311,-2.269684028387887,6.107374698727878
CDMS-11-6A-NMREPR,0.0,1.8138659843482756,0.0,0.0,-0.807236533243316,-1.1132545480814593,-0.807236533243316,-0.6712872454753881,-0.6842611514618718,-1.1006579651903365,-1.6366475148348818,-1.1182366320074562,-1.8893577795476693,-2.1120883171860894,5.063385870974657
CDMS-11-6B-ARAHE,0.0,2.2178322416817804,0.0,0.0,-0.756851743834978,-0.9068152360574065,-0.756851743834978,-0.519725528573667,-4.142920858755746,-0.8830135708938308,-1.9510044485027438,-1.485050729783029,-1.8395420370599305,-2.2346491120671828,6.169747582565432
CDMS-11-6B-AVROTO,0.0,1.8098981635229205,0.0,0.0,-0.7739506619521409,-1.165593389744976,-0.7739506619521409,-0.5498191609344915,-1.2865989433253688,-0.8769786092827326,-1.6207312114461712,-1.0096135811094102,-1.6763855394158025,-1.661000711098716,4.241657832989441
CDMS-11-6B-EAFESA,0.0,2.3937848828198773,0.0,0.0,-0.7825415037835883,-0.8041071438860172,-0.7825415037835883,-0.6140162735251231,-1.970713081450447,-0.9994119159854625,-2.1217343454811317,-1.6870723411263788,-2.1000650737593545,-2.562043585649828,5.256476463664885
CDMS-11-6B-EFRGR,0.0,1.9388689458021164,0.0,0.0,-0.9510021181809909,-1.1081719035209794,-0.9510021181809909,-0.7699159917995977,-1.8618390742741413,-1.19997644204567,-1.7918424122082106,-1.2656664911848037,-1.5407521829217843,-2.3749167796672075,8.19833658873449
CDMS-11-6B-EROCO,0.0,1.0024645164118051,0.0,0.0,-1.0061266872655774,-1.3188120148161055,-1.0061266872655774,-0.8709909651640876,0.4091919536791349,-1.3917069065221168,-0.9559576673342154,-0.010522019195978668,-1.3638219149117163,-1.8102513710136174,6.287494661398815
CDMS-11-6B-JACUPE,0.0,2.1156477173884913,0.0,0.0,-0.7791078413959553,-0.32151793740560153,-0.7791078413959553,-0.607771056875921,-0.3586819585889275,-1.0282412509129282,-1.8922908261271703,-1.566369057096987,-1.5426942174735823,-1.949915514273792,4.20738724504236
CDMS-11-6B-JDCHBA,0.0,2.1582662271799546,0.0,0.0,-0.8140655896743233,-1.0863881463516278,-0.8140655896743233,-0.6366622439276213,-1.6276976526296867,-1.002449550890538,-1.9220469325308442,-1.4189346228478794,-2.0266905793717314,-2.2988119804722427,6.91892039782743
CDMS-11-6B-JFSAHE,0.0,2.394749276466026,0.0,0.0,-0.6675716363840405,-1.0249591782056475,-0.6675716363840405,-0.48705967761205776,-1.3036467443836166,-0.8019167155315966,-2.0461114181661326,-1.4730788598544353,-1.7066541077551312,-1.6222603307424068,4.675057970624411
CDMS-11-6B-JLPENA,0.0,2.599796579972497,0.0,0.0,-0.6371178103280587,-1.0064641069991556,-0.6371178103280587,-0.4406564089428481,-1.1998129838421474,-0.7380456934370034,-2.17785524474091,-1.6412048650189373,-1.93431794695422,-1.8257603339281014,3.764675661341812
CDMS-11-6B-JMARME,0.0,1.976013846812405,0.0,0.0,-0.8710553264813538,-1.1124727957362999,-0.8710553264813538,-0.7290101343379425,-2.014367765955139,-1.1150529686061947,-1.8026673651599068,-1.2602841041129462,-1.2345974358829328,-1.9214389402731076,5.968073852350515
CDMS-11-6B-JPSAMA,0.0,2.0880645929391966,0.0,0.0,-0.8442292035953226,-1.0804696270615128,-0.8442292035953226,-0.6408601606235578,-2.7877862665018265,-1.0744758212190777,-1.8896266649639242,-1.4050905302842436,-1.957851499511488,-2.5427765075191147,8.336715489357108
CDMS-11-6B-LESTA,0.0,1.7578261692923125,0.0,0.0,-0.8426154150747285,-1.0794035242526516,-0.8426154150747285,-0.6242033464961383,-0.8582666838346807,-1.066097596506917,-1.59454991650405,-1.0626999057993174,-1.301567930540467,-1.5789656021989715,5.783940313203884
CDMS-11-6B-MAGIMU,0.0,1.7321783145387126,0.0,0.0,-0.8213999763403405,-1.1457390925911084,-0.8213999763403405,-0.7043179578046969,-0.4489433757059745,-1.1673425149058123,-1.5791252396510915,-1.0271664029143162,-0.6680525261069301,-0.5631201813187905,7.580597875787428
CDMS-11-6B-MEBRTA,0.0,1.9671938098000157,0.0,0.0,-0.7152010266421885,-1.001040468500709,-0.7152010266421885,-0.5303196554575711,-1.2717274279217803,-0.8422954534590696,-1.716389981675158,-1.126676206589467,-1.6949346244791652,-1.560921798500527,3.3206428636869028
CDMS-11-6B-MMAMO,0.0,2.6633998869789868,0.0,0.0,-0.8074212408073324,-1.0724818063018682,-0.8074212408073324,-0.6201259384395081,-4.3541455994291045,-0.8922655848505635,-2.376168293471899,-1.9507125583648488,-2.4999689176502966,-2.811695472747097,9.820983861443906
CDMS-11-6B-RSECA,0.0,1.9971493551630235,0.0,0.0,-0.8379082070022412,-1.0957408485362856,-0.8379082070022412,-0.6060197190050673,-0.8664130099939241,-1.0365409706320927,-1.805470811908245,-1.30639469618672,-1.720460204487579,-1.7137802506764328,7.419589024618103
CDMS-11-6B-SCAPA,0.0,2.783702075166977,0.0,0.0,-0.6098158603922619,-0.9443295883742755,-0.6098158603922619,-0.42947261533279446,-2.09079665950573,-0.7241141038551747,-2.3241214211324874,-1.8429677304797965,-1.8939168697212136,-2.225666592368846,2.145447524510947
CDMS-11-6B-VZAPE,0.0,1.887793689663632,0.0,0.0,-0.8591671863172922,-1.1390083595369807,-0.8591671863172922,-0.7493002486020701,-2.901227017208153,-1.2173714828670412,-1.7400185272214475,-1.180105251944053,-2.6577639044930548,-2.6368114092291712,8.189790715334015
CDMS-11-6B-YLNIME,0.0,2.480633991866173,0.0,0.0,-0.7185507273244962,-0.9658037232147202,-0.7185507273244962,-0.5157689018966942,-2.365135946945207,-0.9041067444505304,-2.1694343018866715,-1.6962532227276172,-2.015953436074741,-2.277521817735936,6.392516571864037
CDMS-11-7C-ICARE,0.0,2.52599845231099,0.0,0.0,-0.6918325218120686,-1.01726018504349,-0.6918325218120686,-0.5000158712067679,-0.5711580613930921,-0.8075688855244015,-2.146382549032618,-1.6323636243497155,-1.4221650133630124,-1.3275003896677169,2.9207432040077177
CDMS-11-7C-IMOIB,0.0,2.009994061806501,0.0,0.0,-0.8346082082649288,-1.0461186135769718,-0.8346082082649288,-0.6819676128249503,-2.2582048294200323,-1.0940371708389875,-1.818640484586153,-1.3237882127725769,-1.390364298845271,-1.9352245603620497,7.326980956542462
CDMS-11-7C-SALMA,0.0,1.406122925653472,0.0,0.0,-0.9688009536270502,-1.2022621901409287,-0.9688009536270502,-0.8763366822181825,-2.0781280294069435,-1.5374382555364767,-1.3317185014752917,-0.6475617385407744,-0.3700978438590566,-1.0553225967380166,6.950647608167781
CDMS-11-7C-SPGAVE,0.0,2.953664627782662,0.0,0.0,-0.5248965501858298,-0.8536261280873172,-0.5248965501858298,-0.35123893954660856,-1.5245469043865896,-0.5801565892465532,-2.3942221963600203,-1.9732734023712513,-2.46022160985091,-2.218574603957599,3.4302070310384156
CDMS-12-5A-SRIGO,0.0,2.362627393357591,0.0,0.0,-0.8347303919918102,-0.7564407928977117,-0.8347303919918102,-0.6456031391111172,-3.0994269584164207,-0.9715511865960008,-2.095485777013267,-1.7113129114419294,-2.3244377088905543,-2.349783972779585,8.854525367125213
CDMS-12-6A-FAROPA,0.0,2.348639035015113,0.0,0.0,-0.7993051392881539,-1.0294741783909205,-0.7993051392881539,-0.6134355587490029,-4.01216787395497,-0.9102599309598791,-2.0905235635068395,-1.6699370885181928,-2.1880851040835094,-2.8234084531674717,6.327477467001734
CDMS-12-6A-JGIGA,0.0,1.6729035423046064,0.0,0.0,-0.8383981398260406,-0.8269564983100711,-0.8383981398260406,-0.7048000215175301,-2.1027328341501783,-1.1479262359401223,-1.5324991456533383,-1.053453281328353,-1.8868244338714697,-2.2718506103562888,7.989939688991082
CDMS-12-6A-JSOTGU,0.0,1.862955275980837,0.0,0.0,-0.7284729521374789,-0.9355495447777114,-0.7284729521374789,-0.5979219472624362,-0.9390969591317481,-0.9725190655644693,-1.6713036816622746,-1.1661795311786949,-1.9286950641246434,-2.1091642907057913,6.61453144729412
CDMS-12-6A-SROAL,0.0,1.8016047105615112,0.0,0.0,-0.8392999804322829,-0.8814762679047262,-0.8392999804322829,-0.66991222499875,-1.5743685289357376,-1.0772566820690899,-1.6418300313239806,-1.1351811522800304,-0.9361184314348742,-1.1422989612918086,7.191626046458566
CDMS-12-6B-IJDAGA,0.0,1.997987253596891,0.0,0.0,-0.8011937970103359,-1.152950408278653,-0.8011937970103359,-0.6162317657246676,-2.8490568441429747,-0.971264466580842,-1.8128715084446043,-1.2680687334742966,-1.327042119041822,-1.3548608608682715,3.566244297069644
CDMS-12-6B-SCLAG,0.0,2.0004489702387644,0.0,0.0,-0.8954430874336998,-0.3391969886442614,-0.8954430874336998,-0.6653438670374283,-1.3110836629648739,-1.071473108307475,-1.8175936672612159,-1.4665740501706221,-1.1737850517174497,-1.213624817071289,5.551849465384245
CDMS-12-7C-ARAHE,0.0,1.9916093578502392,0.0,0.0,-0.8080202843553339,-1.0673097441486388,-0.8080202843553339,-0.5770821802236843,-3.9637142041509352,-0.9890090509299684,-1.7830927937549124,-1.2767057657226812,-1.5853223209341618,-2.368117238923305,8.937104613052384
CDMS-12-7C-CATRAR,0.0,1.823728516896009,0.0,0.0,-0.8725723050660225,-1.1368368674870113,-0.8725723050660225,-0.7183340929879852,-1.897447500502589,-1.104532746118416,-1.6535371789558704,-1.0701636027873307,-1.4358476851791167,-1.874093415418104,5.976771658097775
CDMS-12-7C-DLOLO,0.0,2.071026053628891,0.0,0.0,-0.8010868761694949,-1.0847183366885897,-0.8010868761694949,-0.5871961090571842,-1.0788189575306837,-0.9549687076171383,-1.838322829662556,-1.3013741661995595,-1.3692414618819786,-1.521624212730009,4.949851248055415
CDMS-12-7C-JSZAOR,0.0,1.5374223120683082,0.0,0.0,-0.7695806841803301,-1.073553286015103,-0.7695806841803301,-0.6138021956121974,1.0462586632613067,-0.9390624018930215,-1.3837271628013526,-0.7987296992883071,-1.4544569341171707,-1.3696167832611676,1.938976793581744
CDMS-12-7C-MAROBE,0.0,2.6614070921751796,0.0,0.0,-0.7536552505065609,-1.1334948890268632,-0.7536552505065609,-0.5560538031717388,-2.956095670631394,-0.8352376978008104,-2.3504223946611,-1.8992280741115326,-2.3806885539402516,-2.9879379609133587,8.07548688658454
CDMS-12-7C-VMAPA,0.0,1.5550403895519642,0.0,0.0,-0.9329429391135866,-1.1195839943550923,-0.9329429391135866,-0.7111189598895984,-0.29324652066481643,-1.1731898863033865,-1.4377105355716964,-0.8429772515765986,-1.2153517665901739,-1.6945625817266567,4.1215874380375
CDMS-12-7C-VQURA,0.0,2.057382296366485,0.0,0.0,-0.7222603804577492,-0.8028890026756884,-0.7222603804577492,-0.5738727040738393,-1.7023489887080498,-0.9113765399126865,-1.7921506042939728,-1.3182362638875564,-1.3563167523141646,-1.5208613891434872,4.747761418028774
CDMS-13-6B-ASUMO,0.0,1.9028180182228243,0.0,0.0,-0.7590072724957045,-1.03740732646897,-0.7590072724957045,-0.5683250283363916,-2.0277194552057165,-0.8833347170483938,-1.688615678426476,-1.1498352593141712,-2.621880015163689,-2.675594869284344,6.317820163111555
CDMS-13-6B-JDTAHE,0.0,1.672922131525455,0.0,0.0,-0.8541075432160109,-1.11368453758241,-0.8541075432160109,-0.654833754402423,0.10039385670381423,-1.0148218507856581,-1.5341216881942301,-0.85079427409013,-0.5458516178478006,-0.7210701284009063,3.3151174153517697
CDMS-13-7C-MVEAR,0.0,1.9162086433372523,0.0,0.0,-0.6351567356289469,-0.42954500833170095,-0.6351567356289469,-0.7127504536905748,0.5968654729659212,-1.0852088659630637,-1.7553405431931182,-1.4304192874348267,-1.8654228118295715,-2.3258478019406814,6.214377692439182
CDMS-13-7C-RAIZAC,0.0,1.7949287352617227,0.0,0.0,-0.7943630190958919,-0.3259881192119788,-0.7943630190958919,-0.5872492738923271,-0.9767502383724235,-1.0051879754781177,-1.618367388017497,-1.2728224318456163,-1.360315140214835,-1.646719991297918,4.637500577459433
CDMS-13-7C-SSOSLO,0.0,2.1173226624392605,0.0,0.0,-0.38724829287244356,-0.3279703195658433,-0.38724829287244356,-0.7243596413262388,-3.803722613003746,-1.0100504826764265,-1.931021925501554,-1.6859587464218924,-2.9355746704016887,-3.307577342022398,9.415884043647486
CDMS-14-10A-IMORTO,0.0,1.721681677491093,0.0,0.0,-0.8259611958777571,-0.16967202149536273,-0.8259611958777571,-0.6513975713379506,-3.071214689418801,-1.0175608617397451,-1.5714387223389032,-1.2418580250902076,-2.415701761535036,-2.872288380422365,7.0309597664559895
CDMS-14-10A-JCVANI,0.0,2.732690148096879,0.0,0.0,-0.6750075097660075,-1.0078869331231817,-0.6750075097660075,-0.4765411632383095,-2.4331935816873407,-0.7735982550255258,-2.2860475834963068,-1.8016809400764,-1.8562933118282332,-2.05607919707315,3.9382957419519644
CDMS-14-5A-LSDUCO,0.0,1.8019723214034804,0.0,0.0,-0.876681233311646,-0.2421986528346482,-0.876681233311646,-0.8532836460275505,-5.355626650387029,-1.274081235794613,-1.7054690348041686,-1.4077241514111383,-2.4560945806506753,-4.255710324864285,10.0
CDMS-14-6B-KDCAHE,0.0,2.765606659194371,0.0,0.0,-0.7288972850017263,-0.9505595379985192,-0.7288972850017263,-0.5658907430954921,-3.364065959347883,-0.8964436112566719,-2.383345515905697,-1.951896212351407,-2.016394238310831,-1.9836900803319935,7.025395575375425
CDMS-15-10A-AMALOS,0.0,2.1045161584992007,0.0,0.0,-0.5411140775405039,-0.07787611261649788,-0.5411140775405039,-0.6507469442388993,-1.5733441110354562,-0.9789580083783468,-1.8908006178910006,-1.6645440652242922,-2.034062219268143,-2.362895586285972,7.339713345603384
CDMS-15-10A-JJMACH,0.0,2.7265436120847393,0.0,0.0,-0.882560100389593,-1.159004874814999,-0.882560100389593,-0.6748192982000335,-2.644243866775646,-1.034477988286102,-2.467718853890465,-1.9211146174675788,-1.5452131764444752,-2.2908826445873243,9.615485325504137
CDMS-15-10A-MAALCA,0.0,2.732816890260824,0.0,0.0,-0.6482006594181997,-0.07697197433251904,-0.6482006594181997,-0.4579771180939869,-1.518699465519159,-0.7845269434386787,-2.3147440064863574,-2.0497027491930666,-2.129819607200387,-2.1740106743349057,3.883288488537844
CDMS-15-10A-MAALRI,0.0,2.0455265904561712,0.0,0.0,-0.841820814197645,-1.0619465176829832,-0.841820814197645,-0.6703248401590319,-4.899281995765132,-1.102795025303099,-1.8587483998587,-1.3512659723304095,-2.883346094283519,-3.24359822318524,8.942802529745244
CDMS-15-10A-SGOMO,0.0,1.597665479374089,0.0,0.0,-0.8405433885027398,-1.1818669538833455,-0.8405433885027398,-0.7329972988824137,-2.4546251796997316,-1.1876903934033172,-1.489614307933561,-0.8688482459088523,-1.3743318098360997,-1.556087818899113,6.760483193529759
CDMS-15-10A-SHEGA,0.0,2.4378671693136735,0.0,0.0,0.12352368823362221,-1.067330919268636,0.12352368823362221,-0.6386164648415986,-4.097487003893081,-0.719624854567759,-2.1856969106921005,-1.8711056233918075,-2.507327933491534,-2.3009181074587515,9.56247567655723
CDMS-15-11B-JEMOLO,0.0,2.329556815946168,0.0,0.0,-0.8186716328167692,-1.144239332011056,-0.8186716328167692,-0.6948010381644446,-1.415386937096161,-1.0570529724564868,-2.0952358921490584,-1.5781620356586845,-1.7123692807233957,-2.3707321248648796,6.944688888575379
CDMS-15-11B-VSAHO,0.0,1.9013786550389664,0.0,0.0,-0.8576996639024755,-0.9794759841935894,-0.8576996639024755,-0.6898909854114267,-1.637894844335263,-1.0942394285414603,-1.744285828618258,-1.2476984918508778,-2.0093905695995353,-2.3915622451129877,8.240900044136811
CDMS-16-10A-SGALO,0.0,2.731364639002391,0.0,0.0,-0.6941097578178398,-1.0508003081625639,-0.6941097578178398,-0.4900191359139473,-2.193213610215684,-0.7876777831861109,-2.282211543601168,-1.7501017398941132,-1.8114947078210057,-1.8688901504743334,5.260624061069157
CDMS-16-11B-NGABE,0.0,2.104270184958379,0.0,0.0,-0.8487194862161068,-0.6344588299825138,-0.8487194862161068,-0.7238775786643462,-2.9948290998801492,-1.0998898494542895,-1.9290932954672337,-1.5147202551465064,-2.881618099701784,-3.8017914825484413,9.662162843799173
CDMS-17-10A-ASSAMO,0.0,3.249405253995817,0.0,0.0,-0.6038599496319467,-0.9376171286676747,-0.6038599496319467,-0.4715266455468659,-1.9782693167951966,-0.7074951455187836,-2.702385732720172,-2.316651081800469,-2.1728486014146458,-2.153975482545428,0.9056624892758096
CDMS-18-7C-VVECA,0.0,2.39207802318567,0.0,0.0,-0.6863745636455205,-0.2856167975772269,-0.6863745636455205,-0.4956548329974516,-1.508750133795502,-0.772087917631709,-2.036896243505433,-1.7185986975214047,-1.8598866573904473,-2.145107388818759,5.320964326395284
CDMS-8-4A-DBEVA,0.0,1.7686480683035306,0.0,0.0,-0.8308801568450807,-1.1828208399914744,-0.8308801568450807,-0.5986481583403254,-0.7657407874238792,-0.9549669070878191,-1.610515352638611,-0.9543373540858973,-1.0994452866478375,-1.3978543933217282,3.446884080862761
CDMS-8-4A-DJAVDA,0.0,2.218109674847219,0.0,0.0,-0.7531521863335813,-1.0886168932304492,-0.7531521863335813,-0.48346964591662933,-3.502417615377105,-0.8064883106351329,-1.9436396372650837,-1.3748447133601662,-2.6427709530351136,-2.781055347282309,3.5821872586885624
CDMS-8-4A-DOSTR,0.0,2.14616451650689,0.0,0.0,-0.7947819836188091,-0.9917289459535784,-0.7947819836188091,-0.589074925006764,-1.6531875423997289,-0.9773257687020716,-1.8739176035632594,-1.313883876005882,-1.8716704262250947,-2.1006959150787274,5.761969438073217
CDMS-8-4A-LGOPA,0.0,1.6523329626818022,0.0,0.0,-0.8812529890106248,-1.1282542171137595,-0.8812529890106248,-0.6801831417586667,-2.3726249272140714,-1.103213636441587,-1.5139210486687245,-0.8834656301892648,-1.4568252542054352,-1.4438012039026251,6.680711006648893
CDMS-8-4C-JDBUTU,0.0,2.0234342966783387,0.0,0.0,-0.7455576543775105,-1.0683841091974637,-0.7455576543775105,-0.5670720997357083,-1.6244537475739536,-0.8963512357104063,-1.795153847562062,-1.2454620188969294,-1.7401772141176,-1.7109754459994335,3.504491489185547
CDMS-9-4A-ACDUTR,0.0,2.621690981715731,0.0,0.0,-0.7300560770462855,-1.0302910683307454,-0.7300560770462855,-0.4970634822196963,-2.003999514171899,-0.8258809441789658,-2.2088302043503916,-1.6978442754361969,-2.425019736104963,-2.4412720766554847,5.811056613420262
CDMS-9-4A-CARGA,0.0,2.0834510616034887,0.0,0.0,-0.09930667471989249,-0.9878212616839357,-0.09930667471989249,-0.6489196959462868,-2.6521687174522177,-0.8442940611406311,-1.8783411201679665,-1.5418774806983215,-2.3307210241915577,-1.9679755999045083,3.906982343957312
CDMS-9-4A-CRAAG,0.0,1.4935431557237828,0.0,0.0,-0.9022546437095657,-0.7985135956429446,-0.9022546437095657,-0.7182470881649,-0.5712484920356212,-1.1529936600857982,-1.38069225990321,-0.8129125351596078,-0.8567148722506659,-1.4897710802097972,5.723819024754424
CDMS-9-4A-EROHI,0.0,1.6876616016885007,0.0,0.0,-0.7097030964577914,-0.9973074678481944,-0.7097030964577914,-0.8116680393933785,-1.2257682474326317,-1.2918622221081042,-1.531245770198996,-0.9911675272327524,-1.3373841359193281,-1.6473616641218267,9.789899072633423
CDMS-9-4A-ILOSE,0.0,1.7504129791143204,0.0,0.0,-1.0507220969896622,-1.1649542051796036,-1.0507220969896622,-0.8986366297983325,0.49949980062282734,-1.3648875508930154,-1.6508570904586561,-1.0320394759954536,-0.6161196441766758,-1.2678778027677902,8.597582292964288
CDMS-9-4A-TGAFR,0.0,1.5671888729816135,0.0,0.0,-0.8380557866043865,-0.8080520246950406,-0.8380557866043865,-0.6245032805768411,-0.5948162066790067,-0.9968853170253034,-1.4285161343346242,-0.8895861958056822,-1.5803855190046656,-1.627368394845133,4.248859385926045
CDMS-9-4C-SCAMO,0.0,2.816914886979237,0.0,0.0,-0.6621106432035586,-0.9765972646567097,-0.6621106432035586,-0.4841491703064344,-1.2737599062411065,-0.7579222717439972,-2.363023095391024,-1.9250860472764886,-1.5676323432122505,-1.8328248311642499,2.8881291592824954
CDMS-9-5A-ABERO,0.0,2.0442405363406846,0.0,0.0,-0.8382205542451576,-1.0928151989677868,-0.8382205542451576,-0.5910533652866103,-1.475760393298289,-0.9730326498666935,-1.810013027388541,-1.2723085305068405,-1.6926602882119355,-1.6656163061696054,5.633471917668029
CDMS-9-5A-PAGACO,0.0,1.732158180754144,0.0,0.0,-0.798697289806213,-1.0604499891835752,-0.798697289806213,-0.654237141522275,-2.278801627657534,-1.0730452553667773,-1.5750815991637859,-1.0565115633149926,-1.4249496100355106,-1.4676141933310067,6.54302827019809
CDMS-9-5A-VVAAR,0.0,1.8902365450281107,0.0,0.0,-0.7591276783839336,-1.0908337774605088,-0.7591276783839336,-0.5737837921731229,-1.864943465175942,-0.9142992497427873,-1.699044291122263,-1.128656106590298,-1.932701764968786,-1.8199176392232552,5.932950629029537
CDMS-9-5C-JDMADE,0.0,2.58668111790252,0.0,0.0,-0.6420351843365903,-1.0139353747594804,-0.6420351843365903,-0.5123554441568351,-0.14552723793786304,-0.7133703499580929,-2.1792133071426893,-1.7407137562404862,-1.4324526769591999,-1.223586091342031,2.320576723479863
CDMS-9-5C-LVIZAC,0.0,2.4718659472011075,0.0,0.0,-0.6637170654667961,-0.8455844432939247,-0.6637170654667961,-0.4520125277210502,-2.565232616902551,-0.7460876929902499,-2.0824163539691782,-1.5885917221142867,-1.9484739861267115,-2.046448030380989,1.5759863064682023
CDMS-9-5C-MLOGO,0.0,1.7411689714736243,0.0,0.0,-0.8173411524366557,-1.1217943246650295,-0.8173411524366557,-0.7020187668949596,-1.523855580222088,-1.0802108815152358,-1.5797707050250955,-0.9740854060405839,-1.5805055947093871,-1.8725203881567836,4.796882706512423
CDMS-9-5C-SCAAG,0.0,1.567005003827744,0.0,0.0,-0.9253035441746693,-1.2070203042907734,-0.9253035441746693,-0.6770323795307585,-1.4009445796998048,-1.113673645851166,-1.4511061619117656,-0.805392777767602,-0.9012821269500323,-0.8961450155696739,6.536721834333669
CDMS-XX-10A-VGILO,0.0,1.8656934974933121,0.0,0.0,-0.924834747164094,-0.7466142954071057,-0.924834747164094,-0.8086812730478148,0.02023220714488367,-1.2181776550897563,-1.7458166160919166,-1.2390490734975637,-2.0862049137052927,-2.501891270517567,9.936386082030664
CDMS-XX-5C-MJSARU,0.0,2.201022928749178,0.0,0.0,-0.7558442186842131,-1.0341096500960612,-0.7558442186842131,-0.5562424000496262,-2.4054970528672115,-0.884056249929621,-1.9290866725348426,-1.424811335324405,-1.8756778681720514,-2.179766938781083,5.291626466438553
CDMS-XX-5C-MPCAQU,0.0,1.319380591229834,0.0,0.0,-1.0650159578706881,-1.2800876454171939,-1.0650159578706881,-0.8112037306600911,0.5390230536535641,-1.2857950505925324,-1.250219409603093,-0.3674970197178647,-1.8009380396944186,-1.6864816155232347,4.148492361012692
CDMS-XX-6A-MAGICA,0.0,2.0200997982542397,0.0,0.0,-0.7873758867796883,-1.0879390371915134,-0.7873758867796883,-0.6419503274608295,-0.6856373295305702,-1.0491906455039717,-1.7937584906839565,-1.2220853975502246,-0.897167225368427,-0.7576819433387356,5.263838563787457
CDMS-XX-6B-SPUCA,0.0,2.398670636024699,0.0,0.0,-0.70423454605129,-0.8917578211969944,-0.70423454605129,-0.5470672419926006,-1.0625438093637831,-0.8708312907416893,-2.0689954228795298,-1.6103646255169761,-0.9445243256212141,-1.324817204576938,4.864351931099726
CSO-10-4A-ICAPA,0.0,1.932885866600918,0.0,0.0,-0.8973310820899663,-1.0943106598524517,-0.8973310820899663,-0.7151250468070584,-2.35169711642001,-1.1843919617035346,-1.767586158699409,-1.2153038583500904,-1.8469134054483056,-2.0961194550921687,8.204551576362293
CSO-10-4A-KCOMO,0.0,1.3139627380041323,0.0,0.0,-1.012486527330169,-1.2116473857586327,-1.012486527330169,-0.8188150062908859,-1.0262162516828228,-1.3015503145266636,-1.2350347385186804,-0.5158885614867483,-1.8748559765268789,-2.482599773552305,7.721960137868712
CSO-10-4A-LRAVI,0.0,1.457728433514156,0.0,0.0,-0.8966769030867681,-1.200955351408472,-0.8966769030867681,-0.7982379727239307,-1.8374389351946956,-1.2409622042257056,-1.3638487430905462,-0.7044254546746476,-2.356300108526647,-2.6525350905521607,7.1333118522047
CSO-10-4A-LSCAVA,0.0,2.6601336032905385,0.0,0.0,-0.6141210482270781,-0.9298992796569077,-0.6141210482270781,-0.4298427372559198,-2.2226630081616188,-0.7281653324452941,-2.200008096848752,-1.7280773578763886,-2.37978216513681,-2.4002018510330885,5.850462283238138
CSO-10-5A-ACAVA,0.0,1.7934568347869053,0.0,0.0,-0.8302165062038052,-1.1120906200973557,-0.8302165062038052,-0.6236590939471998,-2.0270936824053156,-0.9978178815807487,-1.6231604572620653,-1.0776595717747193,-1.690504478988551,-2.2102767932846223,8.040608753072
CSO-10-5A-ARACA,0.0,2.437431227471496,0.0,0.0,-0.6089415469146646,-1.000768477829544,-0.6089415469146646,-0.41751551926795016,-1.088686994148021,-0.6884420038754117,-2.045004296270574,-1.565308113049953,-1.9069415721356908,-1.8402089068810987,1.3582676747073719
CSO-10-5A-DABRZA,0.0,2.164347843146406,0.0,0.0,-0.7895349381862965,-1.0673976339196398,-0.7895349381862965,-0.5843650621740001,-2.9100939880392693,-0.9656095202966856,-1.923339387498273,-1.426828075192998,-1.4689591592095872,-1.688968387990485,5.9640718834406306
CSO-10-5A-GZAMA,0.0,1.7740913832413394,0.0,0.0,-0.893238242590346,-0.5453518229911948,-0.893238242590346,-0.768045933217567,-2.0071683220786327,-1.257839181662326,-1.6603951861519965,-1.2065456068668114,-1.9138498488281617,-2.507592425932248,6.915016713564958
CSO-10-5A-IPECA,0.0,2.3590345099269356,0.0,0.0,-0.8781855771695352,-1.0255022495591648,-0.8781855771695352,-0.8042520847221653,-1.47765563346533,-1.0846004366095339,-2.186451408723493,-1.7267935379925814,-1.6416553101074318,-2.9126372206081865,9.253525033951547
CSO-10-5A-JANORO,0.0,1.6119501073690192,0.0,0.0,-0.8036235458293437,-1.0567246852832264,-0.8036235458293437,-0.7179413326245945,-0.9174600878644724,-1.0866468901703912,-1.4779007213531352,-0.9199148502917807,-1.5044757034652756,-1.57066670587727,5.034755654257471
CSO-10-5A-JBUVE,0.0,2.4849639632428735,0.0,0.0,-0.7442079654776199,-1.0469492801812679,-0.7442079654776199,-0.5653791096397642,-3.2073973740052053,-0.8866661134664817,-2.150265966795831,-1.712836732134047,-2.0327506215911435,-1.92756564131268,2.808518908553029
CSO-10-5A-JJSEMO,0.0,2.0525458321288546,0.0,0.0,-0.7052586318140855,-0.5420399247104465,-0.7052586318140855,-0.5105442319874314,-1.6699467553379028,-0.8416476027964794,-1.8088367892570085,-1.4019608057784867,-2.1060168398277246,-1.9595198151819437,3.305598498809666
CSO-10-5A-JLCARI,0.0,1.602345502191388,0.0,0.0,-0.8836098532461212,-1.1199458959358923,-0.8836098532461212,-0.6632878020938819,-0.9637795649788861,-1.0685820512125295,-1.483584183740321,-0.805943463939285,-0.8969150339678236,-1.1466293410728476,5.858145189890659
CSO-10-5A-MAARAN,0.0,1.908811855097854,0.0,0.0,-0.9051288591286694,-1.152052024538756,-0.9051288591286694,-0.8188582067056508,-2.123428727696365,-1.2237765253670028,-1.7713042436515174,-1.2340397295911263,-0.8568133327240908,-2.334702740346594,7.471957829343898
CSO-10-5A-MAOSMO,0.0,2.420499460684021,0.0,0.0,-0.7080040917903315,-1.0041995424702561,-0.7080040917903315,-0.45253353120719503,-1.8271161016059598,-0.7598115511392017,-2.0770837617211604,-1.5327452063447495,-1.7453218765167888,-1.9084286417733696,4.711170086013624
CSO-10-5A-RVMOIB,0.0,1.8974351706864716,0.0,0.0,-0.8697534119806979,-0.9640522970280481,-0.8697534119806979,-0.7329811363722024,-1.9494115488331578,-1.1950266363727238,-1.744697932693003,-1.2342574814975777,-1.05602941684618,-1.4984008769690438,7.806171195092606
CSO-10-5A-SVHEES,0.0,1.6553466940646282,0.0,0.0,-0.9480738779870904,-1.1939976726584518,-0.9480738779870904,-0.7671928109356103,-3.128376406531756,-1.2636948345157917,-1.5289258439649336,-0.8835915520574563,-2.2137023826959608,-2.915043799847504,7.597249505633677
CSO-11-5A-MDVOSPE,0.0,1.8616795766786978,0.0,0.0,-0.8382072221345871,-1.1384527637945479,-0.8382072221345871,-0.6561834131125436,-2.483118848499353,-1.0519241509768895,-1.6920357278293352,-1.1542128210857454,-2.652714941584418,-2.607434822338362,6.1709069085867005
CSO-11-5A-MTAGA,0.0,2.661892440265338,0.0,0.0,-0.7174180487325793,-1.019029018090688,-0.7174180487325793,-0.4842325448999268,-1.793351639227261,-0.8126214488373225,-2.2448954692414396,-1.691769925491604,-1.7349199248824272,-1.5800969438896213,5.945865006280695
CSO-11-6A-CAPAMU,0.0,2.383135034171773,0.0,0.0,-0.7474249561638623,-1.0296748566250646,-0.7474249561638623,-0.5337793026655384,-2.896975432142444,-0.8779001991045682,-2.0675175022926977,-1.5673803184382906,-1.9736878220148344,-2.1992537587270493,5.593114278604231
CSO-11-6A-DSCACH,0.0,2.1219528260284304,0.0,0.0,-0.6828159507918816,-0.7154172427410112,-0.6828159507918816,-0.4996021972428254,-1.745771816764428,-0.8128685269824129,-1.857982355005125,-1.4659602254806974,-1.974200179707776,-2.0977445576859357,4.976298285582316
CSO-11-6A-EROMO,0.0,1.7274485258140138,0.0,0.0,-0.8919649884767998,-1.1183355953109113,-0.8919649884767998,-0.7078554589369771,-2.4116171095491845,-1.1134808202533002,-1.5778828758238639,-1.0243640469954167,-1.4015701044398725,-1.7426211067870165,6.956661756350556
CSO-11-6A-FSOVRE,0.0,1.8767917490882722,0.0,0.0,-0.762562087492753,-1.0744487620393008,-0.762562087492753,-0.5972048798804657,-1.6359168721473893,-0.9638542737795842,-1.6780955064797576,-1.1196150517624357,-2.0587422695350464,-1.8655944280205172,6.552479461476834
CSO-11-6B-ANREVA,0.0,2.6024708793116584,0.0,0.0,-0.8016777052514393,-1.0797438652226528,-0.8016777052514393,-0.655054323382278,-2.4943113796426655,-0.9605365899140345,-2.3240690263624497,-1.8473972868359736,-1.1851911004311817,-1.7798581487683482,8.025966711533128
CSO-11-6B-DISEMO,0.0,1.9710869533144935,0.0,0.0,-0.7751511493177965,-1.0811441680476734,-0.7751511493177965,-0.5949327834485112,-2.2073203326983237,-0.9684541647109846,-1.75823876620716,-1.26424559554494,-2.3732847612469063,-2.388255952993519,5.6973758379415305
CSO-11-6B-LHFDLACH,0.0,2.6234102123092145,0.0,0.0,-0.6496760627038807,-0.9986181703456428,-0.6496760627038807,-0.4792571728231234,-2.6310390455545316,-0.7746983515205594,-2.237909593100829,-1.770526960673481,-2.1921357209604952,-2.4247133346399803,6.274317017404026
CSO-11-6B-RJGIHE,0.0,2.9130057439948467,0.0,0.0,-0.5591869901589405,-0.8576376104512734,-0.5591869901589405,-0.34215996605363785,-1.031007844425721,-0.6104158642799762,-2.3221052581149935,-1.88744409803571,-1.8466325208636674,-1.6390758310379945,2.016355422989656
CSO-11-6B-SFLVA,0.0,1.1833589594712441,0.0,0.0,-1.0879992617499803,-1.2765132863298718,-1.0879992617499803,-0.9344006427666361,-1.9278679678931212,-1.6878632329976504,-1.1273202698756823,-0.3326151754572749,-2.2467299256616298,-2.777684184412824,7.573882066614089
CSO-11-6B-VCOMA,0.0,2.384162251115763,0.0,0.0,-0.6911226927783491,-0.9977632889998375,-0.6911226927783491,-0.49667066222808365,-1.8130391252676894,-0.8679994589022336,-2.0484112108438564,-1.550743328247603,-2.049322327019916,-2.462696383807458,5.223840263032158
CSO-12-6A-DGISE,0.0,1.966507524821753,0.0,0.0,-0.6970055786346889,-0.9933726491955119,-0.6970055786346889,-0.5645453169609945,-0.7098339504048176,-0.8433878260303036,-1.7348428433788352,-1.1814117538002007,-0.5600324044091932,-0.4860993098706257,3.8420514704016444
CSO-12-6A-FJOVRE,0.0,2.0524301317527485,0.0,0.0,-0.7786269336444466,-1.0834125772097176,-0.7786269336444466,-0.6202514159987739,-0.9421859459751125,-0.9746478204401849,-1.8086942703449014,-1.246565433775165,-1.4246249036685543,-1.7842223155570323,6.737625667600882
CSO-12-6B-GQULO,0.0,2.1356408216647913,0.0,0.0,-0.8122432621762027,-0.4247592701769997,-0.8122432621762027,-0.633676690224298,-3.927415649846999,-0.9792152073634572,-1.8997700193325213,-1.5657336202445835,-2.4421193850946037,-2.4665544840855342,8.437050140063363
CSO-12-6B-LJHEFE,0.0,3.3779975991720272,0.0,0.0,-0.7025967380989946,-1.0050672362677833,-0.7025967380989946,-0.591889714875668,-3.626017400023329,-0.8549216382802293,-2.9212322983823094,-2.5154394763482175,-1.5658700549195528,-2.3294795519048117,9.626222209360202
CSO-12-6B-VPAMA,0.0,2.3428565572053484,0.0,0.0,-0.6387736321126322,-1.0205857461556498,-0.6387736321126322,-0.4865153138451462,-1.6942107364869967,-0.772461757028538,-2.0274541398892527,-1.5053958132446967,-1.7578599483047217,-1.8957564662759496,4.571276252180644
CSO-12-7A-DALRE,0.0,1.77348628883308,0.0,0.0,-0.8678354713593001,-1.1234687030793626,-0.8678354713593001,-0.712650224425607,-1.1522827993984583,-1.1187672022272754,-1.6416863423977908,-1.024301312673004,-1.2167906840758338,-1.9838185364818148,5.312408710864824
CSO-12-7A-ESALA,0.0,2.4290044848522445,0.0,0.0,-0.6323302467000991,-0.9238997042634904,-0.6323302467000991,-0.39916982040014287,-1.7834210500506624,-0.701580485098482,-1.9846918618403635,-1.473094819027072,-1.8573433991205206,-1.7632949901307133,1.9312161452885264
CSO-12-7A-IMERO,0.0,2.1314805893234348,0.0,0.0,-0.694850047490612,-1.0467751644761987,-0.694850047490612,-0.5166638403280467,-1.3275689261783297,-0.8461852824234294,-1.8269065330942131,-1.2622608923559044,-1.719595653533687,-1.5554747968397096,4.9234817195995895
CSO-12-7A-JHEZA,0.0,2.9618401599185895,0.0,0.0,-0.5440393347656745,-0.8781022494073173,-0.5440393347656745,-0.35283629510080244,-1.4907395424819623,-0.5898988915819541,-2.3585555769174187,-1.8803308146472943,-1.7950789459760026,-1.7765579488958663,2.5705465204904616
CSO-12-7A-LSARAR,0.0,1.3376971748092885,0.0,0.0,-0.932436578689303,-1.237437790278518,-0.932436578689303,-0.8075258906309664,-2.050938103306793,-1.285688604670437,-1.2568007613815297,-0.44628183802812155,-1.7186371042529982,-1.8519315167124404,6.45188873388851
CSO-12-7A-SCAHO,0.0,2.6576270773934914,0.0,0.0,-0.6613132414109609,-0.9884952638399972,-0.6613132414109609,-0.5041174808484576,-2.7570447639351046,-0.8227011091594648,-2.2377691783445526,-1.7645314651127453,-1.7992595981659505,-2.126509252717371,5.65967816723935
CSO-12-7B-DVAGRO,0.0,1.9962642468143916,0.0,0.0,-0.689147574703029,0.009723564470540395,-0.689147574703029,-0.4840250934774814,-1.8760408759677205,-0.8133388799595158,-1.7326696840409728,-1.48482529858858,-1.1782459498856748,-1.39442265195952,3.3078924846425446
CSO-12-7B-SMUGU,0.0,1.6934101924097877,0.0,0.0,-0.8276245135825852,-0.7254211355589707,-0.8276245135825852,-0.6458214105305441,-0.19342862441698863,-1.0260888817768652,-1.5587770653427115,-0.9726869105572974,-1.8475343500333896,-1.4753203352558006,2.0154268783773444
CSO-12-7B-SSARA,0.0,2.1784548626288514,0.0,0.0,-0.7164919611036613,-0.09068016207478118,-0.7164919611036613,-0.496906150283499,-2.391728013068972,-0.8458864276792586,-1.9130117778736586,-1.6316853042837298,-1.791940701597512,-1.9415881394339567,5.476787629828596
CSO-12-7B-VHOMA,0.0,2.345186368403216,0.0,0.0,-0.7387268551066964,-1.026949533454043,-0.7387268551066964,-0.5211123513674271,-1.656018683022838,-0.8767641389637166,-2.015322101178681,-1.4834116569526772,-2.4181689405531532,-2.5219559548098625,4.305090954910648
CSO-12-8A-YTOME,0.0,1.8303080076807186,0.0,0.0,-0.8752649755669996,-0.474208540044712,-0.8752649755669996,-0.658039896199854,-2.778568406181556,-1.1193782816161182,-1.657388379212713,-1.2975687672793939,-0.5136265065583359,-0.856322649870024,4.9922190763645355
CSO-13-6A-ANASA,0.0,2.7103929585764104,0.0,0.0,-0.7137541529548217,-0.9807744057739303,-0.7137541529548217,-0.5336162311478945,-2.959028372628299,-0.8639574656778056,-2.2601415546632393,-1.7713719531949397,-1.8952327673475469,-2.338231670219515,6.4806769599109035
CSO-13-6B-JETAVE,0.0,1.4497822717428903,0.0,0.0,-0.8790313747571712,-1.1771369012081419,-0.8790313747571712,-0.6978522712640673,-1.0938272488177003,-1.0737187145665865,-1.349332797311904,-0.645496845523139,-1.4140285870119418,-1.3291610402153606,5.438217299943341
CSO-13-6B-LFMIES,0.0,1.7599118364120785,0.0,0.0,-0.8117270712483652,-1.1273552808772989,-0.8117270712483652,-0.673134229653366,-2.8749247282571617,-1.0341217522615451,-1.5972208236939032,-1.02189351811954,-2.5535800048942123,-2.5272550305728894,8.539660072659832
CSO-13-6B-LJMAHU,0.0,1.4085894883295622,0.0,0.0,-0.8290459497528487,-1.1832867776663203,-0.8290459497528487,-0.675475102550175,-1.4859101221525393,-1.0391757607887346,-1.2803859027414093,-0.5457508982966839,-1.704696449097287,-1.5189304870761597,4.866153066684539
CSO-13-7A-CAPAMU,0.0,2.206007578968412,0.0,0.0,-0.7015484652638688,-1.002297714745736,-0.7015484652638688,-0.5162196623870117,-2.847220502668711,-0.8686935538422293,-1.9231982895134312,-1.4256876737372732,-1.7112810367909652,-1.80225672799296,4.923463229838369
CSO-13-7A-CDDITR,0.0,2.383184058767477,0.0,0.0,-0.6155641378828277,-0.9389306811552224,-0.6155641378828277,-0.4253490593992116,-0.5640750065554114,-0.7197340069474116,-1.9984952168758587,-1.5205424913652756,-1.3890968988107615,-1.3516284542578254,0.8666612380393995
CSO-13-7A-JJATFL,0.0,2.21445405879587,0.0,0.0,-0.8350906748190751,-1.1468537193165966,-0.8350906748190751,-0.6953904756525697,-1.934743270522504,-1.0357350861203178,-1.9766414236710024,-1.5001224372848698,-2.031378209019418,-2.297943442252131,7.023795420007304
CSO-13-7A-KRAMA,0.0,1.8135587323181321,0.0,0.0,-0.9095268880292876,-1.1229625517689816,-0.9095268880292876,-0.6980337389405482,-3.5068166522944857,-1.185867209223783,-1.6524091064454185,-1.0645884140292485,-2.1281259507681676,-2.834968120861081,6.670128319954321
CSO-13-7A-RXCHLU,0.0,1.4697938721383355,0.0,0.0,0.11383712572792301,-0.37278630408504615,0.11383712572792301,-0.7095906461354604,-0.2705162757078856,-0.8386767743158089,-1.3802913028904396,-1.1815427715446873,-2.111435993535303,-2.120065391217832,6.604465021414441
CSO-13-7A-YAMEZA,0.0,2.2921605727338097,0.0,0.0,-0.8227839055406584,-1.0206444672636252,-0.8227839055406584,-0.6546113283572644,-4.248381034585684,-0.9983830912965582,-2.0493843234130056,-1.5771987299570174,-2.6955262713720147,-3.2957162585553035,9.541341022443822
CSO-13-7A-YBOSO,0.0,1.7293840843201767,0.0,0.0,-0.738349439810671,-1.0759803876493632,-0.738349439810671,-0.5557646349094071,-1.3650644007869892,-0.8991153908069875,-1.5567139874973908,-0.9644485460193195,-2.176245779000815,-2.0838566380784744,2.9975583480049783
CSO-13-8A-KIGAGU,0.0,1.4844807085381813,0.0,0.0,-0.7581650886566199,-0.21868143694259226,-0.7581650886566199,-0.8174374527759334,-0.3984649481986508,-1.3366277641785365,-1.3857880114078718,-1.0265940944892482,-1.177550665931652,-1.0638262967724827,4.5938487266535635
CSO-13-8A-MBUAN,0.0,1.8202490410055943,0.0,0.0,-0.7384449287586309,-1.064292919691379,-0.7384449287586309,-0.6940644169224908,-2.0781758592010844,-1.0940117797132443,-1.633295798746814,-1.0156550252962722,-1.9711509727011818,-2.0591119373205964,5.863341139763177
CSO-13-8A-MGAAN,0.0,2.2827831022447227,0.0,0.0,-0.7065333579402526,-0.622410079932263,-0.7065333579402526,-0.5064455067036402,-2.163587550662418,-0.8130951956500783,-1.9580529593899427,-1.5150542372299993,-1.6613618800924865,-1.9048435125173975,4.203780786765725
CSO-13-8A-MGAHE,0.0,1.7221106676488056,0.0,0.0,-0.8512275212765933,-0.9712694452059024,-0.8512275212765933,-0.6690116647149025,-0.8444623241086543,-1.101261432230884,-1.564927506200845,-1.0101331749600242,-1.3975103266140545,-1.9430841901876694,5.1623233957419
CSO-13-8A-MJAGA,0.0,2.4183124487299694,0.0,0.0,-0.7476801461945597,-0.5065034300122261,-0.7476801461945597,-0.557526940622874,-3.0696358212788346,-0.9055464385719767,-2.113937736785683,-1.7435234013566707,-1.6863034351178294,-1.8941167656203994,4.856595669358623
CSO-13-8A-VHODU,0.0,2.013495509219749,0.0,0.0,-0.9098679335020317,-0.12193617506096599,-0.9098679335020317,-0.7323387083670937,-2.4166376297897534,-1.2510557442585692,-1.8605760890422,-1.5403109716836672,-3.230329436702138,-3.575743694416831,7.787997301717782
CSO-13-8B-FCJISA,0.0,2.3641244364308673,0.0,0.0,-0.5355802007314518,-0.9070144137240831,-0.5355802007314518,-0.33675990972927133,-0.7375728187932062,-0.6080063866927008,-1.8919561194387695,-1.4175441740470711,-0.6645360604277322,-0.3538433548046539,0.7750058338918623
CSO-13-8B-JEMABE,0.0,2.0514437739373945,0.0,0.0,-0.9021871903970587,-1.063393617199128,-0.9021871903970587,-0.7059591299688042,-3.785081214368105,-1.0565649492818496,-1.8892464040082884,-1.3442691085376686,-2.466733048372434,-3.224523745165144,10.0
CSO-13-9B-DMLLLU,0.0,2.593221130725557,0.0,0.0,-0.7733719985542422,-1.0738132671727765,-0.7733719985542422,-0.5470122013689577,-2.227982148680175,-0.8615518578094333,-2.2181745843545606,-1.6902374815244323,-2.7490917324010318,-2.7096135046442997,6.2510675203436845
CSO-14-7A-MVEBE,0.0,1.6796408016170234,0.0,0.0,-0.8651560987859601,-1.1602899446509458,-0.8651560987859601,-0.6048051371106525,-2.047475107561192,-0.9808430204468622,-1.5493792659172196,-0.8620900701915711,-1.887378021861205,-2.315047844379023,6.388264920574798
CSO-14-7B-EALHU,0.0,1.652748461601075,0.0,0.0,-0.7930008114062359,-0.9833338079565976,-0.7930008114062359,-0.5838253773788888,-1.4858502258983863,-0.9366195768651141,-1.4951153115555877,-0.9037210110319759,-1.592125720618644,-1.654614384132939,3.938615023841434
CSO-14-7B-EVEGO,0.0,2.543145431281713,0.0,0.0,-0.6596720225729295,-0.9862760599324453,-0.6596720225729295,-0.48726437418439533,-2.2629941905565896,-0.8054448443756648,-2.1608496153770727,-1.6814742142002461,-1.5217108972175641,-1.524389240627073,3.789053064105359
CSO-14-8A-AQUMA,0.0,2.27926357193917,0.0,0.0,-0.7185281024915109,-1.0844881753776123,-0.7185281024915109,-0.5372422936479864,-0.5296461475867233,-0.8746911636160616,-1.9880495100345748,-1.521270057171685,-0.9724167278093916,-1.415636755063235,5.145415836204427
CSO-14-8A-MCIDOS,0.0,3.2614314963431617,0.0,0.0,-0.5350303753186979,-0.8709402081128337,-0.5350303753186979,-0.39131841811977364,-1.6725672905288658,-0.6619184555137888,-2.425894824574188,-1.8647200469583638,-1.338305194276394,-1.6010984365453607,1.9539445108361118
CSO-14-8A-SZARA,0.0,2.1051309858481004,0.0,0.0,-0.7112525870072104,-1.0926937621883626,-0.7112525870072104,-0.5422990681246506,-2.032010877392156,-0.8676592476772257,-1.8213330862390487,-1.2498512599935359,-1.3122840602207124,-1.6515187210948652,3.814296067457772
CSO-14-8B-JLLORA,0.0,1.9997856023903429,0.0,0.0,-0.8364562055671155,-1.143062800735462,-0.8364562055671155,-0.6894628737481969,-1.996667502518269,-1.104550252582334,-1.8039682500019145,-1.3219484429295556,-1.8184963560370533,-2.286731598529326,6.7299523336942
CSO-14-9A-AEDCAGO,0.0,1.9458197598242875,0.0,0.0,-0.776362723804931,-1.076048410334585,-0.776362723804931,-0.6057301166515602,-1.7381275932142382,-0.9293897739930715,-1.732195471178385,-1.1954099104596234,-1.9033889593997069,-2.090360342356452,7.482827680875985
CSO-14-9A-HASACA,0.0,2.232060071950707,0.0,0.0,-0.6727563166794213,-0.9176588620122327,-0.6727563166794213,-0.5433642534918622,-2.6827620374304457,-0.9028165634657386,-1.9204283753300275,-1.4760246906580767,-2.2231058787986364,-2.1833660128848407,7.556601931294836
CSO-14-9A-JSMAAL,0.0,2.144537070758601,0.0,0.0,-0.8509958624221162,-0.31685893920319647,-0.8509958624221162,-0.6899096283336414,-1.2274430025772383,-1.1003553214011734,-1.9242299771194686,-1.557538941058533,-2.158700463623702,-2.48190471758702,5.752586912918426
CSO-14-9A-MARJA,0.0,1.7904209364563806,0.0,0.0,-0.7602417663317806,-0.6530209806320839,-0.7602417663317806,-0.5807320541956312,-1.4486862296444447,-0.8984102612597858,-1.6000803694918626,-1.1469702372567894,-1.3138212453412117,-1.3061494289358575,3.5256622925344785
CSO-14-9A-SORZU,0.0,2.5964308910819587,0.0,0.0,-0.6904154977266411,-1.0027849142778147,-0.6904154977266411,-0.46178357901891315,-1.295325588888386,-0.8217998618263723,-2.19764232101674,-1.756608336543883,-1.5453252247248748,-1.8088237832269434,4.945563110446645
CSO-14-9B-ERAGA,0.0,1.8705409523413463,0.0,0.0,-0.7996898799120357,-1.0646174682189995,-0.7996898799120357,-0.6164850286457851,-0.19179153051535824,-1.0365274797819017,-1.6916399603069106,-1.1911151025852105,-1.3751148995620233,-1.2377130485619672,5.802139526467166
CSO-14-9B-MFEGA,0.0,2.5268007350032957,0.0,0.0,-0.6422285251880866,0.07226455096512428,-0.6422285251880866,-0.550375078523238,-1.718642202884371,-0.8649406281780522,-2.177493390166179,-1.8897070361086223,-2.2803516750645887,-2.543571441983903,3.753809417713614
CSO-15-10A-LJRAGU,0.0,1.6226248524003226,0.0,0.0,-0.8573192467282706,-0.8693652434512397,-0.8573192467282706,-0.9903647780040945,-2.4693846213094512,-1.6298873557826818,-1.544078775679434,-0.9901606402605179,-1.652149332119643,-2.657232400355807,9.149617554450423
CSO-15-10A-MAARLO,0.0,2.104389591349196,0.0,0.0,-0.8925547350724921,-0.5134764161752259,-0.8925547350724921,-0.7289190441079012,-0.2739181152661182,-1.140980410490556,-1.917814548650848,-1.5633098330481743,-1.1977733791201604,-1.5453992284931874,1.5068733734510107
CSO-15-10A-SFEGA,0.0,2.414198946328416,0.0,0.0,-0.7247882628631682,-1.0288952730889414,-0.7247882628631682,-0.5894176149634818,-2.230213219150542,-0.9317791526004098,-2.1371842097263327,-1.6943074579290875,-2.286155213639235,-2.5151914570424068,8.633709402972556
CSO-15-10B-MEBUAR,0.0,2.403812878126408,0.0,0.0,-0.7923242653877953,-0.7149580765367756,-0.7923242653877953,-0.5457499302021063,0.2387951982715723,-0.9065675141171079,-2.099569329495854,-1.6370941691284373,-1.4028417980506491,-1.4182123131956368,2.117911847319812
CSO-15-10B-YVBUAN,0.0,1.779817555078115,0.0,0.0,-0.8354613078559571,-1.1307406258385055,-0.8354613078559571,-0.6048500356907908,-1.5416863377235712,-0.949421759637163,-1.621530774503934,-0.9622672216752023,-1.9777323140550271,-1.7538680307789218,4.830576479880258
CSO-15-10C-ALBAHO,0.0,2.3341867904303926,0.0,0.0,-0.7831105938075726,-1.0355672291573823,-0.7831105938075726,-0.5522313867850568,-1.1176186911845711,-0.9194298522718114,-2.036982834881059,-1.567746162322262,-2.1135322570819564,-1.9069521675238355,2.857075080690397
CSO-15-10C-SSCAMO,0.0,2.0225478057140065,0.0,0.0,-0.6531950792907846,-0.9908980139777537,-0.6531950792907846,-0.46584211217420185,-1.6063993092659048,-0.7826899298980373,-1.754541205933539,-1.21642976874711,-1.8141723522737143,-1.8192085407989405,2.995659747725028
CSO-15-11C-JETALO,0.0,2.150359691368364,0.0,0.0,-0.699800461156805,-0.7954672951627787,-0.699800461156805,-0.540261070617196,-1.428174662576085,-0.8813939028864414,-1.8687503015372726,-1.3959224539872448,-1.9520612541859772,-1.9506303199550603,4.576045198267985
CSO-15-7B-JCRAGA,0.0,2.1390556989520464,0.0,0.0,-0.7092109004389713,-1.1302643961342724,-0.7092109004389713,-0.5068730498986516,-0.9151922473762162,-0.8651181123536589,-1.8848360693340065,-1.3141427974392332,-1.7168627833361787,-2.0067138035451006,4.057586546205073
CSO-15-8A-VBMABR,0.0,1.7743968305003792,0.0,0.0,-0.8719423669225441,-1.0943360827492734,-0.8719423669225441,-0.7107640301640001,-0.9123313756508372,-1.1771793873036673,-1.6060075337922823,-0.9697930258355042,-1.0868373250514025,-1.2778835028945286,7.13172184602143
CSO-15-8B-KEPOGO,0.0,2.4047304431727894,0.0,0.0,-0.7641613574327414,-1.0560688589123997,-0.7641613574327414,-0.551505682752933,-3.1321423098800603,-0.8924434511935747,-2.096919794705429,-1.6228178546497207,-1.988895580840921,-1.8569655075624798,7.555743500122733
CSO-15-9B-ALRIHE,0.0,2.4772093409808775,0.0,0.0,-0.7207859587341633,-0.7898512006456802,-0.7207859587341633,-0.5167916001707674,-2.277564086399892,-0.8996172446211699,-2.122169313642957,-1.7101376991133332,-2.7210466860375,-2.8235455139430305,8.879397917481695
CSO-15-9B-AMSAGO,0.0,2.4111676514325837,0.0,0.0,-0.7251050903425034,-0.9963730867940725,-0.7251050903425034,-0.5024000290023929,-2.033527643888144,-0.8711011762413156,-2.0860859677505896,-1.5607970374129425,-1.6641877839489976,-2.008834435940581,5.609682078449095
CSO-15-9B-JCAPA,0.0,2.0057386145246694,0.0,0.0,-0.7934290899073293,-0.41409318620801094,-0.7934290899073293,-0.5705170835285406,-2.803285140755872,-0.9594694153591341,-1.7827451599675292,-1.438437065017276,-2.4720400392256905,-2.1129779676694147,7.089764309385489
CSO-15-9B-KSBEJA,0.0,1.8102122315330147,0.0,0.0,-0.8302701713718075,-1.1069141908615714,-0.8302701713718075,-0.6680253841404548,-0.9614874797269283,-1.1077139142164067,-1.6347678320311168,-1.0530620671274222,-0.9615324241693056,-1.2426105079615088,5.759552453345557
CSO-15-9B-RMCHLU,0.0,1.7748531702653494,0.0,0.0,-0.8448889265326859,-0.8022720856525832,-0.8448889265326859,-0.670980501831936,-1.90461538710735,-1.0480218613264776,-1.6130116511791284,-1.0544532431650766,-2.0419970614058336,-1.8072655568584923,4.90709351592703
CSO-15-9B-SJAGRO,0.0,2.7918497974463214,0.0,0.0,-0.6133693140199433,-0.9140705025537811,-0.6133693140199433,-0.45152995192221534,-2.6780733731066793,-0.7384905606588342,-2.381041109112193,-1.906955429861121,-2.166049362719703,-2.4005889972511993,2.96503390842179
CSO-16-10A-JEGAHE,0.0,2.636257831597163,0.0,0.0,-0.6931883141937156,-0.9437365967981264,-0.6931883141937156,-0.5469467770606777,-1.3662125407362624,-0.8495260273370002,-2.280291611408452,-1.871273525793627,-1.3524662534968308,-1.6335593230777623,3.8285191904978526
CSO-16-10A-MSACO,0.0,2.2812558675279733,0.0,0.0,-0.3787516677912243,-0.7676568086223974,-0.3787516677912243,-0.5894374615631701,-3.7653667834377047,-0.7903395721540318,-2.007053775437363,-1.671094314955708,-2.5484408586748866,-2.7584231605609344,7.691884487502117
CSO-16-10A-SARI,0.0,2.190321251322569,0.0,0.0,-0.776896895762411,-1.006030264904958,-0.776896895762411,-0.587075830147622,-1.9834266197149353,-1.0010276609600064,-1.9449139248660066,-1.4627081017169163,-1.7627684363095897,-1.5902635051178897,7.101012088098346
CSO-16-10A-SMOUT,0.0,2.2959472567274637,0.0,0.0,-0.8511116937912138,-1.1544981077963914,-0.8511116937912138,-0.7678504672319332,-2.2005082066867354,-1.121028140836472,-2.0754972492517543,-1.5620433936767502,-1.7030589024983354,-2.5935799108868665,8.692554758944745
CSO-16-10A-YKMUJO,0.0,1.510566881052844,0.0,0.0,-0.9298667164557616,-1.1637622791388582,-0.9298667164557616,-0.7480731987829787,-0.8057126775435699,-1.1821929880823123,-1.4088911281089491,-0.7060850797562442,-1.458545878964056,-1.0966749838202936,6.298812272667686
CSO-16-10B-JESUGU,0.0,1.9417167079611897,0.0,0.0,-0.6741091426779413,-1.012413692558577,-0.6741091426779413,-0.5074098121558464,-1.9506287141522052,-0.82306041423777,-1.7072687906794122,-1.1675308857640398,-2.1561250324943813,-2.2359745177838573,7.059073321811846
CSO-16-10B-LTVIFA,0.0,2.7102275903923876,0.0,0.0,-0.6321658444284218,-0.9440839237316342,-0.6321658444284218,-0.4700430459178413,-2.0044930056879227,-0.749297324191487,-2.241029460193763,-1.7224098765002702,-2.417552647815007,-2.4207735346883363,6.648296561199774
CSO-16-10B-VVILI,0.0,2.1844000988832843,0.0,0.0,-0.8005806738951635,-1.0668880800477893,-0.8005806738951635,-0.603720144167696,-1.5105711831859323,-0.9740632422950601,-1.9482181863315744,-1.4591824009650172,-1.6051998341460385,-1.9374719534211864,4.8340469237084704
CSO-16-10C-ACALGU,0.0,2.283578279679975,0.0,0.0,-0.7290670192162042,-1.012846441571552,-0.7290670192162042,-0.5471986461404966,-1.4379595199930337,-0.9078298837114386,-2.003304420531007,-1.515606139448811,-1.2124069096379964,-1.2616191761350344,4.634519244720173
CSO-16-10C-MAVAVE,0.0,2.229967778331251,0.0,0.0,-0.6575150878247576,-0.6775204607288289,-0.6575150878247576,-0.4521715014573522,-1.9268031138395125,-0.7543710068977904,-1.9179898580480848,-1.4660018792244982,-1.9898759502377794,-1.9332812118997704,3.3264454337603167
CSO-16-11A-JAVABO,0.0,3.0637234477005366,0.0,0.0,-0.5949150177156248,-0.928323985924371,-0.5949150177156248,-0.40103053009267386,-1.480385324321206,-0.7126294661109631,-2.4816472525707747,-1.991014070633944,-1.9149756691960413,-1.6488046559780591,4.210587941907591
CSO-16-11A-JDMUVA,0.0,2.9327715985204152,0.0,0.0,-0.5908376880755294,-0.9285715964735173,-0.5908376880755294,-0.3755108646093521,-1.2196266953325938,-0.6590977212802962,-2.425589321044018,-1.8793586167463043,-1.5253356571580634,-1.6077307725028034,4.456444443529408
CSO-16-11A-VZAOR,0.0,2.4733395627045,0.0,0.0,-0.6776944240810585,-0.9958587592861428,-0.6776944240810585,-0.5242412634101444,-2.277034473072234,-0.8063213318041537,-2.1103345402149274,-1.639917876043686,-1.691524261221322,-1.8514903572461618,4.799901417029143
CSO-16-11B-KRORE,0.0,1.5853421129125875,0.0,0.0,-0.865258143707088,-1.0051560409732139,-0.865258143707088,-0.7469831303099704,-2.4820318568466755,-1.201084585496248,-1.4578452339738812,-0.9147861860776979,-1.8710321095373792,-2.4909411875349,6.889963181036527
CSO-16-11B-LLOZA,0.0,2.212508050163966,0.0,0.0,-0.8186862978087537,-1.0884513046605755,-0.8186862978087537,-0.6061913828904565,-2.5373262994251418,-0.9720878555918162,-1.9447634254532593,-1.4220073089462584,-1.986171978967405,-2.0490320986878063,5.565867459892138
CSO-16-11B-YAROMO,0.0,2.4487901240235543,0.0,0.0,-0.6932369550217748,-0.6851728937867704,-0.6932369550217748,-0.48849475225900807,-2.250237811489421,-0.8108884871564775,-2.0679069657210776,-1.6037301798895245,-2.9453237770733676,-2.7350136855199523,7.785730068161268
CSO-16-9A-JALEMO,0.0,3.0646009902143305,0.0,0.0,-0.635615632635383,-0.9371340978253355,-0.635615632635383,-0.438291942577067,-1.678798416726838,-0.7466599529829762,-2.5552586389136875,-2.126911336064139,-1.4147138005695619,-1.683880836419188,3.4505482382592243
CSO-16-9A-JPROSO,0.0,2.081996514564305,0.0,0.0,-0.7488224202954626,-1.034442363613668,-0.7488224202954626,-0.5707707688130693,-2.2567271082095686,-0.9535891157400704,-1.8475622955870128,-1.370030232621042,-1.8936984778247021,-1.8566315318319775,6.12706431999595
CSO-16-9A-JSMAGU,0.0,2.547636531670685,0.0,0.0,-0.6775309647228278,-0.3318208133731738,-0.6775309647228278,-0.509197017204152,-1.6263097820437558,-0.860822927486271,-2.1514732839948696,-1.7512993552715035,-1.6333079439814644,-1.7864422843773489,5.178370675760562
CSO-16-9B-SJPAJI,0.0,2.198338053189208,0.0,0.0,-0.8944927944091516,-0.469531898960712,-0.8944927944091516,-0.7867456657445236,-1.7359111991940102,-1.1313698585779528,-2.021026053892888,-1.6713350432199223,-2.2031571959543945,-3.515184356658313,6.593156053800549
CSO-17-10A-YVGOCA,0.0,2.096257874311502,0.0,0.0,-0.8972904666913317,-0.0789996110617772,-0.8972904666913317,-0.7106423786420535,-2.1142322446242745,-1.118412646995278,-1.9106391012566122,-1.6115447930245133,-2.6841672184884544,-3.353883992720303,8.449104873117843
CSO-17-10B-EHECO,0.0,2.4610845533987216,0.0,0.0,-0.6807307394141219,-0.8317623816744917,-0.6807307394141219,-0.49400995872755854,-1.261605859232954,-0.7959733649918417,-2.1015133532869226,-1.6874267464064148,-1.4342133991084427,-1.3135184971744518,2.2185037947978548
CSO-17-10B-YCQUVE,0.0,2.0051256918739306,0.0,0.0,-0.7716985978578136,-0.8489141797608363,-0.7716985978578136,-0.5830025183563347,0.12898086283469193,-0.9115820237557526,-1.7846678966749965,-1.3014831854435882,-1.5998466918503091,-1.5182729632935372,2.5114651131859818
CSO-17-11A-DJAPA,0.0,2.157094234411644,0.0,0.0,-0.8286011744458754,-0.8343733837146796,-0.8286011744458754,-0.6526987760698513,-1.491566989798486,-1.0854690060330907,-1.9121506125803902,-1.3990996217098985,-2.1819418634075514,-2.3957160246808966,4.997126539794109
CSO-17-11A-JDAMO,0.0,1.4787860378189546,0.0,0.0,-0.8847810429182131,-1.1454467585085295,-0.8847810429182131,-0.6842746866184983,-0.8838237913552512,-1.1186130554431752,-1.3686537904937672,-0.7354404720464663,-1.6234437932530057,-1.6156983054406673,6.330580895633783
CSO-17-11A-NPAHE,0.0,1.8820124383448587,0.0,0.0,-0.8837046163763664,-1.1111590951011685,-0.8837046163763664,-0.7280438068950779,-3.0763221445948794,-1.1338524743022684,-1.7144525588874684,-1.1359925438950327,-2.138662510594066,-2.3308694484675185,8.424425811582063
CSO-17-11A-RLPAIG,0.0,1.9408550099162356,0.0,0.0,-0.7597585960493108,-1.0977368517583217,-0.7597585960493108,-0.5523134337841079,-3.5854397353011254,-0.8867910548195954,-1.7252176524107496,-1.1782962150061032,-2.3111362650461933,-2.6018198973778084,6.8189623612398655
CSO-17-11A-SPUVA,0.0,2.9351552607892146,0.0,0.0,-0.6471148969460033,-0.9825010587676681,-0.6471148969460033,-0.44610971796570803,-0.7637693247364984,-0.7329910901619606,-2.4046307794697412,-1.9157244909193232,-1.9558674199000272,-1.6418916649655975,2.3201341494533776
CSO-17-11B-CDBEBU,0.0,2.5546584725540575,0.0,0.0,-0.6265834933389759,-0.9296405008102746,-0.6265834933389759,-0.448377182629853,-1.8789752759872245,-0.7762892685240539,-2.1308250659425023,-1.653363213217584,-2.0797156208464727,-2.274040313653623,5.3776130506846656
CSO-17-11C-JDAAG,0.0,2.589373352993872,0.0,0.0,-0.6340555391753463,-0.951942046042062,-0.6340555391753463,-0.44290769530133833,-2.6339035021577155,-0.7508143158465174,-2.171179740931919,-1.686622791604392,-2.2265394254833333,-2.286572627121614,6.017925660944085
CSO-17-11C-MAPAMA,0.0,2.9428676004574,0.0,0.0,-0.6578149145640749,-0.9966785258275203,-0.6578149145640749,-0.4644001318543262,-2.551078446744967,-0.7594253769183524,-2.456215371907374,-1.9511481397690327,-1.9368238234869182,-2.095839632545801,4.22745450287076
CSO-17-11C-MCAAG,0.0,2.464792768792524,0.0,0.0,-0.6307136989049085,-0.7745731918812486,-0.6307136989049085,-0.4389074832884136,-1.4367323746120386,-0.7245930032827427,-2.0782934893855214,-1.6562743435065028,-1.5660783261224656,-1.4961110789324314,2.385037550280223
CSO-17-11C-SARJA,0.0,2.132229359650493,0.0,0.0,-0.6893440942654628,-1.012940775052233,-0.6893440942654628,-0.5168108170935442,-2.646701562844745,-0.8461930278946346,-1.8464795554883373,-1.3205974500756608,-1.797207081029139,-2.0005961715390845,4.588732624663147
CSO-18-11A-ADBAHO,0.0,2.4215164087909984,0.0,0.0,-0.7143050780156578,-0.7708214334518915,-0.7143050780156578,-0.5418725318942545,-2.8550916634980923,-0.8565867734039456,-2.0851139759147603,-1.6743257699131273,-1.9134330391775878,-2.083237013423266,5.975027924799124
CSO-18-11B-YLLRE,0.0,2.1672817381770235,0.0,0.0,-0.837180954570054,-1.063126370272933,-0.837180954570054,-0.65626386275228,-1.3658259642382533,-1.0323136494436482,-1.9589895468320693,-1.4703233477094892,-1.18793193432074,-1.6787839594029976,7.758291729445323
CSO-18-9B-MAMOLO,0.0,1.9926113205735316,0.0,0.0,-0.33811208691253886,-0.4625722508039444,-0.33811208691253886,-0.581639627554935,-3.4142535828408844,-0.8163956866160729,-1.7710907989795284,-1.4790849062109588,-2.204633097083758,-2.4961542270701087,7.836827499363935
CSO-8-3A-AIPRBR,0.0,2.1991083324754377,0.0,0.0,-0.8218662237794888,-1.0737947593902304,-0.8218662237794888,-0.559404107971152,-0.4398356443943519,-0.9641983195858976,-1.9407691834903276,-1.4345472612274468,-1.5976229522704721,-1.5863544801543972,4.353507759324231
CSO-8-3A-DAPAVA,0.0,1.5852272131506553,0.0,0.0,-0.9060853976114248,-0.7037989751206699,-0.9060853976114248,-0.691808312549015,-1.04521204144829,-1.0991921410913081,-1.467804132543742,-0.9409535056232085,-2.2582650621981037,-2.3126757989247317,5.628100799240799
CSO-8-3A-KVPECO,0.0,1.3324564368448342,0.0,0.0,-0.8284081953395213,-1.1059302131095725,-0.8284081953395213,-0.5639001432031475,-1.5687401571060666,-0.9332606955579053,-1.2319918942896362,-0.4868695703523969,-1.5008686926799335,-1.640733609645417,3.15111185221014
CSO-8-4A-ARAGR,0.0,2.0463959715207563,0.0,0.0,-0.7030909819556111,-1.020430478185805,-0.7030909819556111,-0.4998891322770325,-1.15166861932103,-0.8076417275976168,-1.78970297206391,-1.2770964247407013,-1.6035530893845027,-1.5348719802076747,3.2216420167559043
CSO-8-4A-JRAAR,0.0,2.2222921521528365,0.0,0.0,-0.6875306229622039,-1.0931879348877014,-0.6875306229622039,-0.4684958177494719,-1.7737497590260751,-0.7668853890628916,-1.9218871679052683,-1.3553327090410991,-2.281155576173918,-2.3364101727140385,4.792321092278363
CSO-9-2A-EXMOCO,0.0,1.5252584485191754,0.0,0.0,-0.8399083569767847,-0.5401629242447852,-0.8399083569767847,-0.670695005250012,-2.0596802539814107,-1.0787756921652552,-1.3767731381830142,-0.8659888938192634,-1.644940724449554,-1.8616506468690046,4.990025439579941
CSO-9-4A-AGAPE,0.0,3.7876334945392407,0.0,0.0,-0.5423640813900673,-0.8141523424379788,-0.5423640813900673,-0.3385995887898602,-1.7683917976593333,-0.5863869795486855,-3.105263044771015,-2.6162302434666898,-2.2668389613322724,-2.288010634931261,2.7753450170852716
CSO-9-4A-DKVIMO,0.0,1.361703563941516,0.0,0.0,-0.846550914079254,-1.0856307337677211,-0.846550914079254,-0.6759711165575085,-0.5323622093472542,-1.0247630893198676,-1.2632607767095623,-0.579136806288627,-0.9639779395553414,-0.9651662008154334,4.01573310705346
CSO-9-4A-DSMOMU,0.0,2.1632971990542496,0.0,0.0,-0.6032895823595418,-0.9302120667017508,-0.6032895823595418,-0.35701011914672953,-0.8971380466505089,-0.6722249601105761,-1.7704036460387096,-1.232302437829197,-1.3839201872584845,-1.3374688502995609,1.909388845565049
CSO-9-4A-DVGATO,0.0,2.245703627563481,0.0,0.0,-0.705355679808236,-0.9935487300100456,-0.705355679808236,-0.5228865487564625,-1.0594955562665003,-0.8738070197093484,-1.9470235859613183,-1.3963516462946326,-1.548849018858459,-1.422408451179282,3.539247487915044
CSO-9-4A-EGCAMO,0.0,1.6486185054300795,0.0,0.0,-0.8377682831053817,-1.1335893547900657,-0.8377682831053817,-0.6411152317261094,-0.37293369132920856,-1.0591209585660857,-1.484320733238174,-0.8563220851308909,-1.6340772302740907,-1.8846574591995415,4.456072447981794
CSO-9-4A-FAGIGA,0.0,2.166404587873052,0.0,0.0,-0.6347987643993346,0.055382614093601144,-0.6347987643993346,-0.5257154986010918,-1.264681409365154,-0.8311131459079935,-1.878230667418225,-1.6448130259282239,-1.7083041432519315,-1.6839591080985572,3.3361336919515168
CSO-9-4A-GSBRCO,0.0,1.4194995413618874,0.0,0.0,-0.9640722720045511,-1.1819148863911406,-0.9640722720045511,-0.8028006183672042,-0.5461184853679752,-1.2449937750606568,-1.3354813208387564,-0.5837254994158458,-0.31558377715784686,-0.3307444762920315,4.036830689361019
CSO-9-4A-KEMOCO,0.0,1.722789155239472,0.0,0.0,-0.9090019745871013,-0.5495042788324908,-0.9090019745871013,-0.6523707215746529,-1.722544843432734,-1.0633955926250735,-1.5824592425205102,-1.1166765961943999,-1.596792396086616,-1.5477416755047868,6.884296109536838
CSO-9-4A-LCOMO,0.0,1.9842116618179797,0.0,0.0,-0.7424875804588221,1.1319860966162616,-0.7424875804588221,-0.5462612661098691,-0.6000860498091038,-0.8985154622996063,-1.7558260118152027,-1.776756094414393,-1.2032665761562518,-1.0365922126598763,1.2193563747828837
CSO-9-4A-MLORO,0.0,2.265103127411613,0.0,0.0,-0.7003730335010062,-1.0184840447310737,-0.7003730335010062,-0.4600868440862437,-2.3912890236483557,-0.7834236169044041,-1.9675616631719328,-1.4281714218492136,-2.1160442987217936,-2.2051332280054465,3.788868695301963
CSO-9-4A-MPAME,0.0,2.95856998939245,0.0,0.0,-0.5052734224033368,-0.8745220635158291,-0.5052734224033368,-0.37620234437976297,-1.8134101117864019,-0.6074489666943879,-2.4419839108156793,-1.976991609849077,-2.098651525548786,-2.0231940703625817,4.944000257076892
CSO-9-4A-NSARPA,0.0,1.8830848176520634,0.0,0.0,-0.8360064102921637,-0.831878494332163,-0.8360064102921637,-0.6528429583524058,-1.9052533024742366,-1.0316791669236653,-1.707792754989699,-1.2572186413646347,-2.009811980631565,-2.3487409938415533,6.899799450908742
CSO-9-4A-SLOCA,0.0,1.9119055653460126,0.0,0.0,-0.9687031339146488,-1.0990337276730364,-0.9687031339146488,-0.7688771422483521,-3.3495386238232494,-1.1912026016223085,-1.771834934328559,-1.191974411463367,-1.7213225578503966,-2.593153489750855,9.588230800398097
CSO-9-4A-YVDITR,0.0,1.3639894547877403,0.0,0.0,-0.8196157378173055,-1.134287405692928,-0.8196157378173055,-0.6947917679637466,0.2731061962935884,-1.0138582396060014,-1.2533846443185475,-0.6244426091578302,-0.7327992289922758,-0.6995218227303249,0.9394989457166361
